647,304590;1270,295467,0.998207;388,59739,0.897695;489,81444,0.971319;1169,55649,0.639821;1101,85696,0.911652
641,301643;1265,287547,0.997823;302,25267,0.92484;312,38241,0.963764;655,30800,0.762484;613,46178,0.903841
642,302559;1281,289398,0.998976;327,26505,0.91959;355,40832,0.966709;665,31295,0.833035;670,47640,0.895775
664,301207;1266,288624,0.999744;348,25988,0.911908;361,40664,0.970551;619,29121,0.839181;625,47377,0.906786
647,300307;1250,284177,0.999232;355,25216,0.923816;407,37629,0.97452;628,29345,0.846863;630,45797,0.899744
633,297660;1235,280024,0.999104;333,24102,0.909859;380,37580,0.970038;649,28271,0.852753;594,44281,0.891165
639,300183;1221,275913,0.999616;338,25142,0.925224;382,38509,0.97644;623,29564,0.860051;617,46511,0.895519
661,300742;1233,276578,0.999616;343,24648,0.919334;355,38679,0.974136;584,30115,0.84507;607,47989,0.894366
670,301844;1231,275611,0.999744;299,24323,0.920487;357,37254,0.977209;580,29800,0.85685;600,46679,0.914981
656,301307;1233,275170,0.999488;337,24285,0.919206;402,37922,0.973239;646,29581,0.860179;673,47771,0.914981
682,302697;1222,271647,0.998592;414,24326,0.915621;458,38197,0.977721;684,30004,0.871959;695,48383,0.917926
652,298750;1103,273279,0.999616;406,24054,0.930474;367,35756,0.977977;602,28491,0.856722;593,45283,0.909475
612,300509;1220,270714,0.999104;376,23600,0.933163;415,36359,0.978489;608,28442,0.870423;636,45339,0.912164
529,301846;1232,272512,0.999616;363,23905,0.918182;426,37002,0.974648;604,28879,0.867862;639,46572,0.92023
413,302272;1214,271202,0.999616;398,24074,0.937644;430,36770,0.978617;470,29060,0.882971;444,46703,0.913828
638,301349;1232,271939,0.999872;284,23139,0.91895;296,36206,0.981178;436,28674,0.90128;443,44404,0.932778
650,301590;1227,271907,0.999872;258,24033,0.918054;295,37407,0.981434;464,29851,0.886044;453,46493,0.939052
616,298126;1224,272569,0.999104;235,22693,0.922791;264,35640,0.976953;432,28678,0.910883;444,44247,0.928041
606,302181;1239,272205,0.999616;269,23908,0.929706;268,37157,0.966453;408,28709,0.90525;438,45771,0.920102
657,300293;1235,272029,0.99936;239,23032,0.916261;284,36829,0.975544;462,29284,0.909091;451,46225,0.924712
656,302071;1241,270447,0.999616;253,23640,0.929193;277,37318,0.978489;439,30133,0.90589;439,47009,0.927145
650,301122;1251,273227,0.99936;267,24470,0.933163;298,35431,0.953137;424,28724,0.895647;449,44711,0.910627
524,301087;1195,272444,0.998848;272,24215,0.933675;297,37111,0.969654;443,29957,0.893982;471,47972,0.941997
433,300289;964,270990,1;272,23170,0.921127;286,36501,0.982971;442,29132,0.913572;433,45275,0.953393
486,301839;1229,271908,0.999104;267,24536,0.91306;304,38312,0.982202;470,30900,0.923175;486,47065,0.94507
652,301690;1242,270703,1;290,24764,0.930474;307,36912,0.980154;433,28931,0.9137;441,46205,0.934571
621,299537;1228,271457,0.999616;357,23197,0.920871;410,35121,0.979257;568,27908,0.891805;588,43756,0.945327
461,300566;1222,268902,0.999744;327,23511,0.917798;427,35303,0.971831;630,29085,0.889629;462,46657,0.94379
670,300030;1230,271730,1;257,23892,0.918694;295,36727,0.979001;646,30432,0.908707;633,46433,0.94315
642,302642;1196,269544,0.999872;395,24084,0.922535;427,37395,0.981434;617,29708,0.906786;574,48153,0.94904
607,298576;1198,271442,0.999872;364,22668,0.917542;411,35662,0.977081;555,28089,0.906274;446,45557,0.954161
607,302315;1180,272633,0.998335;260,24384,0.934315;287,38061,0.980282;456,30302,0.921383;467,47921,0.951857
614,301242;1198,272222,0.999744;259,23672,0.922023;309,37497,0.980538;456,30186,0.89283;481,47083,0.953393
659,300788;1193,270857,0.999488;364,24146,0.925736;378,36771,0.983611;603,29980,0.892958;631,45256,0.941741
669,301894;1202,271936,0.999488;437,24360,0.924328;446,37632,0.980282;636,30083,0.896927;700,48185,0.951985
674,301774;1190,273979,0.999488;270,23659,0.915877;307,37409,0.979513;598,29811,0.895262;585,48190,0.954417
594,300448;1203,273263,0.99936;244,23420,0.923431;271,37038,0.978361;511,29792,0.897951;514,45750,0.941741
674,299948;1201,272470,1;374,23982,0.922279;408,37455,0.976569;584,29614,0.909603;531,45723,0.954545
660,301356;1201,272714,1;249,24129,0.913188;287,37890,0.978745;542,30073,0.919078;632,47150,0.953649
553,301129;1172,272845,0.999872;360,24581,0.910243;395,37438,0.98105;448,30146,0.924456;525,47405,0.947375
614,301977;1259,273796,0.998464;368,24851,0.912164;284,38869,0.977465;453,31099,0.897951;517,50842,0.952753
544,301286;1304,272065,1;324,23956,0.918182;337,37154,0.973111;633,29835,0.907682;549,46510,0.941101
663,300538;1251,274378,1;256,24423,0.915237;437,37226,0.977977;473,30022,0.923175;621,46590,0.952881
420,300776;1247,274781,0.999872;245,23871,0.916005;264,37631,0.978873;622,29144,0.912932;610,46352,0.958131
651,302491;1232,274164,0.999232;255,24627,0.920871;416,39260,0.97977;656,30638,0.919718;686,49759,0.953521
664,301321;1224,273610,0.998976;350,23994,0.911396;415,38225,0.980026;646,29906,0.908323;601,47622,0.942638
451,300200;1217,272540,0.999232;267,24109,0.912932;274,37902,0.979898;472,29516,0.912548;628,48041,0.956338
504,300521;1104,270229,0.999872;236,24476,0.92548;308,37325,0.982202;581,29655,0.916773;629,47834,0.958259
654,302246;1091,271787,0.999744;244,24004,0.931242;352,37787,0.982586;409,30530,0.923816;564,47873,0.960563
625,299340;1092,273130,0.999616;262,23244,0.921127;309,36282,0.978617;471,29352,0.914725;628,46160,0.949552
567,301569;1078,268876,1;292,23886,0.933931;355,37358,0.982971;599,28876,0.921255;599,47669,0.952497
593,300778;1093,270033,0.999872;413,23684,0.933291;429,36376,0.98041;465,29814,0.922663;430,45939,0.957746
470,301044;1140,271992,0.999616;250,23252,0.936876;264,36038,0.97516;403,29601,0.926761;516,46537,0.959923
413,301556;1180,269110,0.999744;327,24134,0.928041;373,37249,0.976569;573,30561,0.918822;433,47567,0.946351
662,299016;1193,270961,0.999744;325,23018,0.92484;362,35482,0.980922;405,29222,0.911524;440,43521,0.953777
658,300970;1192,271093,1;258,23520,0.909603;342,37257,0.982202;575,29705,0.887324;614,46633,0.951857
653,300051;1178,270460,0.999872;311,23217,0.908835;394,36377,0.982202;550,28975,0.918566;495,45588,0.956466
534,299015;1187,271094,0.999872;242,24110,0.927657;256,36324,0.98169;399,29689,0.933163;409,46061,0.955826
487,298622;1099,270975,0.999616;230,23346,0.933291;262,36030,0.979001;458,28135,0.924584;565,45120,0.958387
517,299552;1092,270825,0.999616;243,22851,0.923816;260,36613,0.979001;542,28755,0.914213;519,46253,0.959411
589,296606;1106,272839,0.999488;311,22784,0.908195;351,35285,0.98105;531,28093,0.914213;529,44405,0.945327
573,298602;1134,273714,0.999104;280,23525,0.922663;335,36656,0.976312;544,28454,0.934955;556,44443,0.95493
626,297337;1119,271887,0.998976;320,22558,0.916773;261,35325,0.98169;411,29101,0.923816;403,45106,0.945711
563,297141;1125,271107,0.999104;299,23619,0.93662;250,35935,0.980154;479,28429,0.919718;430,43382,0.95557
593,298819;1121,271139,0.999872;224,23601,0.925096;235,35558,0.977081;389,29033,0.916389;379,44410,0.946607
511,291750;1111,273982,0.999232;214,21131,0.901921;232,32956,0.974392;411,27055,0.916645;541,42258,0.954161
411,293901;1113,272291,0.999872;249,22271,0.918438;237,33752,0.973624;343,26653,0.918438;396,40857,0.958515
612,291654;1107,272336,0.999488;227,21502,0.911908;330,33097,0.961844;405,25749,0.893342;393,40626,0.939181
489,294491;1169,272261,0.999104;320,22069,0.901408;341,35038,0.971703;374,27799,0.895006;365,42390,0.928809
580,289962;1239,274037,0.99936;206,21347,0.888604;229,32836,0.967222;337,25814,0.894494;361,39231,0.942894
585,288296;1156,275153,0.999744;232,21223,0.890653;223,32422,0.964789;479,26151,0.901793;506,40975,0.95557
599,287319;1116,275862,0.999744;231,21682,0.891165;235,32652,0.96799;349,24937,0.89283;460,38092,0.939052
435,280926;1229,276906,0.999744;234,20542,0.881818;214,31614,0.948143;296,23801,0.862356;335,34794,0.922151
551,283298;1245,277569,0.99936;316,21058,0.888092;332,31236,0.961844;421,23325,0.865941;437,36640,0.920102
484,274365;1228,275135,0.999744;292,19347,0.860819;334,30170,0.959027;402,22379,0.85621;426,34106,0.915109
524,267312;1161,278454,0.998848;307,19039,0.861204;256,28320,0.958643;256,20377,0.854545;361,31961,0.931114
425,254589;1133,278351,0.998976;264,17965,0.854033;288,26544,0.94443;335,19227,0.842382;359,29343,0.926889
507,250697;1225,278839,0.99936;259,17285,0.805762;248,26563,0.946351;249,19852,0.806786;245,29445,0.921127
469,244722;1135,279203,0.999616;202,17760,0.80653;194,25552,0.947247;235,18724,0.818054;234,26891,0.910499
444,220383;1237,281019,0.998976;172,16906,0.823688;171,24074,0.93662;206,16927,0.78822;215,25869,0.917029
397,216955;919,281315,0.999488;164,15880,0.81114;172,22392,0.938412;189,15396,0.772855;184,22717,0.903329
399,197197;1052,282576,0.999104;161,14256,0.793854;159,20744,0.936108;164,14015,0.756082;157,19909,0.890141
333,185266;1123,282407,0.998207;152,13720,0.787068;214,19627,0.934827;197,12283,0.75493;221,19204,0.894238
326,163151;1133,287518,0.997951;209,10977,0.789245;187,15613,0.897055;179,10708,0.726761;177,15431,0.898335
264,126993;1138,287936,0.997695;158,8313,0.76799;149,12634,0.912676;110,7281,0.707682;126,11991,0.883995
218,105868;1141,291386,0.998848;150,6312,0.746735;133,9753,0.920743;102,6383,0.692958;95,8570,0.877977
98,66166;1116,291242,0.998335;106,2995,0.73137;86,5241,0.913956;56,3914,0.695775;37,5124,0.881178
83,42172;1117,292438,0.998592;64,1843,0.727913;55,3626,0.916773;25,2490,0.684379;27,3705,0.879385
43,32565;1024,294044,0.998592;54,1109,0.740333;37,1611,0.915877;14,1461,0.685019;14,1998,0.876953
56,25130;1081,294714,0.998464;62,830,0.741357;47,1337,0.916133;14,1016,0.681818;14,1364,0.877721
33,16109;1135,295672,0.998079;52,587,0.741101;50,974,0.916389;11,795,0.676825;11,1148,0.874008
