246,304590;342,95779,0.992318;236,52500,0.93265;259,67833,0.984891;337,54813,0.945967;346,62056,0.973111
235,286993;332,92885,0.990781;131,20161,0.929065;153,29106,0.974904;162,22589,0.897567;174,27054,0.9242
247,287938;346,93786,0.990781;134,20104,0.929321;168,29736,0.967734;174,23431,0.88886;179,27342,0.916517
242,286095;333,91723,0.993854;136,20178,0.923431;163,29346,0.970551;176,23798,0.879385;179,27136,0.901152
239,280159;334,91772,0.98694;148,19093,0.922407;158,27612,0.971063;165,22158,0.88169;172,25817,0.889373
222,282784;332,91289,0.990013;179,19767,0.912676;166,28637,0.969526;167,22943,0.885019;160,25581,0.901921
222,281101;334,90940,0.991805;172,19916,0.904225;170,28678,0.970294;170,22373,0.884251;179,26379,0.915749
240,277081;330,88845,0.982843;147,19243,0.903713;168,27772,0.971831;167,21735,0.903969;168,24230,0.910115
228,285906;327,88884,0.991549;156,19930,0.922407;176,28864,0.975416;168,22294,0.885787;171,24662,0.903969
224,280292;328,88624,0.984891;151,19179,0.922663;203,27406,0.975672;163,21733,0.89219;167,24350,0.915749
246,283403;330,89009,0.993598;146,19880,0.921127;161,28045,0.972599;163,22458,0.89936;170,25428,0.903201
242,278716;329,89205,0.989501;156,18169,0.927529;166,27033,0.975928;164,21628,0.907554;164,23615,0.929321
238,277822;334,87602,0.997695;155,19012,0.945967;171,27265,0.985659;160,20817,0.8758;167,23297,0.914213
243,281280;324,87363,0.989757;152,19102,0.933931;167,27397,0.983099;165,21881,0.896031;163,24047,0.932907
252,291011;328,87579,0.985915;148,20066,0.920102;173,29064,0.975672;171,23311,0.902177;176,25809,0.927785
250,285683;327,86776,0.985915;180,19444,0.929065;162,27170,0.97977;167,22551,0.908323;172,24360,0.923175
246,282548;327,87074,0.996927;148,19322,0.934443;161,27203,0.970551;163,21807,0.901665;178,25008,0.923688
236,275412;341,88425,0.991293;150,18124,0.934187;164,25562,0.976184;155,20715,0.90064;163,23316,0.92548
244,284571;329,87914,0.99283;141,18879,0.922663;157,27284,0.977209;154,21325,0.898848;166,23649,0.914725
243,282573;329,86750,0.994366;156,18749,0.902945;163,26534,0.980794;178,21250,0.891421;169,24215,0.9137
243,282728;329,87615,0.995391;144,17875,0.917029;164,26065,0.969526;158,20890,0.901921;161,23654,0.929577
243,284544;325,87762,0.996671;140,18220,0.924712;164,27099,0.975416;169,21066,0.910371;169,24229,0.933931
244,282609;337,88281,0.993854;170,18869,0.93598;163,26796,0.972343;155,20657,0.909859;162,22990,0.91831
233,279950;329,87532,0.994366;137,17891,0.929321;159,25867,0.974648;153,21163,0.904994;152,23119,0.929321
248,285912;327,87143,0.988476;169,18942,0.927273;180,26755,0.974904;158,21474,0.921639;169,23731,0.928553
247,286681;332,88727,0.985659;152,19323,0.927273;178,28010,0.972599;166,22092,0.911396;172,24277,0.937004
236,283190;321,87307,0.990525;161,18941,0.930602;171,27157,0.97388;158,21509,0.902689;165,23821,0.931626
242,281483;337,88527,0.987708;148,18713,0.926504;165,26589,0.980026;154,20835,0.920359;160,22992,0.933419
247,285971;333,89317,0.986428;154,19107,0.929577;170,27618,0.973624;168,21930,0.922919;178,25690,0.937772
248,284975;327,88279,0.993598;154,18713,0.920359;171,27393,0.96927;158,21472,0.903457;164,23718,0.917798
231,281878;331,88950,0.98822;181,18841,0.935211;207,26319,0.97516;189,20827,0.892446;195,23192,0.924456
248,286865;325,87945,0.986172;197,19405,0.921127;208,26447,0.974136;157,20556,0.88886;187,24381,0.933419
242,279747;335,88406,0.991293;168,18015,0.914725;188,26300,0.977977;169,20696,0.89347;173,23379,0.933419
244,280353;331,88587,0.993598;152,18381,0.916261;174,26398,0.97388;174,21807,0.90781;178,23777,0.935723
243,282149;334,89535,0.99411;152,18212,0.909347;171,26285,0.970294;158,20437,0.899616;158,22816,0.918566
269,286830;326,87870,0.997183;156,19275,0.930602;168,26765,0.973111;153,21118,0.9137;163,23681,0.930346
249,281890;317,88162,0.990269;141,17785,0.905762;159,25147,0.968758;140,20645,0.91831;163,22188,0.927785
252,286288;332,87400,0.989757;163,18825,0.908835;165,26507,0.963124;143,20851,0.893982;171,24476,0.925224
250,284701;330,88692,0.991293;140,18878,0.928297;174,26744,0.969782;167,21274,0.903457;167,23917,0.915237
247,287385;322,87867,0.995134;147,18666,0.898079;166,27314,0.979513;155,21434,0.882202;163,24440,0.928041
238,276112;335,89862,0.997439;148,17511,0.903969;155,25340,0.971575;150,20106,0.91242;155,22791,0.933163
243,284362;334,89977,0.994622;139,18481,0.922919;167,26717,0.974648;157,21011,0.914213;166,23790,0.910371
249,287724;333,89030,0.991549;177,18125,0.909347;174,26935,0.980282;161,21051,0.898848;164,23816,0.918822
245,287040;330,88534,0.989245;147,19140,0.908323;168,27859,0.974904;161,21461,0.896287;168,24203,0.929321
247,285310;328,87915,0.987452;152,19513,0.919334;172,26811,0.969782;170,22176,0.904738;177,24891,0.928553
242,278616;325,87039,0.990525;160,17989,0.923944;164,26406,0.964149;154,20752,0.894238;155,22975,0.913444
246,284738;323,87079,0.989501;150,18821,0.912676;167,26747,0.969782;156,21661,0.915493;154,23302,0.926761
164,286223;331,88732,0.984891;150,18589,0.924456;160,26562,0.953905;155,20778,0.891933;161,23217,0.902945
238,273013;324,87936,0.985915;138,17292,0.91242;154,25944,0.968246;146,20208,0.915237;155,22569,0.922663
246,281909;325,87075,0.990269;157,18595,0.928297;171,27518,0.981818;165,22279,0.917542;162,23584,0.93598
245,281028;323,87318,0.985659;153,18249,0.914469;152,25204,0.978745;159,20748,0.901921;163,23185,0.933419
252,280179;329,86958,0.99411;157,17628,0.923175;175,25533,0.981306;156,20686,0.900896;155,22832,0.939565
249,283326;334,88709,0.991549;155,18282,0.936492;161,26163,0.972087;153,20778,0.909091;157,22759,0.921895
264,287970;328,87992,0.988988;139,18415,0.926761;184,27422,0.974648;179,22296,0.897567;172,24110,0.909603
172,281508;329,88383,0.989757;144,17235,0.916773;159,25312,0.972599;149,20061,0.903457;161,22897,0.928041
185,284020;329,88027,0.985147;140,18563,0.915749;162,25896,0.963892;146,20269,0.903457;154,23158,0.939309
161,282957;335,89239,0.989757;130,17962,0.917029;158,26089,0.972343;161,21226,0.908579;161,23192,0.910371
163,282354;325,87198,0.992061;138,18082,0.931114;157,25989,0.972343;153,20928,0.917029;160,23611,0.923431
161,282585;327,88167,0.983867;146,17890,0.956978;159,26077,0.984123;149,20407,0.91114;154,23213,0.939052
162,284743;333,87604,0.989757;143,18067,0.909859;164,27042,0.984123;165,22171,0.916005;163,23940,0.930346
210,287187;330,87524,0.992574;147,18911,0.922919;167,27196,0.97977;154,20964,0.908579;174,23236,0.916517
242,279562;330,87576,0.992061;144,18214,0.931882;168,26506,0.980538;166,21356,0.920359;162,23256,0.934699
183,286646;320,86857,0.990269;153,18942,0.931626;170,26962,0.977465;158,21483,0.89475;160,24172,0.929577
249,292374;328,87195,0.986684;165,20408,0.943918;179,28280,0.982843;174,22052,0.910883;181,25062,0.9242
242,278229;328,87210,0.986428;161,18191,0.934443;158,25877,0.976697;151,20577,0.922663;151,22508,0.924712
248,284960;328,87568,0.996415;167,18402,0.931626;168,27238,0.97977;169,22045,0.932394;157,23402,0.927273
251,287054;327,87423,0.987452;154,19061,0.929577;171,27996,0.974904;159,21618,0.90064;167,24053,0.921127
248,283566;325,87393,0.988988;159,18213,0.916517;183,26423,0.97644;155,20615,0.881178;170,23625,0.936236
246,279534;329,87063,0.984635;150,18202,0.929834;160,26026,0.963892;152,20786,0.907298;154,22148,0.912164
251,286517;326,86879,0.991037;150,18845,0.941869;193,27996,0.982843;167,22455,0.930602;164,23764,0.904738
252,285945;329,87870,0.995903;150,19011,0.95032;196,26645,0.983867;158,21353,0.921895;163,23381,0.924712
250,284509;326,86990,0.982843;153,18414,0.93854;153,25950,0.974136;172,21639,0.9242;170,24254,0.938028
245,278221;327,87060,0.998464;147,17585,0.924968;155,25143,0.973111;142,19457,0.899104;155,22541,0.939821
252,287594;324,87355,0.996159;160,18502,0.913956;167,27416,0.97644;161,21769,0.913444;158,22998,0.935467
201,287964;319,85810,0.986172;181,19724,0.925224;164,27147,0.970294;161,21818,0.917542;180,24184,0.913188
247,282140;317,85950,0.990013;149,18649,0.922919;180,26579,0.981562;154,20996,0.93265;147,22761,0.92548
247,282168;330,87743,0.994878;150,17973,0.916517;169,25796,0.983099;147,20357,0.918054;152,22267,0.926761
250,283821;327,87979,0.992318;156,18589,0.927017;161,26788,0.97644;157,21525,0.925736;159,23205,0.927273
246,280387;329,87504,0.989501;137,17838,0.920102;157,25579,0.966197;152,20721,0.928553;152,22626,0.943406
248,284744;322,87193,0.982074;147,18627,0.945967;160,25534,0.974392;152,20729,0.901921;165,23618,0.915237
247,283301;322,86209,0.990781;141,17781,0.917798;159,25335,0.9621;152,20804,0.903457;163,24061,0.934187
166,287757;320,86020,0.992061;150,18288,0.919078;174,26710,0.965685;153,21622,0.904994;180,24525,0.938028
164,284562;323,86670,0.987708;141,18370,0.93137;160,26462,0.983099;151,20605,0.913956;158,22978,0.927017
169,293483;319,85939,0.990269;169,19680,0.94315;164,28192,0.977721;163,22800,0.927273;167,24564,0.927017
167,288835;325,86681,0.991037;163,19203,0.935211;152,27021,0.986684;153,22064,0.913956;163,24612,0.929065
165,285176;328,87053,0.995903;158,17680,0.919846;166,26681,0.965685;156,22220,0.940845;159,23601,0.937516
166,286300;320,86463,0.993086;146,18016,0.901921;168,26533,0.975928;156,21103,0.912932;160,23254,0.943918
164,284575;320,85645,0.985147;151,18179,0.918566;169,26311,0.972855;156,20956,0.90781;154,23172,0.929577
230,281472;325,86500,0.99411;155,18240,0.925736;152,25635,0.978489;150,20293,0.9242;158,22952,0.918054
248,279761;326,86763,0.991805;136,17447,0.915493;161,24840,0.98233;149,20694,0.90653;149,21921,0.940077
258,283736;327,87439,0.99283;142,18269,0.933419;177,26872,0.983355;164,21727,0.935723;161,23803,0.944686
164,284627;327,87579,0.995647;157,18850,0.943662;177,26288,0.980026;159,21280,0.931626;166,23106,0.93009
164,282319;320,86688,0.986172;163,18615,0.93265;166,26544,0.984379;156,21053,0.92548;165,24205,0.943662
166,285348;328,87403,0.986428;136,18197,0.930346;163,25929,0.975928;171,20885,0.918054;160,23504,0.934187
162,281554;324,85876,0.984123;143,17624,0.923688;159,25205,0.973367;152,20701,0.9242;158,22498,0.93137
159,275941;322,86907,0.99411;142,17603,0.923688;156,25624,0.980282;149,20453,0.914213;159,23434,0.93854
166,287554;330,88399,0.99411;135,18707,0.93265;164,26609,0.976184;157,21957,0.93009;162,24403,0.953905
163,282332;322,86715,0.98694;151,18669,0.920871;164,25889,0.97644;155,20548,0.928297;155,22509,0.951088
165,283408;331,87853,0.995903;165,18770,0.939052;160,25751,0.979513;148,20621,0.89475;156,23101,0.940077
183,276362;319,85237,0.994366;130,16643,0.915493;160,24505,0.979001;140,19411,0.894494;145,21298,0.927785
162,279827;328,86735,0.990781;135,18177,0.926761;177,25243,0.972087;150,20228,0.906018;183,22404,0.923944
165,284757;322,86068,0.990269;167,18066,0.925736;157,25631,0.958259;160,21541,0.902945;154,22829,0.91831
211,286142;330,88082,0.992061;145,18631,0.948015;161,26093,0.972855;149,20706,0.91831;155,23199,0.925736
246,277513;325,86684,0.985659;129,16715,0.933675;151,24521,0.969526;151,20330,0.91242;149,21183,0.934443
247,282100;324,86617,0.987964;158,17630,0.925736;169,25267,0.965685;168,20806,0.92548;203,22551,0.930858
240,280874;320,86521,0.994366;187,17779,0.917286;199,25649,0.972343;180,19885,0.90064;181,21191,0.9137
253,283349;325,86597,0.993086;156,17998,0.935467;184,25749,0.968758;178,21120,0.911396;158,22605,0.922407
248,278448;332,86591,0.993342;146,17661,0.927017;180,25404,0.971575;147,19765,0.914213;149,21793,0.937516
253,285759;325,87715,0.989757;139,18014,0.928297;159,26171,0.97516;152,21080,0.921383;169,23666,0.934699
246,277720;322,86550,0.996927;146,17419,0.920359;157,25384,0.984635;150,20412,0.936748;154,22374,0.938796
246,283389;322,86666,0.99283;161,18650,0.931114;170,26237,0.98105;153,20380,0.904481;152,21982,0.923175
254,286450;329,87240,0.993854;133,17963,0.916773;108,25468,0.971831;153,20771,0.902177;167,22960,0.929577
254,286098;324,86949,0.989501;143,17987,0.920615;152,25764,0.972343;148,21260,0.897055;153,23304,0.924712
263,281283;326,87241,0.994366;146,17504,0.904738;171,25265,0.959027;145,19956,0.904994;153,22382,0.920359
247,281219;324,85945,0.988988;138,17378,0.906786;159,25354,0.970294;141,19737,0.901921;140,21333,0.934187
249,284157;326,86593,0.978233;151,17830,0.925736;161,25373,0.972087;152,20129,0.933931;174,21459,0.919846
252,283401;323,86892,0.995647;141,17718,0.933675;161,25171,0.977977;139,19328,0.884763;151,22207,0.912164
252,287166;301,87113,0.990269;144,17789,0.927273;159,24997,0.964661;147,20398,0.889117;149,22558,0.920615
248,285148;296,86136,0.985659;153,18263,0.922919;161,26563,0.973624;157,21173,0.927529;157,22730,0.931114
160,279530;299,87588,0.990269;141,17003,0.913444;156,25189,0.977977;146,19616,0.899616;148,21151,0.9137
255,287966;302,85394,0.991293;142,18295,0.919846;165,26195,0.977721;163,21850,0.911908;170,22791,0.916517
205,286093;301,86828,0.994878;152,18528,0.938028;163,26097,0.978489;157,21226,0.929834;159,23111,0.953905
164,284548;322,85771,0.987196;140,17657,0.917286;160,26015,0.965685;144,19893,0.9137;147,21668,0.93009
163,282098;318,85967,0.984635;142,17963,0.932907;159,25372,0.968502;158,21282,0.909091;149,22166,0.927017
163,282363;323,86441,0.989501;139,17463,0.931114;161,24652,0.974904;130,20208,0.911908;155,22116,0.937004
162,281509;322,86051,0.987708;154,18070,0.936748;172,25716,0.976953;144,19445,0.900896;154,22368,0.933675
239,281296;322,86575,0.986172;146,17836,0.934443;159,24887,0.975928;146,19693,0.916517;148,22450,0.925736
246,279128;319,86189,0.978745;157,17414,0.921639;164,24389,0.972855;141,19207,0.898079;147,21268,0.924968
250,276354;320,85872,0.990525;134,17188,0.898335;155,24976,0.97516;144,19635,0.909091;147,21754,0.940333
245,285528;319,85767,0.998464;151,18394,0.93265;167,25802,0.985659;149,20435,0.917798;188,22877,0.94315
244,277547;316,84851,0.985659;179,16715,0.934443;146,23929,0.949296;143,19441,0.93854;148,21463,0.946479
237,278456;320,86486,0.984379;133,16988,0.913188;172,25077,0.960051;140,19457,0.907298;144,20814,0.929834
229,278889;325,86653,0.990525;142,17113,0.887068;158,25183,0.981562;143,19192,0.903713;152,22121,0.936748
244,276630;321,85916,0.994366;140,16955,0.907554;160,24126,0.978233;142,19711,0.90781;146,21343,0.926761
245,276631;325,86981,0.988476;136,16571,0.906018;155,24004,0.971575;143,18997,0.90781;163,21548,0.940589
255,288838;320,86428,0.984379;153,18751,0.931114;170,26723,0.982843;152,20501,0.936236;186,23205,0.939052
248,277963;316,85331,0.987708;139,16610,0.928809;160,23615,0.977465;141,18828,0.934955;145,21042,0.940077
243,277802;325,86412,0.989501;154,16961,0.913188;147,23499,0.958003;133,18705,0.914725;144,21051,0.941613
245,283768;316,84905,0.992318;146,17658,0.920615;161,25926,0.97388;150,20295,0.909347;152,22141,0.916773
243,273519;322,85977,0.98694;136,16323,0.89347;158,24046,0.979513;116,18953,0.894238;143,21178,0.939052
251,282353;334,86177,0.987964;142,17307,0.889885;165,24462,0.973367;149,19921,0.91114;169,22176,0.950576
214,269503;331,87165,0.995647;142,16896,0.913956;148,23800,0.971575;137,18364,0.912932;133,19577,0.921383
163,277569;320,85970,0.992061;129,16259,0.898335;149,23490,0.958515;137,19066,0.90525;150,21673,0.931626
239,268134;316,85236,0.990781;132,16482,0.93009;144,22864,0.977209;132,18264,0.909603;133,19707,0.928297
248,278673;327,86880,0.994622;133,16503,0.904481;145,23563,0.970038;142,19370,0.923688;150,21783,0.953649
245,276846;330,87005,0.989757;135,16973,0.910371;154,24231,0.965941;140,19608,0.914725;146,21504,0.940333
247,276372;330,88884,0.990013;146,16521,0.9137;147,23679,0.966709;117,18725,0.923175;132,20601,0.925992
239,270477;321,87208,0.993598;128,16770,0.909859;138,23631,0.979001;138,19337,0.920102;141,21271,0.94443
223,268859;323,87025,0.981306;131,16700,0.899872;150,22748,0.95032;110,17771,0.91114;120,19964,0.92548
245,274298;329,87844,0.985915;133,17320,0.920615;166,24711,0.974136;151,19353,0.908579;142,20841,0.933675
240,268726;326,88292,0.99283;137,16755,0.930602;171,23936,0.97977;137,18513,0.902177;138,20378,0.951344
213,261212;329,88799,0.984891;126,16264,0.925224;142,23206,0.981306;132,17605,0.911396;130,19585,0.941101
245,274722;332,89295,0.987708;131,16602,0.887836;152,24099,0.987196;140,19335,0.921383;140,20637,0.915237
199,271338;360,89757,0.983867;132,16742,0.903713;153,24401,0.971831;136,18536,0.920871;146,21109,0.933931
203,251508;336,88750,0.98233;128,14934,0.87452;145,21307,0.974648;120,16802,0.916261;124,19172,0.940333
211,263424;330,88427,0.985147;125,16368,0.878873;137,22556,0.972599;129,18195,0.917286;132,20118,0.938028
143,249315;324,88182,0.986428;138,14875,0.90064;134,20423,0.970807;121,16427,0.917029;116,17485,0.94904
147,252874;331,90021,0.989245;138,15446,0.882971;147,22643,0.965941;126,17533,0.927529;125,18920,0.945967
222,252547;321,88827,0.985915;128,14818,0.872215;135,21285,0.958259;115,16248,0.898335;121,18264,0.94904
223,250291;334,90816,0.986428;113,14576,0.894238;129,20973,0.959283;132,16409,0.918566;115,17859,0.937516
173,239569;329,90010,0.989757;111,13937,0.893726;118,19815,0.964661;112,15176,0.898592;101,17530,0.953137
219,246271;325,89196,0.990781;110,14212,0.890141;146,20399,0.967222;111,15611,0.891677;112,17725,0.951857
198,226046;341,92407,0.989245;105,12528,0.884763;114,18230,0.958003;94,13386,0.868118;102,15672,0.951088
203,229570;327,89442,0.988476;104,12944,0.890653;122,19014,0.9621;120,13986,0.886044;109,16101,0.940845
127,218785;338,92373,0.991037;116,12288,0.872471;118,17730,0.961332;103,14128,0.904481;103,15608,0.952369
121,202776;319,92182,0.98822;109,11308,0.866069;101,15440,0.948271;105,12342,0.900896;87,14069,0.940589
122,205802;335,92423,0.993342;88,11001,0.862996;105,16059,0.956978;85,12043,0.873496;95,14571,0.951857
153,175861;329,91326,0.988988;79,8253,0.846351;89,12325,0.94904;54,9887,0.879385;70,11471,0.936748
131,150832;340,93125,0.980282;73,7748,0.870166;77,10391,0.952881;58,8736,0.881946;58,9411,0.935467
114,131396;339,93761,0.98694;68,6293,0.85685;67,9075,0.94443;48,7158,0.871703;52,8442,0.937772
118,136004;345,95499,0.990781;63,6325,0.861716;69,9604,0.929577;52,7447,0.863252;53,8711,0.938796
89,103190;342,95354,0.996159;43,3642,0.850192;49,5847,0.93137;31,4524,0.855314;35,5913,0.939309
59,68904;340,94642,0.984635;48,2766,0.844046;39,4221,0.948015;18,2785,0.876312;25,4150,0.941869
55,64029;344,94773,0.986684;38,2636,0.848656;48,4508,0.941101;25,3706,0.876825;26,4373,0.934443
43,49921;339,94306,0.994622;45,1764,0.851729;22,2648,0.945455;11,2438,0.874008;15,2731,0.938796
15,25926;340,94616,0.991293;23,1022,0.853009;27,1502,0.944686;7,1146,0.868374;8,1416,0.937516
15,27368;335,94311,0.991037;21,924,0.851216;22,1217,0.944942;8,1116,0.871959;8,1440,0.937004
10,10792;346,95047,0.986428;28,374,0.853009;16,523,0.945967;3,508,0.870679;4,704,0.936492
2,1564;345,95186,0.993854;13,116,0.852753;22,157,0.945967;1,166,0.874008;1,84,0.936492
1,784;341,94469,0.991293;16,64,0.852753;14,58,0.945967;0,37,0.87452;1,41,0.936748
3,3103;344,96257,0.987196;17,139,0.852753;11,146,0.945967;2,286,0.872471;2,319,0.936492
