369,22155;388,21032,0.992417;163,9161,0.88436;187,13712,0.956398;159,10394,0.875829;188,12948,0.974408
308,19750;392,20500,0.987678;68,3696,0.919431;104,5798,0.959242;86,4423,0.890047;112,5576,0.936493
332,20986;379,19493,0.989573;81,4228,0.938389;123,6670,0.961137;103,4990,0.891943;118,6187,0.924171
315,19916;370,18935,0.991469;68,3479,0.908057;109,6066,0.961137;74,4787,0.865403;103,6152,0.909953
325,19478;365,18838,0.974408;53,3560,0.901422;80,5713,0.933649;70,4599,0.879621;75,5257,0.886256
342,20228;360,18468,0.985782;60,4199,0.909953;98,7024,0.972512;72,4744,0.861611;83,5727,0.894787
342,20051;365,18776,0.991469;58,3834,0.908057;84,5932,0.966825;66,4298,0.841706;79,5432,0.908057
325,20623;348,17910,0.994313;57,3922,0.934597;87,6224,0.972512;71,4679,0.837915;82,5599,0.907109
340,19944;342,17518,0.981043;51,3580,0.945024;84,5987,0.981991;66,4297,0.821801;80,5506,0.8891
360,20820;350,17676,0.997156;64,3641,0.883412;120,6319,0.964929;100,4802,0.87109;116,5844,0.899526
353,20531;359,18225,0.993365;76,3723,0.854028;117,6144,0.977251;87,4262,0.885308;99,4952,0.8891
349,20347;347,17660,0.998104;77,3774,0.90237;114,5973,0.96019;88,4361,0.8891;100,5461,0.924171
351,20517;353,17983,0.972512;71,3582,0.935545;118,6114,0.948815;72,4550,0.885308;74,4981,0.903318
270,18917;352,17866,0.998104;43,2911,0.892891;68,4683,0.962085;54,3497,0.887204;58,4046,0.914692
336,19146;344,17513,0.996209;47,3214,0.892891;73,5124,0.967773;56,3689,0.859716;66,4552,0.89763
357,20768;358,18453,0.989573;50,3450,0.906161;70,4947,0.966825;61,3995,0.887204;70,4820,0.920379
357,20587;353,18312,0.992417;46,3111,0.912796;66,4615,0.953555;57,3800,0.834123;66,4535,0.907109
358,21015;363,18427,0.994313;43,2920,0.918483;68,4743,0.914692;63,4075,0.83981;75,4922,0.89763
342,19630;370,19255,0.996209;58,2945,0.904265;87,4598,0.909953;71,3499,0.883412;80,4144,0.919431
355,20532;363,18863,0.993365;59,2932,0.872038;86,4506,0.948815;71,3504,0.8891;82,4608,0.94218
308,18576;387,19704,0.985782;50,2426,0.823697;68,3805,0.936493;61,3016,0.892891;71,3622,0.903318
331,19255;378,19888,0.983886;52,2783,0.859716;73,3753,0.933649;57,2798,0.864455;77,3962,0.939336
362,20750;392,20149,0.976303;57,2910,0.883412;78,4135,0.930806;62,3295,0.800948;64,4415,0.930806
311,18325;387,20119,0.982938;42,2133,0.853081;49,3477,0.935545;41,2702,0.788626;53,3727,0.934597
290,19413;407,21133,0.987678;31,2088,0.837915;54,3757,0.926066;40,2689,0.791469;76,4150,0.931754
264,15409;420,21691,0.982938;28,1401,0.838863;45,2428,0.909953;32,1588,0.811374;54,2842,0.914692
157,9279;419,21461,0.981043;15,671,0.846445;18,869,0.911848;15,758,0.832227;22,1164,0.91564
70,4120;409,21062,0.977251;7,214,0.861611;9,397,0.926066;4,191,0.83128;7,360,0.91564
