1,1770;18,3678,0.966667;8,1470,0.923333;12,2309,1;12,1643,0.993333;12,1864,1
1,1709;18,3708,1;6,889,0.96;7,1313,0.99;9,1133,0.9;9,1295,0.93
1,1658;17,3600,1;5,848,0.926667;7,1267,0.98;9,1179,0.9;9,1300,0.913333
1,1639;18,3542,1;5,841,0.966667;9,1532,1;9,1188,0.893333;9,1345,0.883333
1,1659;18,3557,1;5,829,0.973333;8,1390,0.983333;10,1179,0.9;9,1242,0.89
1,1641;17,3387,1;5,698,0.946667;7,1080,0.97;7,890,0.873333;7,1021,0.873333
1,1587;17,3354,1;5,670,0.93;7,1083,0.893333;7,1000,0.876667;7,1053,0.863333
1,1529;17,3510,1;3,493,0.866667;6,1028,0.906667;5,749,0.82;6,912,0.876667
1,1544;18,3423,1;5,719,0.953333;7,1208,0.986667;7,956,0.903333;7,1033,0.92
1,1367;17,3348,1;5,666,0.97;6,943,0.97;6,736,0.836667;6,920,0.89
1,1628;17,3456,0.976667;4,525,0.883333;6,898,0.92;6,832,0.913333;7,948,0.93
1,1615;18,3486,1;5,678,0.94;6,954,0.956667;6,801,0.916667;7,939,0.933333
1,1536;17,3291,1;4,604,0.93;7,996,0.936667;7,889,0.89;7,1028,0.903333
1,1671;17,3549,1;6,784,0.923333;8,1395,0.966667;9,1165,0.933333;8,1217,0.94
1,1644;17,3465,1;5,692,0.936667;8,1282,0.993333;8,1024,0.92;8,1203,0.93
1,1706;17,3443,0.996667;6,900,0.95;9,1526,1;10,1188,0.91;10,1367,0.92
1,1618;17,3492,0.993333;4,665,0.913333;9,1437,0.996667;10,1191,0.926667;9,1288,0.943333
1,1600;17,3375,1;4,662,0.956667;7,1111,0.996667;8,1043,0.896667;8,1148,0.926667
1,1590;17,3419,0.996667;4,641,0.913333;7,1086,0.976667;8,967,0.91;7,990,0.913333
1,1653;17,3431,1;5,743,0.896667;8,1201,0.966667;8,1092,0.93;8,1145,0.936667
1,1567;17,3413,1;5,673,0.92;7,1172,0.953333;8,1056,0.916667;8,1240,0.923333
1,1623;17,3399,0.996667;5,854,0.956667;8,1400,0.936667;9,1088,0.926667;9,1265,0.936667
1,1706;18,3783,1;6,1007,0.966667;9,1625,0.986667;11,1365,0.926667;11,1548,0.936667
1,1627;17,3494,0.993333;5,739,0.913333;8,1321,0.99;8,1036,0.926667;9,1241,0.923333
1,1620;18,3641,1;5,756,0.963333;7,1181,0.983333;8,1059,0.913333;8,1254,0.936667
1,1614;18,3819,1;5,713,0.933333;8,1240,0.986667;9,1100,0.913333;10,1368,0.943333
1,1655;18,3512,1;4,606,0.883333;8,1255,0.976667;7,879,0.926667;8,1183,0.963333
1,1580;17,3480,0.99;5,775,0.933333;7,986,0.956667;7,977,0.886667;8,1125,0.94
1,1647;18,3575,1;6,948,0.966667;8,1287,0.983333;9,1098,0.94;9,1256,0.93
1,1579;17,3538,1;4,568,0.916667;7,1094,0.966667;8,949,0.916667;8,1201,0.93
1,1651;18,3648,1;5,694,0.946667;7,1169,0.99;10,1164,0.933333;8,1182,0.936667
1,1618;17,3454,1;5,767,0.89;8,1380,0.98;9,1192,0.933333;9,1286,0.923333
1,1696;17,3509,1;6,931,0.976667;9,1467,0.99;10,1288,0.893333;9,1238,0.92
1,1587;18,3750,1;4,635,0.883333;6,1015,0.94;8,1020,0.92;8,1110,0.926667
1,1582;17,3557,0.996667;4,644,0.91;7,1285,0.973333;10,1187,0.916667;9,1303,0.936667
1,1676;18,3722,1;5,777,0.916667;9,1440,0.986667;9,1151,0.886667;9,1400,0.91
1,1613;18,3559,1;6,892,0.95;8,1289,0.983333;9,1049,0.91;9,1327,0.926667
1,1644;18,3590,1;5,810,0.953333;7,1190,0.97;8,1007,0.833333;8,1080,0.89
1,1686;18,3669,0.996667;5,810,0.916667;8,1331,0.953333;9,1067,0.906667;11,1546,0.936667
1,1640;17,3464,1;5,779,0.973333;7,1238,1;8,1034,0.853333;8,1129,0.93
1,1626;18,3554,1;4,648,0.96;7,1105,0.993333;7,934,0.876667;8,1138,0.923333
1,1660;18,3712,1;5,666,0.966667;7,1199,0.996667;9,1117,0.886667;9,1256,0.916667
1,1554;17,3522,0.99;4,590,0.923333;6,900,0.916667;8,953,0.88;8,1133,0.916667
1,1694;17,3465,1;6,861,0.943333;9,1431,0.973333;9,1092,0.9;9,1319,0.91
1,1601;17,3428,0.996667;6,842,0.916667;8,1302,0.95;7,904,0.923333;8,1214,0.94
1,1699;17,3615,1;6,878,0.933333;9,1468,0.96;9,1176,0.903333;9,1335,0.92
1,1623;18,3566,0.996667;4,614,0.866667;8,1268,0.993333;8,986,0.916667;8,1125,0.92
1,1676;18,3662,1;6,855,0.906667;8,1274,0.966667;9,1123,0.92;9,1300,0.926667
1,1548;18,3573,1;4,627,0.89;7,1001,0.99;7,893,0.876667;6,867,0.866667
1,1578;17,3490,0.993333;5,828,0.9;7,1275,0.996667;7,894,0.753333;7,1003,0.89
1,1559;18,3642,1;4,680,0.956667;7,1061,0.973333;8,999,0.906667;7,1062,0.933333
1,1654;18,3498,1;5,805,0.936667;8,1246,0.986667;9,1117,0.91;9,1298,0.916667
1,1332;18,3548,1;4,615,0.943333;6,981,0.99;6,752,0.86;7,1078,0.916667
1,1605;18,3384,1;5,721,0.936667;7,1064,0.986667;7,908,0.9;7,972,0.926667
1,1542;17,3200,1;4,508,0.93;6,865,1;6,757,0.78;6,794,0.916667
1,1506;18,3471,0.993333;4,676,0.936667;6,927,0.966667;7,871,0.883333;6,840,0.876667
1,1663;17,3291,1;4,636,0.81;7,1155,0.973333;8,926,0.933333;7,1014,0.913333
1,1601;18,3353,0.996667;4,631,0.893333;6,961,0.96;7,820,0.916667;5,761,0.93
1,1615;17,3263,0.996667;3,421,0.893333;5,772,0.923333;6,806,0.903333;6,849,0.923333
1,1591;17,3055,1;4,610,0.92;7,1018,0.83;7,884,0.906667;6,877,0.886667
1,1683;17,3187,1;5,606,0.936667;8,1235,0.916667;7,884,0.87;6,906,0.906667
1,1582;18,3471,1;4,522,0.926667;7,919,0.923333;7,831,0.903333;6,837,0.92
1,1683;17,3160,1;4,544,0.906667;8,1073,0.95;6,721,0.923333;6,800,0.93
1,1626;18,3405,0.993333;4,540,0.86;6,919,0.953333;5,688,0.863333;6,839,0.893333
1,1660;18,3399,0.996667;4,556,0.816667;7,1182,0.993333;7,907,0.906667;7,1055,0.916667
1,1599;17,3130,0.99;5,647,0.963333;6,862,1;6,718,0.9;5,746,0.92
1,1705;17,3111,1;5,661,0.943333;7,969,0.983333;6,821,0.886667;7,933,0.903333
1,1548;17,3202,0.996667;4,549,0.96;6,850,0.986667;6,733,0.916667;5,736,0.91
1,1635;17,3022,1;4,473,0.85;6,858,0.966667;6,821,0.906667;6,842,0.9
1,1537;18,3324,0.996667;4,573,0.92;6,823,0.983333;5,692,0.866667;6,837,0.886667
1,1576;18,3317,1;3,483,0.883333;6,978,0.993333;6,837,0.86;6,922,0.89
1,1466;18,3281,1;3,447,0.893333;4,638,0.98;5,617,0.83;4,651,0.866667
1,1465;17,3131,1;4,461,0.863333;5,730,0.93;6,807,0.82;6,800,0.886667
1,1538;18,3220,0.986667;4,511,0.88;5,760,0.933333;5,631,0.783333;5,672,0.896667
1,1606;17,3281,1;3,479,0.87;5,755,0.9;6,744,0.88;5,757,0.856667
1,1601;17,3248,0.993333;4,625,0.903333;7,1045,0.963333;6,824,0.883333;7,1058,0.903333
1,1447;18,3362,0.996667;3,422,0.873333;5,787,0.956667;5,638,0.883333;5,716,0.903333
1,1535;18,3372,1;4,534,0.913333;7,1008,0.99;6,787,0.87;6,891,0.89
1,1406;18,3382,0.993333;4,529,0.9;5,846,0.99;5,663,0.863333;5,750,0.88
1,1555;17,3174,1;3,425,0.936667;5,698,0.99;5,586,0.84;5,693,0.886667
1,1350;17,3189,1;4,511,0.93;5,807,0.996667;5,661,0.886667;5,712,0.886667
1,1172;18,3330,1;3,388,0.846667;3,523,0.963333;4,535,0.886667;4,555,0.866667
1,1069;17,3257,1;3,383,0.853333;4,623,0.96;4,503,0.883333;3,501,0.873333
1,846;17,3384,1;4,408,0.84;3,471,0.963333;2,362,0.89;3,440,0.886667
0,786;16,3175,1;2,284,0.826667;3,411,0.953333;2,292,0.883333;2,318,0.883333
0,740;16,3117,1;1,192,0.806667;2,316,0.936667;2,272,0.896667;1,272,0.89
0,545;17,3304,1;1,136,0.8;2,249,0.936667;1,197,0.903333;1,204,0.896667
0,125;17,3345,1;1,101,0.8;1,143,0.923333;0,55,0.88;0,74,0.896667
