0,780;5,2023,1;3,866,0.99;4,1314,0.99;4,832,1;3,864,0.96
0,802;4,1976,1;2,537,0.76;3,806,0.765;3,610,0.705;2,652,0.65
0,811;3,1870,1;2,553,0.675;3,848,0.695;3,665,0.645;3,692,0.615
0,801;3,1831,1;2,496,0.625;3,726,0.635;3,671,0.55;3,733,0.52
0,796;6,2040,1;1,442,0.49;2,722,0.545;3,742,0.44;3,789,0.45
0,801;6,2152,1;2,561,0.505;3,794,0.505;3,687,0.395;3,697,0.395
0,797;6,2128,1;2,434,0.52;3,657,0.54;2,580,0.43;2,646,0.445
0,800;6,2074,1;1,313,0.49;2,527,0.5;3,631,0.435;3,665,0.44
0,803;6,2083,1;1,317,0.335;2,506,0.335;3,640,0.39;3,694,0.39
0,788;6,2027,1;1,264,0.38;2,488,0.38;3,694,0.44;3,689,0.445
0,795;6,2051,0.99;1,329,0.335;2,507,0.345;3,680,0.415;3,698,0.395
0,796;6,1976,1;1,346,0.315;1,479,0.315;2,650,0.375;2,687,0.38
0,800;6,1900,1;0,226,0.305;1,357,0.31;1,590,0.365;2,621,0.375
0,790;6,1851,1;1,249,0.285;2,366,0.285;2,551,0.4;2,548,0.445
0,802;5,1859,1;1,205,0.31;1,322,0.315;2,574,0.435;2,609,0.415
0,812;6,2127,1;1,266,0.275;2,396,0.275;3,715,0.39;3,774,0.415
0,792;6,1962,1;1,283,0.23;1,391,0.23;2,722,0.465;2,721,0.455
0,804;5,1960,1;1,307,0.22;2,414,0.22;3,656,0.375;3,707,0.37
0,791;6,1907,1;1,183,0.24;1,295,0.24;2,536,0.41;2,597,0.415
0,796;5,1860,1;1,225,0.215;1,308,0.215;2,579,0.32;2,596,0.32
0,787;5,1989,0.985;1,207,0.205;2,359,0.205;3,589,0.39;3,637,0.41
0,782;5,1866,1;1,187,0.24;2,265,0.24;3,545,0.36;3,605,0.36
0,794;5,1926,1;1,194,0.175;2,285,0.175;3,574,0.355;3,600,0.36
0,799;5,1927,1;1,206,0.225;2,351,0.225;3,665,0.41;3,721,0.385
0,798;5,1948,1;1,219,0.26;2,353,0.265;2,556,0.5;3,632,0.555
0,794;5,1998,1;1,267,0.265;2,386,0.27;2,542,0.435;2,555,0.48
0,809;5,1964,1;1,286,0.205;1,403,0.205;1,528,0.365;1,587,0.39
0,803;5,1861,1;1,248,0.235;2,374,0.235;1,504,0.42;2,528,0.43
0,800;5,1949,1;1,245,0.235;1,394,0.255;2,469,0.395;2,491,0.42
0,807;5,1992,1;1,253,0.27;2,420,0.28;2,471,0.45;2,499,0.465
0,789;5,1996,1;1,194,0.21;2,302,0.215;2,433,0.305;2,461,0.32
0,802;5,1943,1;1,273,0.245;3,431,0.25;2,478,0.325;2,489,0.33
0,798;5,2114,1;1,274,0.2;2,380,0.2;2,486,0.285;2,496,0.29
0,800;5,2016,1;1,256,0.215;2,395,0.215;2,543,0.32;2,537,0.33
0,810;5,1878,1;1,246,0.335;2,442,0.35;1,414,0.41;1,430,0.425
0,805;5,1966,1;1,224,0.265;2,363,0.265;2,380,0.355;2,407,0.35
0,799;5,1905,1;1,251,0.22;2,423,0.225;2,460,0.295;2,503,0.3
0,797;5,1909,1;1,268,0.175;2,400,0.175;2,500,0.26;2,577,0.28
0,810;5,1858,1;1,293,0.215;2,470,0.22;2,502,0.28;2,552,0.285
0,797;5,1973,1;1,256,0.21;2,425,0.21;2,434,0.305;2,499,0.325
0,799;5,2018,1;1,227,0.27;2,383,0.275;2,431,0.345;2,487,0.34
0,805;5,2060,1;1,259,0.25;2,413,0.26;2,483,0.34;1,553,0.355
0,798;5,1928,1;1,270,0.23;2,420,0.23;2,529,0.31;2,589,0.325
0,809;5,2035,1;1,255,0.225;2,413,0.235;2,440,0.345;2,472,0.375
0,803;5,2035,1;1,226,0.18;1,311,0.18;2,431,0.26;2,507,0.265
0,801;5,1876,1;7,250,0.205;2,368,0.205;2,423,0.31;2,485,0.335
0,804;5,1960,1;1,244,0.185;2,346,0.185;2,458,0.285;2,506,0.33
0,792;5,1984,0.995;1,213,0.215;1,277,0.215;1,396,0.305;1,410,0.335
0,803;5,1983,1;1,270,0.275;3,448,0.275;2,457,0.375;2,498,0.395
0,814;5,1900,1;1,253,0.255;2,406,0.255;2,386,0.275;2,365,0.3
0,801;5,1922,1;1,219,0.28;2,415,0.295;1,403,0.34;1,430,0.375
0,800;5,2034,1;1,254,0.275;2,337,0.275;2,453,0.335;2,513,0.38
0,804;5,1960,1;0,249,0.19;2,427,0.19;2,435,0.29;1,464,0.33
0,793;5,1884,1;1,188,0.215;2,295,0.215;1,309,0.35;1,403,0.38
0,795;5,2075,1;1,191,0.17;1,345,0.17;1,273,0.315;1,374,0.35
0,800;5,1862,1;1,200,0.225;1,293,0.225;1,319,0.28;1,420,0.29
0,802;5,2020,1;1,207,0.3;2,293,0.3;1,267,0.375;1,305,0.395
0,802;5,2081,1;1,167,0.25;1,331,0.265;0,217,0.245;1,250,0.29
0,793;5,2004,1;1,296,0.225;2,406,0.225;1,276,0.165;1,283,0.21
0,798;5,1851,0.995;1,224,0.25;2,375,0.255;1,290,0.185;1,285,0.175
0,790;5,1902,1;1,225,0.245;2,338,0.245;1,270,0.175;1,250,0.175
0,804;5,1969,0.995;1,196,0.23;1,312,0.235;1,291,0.2;1,241,0.19
0,800;5,1878,1;1,265,0.255;2,372,0.255;1,276,0.15;1,295,0.16
0,809;5,1797,1;1,238,0.29;2,377,0.29;1,291,0.215;0,290,0.225
0,788;5,2061,1;1,221,0.335;2,371,0.335;1,251,0.175;1,262,0.175
0,798;5,2058,1;1,265,0.27;2,389,0.27;1,266,0.215;1,281,0.19
0,801;5,1903,1;1,210,0.24;1,301,0.24;1,239,0.165;0,204,0.175
0,810;5,1969,1;1,246,0.24;2,398,0.24;1,286,0.17;1,281,0.195
0,795;5,1922,1;1,228,0.24;2,373,0.24;1,252,0.145;1,251,0.18
0,803;5,2119,1;1,218,0.32;1,313,0.32;1,278,0.18;1,270,0.195
0,800;5,2063,1;1,186,0.31;1,280,0.31;1,310,0.2;1,258,0.195
0,790;5,1859,1;1,217,0.225;2,392,0.225;1,291,0.15;1,299,0.155
0,809;5,1959,0.995;1,267,0.225;2,384,0.225;1,281,0.155;1,287,0.18
0,798;5,2008,1;1,232,0.17;2,378,0.18;1,242,0.145;1,281,0.19
0,787;5,2140,1;1,227,0.2;2,396,0.205;1,262,0.16;1,285,0.195
0,797;5,2066,1;1,220,0.2;2,360,0.2;1,281,0.19;1,301,0.185
0,794;5,1998,1;1,235,0.18;1,331,0.18;1,265,0.21;1,280,0.195
0,803;5,1695,0.995;1,215,0.2;2,370,0.2;1,272,0.195;1,300,0.175
0,780;6,2129,1;1,217,0.25;1,336,0.25;1,274,0.16;1,278,0.17
0,803;5,1959,1;1,254,0.23;2,381,0.23;1,294,0.155;1,286,0.175
0,799;5,2019,1;1,234,0.225;2,420,0.225;1,284,0.2;1,279,0.18
0,793;5,1966,1;1,207,0.195;1,339,0.205;0,261,0.22;1,291,0.205
0,792;5,1992,1;1,226,0.23;2,379,0.23;0,239,0.195;1,256,0.17
0,799;5,2066,1;1,200,0.215;2,347,0.235;1,276,0.205;1,295,0.185
0,795;5,1980,1;2,236,0.23;2,383,0.23;1,248,0.17;1,248,0.185
0,788;5,1946,1;1,246,0.175;2,405,0.175;1,257,0.155;1,275,0.16
0,800;5,1891,1;1,178,0.17;2,371,0.175;1,263,0.18;1,270,0.155
0,797;5,2064,1;1,233,0.22;2,356,0.22;1,264,0.215;1,284,0.2
0,804;6,1962,1;1,197,0.28;1,264,0.28;1,231,0.23;1,251,0.195
0,794;5,1911,1;1,199,0.285;2,355,0.305;1,217,0.24;0,198,0.22
0,790;5,1902,1;1,236,0.275;2,429,0.28;1,269,0.21;1,274,0.185
0,793;5,2056,1;0,256,0.36;1,344,0.36;1,274,0.19;1,280,0.175
0,801;5,1979,1;1,215,0.31;2,349,0.31;1,235,0.2;1,240,0.19
0,807;6,2037,1;1,216,0.245;2,389,0.245;1,291,0.185;0,277,0.205
0,796;5,1757,1;1,237,0.295;2,434,0.3;1,236,0.19;1,242,0.2
0,796;6,1818,1;1,187,0.31;1,305,0.315;0,264,0.205;1,241,0.21
0,795;6,1951,1;1,172,0.345;1,291,0.365;1,245,0.215;1,230,0.205
0,809;5,1862,1;0,179,0.315;2,320,0.315;1,233,0.225;1,223,0.23
0,786;5,1712,1;1,198,0.35;1,355,0.4;1,224,0.21;0,199,0.225
0,795;5,1612,1;1,217,0.45;1,317,0.45;0,211,0.245;0,187,0.215
0,768;5,1769,0.995;1,166,0.46;1,252,0.46;0,146,0.26;0,130,0.26
0,755;5,1869,1;1,149,0.495;1,264,0.505;0,125,0.31;0,134,0.32
0,687;5,1826,1;0,126,0.465;1,164,0.49;0,135,0.27;0,123,0.27
0,463;5,1892,1;0,36,0.515;0,47,0.54;0,40,0.29;0,40,0.29
0,282;5,1855,1;0,28,0.51;0,31,0.54;0,33,0.285;0,34,0.29
0,410;5,1816,1;0,44,0.475;0,58,0.5;0,33,0.255;0,34,0.255
0,220;5,1923,1;0,12,0.465;0,22,0.49;0,16,0.255;0,19,0.255
0,371;5,1963,1;0,13,0.475;0,26,0.505;0,16,0.26;0,19,0.27
0,177;5,2036,1;0,8,0.495;0,28,0.525;0,15,0.275;0,16,0.285
