1,780;25,4932,1;5,918,0.9975;7,1181,1;10,1148,1;9,1260,1
1,784;24,4425,1;5,661,0.9825;7,833,1;9,1031,0.9275;8,1126,0.9275
1,786;24,4503,1;4,563,0.9175;7,906,0.9975;10,920,0.92;9,991,0.9225
1,804;25,4996,1;6,789,0.9625;8,1103,0.9975;13,1186,0.885;12,1442,0.8875
1,792;25,5045,1;10,731,0.975;7,1039,0.995;24,1116,0.885;11,1475,0.8875
1,786;26,5310,1;5,691,0.97;6,1001,0.9925;11,1139,0.85;10,1376,0.8525
1,778;25,5368,1;5,717,0.985;7,1011,0.99;11,1146,0.845;11,1519,0.845
1,793;37,5106,1;5,653,0.965;7,994,0.995;12,1106,0.845;10,1395,0.845
1,771;25,5111,1;4,641,0.995;6,829,1;9,1015,0.8525;9,1250,0.8475
1,780;26,5150,1;4,571,0.965;6,840,0.9975;9,986,0.8275;9,1275,0.825
0,780;25,4950,1;5,577,0.945;8,945,1;9,1038,0.83;10,1333,0.83
0,762;25,5053,1;5,571,0.8625;7,917,0.995;10,1043,0.86;10,1256,0.86
0,771;25,5218,1;4,611,0.955;5,849,0.9875;10,1031,0.86;7,1284,0.86
1,786;25,4978,1;5,633,0.99;6,845,0.9975;9,1037,0.86;9,1259,0.86
1,764;25,4929,1;4,586,0.9525;7,898,0.995;10,1081,0.855;9,1344,0.855
1,765;25,5031,1;4,568,0.94;6,863,1;8,980,0.8575;9,1254,0.8575
1,767;26,5022,1;5,594,0.98;6,901,0.995;8,968,0.8825;8,1157,0.8825
1,787;32,5456,1;5,671,0.905;7,955,0.99;10,1129,0.9125;10,1381,0.9125
1,777;25,5185,1;4,647,0.9775;4,889,1;10,1056,0.8825;10,1334,0.8825
1,777;25,5110,1;5,689,0.9575;17,1099,0.995;12,1095,0.89;12,1416,0.89
1,794;25,4961,1;5,654,0.9475;8,949,1;11,1093,0.83;11,1360,0.83
1,794;17,5025,1;5,652,0.9625;8,943,1;11,1120,0.8275;10,1373,0.8275
1,795;27,4970,1;5,676,0.9475;7,977,0.9975;10,1117,0.86;6,1362,0.86
1,773;26,5334,1;2,528,0.87;9,1017,1;10,1107,0.8875;11,1505,0.8875
1,779;26,5329,1;5,752,0.97;8,1078,0.9975;12,1139,0.8875;11,1482,0.8875
0,793;25,5091,1;5,800,0.995;8,1112,0.9975;11,1141,0.9025;12,1475,0.9025
0,774;24,4897,1;5,664,0.9875;7,979,0.9975;11,1132,0.87;11,1364,0.87
0,791;26,5240,1;5,674,0.91;8,1085,1;11,1121,0.89;11,1424,0.89
1,774;25,4843,1;3,649,0.955;6,842,0.99;8,1081,0.855;12,1398,0.855
1,792;25,4911,1;5,634,0.985;8,1039,1;10,1135,0.8725;10,1410,0.8725
1,781;25,5409,1;5,670,0.98;7,1004,0.995;9,996,0.8475;9,1186,0.8475
1,772;24,4934,1;5,609,0.95;7,1033,1;10,1054,0.8775;10,1287,0.8775
1,773;25,5006,1;5,669,0.91;8,1076,0.9975;9,1055,0.895;10,1281,0.895
1,787;23,4969,1;5,740,0.9675;6,878,0.99;10,1084,0.8625;7,1366,0.8625
1,778;23,5073,1;5,719,0.9475;7,964,0.99;10,1088,0.865;10,1413,0.865
1,770;23,5162,1;5,688,0.9825;7,1008,0.99;9,1038,0.86;9,1305,0.86
1,774;24,5497,1;3,676,0.9625;5,1033,1;10,1128,0.8575;7,1481,0.8575
1,792;24,5501,1;4,685,0.9075;6,1154,0.9975;7,1106,0.82;9,1483,0.82
1,792;25,5295,1;5,715,0.895;8,1262,1;11,1120,0.855;8,1424,0.855
1,791;26,5248,1;4,817,0.995;8,1075,1;12,1150,0.885;12,1492,0.885
1,780;25,5037,1;6,696,0.9775;8,1010,0.99;12,1103,0.885;12,1553,0.885
1,779;25,5105,1;6,696,0.9225;9,1130,0.9925;8,1156,0.885;12,1596,0.885
1,778;25,5143,1;5,694,0.99;7,1023,0.9925;7,1068,0.84;7,1519,0.8425
1,787;24,5335,1;4,742,0.985;7,972,0.99;10,1131,0.8325;9,1377,0.8325
1,778;24,5314,1;5,740,0.9775;7,1014,0.995;10,1094,0.8625;10,1460,0.8625
1,780;26,5232,1;4,563,0.985;6,813,0.995;9,946,0.8525;9,1181,0.85
1,783;25,5159,1;5,542,0.895;8,971,0.995;9,991,0.84;9,1235,0.8375
1,771;24,5269,1;6,717,0.9475;7,1033,1;11,1088,0.8625;11,1401,0.8625
1,796;24,5320,1;5,667,0.885;7,1153,1;10,1069,0.8775;9,1348,0.875
1,772;23,5121,1;5,668,0.995;7,959,1;11,1000,0.8675;10,1162,0.8675
1,785;24,5451,1;6,647,0.935;9,1028,0.995;11,1096,0.905;10,1386,0.905
1,780;23,5046,1;5,667,0.965;7,935,0.995;10,1105,0.8725;11,1535,0.8725
1,793;23,5022,1;5,738,0.97;7,1014,1;9,1105,0.865;10,1454,0.865
1,768;24,5124,1;4,593,0.9325;6,882,0.9975;6,1051,0.8575;6,1247,0.8575
1,791;24,5199,1;3,647,0.9725;4,953,0.9975;7,1108,0.865;10,1395,0.865
1,762;23,5290,1;4,629,0.9625;6,1030,0.995;10,1094,0.875;10,1384,0.875
1,771;25,5062,1;4,636,0.98;8,892,0.9925;10,1091,0.805;11,1450,0.805
1,791;16,5431,1;3,647,0.9625;5,1041,0.9975;7,1129,0.82;7,1429,0.82
1,772;14,5564,1;5,720,0.9575;7,1043,0.9975;10,1045,0.8625;10,1420,0.8625
1,782;23,4956,1;4,724,0.955;7,1053,0.9925;12,1199,0.88;12,1657,0.88
1,796;24,5099,1;5,710,0.9525;7,1057,0.9975;10,1145,0.8875;12,1417,0.8875
1,790;24,4869,1;6,706,0.9625;5,1002,1;9,1119,0.89;8,1405,0.89
1,774;25,5246,1;4,701,0.9825;6,987,1;11,1060,0.88;11,1363,0.88
1,775;25,4866,1;5,601,0.975;6,795,0.9875;9,982,0.8575;9,1156,0.8575
1,769;23,4902,1;5,610,0.945;7,879,1;13,934,0.8625;8,1093,0.8625
1,780;23,5169,1;5,659,0.9825;7,958,0.9925;9,1015,0.86;9,1274,0.86
1,782;25,5219,1;4,579,0.925;7,964,0.995;9,1027,0.875;9,1312,0.875
1,788;25,5300,1;5,649,0.9325;8,1051,0.99;11,1081,0.875;12,1410,0.875
1,793;23,4863,1;6,793,0.975;4,1091,0.995;6,1068,0.8825;7,1252,0.8825
1,766;22,4461,1;5,541,0.96;7,863,0.9925;10,1041,0.9;10,1268,0.9
1,776;23,5175,1;3,542,0.9225;6,873,0.995;11,1082,0.8775;10,1347,0.8775
1,784;23,5590,1;5,757,0.95;8,1059,0.9975;11,1100,0.8825;11,1520,0.8825
1,769;26,5239,1;5,615,0.9175;5,950,0.9925;6,1056,0.86;6,1378,0.86
1,778;25,5378,1;3,760,0.965;9,1027,1;10,1113,0.8875;9,1411,0.8875
1,769;25,5170,1;5,620,0.9775;7,947,0.9975;9,1102,0.86;6,1331,0.86
1,799;24,4997,1;5,658,0.985;7,956,0.9975;9,1061,0.8675;10,1294,0.8675
1,787;22,5342,1;6,639,0.9325;8,1011,0.9925;10,1100,0.8925;7,1531,0.8925
1,768;14,5086,1;4,606,0.94;5,989,0.995;8,1086,0.87;8,1433,0.8725
1,786;25,5025,1;8,730,0.9875;7,976,0.995;10,1111,0.9025;10,1281,0.9025
1,803;23,5096,1;4,667,0.9275;7,986,1;7,1138,0.905;7,1421,0.905
1,779;22,4876,1;4,604,0.935;6,965,0.9925;10,1120,0.88;10,1436,0.88
1,782;25,5386,1;5,764,0.9675;7,1162,0.995;11,1140,0.885;11,1445,0.885
1,774;25,4962,1;5,691,0.995;6,963,0.99;10,1073,0.8675;9,1404,0.8675
1,793;25,5033,1;5,767,0.9775;5,1140,1;12,1124,0.8625;9,1423,0.8625
1,789;27,5801,1;4,709,0.9775;6,1177,1;11,1109,0.8725;10,1438,0.8725
1,795;25,5102,1;9,765,0.98;8,1106,0.9975;12,1160,0.9025;12,1602,0.9025
1,790;23,5202,1;4,677,0.99;6,929,1;10,1063,0.85;10,1378,0.85
1,781;19,4966,1;4,542,0.95;7,902,0.9875;16,1091,0.84;8,1295,0.84
1,781;23,5045,1;3,587,0.885;7,1017,0.9875;10,1151,0.8475;10,1484,0.8475
1,781;23,4972,1;5,623,0.96;7,873,1;6,1017,0.835;9,1379,0.835
0,764;24,5215,1;5,550,0.9575;6,795,0.995;9,970,0.855;9,1233,0.855
0,775;17,4896,1;5,638,0.96;6,909,0.9975;10,1049,0.8775;10,1322,0.8775
0,774;15,5130,1;5,651,0.9625;7,919,0.995;7,1049,0.8725;10,1367,0.8725
0,780;25,5099,1;5,706,0.9725;7,961,0.9975;7,1041,0.895;9,1323,0.895
1,774;23,4845,1;3,668,0.97;6,1021,0.9925;7,1039,0.9075;7,1318,0.9075
0,766;23,4858,1;3,551,0.965;6,862,1;7,1026,0.8975;10,1359,0.8975
1,763;26,5331,1;5,712,0.9775;6,1069,0.9975;10,1049,0.895;10,1379,0.895
1,748;25,4938,1;4,549,0.98;6,825,0.9975;9,997,0.87;12,1192,0.87
1,767;23,5010,1;5,623,0.9925;7,848,0.99;9,1029,0.875;10,1307,0.875
1,745;24,4609,1;3,466,0.9475;5,695,0.98;8,931,0.9;8,1094,0.9
1,727;19,4739,1;4,460,0.9925;5,709,0.99;7,777,0.87;7,938,0.87
0,622;22,4607,1;3,349,0.9775;2,475,0.9725;3,554,0.9075;3,628,0.9075
1,667;24,4886,1;2,296,0.9175;4,487,0.98;7,707,0.9025;6,837,0.9
1,617;23,4798,1;2,216,0.945;3,380,0.9975;5,626,0.9025;4,704,0.9025
0,583;14,4758,1;1,184,0.9725;4,290,1;4,497,0.8825;4,592,0.885
0,382;24,4786,1;0,73,0.9725;0,72,0.9975;1,123,0.8775;0,132,0.8775
0,195;24,4809,1;0,21,0.92;1,84,0.995;0,89,0.8625;0,91,0.86
0,441;24,5109,1;0,35,0.8875;1,173,0.9975;1,182,0.8875;1,204,0.8825
