1,780;27,5448,1;6,1037,0.9875;7,1318,1;11,1263,1;11,1711,1
0,646;28,5451,1;2,543,0.9725;6,908,0.99;11,998,0.9325;12,1668,0.945
0,677;28,5853,1;4,620,0.98;7,1022,0.9975;11,1047,0.9225;12,1671,0.9225
1,669;26,5522,1;5,611,0.9825;6,930,0.995;10,950,0.905;11,1499,0.9075
0,672;26,5651,1;5,594,0.98;7,1004,0.995;11,1016,0.8775;12,1635,0.88
1,663;26,5944,1;5,551,0.9675;6,991,0.9875;10,909,0.8875;12,1554,0.89
1,691;26,6076,1;5,692,0.9825;8,1207,1;13,1107,0.8825;14,1758,0.885
1,697;26,6270,1;5,727,0.9725;7,1144,0.9875;13,1077,0.89;15,1844,0.905
1,680;26,6168,1;6,760,0.965;8,1231,1;20,1152,0.91;28,1907,0.9075
1,686;26,5894,1;5,730,0.9825;6,945,0.99;12,964,0.9125;13,1624,0.91
1,637;25,5731,1;5,643,0.92;6,901,0.9925;10,821,0.935;10,1321,0.935
1,651;26,5850,1;5,711,0.9875;8,1088,0.9975;15,1125,0.92;15,1760,0.915
1,639;26,6152,1;4,525,0.945;6,996,0.9825;10,825,0.92;12,1496,0.925
1,658;26,5870,1;5,667,0.97;7,1021,0.9925;13,1063,0.905;14,1798,0.895
1,654;28,5781,1;5,616,0.9425;7,976,0.9875;12,1011,0.915;14,1722,0.91
1,666;28,5951,1;5,715,0.975;7,1160,1;13,979,0.9075;14,1768,0.91
1,645;28,6064,1;4,604,0.9725;6,966,0.9975;11,961,0.8675;13,1710,0.87
0,680;28,6367,1;5,638,0.955;7,1089,0.9925;11,944,0.8425;13,1705,0.85
0,665;29,6196,1;5,684,0.9425;6,908,0.9875;9,834,0.9;11,1473,0.8975
1,668;29,6189,1;5,729,0.9825;7,1137,0.99;12,1031,0.9;14,1835,0.9
0,669;29,6393,1;5,712,0.97;8,1134,0.9875;12,1022,0.91;14,1763,0.9125
0,683;28,6183,1;4,662,0.9525;6,943,0.9925;9,887,0.9175;12,1500,0.9225
0,657;28,6156,1;5,639,0.975;8,1200,0.9975;13,1052,0.915;15,1888,0.915
0,669;28,6092,1;4,659,0.9775;7,1032,0.995;12,1020,0.92;13,1722,0.92
0,666;25,5788,1;5,667,0.9775;7,1066,0.9975;10,923,0.9225;12,1606,0.925
0,673;25,5811,1;5,718,0.98;8,1150,1;12,1053,0.915;14,1784,0.9175
0,668;26,5861,1;8,579,0.9625;8,853,0.9825;11,949,0.9;12,1598,0.9
0,654;26,6077,1;4,605,0.965;6,936,0.9875;8,955,0.8825;13,1674,0.885
0,666;27,6062,1;4,525,0.9175;6,951,0.98;12,981,0.8875;14,1714,0.8925
0,674;27,6175,1;5,594,0.9775;7,1078,0.9925;10,889,0.8925;13,1562,0.9075
0,666;26,6210,1;5,690,0.96;7,1156,0.98;12,1000,0.9025;13,1732,0.91
0,662;18,6162,1;5,607,0.9525;6,996,0.995;11,876,0.8725;12,1560,0.8875
0,678;28,6163,1;5,724,0.9775;8,1181,0.995;12,1038,0.9;14,1808,0.9
0,673;28,6078,1;4,614,0.955;6,997,1;11,924,0.87;12,1599,0.88
0,668;28,6082,1;4,578,0.9775;6,968,1;11,947,0.8575;12,1567,0.86
1,681;26,5769,1;5,635,0.96;7,1081,0.995;12,1042,0.8925;14,1808,0.8925
1,672;28,6202,1;4,596,0.97;6,926,0.9875;11,898,0.875;12,1515,0.875
1,680;28,6024,1;4,554,0.9825;5,862,0.99;10,953,0.8575;11,1569,0.8625
1,632;28,6171,1;3,338,0.955;5,721,0.9875;7,704,0.8675;8,1144,0.8675
1,675;26,5698,1;4,506,0.96;5,806,0.995;8,843,0.88;11,1515,0.8825
1,666;28,6110,1;5,681,0.9775;7,1025,0.995;11,974,0.89;13,1728,0.8925
1,671;26,6160,1;5,643,0.975;7,1033,1;10,928,0.8825;12,1632,0.8825
1,673;26,6150,1;4,512,0.965;5,883,0.9875;10,878,0.8925;10,1456,0.8925
1,662;27,6060,1;4,589,0.9775;6,921,0.9925;10,912,0.9;11,1607,0.91
1,673;25,5751,1;4,531,0.9725;6,873,0.9975;10,943,0.8925;12,1664,0.895
1,662;25,5768,1;4,631,0.9825;6,963,0.9925;11,911,0.9125;12,1615,0.915
1,650;26,5984,1;4,617,0.9775;6,1021,0.9925;12,1041,0.885;13,1719,0.8825
1,653;26,5907,1;4,559,0.9775;6,955,0.99;10,881,0.8975;10,1374,0.8975
1,658;26,5764,1;4,538,0.9575;7,972,0.9975;12,1025,0.89;13,1610,0.89
1,661;34,5300,1;4,486,0.96;5,770,1;9,812,0.8775;9,1333,0.8775
0,524;26,5989,1;1,183,0.9175;3,392,0.99;4,391,0.87;4,632,0.87
