1,780;22,4605,1;5,856,0.9975;5,1071,1;12,1098,1;5,1288,1
1,771;21,4488,1;2,614,0.9525;3,761,0.9875;4,890,0.9175;4,1017,0.9175
1,784;22,4811,1;3,547,0.94;5,826,0.995;7,981,0.905;7,1222,0.9025
1,774;22,4759,1;4,566,0.9875;5,805,1;7,984,0.89;7,1156,0.89
1,767;18,4807,1;3,565,0.9925;9,833,1;15,1001,0.85;8,1189,0.85
1,760;19,4937,1;4,614,0.9725;6,921,1;7,1038,0.855;8,1255,0.855
1,766;17,4352,1;3,464,0.9825;4,693,0.9975;8,1013,0.795;8,1222,0.795
1,764;23,4413,1;3,394,0.915;5,669,0.9875;8,1068,0.7975;8,1253,0.7975
1,753;23,4827,1;4,533,0.9525;5,729,1;7,944,0.775;7,1113,0.775
1,750;22,4739,1;3,490,0.9575;5,748,0.9925;7,914,0.79;8,1116,0.79
1,781;22,4810,1;3,524,0.9625;5,747,1;9,1100,0.765;9,1372,0.765
1,771;22,4842,1;4,515,0.9275;6,792,0.99;9,1094,0.765;9,1349,0.765
1,777;23,5094,1;4,615,0.975;6,869,1;9,1122,0.785;9,1471,0.785
1,768;20,4933,1;3,578,0.9275;5,829,0.9975;9,1083,0.7825;9,1425,0.7825
1,772;21,4871,1;4,568,0.975;5,680,0.99;9,1037,0.78;9,1423,0.78
1,765;20,4813,1;3,496,0.9325;5,789,0.995;9,1106,0.785;9,1385,0.785
1,756;18,4837,1;4,514,0.9725;5,703,0.995;8,1046,0.785;9,1356,0.785
1,765;24,4877,1;6,512,0.98;6,702,0.9825;9,1063,0.7625;9,1345,0.7625
1,762;20,4801,1;4,494,0.9625;6,807,0.9925;9,1077,0.7975;9,1332,0.7975
1,758;21,4805,1;3,509,0.9925;4,695,1;8,975,0.775;8,1234,0.775
1,756;20,4995,1;5,481,0.9725;5,747,1;7,960,0.7525;8,1178,0.7525
1,765;21,5245,1;4,522,0.9775;5,758,0.9875;8,1004,0.7575;8,1252,0.7575
1,765;19,4890,1;4,548,0.9775;5,763,0.9875;8,1040,0.7775;8,1234,0.7775
1,778;20,5142,1;4,590,0.96;6,831,1;8,1046,0.83;9,1338,0.83
1,769;23,5013,1;3,540,0.9675;5,718,0.9975;8,1005,0.83;8,1340,0.83
1,755;24,4885,1;4,575,0.99;5,810,1;7,986,0.8275;8,1234,0.8275
1,768;22,4792,1;4,503,0.945;5,754,0.9775;8,980,0.8225;8,1247,0.8225
1,738;25,4777,1;3,513,0.885;5,798,0.9975;8,1046,0.8425;8,1204,0.8425
1,773;22,4775,1;4,608,0.995;5,766,0.995;8,1027,0.8075;9,1256,0.8075
1,764;21,5006,1;3,512,0.96;5,811,1;8,1038,0.8025;9,1298,0.8025
1,762;21,4848,1;3,434,0.95;5,715,0.9975;8,1040,0.8125;6,1293,0.8125
1,746;19,4633,1;3,543,0.9675;5,697,0.995;8,1046,0.8175;8,1203,0.8175
1,755;20,4751,1;4,569,0.9725;5,798,0.9975;8,1013,0.81;8,1218,0.81
1,783;20,4946,1;4,502,0.97;6,816,1;8,1039,0.7875;8,1318,0.7875
1,751;20,4758,1;3,438,0.965;4,624,1;8,1011,0.785;10,1274,0.785
1,763;28,4948,1;4,462,0.9425;7,663,0.9775;6,988,0.765;6,1208,0.765
0,754;22,4784,1;3,460,0.965;5,794,0.9975;9,994,0.785;8,1238,0.785
1,762;22,4907,1;3,498,0.97;6,710,1;6,1016,0.755;6,1201,0.755
1,757;22,4754,1;3,582,0.9525;4,894,0.995;6,1042,0.7925;8,1223,0.7925
1,753;22,4805,1;3,539,0.9575;4,836,1;5,1052,0.7725;7,1210,0.7725
1,764;22,4779,1;3,525,0.9825;5,795,1;8,1017,0.78;6,1276,0.78
1,743;19,4741,1;2,376,0.9775;3,549,0.9925;6,953,0.745;5,1211,0.745
1,753;22,5078,1;2,457,0.975;4,593,0.9975;7,945,0.73;8,1150,0.73
1,728;22,4901,1;4,398,0.9825;6,646,1;8,899,0.7625;7,1077,0.7625
1,742;22,4762,1;3,481,0.955;5,739,1;7,885,0.7575;7,1055,0.7575
1,743;21,4512,1;3,445,0.94;5,712,0.9875;9,1013,0.78;9,1221,0.78
1,770;21,5014,1;4,551,0.9475;6,927,0.9975;8,1073,0.7625;8,1351,0.7625
1,751;14,4791,1;4,538,0.965;5,735,0.9975;9,1054,0.755;17,1334,0.755
1,758;21,4772,1;4,540,0.9525;7,760,0.9825;7,971,0.78;8,1234,0.78
1,770;22,4824,1;4,579,0.99;6,839,0.9975;9,1085,0.7625;8,1326,0.7625
1,763;22,4642,1;3,430,0.9625;4,677,0.995;7,982,0.755;7,1238,0.755
1,753;22,4880,1;2,500,0.975;5,723,0.9975;8,959,0.7675;8,1183,0.7675
1,756;21,4823,1;3,445,0.9975;4,643,0.9975;8,1010,0.755;8,1197,0.755
1,744;22,4747,1;3,411,0.9325;4,729,1;8,988,0.7875;8,1150,0.7875
1,758;23,5118,1;3,434,0.945;4,690,0.9975;7,934,0.755;7,1148,0.755
1,740;26,4775,1;2,426,0.96;4,618,1;7,876,0.74;7,1105,0.74
1,735;20,5167,1;3,424,0.95;4,615,0.98;7,939,0.75;8,1137,0.75
1,766;20,4957,1;4,591,0.98;5,852,1;8,1023,0.795;8,1203,0.795
1,749;20,4988,1;3,434,0.9575;5,719,0.995;8,1010,0.785;8,1215,0.785
1,750;19,4674,1;3,506,0.9475;5,738,0.975;8,1023,0.76;6,1193,0.76
1,751;20,4774,1;4,564,0.955;5,689,0.9775;8,1077,0.82;8,1231,0.82
1,758;20,4653,1;3,503,0.9825;5,703,0.9925;8,1009,0.835;8,1217,0.835
1,736;22,4655,1;3,403,0.925;4,581,0.9725;7,987,0.8175;8,1187,0.8175
1,747;21,4564,1;3,414,0.9375;5,635,0.995;8,1031,0.77;8,1255,0.77
1,751;22,4945,1;3,477,0.9675;5,707,0.995;8,1049,0.7825;8,1255,0.7825
1,758;21,4778,1;3,463,0.9525;5,720,1;8,1007,0.785;8,1248,0.785
1,760;17,5097,1;3,465,0.95;5,694,1;8,1013,0.7725;8,1273,0.7725
0,766;20,5053,1;3,522,0.99;5,699,1;7,980,0.785;8,1216,0.785
0,757;20,5146,1;3,481,0.9575;5,724,1;8,997,0.77;8,1249,0.77
0,752;20,4734,1;3,438,0.96;4,660,0.995;7,892,0.77;7,1133,0.77
0,749;20,4688,1;3,428,0.99;4,575,0.9975;7,933,0.7525;8,1186,0.7525
0,755;20,4851,1;3,430,0.955;5,646,0.9775;6,805,0.7425;6,1003,0.7425
0,748;30,5113,1;3,451,0.9675;4,656,0.9925;7,893,0.755;7,1108,0.755
0,755;23,4939,1;3,449,0.97;5,694,1;7,915,0.745;6,1114,0.745
0,751;23,4767,1;3,456,0.985;4,651,0.99;7,905,0.775;7,1093,0.775
0,763;21,4697,1;4,526,0.95;5,751,0.995;8,976,0.7625;9,1216,0.7625
0,763;21,4622,1;4,469,0.9775;5,724,1;15,917,0.755;8,1080,0.755
0,758;22,5108,1;4,520,0.99;5,713,0.9925;9,1012,0.7525;8,1258,0.7525
0,761;21,4374,1;5,388,0.9675;4,599,1;8,1017,0.7075;8,1247,0.7075
1,754;12,4912,1;3,404,0.955;4,609,0.99;7,969,0.745;8,1210,0.745
1,761;22,4762,1;3,425,0.98;5,661,1;8,1040,0.7675;8,1218,0.7675
1,743;21,4593,1;3,401,0.96;4,635,0.9975;6,885,0.755;7,1094,0.755
1,750;21,4937,1;3,468,0.9975;4,662,0.9975;7,986,0.72;8,1233,0.72
1,756;22,4846,1;3,551,0.9625;5,736,0.985;8,971,0.7625;9,1241,0.7625
1,749;21,4740,1;4,547,0.99;5,772,0.995;7,953,0.75;8,1187,0.75
1,751;22,4880,1;4,559,0.98;5,720,0.995;8,1018,0.745;8,1270,0.7475
1,754;22,4844,1;3,471,0.95;5,743,0.9975;8,1032,0.775;8,1246,0.775
1,761;15,4710,1;3,506,0.9725;4,724,0.9875;8,1064,0.7675;9,1338,0.7675
0,767;21,5152,1;3,474,0.9575;5,716,0.9975;8,1066,0.7675;9,1331,0.7675
1,762;23,4921,1;4,512,0.965;5,753,0.995;7,1014,0.77;7,1283,0.77
1,740;21,4588,1;2,413,0.9725;4,633,1;6,989,0.7675;7,1251,0.7675
1,769;23,5116,1;3,482,0.965;5,671,0.99;8,984,0.7675;8,1249,0.7675
1,747;12,4524,1;2,358,0.98;4,517,0.9975;7,854,0.7525;7,1024,0.7525
1,752;28,4904,1;2,402,0.9525;4,625,0.995;6,761,0.715;6,979,0.715
0,743;23,4909,1;2,332,0.94;4,586,0.9875;6,779,0.7225;6,985,0.7225
0,745;21,4513,1;2,381,0.975;4,592,1;7,897,0.7375;7,1100,0.7375
1,730;22,4901,1;2,348,0.9875;4,524,0.995;7,887,0.7475;7,1073,0.7475
1,734;22,4871,1;2,372,0.9475;4,609,0.9975;7,945,0.775;6,1144,0.775
1,732;22,4984,1;2,387,0.9525;2,526,0.9775;5,901,0.7825;6,1100,0.7825
1,714;22,4893,1;2,391,0.9775;4,557,0.995;6,810,0.775;6,969,0.775
1,695;22,4806,1;3,368,0.9675;5,617,1;6,730,0.7825;6,819,0.7825
1,689;22,5006,1;3,395,0.97;6,656,1;7,801,0.8;7,880,0.8
0,681;22,4840,1;2,308,0.975;3,506,1;6,762,0.7875;6,876,0.7875
0,623;22,4791,1;1,214,0.945;3,351,0.995;5,593,0.7775;5,739,0.7775
0,596;22,4941,1;1,134,0.9825;1,187,0.99;1,226,0.7625;1,298,0.7625
0,570;21,4699,1;0,77,0.97;1,124,0.9825;1,183,0.75;1,241,0.75
