1,780;12,1875,1;5,779,1;8,1157,1;6,727,0.95;6,778,1
1,780;12,1923,1;3,433,0.95;6,688,0.95;4,531,0.855;5,585,0.905
1,774;12,1992,1;3,424,0.9;5,734,0.93;6,632,0.785;5,614,0.83
1,775;12,1956,1;3,385,0.795;5,632,0.805;5,626,0.675;5,595,0.675
1,783;11,1769,1;3,315,0.77;4,540,0.82;5,590,0.715;5,573,0.69
1,776;12,1909,1;2,305,0.73;5,593,0.755;5,581,0.635;4,560,0.6
1,773;12,1845,1;2,231,0.685;4,507,0.745;4,478,0.57;4,493,0.555
1,778;11,1801,1;2,237,0.62;4,468,0.705;4,465,0.53;3,437,0.53
1,769;12,2020,1;2,293,0.65;5,691,0.68;5,569,0.53;5,624,0.515
1,775;12,1974,1;2,291,0.655;5,582,0.71;4,521,0.54;4,573,0.53
1,779;12,1949,1;2,270,0.565;5,552,0.625;4,501,0.48;4,545,0.465
1,771;12,1899,1;2,275,0.605;3,500,0.645;3,572,0.455;4,609,0.45
1,776;11,1796,1;2,258,0.58;3,487,0.61;4,463,0.475;4,474,0.44
1,773;12,1912,1;1,232,0.59;3,408,0.63;5,522,0.49;4,530,0.465
1,779;12,1871,1;2,289,0.55;3,394,0.525;4,659,0.44;4,688,0.41
1,779;11,1750,0.995;1,225,0.545;2,356,0.58;4,662,0.45;5,712,0.43
1,774;11,1850,1;2,247,0.515;3,378,0.505;3,635,0.41;3,654,0.405
1,776;11,1888,1;2,308,0.52;3,455,0.54;4,636,0.445;4,657,0.41
1,767;11,1860,1;1,215,0.54;2,350,0.53;4,540,0.43;4,597,0.41
1,773;12,1957,1;1,243,0.5;3,377,0.48;3,476,0.395;3,489,0.38
1,772;14,2236,1;1,259,0.495;2,338,0.48;4,555,0.405;4,593,0.36
1,770;12,2103,1;1,238,0.49;2,342,0.47;3,621,0.425;3,635,0.375
1,774;12,1935,1;1,187,0.51;2,325,0.53;4,542,0.435;4,540,0.38
1,761;11,1876,1;1,176,0.485;3,304,0.52;3,390,0.41;3,424,0.375
1,770;12,2015,1;1,185,0.5;3,316,0.525;3,395,0.41;3,387,0.39
1,761;12,1973,1;1,174,0.525;3,347,0.55;3,376,0.39;3,373,0.405
1,770;12,1995,1;1,169,0.49;3,294,0.545;2,371,0.385;2,363,0.4
1,768;12,2051,1;1,161,0.49;2,281,0.54;3,352,0.36;3,405,0.36
1,769;11,1847,1;1,156,0.515;3,323,0.54;4,517,0.41;4,493,0.385
1,766;12,2060,1;1,149,0.46;3,309,0.47;3,438,0.39;4,482,0.38
1,769;12,2025,1;2,200,0.465;2,283,0.47;4,522,0.425;3,518,0.4
1,770;12,1957,1;1,163,0.435;2,288,0.44;4,493,0.37;3,484,0.38
1,778;12,2089,1;1,187,0.415;2,278,0.435;3,521,0.395;4,619,0.39
1,781;12,2053,1;2,220,0.375;3,364,0.395;5,687,0.395;5,721,0.375
1,780;13,2199,1;2,186,0.4;2,255,0.38;5,650,0.4;4,626,0.385
1,769;12,2069,1;1,162,0.355;2,226,0.355;5,682,0.355;5,672,0.345
1,773;13,2212,1;1,174,0.335;2,223,0.335;4,547,0.345;3,499,0.35
1,764;11,1765,1;1,155,0.395;2,259,0.39;4,557,0.365;4,547,0.37
1,770;12,2046,0.99;1,163,0.36;2,263,0.355;5,621,0.375;6,695,0.36
1,778;12,1950,1;1,153,0.35;2,200,0.355;4,540,0.33;4,568,0.355
1,773;12,1877,1;1,165,0.39;2,258,0.365;5,593,0.375;4,550,0.41
1,764;11,1767,1;1,158,0.35;2,269,0.335;4,504,0.355;4,531,0.365
1,770;11,1708,1;1,159,0.315;2,216,0.315;4,551,0.34;4,543,0.33
1,767;11,1764,1;1,151,0.335;2,264,0.32;4,540,0.36;5,575,0.355
1,767;11,1743,1;1,187,0.34;3,301,0.31;3,427,0.355;3,495,0.33
1,768;12,1963,1;1,162,0.3;3,268,0.31;4,483,0.305;4,481,0.28
1,768;12,1847,1;2,214,0.32;2,266,0.345;4,466,0.32;5,583,0.325
1,772;12,1912,1;1,169,0.31;3,307,0.325;4,462,0.295;5,639,0.305
1,772;11,1891,1;1,159,0.315;2,207,0.305;4,486,0.295;3,504,0.29
1,774;11,1878,1;1,165,0.28;2,250,0.3;4,513,0.305;4,591,0.305
1,772;12,1949,1;1,123,0.29;2,190,0.3;4,513,0.295;3,476,0.325
1,766;12,1990,1;1,168,0.275;3,305,0.32;4,469,0.34;4,522,0.365
1,772;12,2068,1;1,174,0.255;3,299,0.325;4,512,0.335;4,563,0.355
1,764;12,1933,1;1,163,0.255;2,260,0.315;5,555,0.34;5,589,0.345
1,762;12,1892,1;1,164,0.235;2,279,0.305;4,502,0.35;4,540,0.33
1,767;11,1810,1;1,169,0.265;2,230,0.31;4,465,0.31;4,516,0.35
1,764;12,1971,1;1,155,0.26;2,208,0.3;3,433,0.315;3,452,0.355
1,758;11,1790,1;1,139,0.255;2,188,0.29;4,452,0.335;4,490,0.355
1,781;12,2000,1;1,176,0.24;3,304,0.29;4,512,0.36;4,536,0.36
1,759;13,2028,1;2,192,0.24;2,241,0.27;4,527,0.35;4,547,0.38
1,770;12,1894,1;1,158,0.25;2,260,0.285;5,562,0.355;4,563,0.365
1,770;11,1840,1;1,184,0.23;2,270,0.27;5,601,0.325;5,618,0.315
1,771;11,1817,1;1,186,0.2;3,296,0.24;5,560,0.315;4,580,0.305
1,778;12,1866,1;1,148,0.22;1,192,0.26;5,592,0.33;5,593,0.33
1,778;12,1844,1;2,198,0.245;3,262,0.29;5,595,0.355;5,635,0.355
1,771;12,1872,1;1,168,0.265;3,282,0.31;4,510,0.35;5,582,0.36
1,766;12,1874,1;1,186,0.27;2,287,0.29;3,495,0.315;3,520,0.325
1,764;11,1818,1;0,120,0.26;1,206,0.3;4,535,0.365;4,578,0.37
1,762;12,1987,1;1,169,0.265;2,262,0.29;3,516,0.365;4,563,0.38
1,770;11,1781,1;1,147,0.3;2,223,0.31;3,485,0.39;4,505,0.4
1,768;12,1962,1;1,169,0.295;2,266,0.305;3,481,0.37;3,522,0.39
1,767;11,1705,1;1,154,0.29;2,249,0.285;3,489,0.36;4,539,0.38
1,769;12,1859,1;1,174,0.295;2,214,0.295;3,441,0.345;3,504,0.355
1,775;12,1919,1;1,168,0.295;1,184,0.315;4,528,0.39;4,494,0.37
1,764;11,1766,1;1,141,0.27;2,262,0.305;4,519,0.38;4,528,0.37
1,776;12,1944,1;1,175,0.26;2,252,0.305;4,542,0.335;5,611,0.32
1,766;12,2013,1;1,187,0.275;2,222,0.305;5,581,0.35;5,630,0.345
1,764;12,1993,1;1,157,0.3;3,275,0.32;4,540,0.335;4,478,0.335
1,770;12,1976,1;1,162,0.235;2,209,0.255;4,518,0.31;4,501,0.305
1,773;12,1967,1;1,163,0.25;2,243,0.275;5,618,0.3;5,571,0.295
1,771;12,1995,1;1,170,0.31;2,228,0.315;4,529,0.325;4,531,0.325
1,771;12,2037,1;2,241,0.315;3,295,0.305;5,582,0.315;5,648,0.315
1,764;12,1951,1;1,164,0.345;2,280,0.35;3,439,0.335;4,462,0.335
1,765;12,1987,1;1,165,0.275;2,232,0.29;3,489,0.275;4,514,0.31
1,765;12,1851,1;1,192,0.26;2,226,0.28;4,525,0.32;4,565,0.335
1,765;13,2038,1;1,181,0.265;2,203,0.31;4,501,0.34;4,509,0.34
1,757;12,2029,1;1,135,0.25;1,175,0.3;4,490,0.305;4,490,0.31
1,772;12,2034,1;1,152,0.22;2,181,0.265;3,450,0.325;4,519,0.33
1,769;11,1836,1;1,163,0.24;2,217,0.3;5,568,0.31;5,607,0.32
1,758;13,1993,1;2,192,0.235;2,222,0.29;4,530,0.32;4,588,0.345
1,764;12,1840,1;1,145,0.24;2,197,0.275;3,452,0.335;3,466,0.36
1,765;11,1786,1;1,174,0.235;3,285,0.275;4,500,0.335;4,500,0.355
0,767;12,1826,1;2,194,0.27;3,329,0.335;5,611,0.405;5,644,0.43
0,764;12,1864,1;1,193,0.28;2,261,0.345;5,567,0.4;4,533,0.415
0,771;11,1735,1;1,191,0.26;3,297,0.315;5,612,0.365;5,620,0.355
0,767;12,1933,1;1,159,0.27;2,204,0.34;4,498,0.415;4,582,0.375
0,772;12,2043,1;1,129,0.305;2,196,0.385;3,414,0.43;3,430,0.395
0,776;11,1882,1;1,142,0.295;2,243,0.385;3,371,0.43;3,414,0.445
1,768;12,1924,1;1,137,0.255;3,273,0.33;3,449,0.385;4,554,0.36
1,761;13,2009,1;1,156,0.265;2,211,0.345;5,582,0.365;4,559,0.365
1,774;12,1968,1;1,166,0.23;2,276,0.325;4,536,0.38;4,537,0.38
1,771;11,1844,1;1,170,0.26;2,234,0.335;4,495,0.425;4,504,0.41
1,762;12,1875,1;2,217,0.29;2,275,0.32;4,476,0.39;4,492,0.38
1,760;12,1859,1;1,177,0.275;2,228,0.305;3,412,0.39;3,450,0.36
1,768;12,1873,1;1,128,0.35;2,206,0.38;4,468,0.45;4,466,0.425
1,752;11,1730,1;1,157,0.37;1,186,0.375;4,456,0.42;3,446,0.415
1,770;11,1610,1;1,184,0.385;2,204,0.395;4,484,0.445;4,509,0.44
1,769;11,1736,1;1,153,0.395;2,235,0.39;4,519,0.425;4,523,0.43
1,769;12,1924,1;1,182,0.375;3,316,0.365;4,519,0.415;4,536,0.415
1,766;11,1644,1;1,165,0.375;2,257,0.375;3,426,0.415;3,409,0.44
1,754;11,1664,1;1,153,0.36;2,217,0.37;4,501,0.42;4,514,0.43
1,761;10,1594,0.99;1,144,0.33;2,196,0.34;3,446,0.38;3,465,0.4
1,767;11,1752,1;1,159,0.395;2,221,0.4;4,449,0.39;3,454,0.385
1,765;11,1780,1;1,140,0.4;2,197,0.38;3,409,0.38;3,453,0.39
1,768;11,1712,1;1,141,0.38;2,251,0.36;3,480,0.405;4,483,0.39
1,759;12,1923,1;1,150,0.38;2,205,0.345;4,482,0.465;3,453,0.435
1,768;11,1833,1;1,153,0.405;1,175,0.35;3,449,0.45;3,456,0.43
1,764;11,1812,1;1,122,0.345;2,200,0.295;3,429,0.425;3,425,0.4
1,763;12,1829,1;1,159,0.33;2,222,0.285;3,429,0.415;3,437,0.375
1,776;12,1924,0.995;1,154,0.33;2,206,0.28;4,525,0.44;4,508,0.41
1,770;12,1910,1;1,180,0.35;2,239,0.31;4,498,0.39;4,515,0.365
1,771;11,1744,0.965;2,190,0.335;2,264,0.295;4,513,0.395;4,515,0.37
1,763;11,1793,1;1,170,0.3;2,215,0.275;4,494,0.335;4,492,0.34
1,777;12,2063,1;2,170,0.285;2,212,0.275;4,473,0.315;3,457,0.32
1,771;13,2023,1;1,161,0.28;2,206,0.29;5,507,0.275;4,537,0.285
1,770;12,1869,1;2,199,0.275;2,254,0.27;4,550,0.275;4,529,0.285
1,772;12,1907,1;2,207,0.28;3,345,0.3;5,543,0.3;5,586,0.325
1,775;12,1982,1;1,152,0.22;2,178,0.235;4,477,0.32;4,468,0.32
1,774;12,1915,1;1,153,0.25;2,202,0.255;5,582,0.31;5,591,0.31
1,779;13,2055,1;1,153,0.25;2,214,0.255;4,526,0.305;4,555,0.3
1,772;12,1895,0.995;2,208,0.21;3,270,0.2;4,511,0.29;5,572,0.295
1,773;12,1971,1;1,166,0.215;2,239,0.205;4,444,0.32;4,489,0.31
1,766;12,1912,1;1,179,0.195;3,288,0.21;4,490,0.265;4,550,0.265
1,763;11,1737,1;1,155,0.225;2,190,0.235;4,486,0.33;4,557,0.33
1,775;13,2102,1;1,138,0.255;2,252,0.22;4,496,0.33;4,504,0.34
1,769;12,2016,1;1,141,0.285;2,245,0.245;4,510,0.345;4,520,0.36
1,768;12,1890,1;1,153,0.265;2,243,0.225;5,564,0.34;5,594,0.35
1,769;12,1867,1;2,198,0.27;3,295,0.265;5,573,0.35;5,598,0.37
1,766;11,1810,1;1,179,0.275;3,297,0.295;5,548,0.34;4,522,0.36
1,771;12,1797,1;1,144,0.245;2,211,0.26;4,474,0.355;4,486,0.375
1,773;13,1990,1;1,159,0.265;2,222,0.29;4,489,0.38;4,494,0.355
1,768;12,1849,1;1,133,0.245;2,178,0.275;4,468,0.37;4,499,0.365
1,764;12,1878,1;1,135,0.265;2,195,0.285;3,416,0.365;3,453,0.365
1,762;12,1832,1;1,120,0.285;2,218,0.29;4,476,0.42;4,496,0.4
1,760;12,1879,1;1,156,0.285;2,196,0.275;4,476,0.37;3,440,0.35
1,763;12,1859,1;1,183,0.31;2,193,0.345;3,373,0.385;3,424,0.35
1,763;11,1667,1;1,160,0.315;2,213,0.33;3,404,0.395;3,432,0.37
1,762;11,1816,1;1,146,0.33;2,217,0.34;4,474,0.36;3,473,0.335
1,759;12,1912,1;1,167,0.3;2,197,0.31;4,519,0.39;4,499,0.34
1,771;12,2023,1;2,162,0.29;2,201,0.285;4,537,0.34;5,590,0.29
1,759;11,1867,1;1,154,0.29;2,196,0.305;4,467,0.4;5,583,0.345
1,766;12,1749,1;2,190,0.29;2,230,0.315;5,579,0.38;5,636,0.35
1,769;12,1817,1;1,176,0.305;2,263,0.305;4,543,0.37;4,533,0.325
1,751;12,1849,1;1,157,0.305;2,251,0.315;4,440,0.385;3,434,0.335
1,766;12,1912,1;1,157,0.305;2,244,0.32;4,484,0.38;4,552,0.34
1,759;12,2034,1;1,167,0.255;2,287,0.265;4,486,0.38;4,492,0.345
1,764;12,1867,1;1,151,0.265;2,191,0.25;3,432,0.36;3,447,0.335
1,765;12,1789,1;1,141,0.28;2,211,0.27;4,516,0.385;4,519,0.34
1,764;12,1906,1;1,173,0.29;2,276,0.27;4,476,0.37;3,473,0.305
1,766;11,1765,1;1,156,0.32;2,229,0.3;4,469,0.38;4,497,0.33
1,766;11,1696,0.995;1,140,0.33;2,243,0.325;5,546,0.375;4,507,0.335
1,761;12,1859,1;1,192,0.28;3,309,0.3;3,480,0.365;3,496,0.31
1,762;11,1818,1;1,146,0.27;2,229,0.29;4,488,0.395;4,516,0.345
1,773;13,2014,1;2,209,0.275;2,252,0.3;4,457,0.385;4,515,0.335
1,768;12,1835,1;1,186,0.29;3,288,0.29;4,510,0.43;4,545,0.385
1,760;12,1938,1;1,182,0.285;2,234,0.3;4,530,0.395;4,528,0.355
1,767;12,1992,1;1,171,0.26;2,255,0.265;4,535,0.375;5,603,0.35
1,770;11,1801,1;2,190,0.235;2,272,0.245;4,548,0.38;4,546,0.345
1,759;11,1734,0.99;2,157,0.235;2,209,0.245;4,496,0.375;4,492,0.34
1,766;12,1873,1;1,169,0.255;2,269,0.255;4,468,0.375;5,555,0.36
1,766;11,1699,1;2,193,0.245;2,227,0.25;5,604,0.37;4,572,0.345
1,775;11,1689,1;1,129,0.255;2,262,0.245;4,533,0.38;4,562,0.345
1,775;12,1842,1;1,165,0.28;2,224,0.23;5,579,0.38;4,571,0.33
1,774;12,1931,1;1,169,0.325;2,219,0.29;4,538,0.41;4,534,0.37
1,760;12,1836,1;1,124,0.33;2,181,0.315;4,482,0.395;3,484,0.34
1,762;12,1839,1;1,112,0.32;2,194,0.305;3,412,0.37;4,472,0.355
1,771;12,1888,1;1,123,0.335;2,216,0.33;4,530,0.385;4,539,0.35
0,765;12,1937,1;1,186,0.285;2,225,0.29;4,511,0.345;4,536,0.32
1,766;11,1844,1;1,147,0.305;1,175,0.3;3,418,0.39;3,475,0.35
1,769;11,1755,1;1,137,0.28;2,228,0.28;4,516,0.36;5,592,0.335
1,770;11,1793,1;1,159,0.24;3,324,0.245;4,473,0.325;4,522,0.335
1,777;12,1995,1;2,221,0.305;2,271,0.3;5,560,0.38;4,571,0.395
1,762;12,1863,1;1,164,0.27;2,253,0.285;3,425,0.37;3,459,0.37
1,767;11,1746,1;1,146,0.28;2,227,0.265;4,456,0.35;4,491,0.35
1,767;11,1817,1;1,125,0.275;2,222,0.28;4,479,0.345;4,538,0.34
1,760;13,1931,1;1,113,0.28;2,196,0.28;2,340,0.335;3,446,0.33
1,766;12,1831,1;1,133,0.25;2,221,0.255;3,440,0.365;4,542,0.315
1,770;12,1898,1;1,124,0.29;1,170,0.28;2,365,0.37;3,434,0.335
1,770;12,1874,1;1,112,0.26;2,180,0.27;2,357,0.38;3,407,0.325
1,767;11,1766,0.96;1,149,0.275;2,197,0.265;4,470,0.34;4,481,0.335
1,762;11,1816,1;1,124,0.305;2,237,0.285;2,361,0.39;2,353,0.355
1,756;11,1768,1;1,125,0.35;1,175,0.325;3,443,0.425;3,413,0.405
1,766;11,1794,1;1,144,0.365;2,235,0.345;4,492,0.435;3,435,0.435
1,756;11,1821,1;1,176,0.4;1,185,0.375;4,522,0.46;3,465,0.425
1,764;12,1844,1;2,181,0.38;2,218,0.35;3,490,0.475;4,566,0.455
1,766;12,1879,1;1,194,0.38;2,239,0.33;4,560,0.48;5,624,0.455
1,759;12,1885,1;1,155,0.38;2,218,0.32;4,558,0.47;4,564,0.465
1,755;11,1830,1;1,189,0.395;3,269,0.325;4,550,0.47;4,543,0.48
1,742;12,1972,1;1,101,0.395;2,200,0.315;3,434,0.49;4,498,0.505
1,720;12,1874,1;1,121,0.41;1,125,0.33;2,309,0.49;2,354,0.51
0,697;13,2029,1;1,107,0.445;1,125,0.365;2,258,0.53;2,236,0.545
0,714;12,2002,1;1,134,0.45;1,167,0.4;2,345,0.59;2,352,0.575
0,670;13,2132,1;1,108,0.47;1,143,0.39;3,383,0.61;2,340,0.6
0,687;12,1949,1;1,102,0.505;2,191,0.435;4,451,0.635;4,456,0.625
0,685;12,1929,1;0,53,0.515;1,120,0.435;2,230,0.67;2,268,0.66
0,602;11,1823,1;0,40,0.52;0,71,0.435;1,145,0.67;1,163,0.645
0,528;12,1867,1;0,49,0.56;1,78,0.45;1,183,0.68;1,142,0.665
0,563;13,2077,1;0,48,0.545;1,71,0.46;1,201,0.695;1,188,0.695
0,364;12,1899,1;0,63,0.525;0,50,0.445;2,214,0.72;2,233,0.7
0,432;12,1887,0.995;0,46,0.525;0,38,0.45;1,170,0.725;1,211,0.705
0,233;11,1738,1;0,13,0.525;0,21,0.45;0,42,0.715;0,51,0.695
0,204;11,1826,1;0,10,0.525;0,15,0.45;0,42,0.725;0,51,0.705
0,233;12,1899,1;0,11,0.525;0,13,0.45;0,42,0.725;0,51,0.705
