1,780;19,4738,1;3,895,0.995;4,1162,1;5,1139,1;7,1285,1
1,756;19,4775,1;2,441,0.985;4,685,0.995;6,936,0.94;6,1070,0.94
1,762;21,4686,1;3,537,0.98;5,742,0.995;6,924,0.875;7,1185,0.875
0,748;21,5014,1;3,447,0.9875;4,637,0.995;7,901,0.84;6,1133,0.84
1,754;21,4838,1;3,415,0.95;4,662,0.985;7,934,0.83;7,1153,0.83
1,747;21,4582,1;3,479,0.9825;5,700,1;7,936,0.8325;7,1106,0.8325
2,731;21,4504,1;3,402,0.98;4,553,0.99;7,884,0.79;7,1145,0.79
1,753;22,4805,1;3,421,0.965;3,595,0.9975;6,998,0.7925;5,1265,0.7925
1,745;22,5037,1;1,427,0.9425;2,650,1;5,915,0.7975;7,1119,0.7975
0,747;21,4700,1;2,408,0.9525;3,599,0.9925;4,846,0.7775;5,1039,0.7775
1,745;22,4786,1;1,452,0.9575;3,630,0.99;4,796,0.74;4,995,0.74
0,740;22,4791,1;2,361,0.9575;2,634,1;4,884,0.725;5,1098,0.725
1,751;22,4703,1;2,472,0.9775;2,595,0.9925;4,895,0.725;5,1118,0.725
1,750;21,4827,1;2,405,0.9275;4,628,0.9925;6,878,0.7175;7,1138,0.7175
1,748;21,4676,1;3,476,0.995;3,667,1;5,1025,0.76;6,1266,0.76
1,758;22,4868,1;1,389,0.975;3,656,0.995;5,910,0.7375;5,1145,0.7375
1,744;21,4680,1;1,393,0.915;3,631,0.9875;5,959,0.72;5,1253,0.72
1,753;22,5044,1;3,540,0.9725;3,779,0.99;5,1018,0.7475;9,1322,0.7475
1,750;22,4867,1;2,501,0.985;4,678,0.9975;9,1046,0.74;7,1395,0.74
1,750;13,5054,1;2,454,0.95;3,699,0.9975;8,982,0.735;8,1262,0.735
1,749;12,4737,1;3,439,0.9375;5,766,0.9975;9,1056,0.7425;9,1442,0.7425
1,750;13,5007,1;3,462,0.9825;4,700,0.9925;8,990,0.7175;9,1368,0.7175
1,757;13,4970,1;2,490,0.9575;3,807,0.9975;7,1014,0.7275;6,1346,0.7275
1,734;13,4816,1;2,532,0.975;3,751,0.9875;5,984,0.7475;6,1338,0.7475
1,754;22,5095,1;2,535,0.96;3,776,0.9975;6,1054,0.79;6,1416,0.79
1,750;16,4813,1;2,509,0.945;3,814,0.995;6,1051,0.7875;6,1344,0.7875
1,729;20,4793,1;2,384,0.9775;2,648,0.9925;5,977,0.77;5,1256,0.77
1,747;19,4766,1;3,465,0.9725;4,609,0.9875;7,965,0.7625;7,1249,0.7625
1,747;20,5013,1;3,466,0.9725;4,729,0.9975;8,1041,0.7575;8,1224,0.7575
1,748;19,4864,1;3,470,0.96;4,692,0.995;7,963,0.745;8,1194,0.74
0,733;20,4733,1;2,421,0.9325;3,610,0.985;8,1022,0.77;5,1281,0.7675
0,741;22,4910,1;2,470,0.9675;4,635,1;7,1051,0.7625;8,1354,0.7625
0,747;22,4988,1;2,424,0.9575;4,592,0.9875;7,923,0.765;7,1119,0.765
1,745;22,5003,1;2,444,0.97;4,621,0.99;8,1016,0.735;6,1235,0.735
0,735;20,4896,1;2,408,0.975;3,656,0.995;5,934,0.7525;5,1163,0.7525
0,740;19,4878,1;1,401,0.98;2,592,0.9925;5,948,0.7475;5,1171,0.75
0,739;18,4488,1;1,396,0.9875;2,550,0.995;6,937,0.74;6,1202,0.7425
0,733;18,4721,1;2,328,0.955;3,521,0.9925;4,676,0.7375;3,844,0.7425
1,729;21,4379,1;1,336,0.9425;3,476,0.9925;5,876,0.7275;6,1098,0.7325
0,737;19,4811,1;2,378,0.975;3,495,0.9875;6,818,0.695;6,1035,0.6975
0,738;18,4460,1;2,400,0.9775;4,560,0.9925;6,871,0.7175;6,1090,0.7225
0,740;18,4813,1;2,330,0.96;3,514,0.9975;4,655,0.7225;4,881,0.7275
0,740;22,4952,1;2,370,0.965;3,600,1;5,818,0.7125;6,1033,0.7175
1,743;21,4628,1;2,401,0.9825;4,577,0.995;7,874,0.6975;7,1059,0.71
1,744;22,4906,1;2,386,0.9825;4,496,0.9825;6,844,0.7275;7,1025,0.745
0,746;22,5123,1;2,361,0.93;4,607,0.9975;5,863,0.725;6,993,0.7375
1,750;21,4809,1;3,484,0.98;3,663,0.99;4,853,0.745;5,1066,0.7525
0,749;22,4864,1;2,389,0.9225;4,674,0.9875;6,901,0.7475;5,1140,0.75
1,745;22,4974,1;2,409,0.9325;4,710,0.995;7,999,0.745;7,1264,0.745
1,754;21,4799,1;2,496,0.975;3,686,0.9975;5,1003,0.7575;5,1308,0.76
1,756;21,4909,1;3,424,0.9525;4,647,1;8,992,0.73;8,1276,0.7275
1,730;19,4998,1;2,432,0.9525;2,612,0.985;6,927,0.74;6,1180,0.74
1,747;19,4804,1;1,413,0.9575;2,602,0.9975;7,933,0.74;8,1186,0.7375
1,742;19,4768,1;2,382,0.955;4,647,0.995;6,908,0.72;7,1169,0.715
1,738;19,4964,1;2,390,0.9775;4,593,1;7,906,0.715;6,1150,0.7125
0,743;19,4649,1;2,414,0.9675;3,602,0.9975;7,957,0.7275;7,1216,0.73
0,725;18,4468,1;2,316,0.9575;3,462,0.9875;7,894,0.7525;7,1182,0.7525
1,749;19,4735,1;2,436,0.97;4,605,0.9875;8,987,0.75;8,1278,0.7475
0,739;19,4778,1;2,374,0.9725;3,540,0.9875;8,1000,0.76;9,1348,0.7575
0,732;19,4505,1;1,359,0.9675;2,560,1;5,956,0.7625;5,1257,0.7625
0,762;19,4773,1;1,426,0.94;3,681,1;4,925,0.735;5,1186,0.735
1,752;20,4992,1;1,456,0.98;2,597,0.98;5,1031,0.7225;5,1302,0.7225
0,729;19,4828,1;1,390,0.9625;2,568,0.99;5,1019,0.7125;8,1286,0.71
0,746;21,4794,1;1,411,0.9775;2,651,0.9975;5,938,0.6925;5,1232,0.69
0,734;22,5086,1;2,351,0.9625;4,588,0.995;7,936,0.7025;8,1219,0.7025
1,741;21,4724,1;3,476,0.965;4,692,0.985;8,985,0.7025;8,1326,0.705
0,733;22,4952,1;2,398,0.975;4,659,0.9975;6,885,0.6875;7,1151,0.685
0,743;22,4937,1;2,369,0.9475;4,633,0.99;7,957,0.68;8,1273,0.675
1,751;22,5151,1;3,456,0.9625;5,731,0.9925;8,1068,0.675;9,1420,0.67
1,744;22,5131,1;2,477,0.9675;4,623,0.9975;8,1052,0.705;9,1403,0.705
1,754;22,5049,1;3,454,0.9775;4,639,0.995;7,977,0.71;8,1273,0.71
0,738;21,4578,1;2,364,0.97;3,493,0.995;5,970,0.73;7,1237,0.73
0,736;21,4735,1;2,364,0.9625;3,578,0.9975;7,1009,0.7325;5,1284,0.7325
1,734;23,4628,1;2,363,0.9425;3,546,0.985;4,831,0.73;4,1118,0.73
0,743;21,4570,1;3,404,0.98;3,579,0.9975;8,1001,0.725;8,1289,0.725
0,737;21,4734,1;2,380,0.9875;2,487,0.9925;7,959,0.715;7,1202,0.715
0,735;22,4959,1;1,318,0.945;3,520,0.9975;6,840,0.715;6,1121,0.715
0,742;21,4776,1;2,390,0.9775;2,571,0.995;5,958,0.72;5,1237,0.72
0,760;22,4800,1;1,422,0.97;3,670,0.9925;5,964,0.725;5,1234,0.725
0,716;21,4980,1;2,355,0.955;3,568,0.9875;5,716,0.72;3,968,0.72
0,752;22,5114,1;2,400,0.96;3,600,0.995;6,950,0.705;5,1195,0.705
1,735;19,4884,1;2,367,0.9725;3,595,1;5,928,0.6875;5,1232,0.6875
1,739;19,4624,1;2,355,0.95;3,544,0.9925;7,872,0.695;7,1140,0.695
0,732;18,4671,1;2,343,0.9825;3,455,0.99;6,872,0.6675;7,1162,0.6675
0,742;19,4800,1;2,311,0.925;2,529,1;5,979,0.67;5,1238,0.67
0,745;18,4503,1;1,356,0.925;2,547,0.9975;5,904,0.66;5,1193,0.66
1,742;19,4761,1;1,385,0.9675;2,534,0.9975;4,829,0.6375;4,1113,0.6375
1,744;19,4829,1;1,380,0.945;2,592,0.98;4,869,0.625;4,1145,0.625
1,746;22,4832,1;1,395,0.975;2,501,0.9875;5,939,0.6425;7,1281,0.6425
1,743;20,4566,1;1,382,0.9625;2,589,1;5,926,0.635;5,1198,0.635
1,739;22,4907,1;2,460,0.985;2,641,1;5,1003,0.6625;5,1323,0.6625
1,738;22,5166,1;1,360,0.955;2,598,0.995;5,943,0.6775;5,1238,0.6775
1,745;22,5084,1;1,410,0.975;2,646,0.9975;6,1026,0.6875;6,1355,0.6875
1,746;22,5059,1;2,423,0.975;4,623,0.9975;7,975,0.725;7,1264,0.7275
1,748;23,5192,1;3,453,0.9475;4,653,0.995;8,1029,0.725;8,1304,0.725
1,752;21,4804,1;2,410,0.9325;4,642,0.9975;7,993,0.745;8,1263,0.745
1,748;22,4933,1;3,417,0.935;4,643,1;7,1006,0.7225;8,1258,0.7225
1,733;23,5127,1;2,324,0.9625;3,516,0.9925;6,861,0.715;6,1081,0.715
1,747;22,5063,1;2,357,0.945;3,568,0.9975;4,866,0.71;6,1089,0.71
1,748;23,5169,1;3,467,0.9825;2,587,1;6,969,0.6975;8,1266,0.6975
1,755;21,5026,1;3,444,0.9725;4,576,0.9925;7,970,0.72;8,1179,0.72
1,737;12,4827,1;2,365,0.9825;3,500,0.995;7,900,0.7225;7,1105,0.7225
1,737;12,4542,1;2,363,0.9725;4,600,1;5,797,0.725;6,1010,0.725
1,747;22,4911,1;2,388,0.9725;3,532,0.9975;6,888,0.7175;4,1130,0.7175
1,747;21,4899,1;2,366,0.9825;4,600,0.9975;6,881,0.6925;6,1112,0.6925
1,727;22,4884,1;1,282,0.9675;2,418,0.9925;6,937,0.69;7,1235,0.69
1,731;22,4802,1;1,320,0.9775;2,411,0.995;5,724,0.6825;5,979,0.6825
1,733;21,4823,1;2,348,0.9675;3,496,0.9925;7,888,0.6725;6,1156,0.675
1,741;21,4824,1;1,354,0.9575;3,525,0.995;6,906,0.6825;7,1093,0.6825
1,732;22,4929,1;2,335,0.9525;3,531,0.995;6,885,0.6875;7,1098,0.69
0,739;21,4908,1;2,365,0.96;3,513,1;7,923,0.695;7,1151,0.6975
1,746;20,4427,1;2,349,0.9625;3,493,0.9775;6,849,0.6875;7,1148,0.69
0,742;19,4564,1;2,311,0.945;3,477,0.9875;7,893,0.6875;7,1143,0.69
0,741;20,5080,1;2,345,0.9725;3,520,0.995;5,780,0.68;5,999,0.6825
0,736;20,4726,1;1,322,0.94;3,578,1;6,936,0.6875;6,1161,0.69
0,743;21,4977,1;2,449,0.975;4,689,1;6,944,0.71;6,1178,0.71
0,735;21,4800,1;1,452,0.9675;4,627,0.99;7,1029,0.69;7,1281,0.6925
1,746;19,4730,1;1,416,0.9725;2,625,1;6,1017,0.6825;8,1285,0.685
1,738;21,4763,1;3,460,0.9775;4,676,0.9975;8,1075,0.6925;9,1435,0.695
0,745;22,4830,1;2,442,0.975;4,630,0.9875;8,961,0.705;8,1260,0.71
1,740;20,4514,1;2,392,0.9675;4,564,0.99;7,979,0.6975;8,1281,0.7025
0,753;21,4847,1;3,453,0.9875;4,645,0.9625;7,1042,0.69;7,1393,0.7
0,741;21,4606,1;1,363,0.9325;2,639,1;5,1015,0.67;9,1359,0.685
1,743;22,5036,1;2,375,0.9775;2,513,0.965;6,880,0.675;6,1095,0.685
1,743;22,5023,1;1,336,0.915;4,634,0.9875;6,977,0.66;7,1192,0.6725
0,734;22,5001,1;2,354,0.9575;3,547,0.9875;6,920,0.6575;7,1217,0.67
1,744;22,4985,1;2,366,0.96;4,616,0.9875;6,982,0.67;6,1231,0.68
1,745;21,4634,1;2,429,0.975;3,647,1;6,919,0.6725;6,1154,0.68
1,734;21,4819,1;1,388,0.97;4,530,0.9875;8,1018,0.7075;9,1306,0.7075
0,744;21,4608,1;2,363,0.9525;4,610,0.9925;7,953,0.7025;8,1277,0.7075
1,733;22,4985,1;2,389,0.9725;3,566,0.99;6,947,0.72;6,1187,0.7175
0,744;22,4887,1;2,410,0.9775;3,601,0.9875;5,926,0.695;7,1260,0.7025
0,743;22,5012,1;2,383,0.975;3,565,0.9925;7,930,0.705;7,1186,0.7125
0,744;22,4925,1;1,320,0.9575;2,489,0.995;4,807,0.695;4,1040,0.6975
0,737;21,4602,1;2,333,0.9775;3,476,0.9925;7,920,0.6975;8,1199,0.7025
0,741;21,4623,1;1,295,0.93;3,437,0.9825;6,842,0.6775;6,1009,0.685
0,747;22,4865,1;2,387,0.985;4,629,0.995;7,927,0.6775;7,1198,0.68
0,740;22,4826,1;2,411,0.9675;4,644,0.9975;7,960,0.6875;7,1168,0.6875
0,724;21,4510,1;2,336,0.9775;3,485,0.995;5,786,0.6875;6,1037,0.69
1,740;22,4743,1;2,355,0.975;3,499,0.995;5,792,0.6775;6,1013,0.68
1,747;21,4463,1;2,347,0.9575;3,523,0.9925;6,850,0.6925;7,1114,0.6925
1,732;22,4772,1;2,343,0.9825;2,452,0.9975;6,825,0.69;7,1055,0.69
1,753;22,5022,1;2,362,0.96;4,593,0.9975;7,948,0.675;8,1221,0.6775
1,738;21,4556,1;2,330,0.99;3,429,0.9975;5,877,0.6675;6,1132,0.67
1,736;23,4748,1;1,308,0.95;3,482,1;6,826,0.6475;5,1108,0.6475
1,728;23,4846,1;1,277,0.9775;2,391,0.995;5,789,0.6425;5,1055,0.6425
0,736;22,4872,1;1,317,0.9725;2,490,0.99;4,699,0.6225;4,897,0.6225
1,737;21,4870,1;2,285,0.9575;3,443,0.995;5,723,0.6125;6,980,0.61
0,737;22,4757,1;2,298,0.9325;3,504,0.995;6,819,0.5975;6,1075,0.595
0,740;21,4864,1;2,359,0.9725;3,473,0.99;5,767,0.615;6,960,0.6125
0,745;21,4673,1;2,322,0.93;3,510,0.9975;6,816,0.6;5,1028,0.5975
0,739;22,5062,1;2,333,0.9375;3,513,0.99;5,841,0.6025;5,1096,0.6
0,732;21,4914,1;2,355,0.9675;2,504,0.9925;4,899,0.6125;5,1181,0.61
0,734;21,4792,1;1,276,0.9325;2,497,0.995;7,966,0.6375;8,1272,0.6375
1,752;21,4836,1;2,426,0.98;4,654,0.9875;6,876,0.635;7,1124,0.6375
0,749;22,4829,1;2,373,0.98;4,566,0.9975;7,961,0.6375;7,1229,0.64
0,752;21,4970,1;2,395,0.965;4,579,0.9875;7,945,0.66;7,1253,0.6625
1,743;21,5079,1;2,375,0.9775;3,494,0.9975;7,930,0.6425;7,1155,0.645
0,743;22,5029,1;2,380,0.965;4,622,0.995;8,1014,0.6525;7,1289,0.655
0,738;21,5081,1;2,333,0.94;3,571,0.9925;7,918,0.645;7,1159,0.6475
0,745;23,5155,1;2,378,0.915;5,672,0.995;7,933,0.65;5,1233,0.65
0,733;22,5176,1;1,460,0.975;2,524,0.9825;5,947,0.675;5,1194,0.6725
0,738;22,4897,1;1,380,0.96;2,566,0.995;7,893,0.685;7,1133,0.685
1,729;23,4811,1;2,364,0.97;3,520,0.9925;7,896,0.6925;7,1206,0.6925
1,747;14,4881,1;2,388,0.9175;4,655,0.9975;6,868,0.6975;6,1133,0.7
1,741;14,4906,1;2,371,0.98;3,511,1;6,892,0.6775;7,1198,0.68
1,725;12,4752,1;2,316,0.9825;3,419,0.9925;6,748,0.665;6,965,0.6675
1,741;13,5050,1;2,314,0.9225;3,472,0.99;7,882,0.6875;7,1140,0.69
1,737;12,4850,1;2,410,0.9725;3,556,0.9975;7,893,0.6625;7,1197,0.665
1,735;13,4961,1;1,331,0.99;3,431,0.9975;6,844,0.6825;7,1083,0.685
1,718;12,4627,1;1,258,0.96;3,414,0.9975;5,733,0.675;5,938,0.6775
1,745;12,4750,1;2,323,0.96;3,478,0.995;7,909,0.675;7,1191,0.68
1,745;13,4887,1;2,341,0.95;2,541,0.99;4,869,0.6625;4,1138,0.6675
1,734;12,4798,1;1,357,0.965;3,471,0.995;5,848,0.6675;4,1049,0.6725
1,737;13,4796,1;1,309,0.99;1,359,0.9825;4,821,0.655;4,1040,0.6625
1,748;12,4982,1;1,278,0.9425;2,402,0.9775;4,908,0.6525;4,1123,0.6575
0,739;20,4879,1;1,359,0.9425;2,555,0.9975;4,838,0.6525;6,1072,0.6625
0,745;20,4750,1;2,351,0.9525;2,480,0.975;4,809,0.6575;4,1036,0.6675
2,737;20,4887,1;1,306,0.96;1,437,0.99;4,875,0.6475;4,1105,0.66
1,720;20,4826,1;1,355,0.98;3,462,0.9875;6,759,0.6575;6,1037,0.67
1,743;21,4973,1;2,374,0.975;4,567,0.99;6,872,0.6625;7,1177,0.6825
1,735;21,5085,1;2,354,0.9375;4,569,0.9875;6,824,0.6425;6,989,0.66
1,752;20,4943,1;2,419,0.98;4,611,0.9975;6,803,0.6625;4,1054,0.6725
1,741;21,5341,1;1,383,0.9625;3,607,0.995;6,881,0.6625;5,1083,0.6825
1,735;20,5009,1;2,343,0.9775;2,472,0.995;5,836,0.6625;7,1035,0.6775
1,732;20,4796,1;2,326,0.9825;3,460,0.9975;7,918,0.67;8,1151,0.685
1,746;20,5005,1;1,280,0.9175;3,524,1;7,893,0.665;6,1104,0.68
1,738;19,4430,1;2,379,0.96;3,484,0.9875;7,910,0.67;7,1146,0.6875
1,743;19,4509,1;2,337,0.9475;3,512,1;6,820,0.6675;6,1009,0.6725
0,728;19,4784,1;2,326,0.945;3,471,0.9825;6,801,0.66;6,952,0.67
0,742;20,4867,1;2,376,0.9775;3,493,0.9625;5,765,0.67;6,1024,0.665
1,731;20,4815,1;2,345,0.96;3,582,0.9975;5,863,0.6575;5,1106,0.6625
1,745;20,4916,1;1,404,0.965;3,583,0.995;6,929,0.675;6,1158,0.69
0,730;19,4784,1;2,396,0.975;2,572,0.985;5,911,0.685;5,1029,0.7
0,719;19,4854,1;1,316,0.9425;2,509,0.9925;4,800,0.6825;4,1055,0.705
0,721;22,4879,1;1,297,0.9525;3,518,0.9975;4,735,0.6675;4,888,0.68
1,722;23,5092,1;2,362,0.9725;2,459,0.9775;3,742,0.6675;5,974,0.675
1,725;21,4796,1;2,360,0.9725;3,612,0.9925;6,889,0.6725;6,1033,0.6775
1,710;21,4994,1;2,320,0.945;3,472,0.995;7,925,0.705;8,1122,0.7175
1,677;21,4613,1;1,296,0.9575;3,523,1;6,723,0.6775;6,870,0.7025
1,679;22,4965,1;1,254,0.96;3,454,1;4,579,0.6825;4,726,0.7
1,652;21,4527,1;1,240,0.9875;2,369,1;3,488,0.675;2,511,0.6825
1,621;21,4745,1;1,163,0.975;2,283,0.9925;3,433,0.6775;3,571,0.695
1,602;22,4825,1;1,183,0.985;2,276,0.9975;3,377,0.6875;3,446,0.6975
0,447;23,5297,1;0,111,0.9525;1,203,0.9875;2,275,0.6775;2,393,0.6875
0,460;22,4930,1;1,154,0.9675;1,203,0.995;2,333,0.6675;3,498,0.68
0,457;22,4853,1;0,79,0.9525;1,181,1;1,199,0.6675;1,280,0.6825
0,477;22,4909,1;1,89,0.9925;1,113,1;1,191,0.6675;1,268,0.6825
0,315;21,4800,1;0,46,0.9875;0,82,0.995;0,100,0.66;0,126,0.675
0,261;21,4612,1;0,26,0.99;0,39,0.995;0,67,0.6625;0,89,0.6775
0,286;21,4601,1;0,28,0.99;0,40,0.995;0,81,0.6625;0,107,0.6775
0,331;22,4777,1;0,35,0.99;0,41,1;0,80,0.66;0,96,0.675
