23,16110;65,18184,0.932222;32,7981,0.773333;47,12488,0.886667;53,8195,0.688889;56,11069,0.838889
21,14558;66,18317,0.924444;10,3370,0.796667;15,5822,0.893333;18,3891,0.74;18,5286,0.831111
23,14524;66,18137,0.946667;10,3449,0.771111;16,5934,0.87;20,4334,0.776667;20,5910,0.881111
21,14677;67,18485,0.931111;11,3723,0.812222;15,5702,0.891111;17,3760,0.757778;20,5763,0.846667
22,14914;69,19100,0.936667;11,3636,0.812222;16,6182,0.885556;20,4345,0.747778;21,5944,0.842222
21,14465;67,18432,0.961111;16,3195,0.791111;25,5993,0.866667;27,3817,0.732222;35,6469,0.864444
23,15056;67,18064,0.956667;18,3706,0.792222;26,6302,0.903333;29,4096,0.738889;32,5837,0.863333
23,15450;67,18416,0.941111;18,3570,0.798889;25,5894,0.916667;33,4645,0.667778;37,6623,0.887778
23,15227;67,18414,0.962222;18,3731,0.794444;26,6478,0.9;28,4119,0.655556;34,6283,0.868889
21,14634;62,18870,0.945556;16,3367,0.754444;24,5788,0.873333;25,3741,0.678889;30,5491,0.842222
21,14787;60,18287,0.944444;18,3716,0.754444;27,6551,0.847778;27,4083,0.673333;36,6573,0.845556
21,14891;59,18531,0.931111;16,3375,0.734444;27,6382,0.852222;30,4612,0.753333;28,6092,0.818889
21,15035;61,18895,0.937778;12,3872,0.766667;16,6135,0.873333;20,4325,0.722222;34,6101,0.857778
22,15354;61,18945,0.94;20,4104,0.77;29,7148,0.882222;38,5177,0.757778;41,7400,0.862222
22,14841;61,18727,0.952222;17,3836,0.792222;28,6861,0.897778;32,4646,0.744444;39,7050,0.894444
29,15117;61,18820,0.948889;17,3420,0.764444;25,5993,0.842222;34,4520,0.741111;34,6237,0.89
21,14903;60,18648,0.946667;18,3819,0.783333;27,6613,0.864444;32,4381,0.703333;24,6457,0.877778
21,14528;70,19039,0.925556;11,3594,0.793333;16,6319,0.866667;21,4392,0.732222;20,5676,0.824444
23,15534;62,18627,0.915556;12,3878,0.804444;18,6939,0.875556;22,4529,0.74;26,7298,0.851111
17,15143;61,19004,0.955556;12,3492,0.796667;16,5723,0.864444;21,4321,0.738889;23,6388,0.87
23,14752;60,18615,0.95;17,3456,0.782222;25,6350,0.892222;33,4497,0.713333;37,6713,0.855556
22,15098;59,17994,0.943333;17,3421,0.806667;25,6081,0.913333;29,4048,0.732222;33,6169,0.862222
22,14990;59,18525,0.938889;18,3565,0.773333;20,5795,0.884444;29,4238,0.654444;33,6038,0.841111
23,15622;59,18171,0.961111;12,3512,0.817778;16,6222,0.895556;21,4390,0.657778;24,6635,0.872222
21,14752;56,17718,0.964444;10,3127,0.798889;16,5976,0.934444;21,4564,0.738889;22,6333,0.894444
22,15002;64,17407,0.97;18,3350,0.84;27,5987,0.916667;31,4438,0.798889;32,5947,0.878889
23,15226;64,17344,0.983333;15,2882,0.87;15,5077,0.894444;17,3889,0.834444;18,5142,0.896667
22,15553;62,16603,0.966667;11,3352,0.851111;16,5897,0.917778;20,4338,0.805556;22,6121,0.865556
22,14784;59,16315,0.981111;9,2771,0.781111;13,4877,0.883333;17,3874,0.804444;26,4897,0.855556
22,14962;61,16405,0.963333;18,3217,0.826667;24,5262,0.928889;26,3827,0.83;27,5058,0.893333
22,14944;58,16128,0.97;14,2641,0.838889;19,4198,0.917778;24,3499,0.797778;24,4356,0.856667
22,14974;53,15368,0.984444;15,2854,0.858889;21,4244,0.925556;22,3397,0.8;23,4350,0.864444
21,14655;59,15581,0.963333;15,2548,0.865556;20,4076,0.94;20,3049,0.78;20,3839,0.871111
22,14870;59,15664,0.983333;14,2512,0.861111;19,4170,0.953333;21,3297,0.835556;23,4356,0.848889
22,15467;50,15482,0.985556;13,2575,0.897778;20,4229,0.963333;22,3396,0.838889;23,4453,0.872222
22,14630;54,15846,0.993333;13,2421,0.898889;18,3763,0.954444;18,2908,0.865556;19,3812,0.927778
32,14853;52,15271,0.997778;12,2201,0.892222;18,3758,0.967778;17,2764,0.826667;18,3430,0.902222
22,15052;52,15116,0.986667;14,2677,0.87;21,4449,0.965556;19,3254,0.854444;20,4065,0.917778
22,15211;52,15184,0.994444;13,2326,0.92;17,3626,0.983333;17,2867,0.891111;17,3235,0.924444
21,14155;53,15292,0.997778;11,2054,0.93;16,3288,0.966667;16,2638,0.883333;17,3164,0.895556
21,14730;57,14555,0.986667;13,2347,0.956667;19,3510,0.984444;18,2989,0.876667;17,3221,0.896667
22,15163;57,14825,0.998889;12,1856,0.943333;13,2762,0.964444;15,2590,0.871111;16,3027,0.89
20,14078;56,14379,0.998889;9,1593,0.931111;14,2606,0.974444;13,2213,0.858889;13,2544,0.892222
22,15118;54,14063,0.998889;12,2002,0.966667;14,2765,0.978889;14,2551,0.886667;14,2733,0.905556
21,14383;56,14107,0.997778;8,1366,0.978889;11,2030,0.983333;9,1755,0.906667;10,1988,0.891111
23,14731;45,13605,0.995556;10,1349,0.965556;12,2215,0.978889;11,1987,0.884444;12,2179,0.892222
22,15169;56,14004,0.996667;15,1732,0.943333;15,2655,0.985556;12,2098,0.847778;13,2366,0.856667
21,15206;55,14049,0.998889;8,1246,0.953333;11,2041,0.967778;9,1743,0.847778;10,1888,0.86
25,15383;57,14282,1;8,1355,0.955556;11,1989,0.985556;9,1691,0.874444;9,1821,0.862222
23,14901;55,14043,0.99;7,1093,0.938889;11,1774,0.981111;8,1525,0.845556;9,1752,0.855556
22,14117;56,13905,0.993333;8,1270,0.937778;10,1862,0.942222;8,1593,0.835556;8,1635,0.843333
21,14869;54,13692,0.991111;8,1236,0.948889;10,1776,0.947778;9,1776,0.851111;9,1860,0.857778
20,14144;54,13753,0.998889;6,1047,0.961111;9,1646,0.945556;7,1385,0.856667;7,1473,0.868889
21,14818;47,14000,0.981111;6,1050,0.941111;9,1737,0.951111;8,1528,0.833333;8,1681,0.844444
21,14842;55,13992,0.99;9,1225,0.955556;10,1687,0.97;7,1427,0.831111;8,1701,0.826667
22,14954;53,13646,1;8,1123,0.947778;8,1690,0.971111;5,1401,0.817778;8,1619,0.812222
21,14973;54,13649,0.99;7,1116,0.958889;9,1524,0.971111;8,1599,0.815556;8,1726,0.818889
23,15459;54,13945,0.976667;8,1305,0.953333;8,2160,0.978889;10,1816,0.837778;11,2140,0.848889
21,14586;69,14034,0.996667;7,990,0.958889;7,1286,0.984444;8,1566,0.848889;6,1735,0.844444
22,14687;55,14154,0.998889;8,1229,0.927778;11,1789,0.946667;8,1651,0.846667;9,1819,0.863333
21,14721;55,13914,0.983333;8,1186,0.913333;9,1710,0.944444;9,1594,0.836667;9,1753,0.841111
21,14797;55,13959,0.978889;8,1121,0.922222;12,1973,0.96;9,1748,0.835556;9,1851,0.833333
22,14984;55,14177,0.978889;8,1263,0.92;11,2162,0.954444;7,1947,0.824444;7,2155,0.836667
22,14993;57,14384,0.974444;8,1303,0.934444;10,1998,0.953333;9,1586,0.784444;9,1785,0.851111
21,14813;56,14248,0.985556;7,1144,0.937778;12,1880,0.945556;9,1677,0.774444;10,1951,0.828889
24,14860;53,13714,0.991111;7,1082,0.927778;11,1989,0.953333;10,1822,0.785556;9,1799,0.795556
18,14572;56,14340,1;8,1164,0.933333;10,2017,0.962222;10,1885,0.828889;10,2043,0.82
20,14090;56,14024,0.982222;8,1262,0.915556;11,2083,0.922222;11,1924,0.825556;10,2118,0.831111
21,15068;54,13787,0.975556;9,1471,0.923333;13,2636,0.954444;12,2159,0.825556;12,2381,0.832222
22,15445;54,14006,0.992222;9,1424,0.953333;12,2246,0.954444;10,1837,0.78;11,2202,0.836667
20,14384;54,13829,0.992222;8,1228,0.923333;11,1937,0.946667;10,1924,0.77;10,2056,0.804444
20,14350;57,14350,0.991111;8,1377,0.953333;13,2177,0.963333;11,1977,0.775556;11,2187,0.82
20,14002;53,13784,0.986667;9,1350,0.928889;12,2049,0.98;11,2006,0.773333;12,2290,0.831111
21,14694;55,13920,0.977778;6,1571,0.971111;8,2376,0.983333;9,2262,0.822222;8,2535,0.83
22,15214;56,14410,1;6,1588,0.943333;8,2488,0.92;9,2410,0.791111;9,2798,0.8
22,15148;56,14275,0.998889;6,1465,0.932222;8,2436,0.938889;8,2143,0.821111;8,2470,0.823333
22,14729;56,14697,0.995556;6,1693,0.917778;9,2890,0.951111;9,2403,0.817778;9,2719,0.81
22,15233;57,14519,0.985556;10,1783,0.941111;13,2841,0.964444;15,2480,0.791111;15,2816,0.864444
22,15232;56,14536,0.996667;10,1634,0.925556;14,2689,0.972222;15,2534,0.772222;16,3154,0.853333
23,15111;56,14425,0.997778;12,1823,0.936667;16,3094,0.964444;16,2678,0.778889;18,3420,0.842222
23,15155;57,14822,0.988889;12,2010,0.915556;18,3441,0.947778;16,2645,0.812222;19,3436,0.855556
22,15441;57,14849,0.984444;13,2348,0.905556;18,3669,0.946667;19,2992,0.794444;20,3888,0.852222
23,15384;57,14753,0.983333;11,2133,0.878889;18,3618,0.933333;20,3010,0.801111;19,3552,0.831111
21,14409;56,14861,0.992222;11,1986,0.911111;16,3242,0.95;16,2640,0.817778;18,3480,0.845556
20,14365;56,15076,0.982222;11,1925,0.897778;15,2898,0.927778;16,2612,0.83;16,3133,0.824444
21,14659;59,15691,0.988889;12,2041,0.872222;17,3438,0.908889;17,2902,0.807778;19,3779,0.836667
21,14542;60,15852,0.991111;14,2556,0.917778;17,3913,0.928889;21,3427,0.825556;22,4236,0.845556
22,15018;58,15561,0.995556;12,2193,0.917778;17,3817,0.962222;19,2938,0.818889;19,3725,0.866667
20,14266;60,15776,0.982222;12,2326,0.915556;15,3681,0.965556;18,3013,0.846667;19,3559,0.872222
22,14931;61,15655,0.98;14,2332,0.907778;17,3741,0.93;20,3037,0.79;22,4122,0.863333
22,14829;59,15498,0.991111;11,1882,0.855556;17,3542,0.946667;17,2781,0.778889;20,3790,0.853333
21,14716;59,15658,0.983333;12,2450,0.843333;17,3865,0.925556;20,3383,0.783333;23,4377,0.846667
20,14412;60,15774,0.992222;11,2117,0.882222;18,3767,0.947778;19,2934,0.821111;19,3487,0.865556
21,14608;61,16339,0.98;15,2573,0.851111;20,4327,0.928889;22,3481,0.811111;23,4420,0.857778
21,14780;65,16917,0.981111;17,3018,0.807778;22,4977,0.95;23,3551,0.797778;25,4666,0.885556
21,14698;60,16057,0.978889;14,2750,0.806667;18,4168,0.915556;22,3308,0.761111;23,4297,0.85
22,15175;62,16636,0.968889;15,2975,0.855556;20,4560,0.905556;23,3599,0.754444;27,5132,0.86
21,14698;40,16823,0.963333;15,2984,0.837778;22,5047,0.925556;24,3610,0.758889;26,4975,0.83
21,14667;48,17109,0.972222;15,2955,0.856667;22,4774,0.904444;24,3547,0.736667;24,4486,0.835556
23,15182;61,16989,0.948889;15,2794,0.837778;24,5291,0.924444;25,3763,0.808889;28,5131,0.84
22,15028;63,17819,0.968889;15,2848,0.796667;25,5431,0.927778;25,3768,0.806667;28,5310,0.841111
22,15100;62,16974,0.976667;18,3433,0.806667;22,5220,0.886667;27,4052,0.788889;27,5205,0.856667
25,15379;62,17247,0.97;15,2959,0.803333;24,5510,0.905556;26,3881,0.768889;29,5630,0.85
24,14802;63,17455,0.957778;16,3281,0.826667;21,5021,0.874444;24,3648,0.742222;28,5233,0.845556
25,15349;65,17807,0.966667;11,3005,0.813333;19,5702,0.884444;28,3766,0.78;28,5399,0.868889
21,14506;65,17459,0.963333;15,2935,0.817778;22,4935,0.905556;23,3586,0.781111;25,4856,0.836667
21,14393;64,18078,0.968889;14,2818,0.788889;22,4732,0.893333;23,3543,0.772222;28,5281,0.868889
21,14616;62,17180,0.981111;15,3041,0.827778;23,5319,0.895556;24,3743,0.812222;32,5993,0.882222
22,15110;60,17665,0.965556;17,3479,0.853333;24,5649,0.904444;28,4109,0.774444;23,6414,0.881111
22,14728;63,17905,0.971111;18,3344,0.814444;22,5076,0.908889;31,4155,0.802222;32,5815,0.893333
21,14670;65,18456,0.957778;16,3136,0.795556;24,5604,0.896667;27,3989,0.797778;33,5992,0.884444
21,14708;65,18408,0.966667;15,3132,0.771111;23,5594,0.858889;26,4059,0.803333;33,6064,0.884444
22,15118;66,19002,0.956667;15,3120,0.782222;24,5866,0.881111;30,4210,0.776667;38,7001,0.878889
21,14214;65,18783,0.96;15,2866,0.787778;23,5323,0.88;25,3655,0.738889;28,5350,0.856667
21,14880;68,19085,0.945556;18,3458,0.784444;26,6297,0.873333;29,4189,0.75;35,6742,0.88
21,13969;67,18789,0.944444;16,3168,0.796667;23,5718,0.886667;26,3735,0.761111;32,6112,0.88
21,14246;68,18933,0.944444;15,3043,0.801111;20,5798,0.855556;29,4020,0.71;34,6266,0.865556
21,14220;66,18813,0.953333;15,3176,0.813333;21,5215,0.841111;19,3883,0.741111;26,5944,0.865556
18,12530;65,18548,0.942222;13,2504,0.791111;18,4347,0.828889;19,2811,0.717778;18,4522,0.832222
18,12689;66,18867,0.946667;8,2310,0.777778;16,4071,0.84;19,2649,0.748889;19,4500,0.855556
15,10197;65,18894,0.933333;10,1509,0.787778;14,3103,0.897778;13,1850,0.773333;17,3298,0.883333
10,6958;68,19613,0.95;8,1015,0.823333;10,2049,0.905556;6,943,0.761111;10,2000,0.863333
8,5029;67,18935,0.935556;6,799,0.833333;8,1333,0.908889;6,921,0.764444;7,1330,0.862222
8,4881;63,18034,0.931111;4,558,0.83;8,1290,0.912222;5,762,0.78;7,1322,0.853333
2,1721;66,18602,0.928889;2,81,0.828889;3,526,0.912222;1,300,0.78;2,561,0.857778
