14,7140;109,26535,1;27,5028,0.9575;35,6560,0.994167;57,5324,0.988333;60,7284,1
14,6825;105,26294,1;19,2328,0.96;25,3820,0.988333;45,3821,0.9625;45,5664,0.965
14,6846;102,25199,1;18,2279,0.934167;27,3917,0.991667;38,3359,0.93;43,5746,0.941667
14,6832;102,25929,1;20,2296,0.966667;25,3569,0.9925;41,3444,0.919167;44,5456,0.925
14,6818;92,25483,1;20,2213,0.954167;36,3518,0.985833;40,3377,0.911667;41,5178,0.909167
14,6833;117,25511,1;18,2162,0.961667;24,3332,0.990833;40,3473,0.900833;47,5297,0.901667
14,6828;116,25508,1;21,2185,0.97;26,3528,0.993333;41,3362,0.9025;45,5338,0.905
14,6838;131,25000,1;21,2229,0.969167;26,3616,0.9925;39,3164,0.895833;44,5320,0.898333
12,6841;108,25725,1;18,2082,0.97;24,3276,0.9925;40,3245,0.88;42,5043,0.878333
13,6822;97,25523,1;18,2077,0.9725;24,3273,0.995833;40,3264,0.865;41,4993,0.883333
14,6806;102,24730,1;18,1828,0.941667;27,3564,0.9925;42,3434,0.898333;45,5273,0.909167
14,6739;103,24717,0.999167;19,2071,0.95;25,3387,0.993333;38,3106,0.8925;40,4666,0.904167
14,6758;101,24467,1;18,1932,0.964167;26,3203,0.993333;38,3170,0.890833;40,4747,0.8925
14,6831;90,24078,1;18,2004,0.958333;25,3137,0.990833;35,3089,0.8875;38,4685,0.894167
14,6780;98,23895,1;18,1841,0.923333;23,3014,0.99;26,2958,0.880833;49,4282,0.8875
14,6781;107,24367,1;18,2029,0.955;25,3040,0.9975;36,2980,0.8725;38,4505,0.8825
12,6820;102,25265,1;20,2010,0.945833;26,3409,0.994167;36,3196,0.878333;38,4867,0.881667
14,6829;108,24636,1;19,2077,0.936667;35,3307,0.995;39,3175,0.880833;41,4828,0.884167
14,6707;110,26370,1;17,1751,0.964167;22,2879,0.9925;33,2865,0.881667;34,4124,0.884167
14,6725;129,24338,1;17,1770,0.960833;22,2755,0.99;31,2765,0.883333;34,4109,0.885
14,6795;113,24342,1;18,1962,0.968333;23,3047,0.993333;34,3064,0.895833;36,4468,0.899167
14,6807;113,24148,1;20,2014,0.955;24,3061,0.9825;31,2949,0.895;34,4446,0.895833
13,6745;115,24725,1;16,1881,0.9425;21,3101,0.993333;30,2830,0.89;31,4037,0.9
14,6820;108,24599,1;18,2156,0.955;24,3412,0.990833;33,3168,0.888333;37,4673,0.900833
14,6833;115,24536,1;19,2148,0.955;25,3353,0.99;32,3045,0.890833;34,4239,0.9075
14,6826;110,23624,1;17,1873,0.944167;24,3271,0.990833;33,3174,0.903333;37,4371,0.919167
14,6831;116,24447,1;18,1958,0.951667;26,3258,0.9825;36,3206,0.889167;36,4201,0.906667
14,6655;113,24636,1;15,1501,0.946667;20,2403,0.99;30,2718,0.893333;29,3520,0.896667
12,6818;103,23674,1;18,1913,0.964167;24,2993,0.9975;32,2940,0.885833;33,4016,0.890833
13,6798;109,23755,1;16,1708,0.929167;25,2975,0.990833;32,2925,0.89;33,3892,0.893333
13,6775;96,23154,0.998333;16,1651,0.965833;19,2280,0.995833;28,2636,0.875833;29,3630,0.883333
15,6815;116,24120,1;16,1532,0.900833;25,2644,0.985833;27,2878,0.876667;25,3892,0.883333
14,6802;113,23641,1;18,1790,0.973333;22,2658,0.99;29,2807,0.8575;25,3923,0.865
14,6791;112,23235,1;19,1771,0.948333;24,2742,0.994167;30,2760,0.865;33,4073,0.88
13,6800;109,22806,1;15,1645,0.956667;22,2598,0.9975;32,2982,0.874167;32,3945,0.888333
14,6802;117,22710,1;16,1625,0.9725;23,2553,0.993333;31,2888,0.881667;31,3817,0.884167
14,6752;113,23052,1;16,1534,0.965;21,2328,0.988333;28,2704,0.898333;28,3456,0.899167
14,6806;122,23215,1;16,1493,0.934167;22,2442,0.9825;28,2758,0.8875;31,3575,0.888333
13,6788;111,23149,1;17,1670,0.931667;23,2535,0.9925;30,2798,0.8925;31,3539,0.896667
14,6755;112,23265,1;18,1643,0.9725;21,2458,0.990833;29,2788,0.881667;30,3570,0.881667
14,6806;112,23147,1;16,1539,0.946667;23,2561,0.99;29,2823,0.876667;30,3537,0.879167
14,6736;114,23782,1;17,1509,0.9575;21,2341,0.994167;24,2626,0.8875;30,3591,0.8875
14,6505;114,23668,1;15,1482,0.9575;18,2138,0.995833;24,2274,0.888333;24,2942,0.891667
14,6803;104,23502,1;17,1498,0.969167;22,2493,0.998333;25,2782,0.884167;21,3427,0.884167
14,6777;112,23307,1;15,1454,0.935833;21,2360,0.999167;29,2814,0.879167;29,3485,0.8825
15,6817;115,24105,1;17,1700,0.950833;23,2680,0.9925;30,2905,0.865;31,3583,0.8675
14,6754;120,23206,1;16,1444,0.980833;21,2227,0.996667;30,2786,0.871667;29,3472,0.868333
8,6733;110,22973,1;15,1350,0.9475;20,2292,0.995833;27,2627,0.856667;19,3391,0.855
9,6743;112,23588,1;12,1389,0.948333;20,2248,0.994167;27,2584,0.8325;28,3389,0.834167
8,6789;115,24019,1;15,1449,0.953333;20,2280,0.994167;27,2632,0.835;28,3510,0.8325
8,6742;114,23315,1;13,1262,0.963333;19,2156,0.995833;25,2480,0.839167;25,3183,0.835
8,6789;101,22846,1;14,1354,0.955833;18,2229,0.991667;25,2665,0.8575;28,3398,0.856667
8,6799;115,23241,1;15,1333,0.9575;21,2206,0.998333;26,2532,0.855833;25,3103,0.854167
8,6794;112,22963,1;15,1364,0.955;21,2282,0.991667;28,2853,0.845;29,3502,0.843333
8,6771;113,23183,1;14,1387,0.956667;18,2154,0.9975;27,2696,0.841667;26,3272,0.839167
8,6783;97,21791,1;15,1439,0.9525;18,2131,0.994167;25,2602,0.8625;25,3244,0.860833
8,6802;99,22531,1;14,1264,0.95;19,1941,0.989167;25,2556,0.854167;26,3299,0.850833
8,6796;103,23639,1;15,1445,0.96;19,2188,0.984167;26,2695,0.859167;26,3337,0.856667
14,6791;102,23559,1;14,1278,0.951667;20,2052,0.996667;26,2629,0.850833;27,3270,0.8475
14,6779;104,24006,1;14,1362,0.973333;20,2150,0.996667;25,2539,0.87;33,3166,0.866667
14,6552;101,23325,1;12,1114,0.96;18,1878,0.9925;22,2289,0.861667;23,2890,0.86
12,6764;133,23592,1;15,1364,0.964167;20,2154,0.993333;26,2580,0.865;28,3436,0.864167
13,6761;111,22619,1;13,1243,0.9575;18,1972,0.991667;26,2516,0.863333;25,3321,0.865
14,6794;97,22454,1;15,1407,0.95;20,2253,0.986667;29,2944,0.855;29,3679,0.850833
14,6789;99,22487,1;14,1393,0.9625;18,2067,0.988333;26,2693,0.864167;27,3324,0.859167
13,6670;98,22447,1;12,1070,0.915833;18,1912,0.9875;24,2552,0.866667;26,3212,0.86
13,6633;100,22913,1;13,1183,0.958333;17,1824,0.995;24,2348,0.855;24,3069,0.85
14,6791;99,22593,1;14,1229,0.950833;19,2117,0.985;28,2713,0.845;30,3591,0.845833
14,6772;100,22616,1;16,1274,0.950833;21,2324,0.991667;30,2726,0.8575;48,3585,0.855
14,6762;109,22753,1;15,1370,0.945833;21,2351,0.995;30,2878,0.848333;31,3735,0.848333
14,6764;96,22514,1;16,1326,0.965833;19,2018,0.9975;26,2634,0.839167;28,3412,0.8425
13,6778;103,23875,1;14,1398,0.971667;19,2162,0.998333;27,2641,0.830833;30,3598,0.834167
14,6740;99,22990,1;14,1287,0.960833;20,2159,0.9925;28,2683,0.835833;29,3515,0.838333
14,6744;88,23146,1;15,1426,0.9725;19,2071,0.984167;28,2682,0.816667;29,3650,0.820833
13,6773;100,22736,1;15,1479,0.9825;21,2217,0.996667;28,2620,0.8275;31,3658,0.831667
13,6773;109,22875,1;14,1262,0.97;19,2082,0.995833;27,2562,0.818333;30,3552,0.824167
12,6501;102,23346,1;13,1245,0.96;18,1990,0.993333;24,2281,0.818333;25,3120,0.821667
13,6800;115,23664,1;16,1343,0.951667;30,2281,0.986667;29,2756,0.825;31,3635,0.825
14,6765;113,23396,1;15,1389,0.951667;20,2209,0.9925;29,2740,0.830833;31,3670,0.829167
9,6651;112,22840,1;14,1296,0.938333;19,2110,0.99;28,2667,0.825833;27,3574,0.829167
11,6753;111,23243,1;13,1241,0.960833;19,2022,0.991667;25,2458,0.825833;28,3496,0.8275
14,6735;112,23376,1;14,1362,0.969167;18,1964,0.981667;26,2509,0.8225;28,3462,0.824167
13,6775;94,23805,1;14,1208,0.941667;21,2030,0.990833;28,2722,0.825;31,3844,0.826667
13,6767;122,24894,1;16,1414,0.955;20,2249,0.9925;33,2811,0.836667;45,3883,0.840833
13,6750;117,24574,1;15,1438,0.975;20,2122,0.9925;27,2662,0.8375;27,3690,0.836667
13,6751;106,23828,1;12,1226,0.97;19,2259,0.9975;30,2670,0.826667;30,3884,0.825
14,6755;107,23520,1;15,1288,0.941667;20,2248,0.991667;27,2694,0.831667;30,3781,0.8325
14,6699;114,23776,1;13,1187,0.948333;18,1950,0.988333;24,2525,0.841667;31,3741,0.836667
13,6695;102,23784,1;15,1294,0.954167;18,2004,0.973333;26,2462,0.845833;29,3565,0.841667
14,6753;117,23944,1;13,1376,0.97;18,2182,0.994167;27,2727,0.850833;29,3841,0.845833
14,6726;99,23995,1;14,1326,0.9775;19,2173,0.993333;27,2653,0.848333;28,3651,0.845
14,6757;113,23348,1;33,1416,0.969167;18,2192,0.993333;30,2693,0.853333;30,3951,0.848333
14,6785;114,23829,1;13,1376,0.9325;26,2270,0.985;25,2533,0.849167;26,3497,0.846667
14,6630;111,22845,1;13,1252,0.931667;17,2012,0.9925;24,2474,0.845;26,3313,0.841667
13,6754;119,23248,1;14,1296,0.9475;18,2131,0.995833;28,2771,0.838333;30,3868,0.8375
13,6688;112,23316,1;14,1182,0.946667;20,1855,0.994167;25,2450,0.836667;27,3315,0.835833
12,6655;115,24011,1;12,1130,0.946667;17,1902,0.99;26,2484,0.826667;30,3722,0.829167
14,6781;96,24274,1;13,1259,0.935;19,2223,0.9975;28,2578,0.823333;30,3800,0.824167
14,6749;114,23519,1;14,1405,0.955833;19,2147,0.990833;29,2640,0.8225;32,3993,0.823333
14,6738;72,23613,1;14,1317,0.963333;18,2125,0.9925;27,2500,0.828333;30,3739,0.83
13,6704;114,24102,1;13,1270,0.959167;18,2082,0.995;25,2308,0.831667;28,3665,0.8325
13,6759;100,23305,1;14,1309,0.9725;19,2180,0.9925;29,2702,0.840833;32,3931,0.841667
13,6786;117,24243,1;15,1469,0.966667;20,2435,0.9925;29,2574,0.8425;32,4106,0.845
12,6734;110,24740,1;15,1448,0.97;20,2297,0.989167;29,2726,0.835;31,3935,0.836667
13,6699;117,24268,1;13,1216,0.951667;18,2208,0.995;27,2489,0.841667;30,3850,0.844167
14,6666;116,24750,1;23,1379,0.965;17,2165,0.995;27,2516,0.845;28,3720,0.844167
14,6753;114,24480,1;16,1624,0.958333;19,2389,0.983333;29,2719,0.833333;32,4259,0.8425
13,6707;109,24449,1;16,1518,0.955;19,2325,0.9875;28,2566,0.838333;29,3749,0.853333
14,6771;103,23857,1;13,1544,0.948333;18,2524,0.9925;32,2818,0.831667;33,4211,0.835833
14,6748;104,24500,1;16,1538,0.974167;20,2475,0.9925;30,2766,0.829167;34,4319,0.8325
14,6750;100,23540,1;12,1370,0.959167;17,2313,0.9925;27,2525,0.821667;29,3773,0.8225
14,6672;95,23733,1;14,1276,0.9625;19,2274,0.998333;26,2319,0.835833;30,3611,0.8375
14,6768;104,24876,1;14,1369,0.9275;19,2288,0.989167;31,2722,0.835833;34,4226,0.83
14,6764;104,24654,1;14,1388,0.931667;19,2301,0.986667;31,2734,0.830833;34,4161,0.8275
14,6729;104,24509,1;22,1540,0.925;20,2415,0.990833;32,2796,0.843333;36,4301,0.835
14,6758;99,25045,1;17,1624,0.948333;30,2679,0.993333;34,2900,0.83;38,4510,0.826667
14,6747;103,24376,1;15,1614,0.964167;22,2685,0.985833;32,2748,0.835833;37,4429,0.8375
13,6512;102,24201,1;13,1370,0.956667;19,2145,0.993333;27,2324,0.82;31,3736,0.8275
13,6751;106,24354,1;14,1386,0.963333;20,2340,0.990833;30,2655,0.828333;36,4373,0.830833
14,6731;113,24197,1;15,1574,0.9525;22,2561,0.991667;33,2804,0.828333;38,4673,0.835
14,6713;119,23997,1;15,1553,0.966667;18,2395,0.985;31,2714,0.83;35,4294,0.833333
14,6711;115,24773,1;14,1487,0.9525;21,2634,0.9925;33,2771,0.835;37,4514,0.835833
14,6742;108,26161,1;16,1502,0.9325;20,2605,0.991667;32,2733,0.85;35,4397,0.845
15,6590;108,26461,1;16,1514,0.943333;18,2404,0.980833;27,2350,0.849167;30,3666,0.8475
14,6788;106,26031,1;15,1668,0.940833;22,2783,0.989167;34,2870,0.8675;45,4692,0.868333
14,6765;104,25335,1;16,1762,0.970833;22,2700,0.988333;34,2936,0.8725;39,4757,0.87
14,6758;101,24523,1;28,1510,0.933333;20,2484,0.993333;32,2784,0.860833;36,4437,0.858333
14,6754;103,24937,1;15,1631,0.951667;21,2537,0.989167;31,2730,0.845833;36,4419,0.845
8,6779;104,25489,1;16,1717,0.95;22,2759,0.9825;33,2817,0.8625;36,4503,0.86
14,6692;102,24595,1;13,1405,0.9775;18,2179,0.99;29,2570,0.848333;33,4137,0.845833
14,6751;105,25060,1;13,1417,0.973333;20,2302,0.993333;31,2788,0.846667;35,4434,0.846667
13,6706;114,25471,1;13,1408,0.966667;19,2307,0.988333;29,2576,0.856667;33,4174,0.851667
14,6758;126,26144,1;15,1498,0.959167;19,2456,0.9875;31,2684,0.865;35,4288,0.8625
14,6753;116,25197,1;13,1385,0.950833;20,2566,0.995833;31,2675,0.848333;35,4392,0.854167
14,6759;112,25530,1;14,1496,0.933333;20,2583,0.985833;32,2733,0.853333;36,4561,0.863333
14,6755;104,25138,1;15,1601,0.97;20,2623,0.994167;32,2791,0.84;37,4588,0.8475
14,6729;107,25920,1;20,1459,0.95;20,2628,0.989167;28,2537,0.844167;33,4301,0.849167
14,6781;88,26212,1;15,1595,0.93;20,2735,0.9775;32,2819,0.850833;38,4862,0.85
14,6761;119,25929,1;15,1697,0.963333;20,2596,0.99;28,2534,0.8525;33,4419,0.851667
14,6792;118,26125,1;15,1773,0.9675;22,3017,0.9925;33,2951,0.85;38,4856,0.854167
14,6791;98,25717,1;17,1803,0.966667;23,2832,0.990833;34,2951,0.850833;39,4883,0.850833
14,6756;116,25576,1;14,1513,0.936667;19,2618,0.9925;31,2717,0.841667;35,4470,0.840833
14,6743;116,25021,1;15,1631,0.964167;20,2503,0.985833;39,2649,0.835833;34,4348,0.838333
14,6742;94,24713,1;13,1347,0.949167;20,2413,0.996667;27,2518,0.836667;33,4103,0.8375
14,6747;114,24699,1;14,1488,0.951667;19,2426,0.995833;31,2795,0.825833;35,4436,0.826667
14,6746;110,25595,1;15,1566,0.963333;21,2508,0.994167;31,2712,0.815;36,4561,0.819167
14,6779;120,25640,1;15,1539,0.9525;20,2519,0.988333;33,2852,0.829167;36,4620,0.833333
14,6755;117,25131,1;14,1439,0.924167;20,2428,0.9925;31,2767,0.838333;35,4395,0.838333
14,6757;102,25123,1;15,1590,0.960833;20,2544,0.991667;31,2639,0.8325;36,4416,0.835
14,6787;118,25835,1;15,1515,0.951667;20,2766,0.995;33,2784,0.830833;36,4455,0.8325
14,6748;106,25471,1;15,1486,0.958333;20,2422,0.99;31,2696,0.825;36,4377,0.828333
14,6779;105,25156,1;14,1468,0.953333;20,2426,0.979167;31,2686,0.830833;35,4389,0.835
14,6663;103,24851,1;12,1262,0.9475;19,2180,0.988333;28,2479,0.8175;33,3999,0.818333
14,6593;104,24744,1;15,1293,0.9475;18,2245,0.99;27,2388,0.824167;32,3946,0.825833
14,6747;104,24883,1;14,1494,0.958333;21,2560,0.990833;33,2795,0.825833;38,4506,0.8275
8,6657;104,24739,1;14,1337,0.9725;17,2031,0.994167;27,2364,0.810833;30,3826,0.811667
8,6673;101,24181,1;14,1520,0.958333;20,2450,0.995;29,2518,0.808333;33,4001,0.816667
9,6767;106,25168,1;16,1607,0.973333;22,2648,0.99;32,2747,0.828333;36,4397,0.831667
9,6750;105,24344,1;13,1332,0.964167;20,2364,0.990833;29,2584,0.8175;35,4143,0.8225
8,6740;108,25320,0.999167;14,1376,0.966667;19,2191,0.980833;26,2359,0.816667;32,3876,0.821667
9,6744;103,24198,1;13,1344,0.95;21,2440,0.994167;29,2554,0.815833;35,4117,0.825
8,6733;104,24144,1;12,1251,0.9575;18,2109,0.9925;30,2656,0.805;33,4106,0.805833
9,6781;103,24132,1;17,1564,0.950833;22,2583,0.994167;32,2738,0.793333;37,4490,0.795833
8,6716;104,24556,1;15,1575,0.965833;20,2273,0.9825;27,2435,0.806667;29,3712,0.806667
8,6646;100,24252,1;13,1288,0.964167;18,2092,0.989167;29,2617,0.814167;33,4085,0.8125
12,6695;103,23713,1;14,1313,0.963333;19,2161,0.993333;33,2474,0.798333;32,3948,0.805
14,6737;101,23976,1;14,1352,0.95;19,2220,0.995833;28,2475,0.800833;31,3755,0.801667
14,6725;102,23783,1;13,1263,0.9725;18,2063,0.993333;27,2385,0.800833;30,3631,0.8
14,6753;105,24681,1;13,1355,0.9425;20,2405,0.99;28,2522,0.8025;32,3982,0.8
14,6747;102,24148,1;15,1475,0.976667;18,2082,0.99;31,2699,0.79;34,4140,0.79
14,6751;104,24034,1;13,1327,0.978333;18,2152,0.990833;27,2443,0.796667;31,3690,0.799167
14,6769;94,23957,1;13,1249,0.95;19,2315,0.9925;28,2601,0.793333;31,3896,0.795
14,6751;101,23787,1;15,1438,0.965833;18,2263,0.9775;26,2416,0.798333;29,3605,0.800833
14,6758;99,23280,1;13,1302,0.9575;18,2183,0.991667;26,2389,0.776667;31,3872,0.778333
14,6705;117,23893,1;12,1205,0.955833;17,2091,0.99;27,2527,0.7725;31,3817,0.774167
14,6633;116,24240,1;12,1131,0.954167;16,2044,0.9975;25,2336,0.765;29,3639,0.77
14,6773;113,24323,1;15,1454,0.973333;18,2204,0.99;29,2624,0.79;32,4030,0.791667
14,6757;117,24251,1;13,1328,0.971667;18,2181,0.995833;27,2416,0.794167;31,3767,0.794167
14,6746;114,23624,1;13,1239,0.9625;18,2011,0.995;25,2272,0.795;29,3619,0.796667
14,6759;99,23177,1;14,1314,0.9875;18,2023,0.994167;26,2423,0.799167;28,3489,0.799167
14,6703;109,22900,1;11,976,0.97;22,1681,0.99;23,2261,0.784167;26,3128,0.79
14,6764;115,23895,1;13,1220,0.9375;19,2139,0.9925;28,2548,0.785;31,3731,0.79
14,6774;117,23966,1;13,1275,0.963333;19,2091,0.985;27,2485,0.794167;29,3572,0.794167
14,6762;116,23942,1;13,1155,0.961667;18,2063,0.995833;28,2577,0.796667;30,3668,0.7975
14,6731;111,22701,1;13,1125,0.9625;17,1789,0.993333;27,2327,0.795833;27,3192,0.795833
8,6690;114,23107,1;11,976,0.965833;14,1532,0.990833;19,1909,0.800833;22,2757,0.8
9,6769;115,23056,1;12,1113,0.9425;17,1901,0.985;24,2343,0.793333;26,3228,0.796667
8,6746;97,22949,1;14,1224,0.961667;18,1856,0.995833;28,2464,0.7925;29,3486,0.793333
8,6710;115,23117,1;12,1036,0.9725;17,1715,0.995833;23,2207,0.7925;26,3217,0.7925
8,6685;109,22505,1;12,1108,0.949167;16,1721,0.993333;25,2322,0.7925;26,3090,0.79
8,6750;111,22933,1;13,1025,0.941667;19,1983,0.994167;23,2226,0.805833;25,3010,0.806667
9,6783;98,23653,1;16,1139,0.943333;17,1912,0.99;24,2405,0.813333;26,3146,0.814167
12,6757;113,23180,1;12,1168,0.964167;16,1777,0.9925;23,2283,0.813333;26,3168,0.814167
12,6769;94,22972,1;13,1201,0.984167;18,1913,1;24,2413,0.819167;27,3354,0.820833
12,6784;113,22720,1;15,1153,0.973333;18,1719,0.9975;24,2468,0.810833;26,3280,0.813333
12,6780;113,22945,1;13,1154,0.95;18,1824,0.995833;26,2361,0.814167;25,3082,0.8125
12,6752;111,22317,1;23,1026,0.946667;17,1925,0.998333;23,2288,0.806667;25,3098,0.805
12,6761;113,22766,1;12,1035,0.953333;17,1776,0.9975;24,2389,0.793333;27,3259,0.791667
12,6754;110,22406,1;13,1130,0.956667;17,1872,0.985;25,2384,0.811667;26,3126,0.81
12,6774;113,23052,1;13,1206,0.9625;18,1947,0.9925;25,2510,0.811667;27,3308,0.811667
12,6634;112,22833,1;11,934,0.963333;16,1614,1;22,2234,0.814167;24,2924,0.813333
12,6664;112,22396,1;10,899,0.954167;14,1464,0.9875;21,2111,0.803333;22,2815,0.8025
12,6721;115,23550,1;12,1175,0.976667;16,1868,0.990833;23,2285,0.795833;25,3114,0.796667
12,6762;113,23006,1;12,1005,0.966667;18,1771,0.994167;24,2404,0.794167;26,3260,0.795
12,6758;111,23028,1;12,1058,0.950833;17,1809,0.991667;21,2165,0.806667;23,2863,0.808333
12,6760;112,22589,1;13,1150,0.985833;16,1694,0.9975;23,2373,0.79;25,3262,0.791667
12,6607;110,21981,1;11,1010,0.969167;16,1710,0.996667;24,2372,0.800833;24,3045,0.800833
12,6764;111,22662,1;14,1194,0.971667;18,1920,1;25,2434,0.809167;26,3151,0.809167
12,6685;113,23066,1;10,938,0.9725;31,1478,0.995833;21,2164,0.795;24,3016,0.795
14,6700;113,23247,1;13,1098,0.960833;15,1661,0.971667;23,2315,0.796667;25,3054,0.796667
14,6764;115,23635,1;12,1081,0.96;17,1831,0.990833;26,2523,0.8;28,3377,0.8
14,6751;114,23096,1;12,1074,0.96;16,1737,0.9875;28,2307,0.79;25,3145,0.79
14,6775;137,22646,1;12,1106,0.950833;19,1902,0.995;26,2489,0.796667;28,3400,0.796667
14,6706;113,23127,1;13,1050,0.95;15,1641,0.988333;24,2436,0.794167;25,3170,0.794167
14,6625;114,23410,1;11,1036,0.97;16,1810,0.996667;23,2258,0.8;24,3063,0.800833
14,6719;110,23122,1;11,937,0.968333;15,1537,0.995833;23,2282,0.801667;24,3006,0.800833
14,6744;114,23420,1;12,961,0.95;28,1657,0.989167;23,2389,0.8075;24,3241,0.805833
14,6676;112,22918,1;11,1085,0.9525;16,1854,0.990833;23,2439,0.815;25,3315,0.815
13,6657;107,23542,1;11,1076,0.970833;15,1610,0.995;33,2335,0.8;26,3301,0.8025
14,6742;115,23698,1;12,1068,0.971667;17,1758,0.994167;25,2431,0.803333;28,3226,0.8075
8,6752;113,22984,1;12,1004,0.958333;17,1746,0.990833;26,2552,0.803333;29,3639,0.804167
8,6773;104,23478,1;12,1006,0.951667;18,1959,0.990833;25,2460,0.793333;28,3492,0.795
8,6768;113,23749,1;13,1248,0.9725;18,2041,0.996667;27,2611,0.795833;30,3631,0.795833
8,6759;112,23079,1;12,1129,0.968333;17,1855,0.989167;25,2426,0.7975;28,3363,0.7975
9,6764;113,23325,1;14,1173,0.965833;17,1892,0.993333;25,2484,0.811667;28,3341,0.813333
8,6760;118,23805,1;13,1194,0.9725;19,2056,0.994167;40,2671,0.815;28,3552,0.814167
8,6760;115,23517,1;12,1118,0.9425;17,1870,0.990833;24,2375,0.820833;27,3296,0.8225
8,6740;111,22937,1;13,1233,0.966667;17,1865,0.995;25,2457,0.815833;28,3396,0.818333
8,6637;113,23062,1;10,920,0.953333;13,1414,0.998333;21,2128,0.800833;22,2903,0.8
8,6738;115,23417,1;12,1044,0.945833;15,1605,0.973333;22,2169,0.795;24,3053,0.795
8,6719;114,23465,1;13,1152,0.958333;17,1901,0.9875;24,2237,0.794167;27,3094,0.795
8,6615;114,23323,0.999167;11,1076,0.965;16,1708,0.98;20,1978,0.785833;22,2968,0.784167
8,6746;112,23318,1;11,1157,0.95;16,1857,0.975;25,2409,0.770833;27,3339,0.77
9,6749;114,22875,1;12,1170,0.95;15,1837,0.971667;26,2537,0.7675;30,3630,0.766667
9,6746;114,23329,1;13,1204,0.9525;18,2012,0.96;28,2598,0.764167;31,3675,0.761667
8,6711;113,23217,1;12,1143,0.946667;18,1869,0.963333;25,2288,0.76;28,3375,0.7575
8,6648;115,23564,1;11,999,0.9225;14,1502,0.954167;24,2251,0.7525;27,3233,0.750833
8,6747;120,23559,1;11,1052,0.921667;17,1853,0.9525;27,2569,0.746667;30,3601,0.744167
8,6686;114,23532,1;11,959,0.904167;15,1534,0.938333;24,2287,0.728333;26,3168,0.73
8,6753;116,23648,1;11,1028,0.903333;16,1721,0.930833;40,2462,0.713333;30,3608,0.708333
8,6742;115,23767,1;13,934,0.875;17,1668,0.925;23,2209,0.71;26,3166,0.705
8,6665;113,22970,1;12,1058,0.865833;17,1751,0.908333;26,2409,0.711667;30,3444,0.706667
8,6722;115,23878,1;15,1134,0.873333;17,1563,0.876667;23,2075,0.685833;25,2935,0.6825
8,6744;97,24035,1;19,1110,0.844167;17,1661,0.865;28,2494,0.675833;30,3529,0.676667
8,6755;116,24512,1;17,1287,0.830833;19,2119,0.8725;36,2753,0.670833;33,3893,0.668333
9,6744;116,24342,1;13,1198,0.826667;16,1869,0.848333;25,2238,0.650833;27,3305,0.65
8,6748;119,24216,1;12,1177,0.8025;16,1863,0.833333;25,2314,0.649167;28,3388,0.645833
8,6751;103,24267,1;13,1186,0.839167;17,1955,0.8475;26,2416,0.664167;28,3441,0.661667
8,6756;109,24278,1;12,1126,0.823333;17,1841,0.843333;25,2418,0.659167;28,3615,0.659167
8,6747;107,24306,1;11,1010,0.795833;15,1797,0.813333;23,2258,0.634167;26,3398,0.63
9,6736;114,24160,1;12,1121,0.775;16,1775,0.796667;27,2506,0.6225;30,3685,0.619167
9,6711;101,24059,1;12,1141,0.751667;17,2027,0.786667;26,2361,0.6075;30,3719,0.605
8,6765;115,24600,1;12,1135,0.755833;17,1818,0.776667;24,2247,0.59;28,3481,0.589167
8,6744;116,24571,1;13,1144,0.745;16,1739,0.75;27,2434,0.583333;30,3560,0.580833
9,6764;123,24242,1;13,1134,0.720833;17,1952,0.733333;26,2422,0.553333;30,3661,0.549167
8,6739;110,23261,1;10,949,0.71;14,1574,0.72;24,2201,0.555;28,3392,0.555
8,6720;119,25146,1;11,1065,0.706667;16,1811,0.720833;35,2045,0.56;24,3010,0.56
8,6714;118,25091,1;13,1179,0.713333;15,1766,0.725;25,2282,0.556667;28,3367,0.556667
8,6725;116,24640,1;12,1072,0.728333;14,1664,0.73;24,2192,0.5625;27,3353,0.565
8,6723;116,24599,1;11,1003,0.704167;15,1462,0.713333;24,2188,0.545833;26,3116,0.55
16,6751;116,24668,1;12,915,0.696667;15,1586,0.709167;22,2075,0.54;25,3038,0.544167
15,6599;106,24975,1;10,855,0.673333;13,1370,0.685833;23,2141,0.524167;25,3028,0.530833
14,6770;116,24426,1;11,1060,0.673333;19,1870,0.695833;24,2217,0.526667;27,3203,0.53
14,6636;119,25134,1;12,1006,0.6725;14,1673,0.684167;23,2117,0.5225;26,3229,0.525833
14,6770;113,23492,1;13,1070,0.658333;15,1778,0.681667;26,2399,0.510833;28,3338,0.514167
12,6750;119,23923,1;12,1115,0.6575;16,1839,0.669167;23,2209,0.5075;27,3276,0.509167
12,6702;115,24178,1;10,792,0.67;13,1379,0.691667;21,1956,0.529167;23,2826,0.533333
13,6780;118,24658,1;12,947,0.681667;15,1527,0.708333;23,2120,0.550833;26,3044,0.554167
14,6752;118,25040,1;11,1036,0.6675;15,1652,0.684167;25,2323,0.523333;28,3291,0.526667
14,6686;107,24534,1;11,1021,0.660833;14,1495,0.684167;23,2097,0.511667;26,3046,0.5125
14,6779;118,25257,1;12,1062,0.654167;15,1611,0.6675;27,2189,0.499167;26,3124,0.5025
14,6732;118,25402,1;11,960,0.665;16,1932,0.688333;23,2108,0.514167;25,2961,0.511667
14,6757;134,25360,1;13,1123,0.655833;16,1733,0.661667;24,2245,0.4825;27,3261,0.480833
14,6730;121,26102,1;12,1091,0.643333;16,1902,0.6525;23,2197,0.480833;26,3267,0.480833
14,6734;119,25634,1;11,1005,0.645833;15,1700,0.658333;24,2249,0.4875;28,3417,0.485
13,6688;108,25454,1;11,976,0.63;15,1601,0.635;24,2249,0.470833;28,3377,0.471667
14,6749;117,25248,1;11,1039,0.620833;15,1661,0.6375;25,2307,0.470833;28,3379,0.471667
14,6744;100,25286,1;9,829,0.585833;15,1504,0.610833;22,2089,0.443333;25,3007,0.445833
14,6781;117,25775,1;12,1135,0.5925;16,1779,0.600833;22,2046,0.435833;25,3090,0.435833
14,6768;106,25573,1;12,1087,0.600833;15,1681,0.606667;23,2161,0.4425;25,3190,0.441667
14,6737;108,24537,1;11,1099,0.595833;15,1796,0.598333;24,2298,0.44;29,3549,0.4375
14,6707;112,25250,1;11,988,0.596667;14,1552,0.603333;22,2088,0.446667;25,3110,0.443333
14,6721;102,24645,1;10,968,0.570833;15,1732,0.5775;23,2142,0.421667;26,3156,0.418333
14,6770;105,25334,1;11,918,0.570833;15,1633,0.581667;24,2301,0.420833;28,3423,0.424167
14,6757;108,25476,1;9,817,0.574167;12,1192,0.573333;21,1987,0.424167;23,2845,0.426667
14,6746;103,24535,1;11,999,0.581667;15,1686,0.59;23,2250,0.436667;26,3304,0.4425
14,6682;117,25177,1;10,960,0.580833;14,1522,0.590833;22,2121,0.438333;25,3195,0.443333
14,6780;120,26276,1;16,1093,0.581667;17,1787,0.588333;22,2162,0.434167;25,3212,0.441667
14,6775;118,25973,1;11,1026,0.5975;14,1628,0.610833;21,2073,0.45;24,3154,0.454167
14,6790;107,25744,1;11,1071,0.593333;16,1811,0.605;24,2356,0.444167;27,3341,0.451667
14,6756;105,25276,1;11,1032,0.594167;14,1605,0.604167;23,2247,0.453333;27,3296,0.4575
14,6777;106,25596,1;12,1036,0.6025;15,1660,0.6175;23,2191,0.455;26,3191,0.4575
14,6791;104,25026,1;13,1148,0.6325;16,1741,0.638333;25,2295,0.473333;28,3335,0.478333
14,6668;114,25433,1;10,892,0.631667;13,1434,0.644167;21,2051,0.480833;23,2890,0.485833
14,6771;116,24981,1;9,849,0.640833;13,1358,0.653333;20,2007,0.489167;23,2828,0.494167
14,6794;116,24979,1;12,1098,0.65;15,1631,0.6575;24,2297,0.493333;27,3241,0.496667
14,6731;118,25324,1;16,981,0.634167;14,1575,0.64;23,2154,0.4775;26,3272,0.48
14,6762;70,25152,1;11,1048,0.64;16,1774,0.646667;25,2397,0.495;29,3456,0.494167
14,6718;118,25173,1;11,951,0.641667;14,1523,0.648333;24,2199,0.506667;25,3128,0.5075
13,6708;116,24823,1;11,964,0.646667;14,1501,0.658333;21,2049,0.5025;23,2841,0.505
14,6747;118,25230,1;10,858,0.605;14,1500,0.625833;23,2149,0.479167;25,3183,0.480833
14,6787;117,25093,1;10,943,0.629167;14,1636,0.645833;22,2112,0.4775;26,3195,0.478333
14,6771;121,25375,1;11,1017,0.633333;16,1818,0.6575;27,2509,0.483333;30,3690,0.485833
14,6743;106,24730,1;13,1124,0.6425;16,1690,0.646667;26,2426,0.4825;29,3515,0.483333
14,6752;119,25093,1;11,933,0.6525;15,1572,0.661667;23,2162,0.489167;26,3266,0.490833
14,6740;114,24564,1;10,980,0.655833;15,1543,0.67;24,2267,0.5075;26,3119,0.51
12,6625;118,24783,1;15,777,0.640833;13,1209,0.650833;16,1621,0.490833;19,2355,0.493333
13,6719;86,24833,1;10,828,0.645833;14,1409,0.655833;23,2105,0.495;25,2951,0.4975
13,6740;117,24748,1;19,883,0.644167;15,1580,0.665833;22,2138,0.496667;26,3119,0.495
14,6756;102,24377,1;11,979,0.649167;16,1644,0.67;26,2342,0.505;27,3219,0.503333
14,6771;117,24716,1;11,933,0.648333;14,1548,0.664167;23,2219,0.494167;25,3057,0.494167
14,6744;115,24292,1;10,953,0.639167;14,1660,0.658333;23,2233,0.484167;26,3202,0.484167
14,6751;119,24978,1;11,930,0.64;15,1747,0.668333;23,2232,0.491667;26,3191,0.49
14,6755;106,23882,1;12,957,0.668333;13,1435,0.683333;29,2219,0.5;25,3098,0.496667
14,6747;122,24764,1;11,933,0.663333;15,1465,0.664167;21,2114,0.495;24,2949,0.4925
14,6739;114,23672,1;13,1052,0.661667;16,1586,0.671667;23,2262,0.4975;26,3043,0.494167
14,6750;110,24399,1;8,729,0.646667;12,1134,0.659167;19,1925,0.485833;22,2652,0.481667
14,6733;117,24335,1;10,919,0.654167;14,1550,0.670833;20,1924,0.480833;23,2695,0.48
14,6781;99,24232,1;10,850,0.629167;15,1539,0.663333;22,2131,0.490833;25,2997,0.489167
14,6755;116,23646,1;11,971,0.651667;14,1469,0.658333;22,2158,0.49;25,2986,0.49
13,6770;118,24376,1;19,884,0.675833;13,1255,0.688333;20,1965,0.505833;22,2735,0.509167
14,6740;117,23825,1;10,928,0.6675;14,1473,0.684167;19,1930,0.495;23,2863,0.4975
17,6778;107,23691,1;11,884,0.675;13,1299,0.693333;22,2127,0.49;24,2837,0.494167
14,6730;100,23178,1;10,852,0.675833;14,1378,0.684167;22,2131,0.495833;24,2930,0.495
14,6745;101,23140,1;11,959,0.66;15,1616,0.6775;21,2058,0.490833;24,2992,0.489167
14,6740;119,23405,1;10,848,0.6575;15,1537,0.68;23,2247,0.491667;26,3178,0.49
14,6765;116,24461,1;10,827,0.665;13,1325,0.6775;19,1894,0.480833;21,2569,0.480833
14,6712;114,23289,1;9,826,0.6725;12,1287,0.671667;21,2079,0.4825;22,2677,0.4875
14,6728;113,23175,1;10,1040,0.674167;15,1644,0.685;22,2149,0.47;25,3039,0.475833
13,6754;119,23671,1;10,946,0.6775;14,1481,0.686667;22,2145,0.469167;38,2933,0.478333
13,6747;112,23033,1;10,895,0.688333;12,1318,0.695;20,1983,0.475;34,2664,0.485
13,6770;112,23285,1;9,884,0.684167;14,1423,0.693333;22,2142,0.470833;25,3002,0.4825
12,6593;113,22839,1;9,716,0.681667;12,1223,0.690833;18,1741,0.480833;20,2347,0.486667
12,6662;96,23691,1;9,673,0.680833;21,1120,0.695;19,1822,0.4875;21,2423,0.493333
13,6699;115,23594,1;9,791,0.691667;13,1211,0.698333;17,1729,0.486667;19,2357,0.493333
12,6530;108,23023,1;9,791,0.67;13,1262,0.6875;18,1862,0.478333;20,2497,0.490833
14,6749;112,23125,1;9,734,0.669167;15,1165,0.6925;18,1755,0.478333;19,2412,0.4825
14,6719;112,23069,1;9,732,0.679167;12,1134,0.699167;21,2127,0.484167;24,2892,0.486667
14,6737;105,22890,1;10,778,0.67;27,1338,0.69;22,2149,0.4825;26,3064,0.488333
14,6685;115,23141,1;9,680,0.68;13,1186,0.691667;21,2050,0.469167;24,2974,0.475
14,6760;114,23359,1;9,694,0.666667;13,1192,0.680833;22,2220,0.465833;25,2959,0.47
14,6771;114,23576,1;10,853,0.6575;13,1376,0.678333;20,1992,0.451667;24,2935,0.461667
13,6760;113,23312,1;11,891,0.638333;14,1361,0.6575;20,1988,0.434167;25,3051,0.4575
13,6767;116,23864,1;8,646,0.64;17,965,0.658333;17,1754,0.438333;22,2652,0.465
13,6739;111,22499,1;9,655,0.635833;12,1134,0.651667;20,2008,0.440833;24,2843,0.470833
13,6748;100,22605,1;10,819,0.6325;14,1347,0.65;19,1911,0.429167;30,2745,0.476667
12,6724;101,22755,1;8,726,0.638333;12,1118,0.654167;19,1907,0.435833;20,2535,0.4675
12,6681;100,22438,1;9,612,0.63;12,1062,0.645;18,1794,0.436667;22,2730,0.474167
13,6725;97,22859,1;16,801,0.624167;13,1306,0.641667;20,1953,0.4375;23,2838,0.485
12,6701;110,22287,1;9,772,0.6175;13,1313,0.6375;19,1928,0.438333;21,2620,0.489167
13,6760;115,22989,1;11,795,0.6325;13,1268,0.64;21,2077,0.4375;25,3045,0.488333
14,6757;113,22819,1;10,743,0.635833;14,1200,0.645;19,1853,0.440833;24,2872,0.496667
14,6761;112,22126,1;11,856,0.625833;14,1308,0.6375;23,2240,0.436667;37,3158,0.5125
14,6710;114,22925,1;9,763,0.624167;11,1009,0.633333;18,1826,0.420833;23,2698,0.499167
14,6695;114,22963,1;10,777,0.606667;12,1251,0.620833;23,2141,0.411667;23,2676,0.478333
14,6724;115,23127,1;10,765,0.6175;13,1209,0.633333;18,1852,0.418333;22,2631,0.4825
14,6715;114,22734,1;9,718,0.616667;13,1123,0.628333;17,1710,0.414167;19,2287,0.484167
13,6597;115,22798,1;9,731,0.6025;12,1171,0.611667;17,1610,0.395;20,2365,0.47
14,6687;113,22378,1;9,700,0.575833;12,1152,0.594167;19,1859,0.3825;23,2662,0.470833
14,6732;113,22637,1;9,687,0.576667;14,1195,0.586667;20,1944,0.3675;24,2851,0.4675
13,6582;109,21812,1;9,722,0.578333;12,1208,0.5875;22,2112,0.366667;24,2829,0.47
14,6753;106,23004,1;9,596,0.568333;12,1136,0.589167;16,1640,0.3625;19,2311,0.464167
14,6757;101,22856,1;9,721,0.558333;13,1290,0.591667;21,2064,0.369167;23,2806,0.464167
14,6734;101,23040,1;9,767,0.586667;12,1138,0.596667;19,1852,0.368333;24,2895,0.4575
14,6756;118,23843,1;16,696,0.589167;12,1167,0.600833;20,1941,0.370833;22,2703,0.468333
14,6777;115,23443,1;8,698,0.594167;12,1185,0.6075;18,1791,0.375833;22,2578,0.4775
14,6722;120,23537,1;9,726,0.604167;12,1132,0.616667;18,1815,0.379167;23,2805,0.490833
14,6763;101,22742,1;9,682,0.5925;12,1231,0.598333;18,1815,0.369167;24,3035,0.488333
14,6713;102,22868,1;8,628,0.581667;11,983,0.591667;18,1839,0.365833;21,2674,0.500833
14,6711;103,23660,1;8,641,0.576667;11,1102,0.583333;18,1830,0.355833;21,2671,0.490833
14,6777;104,23631,1;9,813,0.565;13,1256,0.570833;18,1849,0.34;24,2943,0.4775
13,6756;103,23741,1;9,729,0.56;13,1312,0.576667;22,2004,0.354167;25,3001,0.485
14,6746;118,23133,1;8,756,0.590833;12,1133,0.595;19,1929,0.365833;23,2801,0.495833
13,6748;128,22955,1;10,863,0.595;13,1341,0.599167;23,2206,0.3675;27,3097,0.491667
12,6684;115,23748,1;7,579,0.580833;10,942,0.591667;16,1581,0.379167;17,2089,0.501667
13,6762;114,23084,1;10,903,0.570833;14,1390,0.575833;22,2118,0.364167;25,3098,0.4975
13,6751;116,23893,1;10,826,0.565;13,1244,0.564167;21,2024,0.354167;25,3154,0.483333
13,6754;117,24234,1;16,720,0.565;12,1224,0.57;21,2069,0.364167;28,3414,0.489167
12,6526;110,23268,1;9,761,0.559167;14,1391,0.5775;22,2080,0.3725;23,2818,0.498333
13,6758;104,23262,1;10,827,0.568333;12,1223,0.574167;23,2191,0.369167;27,3323,0.503333
13,6758;117,24509,1;9,696,0.576667;13,1313,0.5825;19,1777,0.38;24,2942,0.509167
12,6719;126,23392,1;8,683,0.55;11,1056,0.559167;16,1600,0.371667;23,2907,0.516667
13,6687;117,24144,1;8,716,0.54;12,1191,0.5475;18,1750,0.355833;23,2858,0.5075
14,6653;102,23707,1;7,565,0.53;11,1028,0.543333;18,1791,0.359167;24,2934,0.505
12,6710;113,23393,1;8,737,0.526667;12,1191,0.533333;19,1871,0.3525;26,3165,0.5025
13,6768;113,23325,1;9,849,0.534167;13,1273,0.5375;21,2034,0.355833;25,2994,0.510833
13,6732;112,22908,1;8,681,0.515833;10,964,0.520833;14,1445,0.346667;25,3158,0.511667
13,6738;140,23441,1;7,669,0.525;12,1126,0.528333;20,1907,0.340833;27,3329,0.506667
12,6650;112,23279,1;8,743,0.520833;12,1111,0.528333;18,1747,0.3375;26,3112,0.518333
13,6708;115,23690,1;9,788,0.52;12,1194,0.53;20,1948,0.333333;26,3020,0.509167
14,6676;113,23828,1;9,776,0.520833;12,1192,0.5275;19,1851,0.341667;24,2863,0.5125
13,6740;116,24017,1;8,677,0.5;12,1076,0.506667;19,1863,0.3275;26,3034,0.493333
12,6745;112,23693,1;8,683,0.500833;13,1239,0.514167;21,2036,0.329167;26,3140,0.490833
13,6706;114,23688,1;9,745,0.509167;12,1114,0.516667;17,1715,0.335833;26,3104,0.4925
13,6751;115,24278,1;9,748,0.5175;12,1149,0.52;21,1979,0.344167;27,3279,0.508333
12,6611;114,24005,1;8,647,0.504167;11,1044,0.510833;18,1674,0.329167;27,3127,0.495833
13,6736;112,23735,1;9,721,0.483333;11,1093,0.491667;19,1794,0.316667;34,3214,0.483333
14,6749;117,24866,1;8,715,0.478333;13,1150,0.481667;17,1721,0.3075;18,3181,0.470833
13,6740;129,24305,1;9,691,0.461667;12,1091,0.461667;16,1602,0.285833;26,3159,0.458333
12,6696;114,23799,1;7,643,0.458333;11,1060,0.4625;20,1854,0.286667;28,3312,0.465833
13,6623;113,23480,1;8,693,0.4575;11,1078,0.461667;20,1840,0.29;25,3050,0.453333
12,6740;112,24114,1;8,684,0.458333;13,1201,0.458333;19,1826,0.289167;26,3034,0.464167
13,6742;105,24830,1;7,556,0.4525;9,844,0.456667;14,1398,0.288333;22,2699,0.455833
14,6755;103,24666,1;7,565,0.444167;11,1012,0.446667;13,1412,0.280833;24,2927,0.454167
12,6596;101,23801,1;10,610,0.44;10,881,0.450833;13,1344,0.280833;20,2396,0.451667
13,6742;102,23932,1;8,737,0.429167;11,999,0.43;33,1896,0.2675;32,3783,0.43
13,6760;104,24343,1;8,599,0.433333;11,1017,0.438333;18,1771,0.266667;25,3077,0.440833
12,6737;102,23710,1;9,750,0.460833;11,1061,0.46;21,1910,0.2875;27,3318,0.4525
13,6724;102,23839,1;9,690,0.450833;11,1046,0.454167;18,1693,0.283333;24,2980,0.444167
13,6721;100,23548,1;8,632,0.45;10,884,0.451667;15,1512,0.275833;23,2734,0.4425
12,6729;103,23922,1;7,496,0.444167;9,768,0.448333;14,1455,0.273333;23,2763,0.443333
13,6768;113,23627,1;9,695,0.4375;12,1113,0.44;18,1796,0.27;24,3000,0.434167
13,6752;113,23657,1;9,656,0.433333;13,1083,0.436667;21,1989,0.260833;26,3116,0.423333
13,6703;115,24306,1;9,655,0.406667;10,990,0.409167;16,1614,0.250833;22,2660,0.408333
14,6758;101,23902,1;8,590,0.409167;12,1114,0.411667;27,1591,0.254167;24,2934,0.4175
14,6700;102,24529,1;8,659,0.415833;13,1208,0.424167;17,1649,0.268333;26,3160,0.425
13,6721;101,23956,1;7,611,0.419167;11,934,0.425833;17,1691,0.261667;24,2897,0.4175
14,6736;103,24296,1;8,598,0.41;12,1104,0.415833;15,1511,0.2625;22,2703,0.4325
14,6753;106,25196,1;7,558,0.406667;12,1036,0.410833;16,1649,0.256667;21,2665,0.433333
14,6650;106,24979,1;9,621,0.390833;11,1003,0.403333;19,1936,0.250833;24,2930,0.408333
13,6755;108,24401,1;8,704,0.3975;12,1149,0.4075;17,1708,0.251667;24,2863,0.395
13,6748;100,24937,1;8,700,0.385833;11,1099,0.403333;17,1691,0.253333;22,2846,0.393333
13,6758;103,23850,1;7,606,0.423333;11,1015,0.4425;17,1690,0.274167;37,3049,0.414167
13,6731;106,24912,1;10,760,0.431667;13,1255,0.449167;19,1826,0.270833;25,3004,0.414167
13,6724;105,24224,1;16,663,0.411667;11,1074,0.431667;18,1731,0.2625;24,2905,0.405833
12,6698;98,24376,1;9,751,0.406667;12,1152,0.424167;18,1764,0.264167;21,2586,0.4175
13,6745;108,25518,1;7,620,0.405833;11,1112,0.423333;18,1761,0.27;23,2737,0.415833
13,6743;122,24319,1;8,652,0.385;11,1023,0.405833;19,1789,0.255833;22,2695,0.399167
13,6773;120,25110,1;8,655,0.385833;13,1165,0.41;20,1969,0.2525;26,3145,0.393333
13,6756;116,23927,1;7,537,0.38;12,1152,0.4125;20,1923,0.2575;23,2777,0.395
13,6759;119,25058,1;8,733,0.371667;12,1209,0.401667;20,1938,0.245833;25,3082,0.379167
14,6759;118,24818,1;8,611,0.346667;12,1116,0.38;19,1873,0.2325;25,3093,0.3725
14,6762;119,24467,1;8,682,0.358333;11,1080,0.386667;18,1762,0.241667;23,2868,0.378333
13,6604;118,24950,1;8,688,0.373333;12,1140,0.404167;18,1750,0.25;23,2839,0.383333
13,6772;125,25182,1;8,729,0.376667;14,1182,0.406667;23,2102,0.251667;26,3132,0.39
14,6744;119,25572,1;8,663,0.378333;12,1226,0.413333;20,1880,0.256667;24,2917,0.393333
13,6770;118,24965,1;8,656,0.383333;11,1107,0.424167;20,1914,0.263333;25,3068,0.401667
13,6683;117,24752,1;7,622,0.393333;11,1061,0.4275;17,1691,0.2775;21,2543,0.41
13,6687;106,24690,1;7,669,0.404167;12,1112,0.4325;19,1833,0.28;26,3037,0.4025
13,6745;120,25221,1;9,669,0.4;12,1131,0.43;18,1749,0.274167;23,2801,0.389167
13,6719;119,25042,1;9,646,0.4;11,1098,0.429167;17,1594,0.2725;19,2416,0.391667
13,6766;117,24271,1;8,714,0.41;13,1191,0.4425;21,1938,0.283333;35,2818,0.398333
12,6770;104,24260,1;8,644,0.404167;12,1137,0.434167;14,1699,0.268333;23,2810,0.401667
12,6721;103,24086,1;12,657,0.403333;12,1155,0.435;21,1979,0.273333;27,3287,0.404167
13,6750;103,24143,1;7,663,0.405;11,1110,0.444167;19,1841,0.2775;23,2826,0.406667
13,6713;104,24290,1;8,618,0.401667;12,1187,0.439167;19,1889,0.2725;23,2925,0.403333
13,6701;112,24017,1;6,568,0.386667;10,911,0.43;16,1571,0.273333;20,2486,0.4025
13,6735;102,23899,1;7,578,0.395833;9,848,0.4275;17,1707,0.275;19,2328,0.409167
12,6693;102,23690,1;9,572,0.400833;11,965,0.436667;16,1666,0.283333;18,2313,0.4075
13,6723;102,23881,1;8,604,0.3875;13,1132,0.424167;19,1838,0.275833;21,2585,0.388333
8,6687;103,24041,1;8,633,0.396667;12,1075,0.4375;18,1807,0.2775;24,2956,0.395
8,6695;105,23463,1;7,568,0.386667;11,1102,0.435;16,1595,0.275833;20,2446,0.39
8,6758;114,23761,1;9,671,0.381667;12,1155,0.428333;19,1867,0.266667;23,2789,0.3875
8,6656;111,23462,1;7,549,0.385;10,1011,0.435;16,1640,0.276667;19,2374,0.3975
14,6759;113,23972,1;7,555,0.391667;10,910,0.435;17,1695,0.275;18,2325,0.386667
14,6748;115,24764,1;8,591,0.376667;11,1072,0.425;19,1848,0.270833;24,2920,0.380833
14,6761;114,23691,1;8,664,0.3625;12,1095,0.411667;17,1732,0.265833;24,2996,0.375833
14,6735;87,22244,1;9,602,0.375833;11,1057,0.4275;19,1851,0.274167;22,2669,0.3975
13,6568;100,23259,1;10,521,0.365;11,1008,0.414167;18,1742,0.265;21,2460,0.390833
14,6757;102,23405,1;8,661,0.378333;12,1130,0.43;18,1838,0.270833;20,2461,0.406667
14,6753;111,23251,1;9,725,0.363333;12,1086,0.411667;21,2068,0.255;23,2766,0.391667
14,6744;116,24072,1;7,640,0.36;10,875,0.416667;18,1692,0.259167;19,2368,0.394167
14,6756;100,23246,1;7,621,0.370833;11,1087,0.4225;18,1753,0.263333;24,2842,0.400833
14,6712;113,23388,1;10,658,0.373333;11,952,0.424167;18,1780,0.265833;21,2580,0.4
14,6748;112,23277,1;7,589,0.375833;11,930,0.425833;18,1720,0.260833;22,2625,0.398333
14,6769;105,23686,1;9,666,0.3625;12,1145,0.420833;20,1916,0.2575;23,2828,0.3875
14,6759;105,24000,1;7,543,0.376667;11,1018,0.4325;15,1538,0.268333;21,2540,0.385
14,6751;104,24450,1;7,559,0.379167;10,971,0.425833;16,1561,0.265833;20,2458,0.388333
14,6720;97,24030,1;8,637,0.379167;11,1047,0.426667;17,1627,0.265;23,2841,0.399167
14,6666;95,23498,1;7,595,0.3875;11,995,0.4275;15,1413,0.261667;21,2612,0.396667
14,6763;92,23506,1;8,581,0.3875;11,1019,0.434167;17,1671,0.259167;23,2767,0.389167
14,6729;115,23907,1;8,569,0.3925;10,1037,0.4425;16,1555,0.275833;20,2457,0.398333
14,6752;108,23084,1;8,627,0.385833;12,1119,0.428333;17,1692,0.2675;40,2784,0.39
13,6556;100,22636,1;5,463,0.385833;9,767,0.436667;12,1269,0.276667;18,2223,0.423333
13,6733;133,22825,1;7,553,0.3875;11,986,0.4375;17,1753,0.27;21,2503,0.421667
12,6603;115,23108,1;7,588,0.38;12,1178,0.443333;19,1844,0.271667;22,2610,0.42
13,6716;111,22525,1;7,571,0.389167;12,1076,0.444167;15,1532,0.27;22,2638,0.4075
13,6739;97,22824,1;7,539,0.395;12,1043,0.445833;15,1512,0.268333;21,2453,0.41
12,6498;101,22674,1;7,613,0.391667;11,1042,0.436667;18,1786,0.270833;22,2614,0.400833
14,6737;101,22419,1;6,482,0.394167;18,1004,0.441667;16,1598,0.269167;21,2549,0.398333
14,6727;103,22962,1;7,550,0.394167;10,939,0.4475;18,1449,0.275;23,2779,0.4075
14,6714;109,22520,1;7,616,0.4;11,1037,0.4525;23,1887,0.275;23,2757,0.4225
14,6736;114,22868,1;8,619,0.4075;11,1057,0.454167;17,1687,0.281667;21,2628,0.4175
14,6742;108,23161,1;9,694,0.3975;11,1060,0.438333;18,1734,0.273333;22,2607,0.414167
14,6759;120,23346,1;6,518,0.413333;10,953,0.463333;16,1559,0.280833;23,2810,0.404167
14,6768;114,22657,1;6,536,0.409167;19,950,0.460833;15,1471,0.279167;21,2575,0.398333
13,6729;100,23289,1;6,528,0.421667;10,913,0.47;16,1544,0.285;20,2380,0.410833
12,6728;115,23778,1;7,626,0.404167;11,1043,0.451667;16,1637,0.284167;20,2553,0.406667
14,6762;117,23464,1;7,635,0.4225;12,1123,0.476667;18,1806,0.298333;23,2906,0.425
8,6745;112,22527,1;8,635,0.414167;12,1201,0.473333;18,1734,0.293333;30,2929,0.430833
8,6707;113,23369,1;8,575,0.411667;11,1027,0.47;15,1464,0.2975;22,2519,0.430833
8,6679;114,22774,1;6,540,0.4175;11,1084,0.465833;18,1740,0.2975;22,2638,0.426667
8,6732;77,22635,1;8,631,0.42;21,1168,0.47;17,1656,0.2925;21,2601,0.4275
14,6749;94,22880,1;7,565,0.41;10,978,0.4525;14,1426,0.2875;22,2164,0.436667
14,6756;114,23455,1;8,637,0.4075;12,1149,0.4525;18,1751,0.2875;22,2658,0.438333
14,6777;105,22730,1;7,674,0.405833;12,1066,0.449167;17,1738,0.286667;22,2634,0.425833
14,6689;98,23261,1;7,584,0.403333;11,981,0.443333;15,1559,0.290833;22,2600,0.4325
14,6737;109,21874,1;7,590,0.391667;11,1043,0.435833;16,1580,0.273333;22,2690,0.4275
14,6757;101,22625,1;6,519,0.3875;11,1073,0.435;15,1547,0.275;22,2648,0.430833
14,6742;99,22090,1;6,534,0.383333;10,966,0.436667;25,1626,0.274167;23,2781,0.425
14,6726;103,22749,1;6,557,0.393333;9,867,0.4475;13,1329,0.278333;20,2550,0.431667
14,6747;102,23345,1;7,526,0.401667;10,977,0.46;19,1496,0.289167;20,2278,0.450833
14,6765;107,23459,1;8,646,0.380833;12,962,0.4375;21,1632,0.27;21,2616,0.440833
14,6736;115,23409,1;6,568,0.395833;11,1100,0.463333;16,1601,0.2825;24,2881,0.456667
13,6723;111,22739,1;8,653,0.391667;12,1141,0.458333;13,1769,0.281667;16,2757,0.465
13,6724;93,21952,1;4,540,0.401667;10,911,0.460833;16,1623,0.288333;21,2503,0.460833
13,6755;113,23064,1;8,659,0.401667;12,1158,0.461667;17,1673,0.2825;24,2874,0.47
12,6623;112,23355,1;6,519,0.395833;9,897,0.4425;13,1372,0.279167;22,2727,0.4725
14,6772;97,23928,1;7,558,0.3875;10,893,0.435833;17,1615,0.276667;25,2942,0.4525
14,6636;88,23224,1;6,569,0.386667;10,981,0.4325;17,1652,0.28;24,2847,0.465
9,6750;107,23985,1;6,504,0.376667;10,942,0.4275;14,1447,0.274167;22,2745,0.461667
8,6722;109,23880,1;8,631,0.3925;12,1129,0.44;21,1988,0.279167;24,2865,0.459167
8,6648;99,22803,1;7,497,0.395833;10,911,0.444167;17,1600,0.279167;19,2281,0.45
8,6717;100,23015,1;7,536,0.384167;10,990,0.426667;19,1768,0.265;24,2840,0.45
8,6749;102,23180,1;8,592,0.39;11,969,0.44;16,1579,0.268333;25,2861,0.446667
8,6729;101,23593,1;7,548,0.388333;11,1050,0.443333;18,1713,0.268333;23,2773,0.458333
8,6735;100,22661,1;7,554,0.3975;12,1023,0.4475;16,1627,0.276667;24,2849,0.466667
8,6642;100,23148,1;8,622,0.38;11,1079,0.434167;19,1854,0.275;23,2901,0.463333
8,6631;102,23639,1;7,518,0.379167;9,823,0.439167;15,1547,0.278333;17,2098,0.4725
8,6640;105,23988,1;7,587,0.366667;11,966,0.431667;19,1821,0.2675;21,2646,0.4575
8,6761;103,24378,1;6,532,0.371667;11,1023,0.429167;18,1717,0.266667;26,3061,0.449167
8,6658;104,24123,1;8,597,0.36;10,997,0.415833;17,1603,0.260833;21,2533,0.4425
14,6656;104,24120,1;8,599,0.3625;9,802,0.4075;14,1389,0.255;19,2350,0.443333
14,6741;103,24138,1;7,625,0.3625;10,931,0.406667;14,1459,0.255;25,2981,0.4475
14,6705;114,23895,1;6,535,0.360833;9,853,0.42;14,1385,0.263333;21,2557,0.455
14,6677;105,23880,1;6,544,0.351667;10,987,0.4125;17,1690,0.2525;25,2932,0.4375
14,6716;105,23519,1;6,508,0.359167;9,895,0.415833;15,1458,0.26;23,2745,0.440833
14,6659;105,23214,1;8,617,0.34;8,931,0.3975;14,1387,0.250833;21,2510,0.436667
17,6657;101,23590,1;6,559,0.345;10,900,0.403333;13,1366,0.255;20,2465,0.430833
15,6330;102,23903,1;8,647,0.35;11,1054,0.4;16,1564,0.259167;18,2274,0.435833
17,6700;100,23627,1;6,487,0.345833;8,784,0.3875;11,1148,0.244167;14,1844,0.415833
17,6721;102,24013,1;6,526,0.346667;11,991,0.403333;19,1814,0.259167;25,3096,0.436667
16,6642;102,24109,1;9,553,0.348333;11,949,0.405833;14,1418,0.2525;22,2562,0.444167
16,6632;103,24514,1;7,602,0.349167;11,1075,0.408333;19,1827,0.259167;23,2690,0.444167
12,6478;102,23881,1;6,498,0.348333;9,815,0.411667;12,1274,0.263333;19,2282,0.450833
12,6708;103,24115,1;9,580,0.34;13,1248,0.401667;27,1953,0.256667;25,2941,0.4375
12,6647;100,23937,1;6,526,0.348333;9,870,0.405;12,1236,0.258333;15,1828,0.444167
12,6384;67,24271,1;8,580,0.333333;11,1043,0.4;18,1786,0.258333;21,2516,0.435833
14,6656;112,24092,1;7,603,0.343333;10,964,0.403333;16,1559,0.264167;23,2796,0.4475
13,6451;99,23808,1;8,583,0.3375;11,1060,0.4;16,1611,0.259167;21,2590,0.436667
14,6580;102,24691,1;8,647,0.345;11,1053,0.4025;18,1724,0.270833;24,2793,0.465833
13,6541;100,24461,1;8,617,0.349167;11,1085,0.4025;18,1726,0.266667;25,2999,0.453333
14,6682;100,23648,1;7,579,0.350833;10,915,0.4075;14,1370,0.274167;21,2610,0.463333
13,6627;114,24294,1;9,631,0.355833;10,982,0.409167;16,1533,0.274167;22,2611,0.4725
14,6658;114,24286,1;6,571,0.3475;12,1172,0.406667;21,1889,0.275;28,3306,0.48
14,6574;114,24061,1;8,624,0.353333;12,1174,0.408333;17,1663,0.278333;28,2768,0.480833
13,6307;116,24591,1;11,706,0.346667;11,1007,0.393333;13,1367,0.2675;18,2317,0.474167
12,5751;92,24569,1;6,550,0.343333;8,825,0.391667;9,1035,0.2725;11,1843,0.4725
13,6406;119,24408,1;8,648,0.334167;11,985,0.381667;10,1476,0.260833;21,2698,0.464167
12,5872;115,24600,1;7,601,0.340833;11,967,0.386667;14,1319,0.263333;18,2222,0.474167
13,6468;117,24958,1;7,589,0.335833;10,863,0.38;16,1526,0.250833;21,2469,0.471667
13,6026;116,24768,1;6,477,0.316667;9,833,0.369167;13,1283,0.2475;20,2485,0.4575
12,6318;105,24696,1;8,644,0.3275;10,954,0.375;15,1539,0.254167;16,1975,0.461667
11,6054;100,24241,1;7,574,0.315;10,963,0.371667;15,1465,0.255;19,2331,0.459167
11,5441;97,24731,1;6,494,0.306667;8,773,0.3575;11,1188,0.2475;13,1723,0.4425
13,6544;102,24643,1;5,601,0.315;9,907,0.3625;12,1294,0.248333;21,2489,0.448333
12,5963;103,24470,1;5,435,0.305833;8,708,0.355833;10,1112,0.249167;19,2338,0.46
11,5564;100,24258,1;7,532,0.291667;10,871,0.34;13,1382,0.239167;17,2071,0.443333
12,5922;102,24760,1;7,595,0.303333;13,1203,0.360833;16,1523,0.249167;25,2946,0.4575
12,6088;102,25061,1;6,551,0.298333;9,858,0.350833;13,1293,0.248333;16,1972,0.456667
14,6402;96,25006,1;8,642,0.319167;10,1061,0.370833;17,1569,0.2525;22,2641,0.473333
13,6230;69,25343,1;6,531,0.293333;9,877,0.351667;12,1225,0.241667;18,2147,0.4525
13,6331;110,25186,1;13,582,0.316667;9,966,0.365833;15,1447,0.255;20,2437,0.470833
10,5114;115,24921,1;8,647,0.3025;11,980,0.355;16,1424,0.249167;19,2292,0.463333
11,5487;85,24410,1;8,538,0.301667;11,1007,0.356667;16,1477,0.259167;23,2725,0.469167
13,6267;118,25497,1;8,517,0.308333;10,916,0.365;17,1525,0.265;22,2612,0.471667
13,6089;118,26060,1;6,495,0.294167;10,949,0.343333;14,1264,0.246667;20,2472,0.449167
12,6090;83,26121,1;6,436,0.299167;13,817,0.351667;11,1135,0.255833;15,1891,0.455
11,5172;90,26777,1;5,317,0.2875;5,456,0.34;7,735,0.245833;10,1351,0.461667
9,4604;103,25433,1;5,274,0.278333;7,479,0.3325;6,660,0.24;11,1450,0.446667
7,3654;119,25862,1;5,251,0.2725;6,363,0.330833;6,533,0.2425;7,876,0.454167
8,3819;97,25251,1;7,377,0.279167;8,684,0.323333;10,872,0.235;12,1465,0.448333
10,4535;101,25390,1;4,243,0.271667;6,418,0.323333;8,690,0.236667;9,1095,0.4475
7,3376;101,25225,1;6,179,0.270833;4,202,0.315833;4,387,0.23;6,780,0.438333
4,1980;109,25769,1;1,73,0.269167;2,117,0.316667;1,150,0.231667;3,413,0.441667
2,892;104,25816,1;3,100,0.27;4,233,0.318333;2,203,0.234167;1,192,0.445833
1,792;105,26173,1;3,99,0.269167;4,213,0.3175;2,225,0.234167;2,333,0.4425
2,977;104,25720,1;1,56,0.269167;2,76,0.316667;1,105,0.230833;1,192,0.443333
0,120;104,26168,1;0,15,0.269167;0,14,0.316667;0,15,0.230833;0,20,0.443333
0,119;100,25861,1;1,17,0.269167;0,15,0.316667;0,15,0.230833;0,20,0.443333
0,120;95,25791,1;0,14,0.270833;0,15,0.318333;0,15,0.231667;0,20,0.4425
1,555;101,25460,1;0,13,0.269167;1,25,0.316667;0,30,0.23;0,50,0.440833
2,1287;103,26101,1;3,33,0.270833;3,41,0.319167;0,45,0.235;0,60,0.446667
