6851,431985;2427,134655,0.799785;1177,74261,0.544301;1682,107898,0.697634;1444,75182,0.500215;1956,109981,0.752043
6368,396706;2350,129405,0.838925;509,29640,0.678925;691,42484,0.797419;696,34166,0.591613;890,48268,0.800645
6035,398145;2321,129899,0.886452;548,29697,0.717849;740,44097,0.833978;677,31869,0.632258;936,48380,0.820645
6372,404921;2313,129092,0.886882;554,29606,0.764731;784,45648,0.865591;704,33515,0.68;918,48784,0.86086
6634,410287;2322,130144,0.916344;563,30375,0.760645;799,46026,0.862796;740,35118,0.694409;952,50181,0.860215
6425,403642;2307,129516,0.921505;538,28589,0.772903;765,43895,0.876989;707,33112,0.691828;909,47895,0.857849
6342,399541;2288,127997,0.935484;506,27211,0.762581;773,43191,0.882366;642,30723,0.710968;867,46244,0.861075
5471,402140;2290,127808,0.930538;536,28303,0.772473;774,43797,0.873548;695,32872,0.724086;1175,47871,0.873978
6335,396055;2292,128266,0.93828;660,26073,0.748387;978,41053,0.868817;848,30288,0.710108;1113,44299,0.859785
6471,405476;2293,128039,0.930108;689,27529,0.747527;1023,44957,0.875914;900,32785,0.726667;1126,46738,0.855269
6330,396919;2293,127920,0.923871;662,27216,0.749677;921,41729,0.851828;821,29882,0.708172;1082,44233,0.847957
6430,387974;2258,126106,0.911828;590,24419,0.746667;886,39536,0.84172;750,28217,0.692903;1021,42647,0.843226
6680,402993;2322,130527,0.914839;498,26367,0.737204;713,40799,0.841505;721,28989,0.678495;1104,44433,0.837204
6646,399138;2340,130868,0.906022;582,25411,0.693978;687,39517,0.820645;596,28227,0.662581;799,42531,0.812043
6602,397053;2329,130312,0.895484;458,24651,0.688817;659,37958,0.809462;791,28327,0.651828;1094,43781,0.81828
6783,397306;2295,128624,0.862796;560,22945,0.686452;879,37836,0.795484;785,27645,0.644301;1023,41115,0.807957
6731,389563;2342,131499,0.873763;528,21585,0.648172;776,34330,0.765376;675,24552,0.625161;926,38215,0.786237
6468,370564;2264,127886,0.818495;489,20562,0.624731;731,32555,0.750753;640,22762,0.611398;832,37205,0.773548
6353,369342;2311,129717,0.81914;366,18479,0.612043;560,31531,0.740645;461,21254,0.596774;680,35231,0.752043
6804,398571;2309,128972,0.801935;358,19045,0.590968;566,32600,0.732043;484,21830,0.583871;732,37322,0.732903
5980,338572;2322,129406,0.800215;234,11861,0.590538;382,21537,0.722796;289,13131,0.563011;493,25494,0.716129
3185,183617;2346,130952,0.789247;101,4698,0.590968;159,8037,0.725591;86,4047,0.558495;166,8575,0.709032
