96,66430;634,119010,0.999452;199,24352,0.923288;245,32460,0.974247;621,24302,0.909315;490,32367,0.970411
94,64707;630,115925,1;108,10206,0.941918;136,14601,0.980822;254,10820,0.909041;280,18623,0.939178
94,64792;637,114568,0.999726;119,9958,0.920274;154,16065,0.970411;281,12374,0.868767;279,18811,0.885479
95,65008;646,113966,1;119,9875,0.928767;149,15121,0.979726;288,12541,0.88411;288,19488,0.912329
94,63997;627,111685,0.999726;120,9506,0.86;152,14820,0.965753;259,11433,0.807397;260,17822,0.89863
93,62697;626,110473,1;111,8693,0.825205;142,13456,0.929589;235,10614,0.76411;231,16356,0.901096
89,59806;621,109826,1;106,7938,0.739726;141,12848,0.890137;222,10335,0.790685;215,15315,0.901918
84,55514;622,110307,1;107,7958,0.710411;139,12424,0.894247;197,9231,0.796164;194,13857,0.922192
72,48549;621,111891,1;99,6409,0.638082;120,10278,0.861644;165,8009,0.790685;161,11798,0.929863
52,35489;620,112378,1;77,4220,0.515068;98,7721,0.843014;109,5469,0.772603;102,7650,0.925753
29,20339;632,116469,0.999178;59,2389,0.443014;69,4979,0.809041;74,3570,0.757534;69,5168,0.908219
