47,66430;139,41073,0.97863;89,20061,0.876164;111,27943,0.939178;160,21094,0.819726;150,26684,0.970411
51,60572;147,40386,0.987397;41,7892,0.90137;55,12229,0.964932;67,9350,0.874521;70,12192,0.944658
49,58143;147,39108,0.979726;44,7740,0.917808;55,11552,0.956164;64,8523,0.869041;67,11193,0.914521
54,64088;145,38546,0.981918;51,8815,0.913425;72,14217,0.965479;75,10164,0.882192;83,13632,0.887671
51,62594;141,37787,0.986849;54,8571,0.917808;66,13052,0.963836;76,9878,0.881644;78,12657,0.915616
51,62744;124,37280,0.993425;50,8253,0.919452;67,13062,0.967671;74,9791,0.878356;81,13079,0.906301
51,61337;138,36201,0.983562;50,8162,0.926027;62,12318,0.943014;74,9900,0.883288;74,12100,0.896986
52,60868;139,36845,0.983014;48,7919,0.929863;62,12084,0.933699;67,9258,0.848767;71,11751,0.912329
51,58851;140,36717,0.996712;45,6892,0.873425;64,11581,0.918904;57,8962,0.845479;66,11111,0.916712
48,57727;141,37141,0.989041;45,7042,0.875068;57,10850,0.925479;62,8417,0.848767;61,10238,0.912877
47,56563;135,36870,0.985753;45,6952,0.846027;61,10503,0.912877;55,7996,0.857534;58,9962,0.916712
44,53137;143,37465,0.984658;55,6376,0.80274;40,9538,0.900274;49,7262,0.858082;42,8623,0.921644
40,49319;144,37927,0.987945;46,5622,0.787397;48,8959,0.873425;47,6553,0.812055;50,8190,0.939726
36,43625;144,38411,0.981918;37,5224,0.750685;45,8023,0.845479;41,5680,0.791781;27,7021,0.946849
28,34018;148,39693,0.987397;24,4053,0.684932;36,6528,0.829589;34,4883,0.769315;33,5761,0.932603
16,19904;151,40767,0.98411;17,1568,0.553973;21,3097,0.755616;16,2456,0.752877;17,3335,0.930959
4,4338;148,39820,0.978082;16,750,0.541918;13,1218,0.762192;5,696,0.736438;5,901,0.942466
