101,66430;334,131050,0.99863;161,25393,0.863014;201,35410,0.959452;486,24857,0.798356;450,36971,0.929041
85,65537;321,121081,0.998356;93,11024,0.927671;140,16938,0.964658;246,13307,0.851233;261,21440,0.923836
85,65578;562,119706,0.999726;107,11409,0.916164;119,17814,0.966301;275,14074,0.870685;238,21089,0.89589
119,65370;570,118772,1;100,10975,0.921918;128,17013,0.969589;229,12989,0.879178;205,20583,0.907397
123,64974;457,116303,0.999726;98,10339,0.919178;128,16698,0.978904;235,12935,0.860822;227,20098,0.905479
93,64921;548,113232,0.999726;120,10560,0.876986;137,16428,0.977534;223,12387,0.840274;238,20997,0.873699
136,64247;546,110884,0.999726;105,9677,0.908219;121,15142,0.977534;165,12098,0.88411;180,18619,0.911781
136,64443;542,110161,1;102,9886,0.912329;113,14525,0.936164;197,11524,0.810137;209,18836,0.907945
132,63446;548,110427,0.999726;92,9048,0.892055;115,14154,0.927397;188,11365,0.800822;191,18314,0.871781
132,62538;427,111147,1;95,8961,0.864658;120,14011,0.917534;196,11833,0.801918;190,17836,0.841918
126,59794;493,113299,0.999452;60,8044,0.80274;110,12813,0.910959;169,10256,0.773151;176,15834,0.849589
116,56529;561,115074,0.999726;74,8014,0.774247;104,12518,0.900274;145,9430,0.793425;109,13420,0.881096
98,51702;458,117070,0.999178;86,7057,0.749041;91,10684,0.853973;87,8166,0.757808;86,11977,0.879726
83,43464;578,119735,0.999178;69,5249,0.616712;87,9157,0.818904;106,6712,0.732329;94,9111,0.81589
61,32332;552,123112,0.997808;44,3563,0.514521;69,7257,0.784658;65,5226,0.643562;72,7479,0.806301
34,18449;589,126796,0.997808;39,1518,0.414521;46,4010,0.746301;45,3032,0.623562;41,4087,0.801918
7,5440;594,128157,0.999178;24,616,0.381644;23,1512,0.730137;13,1174,0.610685;14,1968,0.794247
