13265,9272971;2693,710817,0.983562;5140,992114,0.91804;5218,1058879,0.975482;6028,1009683,0.843046;5956,996665,0.958533
16539,9274772;2619,684476,0.97655;3481,312868,0.89589;3105,379775,0.939355;3199,332880,0.836034;3377,342946,0.877734
16904,9275181;2747,686819,0.972603;3972,329920,0.879498;4071,407157,0.942884;3616,345741,0.832041;3913,373108,0.88247
16844,9275165;2637,679380,0.978825;4335,331237,0.886696;4109,405028,0.957418;3659,346670,0.833109;4308,369717,0.895194
17062,9275334;2657,676048,0.977571;4419,338723,0.888321;4119,408154,0.955421;3825,354049,0.845972;3823,367505,0.900906
17028,9274876;2716,672496,0.978268;4564,335255,0.897237;4274,403387,0.955793;4118,346226,0.842628;4120,364232,0.891525
17053,9259547;2880,677682,0.978314;5041,324573,0.877409;4112,391167,0.93968;3982,342314,0.824472;4022,358798,0.893661
16560,9154832;2822,673418,0.980868;4658,299540,0.817135;4072,365924,0.891897;3567,313724,0.774646;3758,333742,0.882052
17182,8709915;2691,676956,0.979986;4037,255600,0.714604;3553,309378,0.811655;2925,271868,0.724541;3264,286489,0.84091
14825,7592415;2798,681791,0.971303;2801,189772,0.565173;2372,227465,0.673044;1930,210844,0.639331;2445,225118,0.779707
9973,5201399;2781,699796,0.98059;1807,89320,0.405062;1654,111700,0.530764;1069,108291,0.540237;1250,118830,0.723798
4283,2312202;2720,697167,0.981565;1189,42531,0.327606;1469,55443,0.483956;525,50938,0.513536;552,56229,0.713954
1079,572647;2649,696790,0.978779;1104,16626,0.311818;940,19534,0.477641;159,16501,0.504017;181,18323,0.712793
148,77407;2860,697095,0.978175;859,3728,0.310007;589,4285,0.477548;47,3925,0.503459;41,3362,0.712886
