17189,9272971;4614,712721,0.97186;7993,1007901,0.888368;7908,1059142,0.961412;9089,1005382,0.865614;8876,991156,0.953703
21004,9275627;4698,703485,0.97186;5237,343529,0.893104;5115,413362,0.945716;4740,351838,0.814627;5297,375422,0.88521
23439,9275490;5063,701169,0.971349;5444,345015,0.863617;5163,422943,0.938751;5066,358237,0.803808;5445,391948,0.869236
23322,9274953;4706,696396,0.975853;5703,348683,0.868215;5663,427392,0.940655;5190,364976,0.810309;5569,390326,0.868354
23433,9274353;4750,700920,0.970281;6726,348832,0.856466;5585,430513,0.937776;5637,368465,0.820525;5826,394358,0.889296
23668,9275613;4846,702175,0.962851;5735,350753,0.868772;5726,429976,0.942512;5455,364610,0.827304;5430,389369,0.879824
24615,9274014;4722,700390,0.962387;6239,355125,0.868354;5657,434302,0.943162;5554,373368,0.846065;5991,395097,0.892779
24955,9274142;4948,703340,0.968423;6035,351373,0.866357;5803,428772,0.943673;5664,366295,0.826608;5251,389982,0.883121
25045,9276491;4735,703290,0.964151;6204,353992,0.873694;5614,428209,0.946413;5380,367777,0.83283;5647,392853,0.901231
25161,9276222;4714,699283,0.971024;6002,353187,0.880659;5713,427275,0.949849;5897,375191,0.839238;5562,384448,0.901788
24845,9275856;5047,692299,0.970792;6190,346356,0.873694;5936,423707,0.945577;5113,366049,0.83817;5336,381753,0.886603
24931,9275279;4720,696882,0.964476;6035,348202,0.881681;5416,419731,0.951521;5302,360385,0.824704;5212,378104,0.902531
24173,9275434;4691,695629,0.966984;6195,349504,0.877316;5967,426432,0.950592;5650,366266,0.838031;5468,379740,0.897934
24563,9275627;5055,695816,0.971442;6321,344653,0.86854;5444,421600,0.952403;5262,363122,0.850894;5527,380319,0.901138
24767,9275624;4766,702648,0.967309;5997,350120,0.883167;5648,420904,0.940794;5145,363254,0.850801;5309,376025,0.901509
24408,9276206;4751,704510,0.962665;6225,342118,0.879266;6079,417120,0.948688;5067,355408,0.85029;5385,369008,0.8873
24211,9273226;5091,700762,0.973346;6075,343340,0.873276;5336,417808,0.944695;5266,356577,0.846018;5182,373281,0.899048
24363,9273679;4733,701673,0.965219;5805,337530,0.875923;5495,410751,0.94957;5019,354070,0.845229;5362,375807,0.890365
24142,9276132;4833,713768,0.970931;6593,347775,0.868958;5618,421842,0.950638;5453,359397,0.850801;5538,376235,0.905874
23384,9273843;5166,707616,0.962387;5592,336174,0.880102;5338,406188,0.949153;5177,349261,0.844486;5040,369750,0.901463
22535,9273671;4810,710033,0.960762;6062,340428,0.859252;5386,416771,0.944695;5193,356448,0.843743;5347,373130,0.891758
23415,9275627;4786,708888,0.965637;6491,344521,0.865521;5689,419984,0.950638;5321,355671,0.82749;5356,374795,0.91075
23633,9274333;5168,710096,0.964198;5928,345301,0.877084;5701,417398,0.955468;5047,363649,0.832598;5289,375891,0.901927
23924,9275669;4825,708937,0.963176;6039,345493,0.878709;5474,414465,0.94372;5328,359893,0.862271;5787,373239,0.893847
23952,9275113;4782,707398,0.960762;5989,341874,0.872626;5662,412141,0.950964;5272,354162,0.838821;5034,375496,0.88795
23853,9275953;4697,703696,0.959508;6344,348345,0.887996;5342,412519,0.937265;5123,364215,0.845832;5352,375890,0.894172
23608,9275455;4613,713381,0.961319;5953,343633,0.884142;5567,416261,0.941026;5519,358277,0.839378;5478,373962,0.898259
23623,9274136;4582,702932,0.961087;6232,343043,0.872951;5878,419643,0.944741;5042,360531,0.844486;5280,373303,0.887625
23777,9274931;4643,708932,0.964523;6165,345308,0.876619;5412,415846,0.941305;5347,358851,0.836034;5172,373561,0.894497
23826,9275406;4719,705238,0.955282;6155,341467,0.869375;5857,417517,0.935129;5523,356764,0.830508;5213,373049,0.884049
23908,9275188;4796,712054,0.954586;6327,347007,0.867518;5371,421963,0.939772;5190,363875,0.824518;5453,376955,0.882981
24022,9274366;5051,711053,0.955468;5800,349795,0.868725;5596,418446,0.941909;5181,363360,0.823729;5342,383633,0.890132
24285,9275975;4730,704935,0.955329;6311,351022,0.869654;6123,426018,0.938565;5303,373662,0.833945;5553,384767,0.889389
24286,9274727;4732,707941,0.961597;6086,344361,0.876062;5276,415584,0.934757;5284,361619,0.824565;5206,379708,0.882842
23524,9276369;4808,706321,0.958347;6073,351780,0.878013;5626,423268,0.937822;5177,365026,0.835338;5353,379347,0.882563
23025,9275292;4808,709786,0.964012;6628,345110,0.870026;5444,415123,0.949617;5369,359396,0.8202;5190,377903,0.890318
22880,9276028;4748,707181,0.960808;5903,342861,0.876712;5373,418609,0.945995;5087,362278,0.826608;5384,370684,0.871744
22866,9276108;4803,716473,0.967588;6197,347268,0.876666;5465,417697,0.946645;5021,363600,0.813606;5118,378378,0.885257
22853,9275471;4948,709963,0.964198;6264,345873,0.858417;5505,415646,0.943069;5102,361334,0.809984;5092,378425,0.881681
22939,9276180;4780,712057,0.962108;5835,349068,0.859345;5811,419101,0.939262;5217,360341,0.824658;5212,380995,0.880659
22683,9276037;4823,715474,0.959833;6047,351344,0.864964;5471,424151,0.926631;5216,361522,0.826329;5194,380672,0.87179
22702,9276110;5075,712323,0.955189;6091,349843,0.856791;5493,421061,0.942512;5061,362302,0.804783;5388,381374,0.87374
22629,9274966;4842,712348,0.964941;5887,349086,0.865475;5553,415031,0.935918;5082,361940,0.823543;5230,376060,0.877316
22346,9274377;4821,715313,0.96104;5883,343958,0.870118;5337,417359,0.94358;5267,362895,0.814395;5210,377962,0.884606
22345,9274751;5189,713759,0.954168;5946,338287,0.866775;5322,411515,0.942048;5017,356275,0.812259;5223,371541,0.887996
22133,9274302;4768,711492,0.958161;5874,349210,0.864035;5526,416095,0.943255;5077,363997,0.823218;5165,378593,0.885071
22332,9274414;4809,713160,0.967727;5904,343877,0.857581;5427,415064,0.938147;5309,366357,0.818574;5222,381223,0.885071
22408,9272892;5114,706247,0.96508;5983,348056,0.861899;5279,410563,0.937961;5016,355083,0.826422;5131,369142,0.879916
22319,9274901;4775,703372,0.963223;5893,347196,0.874483;5491,412083,0.941305;5029,359861,0.827212;5252,375934,0.884792
22063,9274429;4764,701979,0.967727;5759,342693,0.868122;5313,411359,0.942791;5207,358199,0.82345;5077,372489,0.89134
22124,9274844;5100,700112,0.970281;6024,346305,0.870118;5350,416274,0.944091;5048,356531,0.829626;5169,373384,0.893058
21838,9268878;4656,694540,0.962108;5682,332377,0.858602;5485,403406,0.949524;4967,354898,0.837195;5079,363456,0.891247
21630,9267966;4655,692488,0.970745;5643,335962,0.864825;5320,402846,0.947342;5061,351932,0.826236;5059,369374,0.885071
21881,9265388;4991,692146,0.966427;5847,332083,0.85498;5163,397166,0.941258;4947,352959,0.821964;5066,359507,0.890039
21691,9248098;4686,694133,0.972881;5596,322109,0.857581;5313,388551,0.942698;4742,339149,0.837613;4937,354524,0.899745
21204,9217253;4650,690917,0.965544;5532,310772,0.864082;4926,375568,0.937776;4793,329175,0.837938;4758,344184,0.908242
21393,9185085;4989,690487,0.966938;5409,306373,0.861667;4815,368004,0.931275;4539,320535,0.830648;4733,337692,0.903506
20659,9083389;4663,690700,0.967216;5044,290471,0.835895;4605,350109,0.928767;4563,308473,0.83961;4417,322212,0.897887
20146,8931393;4647,688889,0.968052;4885,271196,0.824983;4374,326456,0.919666;4013,288344,0.82684;4269,302835,0.900627
20522,8719898;4773,693069,0.967588;4375,249261,0.800557;3890,298155,0.905967;3751,270048,0.838635;4137,281517,0.8899
19841,8423213;4651,692735,0.963733;3860,224381,0.785094;3506,267742,0.8873;3355,240289,0.82475;3560,254958,0.864314
18651,7899336;4704,699632,0.967263;3318,181643,0.740237;2829,214310,0.858277;2739,203226,0.808637;3009,217997,0.860645
17069,7082619;4685,697685,0.969492;2094,130136,0.701741;2105,158494,0.834223;1943,151545,0.782586;2346,164028,0.843928
15206,5990583;4981,708672,0.972324;1758,101875,0.658417;1749,123645,0.808498;1446,117901,0.767773;1789,130750,0.83492
11967,4807941;4682,702494,0.972742;1441,81893,0.629673;1529,97403,0.796099;1156,91996,0.758858;1340,99785,0.827258
8818,3525492;4727,710869,0.975342;1272,61821,0.617321;1211,73683,0.799814;757,65576,0.742512;850,70265,0.815138
6221,2455860;5083,710300,0.97316;972,44486,0.615835;1036,52940,0.8013;535,45595,0.728814;608,50978,0.808358
4171,1673943;4717,712443,0.980079;815,32095,0.619642;746,35863,0.801904;379,32867,0.724402;407,35102,0.800697
2403,955961;4732,712553,0.977664;824,20006,0.624843;546,21634,0.801022;227,20798,0.72287;231,20959,0.798282
1245,492952;5078,711142,0.980683;544,13255,0.624193;610,14536,0.800093;141,13432,0.719526;148,13928,0.794613
789,332895;4738,712850,0.980265;494,8602,0.626701;484,9568,0.8013;92,8227,0.716137;108,9806,0.793174
360,150117;4702,709213,0.979104;499,4648,0.628465;311,3845,0.802229;48,3552,0.716508;46,3526,0.79257
117,47322;5047,711684,0.982308;320,1732,0.629162;372,1843,0.802368;25,1596,0.715765;24,1631,0.792524
46,17234;4722,713189,0.98658;373,669,0.629069;234,971,0.802182;15,753,0.71609;17,819,0.79257
58,21517;4701,711448,0.983283;182,653,0.629069;197,575,0.802182;11,549,0.715811;12,485,0.792292
16,4311;5059,710947,0.980775;198,215,0.629255;159,367,0.802136;11,343,0.716044;11,245,0.792524
16,4311;4743,713482,0.981518;218,360,0.629255;182,355,0.802182;9,222,0.715997;10,301,0.792292
