23178,9272971;8217,2102796,0.99935;7710,481427,0.939378;7797,580204,0.98384;14800,432184,0.657813;12901,580950,0.882052
23599,9178566;8453,2055360,0.999303;6005,162157,0.9557;4959,221341,0.97922;7254,190482,0.789645;6995,259363,0.909682
23389,9187177;8240,2044006,0.999094;6313,173033,0.933643;6182,243891,0.97323;7466,195848,0.823543;7577,273158,0.899977
23590,9205494;8223,2035193,0.998723;6813,177529,0.925192;5435,253083,0.971465;7155,199192,0.850894;7502,289458,0.898375
23812,9207288;8392,2026057,0.999094;6711,179891,0.916647;5650,257009,0.971674;6934,196221,0.835918;7320,291853,0.899327
24865,9170354;8318,2004914,0.998886;6632,178035,0.914117;5221,252298,0.971674;6568,193508,0.837822;7493,287543,0.900441
24793,9120808;8177,1988084,0.998932;6266,172234,0.89531;5489,246854,0.970142;6968,190516,0.833202;6884,281794,0.89805
25046,9017702;8216,1986817,0.99928;6576,170602,0.88052;5282,240842,0.966125;6558,183799,0.840585;7096,270490,0.899141
24410,8857293;8244,1985835,0.999512;6494,161744,0.860738;5245,231186,0.95779;5920,174683,0.835524;6035,255502,0.908219
23872,8691820;8213,1987966,0.99928;6285,153235,0.838519;5434,220594,0.954493;5854,167513,0.829928;6277,244939,0.909984
23735,8294112;8195,1995147,0.998677;6505,146030,0.802949;5182,206673,0.935454;5461,154362,0.811261;5731,225683,0.906339
22214,7760552;8165,1998580,0.999257;6160,134138,0.768122;4915,190347,0.928396;4600,138842,0.789413;4788,198679,0.904458
19779,7073261;8273,2012645,0.999582;6079,121936,0.736104;4883,171677,0.923264;4005,120325,0.770374;4320,172325,0.900906
16660,6090006;8058,2015069,0.999791;5210,100922,0.672997;4153,145010,0.897957;3462,100712,0.738449;3613,143013,0.895821
12337,4706609;8104,2041643,0.998769;3874,73360,0.57179;3636,114031,0.846065;2259,75199,0.68853;2453,111066,0.891015
7498,2876590;8115,2070959,0.999954;2479,29460,0.456629;2829,53975,0.760158;1058,40534,0.613257;1155,64581,0.863199
1824,697803;8223,2074468,0.999884;2782,11477,0.435918;2088,19733,0.751799;286,10999,0.59538;306,16322,0.854841
