21446,9272971;7864,2063036,0.99928;5288,475280,0.947225;5131,568466,0.986557;10447,434492,0.802508;8890,571957,0.944091
24263,9281736;7890,2023038,0.99935;5138,236288,0.939471;4533,314257,0.981147;6187,237855,0.866148;6182,327543,0.925075
24543,9282078;7865,2003072,0.999141;6273,247697,0.931716;5230,332234,0.983237;6494,239281,0.881774;6738,336267,0.93153
25957,9281941;7935,1991251,0.999303;6889,246216,0.930787;5445,332829,0.983492;7017,239980,0.891804;6819,334010,0.932877
27938,9281736;7779,1992099,0.999698;6964,243369,0.933922;5384,330796,0.985512;6409,238262,0.897632;5334,332333,0.934641
30278,9281558;7718,1982570,0.999512;6811,242374,0.928674;5492,328567,0.986348;6265,235597,0.904156;6431,327895,0.933968
29915,9281664;7629,1970953,0.999629;6889,243666,0.932343;5374,329526,0.985466;6386,233740,0.904899;6282,321956,0.936824
30148,9281556;7810,1959928,0.999721;7155,240730,0.933086;5784,324597,0.986464;6384,229173,0.89726;6211,315003,0.93557
28206,9281566;7781,1951550,0.999582;6054,237345,0.929255;5464,322242,0.986;6128,229520,0.910564;6270,316892,0.94098
28640,9281296;6628,1954763,0.999698;6908,237971,0.931228;5571,321471,0.983817;5924,225677,0.910634;6046,310435,0.941746
27960,9281164;7216,1950386,0.999768;7378,238175,0.931693;5438,319196,0.985791;6079,226610,0.910378;5925,311805,0.942559
28089,9281169;7301,1940468,0.99935;7321,236616,0.932668;5410,316979,0.985071;5976,226626,0.92071;6029,310757,0.942721
28667,9281136;7765,1940948,0.998839;7904,235756,0.923636;5404,318437,0.986301;5980,224469,0.909984;6109,313172,0.933527
27606,9281165;7014,1943081,0.999466;7152,237117,0.934641;5557,317334,0.986208;6033,228632,0.905247;5947,312705,0.940933
26756,9281214;7651,1943675,0.999791;5629,237001,0.931066;4555,317855,0.985674;5279,224486,0.902438;4975,308110,0.941607
26918,9281298;6834,1937959,0.999629;6835,236639,0.928187;5597,320797,0.986812;5506,225731,0.911934;4762,310103,0.944323
27872,9281434;7903,1929664,0.999791;5681,239046,0.929255;4337,320204,0.986719;6099,225114,0.899048;5975,307950,0.943394
28218,9281409;7875,1930478,0.99942;6931,236856,0.925447;5417,318556,0.986534;5955,227768,0.906362;6084,311689,0.942141
28127,9281196;7696,1928125,0.999605;7141,238020,0.931321;5680,319598,0.985257;6022,227917,0.905201;5975,308576,0.943696
27360,9281196;5147,1924608,0.99942;8006,234278,0.938774;5501,319101,0.986139;5962,225486,0.899605;6231,310382,0.942187
23940,9281504;6641,1918525,0.999652;7003,235965,0.933689;5620,317712,0.987137;6045,224734,0.906176;5965,309227,0.94632
23928,9281400;7675,1911656,0.999675;6404,237027,0.926956;5295,319696,0.986023;5957,228223,0.907221;6040,309381,0.950081
24846,9280173;7723,1914531,0.999605;6981,236771,0.920502;5452,318701,0.981565;5946,223220,0.904829;6053,309097,0.939471
24485,9275344;7430,1908445,0.999048;7209,233726,0.910866;5180,315148,0.973067;5899,223978,0.89401;4752,305293,0.944091
23833,9260907;7621,1909229,0.99935;5841,232774,0.889552;5522,312514,0.966311;5921,221223,0.889505;5850,298306,0.939029
23125,9231475;7371,1922141,0.999257;6895,224240,0.865382;4845,302901,0.960367;4646,219270,0.888461;4697,297721,0.942535
23305,9160059;5040,1923120,0.999536;5733,217386,0.834316;5841,297876,0.942396;5759,209402,0.886092;5959,284635,0.938867
24050,9002488;5015,1931599,0.998909;6349,202984,0.791827;5178,274976,0.916183;5165,198154,0.886278;5192,267366,0.931739
23605,8725547;7607,1940053,0.998862;6293,184068,0.735361;4996,252183,0.881309;4277,183834,0.879498;4031,254048,0.937799
22733,8236190;7882,1958017,0.999536;4773,158471,0.65707;3503,223780,0.826608;4328,165592,0.847295;4910,233491,0.925586
20643,7395815;7098,1960122,0.999373;3524,111801,0.555375;2860,161965,0.75303;2730,134223,0.822939;2901,188608,0.902229
17185,6179526;7294,1989520,0.99993;2556,68065,0.449733;2052,102721,0.662155;1722,94269,0.782424;1896,134708,0.881379
12197,4531866;5195,2014318,0.999907;2355,45137,0.35714;1939,76554,0.613675;1102,64207,0.764616;1178,91327,0.884746
7649,2925759;7959,2032814,0.999954;1693,28206,0.298166;2275,48673,0.586116;878,40623,0.75173;916,56204,0.882888
4386,1612620;8054,2046531,0.999814;1737,15733,0.260645;1365,32499,0.584351;392,23167,0.744973;367,30296,0.886673
2411,878690;6397,2052252,0.999884;1360,10306,0.245345;1109,16461,0.582261;198,12182,0.748201;204,16697,0.888948
1065,375445;6249,2057489,0.99993;1398,5865,0.238217;1198,9510,0.581635;99,6077,0.746575;103,8514,0.890782
269,94639;7743,2064125,0.999907;1130,1974,0.235802;849,3303,0.582029;37,2225,0.745879;34,2750,0.89055
188,64465;6789,2057732,0.999907;810,685,0.235918;878,1224,0.582145;15,835,0.745647;18,1049,0.890643
48,12936;7078,2060421,0.999954;922,326,0.235988;531,297,0.582076;9,249,0.745438;13,353,0.890573
