23219,9272971;5384,2104942,0.99942;5424,482851,0.938844;5806,580236,0.98398;10598,435636,0.675134;9584,584308,0.879707
25004,9279978;5506,2059741,0.999605;5503,217011,0.927003;4934,300167,0.973044;6690,232573,0.834595;6548,318929,0.907685
25685,9280285;5431,2008898,0.999094;6516,229592,0.913815;5886,315879,0.981936;6775,231443,0.859438;6728,318177,0.908335
25920,9280474;5390,1993993,0.999164;7232,234159,0.928326;5833,320696,0.983074;6963,231486,0.886766;6849,319968,0.917437
25835,9280315;5577,1965072,0.999629;7499,227988,0.929231;6499,310998,0.982865;7056,226018,0.890179;6985,317845,0.919875
26776,9280447;8852,1956736,0.999652;8338,227931,0.923636;6287,311507,0.983887;6735,224604,0.891665;6630,313703,0.926678
25661,9270081;9638,1955196,0.999536;7165,221262,0.884885;5969,310369,0.961667;6508,218392,0.862898;6520,308103,0.915742
23616,9174262;9191,1957457,0.999257;7025,205898,0.819317;5930,286653,0.904945;6183,207107,0.825726;6229,292550,0.886835
22380,8744602;5728,1975487,0.99942;6822,178695,0.712932;5375,252586,0.824054;5428,179919,0.741166;5690,260834,0.865452
20957,7648745;5423,2002361,0.999048;4231,113521,0.526445;3821,174048,0.684444;3969,134689,0.610123;4590,210924,0.805456
13949,5243395;5646,2042308,0.999814;2391,47826,0.356745;2488,86410,0.545623;1966,75040,0.504017;2534,120908,0.77792
6348,2372698;9098,2078113,0.999907;1673,22801,0.2772;1655,46768,0.505131;851,34484,0.456931;910,51262,0.762248
1738,643873;9060,2087749,0.999837;1567,10081,0.255979;1346,17655,0.497841;270,10597,0.442768;269,15699,0.758602
