776,1007490;954,191871,0.978732;841,137426,0.893803;1006,164783,0.96662;1313,142284,0.868169;1286,158694,0.967606
821,1009365;963,192082,0.983944;700,79598,0.864789;844,107420,0.958732;1032,91370,0.85507;1030,104326,0.952676
850,1009231;970,192368,0.969577;725,78851,0.85831;820,105868,0.941972;993,88246,0.847042;1007,103417,0.937324
890,1009051;949,188938,0.981831;729,78674,0.866479;831,104623,0.954507;1010,88884,0.852958;1013,103892,0.937606
935,1009096;967,192019,0.981127;746,78297,0.869155;872,105597,0.95507;1044,88521,0.857183;1021,103357,0.933662
876,1009153;1022,191926,0.980704;742,77067,0.860704;866,105523,0.954648;1003,86408,0.84169;1031,103609,0.936338
872,1009164;1009,191099,0.975634;685,74051,0.861972;874,101717,0.942958;996,86048,0.854507;1038,100951,0.933099
869,1009298;962,191123,0.973944;763,76626,0.858451;846,103602,0.941268;1046,87792,0.839155;1047,102321,0.932394
872,1009244;961,190606,0.980423;764,75634,0.872535;836,103068,0.956338;1000,86021,0.864648;982,99978,0.935915
874,1008963;965,190970,0.979718;731,72958,0.872394;804,97738,0.964366;955,81359,0.87;949,96745,0.939155
891,1008865;949,186682,0.980845;720,71759,0.888169;810,96410,0.961972;965,81089,0.866479;940,94179,0.936479
888,1009038;950,188283,0.981268;695,70230,0.867746;793,95649,0.953944;926,78938,0.859577;934,92851,0.933944
906,1009042;954,189343,0.981127;718,70451,0.884789;834,96496,0.960704;968,81224,0.875493;909,93524,0.93507
902,1008895;950,188465,0.978592;691,68894,0.877465;802,94795,0.957324;902,78525,0.854085;915,93914,0.933521
911,1009025;956,189033,0.977887;680,70370,0.88507;806,95825,0.957746;920,78184,0.854507;932,93580,0.930282
908,1008731;1037,187466,0.979296;692,68936,0.86507;787,94004,0.961127;899,77666,0.853239;919,91461,0.917324
910,1008959;948,188343,0.979718;699,69119,0.878873;774,94716,0.952394;927,79776,0.857042;932,93424,0.922535
979,1008684;942,186972,0.980141;735,68989,0.876056;781,93276,0.949155;900,78218,0.852817;928,91799,0.92
1022,1008731;950,188371,0.980563;704,68643,0.872817;798,94576,0.960845;919,77927,0.856761;928,92214,0.926479
1015,1008624;943,187233,0.976338;668,67374,0.87;757,92179,0.945211;888,76517,0.831408;905,91525,0.927465
948,1008992;944,186778,0.982535;698,70252,0.869859;789,95346,0.955634;931,78058,0.85338;949,93289,0.927465
928,1008933;952,189405,0.978873;708,68761,0.872394;788,94764,0.951268;921,78428,0.834507;924,93239,0.920986
947,1008665;955,187920,0.981268;677,68974,0.859155;792,95382,0.955352;907,77392,0.840141;931,93059,0.927324
931,1008915;962,189476,0.981549;681,68174,0.86507;789,94336,0.959296;939,78093,0.841831;942,93347,0.926761
933,1008720;966,189471,0.977324;701,68476,0.864648;798,94628,0.957324;921,77902,0.847606;938,92988,0.921972
936,1008936;1076,190266,0.982254;707,68215,0.872394;796,92617,0.953239;893,77444,0.850141;895,92172,0.925775
958,1008973;964,189482,0.982676;687,68271,0.863803;822,95033,0.958028;931,79266,0.857183;932,92239,0.925352
947,1008729;956,189701,0.977324;739,69683,0.863944;781,96332,0.959577;926,78720,0.845634;929,94312,0.925352
948,1008929;938,186788,0.974507;714,68974,0.856901;785,94708,0.955211;924,78932,0.837042;944,93410,0.926761
953,1008890;951,187311,0.980845;754,69812,0.869155;800,96181,0.957887;939,78553,0.851268;914,92556,0.931127
954,1008664;947,189140,0.984225;715,68745,0.875352;811,96200,0.963944;937,80237,0.860704;936,92564,0.933099
1016,1008858;970,190192,0.981972;706,68925,0.871972;775,94532,0.952676;898,77859,0.847887;924,92221,0.918451
980,1008921;960,190093,0.983944;722,70215,0.866197;796,96498,0.956901;965,80961,0.854366;925,94790,0.926056
936,1008610;954,187217,0.978592;706,70460,0.862113;805,96615,0.959437;915,79431,0.849577;941,93722,0.923944
927,1008892;949,189555,0.980141;709,69365,0.87169;787,96366,0.964789;942,80146,0.854085;972,94632,0.930704
918,1009022;1068,188632,0.979014;708,70854,0.870282;812,96742,0.953521;925,80073,0.84493;951,94844,0.927887
1017,1008833;962,190340,0.983944;705,69845,0.869155;793,96069,0.955775;915,79587,0.85;912,93513,0.927606
1023,1008791;955,188216,0.981408;740,70669,0.866056;801,97279,0.962113;947,78834,0.862254;926,93281,0.923521
949,1008827;949,187124,0.973662;735,71120,0.872958;805,94747,0.956901;954,80417,0.876197;968,94812,0.923521
976,1008889;946,187749,0.982254;727,71559,0.870986;801,97241,0.957042;931,79848,0.860423;953,95183,0.930704
977,1008828;959,189274,0.982535;721,72002,0.87493;852,98690,0.954085;955,81599,0.853521;964,96692,0.92831
965,1009016;939,187772,0.978028;707,71676,0.878592;809,97068,0.959437;946,80784,0.854085;963,94918,0.92507
969,1008836;952,189050,0.975634;743,70483,0.86507;808,97441,0.957887;964,80475,0.854366;940,93342,0.924648
1010,1009217;958,188735,0.978732;760,72008,0.864789;801,99101,0.960423;964,81337,0.838732;963,96594,0.92507
1008,1008804;1007,188980,0.982958;717,72024,0.870845;799,98098,0.963944;940,81068,0.849014;965,95234,0.924366
1010,1009076;1014,189782,0.983662;723,71787,0.866761;822,99460,0.955775;974,81254,0.85169;1005,96344,0.928028
997,1008949;961,189414,0.974789;727,71260,0.862535;858,98488,0.956901;974,81571,0.859859;973,98308,0.934225
956,1009104;958,189780,0.979577;732,74196,0.870282;807,98794,0.955634;977,81392,0.844789;963,98292,0.932817
927,1009151;952,188293,0.978451;743,73065,0.870563;837,101525,0.958873;1046,85062,0.881549;1009,99416,0.93338
938,1008832;960,188842,0.983803;733,72529,0.872535;813,99746,0.962817;963,81463,0.859859;964,97270,0.938592
940,1008238;954,190081,0.977887;720,72931,0.859155;834,100496,0.954507;963,82779,0.857465;975,96834,0.928873
945,1009101;964,191320,0.974507;786,74893,0.868169;879,102847,0.956197;1034,84594,0.848169;1019,99810,0.92662
950,1009207;960,191403,0.98338;756,74174,0.859577;864,103144,0.962958;1025,84512,0.841408;1003,99553,0.927746
951,1009026;967,192788,0.98;753,74566,0.865775;840,101137,0.960282;979,81884,0.853944;1015,99313,0.934085
1047,1008988;1074,190756,0.98;774,75354,0.868169;905,103954,0.95831;976,83892,0.861831;977,99354,0.928592
1043,1008962;951,190474,0.987324;784,76914,0.874366;843,103133,0.958732;1027,85070,0.878028;1001,100240,0.940141
1042,1009218;954,190296,0.977183;772,76133,0.873803;857,102749,0.958169;1017,83926,0.866901;969,97897,0.941549
1087,1009212;947,189300,0.984507;741,74585,0.872676;853,104433,0.961972;1007,84200,0.861972;986,99948,0.941972
997,1009158;962,191869,0.98507;774,77121,0.877324;835,101867,0.961549;1016,85401,0.867042;995,99744,0.942817
973,1009266;945,189139,0.980423;833,77280,0.872113;888,105881,0.963662;1053,87207,0.861831;1014,101358,0.940563
969,1009112;945,189002,0.983944;758,77369,0.883239;853,104423,0.955211;1015,85607,0.884366;1008,99814,0.935211
970,1009182;966,191485,0.980563;757,75805,0.879437;846,103707,0.955634;1009,86120,0.883239;996,99094,0.940986
981,1009115;956,189355,0.98493;808,77348,0.886901;863,104013,0.963803;1002,84888,0.886338;985,98940,0.936479
985,1009275;939,188222,0.979859;796,77245,0.874507;860,104468,0.966197;989,85473,0.878451;982,100845,0.947465
992,1008944;1062,188244,0.979296;752,77464,0.880563;857,103036,0.955493;975,83252,0.861549;997,99850,0.937042
963,1009159;957,191207,0.984789;758,75486,0.878451;861,103982,0.964507;1003,84238,0.870563;1012,100019,0.947324
957,1009286;966,191515,0.972817;753,75474,0.877465;839,104056,0.962676;996,84531,0.867746;973,98049,0.940563
1020,1009119;948,190659,0.977746;808,76953,0.880845;874,103772,0.961972;955,85495,0.861268;933,100025,0.942254
1008,1009325;952,190763,0.978592;717,76726,0.866901;830,105633,0.963521;955,85592,0.862394;962,101366,0.948592
1007,1009326;962,192457,0.981408;720,76228,0.875915;809,103638,0.960986;951,84082,0.883099;979,100523,0.948169
988,1009205;962,192877,0.988451;787,77461,0.88493;884,104836,0.969859;1099,84745,0.883944;1100,100392,0.946761
1049,1009126;941,188554,0.985493;878,77903,0.891831;911,103831,0.96831;1049,85671,0.892113;1093,100094,0.949296
1054,1009385;951,189277,0.982113;885,78350,0.896479;938,104816,0.958451;1066,85329,0.870845;1019,99335,0.941549
982,1009432;953,189329,0.981268;808,78803,0.88169;885,107303,0.961408;1065,88479,0.872958;1072,101288,0.949014
998,1009205;1034,190559,0.985211;860,78178,0.881408;928,105674,0.963662;1097,86313,0.890986;1084,101290,0.943803
975,1009163;964,191383,0.979859;870,78240,0.873521;990,107123,0.964366;1007,88112,0.883099;1025,103408,0.949296
994,1009293;960,191686,0.983099;759,78377,0.882394;856,106762,0.964225;998,87340,0.878169;967,100578,0.945493
995,1009313;962,191310,0.98;769,79271,0.881127;838,105937,0.971549;970,86805,0.886901;970,101005,0.941831
974,1009390;961,191436,0.976197;787,80125,0.893521;882,108544,0.959296;995,88331,0.897746;1001,102717,0.949577
968,1008835;956,190969,0.981408;755,77735,0.897746;825,104774,0.96831;964,86440,0.888028;960,99488,0.946197
976,1009186;948,189417,0.977324;800,78166,0.887183;854,105967,0.969577;1018,86860,0.902535;976,100611,0.93831
1089,1009500;940,189441,0.986479;790,80012,0.899718;849,107954,0.96831;983,87992,0.890986;1005,102779,0.95
1052,1009470;979,194213,0.986338;817,79567,0.9;879,108422,0.966479;1030,87957,0.883662;990,99525,0.944225
1038,1009194;1007,190021,0.984225;770,78750,0.894085;846,106244,0.972958;998,87237,0.893944;996,101273,0.954648
1040,1009423;977,189298,0.983099;803,80089,0.891408;863,105476,0.959437;1001,87175,0.88831;976,100970,0.947746
990,1009483;953,189737,0.980141;836,80296,0.889014;908,106845,0.967042;1029,90374,0.92338;1018,101876,0.957887
1029,1009500;949,189584,0.984366;793,80425,0.90662;849,106123,0.962254;965,86727,0.889296;968,99496,0.947746
1003,1009378;951,189660,0.979859;808,80868,0.901972;866,108690,0.974085;1037,89895,0.875634;1026,102118,0.945493
1105,1009325;954,190626,0.985634;778,78296,0.892676;851,106421,0.965634;985,86860,0.883099;982,100332,0.946761
1151,1009466;955,189837,0.980141;786,80951,0.901127;860,108624,0.969859;1005,89588,0.891268;972,101297,0.949577
1079,1009493;954,189300,0.979577;811,79501,0.90493;851,106512,0.973944;976,86205,0.899718;957,98163,0.942817
1180,1009431;968,190821,0.980845;789,79158,0.888732;855,106315,0.963099;980,87165,0.893521;986,100244,0.938592
1145,1009244;939,187054,0.982394;821,80936,0.898732;851,105630,0.969296;968,87899,0.897465;949,100012,0.952958
1138,1009129;1056,188542,0.989718;741,78742,0.895211;808,103818,0.96662;971,87624,0.898169;944,99756,0.942113
1142,1009374;953,189857,0.982817;761,79941,0.915775;815,105639,0.979296;959,87329,0.904507;909,97262,0.944507
1079,1009227;943,188615,0.989437;738,78213,0.898873;812,104082,0.971268;929,87291,0.895634;883,98444,0.945352
1087,1009263;944,189140,0.981972;771,78256,0.910986;846,102644,0.977324;969,86198,0.895775;962,97397,0.947887
1092,1009382;951,190052,0.986901;798,81155,0.897606;978,106609,0.972254;1027,87977,0.89831;980,100807,0.950141
1030,1009230;943,187115,0.980986;795,78485,0.907042;852,103685,0.97;1005,87815,0.902113;944,97508,0.945352
1033,1009415;952,187470,0.977042;762,78580,0.904648;833,103510,0.964507;953,86555,0.900986;928,95912,0.935493
1077,1009253;912,188565,0.982817;769,77002,0.895352;838,103701,0.970563;976,86446,0.903521;1018,96345,0.948028
1059,1009112;909,188425,0.983662;824,77111,0.891831;871,103748,0.976056;971,86245,0.907042;928,96570,0.949296
1098,1009069;911,188744,0.985634;784,77984,0.903662;839,102579,0.969577;951,85036,0.879577;949,97119,0.945915
1029,1009299;929,189877,0.985775;768,78352,0.892113;836,103438,0.97338;982,86995,0.89493;962,97551,0.947887
1026,1008880;912,188649,0.98662;778,75244,0.888873;841,102086,0.970845;1035,84189,0.893944;979,93442,0.93
1132,1009340;897,188872,0.983099;814,76541,0.905915;829,103093,0.974366;977,85627,0.903099;966,95843,0.939155
1257,1009223;891,185690,0.986197;767,76483,0.892676;819,102494,0.970423;940,85394,0.906901;925,96504,0.941549
1242,1009045;897,187545,0.982394;775,76718,0.897887;892,103254,0.972958;951,84886,0.894789;962,96377,0.942394
1154,1009342;901,186295,0.988451;789,76617,0.91;944,103346,0.977606;995,84972,0.89169;995,97444,0.942676
1125,1009183;901,187698,0.988873;764,75362,0.897746;858,101137,0.969437;979,85085,0.912535;958,95134,0.94493
1123,1009272;902,187181,0.988873;794,76106,0.911408;858,102584,0.972254;969,84907,0.89338;938,95745,0.941549
1140,1009227;906,187937,0.987183;761,73415,0.904366;815,99501,0.972817;936,82869,0.895211;932,93400,0.948169
1041,1008984;896,185863,0.987887;841,72500,0.895211;817,97397,0.96831;927,81013,0.896338;869,89197,0.933521
1031,1008721;909,187417,0.98338;748,73335,0.902113;829,98255,0.968169;898,81150,0.897324;899,92891,0.948169
1038,1009108;937,188747,0.984789;794,76062,0.894789;799,99746,0.971831;907,83686,0.900845;897,92113,0.949718
1022,1008922;947,187678,0.986761;734,71716,0.905493;827,98564,0.975634;905,81674,0.895634;909,89952,0.940423
1022,1009034;965,188637,0.99;818,74610,0.903662;851,100981,0.970141;934,84100,0.889859;904,93465,0.945493
1028,1008892;940,186759,0.984648;750,73705,0.905634;812,98529,0.968732;925,82776,0.894789;889,91574,0.946197
1032,1008886;952,187213,0.987183;751,74116,0.901408;829,100653,0.978592;955,84023,0.898169;920,93674,0.942535
1025,1008996;950,187141,0.984366;734,73746,0.896901;822,99070,0.971268;913,83238,0.880704;1003,93005,0.942254
983,1009251;949,186441,0.988451;790,75437,0.908169;869,100833,0.973239;938,84009,0.896338;919,92643,0.936056
945,1009315;949,186696,0.991549;772,74089,0.893944;842,98895,0.976479;905,81559,0.891549;874,91619,0.94493
966,1009168;941,185106,0.987183;761,74359,0.895352;789,99256,0.976197;923,82932,0.913099;862,90230,0.945493
1040,1009095;964,187098,0.981972;755,73971,0.913944;809,97576,0.970423;995,80511,0.890845;929,89306,0.944507
1071,1009266;952,187660,0.987465;880,74081,0.907324;801,98107,0.970563;909,81370,0.91;912,90512,0.940845
980,1009118;950,186135,0.988028;730,72404,0.911408;794,96770,0.965493;846,78511,0.881972;856,89914,0.94831
1002,1009102;947,186296,0.982394;778,73589,0.906338;830,97209,0.970986;926,81467,0.887465;881,91154,0.940845
990,1009110;951,184926,0.981831;741,72830,0.897746;847,98304,0.97338;962,79751,0.887183;950,90712,0.94338
986,1009163;942,186139,0.98338;750,73242,0.911549;812,98614,0.968451;922,81422,0.897887;873,89992,0.939577
995,1009210;958,187981,0.986479;741,73060,0.907746;787,96212,0.965775;901,80300,0.895493;883,90423,0.932676
1020,1009122;945,185729,0.982113;747,73957,0.899718;813,97770,0.969577;910,81177,0.909718;883,90154,0.942676
980,1008818;963,187009,0.987746;753,72827,0.909718;895,95974,0.970141;920,79299,0.899014;901,87304,0.935634
1003,1009276;960,187158,0.992958;772,73717,0.902958;838,98953,0.967606;926,81427,0.9;898,91014,0.940282
1012,1009295;949,188169,0.986901;765,74159,0.918592;813,98489,0.969155;875,81557,0.877042;882,91239,0.934085
1017,1008387;955,187573,0.986479;738,71221,0.90831;786,95432,0.970986;886,80410,0.912676;875,88610,0.94493
1025,1009169;946,187995,0.98831;794,73960,0.904507;907,98113,0.975352;949,81916,0.892394;893,90977,0.949859
1075,1008740;941,184411,0.98338;725,71734,0.898451;792,96345,0.966901;899,79231,0.88493;873,89910,0.94493
1045,1009024;936,184737,0.988732;753,72882,0.912958;791,97603,0.970986;887,80393,0.90169;888,90079,0.939859
1138,1009208;937,186634,0.990141;744,73117,0.913803;822,98830,0.973239;915,83131,0.895634;875,89937,0.94507
1167,1009015;958,185982,0.989859;762,72172,0.901408;873,96559,0.973239;914,80010,0.89507;880,88262,0.946056
1383,1009241;940,186849,0.981268;751,74063,0.897324;820,99276,0.975775;936,82075,0.884648;896,92246,0.945775
1246,1009058;937,186699,0.987183;760,74009,0.900423;806,98784,0.976338;919,83596,0.890986;886,92012,0.944085
1142,1008743;957,188098,0.984225;736,71881,0.901549;787,95913,0.980986;874,79829,0.900423;887,89453,0.95662
1108,1009014;972,187789,0.988169;835,73208,0.894366;838,96595,0.970282;940,80747,0.874085;888,89688,0.944225
1101,1008815;944,185642,0.989577;774,71379,0.919014;777,94419,0.972535;889,78609,0.883239;842,85336,0.941127
1098,1008644;952,187045,0.990282;705,71235,0.904648;784,96722,0.974648;870,78882,0.877606;878,89381,0.937465
1127,1009057;937,185652,0.989014;756,72164,0.899859;803,96165,0.972958;880,80160,0.869014;872,89164,0.932676
1056,1008893;968,186168,0.984366;861,70760,0.89507;814,95343,0.965352;928,80433,0.88662;852,87521,0.929577
1052,1008588;948,186467,0.990704;758,69949,0.894085;805,95091,0.97493;921,80468,0.90169;866,88954,0.921268
1088,1008967;932,183334,0.980845;729,70971,0.9;772,95036,0.973099;877,79110,0.895493;867,88496,0.936056
1078,1009107;943,185073,0.986338;777,73333,0.910563;800,96516,0.960986;901,80753,0.894085;909,90954,0.936761
1066,1008125;971,187026,0.987746;709,71942,0.893099;760,95115,0.969718;874,79569,0.888028;901,89539,0.938451
1069,1008982;937,187109,0.991972;742,71427,0.910141;816,96343,0.968873;881,79714,0.89507;901,88194,0.941972
1078,1008851;937,185628,0.991127;788,72033,0.903944;797,95233,0.966901;901,79143,0.886338;868,88709,0.932676
1092,1008611;933,184893,0.985775;727,69421,0.906901;791,94043,0.969859;903,78445,0.900845;845,86790,0.939577
1111,1008718;967,186912,0.986338;705,70142,0.904789;765,93566,0.970704;888,79185,0.897183;886,87479,0.931549
1111,1009197;944,186273,0.992817;739,70714,0.904225;808,96349,0.969296;864,78858,0.883662;891,89348,0.937183
1249,1008786;937,185866,0.983521;711,69491,0.897465;811,93392,0.971127;863,77296,0.885915;860,85427,0.927606
1237,1008672;950,186524,0.978873;741,70327,0.898169;792,94919,0.969155;880,78564,0.884648;870,87794,0.940423
1213,1009107;942,185286,0.985211;736,72191,0.90493;790,95793,0.976761;880,80384,0.898169;855,88056,0.938873
1115,1009152;937,185449,0.98169;712,70480,0.908169;793,95100,0.973944;903,80486,0.913944;891,89169,0.947324
1186,1008858;932,184612,0.989296;750,68983,0.907746;773,92428,0.97507;834,76466,0.902254;825,84781,0.935915
1159,1008977;963,185423,0.986338;796,69846,0.910845;774,92920,0.971408;873,78424,0.901127;851,86564,0.935352
1114,1008877;937,184723,0.988732;710,69584,0.900704;762,92920,0.964366;849,76872,0.900986;845,86733,0.940563
1027,1008908;939,184886,0.984648;694,69083,0.91662;751,92675,0.972817;840,76250,0.901549;860,85421,0.933803
1059,1008725;953,185054,0.981268;712,68482,0.894789;777,93752,0.968451;857,78295,0.900845;853,86597,0.937746
1023,1009195;958,185667,0.987606;718,70463,0.905493;766,93879,0.972535;843,77444,0.902676;866,85982,0.935634
1018,1008822;929,184436,0.986479;725,69558,0.893099;792,93954,0.967324;872,79058,0.893239;856,88409,0.934789
1019,1008440;936,185259,0.983521;750,70981,0.902535;803,94202,0.972394;874,78218,0.916338;869,87395,0.942535
1030,1008954;929,184285,0.987183;718,69773,0.909014;786,94483,0.981549;868,78176,0.914085;850,85999,0.939718
1061,1008606;949,184760,0.990704;707,69391,0.903662;757,91684,0.973944;834,76825,0.903239;827,85343,0.939718
1157,1008845;940,185762,0.985493;802,69919,0.912676;883,93841,0.978169;884,78205,0.903662;858,86471,0.949014
1101,1009146;946,185542,0.985352;736,70383,0.905211;778,91988,0.970423;875,77286,0.903239;856,86946,0.945634
1049,1008944;953,186388,0.984789;685,68223,0.903521;755,91549,0.970282;818,76266,0.902958;851,85032,0.942535
1182,1008889;948,183903,0.984366;706,68090,0.89831;761,92189,0.969859;819,75470,0.879155;839,84324,0.933099
1216,1008806;939,184126,0.984648;730,69917,0.899014;804,94522,0.967465;850,77030,0.897042;855,87445,0.948592
1062,1008969;945,184039,0.982676;743,69597,0.913239;768,93643,0.970704;855,77599,0.907042;847,85534,0.942958
1069,1009200;939,183737,0.980563;704,68534,0.911549;783,92610,0.967042;835,75884,0.892817;862,86537,0.936197
1061,1008890;957,184542,0.982113;714,68091,0.89831;747,92071,0.974366;849,76315,0.898592;854,86632,0.951408
1062,1008666;937,185075,0.984789;758,66829,0.900986;767,90559,0.97338;804,74757,0.885775;870,84412,0.943944
1050,1008605;937,184282,0.976761;749,70453,0.907042;812,93588,0.971549;876,76608,0.893662;855,86157,0.944507
1046,1008770;948,183683,0.983944;708,69372,0.906338;774,93515,0.97493;854,76762,0.901972;842,85478,0.934648
1042,1008906;953,185029,0.985634;720,68532,0.908592;756,92107,0.970423;864,76511,0.889859;847,85961,0.95
1048,1008789;962,187945,0.989718;731,68129,0.909296;768,91193,0.975352;844,76412,0.910563;818,83349,0.943099
1127,1009092;936,185022,0.985352;700,66732,0.916901;747,91598,0.975775;835,74821,0.91338;838,85487,0.949859
1126,1009023;937,186271,0.98338;698,69474,0.919014;772,92834,0.979155;861,76315,0.908592;830,83877,0.943662
1148,1009033;949,185045,0.985915;699,68479,0.915352;760,91081,0.973662;821,75763,0.894648;823,83951,0.948028
1148,1009170;946,184546,0.985352;700,68001,0.907746;818,93153,0.974225;840,76490,0.890704;848,87507,0.940282
1100,1008988;942,185262,0.992676;690,69253,0.906056;759,92748,0.972535;923,77630,0.915634;859,85244,0.940423
1100,1009075;937,184648,0.988732;720,68339,0.912394;768,92400,0.973239;830,75481,0.902817;842,84916,0.938732
1074,1008967;950,185082,0.989014;699,67924,0.905211;741,92153,0.968451;839,76217,0.912535;837,85133,0.941549
1219,1008990;948,185462,0.983239;725,68847,0.907042;797,93617,0.97493;856,76306,0.901972;864,86284,0.943944
1202,1008985;933,185357,0.986056;717,69460,0.898451;775,94831,0.977183;851,76605,0.91;852,86547,0.946479
1139,1009212;935,184939,0.981972;735,70423,0.895634;802,96469,0.96831;885,78907,0.907606;877,88624,0.944085
1041,1008712;953,184608,0.98;756,70439,0.91;774,93745,0.973662;865,76229,0.891972;853,86455,0.939577
966,1008894;959,186136,0.983239;713,68204,0.897465;801,94414,0.973239;848,75500,0.893239;842,85885,0.946901
965,1008968;943,186200,0.985352;701,68278,0.884225;756,91577,0.966197;840,75426,0.898732;887,86537,0.944366
954,1008800;952,186486,0.984225;730,67784,0.89;785,92560,0.963662;880,76556,0.89493;878,87493,0.935352
978,1009025;966,185714,0.98169;720,68754,0.89338;802,93189,0.967042;879,75548,0.87831;878,88168,0.947465
981,1009061;957,186123,0.979155;734,69381,0.896197;779,94410,0.97169;889,77110,0.890423;853,86955,0.942113
1007,1008916;945,186497,0.985775;727,69670,0.900704;780,92791,0.96662;896,77265,0.890845;885,88442,0.950704
1008,1008975;940,185763,0.983239;734,71124,0.90169;801,95501,0.968028;882,77996,0.900423;900,89446,0.939014
1047,1009219;958,186138,0.982817;713,69722,0.909296;771,93679,0.969155;868,76706,0.887183;874,87818,0.93662
1073,1008537;934,185192,0.980986;698,68556,0.899437;793,93271,0.968451;855,75855,0.907746;857,86817,0.938169
1064,1009009;951,186623,0.985915;700,68911,0.891268;808,94987,0.972817;888,77865,0.893521;889,89453,0.944085
1024,1008858;945,185900,0.978732;754,70420,0.90662;858,95080,0.968028;887,77361,0.891127;909,88294,0.943944
1088,1009185;969,186299,0.983099;722,69475,0.905211;771,94934,0.97169;872,75652,0.871549;868,87671,0.948169
1120,1008870;942,186274,0.977465;721,68675,0.904225;751,93070,0.973239;861,76438,0.895493;879,88625,0.93831
1252,1009220;936,184552,0.988451;726,69924,0.911831;797,95284,0.972254;893,77393,0.900141;911,89648,0.94662
1209,1008923;944,186178,0.98507;714,69183,0.892394;777,93558,0.964085;863,75514,0.881127;886,88602,0.937887
1022,1009212;964,185721,0.982535;727,68017,0.898873;759,93998,0.963803;862,76248,0.882113;887,87532,0.937746
1017,1009051;953,186840,0.981408;776,68960,0.893662;778,94868,0.970563;884,76957,0.89493;875,87830,0.944648
1032,1009141;943,186297,0.98169;710,69258,0.892535;762,93304,0.964789;872,77054,0.89338;871,87985,0.942394
1014,1009055;938,187286,0.982113;702,68976,0.905775;849,95212,0.970423;894,77380,0.892254;878,87611,0.932958
1028,1008923;949,184768,0.987465;710,70199,0.894085;763,94335,0.964648;861,77340,0.869296;884,88735,0.935493
1046,1009116;930,185506,0.981127;715,70182,0.910845;777,95145,0.967183;843,75940,0.871268;878,87709,0.928451
1097,1008860;938,185233,0.977465;732,68776,0.900563;782,94584,0.962535;894,77020,0.886056;892,87873,0.93507
1059,1008745;945,186939,0.985493;742,71226,0.898732;781,94701,0.962817;852,76907,0.884507;885,90145,0.935211
1074,1008830;960,186077,0.982535;684,68475,0.890141;766,93050,0.963239;857,75831,0.891127;878,87830,0.939718
1124,1008711;948,187789,0.983944;702,68561,0.890563;770,93474,0.968592;866,76297,0.887887;877,88311,0.942958
1120,1008914;954,187574,0.977042;702,70273,0.903239;792,94924,0.967746;866,77119,0.89507;872,88650,0.937042
1114,1008961;948,187151,0.983521;802,68470,0.88831;787,95548,0.974507;873,77441,0.900282;857,88547,0.940282
1107,1008953;960,186232,0.982254;705,68510,0.887183;778,93972,0.970423;907,76995,0.897887;883,88491,0.935352
1110,1009096;943,186412,0.980423;708,69842,0.89507;770,93331,0.960563;871,77091,0.891268;880,88188,0.939718
1182,1009081;947,187349,0.985775;717,70244,0.892676;777,95113,0.967746;897,77555,0.888732;886,89621,0.938592
1248,1008822;951,187436,0.980563;727,70896,0.908028;772,94904,0.96662;881,77557,0.888592;904,90248,0.941831
1167,1008692;978,188961,0.984225;712,70004,0.881972;783,94623,0.962394;886,77750,0.887465;896,89740,0.946761
1079,1009150;952,187750,0.979014;713,70537,0.889155;783,94667,0.961972;888,77321,0.882676;947,90275,0.94
1078,1009078;955,187055,0.977042;739,69921,0.879014;800,97405,0.972817;876,76161,0.879718;906,89693,0.938169
1127,1008894;944,186624,0.983099;710,68547,0.888873;780,93861,0.96662;858,75894,0.873099;899,89307,0.941127
1118,1008821;972,186112,0.982676;707,67724,0.888028;789,93215,0.963099;868,75793,0.898592;879,87412,0.931268
1157,1008852;960,186911,0.977887;732,68817,0.904366;778,93992,0.965211;858,76398,0.878732;873,88953,0.938873
1025,1008875;948,186656,0.980845;722,68107,0.877887;771,95285,0.966901;892,76730,0.887746;875,90134,0.941549
1014,1009070;953,186899,0.980845;714,70042,0.88831;765,94618,0.967324;887,77591,0.908732;945,89734,0.945775
1034,1008978;965,186027,0.985915;725,68690,0.89338;774,93815,0.963803;891,75354,0.888873;896,88897,0.943521
1045,1009224;952,186702,0.980986;715,70156,0.901549;773,93349,0.962113;893,76816,0.886197;889,89219,0.94507
1069,1008760;942,187882,0.984366;730,70024,0.883239;791,93567,0.965915;893,77130,0.870563;907,90859,0.945352
1028,1008693;944,185374,0.983803;727,69538,0.893944;808,94186,0.960282;883,76673,0.858169;895,89433,0.940423
987,1009118;976,187286,0.980141;713,69260,0.895915;780,94777,0.96831;956,78416,0.875775;884,89218,0.935775
981,1009000;967,188386,0.981972;705,68872,0.903944;774,94173,0.969014;900,77780,0.886056;902,89750,0.936761
966,1009076;942,186151,0.980986;738,69728,0.888451;806,94902,0.959859;905,79202,0.880423;895,90231,0.940845
1030,1008989;953,186926,0.983803;701,68892,0.874648;763,93553,0.961972;899,77922,0.871127;877,88326,0.935493
1076,1008983;947,185468,0.980704;725,68572,0.88507;774,94262,0.973239;944,76878,0.88507;892,89884,0.943803
954,1008967;951,186748,0.981408;702,69208,0.893803;779,95737,0.966479;900,78004,0.895352;900,88871,0.939859
949,1008965;944,186400,0.982254;705,68824,0.896479;765,93850,0.967606;878,77726,0.887887;877,89715,0.942535
953,1008867;949,187200,0.98493;698,69220,0.886056;841,93829,0.964789;885,77706,0.885211;901,89841,0.94493
962,1008966;940,185769,0.978732;718,70466,0.895915;748,94149,0.966761;897,77606,0.876197;890,90156,0.936761
961,1009060;948,186639,0.980141;687,69177,0.878732;863,94975,0.968451;885,77982,0.887606;886,88156,0.940845
995,1009002;956,188950,0.984366;715,70457,0.882394;787,93876,0.964366;893,77749,0.894507;957,90412,0.943662
992,1008750;946,185245,0.983099;737,69824,0.893944;770,93364,0.968732;889,77541,0.879859;947,89277,0.944789
1038,1008655;964,187448,0.985634;709,67439,0.891268;761,92183,0.961549;874,75881,0.879155;918,88169,0.939859
1045,1009107;953,186988,0.988028;724,69709,0.881831;791,94454,0.970986;949,77911,0.892958;897,89848,0.937183
1079,1009087;942,185913,0.980423;783,70778,0.898592;795,95422,0.963944;892,78616,0.883521;921,91150,0.938028
1117,1008910;964,187827,0.981549;684,71311,0.88;751,96427,0.968592;845,78488,0.89338;853,90126,0.930704
1183,1008793;953,186558,0.986901;692,69802,0.887606;751,95072,0.966338;888,78658,0.880986;875,90225,0.941408
1153,1008874;969,188719,0.980282;708,69923,0.880282;753,92491,0.955915;857,77518,0.884648;867,89801,0.934648
1148,1008775;948,186670,0.983803;698,69831,0.887746;760,94539,0.965211;824,76964,0.874366;839,90050,0.936197
1156,1009116;970,188129,0.982676;675,69907,0.88507;755,95959,0.967606;852,78190,0.87662;855,91638,0.929577
1298,1008776;951,186950,0.979155;687,68815,0.890282;745,95561,0.969437;861,78204,0.883521;874,90778,0.941549
1258,1009065;946,185802,0.977465;717,70522,0.88169;772,95562,0.964789;883,79944,0.888592;878,91277,0.935634
1088,1008966;948,185148,0.981127;682,69741,0.888169;751,95318,0.961831;867,79048,0.862958;874,91793,0.933944
1091,1008900;944,186402,0.985352;716,70378,0.885915;761,96031,0.957746;878,80049,0.859577;912,93708,0.931972
1101,1008915;954,187893,0.983944;687,71078,0.897606;745,94820,0.959577;901,79903,0.877324;898,91722,0.936056
1135,1008748;952,187569,0.972394;683,69020,0.873099;779,95437,0.96493;895,78283,0.879437;904,90989,0.94169
1126,1009070;963,188204,0.981127;724,70874,0.877042;794,95374,0.960282;904,78944,0.869296;927,93556,0.937887
1057,1008613;968,186773,0.985915;714,70885,0.887606;809,96784,0.963521;880,78114,0.862817;898,92956,0.93662
1091,1009011;956,187002,0.973239;710,70273,0.88662;780,95382,0.958732;884,79868,0.865352;872,91918,0.935493
1149,1008783;952,188229,0.982817;696,71465,0.895211;791,96868,0.962817;893,79978,0.857183;892,93942,0.936197
1083,1008999;962,189983,0.981268;712,69902,0.88338;789,97495,0.962113;889,80635,0.871408;894,93203,0.930141
1105,1008817;958,188956,0.981831;697,70587,0.873099;745,95948,0.961127;872,79613,0.884507;890,90866,0.933662
1156,1009043;946,186398,0.976761;727,71890,0.885493;805,98815,0.955634;905,80383,0.880423;918,93757,0.934789
1184,1008986;962,188257,0.984789;699,69602,0.874366;784,95460,0.963944;890,78292,0.878169;914,92390,0.942113
1152,1009106;962,190423,0.980986;699,71323,0.89169;782,98051,0.962958;922,79929,0.862394;1002,93240,0.937465
1160,1009096;969,189917,0.980704;722,71212,0.88338;792,96665,0.964789;939,78389,0.856901;958,93309,0.931127
1282,1008999;952,188559,0.979014;828,73708,0.895352;807,98596,0.963099;935,80972,0.877746;926,94002,0.928028
1314,1008721;949,188528,0.98169;740,72069,0.872817;818,98329,0.961268;953,80395,0.879577;946,93678,0.934507
1140,1009063;957,188556,0.984366;727,71801,0.871408;818,99384,0.964507;932,82044,0.876761;938,95140,0.933521
1132,1008741;981,189723,0.977887;725,70257,0.869577;801,96898,0.960845;956,80304,0.863803;936,92685,0.936056
1071,1008881;958,189248,0.98169;778,70778,0.888592;812,96531,0.961549;927,81329,0.877324;922,94061,0.937183
1095,1008966;946,187878,0.976479;728,72098,0.888169;816,99684,0.967465;905,81091,0.861408;935,93312,0.926056
1053,1008808;945,187035,0.982394;702,71433,0.874789;800,96330,0.962254;915,81428,0.871127;948,95205,0.930141
1079,1009083;956,188924,0.980845;743,73821,0.886479;811,98376,0.961127;942,81421,0.878451;938,94295,0.941408
1133,1009113;947,188457,0.977183;779,71963,0.880704;856,97487,0.960563;954,80608,0.869577;971,94674,0.931972
1138,1009014;954,189414,0.979859;741,71917,0.877324;822,99045,0.959718;975,82252,0.868451;965,96294,0.934225
1105,1009124;948,189717,0.98;741,73479,0.86338;828,99109,0.952394;952,81770,0.867887;973,94846,0.931831
1109,1009073;947,188528,0.972394;730,72060,0.888028;813,97226,0.950986;951,80937,0.860282;941,94762,0.928592
1114,1009027;948,188628,0.98662;734,72641,0.890282;811,97596,0.965493;946,79808,0.859014;948,94445,0.936761
1175,1008962;961,189830,0.982254;781,71704,0.876901;823,97626,0.95662;948,80019,0.840282;948,94959,0.925634
1113,1008847;952,189404,0.981127;748,71878,0.877183;792,96110,0.957324;920,79889,0.853662;932,93220,0.917465
1126,1008940;949,188769,0.976197;732,72006,0.880845;778,96630,0.962254;945,80831,0.857887;962,95509,0.930282
1080,1009068;976,190790,0.978169;716,70825,0.872254;803,97250,0.957324;961,81946,0.857606;963,95726,0.927183
1241,1008978;960,189766,0.979296;727,72341,0.860845;848,99196,0.958732;982,82376,0.866338;1048,95206,0.929859
1239,1008751;960,189349,0.983521;732,71614,0.860986;825,97528,0.952113;973,81495,0.855915;965,95063,0.931972
1092,1008728;961,189322,0.982113;738,72397,0.875634;821,98766,0.959437;952,80649,0.844225;942,93904,0.930986
1103,1009044;963,190360,0.973803;745,72003,0.869718;817,97508,0.960845;946,79999,0.867042;959,93517,0.937324
1130,1008593;949,187986,0.981408;728,70512,0.868451;794,96308,0.962113;928,80200,0.869718;899,92093,0.932394
1103,1008917;952,188810,0.981268;727,71210,0.870423;813,96241,0.953099;935,80077,0.850563;938,94251,0.928169
1189,1008491;963,190281,0.97831;731,69670,0.867042;798,94952,0.955775;933,79355,0.871268;930,92684,0.933099
1203,1008430;959,188932,0.982113;729,72199,0.884366;815,97442,0.955352;952,80326,0.86169;972,94608,0.938169
1246,1008977;955,189481,0.983521;730,71673,0.886901;862,98476,0.962958;933,80577,0.861408;952,94899,0.937183
1156,1008897;947,189543,0.976338;709,70939,0.879155;826,97770,0.96169;940,80624,0.851268;937,92522,0.927887
1124,1009085;943,187698,0.982817;726,71858,0.880563;901,97423,0.95662;969,81909,0.855211;967,94301,0.932958
1135,1009072;957,188825,0.979296;774,71849,0.878028;828,98492,0.962394;957,81425,0.860563;971,96873,0.934085
1200,1009030;950,189945,0.986338;721,71701,0.88338;791,97419,0.960986;929,80501,0.862113;938,94137,0.931127
1190,1008682;959,187299,0.978169;742,71596,0.885775;811,96604,0.958592;964,80035,0.861127;978,94934,0.927042
1115,1008824;951,189400,0.977887;763,72443,0.879718;802,98004,0.958873;960,81026,0.869859;944,93409,0.929014
1067,1009062;954,188549,0.980986;733,71020,0.873099;802,97152,0.957887;938,80614,0.854366;954,96087,0.929437
1230,1008887;954,189090,0.980845;701,70844,0.882958;791,96420,0.961549;906,79807,0.85169;929,94107,0.923944
1209,1008806;958,189256,0.983521;754,71391,0.887183;807,97674,0.960845;924,81092,0.860141;938,93184,0.934366
1084,1008784;947,188346,0.98;768,72256,0.879014;799,97224,0.956197;941,80074,0.859437;954,94880,0.93507
1060,1008775;947,186950,0.983239;716,70910,0.862113;802,95752,0.961127;1015,80677,0.861831;956,94053,0.933944
1086,1008528;959,189316,0.981268;734,70294,0.879859;830,95768,0.954225;956,80598,0.868028;965,92789,0.92662
1111,1008802;953,188323,0.983099;738,70868,0.876901;810,96706,0.956056;948,80757,0.865352;968,94995,0.929859
1142,1008717;964,188954,0.984085;764,71109,0.865493;805,96202,0.957324;953,81020,0.857606;926,92931,0.91662
1182,1008725;942,187370,0.981408;689,71027,0.878169;778,96250,0.958169;914,79599,0.856901;918,93431,0.930282
1073,1008939;949,187761,0.981972;710,71012,0.884789;796,97674,0.965634;936,80220,0.859718;976,96307,0.934225
1052,1008413;961,188427,0.980704;740,70429,0.873239;833,96295,0.955211;935,79455,0.848873;931,93674,0.924789
1058,1008519;949,188141,0.980423;761,71488,0.884085;799,97097,0.959577;933,80436,0.842958;957,95375,0.930704
1078,1008667;950,189058,0.983662;710,69759,0.882958;787,95253,0.95338;927,80290,0.865352;948,94749,0.928028
1144,1008882;938,187284,0.983944;699,70638,0.882394;773,95417,0.959437;1025,81249,0.847324;977,95653,0.925493
1119,1007960;953,188884,0.980282;727,67865,0.885634;776,92112,0.955493;912,76627,0.853099;923,91762,0.91662
1013,1006044;953,187584,0.980141;659,65602,0.888873;765,90550,0.962535;859,74849,0.848451;919,91119,0.92
986,1003846;943,187352,0.98169;643,59950,0.879014;727,84049,0.959859;819,70016,0.846197;855,84731,0.912394
1099,1004307;955,189002,0.986197;585,56438,0.868592;701,80612,0.956761;768,66574,0.830845;824,82431,0.902535
999,987369;948,187721,0.97831;563,50849,0.882676;655,74456,0.961549;699,61442,0.84507;749,75850,0.908451
917,973327;955,190920,0.980704;504,46479,0.895352;565,67801,0.954366;621,55523,0.84338;690,69862,0.905775
889,948027;914,187700,0.985352;507,41807,0.894789;560,59200,0.953521;560,49633,0.842958;651,63876,0.916197
874,943933;914,189239,0.978873;432,38508,0.883944;501,57162,0.959577;533,46743,0.841831;640,61597,0.914366
849,902582;924,189506,0.981268;415,34573,0.898028;462,51110,0.962535;480,41270,0.842676;565,55276,0.917746
851,886266;901,188673,0.984507;349,31472,0.889296;432,47465,0.95662;436,37515,0.844789;538,52503,0.907887
771,816717;910,190627,0.984789;315,25841,0.901972;477,40561,0.962113;379,32510,0.846761;464,45397,0.90831
710,717656;914,188307,0.986338;273,21270,0.904225;323,32031,0.963944;282,24846,0.849296;356,35739,0.908451
642,637601;896,188635,0.985634;309,17268,0.900986;334,27505,0.962676;247,21014,0.850845;302,30294,0.905352
580,540310;894,187498,0.982254;228,13724,0.904366;254,21522,0.962958;187,15899,0.846056;236,23577,0.903944
467,434665;898,187485,0.984085;200,9983,0.914789;213,16495,0.960282;146,12661,0.845775;182,18804,0.901831
388,324124;885,185254,0.973803;150,7662,0.914648;180,12159,0.962113;103,9109,0.848873;133,13935,0.900563
351,299353;908,187860,0.978451;205,6870,0.915211;234,10244,0.963662;84,7356,0.849859;109,11435,0.9
231,189804;901,187748,0.986901;109,4372,0.922113;124,6910,0.966056;56,4777,0.848592;69,7188,0.900704
199,152367;908,188824,0.984507;96,3518,0.926761;99,5023,0.966901;41,3625,0.85;51,5423,0.901972
180,132659;916,188849,0.979859;115,3226,0.924085;114,4758,0.967183;42,3605,0.850845;53,5471,0.900704
113,85922;909,187880,0.981268;123,1980,0.925352;113,3145,0.967606;29,2437,0.850141;34,3571,0.901549
104,69565;895,186541,0.988169;95,2104,0.92507;78,2503,0.967324;23,1931,0.850563;29,2922,0.902254
63,43403;918,189187,0.981831;32,677,0.924789;111,1426,0.966901;11,773,0.851549;18,1780,0.902535
47,33680;894,187511,0.979577;111,656,0.92493;53,740,0.967324;9,623,0.851549;11,1119,0.902394
40,29496;923,188822,0.986901;45,532,0.924648;77,936,0.967183;8,567,0.851268;11,1010,0.901972
17,9897;913,189860,0.982958;67,251,0.925775;78,516,0.967042;4,233,0.851408;6,424,0.901831
20,14106;902,187951,0.980704;63,287,0.925634;32,331,0.967183;4,290,0.851127;5,354,0.901831
13,8488;911,189516,0.98;48,425,0.925915;49,303,0.965915;5,324,0.851268;6,434,0.901831
