1588,1007490;1987,543532,0.999014;971,115126,0.917676;1123,149420,0.976901;2581,105690,0.812324;2426,158839,0.947535
1413,1009595;1531,543835,0.998662;953,59376,0.888944;977,88877,0.967958;1695,68916,0.778873;1790,109880,0.92007
1665,1009669;1252,546411,0.999225;1131,62154,0.888169;977,90003,0.970775;1762,68817,0.76662;1832,112761,0.905423
1492,1009599;1266,542802,0.998732;1071,59134,0.884155;1111,88101,0.971127;1739,67705,0.771056;1913,110541,0.901127
1561,1009582;1268,545951,0.998451;1137,60985,0.890211;1186,89393,0.963592;1803,68629,0.757887;1889,111864,0.894296
1536,1009512;1258,544665,0.999085;1139,60391,0.891408;1142,88209,0.96507;1845,68068,0.748873;1861,110830,0.883451
1482,1009507;1281,547409,0.99831;1156,60379,0.887254;1178,89422,0.971127;1753,68242,0.754014;1894,112144,0.887887
1512,1009549;1503,544645,0.998803;1115,60796,0.890775;1163,90103,0.970563;1838,68311,0.755775;1857,111918,0.887254
1453,1009427;1268,548954,0.997465;1289,59680,0.88493;1154,87466,0.965775;1787,67520,0.749366;1863,112034,0.886338
1515,1009587;1984,545818,0.997817;1120,60414,0.89007;1137,89236,0.969718;1847,68902,0.75507;1865,111932,0.89162
1596,1009525;2037,545578,0.999085;1080,59886,0.889366;1144,87751,0.970704;1759,67415,0.760986;1827,110307,0.879437
1803,1009384;2095,543944,0.999155;1177,59517,0.88831;1182,88431,0.966549;1792,67573,0.759225;1866,112084,0.884155
1710,1009489;2139,546059,0.998521;1120,59620,0.882676;1182,89185,0.966972;1788,67631,0.75331;1829,111399,0.879225
1789,1009504;2085,543233,0.996901;1076,59425,0.883239;1175,88366,0.967113;1730,67329,0.761831;1847,109367,0.872606
1665,1009407;2040,543254,0.998873;1133,58222,0.891831;1164,86303,0.971197;1719,66166,0.775141;1771,106493,0.880423
1546,1009293;2066,540329,0.998239;1101,57998,0.892394;1149,85825,0.971901;1694,65822,0.793592;1710,105271,0.895211
1639,1009135;2052,543221,0.998099;1094,57117,0.89162;1147,84194,0.968521;1663,65717,0.803873;1696,104855,0.891268
1512,1009208;2042,539027,0.997042;1154,56202,0.895915;1065,81808,0.967465;1692,64339,0.812817;1749,102530,0.898732
1510,1009136;2089,541567,0.999085;1225,54900,0.894085;1099,82288,0.972113;1587,62748,0.816127;1668,101751,0.897746
1458,1009054;2027,535997,0.998732;1191,54338,0.903592;1180,80175,0.970563;1550,62432,0.817817;1641,100966,0.900282
1660,1009026;2055,540777,0.997324;1022,54003,0.903239;1239,78828,0.969718;1546,62726,0.823451;1560,100056,0.898803
1627,1009038;2089,541571,0.998662;973,52826,0.896479;1055,78722,0.972183;1491,61744,0.825;1541,97783,0.899366
1622,1008871;2030,536963,0.998732;1053,53248,0.91007;1033,78129,0.972042;1516,61926,0.828944;1523,96728,0.900563
1662,1008788;1268,541221,0.998521;1028,53406,0.904225;1102,77436,0.971338;1505,61726,0.829296;1503,96621,0.899789
1666,1008882;1279,536270,0.999014;1036,53042,0.910423;1045,77831,0.972113;1481,60627,0.83169;1487,95612,0.902254
1744,1008978;1325,538669,0.999296;1124,52791,0.910704;1028,78289,0.975915;1465,60589,0.835493;1524,95679,0.898169
1675,1008907;1300,538021,0.999014;1137,53325,0.909225;1057,78177,0.975;1461,59961,0.829155;1527,95056,0.897042
1481,1008852;1309,537625,0.998944;1128,52411,0.909296;1028,76969,0.975211;1489,59857,0.821972;1497,95694,0.901972
1537,1008840;1265,539424,0.998873;1108,52147,0.912817;1009,77001,0.977606;1415,59841,0.824437;1523,94039,0.89662
1735,1008864;1256,535257,0.999718;974,51741,0.907324;1003,76745,0.973803;1508,60537,0.82662;1547,94847,0.89662
1510,1008911;1261,535610,0.998873;981,51436,0.904014;986,76057,0.973732;1432,59539,0.83;1494,95299,0.903521
1688,1008672;1278,536267,0.999014;975,51500,0.903662;1019,75583,0.974577;1458,59742,0.828592;1476,93511,0.898028
1656,1008899;1269,541463,0.999296;1019,51088,0.905352;1070,76039,0.974155;1464,60410,0.835282;1462,94146,0.895141
1581,1008701;1248,533602,0.998592;985,50260,0.904085;1073,76469,0.975634;1512,59089,0.829366;1526,93615,0.896127
1581,1008751;1468,538130,0.998732;1061,51321,0.89993;1057,75662,0.972394;1461,59151,0.827746;1488,93574,0.886831
1652,1008811;2053,543506,0.998944;973,51630,0.899648;1036,75978,0.97007;1497,59819,0.815352;1554,96295,0.893099
1775,1008774;2025,536220,0.998803;953,51485,0.90507;1054,75839,0.973732;1463,59452,0.817183;1538,95649,0.890211
1764,1008715;1968,537044,0.998873;1055,52104,0.904296;996,76608,0.97007;1439,59486,0.822676;1495,94301,0.89169
2050,1008822;2045,537676,0.999437;1133,52671,0.899789;1005,76597,0.974789;1481,60058,0.816408;1543,96718,0.894507
1917,1008907;2053,540512,0.998803;1017,52853,0.905775;994,76874,0.972183;1473,60331,0.820141;1542,96260,0.892254
1671,1008777;2135,542435,0.999155;954,51891,0.898239;1036,77223,0.970141;1468,60052,0.810986;1528,96402,0.891549
1687,1008806;2118,542839,0.998803;1004,53129,0.898521;1053,78007,0.969155;1535,60887,0.813451;1535,95365,0.891127
1652,1008979;2053,541420,0.998592;956,52791,0.902535;991,77833,0.97162;1476,59508,0.818521;1546,95238,0.884648
1636,1008883;1565,545122,0.998944;1023,53162,0.895986;1127,78229,0.969577;1560,61470,0.811972;1579,98346,0.892535
1606,1008899;2003,542687,0.999014;1057,53654,0.900704;1040,79554,0.971761;1498,60856,0.817394;1531,97378,0.892324
1702,1008983;1999,542358,0.999437;1033,52780,0.895211;1036,79308,0.97162;1529,60627,0.812254;1559,96361,0.890211
1679,1008827;1985,540427,0.999014;1085,53063,0.902606;1067,77062,0.968662;1501,59726,0.807606;1579,97118,0.887606
1860,1008863;2064,545011,0.999225;963,53239,0.9;1039,78969,0.968803;1595,62052,0.813099;1599,97387,0.888592
1840,1008948;2028,542434,0.998099;1175,52919,0.897394;1042,78416,0.968592;1516,60849,0.815423;1588,96615,0.889366
1748,1008886;2044,542614,0.998592;1030,53290,0.896901;1074,79295,0.968873;1520,60031,0.803099;1622,99064,0.888028
1832,1009020;2460,542623,0.999437;1024,54894,0.894648;1041,81245,0.971338;1482,61698,0.808873;1521,97128,0.888239
1792,1008975;2374,545668,0.999155;1045,54127,0.890493;992,80229,0.969296;1524,61925,0.807887;1572,98275,0.886268
1647,1008991;2012,543037,0.999366;1057,54821,0.898873;1037,79535,0.969155;1520,62213,0.8;1523,97979,0.882887
1748,1009040;1855,545184,0.999014;993,54027,0.897958;953,79349,0.970775;1542,61687,0.811972;1587,99304,0.88838
1699,1008961;1816,544946,0.999437;1107,53622,0.895211;1134,80414,0.971901;1483,61004,0.816831;1595,98055,0.897183
1834,1008923;1310,542331,0.999085;1068,53396,0.904789;1016,78284,0.971831;1540,61809,0.823451;1510,96473,0.892183
1881,1008938;2075,539346,0.998873;1091,52753,0.899789;1048,78747,0.970704;1507,61411,0.823803;1527,97398,0.888592
1723,1008973;2051,542570,0.998169;985,52646,0.891761;1130,79185,0.97331;1511,60597,0.813944;1561,97476,0.893944
1670,1008984;2059,545806,0.999014;1013,53981,0.903099;992,79005,0.970986;1464,60347,0.812887;1594,96508,0.885775
1680,1008972;1830,542962,0.999155;964,53475,0.89162;1000,79763,0.969366;1452,60624,0.808451;1550,97588,0.882183
1838,1009134;1383,542434,0.999085;1205,54177,0.899225;1012,80167,0.970352;1509,61290,0.811901;1518,98894,0.889577
1866,1009007;1881,536877,0.998803;982,53439,0.893099;1017,79398,0.973451;1530,62253,0.803803;1528,98452,0.884789
1946,1008938;1315,541514,0.999577;933,52736,0.895282;1001,79592,0.973873;1482,61487,0.802394;1540,99059,0.889366
1830,1008948;1341,540607,0.998873;1074,53748,0.898592;968,78942,0.969085;1588,61889,0.807113;1575,98301,0.890986
1848,1008994;1344,541465,0.998592;1127,53531,0.903944;1066,79356,0.972746;1498,61108,0.809366;1715,97729,0.890563
1605,1008973;1932,545582,0.999155;1133,53814,0.901761;1041,79309,0.972535;1490,62812,0.807254;1497,98176,0.890423
1595,1008986;1892,538797,0.998944;1086,53046,0.897254;1008,78629,0.968803;1483,61165,0.808099;1483,97288,0.891408
1604,1009011;1902,539829,0.998873;975,52958,0.897817;981,79770,0.972394;1488,62308,0.80838;1529,98270,0.883873
1610,1008980;1938,546772,0.998944;1389,54038,0.900986;1001,79840,0.972746;1527,62426,0.805352;1546,98730,0.884507
1657,1008869;1845,539942,0.999366;929,53148,0.894296;1055,78671,0.973803;1527,61609,0.810282;1646,99572,0.888028
1746,1008896;1299,541166,0.999085;1041,53997,0.902887;1104,80058,0.970986;1577,62153,0.810352;1579,97938,0.890634
1710,1008852;1276,540593,0.999085;979,52456,0.895845;1012,78660,0.970141;1502,61279,0.811268;1587,97319,0.89162
2041,1008833;1295,541483,0.999366;1188,52596,0.905634;1071,77942,0.972958;1534,61795,0.815;1527,96293,0.890775
1723,1008906;1296,539199,0.998592;1024,53913,0.89831;1003,79459,0.974789;1521,61044,0.801127;1592,98669,0.888451
1855,1009029;1265,541787,0.999155;1049,54596,0.895423;1167,81131,0.972394;1534,61812,0.802042;1558,97752,0.888239
1835,1008961;1241,538265,0.999366;1104,53373,0.897324;1027,79363,0.973451;1548,61583,0.806268;1539,98265,0.889085
1726,1008956;1255,540003,0.998944;1090,53567,0.902887;1134,80016,0.974859;1595,61443,0.805986;1634,98829,0.887254
1572,1009004;1257,540660,0.998944;1141,52986,0.895211;1007,78008,0.972042;1528,61342,0.807817;1584,98366,0.887958
1601,1008865;1336,540810,0.999366;963,52572,0.898944;1054,78621,0.971831;1590,61970,0.812887;1580,97185,0.88831
1528,1008959;1351,543532,0.999014;1040,54268,0.91;1099,79487,0.973169;1496,60999,0.815423;1537,96906,0.891056
1542,1008995;1343,544706,0.999507;1069,53795,0.906127;1015,78033,0.97007;1617,61550,0.812183;1733,97588,0.886549
1803,1008865;1295,538352,0.999014;1166,53567,0.892676;1071,79859,0.971761;1564,61205,0.800775;1617,98937,0.885352
1571,1009121;1273,539568,0.998944;1074,54729,0.896197;1010,79565,0.974296;1602,62452,0.799014;1587,98123,0.885563
1648,1009059;1266,542051,0.999296;1266,54162,0.890423;1169,80321,0.972042;1600,63442,0.803028;1572,98608,0.884507
1777,1009232;1295,545430,0.999437;1077,54701,0.9;1009,80759,0.972606;1561,63327,0.816056;1622,98624,0.891831
1838,1008920;1296,542069,0.999366;1005,53433,0.902676;1159,79595,0.975775;1562,61609,0.813662;1589,98856,0.893592
2055,1009076;1271,542017,0.999718;1015,54656,0.903099;1031,80120,0.971127;1570,62006,0.802887;1598,99097,0.881831
1818,1008988;1271,541432,0.999014;1182,54015,0.901549;1056,79748,0.97169;1637,62786,0.804366;1626,99578,0.889507
1630,1009103;2029,545273,0.999366;1153,54279,0.893592;1095,80028,0.976761;1591,62911,0.804225;1602,99623,0.894155
1870,1009109;1271,541699,0.999296;1117,54607,0.901268;1088,79965,0.970493;1631,62419,0.803662;1601,98256,0.883239
1693,1009141;1275,543975,0.998944;1121,54790,0.895211;1108,81120,0.971972;1596,63530,0.810282;1589,99792,0.887887
1642,1009110;1283,545897,0.999225;1390,56284,0.904648;1045,82483,0.973521;1617,62856,0.80338;1697,100982,0.890634
1711,1009082;1285,543786,0.999225;1019,55263,0.904648;1020,81324,0.967887;1626,63600,0.809789;1611,98950,0.885423
1702,1009124;1291,544762,0.999155;1054,55016,0.896901;1103,81805,0.971056;1613,62969,0.802958;1696,100229,0.886761
1669,1009193;1318,543635,0.999296;1228,55917,0.90169;1064,82719,0.97162;1571,62867,0.816761;1621,98700,0.890915
1882,1009139;2106,546910,0.999225;956,55062,0.88669;1169,82553,0.969648;1701,63275,0.808592;1760,100558,0.883803
1874,1009216;1365,544907,0.998944;1164,56749,0.893662;1054,82663,0.966549;1654,64658,0.808521;1658,100250,0.890141
1939,1009121;1335,545821,0.999577;1236,56783,0.889437;1129,83077,0.969577;1606,62886,0.803521;1628,100866,0.889085
1912,1009223;1301,543239,0.999014;1084,56088,0.895704;1093,83184,0.967324;1623,64227,0.800775;1635,101969,0.888803
1836,1009255;1486,545633,0.998944;1039,56535,0.894577;1164,83700,0.972394;1617,64065,0.811056;1662,100911,0.888028
1709,1009220;2074,545317,0.999225;1123,56156,0.898732;1231,82899,0.970352;1619,63488,0.804577;1647,101330,0.889507
1750,1009183;2059,549283,0.999225;1077,57143,0.897113;1110,84269,0.96993;1624,63780,0.800211;1654,101356,0.886549
1778,1009303;2060,546639,0.999014;1046,57057,0.89669;1112,84871,0.968592;1655,64406,0.812676;1648,101281,0.89169
1784,1009407;2049,550317,0.999085;1049,57297,0.892887;1138,85248,0.974718;1634,64455,0.814648;1648,101161,0.893873
1763,1009312;2104,546513,0.999225;1028,57043,0.898169;1060,84424,0.972676;1705,63927,0.813169;1684,101863,0.900986
1733,1009293;2071,546369,0.999366;1394,58289,0.902606;1066,85303,0.970704;1608,63552,0.816056;1584,99705,0.899085
1891,1009242;2086,548878,0.999437;1092,57502,0.898169;1077,85070,0.971127;1693,64624,0.819789;1696,100873,0.903873
1734,1009315;2106,550608,0.999225;1080,56988,0.893451;1236,84108,0.968803;1688,64709,0.805915;1655,101465,0.897465
1777,1009383;1367,548847,0.998803;1052,57944,0.893732;1102,85222,0.968873;1695,65266,0.826901;1697,101845,0.900211
1873,1009354;1354,543560,0.998592;1062,57815,0.896972;1109,85666,0.970352;1652,64544,0.817887;1711,103477,0.901901
1930,1009484;1349,549199,0.998803;1198,59019,0.894507;1178,87147,0.972465;1811,66647,0.81838;1796,104372,0.907746
1809,1009499;1290,545790,0.999507;1191,58432,0.898662;1089,85712,0.975423;1702,65510,0.832606;1695,101586,0.907535
1804,1009461;1287,549480,0.999014;1064,58887,0.907676;1128,86465,0.972887;1700,66590,0.839366;1707,102764,0.91007
1785,1009319;1696,551571,0.998944;1271,58524,0.898028;1035,85238,0.972887;1644,64909,0.842746;1577,101087,0.901408
1972,1009519;2108,555870,0.999648;1038,59799,0.90169;1189,88548,0.976268;1730,66551,0.838662;1667,102697,0.911338
1724,1009530;1832,552787,0.999789;1148,59488,0.900141;1144,86738,0.972746;1679,65720,0.849648;1668,101909,0.916549
1670,1009527;2052,549925,0.999225;1098,60026,0.902887;1159,87933,0.975282;1668,65593,0.848451;1639,101308,0.918662
1703,1009329;1551,552317,0.998944;1144,58287,0.893732;1173,86366,0.974225;1658,64654,0.847394;1618,99885,0.916268
1749,1009627;1285,547462,0.998662;1116,59704,0.901408;1114,86364,0.974366;1622,65519,0.851408;1622,101080,0.917324
1697,1009546;1292,548778,0.998873;1113,58738,0.901408;1213,86487,0.978028;1664,65307,0.85993;1596,99342,0.921972
1678,1009547;1290,547800,0.998873;1102,60228,0.907535;1109,87343,0.974296;1637,66046,0.84669;1650,101766,0.91838
1933,1009462;1815,547837,0.998592;1132,58123,0.901479;1166,85047,0.974155;1642,64609,0.856268;1635,99600,0.91507
1960,1009506;1887,548863,0.999507;1237,59249,0.896972;1132,86946,0.973099;1676,65766,0.865563;1624,99683,0.919859
1805,1009559;1339,550105,0.999507;1162,59547,0.90493;1165,87115,0.973873;1649,64754,0.854366;1635,100082,0.918944
1731,1009516;1971,550476,0.999225;1048,58703,0.899859;1105,85932,0.973662;1725,64562,0.853803;1713,99536,0.917887
1737,1009539;1896,550895,0.999014;1106,59695,0.905634;1255,86389,0.974366;1668,65708,0.856408;1654,98926,0.917113
1827,1009497;1966,551034,0.999507;1139,59768,0.904085;1133,87155,0.97662;1633,64073,0.864507;1600,98358,0.917746
1692,1009486;2109,548580,0.999155;1184,59513,0.906761;1100,86165,0.975211;1643,64647,0.849296;1606,99053,0.919507
1643,1009537;1352,547838,0.999225;1021,58723,0.911479;1062,85266,0.974225;1571,63643,0.863028;1612,98457,0.918169
1732,1009457;1858,551279,0.999437;1102,58679,0.898521;1068,86551,0.972254;1612,63145,0.844789;1649,99025,0.911268
1723,1009520;2062,547888,0.999296;1119,59657,0.906831;1107,85918,0.975986;1698,64480,0.857042;1640,98595,0.914859
1929,1009461;2108,550138,0.999296;1200,58381,0.914577;1073,84629,0.973592;1604,64355,0.860775;1590,97079,0.913944
1912,1009490;2087,548636,0.998803;1268,58447,0.907465;1105,85715,0.975563;1656,64712,0.851479;1616,98418,0.911056
1925,1009424;2081,549311,0.999437;1093,57227,0.903662;1185,85036,0.972394;1590,63438,0.852465;1641,98599,0.91007
1996,1009424;2064,546180,0.999225;1100,58146,0.908662;1166,84935,0.978521;1578,62945,0.854085;1567,97435,0.912606
1879,1009514;1962,548774,0.999225;1114,58627,0.903169;1071,85595,0.97662;1622,64303,0.852465;1604,97963,0.910141
1794,1009492;1701,548661,0.999225;1314,58907,0.904718;1180,85582,0.972535;1653,64419,0.851127;1629,99396,0.912746
1793,1009536;1355,546086,0.999507;1267,57895,0.909577;1091,84700,0.975634;1591,63244,0.85162;1625,99169,0.913451
1667,1009435;1377,546012,0.999014;1118,57594,0.904859;1066,84371,0.974296;1601,63843,0.860845;1588,97028,0.914577
1976,1009401;1713,547764,0.999225;1055,57648,0.903662;1154,83375,0.973099;1688,63602,0.870282;1631,95441,0.917042
1910,1009355;1733,546071,0.999577;1205,57483,0.902746;1095,84824,0.972746;1624,64155,0.856268;1599,96814,0.912676
1839,1009327;1933,545117,0.999366;1219,57375,0.907113;1132,83647,0.977535;1646,63873,0.846268;1603,97835,0.905915
1798,1009495;1902,547190,0.999155;1192,57703,0.905;1152,85398,0.975775;1618,63896,0.854437;1598,98395,0.911479
1888,1009495;1948,549546,0.999507;1072,58817,0.90331;1100,86398,0.976972;1587,63506,0.85493;1588,98143,0.91493
1969,1009659;1901,553245,0.999296;1016,58534,0.898873;1141,86629,0.975634;1677,65035,0.85838;1643,98564,0.916972
1828,1009526;1852,541558,0.999648;1188,59654,0.911338;1188,85183,0.978873;1600,63585,0.861549;1587,97131,0.912676
1919,1009599;1850,550527,0.999507;1050,59477,0.905915;1064,87050,0.976408;1626,65633,0.859366;1651,100098,0.918239
2021,1009465;1731,551835,0.999437;1134,58534,0.909577;1170,86310,0.977958;1636,64415,0.862394;1643,100187,0.919507
1787,1009575;1301,549460,0.999085;1088,59367,0.910775;1063,85953,0.974437;1623,65038,0.856901;1633,98595,0.917817
1835,1009608;1357,549022,0.999296;1101,59703,0.905;1106,87288,0.973592;1668,65908,0.864225;1594,99101,0.924296
1682,1009523;2149,546015,0.999366;1149,58191,0.900563;1078,85280,0.972958;1593,64271,0.864155;1620,99717,0.918873
1560,1009391;1448,547598,0.999155;1121,58731,0.90338;1113,85497,0.977254;1624,64187,0.866761;1578,97840,0.915141
1722,1009497;2081,548934,0.999648;1080,58752,0.904859;1092,86223,0.975141;1612,64943,0.85838;1586,97115,0.91831
1672,1009579;2086,552119,0.999296;1190,59086,0.907254;1076,86430,0.976831;1672,65366,0.861408;1641,100609,0.922113
1684,1009659;2047,549584,0.999437;1165,60621,0.909577;1117,86545,0.977042;1703,64835,0.87;1679,98417,0.928239
2141,1009601;2060,549501,0.999648;1115,60261,0.918521;1091,87121,0.978803;1651,65362,0.869366;1619,98298,0.924296
1999,1009563;2028,545906,0.999789;1184,59768,0.909859;1063,84944,0.978239;1640,65025,0.87162;1608,99888,0.929789
1931,1009665;2054,547591,0.999296;1085,59998,0.904085;1173,88494,0.979859;1657,65257,0.864648;1604,100731,0.92662
1946,1009740;2055,546336,0.999718;1053,60149,0.910775;1098,86301,0.97493;1633,65348,0.864577;1567,99674,0.924225
1903,1009688;2086,551808,0.999014;1198,59731,0.911479;1109,86453,0.979789;1637,65323,0.867535;1586,99193,0.924014
1891,1009591;1979,550079,0.999437;1157,60112,0.918451;1094,87082,0.980775;1633,65288,0.877958;1595,98863,0.928732
1960,1009781;2596,550223,0.999296;1067,60951,0.913662;1119,86398,0.980775;1639,65907,0.881761;1545,98494,0.933732
1880,1009721;2252,546896,0.998521;1109,59381,0.914437;1106,86766,0.981127;1616,65608,0.872887;1569,97550,0.93
2042,1009667;2007,549439,0.999718;1139,60224,0.912324;1070,86845,0.978803;1629,65467,0.881479;1598,99213,0.933099
2231,1009729;1517,551435,0.997676;1071,60037,0.912394;1106,87864,0.981197;1678,66198,0.876549;1578,99322,0.934507
2160,1009640;2010,547223,0.999789;1080,60009,0.913873;1042,85243,0.980352;1633,66715,0.88662;1545,98120,0.932606
2176,1009707;1984,545695,0.999718;1117,59020,0.914155;1141,85790,0.980352;1597,64550,0.876831;1533,97187,0.929859
1969,1009624;2063,547807,0.999155;1108,59854,0.912113;1173,86949,0.98;1632,66174,0.865423;1618,100165,0.929718
1936,1009775;2001,549830,0.999437;1118,61427,0.918521;1259,86995,0.98007;1647,65729,0.872958;1572,98672,0.926268
2005,1009631;1918,549136,0.999155;1140,60198,0.91662;1193,86935,0.980915;1603,66359,0.888803;1532,99613,0.934014
1988,1009741;1862,548057,0.999296;1061,60774,0.918028;1117,87124,0.979507;1661,65724,0.882394;1588,97529,0.934155
2155,1009797;1905,546213,0.999366;1062,60173,0.919085;1120,87132,0.982676;1661,67339,0.886197;1573,99403,0.93507
1954,1009705;1685,550052,0.999577;1072,59885,0.918521;1136,86635,0.980352;1599,66091,0.892465;1511,98138,0.937324
1839,1009763;2138,548706,0.999437;1065,59405,0.914648;1113,85335,0.978873;1569,65481,0.880493;1515,98954,0.936479
1963,1009734;2145,549162,0.999648;1162,60442,0.913873;1105,86711,0.979507;1562,66062,0.876549;1540,100662,0.934718
1944,1009618;1734,548660,0.999507;1134,60318,0.917817;1064,85542,0.980634;1604,65599,0.875634;1540,98371,0.938803
2089,1009726;1714,547816,0.999859;1118,58742,0.913521;1088,84447,0.978521;1553,65347,0.88338;1491,98746,0.938592
2091,1009536;1928,546128,0.999366;1063,58628,0.916127;1107,85280,0.979366;1560,66419,0.888662;1479,99069,0.937254
1862,1009531;1748,543737,0.999789;1123,59157,0.921127;1060,85320,0.980211;1588,65280,0.878592;1481,98625,0.938028
2140,1009608;1845,544491,0.999507;1014,58385,0.921127;1029,83800,0.980845;1529,64755,0.875493;1491,99798,0.937394
1894,1009724;1768,548719,0.999296;1102,59450,0.90838;1130,86151,0.977958;1592,66915,0.883803;1544,98311,0.935423
1870,1009604;2038,545555,0.99993;1065,58592,0.914648;1117,84365,0.979437;1549,65074,0.884648;1600,99099,0.937042
1818,1009654;1811,541250,0.999577;1151,58415,0.920704;1149,85140,0.982113;1599,66434,0.886901;1555,97626,0.932746
1911,1009520;1582,547872,0.999789;1114,58135,0.918099;1162,84504,0.984225;1572,65279,0.885915;1627,99238,0.936831
2045,1009622;1966,546245,0.999366;1115,58901,0.912676;1150,85345,0.97993;1638,66226,0.880563;1558,100273,0.939225
2079,1009636;1490,546946,0.999648;1180,59476,0.922394;1118,85796,0.978873;1612,66185,0.883521;1592,98905,0.937746
1992,1009703;1649,545922,0.999577;1239,59377,0.910282;1140,85854,0.980211;1638,64920,0.884225;1584,98758,0.936268
2148,1009546;1730,545631,0.999648;1082,58271,0.92162;1113,84090,0.983028;1628,64619,0.88669;1531,97558,0.939718
1919,1009561;1428,542609,0.999577;1082,58349,0.916338;1064,82889,0.980915;1573,64952,0.876408;1510,98616,0.940845
1923,1009575;1422,546388,0.999225;1147,58104,0.916831;1087,84618,0.979296;1636,65162,0.865352;1563,100168,0.936761
1876,1009471;2043,542109,0.999648;1127,58486,0.915141;1135,83470,0.980282;1575,64634,0.872465;1533,98991,0.935211
1813,1009461;2034,544666,0.999789;1029,57293,0.905704;1089,83112,0.979577;1604,63900,0.858662;1547,99017,0.930352
2011,1009494;1665,547219,0.999859;1221,58287,0.914296;1082,83256,0.977183;1568,64005,0.863099;1507,97252,0.932465
2007,1009580;1970,549396,0.998873;1072,57882,0.906761;1107,83789,0.977606;1664,65557,0.867465;1586,99167,0.929507
2028,1009445;1533,541996,0.999718;1112,58059,0.928592;1139,83871,0.981972;1616,66116,0.860915;1559,99784,0.935563
2037,1009341;1676,545035,0.999648;1112,57674,0.917958;1054,82371,0.978028;1626,65084,0.866479;1571,98399,0.931972
1871,1009505;1705,540724,0.999789;1143,57449,0.919789;1102,83286,0.981901;1568,65600,0.871127;1533,99518,0.93331
2001,1009442;1964,546272,0.999366;1056,57327,0.91493;1149,83128,0.978944;1636,65779,0.86007;1572,99801,0.92331
2110,1009467;2073,545024,0.999507;1110,57864,0.910211;1083,82893,0.981901;1684,66351,0.859507;1591,100124,0.923662
1998,1009419;2093,540267,0.999296;1111,57963,0.913803;1145,82876,0.976761;1640,65822,0.854155;1601,98936,0.923451
1978,1009437;1638,543517,0.999507;1173,57597,0.908239;1083,83129,0.977606;1684,65470,0.849014;1618,99623,0.923521
1988,1009392;1621,542652,0.999648;1043,56097,0.912535;1143,81496,0.981549;1645,64139,0.854437;1635,98734,0.921056
2007,1009442;1346,543022,0.999648;1092,57225,0.909577;1228,82988,0.980493;1648,65918,0.866056;1615,100130,0.926901
1867,1009409;2006,543512,0.999789;1132,57013,0.907535;1122,82685,0.979507;1620,65210,0.86338;1582,98860,0.923028
1827,1009368;1323,543506,0.999366;1119,56495,0.910915;1095,82447,0.980704;1595,64071,0.855423;1567,98990,0.92162
1820,1009425;1725,542787,0.999789;1033,57340,0.915282;1142,83566,0.981479;1638,66611,0.850845;1637,101025,0.921901
1858,1009421;1943,543928,0.999789;1121,57588,0.913451;1111,83522,0.980141;1664,66704,0.855915;1613,99436,0.922183
1901,1009275;1558,539695,0.999437;1180,56900,0.914789;1104,83139,0.980282;1612,65346,0.851056;1611,100046,0.922746
1990,1009350;1590,542655,0.999577;1181,56691,0.91493;1049,81397,0.981338;1610,64255,0.841901;1554,99222,0.922817
1966,1009383;1858,539750,0.999859;1147,55308,0.909648;1052,81282,0.977183;1627,65640,0.851831;1551,98478,0.92338
2029,1009401;2119,541047,0.999507;1127,57339,0.917746;1141,82081,0.980634;1618,64961,0.84507;1606,99818,0.922324
1894,1009235;2106,541318,0.999718;1256,56681,0.917535;1123,82131,0.97838;1627,65102,0.846408;1526,97654,0.921479
1877,1009401;1889,540895,0.999648;1072,55989,0.908944;1172,81752,0.978803;1604,65249,0.855704;1540,98776,0.922254
1849,1009322;1745,543283,0.999648;1093,57297,0.917394;1068,81788,0.980775;1595,65546,0.861127;1473,97974,0.922746
1864,1009361;1984,543576,0.999577;1009,56509,0.911197;1091,83940,0.983028;1562,64617,0.868239;1487,98012,0.924437
1930,1009359;1769,541116,0.999577;1133,56969,0.909085;1011,81299,0.979718;1537,64526,0.858873;1517,98884,0.923944
1867,1009400;1897,544181,0.998662;1002,56295,0.917535;1007,81030,0.97838;1537,64621,0.846761;1595,98733,0.921549
1827,1009469;1812,543116,0.999437;1052,56284,0.905141;1117,81601,0.981972;1588,64578,0.852324;1501,97909,0.922324
2076,1009377;1843,547177,0.999577;1086,57844,0.909155;1031,81878,0.977042;1595,64976,0.844366;1559,98239,0.917254
2009,1009297;1904,538446,0.999648;1015,56809,0.918592;1025,81701,0.980775;1516,63939,0.85831;1504,97891,0.918873
2060,1009402;1711,541555,0.999718;1042,56596,0.913873;1046,82411,0.981127;1552,65070,0.850141;1497,99223,0.920634
1861,1009313;2125,539016,0.999577;982,56166,0.914859;1071,80558,0.97993;1477,63477,0.831197;1528,97511,0.916268
1832,1009322;1845,537419,0.999507;1002,56144,0.920704;1067,79891,0.980915;1538,64381,0.852394;1489,97455,0.921056
1914,1009461;1890,540387,0.99993;1089,56895,0.923451;1031,81629,0.981549;1543,64617,0.852817;1521,98370,0.927676
1874,1009388;2122,540178,0.999789;1056,55462,0.920845;987,79984,0.984296;1445,62951,0.859437;1458,97253,0.926197
1897,1009167;2049,538387,0.999507;1071,54638,0.917113;1041,79100,0.980211;1442,62690,0.860141;1462,94340,0.922324
2074,1009163;2023,538842,0.999366;1013,54674,0.910775;1029,79974,0.981127;1497,63787,0.855141;1483,97073,0.914718
1905,1009385;2039,538439,0.999437;962,55644,0.91169;994,80790,0.980282;1532,64101,0.847042;1503,97346,0.926901
2004,1009371;2045,538647,0.999789;1001,54829,0.917535;1001,80160,0.980423;1457,63279,0.850563;1440,95357,0.918662
1919,1009268;2041,538468,0.999577;1060,55233,0.920423;1001,79888,0.981197;1462,62714,0.854366;1479,96013,0.917817
2063,1009115;2038,537981,0.999648;1013,53562,0.918239;1013,77483,0.982465;1429,61880,0.855704;1369,91957,0.917535
1855,1009192;2028,536288,0.999366;1063,54655,0.921549;1024,77836,0.978662;1443,62047,0.850211;1431,95033,0.920915
1938,1009168;2035,536768,0.999648;1069,53463,0.916127;1054,77484,0.97838;1393,61816,0.859014;1417,92515,0.915563
1856,1009138;2036,534435,0.999507;1078,53850,0.92007;1107,78084,0.982746;1511,62247,0.858239;1442,94059,0.918592
2095,1009158;2118,540525,0.999718;1005,53433,0.910845;1003,78559,0.980634;1432,61562,0.856901;1418,95331,0.918873
1958,1009254;2060,535859,0.999296;1032,54429,0.923592;1056,77588,0.981901;1476,62926,0.855141;1457,94823,0.916056
1837,1009156;1299,538038,0.998451;1100,54205,0.919155;1019,77652,0.978451;1386,62255,0.853662;1401,93353,0.918169
1748,1009107;1424,539435,0.999718;1036,54078,0.921549;1070,76784,0.98331;1408,62031,0.865915;1348,93374,0.918028
1849,1009089;1856,532272,0.999648;1031,52924,0.917042;1031,76819,0.981408;1414,59998,0.851972;1381,92758,0.921056
1709,1009089;1883,531825,0.999437;1223,53315,0.920845;1030,77313,0.98;1500,62698,0.855845;1417,95140,0.916972
1791,1009146;1865,536997,0.999789;938,53299,0.919366;1023,77699,0.981831;1381,61120,0.850845;1370,94056,0.918873
1999,1009120;2093,535693,0.999648;1145,52023,0.914507;1106,75458,0.984859;1417,60402,0.856197;1374,91343,0.922394
2102,1009042;1615,534742,0.999718;1152,52997,0.918944;1037,76005,0.98162;1425,60065,0.848944;1434,93119,0.917606
1868,1008957;1560,536132,0.999648;1107,51946,0.932746;1064,74303,0.979296;1407,60557,0.847394;1418,93369,0.91831
1908,1008986;2037,533880,0.997817;1081,51045,0.920845;1039,74210,0.982183;1432,60716,0.831056;1390,91971,0.915
1832,1009019;2037,532596,0.999859;985,51634,0.923803;1041,74476,0.982746;1462,62265,0.826268;1419,93937,0.915563
1863,1009099;1967,534471,0.999718;1316,52241,0.924014;1071,75613,0.982817;1451,61789,0.826549;1433,93638,0.915986
1900,1008958;1992,533710,0.999718;1125,51598,0.928592;998,73861,0.98331;1372,60997,0.830704;1468,93044,0.913169
1936,1009005;1889,532263,0.999789;1056,51873,0.925352;1047,75008,0.985211;1439,61308,0.835493;1405,93115,0.918099
1939,1008893;1871,532396,0.999718;1041,52277,0.927042;975,73644,0.981972;1477,60048,0.849859;1466,90383,0.914155
2129,1009036;1930,535025,0.999859;1042,51761,0.922535;1040,74021,0.98169;1380,59786,0.85169;1370,90875,0.913662
2060,1008880;1884,532781,0.999789;997,51637,0.933521;1098,74385,0.984014;1413,59485,0.843662;1399,90923,0.911831
2073,1008914;1892,533674,0.999718;1105,50275,0.92493;1034,72791,0.978944;1412,60615,0.843028;1353,90335,0.912606
1856,1008916;2018,530244,0.99993;1033,51093,0.925915;1009,73352,0.979296;1413,61153,0.834225;1371,92115,0.912394
1848,1008951;1899,538011,0.999437;993,51547,0.920915;1012,74709,0.980845;1480,61836,0.835704;1436,93532,0.906761
1884,1008965;1890,533994,0.999859;1114,52458,0.924014;1023,75763,0.98331;1490,61497,0.833169;1424,92944,0.91331
1982,1008951;1881,532665,0.99993;1005,51270,0.926972;961,73650,0.982042;1517,61591,0.840211;1438,91972,0.909296
1946,1008982;1984,535105,0.999648;989,51714,0.922958;1049,75315,0.984366;1444,61595,0.846972;1418,93198,0.913451
1866,1008972;1296,532099,0.999648;980,52278,0.916268;1022,75056,0.981056;1471,61353,0.86162;1439,92705,0.910423
1854,1009076;2103,530497,0.99993;1068,51991,0.916761;1057,75821,0.984859;1412,61017,0.855352;1449,94027,0.913732
1799,1009077;2088,534927,0.999789;1093,53063,0.924366;1026,76725,0.982746;1425,61138,0.84669;1463,94205,0.915915
1785,1008978;2070,532211,0.999577;1100,52067,0.92331;938,74858,0.982324;1381,61060,0.847887;1363,92365,0.913732
1973,1008982;2027,533130,0.999648;1015,51188,0.912183;1059,76314,0.98507;1439,61087,0.853662;1453,92737,0.917254
1894,1008872;2003,533293,0.999718;1022,52390,0.926549;1049,75328,0.983592;1385,59807,0.854718;1435,91934,0.919085
1924,1009104;2058,539134,0.998169;1078,52430,0.916901;1066,74685,0.980704;1446,60699,0.853521;1416,92532,0.917958
2054,1008961;2044,535831,0.999437;1037,51308,0.917113;1023,74313,0.979507;1451,61194,0.854085;1380,93102,0.917042
1919,1008947;2039,534282,0.999014;1105,52753,0.931338;1121,75528,0.984296;1517,60170,0.853944;1453,91996,0.916408
1828,1008983;2055,535402,0.99993;1057,52153,0.927113;1083,74510,0.98331;1492,60639,0.839014;1503,94227,0.914155
1847,1009053;2019,530431,0.999577;1077,51291,0.915282;1104,75549,0.980352;1538,62302,0.847958;1534,94202,0.918873
1928,1008965;2080,534382,0.999366;1088,51767,0.911408;1115,75927,0.979437;1527,62758,0.865282;1458,93389,0.919225
1852,1008925;2123,536578,0.999577;1087,52929,0.924718;1085,76577,0.978873;1459,61047,0.850563;1403,93842,0.917324
2027,1009044;2085,534195,0.999648;1044,53290,0.919718;1134,76924,0.978521;1483,61652,0.847254;1498,94768,0.914014
1958,1009014;1276,534498,0.999859;1004,51964,0.91838;1028,74846,0.979859;1469,61924,0.839577;1503,95015,0.91162
2365,1009059;2065,533460,0.999577;1016,52895,0.920845;1068,75771,0.980423;1460,62171,0.838521;1482,96357,0.912113
1912,1009039;1402,535187,0.999577;960,51547,0.910634;998,76359,0.979507;1463,61548,0.847465;1488,93838,0.914366
1780,1008948;1897,534568,0.999718;1122,52423,0.912958;1078,75695,0.979859;1509,61899,0.845775;1471,95868,0.914718
1923,1008988;1861,534879,0.999648;956,52672,0.918592;1042,75934,0.978099;1471,61954,0.851268;1424,95531,0.912958
1905,1009080;1883,534594,0.999859;952,52382,0.917254;948,76102,0.979366;1366,61049,0.843944;1427,93443,0.909085
2017,1008961;1870,535244,0.999718;1016,52057,0.928873;1052,76620,0.983239;1354,59706,0.854014;1367,92930,0.91507
2050,1008961;1893,535276,0.999225;1004,51693,0.915704;1035,75893,0.981408;1439,61409,0.864296;1365,92268,0.91493
2019,1008981;1886,534425,0.999507;1493,53570,0.916408;1054,75503,0.979648;1453,60774,0.855493;1529,93392,0.914437
2073,1009042;1875,533641,0.999718;1100,53045,0.919577;1103,76572,0.982676;1504,61553,0.850775;1404,93044,0.916408
1810,1009040;1879,532450,0.999437;1129,52906,0.925775;1050,75266,0.980634;1568,61294,0.840845;1502,94068,0.914648
2010,1009089;1787,537370,0.999789;1068,52739,0.921268;1028,75333,0.978239;1538,62018,0.838732;1494,94293,0.914155
1954,1009022;1504,536652,0.999859;1054,52229,0.916408;1027,76627,0.982465;1508,62299,0.846268;1429,94646,0.913592
1987,1008712;2270,534177,0.999437;1106,51305,0.922676;992,74105,0.981831;1464,61094,0.857254;1427,94190,0.918662
1934,1009029;2045,535122,0.999789;967,52213,0.917535;949,75925,0.977465;1573,62323,0.84669;1471,93384,0.912817
1992,1008893;2037,536163,0.999789;1010,51929,0.917817;1008,75521,0.979366;1503,61271,0.826268;1473,95617,0.909507
1978,1008896;2030,533260,0.999789;1103,52477,0.924718;1047,75030,0.977887;1486,61553,0.834789;1451,95278,0.911761
1932,1009050;2060,533267,0.999296;1008,52228,0.92;1055,75235,0.981056;1517,62569,0.832324;1432,94277,0.905493
1903,1009082;1946,533627,0.99831;1083,51588,0.91838;1021,75026,0.984577;1453,61263,0.836479;1463,94979,0.913028
1934,1008986;2108,534565,0.999859;1047,51897,0.915704;1098,75262,0.982394;1474,61842,0.847887;1467,94148,0.916761
1972,1009019;1871,533328,0.999648;1072,52616,0.917183;1026,75369,0.978099;1463,61085,0.84662;1403,92603,0.916972
2010,1008884;1281,530929,0.999366;1044,50773,0.911268;970,74839,0.981197;1438,60843,0.851408;1437,92362,0.911056
2156,1008789;1278,536011,0.999648;1014,51305,0.910775;1096,74722,0.976761;1451,60374,0.844648;1455,93936,0.91331
2027,1008958;1425,532809,0.998732;1044,52109,0.922958;1067,75624,0.983451;1481,60614,0.836268;1407,92197,0.912465
2203,1009035;2030,534011,0.999718;1044,51192,0.90669;1072,75466,0.980845;1491,61170,0.834014;1540,95886,0.915282
1911,1008948;2069,533694,0.999577;976,50551,0.912324;1059,73270,0.980563;1476,60427,0.814155;1466,93920,0.916479
1891,1008907;2081,533008,1;979,51586,0.925141;1007,73172,0.982606;1531,60326,0.822394;1615,94672,0.912183
1942,1008875;2031,532220,0.999789;990,50471,0.917394;1001,72460,0.978803;1424,59962,0.833592;1431,91748,0.916056
1917,1008817;1948,532295,0.999859;1098,50944,0.929296;1044,75140,0.981408;1447,59901,0.824859;1485,93267,0.907535
1977,1008836;1879,532140,0.999859;1046,50930,0.919296;1031,73065,0.978521;1494,60279,0.828732;1480,94214,0.912817
2003,1008918;1545,529958,0.999507;1086,51987,0.917887;1000,74918,0.979296;1454,60596,0.817183;1482,94581,0.911972
1884,1008935;1251,531337,0.999577;1020,50877,0.921901;975,74658,0.980352;1456,60556,0.818239;1497,94542,0.911056
2269,1008868;2001,530281,0.998803;1022,50802,0.923239;1010,73720,0.981338;1516,61515,0.832746;1423,92808,0.913944
2028,1008905;1480,534904,0.999859;1106,51385,0.92507;1015,74093,0.981901;1459,60636,0.844718;1460,92564,0.912676
1972,1008941;2034,535505,0.998451;1062,51402,0.909648;1057,73900,0.979085;1437,59453,0.831901;1431,91544,0.909366
2022,1008860;2014,530214,0.99993;993,51092,0.922394;1048,74073,0.982817;1474,60786,0.83838;1399,92237,0.912113
1990,1008843;2041,532125,0.999859;1089,49518,0.922183;1039,72273,0.982465;1433,59620,0.833169;1351,90158,0.911972
1916,1008835;2045,531089,0.999577;1029,49353,0.908521;989,71882,0.980704;1479,59737,0.842887;1425,91253,0.903028
2069,1008800;2096,532958,0.99993;946,50144,0.925845;1001,71526,0.981127;1398,59454,0.843169;1413,90812,0.91
1985,1008773;2068,525406,0.999789;1029,49780,0.921408;1008,72174,0.981338;1446,59973,0.842042;1424,91526,0.91
2010,1008676;2012,532107,0.999507;976,49712,0.921479;881,72119,0.979507;1417,57984,0.828803;1455,92570,0.90493
1921,1008699;2059,534170,0.999366;1118,49896,0.918592;1025,71784,0.977817;1444,59708,0.826408;1416,92023,0.901901
1839,1008833;1996,531017,0.999155;1022,50958,0.927676;982,72460,0.980704;1445,60740,0.828028;1337,92314,0.905986
2144,1008750;2012,529564,0.999789;908,49693,0.925775;952,72226,0.982324;1504,60266,0.831972;1454,92702,0.911761
1855,1008722;2026,528414,0.999718;1183,49675,0.913451;1023,72100,0.981268;1447,59397,0.835915;1441,92200,0.907183
2018,1008733;1984,528093,0.999718;1047,49640,0.912042;1048,71608,0.979718;1450,59873,0.849507;1440,92004,0.907535
2044,1008804;2006,529189,0.999859;1053,49561,0.925352;1024,71285,0.982254;1385,58230,0.838169;1419,92479,0.907817
2247,1008643;2016,529212,0.999789;945,49118,0.915;980,71482,0.981408;1387,58934,0.827254;1400,91856,0.901127
1995,1008788;2036,528974,0.999225;997,49784,0.924859;1123,70937,0.980915;1460,60576,0.836338;1455,91855,0.907676
2038,1008788;2066,529412,0.999789;943,48764,0.915282;1002,71750,0.981056;1404,59887,0.832324;1444,92723,0.903028
1996,1008774;2100,530748,0.999789;1273,50142,0.91838;1050,72221,0.979437;1424,60191,0.840493;1431,92478,0.907183
1981,1008857;2034,531591,0.998451;1035,49971,0.92007;1009,72218,0.977887;1468,59497,0.834718;1434,92147,0.902465
1994,1008758;1984,529411,0.999718;1189,49849,0.921127;978,71497,0.980845;1423,59508,0.841549;1379,90855,0.902042
2093,1008820;2030,532102,0.999437;963,49451,0.912183;974,72250,0.981901;1411,60228,0.839789;1418,93412,0.90493
2178,1008729;2052,531902,0.999859;986,49658,0.918592;978,72061,0.978451;1342,58888,0.840423;1357,91152,0.904085
2064,1008687;2042,529934,0.999789;1021,49838,0.92331;1042,71799,0.981056;1402,58952,0.843662;1411,92003,0.911549
2026,1008772;2043,527975,0.99993;1043,48975,0.915282;996,71237,0.980493;1361,57941,0.834648;1379,90800,0.905423
1966,1008823;2040,529306,0.999718;1058,48737,0.910563;985,71841,0.981268;1373,58975,0.832606;1428,90522,0.900141
1841,1008693;1265,530571,0.999507;1068,49889,0.926479;975,72805,0.981479;1376,58893,0.842746;1388,90706,0.902465
1886,1008711;1248,528926,0.999296;1030,48521,0.916549;962,70778,0.97993;1322,58149,0.840845;1354,89508,0.901761
1873,1008645;1277,533691,0.999155;1040,48923,0.91662;1206,71102,0.984507;1427,58522,0.851338;1354,88955,0.904225
1948,1008632;1319,535486,0.999225;922,49454,0.926408;953,70541,0.981338;1344,58028,0.860704;1364,90604,0.906831
2124,1008748;1325,532238,0.999437;1061,48458,0.924085;968,70778,0.982254;1346,57557,0.856972;1330,89758,0.909507
1986,1008690;1869,533687,0.999859;1085,48706,0.921338;1018,71251,0.982958;1320,57949,0.850634;1349,89787,0.907676
2144,1008659;1886,532343,0.999366;975,48920,0.925493;993,70252,0.982042;1263,57412,0.859155;1292,87390,0.906197
2090,1008602;1886,535230,0.999789;960,48090,0.926549;1165,70657,0.984789;1296,57290,0.857254;1334,88719,0.907113
1939,1008612;1887,531631,0.999507;1013,48491,0.913028;1051,70042,0.979859;1345,58123,0.849155;1374,91675,0.904437
1889,1008694;1412,531186,0.998451;1003,48779,0.915704;989,70513,0.979577;1315,57677,0.855845;1366,90054,0.908873
1941,1008710;1260,532448,0.99838;934,48540,0.925634;935,70578,0.982887;1331,57477,0.861197;1302,87601,0.909718
1920,1008766;1738,530149,0.999507;1135,49094,0.936761;988,70494,0.985423;1340,57896,0.862113;1263,88181,0.906197
2158,1008629;2041,531442,0.99831;1189,48113,0.922746;994,70840,0.98162;1318,58266,0.864789;1280,87327,0.904507
1955,1008611;2037,534863,0.998803;1108,48069,0.924507;955,70489,0.985352;1262,56364,0.867958;1252,87000,0.90507
1852,1008677;2017,532488,0.998662;933,47857,0.927183;930,68696,0.982746;1204,56030,0.868239;1314,87106,0.908662
1904,1008541;2030,533026,0.998803;1109,47539,0.925634;985,69037,0.98331;1256,56166,0.871056;1280,85580,0.908169
1836,1008658;2078,531651,0.999437;976,47330,0.927113;1038,68145,0.980845;1271,56828,0.869366;1300,87296,0.909718
2062,1008569;2107,533034,0.999789;1023,47574,0.919577;1189,69800,0.983239;1292,56691,0.868873;1289,86989,0.909225
2136,1008715;2036,530742,0.999014;1052,47847,0.925;984,69184,0.983803;1271,56290,0.870493;1234,85435,0.911408
1991,1008650;2039,531163,0.99838;1148,47591,0.928873;1073,68820,0.980986;1345,57048,0.879859;1409,87020,0.913662
2045,1008526;2033,532025,0.999577;978,46669,0.92838;1048,68585,0.986056;1261,56409,0.872394;1275,86296,0.90831
1824,1008616;2127,532362,0.998521;952,47751,0.930352;950,67994,0.984296;1236,55956,0.875845;1254,85249,0.910282
1849,1008633;2033,530368,0.999014;993,47538,0.924437;1030,68447,0.98338;1271,56677,0.866056;1271,86790,0.906338
1877,1008632;1694,526843,0.999648;1291,47993,0.924014;947,68444,0.979648;1248,56553,0.861972;1238,86295,0.908873
1906,1008639;1990,532706,0.998873;1189,48008,0.928099;1161,70328,0.983028;1311,56880,0.874577;1295,86670,0.910634
1968,1008663;1264,534805,0.999155;964,47218,0.92169;1053,68552,0.981127;1219,55425,0.867958;1247,85650,0.909155
2057,1008680;2056,531091,0.99831;1096,47517,0.920704;1004,69659,0.980986;1259,57041,0.880141;1350,85793,0.91162
2170,1008704;2042,530288,0.998873;1329,47975,0.92338;1005,69418,0.981972;1274,56609,0.885563;1248,84916,0.911901
2143,1008680;2161,530689,0.999014;962,47714,0.924366;1010,69337,0.981831;1238,55739,0.872254;1262,86379,0.906549
2011,1008645;2085,532475,0.999577;1134,48282,0.920563;1197,69472,0.98162;1296,55952,0.873521;1338,87063,0.905282
1822,1008728;2047,531984,0.999507;1018,48685,0.925704;1139,69240,0.983028;1312,56722,0.87162;1279,86430,0.90831
1942,1008700;2028,531922,0.999648;1289,47801,0.930493;945,70038,0.983873;1270,56493,0.880986;1219,85369,0.911127
1872,1008730;2023,533246,0.999648;915,47821,0.932183;1017,69484,0.984225;1305,55697,0.882746;1272,85572,0.913521
2069,1008570;2019,528179,0.99993;1067,46529,0.926901;924,67481,0.987254;1235,55716,0.879296;1313,85718,0.908592
1871,1008615;2006,527828,0.999789;965,46442,0.924789;970,67790,0.984366;1220,55152,0.875986;1281,86259,0.912746
2109,1008657;2024,531242,0.999437;1042,47037,0.925;1065,68356,0.980352;1229,55514,0.861972;1267,86484,0.909789
1908,1008632;1316,530751,0.999789;1007,47661,0.930915;1114,68675,0.982676;1230,56172,0.877113;1247,84592,0.906127
1894,1008620;1742,535958,0.999507;997,47798,0.932817;1269,68663,0.983662;1306,56221,0.881479;1221,85456,0.913944
2007,1008681;2018,532010,0.999789;958,47736,0.932535;1067,69785,0.983592;1228,55277,0.882113;1216,84304,0.918099
2113,1008668;2021,532101,0.999437;1080,47607,0.93007;1091,68556,0.985493;1270,55472,0.886761;1227,84819,0.917254
1979,1008679;2094,536085,0.999366;1146,47524,0.925493;998,68929,0.985282;1235,55340,0.884437;1201,84330,0.915
2022,1008747;2083,531178,0.999507;908,47382,0.928521;1077,69151,0.985141;1189,55719,0.889718;1223,85664,0.920352
1921,1008726;2073,533978,0.999437;932,47996,0.935915;949,68628,0.985915;1259,56073,0.888099;1230,84471,0.916901
2027,1008659;2059,534489,0.999437;1003,46550,0.927676;1047,68530,0.983099;1242,56118,0.884507;1215,85581,0.91507
1644,1008719;2027,533372,0.999718;964,48014,0.936479;915,68870,0.985563;1216,55767,0.885493;1227,85218,0.915986
1692,1008614;2045,531507,0.999507;974,46980,0.932746;1030,68240,0.985563;1239,55994,0.890352;1229,84164,0.915141
1676,1008634;2052,533044,0.99993;919,47099,0.930141;935,68118,0.985211;1183,55334,0.890141;1241,85408,0.918099
1770,1008614;2036,530875,0.999789;905,47572,0.932817;948,68033,0.981549;1210,55438,0.882183;1255,85465,0.916056
1836,1008745;2020,532885,0.998451;1004,48249,0.934859;963,69746,0.984789;1292,56657,0.884718;1256,86069,0.917254
2015,1008665;2062,535188,0.999859;977,47536,0.933662;945,69172,0.986268;1185,55387,0.879155;1194,84948,0.913944
2045,1008675;2038,533583,0.999789;1004,47977,0.927042;967,70624,0.982324;1241,56627,0.881197;1282,86178,0.912394
2167,1008675;2054,535484,0.999085;1054,47601,0.925;993,69795,0.982817;1254,56226,0.881972;1243,84846,0.917113
1714,1008680;1655,533580,0.999648;981,48661,0.927817;1014,70802,0.982887;1267,56941,0.885704;1254,86448,0.915141
1850,1008744;2039,534159,0.999859;976,48704,0.919225;927,71416,0.983451;1342,57351,0.880915;1268,87131,0.910493
1954,1008785;2079,536638,0.999014;933,47897,0.926479;943,69977,0.981408;1249,56455,0.883662;1310,85706,0.915211
1774,1008667;1975,528305,0.999366;1129,48086,0.921056;977,70079,0.984085;1297,56386,0.878028;1248,85694,0.91338
1827,1008830;1264,532864,0.999577;941,48506,0.923028;1513,70914,0.984507;1308,57380,0.885986;1242,85940,0.912535
1948,1008772;2053,535043,0.998592;916,49024,0.926338;1177,71602,0.980986;1270,56049,0.866831;1286,86946,0.908732
1914,1008749;1998,533077,0.999437;907,48980,0.931901;942,69788,0.97993;1246,56888,0.879085;1249,87363,0.913169
2204,1008761;1399,535855,0.999718;898,49006,0.925;948,71691,0.983099;1274,57499,0.88169;1271,87430,0.916197
1864,1008687;1453,534272,0.999718;960,48999,0.928662;984,70437,0.982254;1284,57779,0.879507;1312,88637,0.915775
2022,1008776;1265,535406,0.999789;977,48655,0.918732;921,71412,0.980704;1295,57302,0.87831;1285,87626,0.910493
2079,1008956;2014,536315,0.999507;996,50292,0.918521;942,72880,0.979366;1316,58444,0.86831;1286,89800,0.914789
1899,1008710;2053,532114,0.999718;1029,49625,0.922817;978,71827,0.981338;1311,57693,0.870493;1283,87259,0.912394
1956,1008797;1464,535505,0.99993;977,49220,0.91993;980,72721,0.978944;1389,58324,0.872676;1327,87820,0.911479
1982,1008743;1955,541978,0.999577;981,49832,0.928521;968,73274,0.980986;1301,57681,0.873239;1298,86890,0.910986
1869,1008764;1899,536033,0.999648;948,49536,0.919648;924,72605,0.980493;1310,58068,0.87669;1316,88167,0.913873
2223,1008770;1884,539302,0.99993;1001,50063,0.916127;962,73267,0.979648;1340,57590,0.870141;1308,89088,0.911197
2016,1008777;1864,536682,0.999085;914,49812,0.919296;919,72620,0.979789;1378,57526,0.865634;1342,89186,0.910493
1966,1008873;1863,540381,0.99993;972,50353,0.91993;961,73524,0.982113;1383,58605,0.863732;1347,90356,0.905775
1898,1008819;1852,532958,0.999296;962,51033,0.916549;938,73787,0.980352;1336,58589,0.86338;1342,90538,0.906338
1931,1008786;1865,531745,0.999648;1080,51053,0.912535;1039,74120,0.977254;1326,58799,0.860986;1331,90430,0.910423
1945,1008792;1880,536782,0.999577;941,49788,0.911338;1066,74218,0.980775;1409,58668,0.859577;1341,90218,0.910282
1980,1008790;1840,535811,0.999648;964,50727,0.915845;965,72921,0.97831;1370,58018,0.867887;1368,89300,0.911197
1864,1008699;1892,535181,0.999155;975,49475,0.92162;984,72732,0.979648;1390,58654,0.870634;1333,88815,0.909859
2068,1008804;1853,532682,0.998169;935,49444,0.917465;964,73788,0.980915;1289,57578,0.870282;1309,88583,0.908521
1872,1008847;1565,538441,0.999577;861,50146,0.918803;858,73603,0.978521;1239,57230,0.857676;1384,91357,0.906479
1982,1008764;1348,536645,0.999507;921,51205,0.909718;948,75771,0.979507;1390,58555,0.852746;1368,90788,0.906408
1879,1008828;1350,535909,0.999789;968,51765,0.917324;1005,75272,0.981268;1420,59161,0.861197;1367,89435,0.905141
1765,1008823;1305,535749,0.999437;954,50275,0.914155;972,74142,0.980352;1415,58090,0.870915;1356,89100,0.907394
1812,1008909;2019,538557,0.999014;1074,51856,0.918239;936,76540,0.97831;1361,58086,0.860986;1397,91389,0.907958
1871,1008902;2107,534591,0.999437;936,50921,0.916268;983,74870,0.975634;1378,58892,0.864085;1386,88670,0.908662
2074,1008847;2049,534620,0.998944;978,50827,0.915423;1019,74786,0.975563;1406,58860,0.856408;1373,89119,0.905141
2385,1008804;2026,538806,0.999225;912,51304,0.907606;1000,75876,0.980211;1385,58581,0.862254;1414,91213,0.907113
2166,1008873;2102,537318,0.999085;947,51473,0.908944;932,75137,0.978099;1394,57746,0.87007;1398,88885,0.904296
1981,1008874;2024,537307,0.999718;1048,52394,0.917113;1018,76282,0.977958;1467,59298,0.867394;1404,90094,0.905493
1963,1008799;2040,535777,0.999507;993,51490,0.913169;994,75222,0.981408;1431,58428,0.876056;1394,89772,0.909718
1879,1008903;2059,535601,0.999577;1015,51013,0.907887;1102,74787,0.976338;1414,57902,0.858944;1416,89530,0.90162
1798,1008834;2022,539366,0.999085;1008,51268,0.914437;960,74614,0.980352;1465,58322,0.859648;1449,89819,0.903451
1753,1008859;2170,535506,0.999366;1102,51084,0.917887;1180,76014,0.976479;1444,58361,0.865141;1432,90682,0.905563
1681,1008765;2071,538094,0.999366;993,50711,0.920704;1027,75861,0.980423;1443,59243,0.872324;1466,90386,0.912887
1810,1008819;2022,538620,0.999577;1096,51355,0.912394;1011,75255,0.979225;1442,58437,0.864789;1394,89651,0.911268
2140,1008830;2091,540539,0.999648;1007,51395,0.920352;965,74033,0.978592;1379,58091,0.866549;1363,89694,0.90993
1885,1008843;2052,540236,0.999437;1083,50690,0.920141;1015,75542,0.980845;1412,57851,0.866831;1401,89204,0.912676
2065,1008946;2036,539740,0.999155;970,51144,0.913521;1035,75386,0.98162;1391,57320,0.86331;1381,89711,0.906197
1996,1008897;2076,542002,0.999507;925,51557,0.926972;954,74853,0.980211;1307,58013,0.877254;1276,88205,0.910915
1904,1008975;2039,536640,0.999437;938,50897,0.918451;962,74970,0.982042;1292,58546,0.872535;1310,88869,0.912676
2092,1008908;1992,540107,0.999789;932,52042,0.916549;1009,75965,0.977042;1317,58310,0.87493;1331,89158,0.912535
2014,1008879;2018,541491,0.999437;898,50713,0.914366;967,75166,0.980563;1369,58494,0.874366;1372,89313,0.915282
2141,1008837;2007,536369,0.999296;968,52063,0.912254;980,76491,0.980423;1417,58852,0.88007;1393,89790,0.923099
2070,1008901;1549,541074,0.999366;976,51469,0.914366;984,75683,0.982535;1357,58278,0.87669;1322,89111,0.915282
1899,1008900;1863,540293,0.999225;927,51782,0.926197;1051,74644,0.98007;1391,59111,0.882535;1359,89309,0.919437
1814,1008856;1325,539822,0.999296;987,51578,0.911408;1028,75464,0.976197;1411,58813,0.876338;1417,90294,0.915211
1715,1008971;1298,542122,0.999577;992,53241,0.92169;996,76582,0.980775;1375,58099,0.868592;1403,89837,0.91169
1783,1008955;1266,539719,0.999648;1020,52236,0.918873;1015,75641,0.98007;1386,59646,0.883944;1403,90325,0.917254
1968,1008855;1284,541268,0.999577;923,51723,0.922394;1033,74868,0.980845;1430,56942,0.87669;1385,88299,0.913662
2053,1008894;1273,537508,0.999296;1056,52007,0.921901;968,75586,0.97831;1368,58164,0.876408;1365,89987,0.910352
2063,1008977;1268,538358,0.999507;955,52135,0.913732;1037,75746,0.979718;1398,58861,0.880634;1368,90012,0.916338
2174,1009009;1255,538788,0.999296;1015,52251,0.915352;1004,76062,0.978169;1402,58765,0.876549;1360,90180,0.915352
1803,1008912;1265,540635,0.999648;946,51707,0.91993;939,75605,0.977887;1341,59178,0.873239;1407,90859,0.915282
1785,1008982;1276,543634,0.999225;907,52407,0.924437;1012,76892,0.979225;1436,59660,0.880352;1347,91213,0.92007
1865,1008916;1285,540562,0.999366;1027,51335,0.925;1004,76299,0.980563;1434,59879,0.886197;1350,89907,0.919366
1936,1008849;1280,540694,0.999366;977,51242,0.914437;1108,74670,0.977183;1334,58210,0.887254;1354,87795,0.920563
1964,1008930;1862,538634,0.998944;990,51790,0.916831;975,75709,0.980493;1337,58141,0.879507;1351,90098,0.917183
2068,1008947;1874,538964,0.999296;964,51797,0.910423;977,75201,0.978169;1397,58682,0.878521;1393,89961,0.919155
2062,1008965;2085,544951,0.998944;960,51559,0.918873;966,75834,0.981338;1367,58183,0.873732;1360,89012,0.914437
2228,1008998;2067,542525,0.999085;962,52431,0.925211;989,76054,0.979225;1363,58487,0.870423;1357,89092,0.912042
2039,1008979;2063,538424,0.999789;974,52127,0.919648;980,76189,0.980282;1365,58449,0.874718;1385,89572,0.913592
1870,1009064;2003,536428,0.999437;1044,51641,0.917254;1116,77276,0.981127;1407,58405,0.874437;1388,89601,0.915211
1790,1008957;1282,535662,0.999718;941,51652,0.915775;1036,76420,0.979014;1383,58081,0.872042;1381,89121,0.913732
1754,1008914;1933,541641,0.999366;1091,52517,0.911408;1000,76425,0.980775;1408,58200,0.86507;1383,90683,0.914789
1815,1009097;1420,538068,0.999648;997,52321,0.920986;976,75830,0.979718;1408,58054,0.864225;1362,90301,0.914014
1985,1008983;1282,540278,0.999155;1077,52260,0.923451;1087,76095,0.980704;1479,58234,0.869296;1431,90061,0.913662
1928,1009045;1896,537051,0.999648;1162,53390,0.923662;1052,76591,0.978592;1423,58746,0.87162;1405,90295,0.911972
2237,1008869;2043,538833,0.999366;1027,52122,0.921338;1070,74924,0.977183;1363,58121,0.869648;1399,90014,0.912606
1834,1008983;2017,538378,0.999577;1062,52027,0.918451;1020,75485,0.976549;1380,58760,0.867606;1365,91196,0.91338
1852,1008969;2067,538656,0.999225;1134,51625,0.910282;991,75719,0.977183;1345,58500,0.862887;1339,90290,0.913944
2069,1008871;2031,537394,0.999085;965,51194,0.912465;942,75169,0.979648;1284,57243,0.858592;1318,89247,0.91007
2055,1008890;2123,539279,0.999437;937,51446,0.922042;980,75836,0.981831;1319,57904,0.85331;1318,90389,0.911831
1976,1008924;2123,537986,0.999577;920,51864,0.919789;949,75457,0.978451;1359,58882,0.854014;1306,90578,0.909648
1998,1008986;2066,536531,0.999507;1011,51209,0.919577;979,74494,0.978944;1344,58279,0.857535;1372,90026,0.903662
1938,1008900;2060,535294,0.999437;904,50916,0.91162;853,74780,0.978521;1377,59200,0.858732;1328,90692,0.906056
2145,1008909;1875,536759,0.999577;1019,51699,0.923028;954,75180,0.976549;1378,58890,0.86493;1273,91043,0.905
1894,1008918;1268,536004,0.999155;939,50169,0.910775;882,73805,0.979507;1224,57898,0.861197;1185,88971,0.904437
1894,1008831;1289,537793,0.999718;838,49982,0.910282;806,72641,0.974437;1215,57531,0.858662;1243,89081,0.90169
1843,1008871;2032,537243,0.999507;919,50637,0.912254;1006,74140,0.978169;1410,58645,0.851972;1360,89852,0.899648
1867,1008693;1999,534529,0.999366;962,49793,0.90838;968,73574,0.974437;1381,58383,0.843732;1381,90023,0.901197
1873,1008863;2023,535160,0.999507;1039,49963,0.91331;930,73871,0.975282;1374,58376,0.856901;1389,90116,0.904155
2068,1008711;1619,536609,0.999366;1220,50338,0.917042;1007,73592,0.976901;1399,58316,0.856197;1342,89920,0.903873
1812,1008837;1258,532546,0.999437;957,51369,0.912817;963,74718,0.976338;1399,57814,0.844859;1428,91582,0.902394
1727,1008742;1268,533272,0.997676;999,50014,0.90993;944,73694,0.976268;1353,58011,0.848028;1371,90242,0.900211
1651,1008900;1913,535607,0.999507;930,50501,0.914014;988,73623,0.978803;1412,57481,0.846268;1467,90382,0.898028
1618,1008793;2079,537612,0.997887;997,49773,0.917676;997,74145,0.978944;1380,57487,0.845211;1448,90811,0.898803
1729,1008745;2023,537895,0.997887;940,50709,0.912676;975,73865,0.976972;1365,57762,0.843803;1437,90945,0.899577
1759,1008790;2009,533076,0.999507;1088,50463,0.91838;977,73595,0.977535;1440,58463,0.832676;1404,90207,0.89007
1796,1008786;1268,534104,0.999296;1037,49460,0.913521;981,71997,0.976197;1343,57513,0.841549;1433,89828,0.897887
1702,1008849;1294,533181,0.999507;982,49984,0.910845;1052,73644,0.976197;1350,57335,0.849718;1394,88927,0.899014
1684,1008684;1275,539233,0.999155;1010,49847,0.914577;1024,73535,0.976268;1362,57533,0.848239;1363,89650,0.89493
1839,1008704;1266,536484,0.999085;928,48256,0.910141;965,71453,0.980211;1339,57002,0.85338;1356,89338,0.902958
1911,1008746;1263,533825,0.999507;1018,50698,0.919577;952,72905,0.978099;1366,57165,0.843239;1381,90206,0.898944
1841,1008742;1300,537078,0.999859;1213,50415,0.914507;999,73733,0.978028;1381,58228,0.846197;1422,90706,0.902113
1670,1008625;1322,536757,0.997606;1029,49898,0.914507;1032,72872,0.979507;1361,57443,0.842958;1421,90395,0.895563
1693,1008756;1266,539933,0.999577;969,49374,0.91331;1019,73028,0.976831;1411,57563,0.844155;1446,89128,0.894155
1718,1008713;1750,535988,0.999507;1045,49688,0.914155;1052,73350,0.981831;1400,57922,0.837958;1406,89703,0.898662
1666,1008641;1890,538498,0.999648;967,49013,0.919507;948,71686,0.97993;1438,58531,0.849648;1444,89984,0.902817
1614,1008660;1850,535164,0.999225;1044,49079,0.91838;1022,71371,0.976549;1392,57587,0.854507;1405,89555,0.901972
1857,1008648;1905,533863,0.999366;1067,48871,0.913451;1009,72437,0.979648;1439,57481,0.844014;1491,89347,0.898239
1744,1008863;1942,533890,0.997887;1109,48571,0.911901;1001,72966,0.97831;1437,57584,0.850563;1440,89590,0.898521
1745,1008697;1917,534720,0.999577;1021,49370,0.914507;1027,71989,0.982254;1426,57639,0.859225;1428,87437,0.897042
1767,1008652;1872,534808,0.999366;1185,48977,0.917394;1057,70786,0.981549;1424,56931,0.854577;1433,87580,0.899085
1952,1008642;1870,536029,0.999437;1096,48588,0.909577;967,72037,0.978944;1340,57698,0.847042;1401,88860,0.895352
1737,1008677;1995,534426,0.999155;1003,48241,0.909718;1004,71990,0.976761;1397,56620,0.84662;1393,87795,0.893944
1768,1008719;2063,532996,0.999155;944,49364,0.918239;998,72188,0.979648;1385,57207,0.854718;1365,88553,0.900211
1746,1008636;1282,537250,0.999577;936,48653,0.908451;946,71557,0.974507;1336,56529,0.851479;1340,89095,0.90007
1908,1008598;1280,538256,0.999437;925,48820,0.919366;959,71642,0.976127;1372,56890,0.854014;1390,88643,0.90169
1811,1008689;1265,535873,0.999366;1042,48923,0.91669;983,70732,0.976831;1364,56782,0.850986;1348,87333,0.897958
1810,1008738;1278,536073,0.999155;1088,49939,0.917042;987,72251,0.977817;1391,57304,0.848592;1385,89941,0.903451
1698,1008633;1267,537847,0.999507;992,48707,0.921761;1051,72237,0.979648;1385,57059,0.853944;1355,88352,0.902958
1695,1008764;1275,534121,0.999577;985,49513,0.918944;1014,71801,0.979437;1381,57656,0.85493;1364,89065,0.901761
1704,1008785;1310,537471,0.999437;1040,49176,0.921127;1022,72076,0.979789;1402,58102,0.858028;1349,88190,0.904155
1711,1008732;1327,534675,0.999507;991,49117,0.923521;1050,71994,0.980141;1383,56547,0.85493;1356,87325,0.898803
1971,1008796;1305,534974,0.999296;985,49279,0.916197;1102,72800,0.98169;1374,56304,0.851197;1383,88851,0.903451
2061,1008691;1319,534219,0.999296;1061,49335,0.918873;990,73101,0.981127;1387,58071,0.855563;1370,88302,0.9
1921,1008688;1256,535043,0.999296;1041,49375,0.922817;965,71861,0.977887;1460,57448,0.854577;1455,86958,0.895
1802,1008731;1265,540177,0.999507;958,49673,0.905493;1052,72782,0.974859;1443,57334,0.857887;1450,88455,0.903662
1757,1008797;1263,540682,0.999718;1065,50369,0.911408;1062,73789,0.975563;1467,57501,0.84669;1337,90243,0.897887
1779,1008735;1295,536953,0.999366;885,49412,0.912676;967,73130,0.979225;1398,58666,0.850141;1390,90996,0.902606
1814,1008675;1526,535682,0.999225;976,50098,0.909437;1013,73505,0.978592;1359,57780,0.850775;1391,90389,0.900282
2007,1008803;2056,536263,0.999437;1003,49906,0.91;1000,73421,0.977606;1395,58447,0.849718;1443,90903,0.899718
1865,1008788;2041,534692,0.999366;987,50306,0.909366;1014,74163,0.976901;1390,57779,0.848732;1442,90176,0.900704
1946,1008869;2023,533369,0.999648;1078,51089,0.916831;1065,74006,0.979437;1447,59289,0.84993;1402,90288,0.899085
1986,1008790;2037,536786,0.999437;964,50577,0.909296;1012,74119,0.974366;1413,58920,0.84493;1421,91478,0.893873
2072,1008909;2022,541916,0.999718;1020,51067,0.918099;1036,74112,0.977394;1411,59334,0.849648;1413,90739,0.895423
1845,1008788;2030,538147,0.999437;1105,50995,0.922183;1047,74655,0.975986;1439,58458,0.846761;1469,91314,0.897746
1880,1008733;2093,537401,0.999648;990,50304,0.917746;1023,73901,0.976479;1451,59340,0.842746;1426,91692,0.898521
1931,1008783;2038,539403,0.999155;1080,49989,0.909507;1005,73932,0.976268;1371,58303,0.833732;1401,90562,0.892676
1933,1008973;2015,536523,0.999366;1098,51541,0.913239;1096,75631,0.978099;1478,58863,0.836761;1462,91674,0.894859
1810,1008923;2069,541294,0.999507;1108,51152,0.906127;1047,75063,0.976901;1483,59569,0.840986;1394,90176,0.895141
1958,1008919;2016,539057,0.999859;982,51514,0.914296;971,75160,0.974296;1387,58651,0.839577;1412,91761,0.894789
1972,1008806;2014,539406,0.999155;1005,51451,0.910634;1017,75746,0.975282;1207,59037,0.846338;1377,90078,0.891972
1839,1008888;2023,537755,0.999225;903,51300,0.907183;1047,75166,0.97669;1433,59204,0.846761;1561,90767,0.889648
1796,1008960;2027,535618,0.998944;1057,52072,0.918028;925,75250,0.975141;1290,58634,0.837394;1375,91374,0.891197
1857,1008875;1569,540796,0.999366;940,50946,0.90662;997,75711,0.975704;1388,58288,0.83993;1424,91437,0.894225
2076,1008866;2066,541963,0.999437;1226,51823,0.915634;1206,76152,0.975986;1391,58607,0.840915;1475,91682,0.896268
1923,1008949;2042,539636,0.998873;1091,51971,0.912606;1113,77035,0.977324;1424,59913,0.848732;1392,92241,0.900423
1760,1008967;2109,538376,0.999507;1111,51591,0.907324;983,75810,0.976761;1476,59578,0.846901;1494,92798,0.90338
1899,1008973;1979,539124,0.999577;1036,53019,0.908521;1125,77958,0.977394;1479,60690,0.847254;1438,93497,0.89831
1854,1008970;1286,541611,0.999225;1029,53772,0.921268;1032,77737,0.972113;1466,59907,0.844859;1450,93844,0.901056
1679,1009121;1280,540021,0.999648;983,53050,0.90662;1131,77855,0.978028;1452,59831,0.846268;1468,93321,0.900634
1652,1009018;1269,539344,0.999225;982,52436,0.908028;1026,77758,0.976972;1451,60131,0.842465;1483,94237,0.900704
1730,1009014;1266,539225,0.999014;1027,52742,0.913732;1019,78164,0.976268;1435,60209,0.847676;1465,93697,0.904155
1712,1009035;1295,540919,0.999437;1081,52972,0.911127;1028,78000,0.976056;1449,60092,0.841127;1449,92971,0.897887
1931,1008914;2042,540568,0.999507;1027,53153,0.910915;1079,78552,0.976761;1442,59891,0.837958;1452,93393,0.900423
1852,1008982;2006,541137,0.998944;1034,52891,0.896972;1039,77773,0.972746;1440,59416,0.838732;1448,93678,0.90169
2100,1009080;1876,537090,0.999155;988,52787,0.894014;1129,78220,0.973873;1504,60565,0.841197;1522,94848,0.900986
1809,1009087;1887,538498,0.999437;1054,53344,0.903944;1086,77953,0.973592;1474,60161,0.837324;1500,95874,0.897817
1895,1009026;1908,541090,0.999225;1017,52723,0.898944;1053,78094,0.972183;1611,60235,0.833662;1558,93483,0.891972
1805,1008999;1888,543234,0.999296;1103,53921,0.905915;1044,79044,0.975845;1535,60762,0.835141;1524,95586,0.899014
1827,1009058;1338,540781,0.999085;1027,54013,0.903028;1026,78511,0.975352;1513,61471,0.823662;1524,96771,0.896127
1787,1009063;1321,539929,0.999014;981,53315,0.898028;1014,79097,0.973028;1514,61176,0.820775;1474,95962,0.891338
1769,1009084;1680,541242,0.998592;1000,53638,0.903944;1039,78859,0.974366;1483,60444,0.822465;1566,96125,0.898169
1723,1009042;2102,539788,0.999085;1052,53722,0.90338;1007,80196,0.97493;1517,61798,0.839014;1511,95456,0.898451
1734,1009113;2022,538405,0.998662;906,53760,0.899155;1010,79323,0.975211;1451,60582,0.835141;1475,94788,0.892958
1983,1009122;1284,540491,0.998662;1098,54817,0.906549;1219,79908,0.972183;1451,61023,0.83831;1444,95905,0.899577
1783,1009123;1391,543489,0.999507;974,55068,0.911268;1057,80671,0.973873;1501,61444,0.830352;1486,97816,0.901972
1963,1009101;2043,544043,0.999648;991,54105,0.901901;969,79380,0.974718;1490,60455,0.820634;1511,96061,0.904859
1672,1009098;2064,540932,0.999085;1003,54423,0.90169;1117,79685,0.973099;1487,61925,0.832535;1488,95179,0.899014
1676,1009081;2052,543824,0.999155;1010,54440,0.905634;973,79271,0.972465;1507,62319,0.844789;1526,95636,0.904155
1703,1009057;2069,541318,0.999296;1029,55017,0.90507;1003,80063,0.977958;1581,61094,0.84;1553,96305,0.899366
1606,1009081;2072,544006,0.999225;1130,53495,0.892887;1103,80012,0.973944;1548,62222,0.830704;1600,99180,0.896831
1701,1009074;2060,541253,0.999225;1036,54889,0.906197;1018,79874,0.970986;1610,62454,0.827183;1561,97997,0.896761
1797,1009107;2047,538991,0.999085;1058,55176,0.903099;1110,81023,0.97493;1561,62262,0.826268;1569,98741,0.899507
1668,1009124;2111,541361,0.998521;1149,54904,0.901972;1050,80454,0.971901;1710,62335,0.829648;1624,98350,0.902535
1750,1009095;2146,541142,0.999014;1029,54363,0.89507;1071,80954,0.969648;1592,61536,0.82331;1588,97622,0.896268
1784,1009086;2068,544775,0.999014;1000,55542,0.897535;1092,81652,0.972746;1565,62020,0.826268;1544,96752,0.892958
1782,1009110;2062,544824,0.998944;983,55997,0.900845;942,82321,0.971831;1303,62019,0.82007;1347,98159,0.89662
1971,1009179;2076,540077,0.999296;893,55658,0.905845;976,81486,0.971338;1425,61554,0.818451;1524,97144,0.893944
1613,1009161;2066,540798,0.999085;1107,55232,0.905915;1036,80300,0.975493;1537,62237,0.823239;1539,98541,0.897746
1721,1009199;2030,539553,0.998803;1220,55237,0.894155;1009,82327,0.970634;1569,62724,0.827958;1552,98617,0.899507
1707,1009112;1280,539970,0.998873;1179,55860,0.903521;1090,81111,0.970775;1509,61781,0.817958;1549,98696,0.898239
1609,1009147;1285,543330,0.998944;1050,55386,0.899225;1033,81611,0.97493;1522,61746,0.816056;1572,98389,0.894789
1592,1009068;1288,543409,0.999014;1016,54731,0.898028;1054,81907,0.97662;1575,62027,0.815634;1563,97200,0.892535
1602,1009158;1274,543929,0.998944;1016,55510,0.902183;1121,82200,0.96993;1582,62169,0.810282;1578,98902,0.894225
1623,1009232;1581,543453,0.999225;1099,55218,0.895563;1086,81980,0.971479;1609,63368,0.82493;1600,98288,0.896479
1645,1009179;2050,542439,0.999225;1056,55981,0.893873;1072,82208,0.971408;1591,62683,0.814859;1620,100058,0.894225
1693,1009220;2226,542104,0.998873;998,55710,0.901831;1095,81589,0.973592;1571,62668,0.819366;1567,98113,0.892394
1752,1009319;2308,539088,0.998944;1044,56239,0.901479;1053,81362,0.968732;1602,63467,0.816197;1563,99933,0.888239
1990,1009158;2076,541955,0.999296;1027,55785,0.902606;1104,82218,0.972535;1625,61964,0.81669;1647,98526,0.898803
1693,1009193;2062,546024,0.998873;981,54918,0.898873;1085,80747,0.970282;1544,61735,0.817958;1554,97628,0.894366
1709,1009220;2050,546455,0.999366;1137,55365,0.897113;1054,80587,0.972606;1585,62583,0.821549;1575,98673,0.894507
1705,1009041;1592,542239,0.999155;1146,55782,0.898662;1052,82443,0.970915;1558,62766,0.810775;1553,99291,0.891831
1715,1009319;2013,541027,0.998803;971,54793,0.900141;1021,81424,0.971831;1545,62988,0.815634;1611,99624,0.892254
1704,1009022;2022,542063,0.999155;1112,55103,0.905845;1032,80784,0.971338;1558,62568,0.825141;1531,97469,0.895282
1656,1009176;2010,540960,0.998732;1144,55532,0.894577;1069,81659,0.968028;1576,62603,0.825915;1547,98119,0.890563
1748,1009097;2006,537840,0.999225;1109,54475,0.905141;1038,81134,0.973028;1559,62607,0.823028;1515,97114,0.892183
1736,1009005;2032,539350,0.999366;1036,54368,0.900845;1051,79980,0.973662;1519,61635,0.811338;1550,98670,0.894085
1878,1009165;1969,538822,0.999225;1022,55027,0.892746;1009,81883,0.971901;1513,61335,0.807676;1574,98194,0.889789
1765,1009161;2536,538828,0.999296;1087,56010,0.906479;1006,81006,0.971549;1543,62280,0.80662;1570,98650,0.891338
1853,1009142;2388,543507,0.999296;1189,54780,0.893451;1039,81857,0.972394;1534,61386,0.808521;1559,98412,0.890211
1655,1008958;2063,545221,0.999648;1148,54919,0.898592;1183,81464,0.976479;1568,62273,0.814085;1526,98254,0.891338
1500,1009226;2044,546103,0.999437;1031,55977,0.902746;1066,82166,0.969859;1546,61645,0.81493;1589,99138,0.888521
1632,1009061;2004,541033,0.999225;1087,55849,0.903451;1013,80893,0.97007;1599,62678,0.813451;1593,99874,0.893732
1648,1009083;2065,548845,0.998944;1176,54924,0.890423;1016,81586,0.972535;1568,61991,0.811972;1592,98275,0.888239
1653,1009115;2029,544123,0.999155;1176,55193,0.894296;1094,81514,0.972535;1601,62314,0.823803;1573,97072,0.892676
1613,1009137;2025,540103,0.998592;1040,55483,0.895493;1076,81929,0.974014;1573,62496,0.828028;1577,98534,0.893239
1624,1009057;2035,544066,0.999296;1124,54687,0.90007;1106,80326,0.973662;1549,62052,0.827324;1536,98670,0.899296
1702,1009114;2016,542933,0.999085;1073,55324,0.90507;1127,80838,0.974014;1532,62394,0.837465;1528,96980,0.894155
1843,1009111;2015,543830,0.999155;1032,55034,0.899225;1056,80604,0.974648;1558,61997,0.826479;1525,97902,0.890634
1790,1009185;2011,541803,0.999507;995,54556,0.90162;1190,82257,0.975634;1560,62404,0.814437;1545,98426,0.891197
2016,1009070;2426,544741,0.998873;1131,55305,0.897183;1228,80680,0.970563;1535,61868,0.81338;1538,98113,0.896268
1683,1009061;1473,543880,0.999718;1016,55940,0.903944;1105,80881,0.972183;1537,62318,0.813521;1572,98743,0.893803
1691,1009011;1311,545054,0.999225;1050,54700,0.901056;1208,80879,0.975493;1637,62482,0.810211;1556,98187,0.889366
1615,1009111;1245,540086,0.997254;1052,55301,0.898873;1048,80276,0.97493;1554,62438,0.806901;1561,99927,0.891831
1654,1008982;1246,542743,0.998662;1001,54563,0.904155;1007,80403,0.973732;1539,62431,0.820141;1510,96788,0.885352
1651,1009085;1252,542459,0.999577;972,54705,0.902676;1049,81609,0.974014;1568,62139,0.819366;1582,99730,0.895141
1866,1008986;1258,541719,0.999648;1006,53806,0.900775;1028,79650,0.973873;1537,62015,0.814085;1541,97963,0.89
1782,1009029;1259,541405,0.998803;1000,53946,0.906549;1105,80433,0.973803;1572,62331,0.815775;1546,99560,0.895352
1865,1008956;2012,540665,0.999437;983,53192,0.899296;1122,78976,0.97507;1526,61427,0.806901;1537,98663,0.890986
1949,1008981;2015,542755,0.999437;1048,53348,0.89338;1116,78460,0.971901;1574,61708,0.819577;1613,98259,0.891549
1943,1008938;2049,542705,0.998662;989,53792,0.893803;993,78904,0.971761;1556,62372,0.813873;1600,98544,0.891479
2049,1008924;2029,545484,0.998944;1132,53071,0.90162;1041,78749,0.970915;1574,61987,0.808944;1548,98636,0.897535
1915,1008972;2014,541486,0.999507;1044,52817,0.905493;1040,78316,0.973944;1563,63125,0.814225;1516,96461,0.889789
1897,1009054;2043,543667,0.99669;964,53185,0.903028;1014,78841,0.972535;1527,62105,0.820775;1561,97821,0.888521
1925,1009042;2088,544229,0.999225;1108,54806,0.904577;1126,79579,0.977958;1522,61467,0.822676;1513,96035,0.888451
1959,1009043;2086,542024,0.999155;1097,54338,0.902324;1002,78671,0.971408;1545,61573,0.814155;1532,97415,0.89507
1889,1009016;2000,537932,0.999296;994,54145,0.904718;1053,79287,0.969789;1499,61788,0.812746;1499,96836,0.89338
1779,1009015;2034,543024,0.998873;1029,53054,0.900493;1126,79260,0.973592;1517,61716,0.824225;1512,96771,0.893944
1832,1008961;2030,539456,0.999155;1077,54825,0.905563;1061,78586,0.972746;1469,60740,0.829014;1484,95501,0.893732
1837,1009007;2009,539504,0.999437;1066,53581,0.908662;1150,78794,0.973239;1492,61015,0.825704;1489,96924,0.894155
1767,1008959;2046,541601,0.998592;970,53487,0.907465;1018,78983,0.972606;1536,61371,0.818873;1546,98286,0.892535
1838,1008981;2040,545256,0.998592;1120,54280,0.907113;1046,79333,0.972887;1542,62323,0.820493;1541,98032,0.893944
1840,1008907;2000,536742,0.999014;1024,52412,0.898028;1057,78278,0.975423;1487,60965,0.818451;1550,96966,0.896056
1667,1008858;1264,540924,0.999507;1014,52691,0.895352;1013,77910,0.974296;1514,61304,0.806549;1578,98230,0.891549
1796,1009052;1254,542326,0.999366;1021,53440,0.89831;1056,79324,0.974225;1569,61153,0.814718;1588,96431,0.889577
1796,1009062;1250,543417,0.999366;1044,53265,0.894859;1019,79686,0.973451;1569,62556,0.821338;1535,96348,0.88838
1763,1008962;1429,539979,0.999366;1057,52846,0.899225;996,78108,0.972887;1530,61495,0.820563;1527,96554,0.892535
1812,1008847;2059,540596,0.998732;1062,53096,0.890563;1008,79028,0.973803;1527,61268,0.814296;1512,97274,0.891338
1797,1009038;2085,542291,0.999225;953,54146,0.906056;1020,78948,0.974577;1527,61555,0.814366;1521,98799,0.893239
1760,1008937;2015,541047,0.999155;1013,52052,0.898239;1041,77091,0.974507;1486,60966,0.815704;1511,96304,0.891901
1889,1009036;1964,539096,0.999366;1019,54042,0.907042;1038,78945,0.973099;1538,62262,0.815423;1508,96119,0.889014
1791,1009094;2046,541167,0.999577;1012,54137,0.91007;1096,79110,0.973521;1515,62141,0.820493;1483,97389,0.887887
1945,1008997;2000,542181,0.998873;983,53414,0.896056;1013,78937,0.972676;1516,61592,0.811479;1550,97541,0.891549
1979,1008971;1810,540252,0.999437;1018,53335,0.897465;1021,79450,0.974296;1539,61859,0.811408;1539,97791,0.891197
1841,1009021;1642,539929,0.999014;1219,53359,0.900141;1034,79017,0.974507;1555,62157,0.808451;1543,98958,0.889085
1830,1008939;1941,540949,0.999648;971,53636,0.905282;1013,77744,0.972887;1462,60621,0.805211;1512,97555,0.887958
1770,1008797;1800,539570,0.998732;1023,52975,0.901338;1019,77991,0.974507;1526,61408,0.809014;1557,97458,0.890634
1950,1008885;1357,542494,0.999014;1018,52938,0.898099;1021,78395,0.971268;1535,61678,0.794718;1606,99643,0.886761
1820,1008865;1893,540429,0.999155;1007,52786,0.903662;989,77657,0.975423;1548,62110,0.804155;1548,97097,0.888592
1659,1008990;1905,538180,0.999437;1131,53292,0.90662;1007,78129,0.974437;1510,61692,0.79831;1608,97373,0.889577
1730,1008880;1890,540205,0.999296;1111,52957,0.901479;1053,77859,0.975352;1580,62959,0.810423;1542,97011,0.890563
1718,1008924;1843,542686,0.999296;1022,53514,0.89669;1150,79023,0.972746;1572,61783,0.81169;1562,98212,0.889648
1907,1009086;1839,538387,0.999577;992,53049,0.905;1123,77414,0.974437;1518,61341,0.808944;1510,96864,0.893451
2085,1008940;1845,539989,0.999085;1022,52600,0.899577;984,77365,0.973169;1486,61474,0.805282;1542,97626,0.882817
2111,1008869;1835,539031,0.999225;1036,52466,0.900282;1005,77697,0.972254;1551,61521,0.801338;1538,97006,0.883592
1970,1008922;1853,541112,0.999789;1067,53352,0.904366;1029,78265,0.974366;1560,62355,0.806197;1549,98933,0.896056
2086,1008874;1840,541329,0.999577;1075,53741,0.897606;1025,78021,0.973592;1529,61720,0.809155;1497,96729,0.890423
2001,1008872;1900,544114,0.999296;1158,53090,0.904225;1023,77375,0.975563;1551,61537,0.810845;1476,95752,0.889718
2065,1008898;2026,538012,0.999085;1113,53328,0.916338;1103,78401,0.973451;1512,60763,0.809225;1494,95685,0.888099
2165,1008743;2021,538673,0.998803;1134,51661,0.907465;1059,76534,0.971268;1509,61167,0.814648;1445,96109,0.886268
2102,1008718;2076,538749,0.999155;933,51440,0.900493;988,76393,0.972746;1461,60973,0.816127;1493,96692,0.886338
1957,1008779;1953,542085,0.999155;1042,52421,0.905775;1001,76986,0.972535;1520,59843,0.802676;1518,96953,0.885
2011,1008751;1550,543988,0.999437;1024,52129,0.902113;1055,76995,0.971901;1517,60185,0.806549;1480,95404,0.884789
1987,1008752;1312,538130,0.999366;965,52504,0.916056;1031,77673,0.97662;1489,60029,0.806901;1546,97039,0.887324
2133,1008300;1293,540970,0.999507;983,50766,0.910141;1031,76059,0.976268;1423,58535,0.806197;1474,93849,0.887535
2104,1007951;2042,544590,0.999225;1114,50789,0.910845;1089,76043,0.977676;1556,58755,0.815634;1501,93708,0.886831
2033,1007526;2017,543841,0.999789;965,48283,0.910282;1019,72912,0.975704;1435,56653,0.816197;1442,91341,0.886127
1941,1006884;1707,540373,0.999507;982,45072,0.908803;1004,70353,0.975704;1367,54755,0.814859;1406,89490,0.883662
1914,1005949;1288,540059,0.999366;858,43848,0.905423;881,67724,0.974648;1310,52411,0.808662;1368,86367,0.87993
1931,1005578;1970,541851,0.999155;930,42007,0.903239;881,65569,0.972606;1282,51119,0.810493;1365,85807,0.879859
1894,1004854;1963,538455,0.999437;931,40882,0.913169;901,64210,0.976056;1199,48801,0.814789;1298,83151,0.878169
1781,1003429;1907,541406,0.998803;898,37954,0.922183;861,60362,0.972535;1254,46453,0.813099;1276,79475,0.875845
1819,1002345;1303,540229,0.999366;858,36047,0.918239;828,58391,0.974366;1143,44992,0.811338;1229,77612,0.876127
1817,998429;1404,539055,0.999296;969,33570,0.916972;817,54120,0.975352;1037,41841,0.819789;1111,71631,0.875563
1874,991977;1347,540870,0.999155;695,30436,0.919296;721,49134,0.972042;967,38355,0.817887;1067,67385,0.875141
1855,989087;1604,541792,0.999366;667,28590,0.915423;769,48414,0.974577;931,36565,0.820845;1024,63425,0.875141
1698,983688;1760,543428,0.99831;745,27819,0.925845;742,44559,0.973592;898,35543,0.814225;980,61257,0.870775
1636,972458;1281,540343,0.999014;664,26273,0.926972;721,44345,0.976408;794,32051,0.812042;894,57600,0.867887
1510,963711;1547,543685,0.999366;844,24573,0.932606;698,41295,0.976831;782,30723,0.817394;824,53056,0.872394
1381,920522;1613,541851,0.999225;616,21016,0.933944;640,35505,0.97662;677,26712,0.811761;758,47845,0.864789
1350,905985;1348,541157,0.999366;688,19327,0.934859;626,33819,0.975211;570,23019,0.816338;655,41321,0.867958
1197,873710;2037,542021,0.999507;680,17901,0.942606;580,30201,0.980282;523,21353,0.815775;614,38955,0.867958
1042,804688;2020,538624,0.999437;526,14822,0.943451;502,26001,0.977887;463,18214,0.814577;519,32934,0.864507
1026,736252;1987,538414,0.999155;474,12363,0.952113;507,21805,0.978803;357,14441,0.813803;425,27020,0.868239
930,655319;1891,538066,0.999225;483,10490,0.946972;492,17278,0.97993;289,11669,0.815915;348,22746,0.870211
888,598245;1424,540726,0.999437;439,8611,0.948169;409,14909,0.980493;252,10433,0.811972;298,19591,0.865282
840,516904;2087,539994,0.998803;438,7064,0.953169;420,13189,0.98162;150,7630,0.812535;231,13911,0.869718
935,516726;2051,539353,0.999437;376,6823,0.951901;351,12464,0.979648;190,7831,0.813662;235,15187,0.869225
784,444562;2056,542934,0.999225;381,5773,0.949437;323,11172,0.980986;160,6835,0.814437;182,12262,0.868944
730,426479;2022,539924,0.999155;309,4743,0.956549;344,8657,0.980352;123,5607,0.816549;158,10748,0.869507
564,320392;2055,541615,0.998803;462,3908,0.955845;292,6520,0.980634;106,4425,0.815563;120,8041,0.871901
661,344614;1826,540652,0.998873;308,3979,0.957817;288,7240,0.982183;110,4599,0.817394;131,8606,0.86993
408,242737;1854,539902,0.999225;390,2815,0.957958;416,5300,0.980282;83,3461,0.817042;102,6630,0.868873
341,169912;2037,543790,0.999155;339,2244,0.957958;270,3306,0.980775;56,2360,0.816549;63,4270,0.869577
222,106996;1989,542092,0.999507;264,1102,0.958239;210,2040,0.981761;22,1087,0.817042;31,2281,0.870423
243,130800;1825,537779,0.999225;220,1481,0.956901;250,2784,0.981549;36,1692,0.817887;47,3458,0.870141
184,92334;1761,543117,0.999155;265,1201,0.957394;189,2040,0.981761;25,1174,0.817958;27,2003,0.870423
168,84171;2045,539013,0.998732;183,671,0.95831;165,1197,0.982958;16,789,0.818099;17,1275,0.870493
128,63836;2074,540280,0.999366;244,604,0.959085;155,1083,0.982887;12,642,0.818099;12,920,0.870704
141,71978;2053,541358,0.999085;211,666,0.957535;159,1082,0.980563;19,897,0.817535;21,1629,0.869789
140,74746;2016,540445,0.999155;337,668,0.95838;263,1158,0.981479;16,744,0.816761;18,1364,0.869577
123,58363;2012,537326,0.999296;154,523,0.959507;128,564,0.982535;11,546,0.817676;13,965,0.870211
54,23837;1942,540133,0.998944;49,127,0.959296;49,252,0.982394;3,129,0.817817;3,211,0.870282
45,19641;1430,539558,0.998873;19,113,0.959085;20,122,0.982254;2,115,0.817606;3,205,0.870211
53,25231;1745,541070,0.998732;59,138,0.959648;74,162,0.982535;3,149,0.817746;4,279,0.870282
50,23834;1980,543811,0.998521;49,133,0.959718;21,158,0.982606;3,195,0.818028;4,273,0.870423
49,23834;1442,540304,0.999155;22,129,0.959718;47,180,0.982606;3,173,0.818028;3,258,0.870423
55,23838;1760,538266,0.999085;60,142,0.959366;62,222,0.982394;4,216,0.818099;4,342,0.870282
52,23836;1879,543358,0.999014;68,137,0.959437;72,191,0.982606;3,184,0.818169;4,282,0.870423
57,25231;1868,539665,0.999225;94,158,0.959366;57,182,0.982113;4,187,0.818099;5,332,0.870352
