1,1540;9,3300,1;5,1379,0.975;7,2208,1;8,1683,0.989286;7,1682,1
1,1581;8,2874,1;4,1013,0.942857;6,1576,1;5,1223,0.892857;5,1332,0.9
1,1583;8,3128,1;3,1264,0.957143;3,1716,1;4,1330,0.910714;3,1495,0.921429
1,1589;8,3132,1;4,1080,0.975;6,1855,0.996429;5,1280,0.964286;5,1431,0.967857
1,1594;8,3143,1;4,1164,0.964286;7,1878,1;6,1299,0.982143;6,1546,0.985714
1,1588;9,3250,1;4,1208,0.989286;6,1807,1;6,1303,0.95;6,1500,0.946429
1,1577;8,2944,1;4,1100,0.978571;5,1553,0.992857;5,1184,0.957143;5,1282,0.903571
1,1572;8,3062,1;4,995,0.978571;5,1440,1;5,1123,0.853571;4,1112,0.867857
1,1581;9,2932,1;2,907,0.960714;4,1349,1;4,1000,0.85;4,1082,0.939286
1,1570;6,2892,1;4,975,0.992857;5,1376,1;4,1027,0.946429;4,1111,0.939286
1,1571;9,2958,1;3,894,0.982143;5,1496,1;5,1213,0.942857;4,1110,0.935714
1,1575;9,3038,1;4,920,0.960714;5,1346,0.928571;5,1007,0.807143;4,1024,0.864286
1,1564;9,2897,1;3,685,0.839286;5,1290,0.975;4,960,0.896429;3,990,0.785714
1,1570;9,3098,1;3,981,0.946429;5,1512,1;5,1162,0.925;5,1315,0.946429
1,1577;9,2965,1;4,1159,0.985714;6,1757,0.992857;7,1504,0.975;5,1472,0.967857
1,1575;8,3082,1;3,1003,0.967857;5,1481,0.992857;5,1156,0.939286;5,1262,0.921429
1,1574;8,2861,1;3,941,0.957143;5,1431,0.992857;5,1122,0.942857;4,1187,0.953571
1,1603;8,2949,1;4,1073,0.910714;6,1697,1;5,1148,0.953571;5,1292,0.95
1,1589;9,3212,1;4,1181,0.982143;6,1788,0.996429;22,1288,0.878571;5,1374,0.960714
1,1588;8,3133,1;5,1111,0.953571;7,1774,0.996429;6,1234,0.946429;6,1322,0.975
1,1589;6,2841,1;4,1030,0.975;6,1630,1;6,1141,0.853571;5,1114,0.95
1,1579;6,2809,1;4,1127,0.957143;6,1637,1;4,1101,0.971429;3,1163,0.939286
1,1596;5,3134,1;3,1144,0.964286;4,1708,0.996429;4,1248,0.960714;5,1309,0.957143
1,1575;9,3022,1;4,1114,0.960714;7,1915,1;6,1325,0.935714;5,1329,0.935714
1,1586;9,3045,1;4,1169,0.985714;6,1771,1;5,1162,0.917857;5,1231,0.910714
1,1584;10,3136,1;4,1042,0.985714;7,1634,1;3,1031,0.8;5,1196,0.907143
1,1576;9,2940,1;4,1084,0.989286;6,1810,0.992857;6,1283,0.964286;5,1393,0.964286
1,1582;10,3006,1;5,1073,0.996429;8,1585,1;4,1143,0.875;6,1172,0.889286
1,1579;10,3082,1;4,1044,0.985714;6,1515,1;6,1146,0.935714;5,1080,0.975
1,1598;9,2943,1;5,1195,0.982143;6,1880,1;6,1275,0.85;6,1302,0.975
1,1581;9,2969,1;4,1029,0.996429;6,1445,0.871429;6,1177,0.889286;5,1128,0.953571
1,1580;9,3040,1;5,971,0.95;5,1332,0.885714;5,1040,0.939286;4,1022,0.817857
1,1568;9,2870,1;4,998,0.989286;6,1517,1;5,1022,0.896429;3,983,0.925
1,1578;9,3028,1;3,1016,0.985714;5,1535,1;6,1006,0.882143;4,1096,0.967857
1,1576;9,3125,1;3,912,0.925;7,1327,0.932143;4,998,0.925;3,980,0.885714
1,1578;9,3007,1;2,919,0.871429;3,1450,0.982143;3,1153,0.910714;5,1300,0.928571
1,1559;9,2867,1;2,942,0.975;5,1446,0.978571;4,938,0.817857;4,1114,0.939286
1,1570;9,3103,1;4,1023,0.942857;6,1570,0.992857;6,1194,0.903571;6,1319,0.932143
1,1564;9,3034,1;8,903,0.910714;6,1414,1;5,1029,0.928571;5,1220,0.935714
1,1581;9,2919,0.978571;4,904,0.95;5,1291,0.996429;5,1047,0.867857;4,1035,0.932143
1,1565;16,2787,1;3,795,0.932143;4,1064,0.860714;4,871,0.946429;4,1000,0.946429
1,1555;8,2725,1;2,687,0.875;3,1212,0.914286;4,986,0.942857;17,1014,0.946429
1,1543;8,2870,1;3,740,0.971429;5,1189,0.910714;4,958,0.917857;4,1032,0.910714
1,1542;8,2931,1;2,562,0.917857;4,1008,0.985714;3,824,0.814286;5,1177,0.846429
1,1553;8,2961,1;3,692,0.882143;5,1175,0.867857;5,1049,0.871429;4,1052,0.871429
1,1557;8,2937,1;3,739,0.910714;5,1141,0.975;4,812,0.860714;4,936,0.914286
1,1559;7,2668,1;3,747,0.975;3,896,0.914286;3,761,0.792857;2,809,0.867857
1,1548;8,2773,1;3,697,0.882143;5,1189,1;4,1030,0.875;4,992,0.875
1,1533;8,2857,1;3,699,0.982143;4,948,0.967857;2,854,0.871429;2,870,0.867857
1,1535;8,3113,1;1,610,0.932143;3,864,0.975;3,763,0.885714;2,786,0.896429
1,1525;8,3054,1;3,754,0.939286;4,1035,0.946429;5,978,0.914286;4,1026,0.925
1,1525;8,2994,1;2,566,0.978571;3,917,0.989286;4,801,0.878571;3,834,0.896429
1,1514;8,3015,1;2,496,0.939286;3,755,0.960714;4,818,0.857143;3,919,0.860714
1,1488;8,2928,1;2,499,0.903571;4,877,0.982143;3,719,0.885714;3,909,0.892857
1,1420;8,2908,1;2,466,0.875;3,720,0.935714;4,776,0.907143;3,833,0.910714
1,1449;8,2929,1;2,476,0.925;2,674,0.932143;2,583,0.871429;2,631,0.860714
0,1183;8,2905,1;1,329,0.914286;2,476,0.989286;2,435,0.85;2,493,0.846429
0,988;8,2966,1;1,197,0.9;1,316,0.989286;1,340,0.846429;1,343,0.85
0,579;8,2827,1;0,96,0.892857;0,121,0.989286;0,151,0.828571;0,166,0.832143
0,457;8,2770,1;0,54,0.871429;0,137,0.985714;0,96,0.832143;0,97,0.835714
0,584;9,3053,1;1,219,0.882143;1,271,0.989286;0,183,0.842857;1,261,0.842857
0,174;8,2933,1;0,111,0.903571;0,143,0.982143;0,110,0.853571;0,134,0.85
