3,1540;44,8947,1;9,1692,0.9875;12,2357,0.994643;17,1954,0.996429;19,2817,1
3,1589;43,8634,1;8,1107,0.948214;11,1650,0.991071;17,1792,0.889286;17,2324,0.894643
3,1572;43,8667,1;8,1125,0.846429;12,1858,0.9875;18,1837,0.925;16,2401,0.923214
3,1545;43,8755,1;9,1338,0.953571;12,1908,0.996429;18,1809,0.921429;17,2549,0.923214
3,1550;25,8917,1;8,1201,0.982143;10,1634,0.989286;11,1651,0.846429;17,2401,0.855357
3,1550;25,9013,1;7,1168,0.958929;7,1723,0.9875;12,1696,0.860714;12,2438,0.8625
3,1536;40,9225,1;5,1090,0.9625;6,1664,0.991071;16,1735,0.869643;19,2540,0.880357
3,1540;38,8971,1;9,1227,0.958929;11,1687,0.992857;12,1706,0.844643;13,2596,0.8625
3,1546;43,9148,1;8,1226,0.969643;11,1757,0.991071;16,1654,0.808929;18,2434,0.841071
3,1534;43,8792,1;8,1096,0.957143;11,1669,0.994643;16,1655,0.832143;16,2283,0.869643
3,1545;41,8587,1;7,1005,0.983929;11,1495,1;16,1634,0.796429;18,2444,0.853571
3,1541;42,8139,1;7,1020,0.966071;10,1369,0.994643;11,1668,0.844643;10,2027,0.844643
3,1516;36,7806,1;4,826,0.942857;5,1130,0.896429;10,1511,0.839286;10,2022,0.841071
3,1517;36,7968,1;4,873,0.980357;5,1138,0.855357;11,1703,0.8375;9,1829,0.835714
3,1522;36,8040,1;4,763,0.905357;5,1047,0.801786;9,1475,0.835714;13,1761,0.833929
3,1523;35,7453,1;5,881,0.983929;5,931,0.782143;9,1505,0.826786;9,1778,0.825
3,1522;39,7338,1;5,695,0.976786;6,788,0.819643;13,1518,0.794643;9,1875,0.794643
3,1542;40,7751,1;4,782,0.957143;5,971,0.8;9,1527,0.801786;9,1877,0.801786
3,1524;41,7811,1;5,765,0.9625;5,907,0.771429;9,1515,0.808929;9,1936,0.810714
3,1527;42,8010,1;4,770,0.966071;5,796,0.764286;9,1510,0.825;13,1932,0.825
3,1523;41,7903,1;6,837,0.969643;8,922,0.798214;11,1489,0.823214;9,1853,0.823214
3,1522;41,7806,1;4,782,0.983929;7,861,0.778571;9,1503,0.810714;13,1791,0.810714
3,1527;43,8383,1;6,785,0.964286;5,931,0.771429;11,1510,0.8125;15,2127,0.8125
3,1508;42,8440,1;4,792,0.944643;7,939,0.7375;14,1502,0.816071;12,2221,0.816071
3,1525;42,8431,1;4,961,0.975;5,1032,0.753571;10,1597,0.848214;10,2252,0.848214
3,1519;42,8768,1;7,990,0.9625;6,1124,0.755357;12,1557,0.810714;17,2372,0.810714
3,1538;42,9041,1;6,950,0.966071;7,1055,0.696429;15,1608,0.823214;17,2345,0.826786
3,1521;25,8884,1;8,1027,0.955357;8,993,0.603571;17,1656,0.860714;18,2485,0.869643
3,1563;25,9243,1;8,1190,0.967857;9,1233,0.548214;18,1760,0.844643;19,2727,0.85
3,1544;42,9240,1;7,1086,0.901786;7,1228,0.521429;20,1868,0.880357;17,2796,0.882143
3,1546;43,8970,1;8,1277,0.960714;8,1179,0.510714;16,1720,0.871429;18,2738,0.875
3,1548;42,9315,1;7,1238,0.976786;7,1154,0.510714;13,1724,0.853571;15,2675,0.857143
3,1548;38,9034,1;7,1219,0.946429;7,1247,0.528571;19,1808,0.832143;20,2797,0.835714
3,1565;40,9182,1;7,1223,0.971429;6,1289,0.483929;18,1744,0.807143;21,2732,0.810714
3,1545;45,9226,1;8,1114,0.969643;9,1114,0.469643;16,1658,0.825;18,2481,0.828571
3,1530;41,9083,1;8,1153,0.944643;8,1193,0.514286;18,1743,0.855357;19,2553,0.882143
3,1542;41,8671,1;7,1002,0.955357;8,1009,0.507143;16,1627,0.8625;17,2322,0.864286
3,1535;43,9108,1;8,1010,0.991071;8,938,0.5125;15,1558,0.8375;16,2284,0.839286
3,1535;39,8625,1;6,851,0.928571;8,1001,0.4625;15,1539,0.771429;12,2275,0.796429
3,1529;41,9003,1;4,796,0.871429;5,1131,0.485714;9,1523,0.758929;11,2249,0.8375
3,1538;41,8458,1;4,787,0.858929;5,1100,0.498214;15,1518,0.755357;16,2367,0.864286
3,1539;44,9202,1;4,781,0.801786;8,1082,0.466071;13,1510,0.685714;16,2438,0.875
3,1548;44,9150,1;9,1000,0.842857;8,1103,0.489286;17,1842,0.8;17,2389,0.889286
3,1562;45,9229,1;8,1135,0.967857;9,1192,0.455357;16,1657,0.8875;16,2358,0.901786
3,1558;42,8586,1;5,988,0.983929;5,1091,0.483929;16,1573,0.885714;15,2245,0.8875
3,1550;44,8864,1;7,993,0.926786;6,898,0.498214;10,1579,0.903571;10,2206,0.901786
3,1543;42,8414,1;7,1027,0.942857;9,1269,0.494643;15,1663,0.905357;11,2304,0.907143
3,1543;44,8992,1;5,999,0.958929;5,1170,0.482143;10,1562,0.891071;9,2124,0.896429
3,1533;38,8762,1;4,963,0.953571;5,1070,0.466071;10,1582,0.892857;11,2429,0.892857
3,1538;24,8348,1;4,937,0.976786;5,1047,0.503571;13,1535,0.864286;16,2222,0.8625
3,1534;26,9193,1;8,1072,0.969643;8,1111,0.498214;14,1586,0.883929;15,2200,0.880357
3,1549;26,8981,1;8,1122,0.960714;9,1203,0.485714;14,1553,0.889286;14,2270,0.892857
3,1536;25,9127,1;5,1116,0.966071;6,1237,0.473214;11,1588,0.889286;11,2410,0.907143
3,1555;32,9335,1;5,1097,0.975;5,1203,0.485714;11,1716,0.885714;11,2489,0.894643
3,1545;43,8679,1;4,949,0.966071;5,1042,0.489286;10,1533,0.892857;12,2132,0.901786
3,1545;42,8525,1;5,1155,0.982143;5,964,0.489286;10,1580,0.873214;15,2079,0.875
3,1527;44,9033,1;6,934,0.941071;5,925,0.496429;9,1535,0.876786;10,2152,0.880357
3,1540;44,8403,1;4,845,0.960714;4,818,0.503571;9,1466,0.871429;9,1922,0.873214
3,1524;43,8682,1;4,842,0.966071;6,1132,0.5;9,1563,0.875;9,2073,0.873214
3,1553;41,8049,1;4,852,0.853571;5,1190,0.469643;9,1583,0.889286;9,2064,0.889286
3,1529;43,8770,1;4,810,0.873214;5,1142,0.492857;9,1475,0.869643;9,2000,0.869643
3,1533;44,8779,1;7,831,0.8375;7,1026,0.469643;11,1600,0.857143;10,2333,0.853571
3,1539;44,8903,1;5,913,0.875;4,876,0.475;9,1444,0.857143;10,2196,0.857143
3,1516;48,8194,1;7,863,0.976786;8,1036,0.483929;14,1491,0.858929;15,2237,0.858929
3,1532;43,8738,1;6,902,0.9625;5,1061,0.478571;9,1543,0.830357;10,2210,0.8375
3,1526;43,9036,1;4,993,0.946429;5,1037,0.467857;10,1588,0.851786;10,2187,0.85
3,1511;44,9010,1;4,884,0.941071;6,771,0.444643;11,1485,0.833929;10,2196,0.841071
3,1524;43,8901,1;4,959,0.980357;5,910,0.460714;9,1501,0.839286;10,2210,0.844643
3,1501;43,9143,1;6,888,0.969643;7,904,0.489286;14,1506,0.853571;16,2336,0.858929
3,1525;43,9102,1;7,944,0.9625;8,979,0.485714;14,1500,0.864286;14,2343,0.871429
3,1517;42,8973,1;4,843,0.982143;7,1041,0.485714;14,1512,0.833929;16,2385,0.8375
3,1532;43,8770,1;6,880,0.969643;7,974,0.489286;15,1554,0.832143;16,2293,0.835714
3,1505;43,8833,1;6,944,0.973214;7,981,0.482143;14,1523,0.830357;15,2322,0.830357
3,1500;43,8463,1;6,915,0.967857;7,965,0.485714;14,1560,0.832143;16,2299,0.839286
3,1508;37,8439,1;7,950,0.971429;6,817,0.494643;13,1485,0.85;15,2158,0.853571
3,1522;38,8560,1;6,882,0.967857;7,846,0.5;12,1465,0.819643;14,1990,0.825
3,1508;37,8244,1;6,856,0.957143;6,801,0.482143;13,1472,0.821429;14,1960,0.826786
3,1521;28,8369,1;7,912,0.944643;7,969,0.5;15,1630,0.810714;17,2209,0.814286
3,1547;25,8550,1;7,960,0.941071;8,937,0.492857;17,1641,0.816071;17,2358,0.821429
3,1523;25,8531,1;7,1006,0.953571;8,1073,0.492857;14,1564,0.830357;15,2148,0.833929
3,1516;26,8042,1;6,956,0.969643;8,1012,0.485714;15,1511,0.817857;10,2147,0.821429
3,1514;24,8130,1;6,882,0.9625;8,1025,0.507143;15,1521,0.832143;17,2317,0.830357
3,1528;26,8915,1;7,959,0.946429;7,936,0.505357;16,1560,0.792857;12,2463,0.792857
3,1530;25,8729,1;4,979,0.969643;8,1022,0.514286;15,1595,0.819643;16,2291,0.821429
3,1522;25,8234,1;4,1022,0.955357;5,980,0.517857;11,1669,0.842857;11,2263,0.851786
3,1552;25,8587,1;4,971,0.966071;5,1000,0.535714;16,1689,0.841071;17,2412,0.842857
3,1540;40,8454,1;7,1092,0.941071;6,803,0.541071;16,1547,0.808929;18,2401,0.844643
3,1528;42,8662,1;8,1089,0.914286;8,947,0.557143;18,1754,0.855357;17,2367,0.855357
3,1556;42,8620,1;8,1145,0.9375;6,942,0.551786;17,1733,0.808929;17,2497,0.803571
3,1535;42,8532,1;4,969,0.978571;4,925,0.578571;10,1621,0.841071;11,2228,0.833929
3,1534;42,8455,1;4,929,0.9125;4,841,0.567857;10,1498,0.832143;11,2256,0.826786
3,1523;42,8203,1;4,964,0.971429;3,729,0.501786;14,1495,0.814286;15,2039,0.808929
3,1517;44,8794,1;4,875,0.966071;3,673,0.508929;9,1480,0.814286;15,2035,0.808929
3,1497;42,8131,1;5,794,0.983929;5,727,0.530357;9,1362,0.794643;9,1801,0.785714
3,1519;43,8629,1;4,793,0.973214;4,639,0.55;8,1421,0.817857;9,1788,0.8125
3,1505;36,7522,1;3,711,0.9625;3,585,0.544643;7,1323,0.798214;8,1634,0.7875
3,1495;38,8270,1;4,780,0.973214;3,627,0.553571;7,1321,0.776786;8,1645,0.771429
3,1508;37,7913,1;3,694,0.969643;3,657,0.530357;8,1369,0.791071;8,1749,0.789286
3,1478;38,8292,1;3,617,0.944643;3,583,0.510714;8,1437,0.801786;9,1868,0.798214
3,1498;37,8245,1;4,553,0.914286;5,577,0.498214;12,1421,0.775;12,1718,0.775
3,1492;36,7830,1;5,676,0.95;5,628,0.510714;10,1424,0.810714;9,1762,0.808929
3,1480;36,7900,1;3,683,0.958929;7,842,0.503571;13,1470,0.807143;14,1917,0.810714
3,1482;36,7800,1;5,621,0.969643;5,743,0.480357;13,1450,0.801786;13,1880,0.803571
3,1494;37,8241,1;6,717,0.935714;6,811,0.492857;15,1546,0.810714;16,2135,0.8125
3,1508;36,8068,1;5,689,0.951786;5,707,0.494643;8,1334,0.798214;9,1791,0.796429
3,1493;36,7887,1;5,676,0.964286;5,691,0.516071;8,1371,0.767857;8,1698,0.766071
3,1467;36,7855,1;3,501,0.958929;4,579,0.507143;11,1214,0.760714;11,1549,0.760714
3,1463;37,7738,1;3,508,0.955357;5,593,0.523214;10,1167,0.757143;11,1532,0.753571
3,1477;36,7650,1;4,528,0.942857;5,644,0.508929;11,1217,0.776786;12,1700,0.773214
3,1447;36,7798,1;3,426,0.8875;3,535,0.507143;10,1128,0.771429;11,1542,0.771429
3,1398;36,7639,1;3,319,0.891071;5,497,0.503571;10,1040,0.775;10,1354,0.776786
3,1365;24,8034,1;4,497,0.957143;4,416,0.503571;9,1032,0.767857;7,1454,0.769643
3,1347;24,7685,1;2,442,0.989286;3,370,0.514286;11,1095,0.760714;11,1425,0.764286
2,1240;26,7837,1;2,248,0.9625;3,284,0.508929;7,732,0.753571;8,993,0.757143
2,1126;26,7866,1;4,327,0.985714;3,359,0.507143;8,829,0.764286;10,1202,0.769643
2,1178;25,8024,1;3,261,0.989286;2,289,0.5;6,680,0.760714;9,1033,0.7625
3,1235;24,7951,1;2,175,0.976786;2,233,0.503571;5,572,0.7375;6,828,0.739286
3,1212;24,7985,1;2,167,0.958929;2,191,0.5125;5,533,0.739286;6,839,0.741071
3,1244;24,8023,1;2,152,0.983929;2,164,0.510714;5,570,0.741071;6,853,0.744643
2,1165;24,7965,1;1,148,0.991071;1,114,0.5125;3,358,0.739286;4,618,0.744643
