26,1540;205,10048,1;43,2010,0.939286;53,2474,0.991071;54,2115,0.991071;71,3223,1
27,1623;171,8096,1;30,1391,0.983929;33,1895,0.996429;33,1742,0.907143;58,2413,0.907143
26,1578;156,7350,1;22,925,0.757143;26,1087,0.766071;29,1013,0.669643;34,1181,0.669643
27,1569;172,7975,1;11,415,0.426786;9,447,0.423214;26,1319,0.535714;35,1690,0.5375
26,1563;172,7868,1;17,649,0.421429;13,470,0.308929;38,1479,0.489286;44,1822,0.491071
27,1570;166,7574,1;9,477,0.4;14,504,0.280357;40,1495,0.464286;47,1860,0.4625
27,1568;173,7938,1;13,684,0.3625;12,527,0.2625;29,1506,0.426786;41,2017,0.430357
26,1568;163,7359,1;12,707,0.371429;9,485,0.257143;30,1493,0.392857;51,2082,0.3875
27,1580;160,7967,1;16,650,0.4125;13,470,0.301786;43,1564,0.432143;61,2037,0.444643
27,1592;172,7853,1;21,703,0.391071;15,449,0.266071;41,1544,0.423214;47,1972,0.432143
27,1587;174,8000,1;21,720,0.417857;17,515,0.257143;52,1557,0.457143;57,1877,0.4625
27,1589;170,7990,1;20,686,0.371429;15,449,0.258929;39,1386,0.360714;46,1848,0.425
26,1573;151,7344,1;17,680,0.421429;12,476,0.264286;37,1417,0.469643;39,1658,0.471429
26,1556;117,7501,1;16,651,0.428571;13,477,0.266071;41,1539,0.446429;35,1670,0.448214
26,1531;135,6891,1;12,435,0.403571;12,445,0.266071;37,1425,0.421429;43,1727,0.425
27,1551;115,7379,1;15,499,0.439286;15,457,0.296429;46,1461,0.448214;46,1634,0.457143
26,1532;120,7834,1;13,484,0.441071;11,405,0.303571;25,1201,0.453571;26,1511,0.455357
23,1388;123,7959,1;10,472,0.467857;8,416,0.326786;22,1222,0.482143;26,1536,0.482143
23,1343;128,8411,1;11,442,0.408929;9,363,0.273214;29,1125,0.455357;27,1330,0.458929
19,1127;185,8791,1;6,347,0.439286;9,327,0.294643;23,889,0.467857;27,1131,0.473214
15,874;188,9036,1;6,312,0.298214;5,259,0.25;12,638,0.389286;20,845,0.396429
6,396;195,9086,1;4,153,0.294643;4,121,0.230357;7,253,0.382143;10,353,0.382143
4,232;170,8844,1;2,80,0.294643;1,49,0.235714;3,140,0.371429;5,200,0.373214
2,120;133,8821,1;2,44,0.298214;1,32,0.2375;2,70,0.371429;3,108,0.371429
