99,124750;155,52581,0.9372;87,26987,0.884;119,37370,0.9452;139,26287,0.8616;140,30782,0.9112
96,114004;156,53062,0.9552;38,6151,0.8876;38,9502,0.94;36,7486,0.8696;43,9517,0.9144
99,117047;183,52644,0.9444;33,6114,0.872;40,9379,0.9296;35,7482,0.874;38,9115,0.9016
97,117562;154,52146,0.9404;34,5669,0.8732;33,7920,0.9316;30,6769,0.8712;34,8550,0.9072
91,112287;159,52239,0.9588;27,4824,0.8772;35,7026,0.9316;20,6499,0.872;21,7411,0.9044
90,112420;163,53152,0.9616;19,4786,0.8832;26,7439,0.9268;18,5927,0.8732;21,7456,0.908
90,112005;160,52630,0.952;29,5282,0.8816;36,8060,0.934;29,6129,0.8656;35,8139,0.912
93,117105;161,53326,0.9532;33,5160,0.88;35,8128,0.9276;33,6901,0.8504;37,8750,0.906
92,115397;159,52829,0.952;29,5403,0.8792;35,7892,0.9336;29,6332,0.8464;37,8466,0.8948
96,114780;157,52416,0.95;29,5177,0.8716;41,8101,0.9232;31,6421,0.8448;37,8544,0.8984
93,116150;156,53009,0.9496;32,5552,0.8792;46,8222,0.914;33,6464,0.8404;37,8289,0.9012
93,115573;158,52553,0.9288;32,5488,0.87;45,8150,0.9128;37,6416,0.8372;36,8273,0.8928
94,117007;161,53014,0.9516;28,5268,0.8784;38,7732,0.918;31,6505,0.8428;37,8561,0.8984
93,115814;160,52456,0.9424;29,5251,0.8664;36,7498,0.9212;28,5973,0.838;33,7873,0.8988
91,112551;159,52223,0.9424;31,5365,0.8736;38,8043,0.9224;31,6380,0.8516;35,7846,0.896
94,116422;158,51849,0.9416;29,5294,0.8628;40,7921,0.918;32,6340,0.8552;37,8130,0.8972
94,116316;159,52306,0.9484;32,5510,0.8796;39,8128,0.924;31,6493,0.868;36,8191,0.8944
90,112815;156,51779,0.9396;28,5135,0.8816;36,7598,0.9096;25,5543,0.8608;31,7279,0.8952
93,116318;158,52671,0.9376;37,5046,0.8852;34,7312,0.908;32,6433,0.8588;35,8235,0.9012
89,111755;156,51336,0.94;33,5318,0.8816;40,7754,0.9084;31,6340,0.8532;34,7872,0.8924
95,118024;157,52014,0.9304;35,5514,0.8696;39,8152,0.9184;33,6913,0.856;36,8405,0.8832
92,115320;156,52062,0.9352;40,5143,0.874;36,7678,0.9092;31,6388,0.8564;36,8117,0.8956
93,116522;161,52725,0.9384;32,5344,0.8668;43,8657,0.9088;30,6341,0.8568;35,8188,0.8932
90,111932;154,51198,0.9272;31,5197,0.8632;35,7592,0.9108;28,5943,0.8524;34,8027,0.8944
93,115484;157,51945,0.9548;31,5118,0.8828;30,6680,0.9184;27,5930,0.848;30,7358,0.8952
91,114349;158,52232,0.9528;25,4840,0.8756;35,6727,0.9264;25,5494,0.8492;32,7326,0.8932
93,116340;159,52195,0.952;37,6050,0.8828;46,8784,0.9268;36,6879,0.858;38,8634,0.9048
94,117770;159,52990,0.9544;33,5406,0.8732;49,7721,0.9184;35,6637,0.8528;38,8052,0.8888
94,117310;158,53031,0.9632;33,5479,0.876;41,7659,0.926;30,6188,0.852;36,8074,0.8988
96,116686;164,52127,0.9504;37,5813,0.8816;37,7437,0.9228;32,6417,0.838;37,8531,0.8944
97,118785;179,52411,0.9496;34,5755,0.8824;36,8218,0.924;30,6496,0.848;37,8918,0.8976
97,117883;155,52706,0.954;36,5215,0.8844;37,7718,0.9316;34,6876,0.8516;39,8614,0.9104
95,116993;154,50852,0.946;33,5274,0.8748;32,7607,0.9256;32,6563,0.8516;37,8481,0.908
93,110667;158,52424,0.9428;29,5398,0.8668;34,7581,0.9212;27,5937,0.8536;34,7939,0.9036
95,115930;161,53104,0.9452;31,5527,0.8868;34,7737,0.9104;28,6068,0.8488;35,8144,0.904
93,114135;161,52900,0.9524;32,5124,0.8896;32,7022,0.9164;28,6149,0.844;33,7795,0.9056
96,118337;161,52965,0.9536;28,5363,0.8856;35,7644,0.9136;30,6472,0.8332;35,8401,0.8924
94,115156;158,51961,0.9444;27,5016,0.8836;37,7833,0.922;30,6330,0.8412;37,8179,0.8928
96,115949;156,51824,0.9384;45,5628,0.8732;43,7926,0.9044;29,6176,0.8468;36,8403,0.8916
93,113620;157,51645,0.9344;35,4861,0.8616;31,7203,0.8944;26,5696,0.8416;31,7403,0.8888
96,118022;159,51568,0.9396;32,5329,0.8748;35,7970,0.9016;31,6569,0.8588;36,8418,0.898
94,115003;154,50995,0.946;30,4987,0.8724;33,7093,0.9076;26,5862,0.8516;33,7490,0.8988
96,117004;159,52371,0.95;30,5480,0.8752;32,7729,0.9088;32,6536,0.862;38,8317,0.8988
94,116314;155,51417,0.9472;35,5527,0.872;38,7994,0.9164;32,6384,0.8528;37,8347,0.8944
89,107728;161,52390,0.9448;30,4682,0.8812;34,6501,0.9032;24,5448,0.842;29,6941,0.8936
104,115657;165,54047,0.9568;30,5290,0.8728;32,7453,0.9104;30,6382,0.8368;34,8257,0.8908
95,116421;157,51602,0.954;17,4926,0.872;23,6715,0.9148;17,5822,0.8376;21,7817,0.8916
95,115797;154,51426,0.944;21,5452,0.8784;25,7841,0.9208;21,6606,0.8564;24,8250,0.8956
93,112137;164,52971,0.9428;21,4442,0.862;24,6875,0.9188;18,5674,0.8596;20,6857,0.8944
100,118274;159,52424,0.9504;21,5143,0.8852;24,7314,0.9284;18,5879,0.8612;22,7778,0.8992
98,113691;157,52574,0.9476;28,4684,0.8756;40,7354,0.9176;29,6053,0.8532;34,7788,0.898
102,117812;160,52049,0.9464;30,5363,0.8788;37,7899,0.9228;28,6147,0.8584;37,8561,0.9088
92,114237;157,51884,0.9384;27,4935,0.8844;36,7561,0.9184;29,5997,0.856;35,8108,0.904
93,115933;155,51958,0.9616;29,5035,0.8744;38,7716,0.9144;31,6401,0.8504;35,8022,0.8964
93,116292;160,52514,0.9364;35,5527,0.8664;46,8093,0.9128;30,6141,0.846;35,8065,0.8924
92,114975;162,52611,0.9472;35,5143,0.8796;39,7168,0.912;29,6180,0.846;34,8056,0.8988
93,115028;160,52410,0.9576;27,5229,0.8756;36,7614,0.916;31,6513,0.8428;35,8390,0.8964
94,116283;160,52520,0.9512;30,5351,0.8876;34,7464,0.9216;30,6256,0.8404;37,8463,0.8976
94,116948;158,51993,0.946;27,4882,0.882;35,7290,0.9192;26,5643,0.846;33,7858,0.8888
92,114340;160,51972,0.9476;32,5315,0.8848;37,7727,0.9224;32,6477,0.8444;34,7901,0.8904
90,108963;157,52366,0.9504;27,4573,0.8956;31,6544,0.924;25,5420,0.8616;33,7295,0.8988
92,114727;161,51630,0.9512;29,4965,0.89;34,6948,0.9184;29,5971,0.8604;33,7582,0.8912
93,115509;160,52633,0.9492;32,5074,0.8896;31,7322,0.916;28,6143,0.8556;32,7695,0.894
95,117204;159,52113,0.9508;25,4709,0.8932;36,6799,0.9316;25,5685,0.8636;29,6884,0.9024
95,116902;163,53201,0.946;29,5302,0.8908;39,8091,0.9356;30,6247,0.866;36,8339,0.8996
98,115050;159,51798,0.9552;34,5353,0.898;36,8092,0.9316;31,6483,0.848;38,8283,0.9064
90,111281;160,51936,0.9696;28,4896,0.8996;34,7041,0.9276;28,5904,0.8584;31,7190,0.9068
97,119270;159,51691,0.946;30,4953,0.902;36,6992,0.938;27,5840,0.8552;33,7638,0.9152
94,116865;145,52102,0.958;33,5115,0.8984;36,7298,0.9256;30,6143,0.8548;33,7964,0.9136
93,113490;143,51932,0.9504;32,5132,0.8896;38,7647,0.9256;28,5911,0.86;34,7534,0.9068
95,116304;142,51777,0.9492;38,5533,0.9028;42,7588,0.938;29,6173,0.87;35,8232,0.9188
94,115392;146,52702,0.9492;33,5342,0.8908;36,8028,0.9332;31,6525,0.8656;36,8325,0.9224
95,116831;143,51981,0.9628;31,5600,0.9036;41,7585,0.9228;30,6294,0.8624;35,7983,0.9184
95,116889;143,51826,0.95;31,5140,0.9012;37,7609,0.922;30,6207,0.8576;34,8053,0.9156
96,117143;142,52307,0.948;29,5612,0.8928;35,7809,0.9204;31,6357,0.8512;38,8559,0.91
93,113794;147,52515,0.9564;28,4960,0.8956;35,7341,0.9288;24,5530,0.8544;29,7141,0.9024
96,116310;148,53225,0.956;28,5933,0.872;41,9252,0.9104;32,6555,0.8368;39,8886,0.8924
93,113815;145,52620,0.9348;28,5158,0.8772;47,7659,0.9176;28,6154,0.8416;32,7638,0.8988
95,115949;146,52983,0.946;31,5183,0.8724;38,7766,0.9152;30,6159,0.838;35,8106,0.8932
95,117031;144,52801,0.9472;30,5367,0.88;36,7535,0.9116;28,5860,0.8488;38,8651,0.9068
94,115771;143,52150,0.9504;31,4934,0.882;36,7376,0.9144;27,5721,0.8508;31,7289,0.9012
95,117018;147,52729,0.948;27,5251,0.8792;32,7202,0.9052;28,6175,0.8472;35,8194,0.9
94,114901;143,52213,0.9508;29,5037,0.8756;37,7941,0.9112;36,6567,0.856;33,7880,0.8976
92,112725;142,51513,0.9312;30,4768,0.882;32,6813,0.9248;26,5721,0.8572;29,7016,0.898
94,115787;141,51897,0.9384;29,5195,0.8884;39,7535,0.9208;30,6123,0.8572;34,7872,0.8904
93,114975;146,52426,0.9488;32,4774,0.892;33,6474,0.9124;23,5244,0.8516;30,7058,0.892
93,114029;142,51273,0.944;25,4497,0.8812;35,6744,0.9152;28,5871,0.8492;33,7426,0.8916
97,119198;145,52673,0.9516;35,5443,0.8924;38,7402,0.914;32,6434,0.852;37,8056,0.8968
95,116530;142,52043,0.9536;35,5344,0.8836;38,7464,0.9128;32,6571,0.852;36,8353,0.9068
96,118319;148,52911,0.9508;29,5328,0.894;37,7810,0.9288;31,6584,0.8604;35,8370,0.9152
93,114997;143,51682,0.9608;28,5002,0.9028;33,6503,0.9308;27,5891,0.862;30,7355,0.9076
96,117205;144,52099,0.9316;32,5024,0.894;38,7453,0.92;38,6970,0.8628;41,8555,0.904
97,117844;142,50928,0.9432;30,5038,0.8916;37,6818,0.9164;33,6330,0.868;35,7415,0.8992
97,118197;144,52036,0.954;36,5593,0.8836;41,7728,0.914;34,6520,0.8676;37,8160,0.898
94,114848;140,50914,0.95;28,4789,0.8788;34,6718,0.92;29,6037,0.8576;32,7530,0.89
95,115987;144,52389,0.9464;27,4914,0.8788;32,6773,0.916;28,5926,0.8476;33,7507,0.8936
94,114436;149,53208,0.9592;30,4815,0.8692;37,7209,0.9112;29,6022,0.842;33,7374,0.8956
94,114987;142,51671,0.9348;30,5082,0.892;33,6925,0.9332;28,5822,0.8536;32,7302,0.9056
97,117865;145,52497,0.9552;32,5347,0.9024;41,7306,0.9276;30,6198,0.8528;34,7784,0.9116
127,116521;146,52361,0.9532;29,5273,0.8968;37,7826,0.9336;34,6688,0.8592;41,8724,0.906
103,118068;151,52882,0.9596;26,4857,0.9032;38,7737,0.9424;28,6030,0.8684;34,7601,0.9248
100,115438;146,52107,0.9468;36,5385,0.8976;36,7544,0.9372;28,6004,0.874;34,7901,0.9136
93,115683;140,50745,0.9496;30,4748,0.8932;32,6298,0.93;26,5686,0.8712;34,7384,0.91
92,113741;148,52487,0.9404;30,4522,0.8996;34,6628,0.9372;27,5587,0.8804;32,6978,0.9132
96,118781;147,52367,0.944;35,5346,0.8888;40,7558,0.9252;34,6431,0.86;36,8052,0.9008
93,115730;147,52798,0.9592;30,4974,0.888;37,7603,0.9356;30,6362,0.876;34,7665,0.9124
94,117035;145,52519,0.9448;29,5275,0.8756;37,8096,0.928;31,6565,0.8672;41,8570,0.9064
94,116239;147,52941,0.9432;31,5149,0.874;36,7557,0.9172;23,6239,0.858;24,8396,0.9084
95,117968;149,53113,0.9472;20,5187,0.8832;26,7952,0.9188;20,6250,0.8452;24,8140,0.9012
94,116285;147,52380,0.9496;30,5346,0.8864;34,6835,0.9116;28,6115,0.844;30,7371,0.8972
93,115359;143,51593,0.95;27,5177,0.88;34,7068,0.9192;29,6112,0.842;35,8087,0.902
100,115694;162,52218,0.9512;31,5456,0.8904;39,8060,0.9332;31,6456,0.8504;36,8228,0.9052
100,118214;158,51390,0.9396;30,5167,0.8888;40,7584,0.932;32,6228,0.8452;36,8008,0.9056
101,114221;164,52624,0.9396;40,5104,0.8872;41,7120,0.9332;28,5747,0.8468;30,7423,0.8928
98,117851;162,52163,0.94;28,5393,0.8884;34,7177,0.9292;27,6113,0.8392;35,7948,0.9
97,117350;165,53362,0.952;29,4693,0.884;37,7332,0.9264;30,6101,0.8356;34,7976,0.9048
94,114594;165,52572,0.9672;28,4494,0.8828;31,6479,0.9276;26,5479,0.8372;37,7293,0.9044
93,112810;163,52709,0.9552;35,5324,0.8796;43,7551,0.922;33,6307,0.8396;36,7813,0.8996
99,119225;160,52199,0.9548;29,5324,0.8792;35,7840,0.9216;31,6560,0.8328;34,8058,0.896
95,114864;164,53023,0.9528;30,4927,0.8676;32,7375,0.9156;27,5882,0.8272;35,7896,0.8776
97,116539;163,52544,0.9456;29,5219,0.8684;40,8210,0.9236;33,6413,0.8336;40,8693,0.8832
97,115623;164,52421,0.9352;34,5514,0.882;27,7305,0.9244;21,6098,0.836;25,8052,0.8872
98,115404;164,52214,0.9448;24,4931,0.884;33,6948,0.9212;26,5787,0.8368;34,8051,0.8828
97,112218;163,52854,0.9536;25,5101,0.8728;37,8087,0.9256;21,5974,0.8344;28,8110,0.8916
97,115026;163,52277,0.932;34,5187,0.8656;46,8021,0.9224;33,6765,0.8388;37,8112,0.886
101,116319;163,52319,0.9516;30,5388,0.8836;24,7562,0.9252;18,6164,0.8472;21,7912,0.892
100,115354;163,52411,0.928;21,5193,0.868;23,7526,0.9216;19,6048,0.85;30,7571,0.8924
103,116517;160,52217,0.9384;25,4784,0.8612;32,7085,0.9232;26,5681,0.844;32,7623,0.894
100,120020;162,51936,0.9312;30,5954,0.868;41,8590,0.9228;36,6823,0.83;40,9284,0.8876
97,116298;160,52192,0.9372;31,5581,0.8768;38,8251,0.916;30,6297,0.8268;38,8684,0.888
97,115512;163,52932,0.9496;30,5358,0.8712;36,7482,0.9064;27,5956,0.8236;33,7931,0.8856
100,114737;163,53170,0.9472;30,5446,0.8792;35,7472,0.9048;33,6096,0.82;37,8243,0.886
97,116907;159,51594,0.9284;30,5406,0.8768;40,8347,0.9156;34,6738,0.8244;40,8744,0.8904
95,115018;164,53145,0.94;29,5089,0.8928;36,7400,0.9156;28,5978,0.8292;34,7928,0.8896
99,119042;165,53273,0.948;27,5049,0.8872;32,7213,0.906;28,6340,0.8296;33,7908,0.888
97,115875;159,52586,0.9376;31,5034,0.8792;38,7345,0.906;27,5780,0.8312;37,8573,0.8904
96,112482;164,52731,0.946;25,4551,0.876;32,6613,0.9164;25,5722,0.8248;28,7266,0.894
99,114446;158,51986,0.9492;23,4659,0.8828;29,6489,0.9264;23,5384,0.8264;28,7402,0.8996
100,118148;161,52554,0.9496;26,5283,0.8756;33,7642,0.92;28,6351,0.8256;38,8417,0.8908
98,112634;159,51917,0.9364;32,5021,0.8736;44,7547,0.9216;30,5976,0.8284;37,8033,0.8884
99,115484;159,51694,0.936;30,4748,0.8716;36,6903,0.9172;27,5629,0.8416;33,7311,0.8988
101,116258;161,51939,0.9432;26,5087,0.8748;36,7917,0.9156;30,6388,0.846;37,8493,0.904
95,114324;161,52149,0.952;25,4854,0.8868;33,6826,0.9216;24,5320,0.8412;28,7006,0.8984
97,116996;163,52839,0.9456;31,5511,0.8712;37,7805,0.9064;32,6774,0.834;37,8557,0.8888
99,116920;161,52232,0.9404;28,5345,0.8704;37,8076,0.9124;21,6441,0.8396;24,8394,0.8956
100,114572;165,52431,0.9384;18,4870,0.8732;23,6786,0.9176;15,5254,0.8376;19,7082,0.894
99,114359;158,51375,0.934;27,5315,0.8924;32,7301,0.9156;28,6067,0.8504;38,8624,0.9032
102,116864;155,51124,0.9348;29,5319,0.8852;41,7600,0.9152;30,6446,0.8608;36,8321,0.9104
99,115156;164,52302,0.9464;26,4750,0.8824;33,7260,0.9164;26,5836,0.8608;33,7923,0.9156
100,116085;159,51624,0.9428;30,4983,0.8916;32,6993,0.9208;26,5877,0.864;31,7638,0.916
99,115290;160,51990,0.9528;27,5332,0.8752;24,7859,0.9136;21,6436,0.8496;25,8531,0.9112
99,115470;164,53083,0.9564;21,5070,0.8744;24,7458,0.9312;17,5709,0.8504;22,7859,0.9076
102,114648;161,52258,0.9376;21,5256,0.876;42,7730,0.9248;29,5898,0.8488;38,8328,0.912
96,115962;141,51408,0.9408;28,5309,0.8904;37,7759,0.9204;30,6174,0.8588;37,8281,0.9144
98,118243;147,52893,0.9484;28,5281,0.8888;36,7442,0.9204;27,5982,0.8604;32,7678,0.9148
97,115929;147,52686,0.9312;32,5484,0.876;42,7799,0.918;32,6320,0.8664;37,8094,0.9148
98,116555;145,51483,0.9388;35,5548,0.8856;36,7682,0.9196;31,6331,0.8612;35,7914,0.9176
98,113676;145,51529,0.948;31,5159,0.8684;37,7859,0.92;29,6046,0.8552;35,7982,0.906
101,115800;147,52753,0.9448;24,4625,0.8616;34,6921,0.9136;29,6119,0.8604;33,7650,0.9048
102,118665;144,51532,0.94;22,5697,0.8608;26,8198,0.912;20,6458,0.8512;25,8913,0.9092
117,118363;147,52563,0.948;27,5919,0.8672;28,8068,0.9228;22,6753,0.848;26,8801,0.9048
100,115804;147,52424,0.9572;20,5199,0.882;28,7505,0.914;20,6038,0.85;22,7700,0.8972
98,114894;144,52497,0.9444;31,5156,0.8744;36,7471,0.9152;30,6243,0.8524;34,7711,0.8908
101,117466;167,52974,0.9448;30,5346,0.8732;40,7734,0.9088;30,6454,0.844;38,8668,0.8924
97,113121;158,51984,0.9368;29,5019,0.868;38,8019,0.9152;27,5677,0.8452;34,7918,0.8976
100,115887;156,51581,0.9368;31,5633,0.8872;42,7731,0.9292;28,6153,0.8428;34,7841,0.89
98,114332;155,51810,0.952;28,5211,0.8796;39,7679,0.9176;26,5875,0.8464;32,7538,0.8892
99,114886;166,52264,0.934;28,5035,0.8792;37,7355,0.912;28,5756,0.8444;37,7869,0.8896
96,113513;146,52372,0.9396;33,5420,0.8732;36,7763,0.92;27,5724,0.8508;34,8155,0.8904
92,114165;141,52049,0.9396;28,5199,0.8616;36,7782,0.9192;28,5774,0.8388;34,7653,0.8876
94,114080;144,52785,0.9504;29,4966,0.8684;43,7809,0.9232;30,6080,0.8456;34,8092,0.9012
94,113002;146,52774,0.9488;35,5523,0.87;41,7977,0.9208;29,5970,0.8444;40,8899,0.9064
100,119214;148,53247,0.9388;30,5491,0.874;34,7733,0.9164;27,6219,0.846;32,8017,0.8952
98,118642;149,51924,0.9576;28,5547,0.8932;35,7735,0.9224;27,6128,0.852;30,7653,0.9048
97,116189;144,52055,0.948;26,5095,0.89;41,7748,0.924;29,6272,0.8556;34,8208,0.9064
94,113067;158,51707,0.9484;27,4969,0.9048;35,7204,0.92;27,5715,0.854;34,7471,0.9072
94,113224;163,52692,0.9604;28,4860,0.898;35,7360,0.9192;26,5604,0.8556;30,7313,0.8972
93,112345;163,52951,0.9464;28,4781,0.8892;37,7430,0.9224;27,5832,0.844;30,7463,0.89
98,118101;161,52232,0.9488;28,5327,0.8836;34,7901,0.9204;29,6426,0.836;31,7611,0.8948
98,118270;162,52038,0.9532;30,5719,0.882;43,8241,0.9176;31,6585,0.8464;37,8974,0.8888
94,116391;167,52380,0.95;33,5573,0.8668;36,8318,0.9196;29,6439,0.8368;34,8462,0.8944
95,116303;145,52097,0.9544;33,5967,0.8744;55,8934,0.9168;33,6587,0.8376;40,9086,0.9052
94,116403;146,52565,0.9496;33,5022,0.8732;34,7600,0.9208;28,6216,0.8332;34,7943,0.9032
96,117725;144,52315,0.9312;28,5415,0.8828;34,7590,0.9172;28,6093,0.8416;34,8121,0.9048
105,112815;145,52433,0.9496;36,4936,0.8812;38,6865,0.9172;26,5683,0.8444;33,7550,0.9112
95,116394;144,52053,0.9512;32,5468,0.8732;37,7821,0.9112;29,6336,0.8432;36,8320,0.8972
101,114470;146,52656,0.9604;29,5495,0.8812;40,8165,0.9276;30,6202,0.8524;36,8260,0.9108
95,115984;141,51389,0.9224;30,5216,0.8928;32,7599,0.9256;28,5945,0.8516;34,8336,0.9036
92,113409;148,52366,0.9416;30,5174,0.888;36,7634,0.9152;31,6523,0.8504;36,8274,0.9064
96,116874;144,52365,0.9392;29,5506,0.8772;39,8436,0.9208;30,6483,0.8544;36,8165,0.9096
95,116385;160,52834,0.9424;33,5296,0.8684;42,7995,0.9172;34,6705,0.8532;36,8042,0.89
95,116023;156,52256,0.93;28,5270,0.8816;37,7655,0.926;29,6041,0.8496;36,8352,0.8912
93,114219;168,52592,0.9356;36,5668,0.8868;37,8145,0.9252;30,6158,0.85;37,8477,0.8956
94,115972;164,52958,0.9524;34,5712,0.8784;40,8085,0.9092;32,6807,0.8556;37,8636,0.8932
98,117491;156,51927,0.948;32,5830,0.8804;40,8401,0.9088;32,6704,0.8512;38,8796,0.898
97,116145;162,52972,0.9416;32,5445,0.882;37,7827,0.9124;32,6435,0.846;35,8140,0.9
96,115208;161,53169,0.954;31,5081,0.8724;36,7522,0.922;28,6098,0.844;35,8224,0.8908
97,116619;159,52470,0.9444;26,5231,0.8884;30,6482,0.9192;27,6030,0.8428;32,7943,0.8984
98,117179;156,51746,0.952;25,4625,0.8928;31,6734,0.9196;25,5680,0.8444;20,7254,0.9052
93,114339;157,52832,0.948;22,5449,0.8852;27,7667,0.918;21,6379,0.836;24,8033,0.8992
91,112936;186,52650,0.9436;23,5650,0.8752;41,8143,0.9212;32,6336,0.836;40,8791,0.894
96,117827;165,53159,0.958;29,5154,0.8676;37,7138,0.9108;28,6041,0.8332;22,7945,0.888
95,116062;161,52974,0.9472;21,5735,0.874;27,8005,0.9124;21,6596,0.8352;26,9113,0.8896
93,114112;176,51948,0.9436;20,5267,0.8732;25,7953,0.9292;21,6185,0.834;24,8398,0.8924
92,112202;162,52395,0.9352;28,5375,0.8728;26,8175,0.9272;21,6407,0.8436;24,8412,0.9096
93,113348;158,51253,0.9448;20,5037,0.8836;30,6935,0.9256;19,5817,0.8396;22,7801,0.9056
92,112078;159,51904,0.9372;22,5652,0.874;30,8581,0.916;22,6704,0.8236;25,8393,0.8884
96,117151;158,52502,0.942;23,5520,0.8816;25,7971,0.9136;20,6429,0.8436;24,8656,0.8988
94,115262;165,52846,0.944;21,5321,0.8756;25,7972,0.9144;19,6008,0.8436;22,8007,0.9056
92,113112;161,52922,0.9324;21,5246,0.8648;26,8061,0.9036;20,6147,0.83;24,8053,0.894
94,116521;163,52926,0.9572;27,5500,0.8764;31,8129,0.9084;28,5997,0.834;32,7856,0.8888
94,115563;159,52801,0.9336;38,6355,0.8876;43,8993,0.9032;34,6792,0.8472;41,9285,0.8976
93,114510;158,52227,0.946;31,5426,0.8856;42,8184,0.902;34,6743,0.84;36,7895,0.8896
95,116874;158,52000,0.944;38,5997,0.8888;41,8182,0.9212;35,7189,0.8432;41,8995,0.8988
94,116186;156,51951,0.9408;35,5379,0.8736;42,7727,0.9164;33,6768,0.8308;39,8417,0.8704
93,114647;154,51688,0.9516;35,5429,0.872;39,7848,0.9204;28,6040,0.8316;36,8471,0.898
91,112539;151,51976,0.9432;30,5383,0.8664;38,8092,0.9152;31,6288,0.8276;38,8315,0.8888
101,120337;171,52614,0.9392;34,5944,0.8788;36,7543,0.912;35,6943,0.8244;43,9480,0.8932
93,114000;160,52396,0.9388;29,5460,0.8776;36,7687,0.9116;31,6320,0.8312;42,9342,0.9064
94,115050;147,53076,0.9432;30,5272,0.8808;33,7165,0.9092;29,6036,0.8256;37,8349,0.8908
93,113949;147,52857,0.9544;30,5353,0.8768;40,7777,0.9112;33,6551,0.8352;41,8892,0.9016
95,115433;145,52666,0.952;35,5774,0.896;36,7741,0.9144;33,6528,0.8344;41,8987,0.8984
92,112824;145,52663,0.9468;33,5362,0.8828;43,7965,0.9152;33,6444,0.8248;39,8675,0.8856
95,116133;146,52347,0.944;31,5530,0.862;41,8570,0.9216;33,6812,0.8188;39,8867,0.8912
93,114901;146,53528,0.9532;31,5673,0.8656;39,7865,0.9284;31,6415,0.8356;39,8611,0.8996
90,111379;145,51920,0.9472;31,5350,0.8816;34,7089,0.9264;29,6004,0.8408;35,7562,0.8976
93,114391;146,52730,0.9552;35,5409,0.8808;38,8059,0.928;30,6327,0.8468;38,8538,0.902
108,117595;146,52944,0.9436;32,5445,0.8984;41,7866,0.9244;29,6289,0.848;37,8732,0.8988
98,114378;142,51412,0.9288;32,5434,0.9;39,8513,0.9268;33,6626,0.8348;38,8704,0.8864
98,113966;145,52478,0.9424;28,5312,0.882;40,8268,0.9052;31,6230,0.8204;44,8855,0.8928
100,116386;142,52178,0.9476;32,5412,0.8852;38,8480,0.9132;33,6783,0.8388;39,8970,0.8972
101,115066;143,52669,0.9232;29,5457,0.884;40,8394,0.9212;33,6732,0.8396;38,8325,0.8892
104,116742;148,52923,0.944;32,5603,0.8644;38,7976,0.9148;36,6728,0.8292;43,9436,0.8896
102,114150;147,53371,0.9404;35,6163,0.8732;43,9267,0.9132;41,7413,0.8172;45,9487,0.8788
97,110987;145,52442,0.9396;34,4914,0.8612;39,8157,0.918;31,6260,0.8304;36,8521,0.8976
101,117084;146,53909,0.9444;34,5509,0.8652;38,8396,0.9244;31,6620,0.8168;44,8979,0.8892
105,118391;142,52346,0.9444;46,5558,0.8684;42,8165,0.9228;36,6693,0.8184;43,8869,0.8824
97,113398;147,53127,0.9536;34,5564,0.8636;57,8567,0.9316;35,6682,0.8292;41,8341,0.8824
101,117795;140,51428,0.9312;38,5315,0.8736;39,7902,0.9228;34,6568,0.8276;39,9043,0.8892
99,113353;146,52241,0.9464;33,5663,0.8676;45,8691,0.9208;34,6888,0.8352;40,8929,0.8876
102,115096;150,53169,0.9488;31,5621,0.8644;41,8760,0.936;35,6800,0.832;40,9004,0.888
104,117287;147,52664,0.9524;35,5568,0.872;47,8128,0.93;33,6512,0.8348;37,8224,0.8816
97,112830;151,53116,0.9592;32,5660,0.8648;48,8155,0.93;33,6615,0.832;37,8255,0.8812
96,115075;148,53146,0.952;35,5734,0.8628;40,8296,0.93;32,6608,0.8288;42,9312,0.876
98,115969;168,53392,0.9456;34,5662,0.8536;44,8827,0.9268;36,7023,0.832;44,9956,0.8924
96,113227;160,52686,0.9288;34,5546,0.842;38,8474,0.9244;34,6672,0.822;38,8726,0.8896
100,117709;158,52042,0.934;33,5978,0.8448;43,8619,0.9264;36,7302,0.822;40,9106,0.8836
106,119614;159,53418,0.954;36,6557,0.8492;44,9781,0.9128;38,7421,0.812;50,11164,0.8836
101,118417;158,52094,0.9344;35,6342,0.8764;45,9095,0.9252;36,7156,0.822;43,9900,0.886
99,113677;158,53052,0.9432;24,5548,0.8664;54,8628,0.912;44,6658,0.8144;52,9097,0.8824
99,113754;159,52540,0.9316;40,6210,0.852;51,9798,0.912;44,7823,0.8208;50,10244,0.8668
94,114679;156,52609,0.9484;44,5780,0.8688;48,9026,0.9076;40,7150,0.82;46,9533,0.8756
94,115715;158,53268,0.9412;37,6277,0.8592;46,9421,0.9136;42,7553,0.7972;50,10061,0.8732
95,117052;190,53326,0.9488;36,6271,0.8568;49,9245,0.9236;44,7656,0.8036;48,9715,0.8728
94,115256;153,53159,0.9432;33,5209,0.8632;42,8261,0.9156;33,6673,0.8096;39,8353,0.8728
93,114909;160,52434,0.9224;40,6321,0.8704;52,9231,0.9112;40,7176,0.8056;48,9337,0.874
97,119504;164,53885,0.952;40,6078,0.8812;50,9145,0.9144;42,7434,0.8256;54,10382,0.8864
93,114168;159,52400,0.9488;34,5580,0.8816;50,8585,0.9284;50,6847,0.8296;54,8379,0.8796
96,116362;163,53831,0.9488;50,6207,0.8812;61,9437,0.9304;52,7594,0.816;62,9723,0.8812
95,116366;159,52864,0.9508;49,6076,0.8868;59,9559,0.9308;48,7760,0.826;47,10567,0.8892
93,113363;158,52471,0.946;29,5304,0.882;38,8399,0.9156;32,6438,0.8108;40,9170,0.886
96,117408;155,52261,0.936;37,6489,0.8676;44,9738,0.9184;42,7802,0.8052;49,10872,0.8768
96,117088;158,52246,0.9452;32,5939,0.8676;42,9046,0.9084;39,7356,0.8112;47,10312,0.8728
95,115848;162,53391,0.9488;34,5837,0.8644;44,8936,0.9096;36,7217,0.8104;43,9541,0.876
92,112383;157,52732,0.9496;42,6224,0.8728;41,8904,0.9136;38,7085,0.7964;48,9453,0.868
95,116086;158,52796,0.9468;33,5775,0.8536;49,8930,0.9168;42,7773,0.8068;43,9562,0.872
97,118124;160,53097,0.9428;35,5983,0.8664;42,8671,0.9252;35,6995,0.8212;43,9837,0.8836
94,114363;160,53247,0.942;39,5614,0.8812;38,8255,0.9148;34,6814,0.812;39,8905,0.8856
96,116304;163,53354,0.9648;41,5831,0.8904;42,8368,0.9268;35,7066,0.8088;39,8771,0.8876
93,115408;160,52832,0.9536;27,5117,0.8804;33,7556,0.932;32,6592,0.8192;36,8436,0.8896
93,114783;164,53756,0.9484;34,5810,0.8792;36,8350,0.922;35,7157,0.8152;38,8794,0.8812
95,115819;163,54152,0.9488;39,6185,0.8816;40,9317,0.9248;38,7497,0.8076;45,9981,0.8988
91,111906;158,52639,0.9472;27,5871,0.8824;26,7860,0.9264;22,6205,0.7952;28,9122,0.8896
95,116347;157,52555,0.9612;23,5900,0.8844;23,8139,0.916;24,7283,0.808;28,9449,0.8812
96,117260;161,53648,0.942;22,5707,0.882;28,8602,0.9084;23,6957,0.8048;28,9402,0.8784
98,118408;165,54578,0.9524;26,6399,0.8596;29,9734,0.9016;28,7867,0.802;33,10438,0.8744
93,112962;160,53006,0.934;26,5738,0.8668;30,8393,0.9104;23,6617,0.8088;28,9082,0.874
94,115130;158,52896,0.9468;23,6070,0.8648;34,9514,0.9164;28,7809,0.8028;31,9866,0.8768
110,116254;160,53057,0.9392;29,6517,0.8616;31,9954,0.9276;27,7610,0.8172;31,10177,0.882
100,118054;158,52031,0.9448;22,5619,0.868;26,8317,0.9288;24,6994,0.812;26,8867,0.884
99,114258;162,54046,0.948;23,5984,0.872;27,8821,0.9088;27,7435,0.8036;28,9371,0.8596
98,113414;163,53280,0.9476;26,5587,0.8612;31,9209,0.9084;24,6944,0.8012;27,9182,0.8656
96,110996;162,53761,0.9464;23,5454,0.8664;28,7916,0.9208;21,6088,0.8036;24,8079,0.8768
100,114340;162,52954,0.9448;23,5299,0.864;27,8130,0.9244;22,6585,0.8088;26,8497,0.8708
105,118572;159,52690,0.9408;26,6845,0.878;29,9633,0.9316;29,7975,0.8084;32,10387,0.8736
104,115700;151,53114,0.9424;26,5839,0.8776;25,8080,0.9164;20,6099,0.8056;27,9087,0.8732
102,116386;144,52572,0.918;23,6013,0.8732;30,8986,0.9108;26,7396,0.7928;29,9700,0.8616
102,118335;144,52189,0.934;25,6175,0.866;28,9479,0.906;28,7915,0.7968;30,10005,0.8672
102,115866;149,53036,0.9416;25,5594,0.8612;26,8063,0.912;23,6829,0.8112;28,9082,0.8796
99,114869;147,52900,0.9448;25,6391,0.8732;26,8840,0.9132;27,7313,0.8068;30,9495,0.8752
109,108116;147,53318,0.942;22,5072,0.8776;28,7855,0.9172;21,6157,0.8148;23,7931,0.8736
103,117315;147,52910,0.9376;22,5516,0.874;27,8164,0.922;25,7299,0.82;26,9256,0.8832
103,116785;148,53516,0.9496;30,6013,0.8788;27,8745,0.9232;25,7396,0.8264;29,9422,0.8856
102,114399;146,53558,0.9552;45,5964,0.8708;54,9443,0.9192;43,7898,0.8124;46,9849,0.8768
101,115706;146,52877,0.942;34,5697,0.878;42,8434,0.9148;42,7553,0.832;45,9082,0.8836
98,110507;144,52222,0.9436;41,5547,0.8876;44,8445,0.918;38,6696,0.8196;40,8613,0.8744
101,113113;147,52494,0.9616;33,5190,0.8772;26,7863,0.92;19,5753,0.8084;26,8544,0.868
101,117070;148,52611,0.9416;24,6057,0.8768;30,9231,0.9232;27,7685,0.818;30,9923,0.8792
101,116433;148,53309,0.946;29,6143,0.872;25,8730,0.9196;25,7228,0.8136;28,9310,0.8668
102,116159;144,53015,0.9572;24,5897,0.8716;29,8991,0.9208;26,7502,0.8248;28,9323,0.8744
97,116602;147,53208,0.9424;23,5947,0.8744;29,9232,0.924;24,7277,0.8236;28,9548,0.8876
95,115322;144,52602,0.9456;22,6064,0.874;28,9170,0.9172;28,7599,0.8128;32,10186,0.8964
98,118538;147,52818,0.9504;25,5944,0.88;46,9179,0.918;38,7286,0.802;50,9956,0.8844
96,117096;147,52935,0.944;38,6819,0.8804;48,9287,0.9092;42,7737,0.8112;44,10024,0.8812
97,117658;159,53203,0.9476;35,5956,0.8724;30,9546,0.9156;25,7298,0.8104;27,9339,0.8724
96,115301;160,52920,0.9524;27,6342,0.8756;32,9088,0.9228;26,7328,0.798;29,9636,0.872
98,118219;159,52885,0.9524;27,6152,0.8752;30,8915,0.9132;27,7470,0.7972;29,9661,0.8808
93,112951;159,52545,0.9528;20,5505,0.8772;29,8349,0.912;22,6540,0.7968;26,8816,0.8872
97,116816;160,54468,0.9604;25,5999,0.8668;30,8822,0.922;26,7374,0.786;31,9899,0.8828
98,118554;187,52698,0.9456;22,5539,0.8624;27,8741,0.926;23,6920,0.8004;27,9230,0.8652
95,115054;161,52571,0.9332;27,5804,0.8572;27,8614,0.9292;24,7024,0.7904;29,9420,0.866
96,116357;164,53451,0.946;26,6286,0.8656;31,9582,0.92;31,8358,0.802;32,10244,0.8596
94,114107;165,54107,0.942;27,6171,0.8556;31,9221,0.9188;38,7265,0.8012;29,9370,0.8572
96,115567;159,53136,0.9448;27,5729,0.8616;28,8077,0.9192;23,7002,0.808;26,8674,0.8752
97,117088;162,53764,0.9416;25,6596,0.86;29,9766,0.9108;25,7244,0.7996;31,10037,0.8596
97,117032;163,53916,0.958;30,6556,0.864;33,9598,0.9044;29,7782,0.8044;31,10048,0.8584
93,110044;161,53912,0.9468;23,5968,0.848;33,9589,0.902;25,7099,0.7828;28,9215,0.8504
97,117133;162,53321,0.9492;24,5927,0.8532;29,9038,0.9016;27,7863,0.7928;29,9893,0.854
106,118371;161,53323,0.9468;27,6428,0.8508;32,9922,0.9152;29,8111,0.7924;32,10589,0.8496
98,117505;160,53221,0.9552;30,6472,0.8552;29,9520,0.914;29,7808,0.8048;33,10402,0.864
95,113389;163,54435,0.9484;28,6100,0.8548;29,9442,0.91;27,7331,0.7964;30,9879,0.8636
98,116102;165,54284,0.9496;31,6162,0.8604;32,9822,0.9268;30,8058,0.8004;31,10472,0.874
96,112682;163,53260,0.9392;26,6379,0.8684;32,9247,0.922;25,7391,0.7996;30,9975,0.878
109,113803;161,53380,0.9412;21,5396,0.8656;26,8488,0.9156;23,6733,0.8036;28,9532,0.884
99,117786;160,52256,0.952;26,6965,0.8664;32,10105,0.9208;30,7846,0.8208;37,11397,0.8956
97,115043;166,54388,0.9544;27,6297,0.8676;33,10052,0.92;28,7626,0.8336;32,10405,0.8984
93,111650;163,53638,0.9512;25,6356,0.8692;32,9574,0.9276;28,7497,0.8212;32,10283,0.8968
97,116933;161,53351,0.9584;29,6613,0.8616;37,10219,0.9204;28,7842,0.816;31,10349,0.8848
94,110457;160,53502,0.9492;20,5835,0.8688;26,8866,0.912;24,7030,0.812;49,9605,0.88
97,115784;163,53543,0.9364;41,6975,0.886;47,9848,0.9176;44,8060,0.8168;50,10652,0.8872
94,109485;163,53235,0.954;35,5467,0.8744;36,7977,0.9116;35,6618,0.812;40,8986,0.8836
100,118930;166,54991,0.9456;39,7045,0.8648;50,10885,0.9196;48,8669,0.8076;56,11351,0.8864
101,119943;165,54220,0.9632;37,6716,0.8864;46,9818,0.9236;41,7884,0.8024;46,10864,0.89
98,117511;160,52899,0.9396;35,6691,0.8888;50,9721,0.924;39,7789,0.81;47,10964,0.8928
97,114978;165,52321,0.9536;35,6351,0.8748;50,9797,0.9196;44,7945,0.8068;49,10464,0.8884
97,116883;150,53352,0.9512;39,6167,0.8688;42,9109,0.9228;39,7389,0.8016;47,10300,0.8868
95,113696;147,52656,0.94;33,6220,0.8684;47,9755,0.9212;37,7220,0.808;46,10478,0.8844
94,113258;146,53472,0.9464;32,5859,0.8676;38,8684,0.918;29,6220,0.8;40,8768,0.8832
98,116339;149,53593,0.9344;37,6206,0.856;40,9182,0.9044;39,7200,0.802;50,10646,0.8756
96,114165;147,53418,0.9312;37,6329,0.8696;45,9341,0.9132;37,7313,0.7976;44,9709,0.8872
99,116816;150,53934,0.9396;40,6817,0.8752;44,10079,0.9;46,8742,0.7948;48,10759,0.876
98,116924;148,53268,0.9352;34,6050,0.8692;41,8900,0.908;33,6711,0.7932;43,9888,0.8824
99,117406;148,53163,0.956;30,5517,0.8656;36,7641,0.9016;35,6731,0.7924;35,8640,0.8744
107,118194;148,52992,0.9412;32,6734,0.8512;44,9374,0.91;27,7901,0.7944;31,10385,0.8732
104,117436;148,53149,0.9556;32,6223,0.8604;32,9025,0.9136;25,7167,0.7896;28,9637,0.8776
104,119138;152,53396,0.9472;25,6158,0.8544;35,9936,0.9188;30,7900,0.7932;30,9855,0.8744
101,115848;149,53489,0.952;23,5708,0.8652;28,8800,0.9168;38,7264,0.7988;31,9915,0.872
97,113009;148,53543,0.944;36,6210,0.8564;49,9641,0.9112;45,8060,0.8084;47,10091,0.8744
105,116086;150,54357,0.944;35,6175,0.8424;41,9225,0.9048;37,7196,0.796;45,10262,0.8716
100,119249;145,53340,0.928;35,6364,0.8516;44,9681,0.9172;36,7195,0.8004;50,10817,0.8724
94,112624;150,54441,0.9556;32,5602,0.8612;39,8189,0.9208;34,6453,0.8044;41,9161,0.8668
94,111784;150,53926,0.9532;35,5903,0.8596;43,9399,0.9192;39,7398,0.8036;47,9874,0.8644
99,116831;147,53792,0.952;38,6824,0.8656;47,9764,0.9044;38,7302,0.8012;49,10666,0.8712
100,115811;148,53633,0.9396;35,6067,0.8652;46,9284,0.9144;40,7592,0.798;45,10192,0.876
103,117994;149,53598,0.9444;34,6168,0.8544;43,9578,0.9132;41,8000,0.81;49,11203,0.8812
100,111782;145,53073,0.9384;33,5623,0.8604;41,8571,0.9148;42,7203,0.824;45,9583,0.8944
100,115588;145,52586,0.944;35,5874,0.8576;47,8528,0.9192;43,7728,0.8268;44,9573,0.8964
105,117380;148,52971,0.9476;37,6696,0.8668;49,10227,0.91;47,8390,0.8248;54,11286,0.8888
100,113967;145,53091,0.9344;36,5517,0.8776;45,8700,0.9128;34,6562,0.8332;40,8894,0.8844
102,115032;158,53169,0.9472;33,5764,0.8836;42,9221,0.9116;37,6902,0.8272;42,9293,0.8904
101,113432;155,52263,0.9564;62,6032,0.874;39,8292,0.9128;38,7334,0.8316;28,9232,0.8904
103,116934;159,53208,0.94;23,6094,0.8832;27,9328,0.9232;29,7465,0.8216;47,10065,0.89
93,111983;159,52831,0.9388;35,6126,0.8728;48,9273,0.9208;42,7653,0.814;48,10166,0.8736
98,117472;157,52498,0.95;39,6396,0.8636;45,9127,0.9128;26,7391,0.8216;30,10280,0.8844
93,111613;153,53213,0.9388;22,5615,0.854;30,8628,0.9176;24,6877,0.81;29,9310,0.8864
94,111901;184,53115,0.9568;28,6004,0.8592;30,9102,0.914;24,6681,0.8228;29,9186,0.8848
98,116566;166,53942,0.9432;24,5849,0.8572;33,9155,0.9176;29,7830,0.822;31,10009,0.8912
96,113522;161,53114,0.9484;23,5477,0.852;26,8260,0.9136;23,6659,0.8196;25,8488,0.87
96,113865;156,52317,0.948;23,5884,0.8548;38,8990,0.9208;26,7237,0.8176;28,9125,0.8716
95,114344;161,53780,0.968;23,5503,0.8376;31,9745,0.916;26,7345,0.8144;30,9703,0.876
94,113833;162,53546,0.9664;33,6267,0.8528;33,9576,0.9212;26,7233,0.826;30,9710,0.8788
98,118113;164,53177,0.9532;27,6324,0.8712;31,9221,0.9056;28,7764,0.83;31,9544,0.874
93,113294;163,54034,0.9524;27,6185,0.8712;30,9083,0.9052;26,7258,0.8304;30,10002,0.8828
96,115380;155,52939,0.9408;25,6550,0.8544;31,10330,0.8996;29,8092,0.8172;34,10631,0.8724
97,116189;160,52816,0.946;35,6203,0.8692;43,8986,0.9144;38,7384,0.81;31,10094,0.878
109,115578;153,53552,0.9368;29,6636,0.868;32,9673,0.9116;29,7733,0.808;32,10137,0.8812
97,113641;146,52958,0.936;27,6105,0.8776;27,8557,0.918;25,7097,0.8208;28,9456,0.8852
100,118595;146,52755,0.9452;29,6659,0.8696;31,9835,0.926;29,8001,0.8168;33,10438,0.8804
101,116428;148,53323,0.9504;38,6585,0.8624;39,8969,0.9172;38,7524,0.8124;45,9976,0.874
97,115806;147,53751,0.9468;31,5850,0.8656;41,9092,0.908;41,7264,0.8064;44,10060,0.876
99,116414;148,54263,0.9576;36,6478,0.8692;47,9972,0.9232;42,7923,0.812;46,10041,0.8756
98,116804;150,54514,0.9564;36,6348,0.856;46,9839,0.924;39,7590,0.8116;41,10052,0.87
98,116875;143,52737,0.9448;24,5921,0.8832;29,9246,0.9192;25,7197,0.8028;30,10069,0.8772
98,116577;149,53963,0.962;22,6042,0.882;46,9493,0.9216;41,7724,0.7984;47,10046,0.878
94,112315;147,52301,0.9368;31,5262,0.8792;45,8333,0.92;33,6482,0.7984;40,8778,0.8792
100,118504;147,53558,0.954;42,6729,0.888;48,10212,0.9232;45,8259,0.8064;53,11267,0.8824
98,118651;143,53010,0.9368;54,6237,0.874;50,9152,0.9072;39,7659,0.8012;53,9989,0.8736
96,114908;147,53429,0.9544;41,5707,0.8504;30,8612,0.9012;26,7374,0.8084;29,9502,0.8716
97,115027;147,52644,0.9516;25,6459,0.8412;34,10225,0.906;31,8296,0.81;33,10618,0.8688
98,115464;146,53298,0.9616;25,6420,0.8476;34,9626,0.918;30,7890,0.8136;33,10589,0.8808
97,116121;148,54212,0.9476;25,5863,0.8572;31,9255,0.9036;26,7336,0.8192;29,9927,0.8768
95,110623;148,54135,0.9616;29,5812,0.8512;37,9306,0.9128;26,7195,0.8072;28,9261,0.8748
110,116096;145,52534,0.9548;24,6052,0.862;30,8872,0.9152;26,7298,0.8116;29,9485,0.8784
106,116634;144,52753,0.9492;23,6287,0.8784;30,9539,0.924;27,7529,0.8052;33,10366,0.8924
96,114523;146,53512,0.944;37,5826,0.876;45,8953,0.9264;35,6884,0.8028;43,9540,0.8732
95,114271;147,53191,0.9656;34,6226,0.8644;43,8790,0.9152;43,7419,0.8036;46,9309,0.87
100,118763;148,53392,0.9464;37,6459,0.8592;46,9527,0.9176;40,7625,0.8132;48,10572,0.8692
97,114604;147,53086,0.9408;35,5722,0.87;37,8020,0.914;34,6775,0.8168;39,8763,0.8668
97,113824;147,52902,0.9508;35,5965,0.8792;41,8218,0.9124;41,7585,0.818;42,9213,0.8712
104,116926;143,52278,0.9384;34,5982,0.8772;46,8944,0.9104;44,7973,0.8032;49,10281,0.8592
105,118703;145,53268,0.9432;35,6414,0.87;51,9834,0.9028;29,8239,0.806;32,10720,0.8612
105,116898;145,52641,0.9452;24,6120,0.8568;27,9279,0.9052;39,7451,0.7984;48,10578,0.8652
102,115687;148,53954,0.9444;34,6218,0.8552;45,9822,0.9132;42,8048,0.7912;51,11107,0.872
103,115069;147,53263,0.9548;34,5942,0.838;44,9207,0.9124;38,7134,0.8004;45,10089,0.8756
104,116695;143,53078,0.9436;35,6575,0.88;42,9137,0.9244;38,7514,0.8104;45,9886,0.8748
102,114521;146,53266,0.9296;40,6570,0.8796;50,9815,0.9108;42,7874,0.8056;49,10766,0.8748
100,112674;149,53577,0.9464;38,6125,0.8708;41,9076,0.912;36,6965,0.8092;45,9731,0.8716
99,113480;148,54625,0.9568;32,5831,0.874;40,8476,0.9148;37,6724,0.7948;46,9186,0.8748
102,111428;142,52653,0.936;42,6230,0.8696;47,8861,0.918;41,7568,0.7968;46,10083,0.8864
94,111975;142,52930,0.9432;39,6038,0.8624;42,8762,0.904;38,7232,0.7876;45,9728,0.864
100,117840;147,53489,0.94;43,6982,0.8684;52,10289,0.9212;47,8103,0.7972;54,11108,0.8636
105,112202;148,53084,0.9412;41,5735,0.85;44,8813,0.9196;37,7069,0.7952;43,9347,0.8648
107,119717;150,53499,0.9372;38,6538,0.87;53,9814,0.906;43,7985,0.7988;52,10547,0.8704
104,116550;148,53479,0.9408;35,5756,0.8768;42,8345,0.9028;39,7524,0.7976;40,8988,0.8716
100,113712;146,53352,0.9456;42,5996,0.8832;43,8776,0.9132;39,7417,0.8108;42,9262,0.8776
102,116098;145,53339,0.9436;39,6249,0.8776;63,9368,0.8988;41,7661,0.8096;49,10102,0.8664
102,115646;145,52623,0.9432;33,5815,0.8624;45,8759,0.8956;36,6772,0.8128;41,9061,0.8644
99,112782;149,53045,0.9516;37,6013,0.864;41,8622,0.9068;36,6918,0.8264;39,8467,0.874
98,110972;144,53009,0.9544;32,5268,0.8652;40,7460,0.9128;32,6174,0.8216;37,8421,0.8772
103,115844;144,52182,0.944;32,6051,0.8752;46,9353,0.9052;36,7031,0.83;44,9501,0.8728
103,116584;145,52405,0.9356;41,6134,0.8596;47,9577,0.9196;40,7449,0.8248;45,9909,0.87
102,115561;146,53037,0.9496;31,6048,0.8568;43,8656,0.9148;39,7368,0.8312;44,9596,0.8764
96,114119;147,53527,0.954;41,6065,0.8512;44,9288,0.9016;41,7624,0.8136;49,10546,0.876
100,117516;145,53006,0.956;37,6461,0.8604;40,9241,0.9112;42,7899,0.8156;48,10312,0.8872
97,114620;152,54673,0.9504;37,6074,0.8828;40,8452,0.9184;39,7218,0.8152;45,9805,0.8896
94,111296;151,54179,0.9568;31,5686,0.8728;31,8314,0.9104;26,7210,0.8148;29,9425,0.8816
99,117983;148,54283,0.952;23,6200,0.8616;31,9702,0.908;28,7833,0.8156;32,10509,0.8828
95,113311;145,53220,0.9328;33,6182,0.868;29,9066,0.9108;28,7410,0.8224;52,10193,0.8896
98,116882;168,53602,0.948;45,7079,0.8752;53,10399,0.9156;50,8463,0.8152;54,11108,0.8812
99,115755;161,53367,0.952;39,6235,0.8668;50,9617,0.9196;45,7993,0.8256;54,10349,0.8844
100,118145;160,54085,0.956;40,6197,0.8752;49,9324,0.916;44,8015,0.8184;49,10617,0.8852
101,118560;160,53048,0.9412;36,6267,0.8708;44,9116,0.9128;42,7959,0.8192;50,10259,0.8892
103,115553;152,54173,0.954;37,6342,0.8724;53,9996,0.9076;43,8012,0.818;49,10453,0.8788
102,113600;145,52726,0.9448;37,6722,0.8664;56,10071,0.9096;45,8105,0.826;52,10900,0.884
102,114583;145,53254,0.94;36,6085,0.8632;48,9014,0.9148;40,7315,0.8144;43,8988,0.8736
100,113814;143,52740,0.9292;42,5651,0.8648;41,8269,0.922;36,6742,0.814;43,9330,0.8784
101,115437;146,52802,0.9428;33,5725,0.8656;42,9047,0.9064;39,7306,0.82;44,9402,0.8696
98,113945;145,52332,0.952;35,5981,0.854;43,8747,0.8928;38,7264,0.8148;43,9327,0.8756
107,117970;149,53855,0.9576;38,6786,0.8636;47,10349,0.8896;42,7427,0.8136;50,10428,0.8728
99,117829;149,53749,0.942;34,6114,0.8672;44,9250,0.8964;37,7319,0.8104;47,9437,0.87
100,118247;149,53919,0.9464;37,6058,0.8516;45,9602,0.894;39,7219,0.7992;48,10123,0.872
100,116958;148,53904,0.9528;39,6650,0.868;48,9428,0.8904;41,7755,0.8012;48,10372,0.862
98,114715;149,53938,0.9556;42,6570,0.854;51,10584,0.9048;41,7525,0.804;53,10853,0.866
96,110494;144,52721,0.948;42,5789,0.8544;44,9405,0.9012;37,7035,0.8012;42,9286,0.864
99,116132;148,53816,0.9484;36,6657,0.854;46,10382,0.9108;41,7620,0.7908;49,10520,0.8684
98,114362;150,54583,0.9528;45,6466,0.8592;47,9244,0.9156;41,7060,0.7896;48,9967,0.8736
100,116299;148,53615,0.9372;39,6259,0.8668;40,8841,0.9172;38,7283,0.7936;48,9701,0.8772
99,114154;143,52438,0.94;38,6518,0.8804;46,9358,0.9272;40,7578,0.7924;48,10338,0.8804
101,114407;151,54697,0.954;35,6284,0.8792;40,8628,0.9104;39,6990,0.7888;46,9897,0.884
102,115975;147,53578,0.954;36,6023,0.8792;42,9076,0.9164;39,7271,0.7872;45,9871,0.8904
103,117588;148,54009,0.9576;36,6282,0.8736;50,9846,0.9248;41,7958,0.7936;32,10461,0.898
102,116950;144,52473,0.946;28,6365,0.886;27,9119,0.9136;25,7226,0.8072;30,9796,0.8848
99,113680;162,52876,0.9412;26,5837,0.874;31,9388,0.9216;25,7110,0.816;29,9502,0.8912
98,113583;158,53072,0.948;38,6833,0.876;43,9835,0.916;41,7809,0.8084;46,10208,0.882
99,115705;173,53721,0.9488;35,6158,0.8616;43,9598,0.91;41,7753,0.8172;45,10058,0.8756
100,117728;162,52851,0.9424;40,6484,0.858;41,9570,0.9104;39,7855,0.822;46,10427,0.8812
104,116158;161,52852,0.9496;42,5576,0.862;41,8415,0.9176;38,7200,0.8136;46,9773,0.8788
100,115690;167,55081,0.9504;42,6351,0.8784;47,9162,0.908;41,7141,0.8148;48,10314,0.8792
100,115856;163,54281,0.95;34,5939,0.874;48,9779,0.918;40,7588,0.8232;45,9846,0.8884
99,114889;165,54068,0.952;38,5666,0.8656;43,8588,0.9044;36,6844,0.8108;43,9068,0.88
101,116812;162,53819,0.9508;43,6405,0.8732;41,9343,0.9096;41,7903,0.8096;46,10238,0.876
101,115324;165,53749,0.954;40,6385,0.8712;55,10007,0.9048;43,7760,0.8004;47,9906,0.8792
102,114832;164,53464,0.954;35,6341,0.8552;40,9113,0.8984;40,7552,0.7948;47,10267,0.89
104,117379;161,53662,0.9476;35,6131,0.8524;49,9837,0.902;46,8289,0.7964;50,10698,0.8692
102,115707;149,53401,0.9272;37,5838,0.8536;42,8504,0.9024;42,7699,0.7984;47,10093,0.8764
100,113143;148,53389,0.948;43,6425,0.8588;48,9819,0.9044;42,7794,0.8032;49,10446,0.88
101,112851;186,54240,0.944;39,6044,0.8472;41,9302,0.9132;39,7252,0.8048;47,10218,0.8856
98,115685;189,53526,0.9408;48,6015,0.8532;47,9296,0.9096;40,7231,0.8048;48,10194,0.8896
100,117395;150,53885,0.9424;40,7043,0.8452;58,10667,0.906;47,8178,0.7852;54,10716,0.8832
97,114940;149,54413,0.948;36,6213,0.8584;30,9270,0.9192;26,7244,0.7788;31,10204,0.8656
96,113087;146,53436,0.9424;27,5953,0.8472;32,9171,0.9104;26,7093,0.7812;30,9462,0.8568
101,118188;150,53538,0.9488;30,7045,0.8504;36,10612,0.9156;32,8622,0.7972;35,11216,0.8736
99,116320;150,54420,0.9492;31,6415,0.8572;28,9265,0.9072;27,7433,0.7928;33,10559,0.8748
97,113381;145,52962,0.9416;25,6229,0.8548;29,8705,0.9016;29,7587,0.8008;35,10368,0.886
103,119181;147,53120,0.9432;23,6563,0.8596;30,10348,0.914;32,8539,0.8032;35,11483,0.8808
99,112108;150,54000,0.946;28,6105,0.8504;32,9367,0.9156;28,7636,0.8036;31,9942,0.8648
104,117692;150,54070,0.9496;23,6085,0.8544;33,9885,0.9108;29,8115,0.7988;31,10276,0.8644
101,115081;150,53649,0.9368;27,6281,0.85;29,9676,0.8984;26,7365,0.7928;32,10313,0.8536
100,118339;149,54620,0.9448;24,5965,0.852;30,9034,0.8976;27,7359,0.7916;32,10415,0.858
101,118046;147,53249,0.94;25,6645,0.88;27,9535,0.9064;29,7822,0.8016;33,10439,0.8636
100,116322;149,53436,0.9536;25,6416,0.87;34,9864,0.8996;30,7730,0.7936;35,10615,0.8664
99,115366;149,53426,0.9416;27,6214,0.866;31,9317,0.9008;27,7386,0.7928;33,10469,0.8648
107,116777;150,53772,0.9428;23,6175,0.8704;27,8850,0.8972;26,7231,0.792;31,10237,0.87
98,115257;148,53965,0.9524;28,6752,0.8644;30,10222,0.9088;31,7845,0.7984;36,11446,0.8572
100,117967;146,53619,0.9304;25,6542,0.8592;35,10334,0.9064;32,8339,0.8;37,11384,0.8536
97,114420;151,53784,0.946;26,6424,0.856;30,10001,0.912;29,7610,0.7952;30,9636,0.8608
98,115957;149,54035,0.9468;30,6666,0.858;31,9722,0.9144;31,7731,0.7884;46,10029,0.8684
96,110648;146,53329,0.954;34,5842,0.8612;45,8741,0.8992;31,6119,0.7956;40,9102,0.8696
99,116666;147,53796,0.9588;26,6360,0.8656;31,9820,0.9036;26,7388,0.7968;32,10108,0.8724
96,109744;145,52849,0.9476;38,6085,0.8604;48,9261,0.9176;42,7146,0.812;50,9880,0.8788
102,118411;151,54201,0.9416;43,6987,0.8572;56,10401,0.9032;46,8523,0.8012;52,11165,0.8812
103,117597;149,54286,0.9424;37,6172,0.8588;42,8962,0.9068;39,7420,0.8088;46,9990,0.8816
103,114958;147,53666,0.9544;31,5554,0.8556;46,8337,0.9036;35,6842,0.8064;44,9324,0.8788
98,113581;147,53478,0.9468;42,6493,0.864;47,9961,0.9172;47,8355,0.8112;54,11329,0.8916
104,117154;150,54098,0.9604;34,6410,0.8448;42,9817,0.9268;41,7298,0.8004;45,10177,0.8816
102,114553;147,53973,0.9548;33,5928,0.8552;42,8834,0.9148;43,7689,0.802;51,10319,0.8712
99,116956;146,53596,0.9448;37,5861,0.8636;43,8436,0.9052;40,7636,0.808;46,9580,0.8848
105,116415;146,52677,0.9396;37,5920,0.8744;45,9348,0.8992;41,7514,0.8168;46,9719,0.8836
98,116461;148,53537,0.942;42,6544,0.8708;48,9732,0.9156;43,7824,0.8076;51,10522,0.8724
97,116092;146,53198,0.9376;33,5905,0.8444;43,9586,0.9184;39,7305,0.7908;43,9612,0.8732
96,114553;144,53170,0.9348;40,6440,0.848;41,9462,0.9084;46,8363,0.7948;49,10305,0.8704
99,118668;143,53200,0.9436;41,6403,0.8632;42,9188,0.9068;43,7907,0.8072;44,9761,0.8712
99,118580;149,53567,0.948;46,6336,0.86;58,9560,0.8972;52,8089,0.7924;47,10337,0.8688
94,111632;147,54122,0.9524;36,6059,0.8424;44,9438,0.9052;38,7326,0.788;46,10053,0.8744
96,114459;148,53256,0.9408;35,6090,0.8488;42,8921,0.8944;40,7315,0.7824;46,9751,0.884
100,116540;146,53572,0.948;42,6608,0.8572;48,9558,0.914;44,7700,0.798;50,10438,0.8756
102,116834;149,54329,0.9496;41,6732,0.8584;48,10220,0.9156;47,8360,0.7992;57,11376,0.8772
106,116070;149,54441,0.9516;39,6250,0.864;54,9544,0.9276;42,7970,0.8176;47,9945,0.8832
101,111749;145,52329,0.9376;37,5950,0.8648;48,8916,0.92;39,7202,0.8044;45,9715,0.8724
103,115700;158,51979,0.9568;35,6477,0.8624;44,9055,0.916;42,7606,0.812;48,9992,0.874
101,113543;174,52320,0.952;37,6089,0.8588;42,8840,0.9152;43,7870,0.818;46,9610,0.8748
105,117689;164,52457,0.9396;39,6178,0.8668;44,9458,0.9188;42,7694,0.826;47,9971,0.8796
104,116519;162,53688,0.9464;35,6414,0.8628;48,9804,0.9188;45,8074,0.8228;51,10844,0.8844
101,113568;163,54039,0.9628;38,6058,0.8628;46,9891,0.9192;38,7046,0.8324;45,9555,0.8868
104,115603;161,53489,0.9448;38,6356,0.854;50,9889,0.9236;44,8028,0.8128;49,10571,0.8928
105,115547;160,52428,0.9476;36,6275,0.8624;43,9586,0.9176;43,7906,0.81;48,10571,0.886
104,115734;160,53136,0.9504;36,6236,0.8712;48,9645,0.9136;43,7627,0.8116;49,10641,0.8896
100,111787;159,52921,0.9384;38,6511,0.8724;47,9718,0.9156;40,7315,0.8116;47,10332,0.8848
101,113845;160,53899,0.9468;33,5837,0.8692;55,9270,0.91;36,6905,0.8208;42,9127,0.878
103,114633;162,52975,0.944;39,6428,0.8788;50,8864,0.908;39,7348,0.8144;47,9903,0.8736
97,117212;161,53115,0.938;31,6057,0.866;42,8779,0.8948;40,7642,0.8056;43,9673,0.8728
98,117407;160,52707,0.9336;37,6535,0.868;46,10087,0.8908;46,8141,0.8004;54,10661,0.8732
96,114969;159,53263,0.9472;42,6309,0.8536;51,9822,0.896;47,7894,0.7944;52,10662,0.8648
99,117911;159,52654,0.952;42,6549,0.854;53,9882,0.9056;46,8022,0.806;52,10508,0.8688
95,113971;160,53133,0.9336;42,6260,0.8596;54,9640,0.914;44,7596,0.8112;51,10296,0.8924
96,115396;157,53830,0.9496;46,6290,0.8632;47,9141,0.9168;44,7685,0.8068;52,10535,0.8816
99,117815;163,54263,0.9412;42,6582,0.8568;51,10234,0.9188;48,8379,0.7968;54,10872,0.876
100,118427;163,53763,0.9516;64,7055,0.8568;59,10103,0.9172;47,8029,0.8068;54,10550,0.8768
96,114702;160,52923,0.9436;40,6272,0.8484;52,9675,0.9096;47,7929,0.808;55,10704,0.8752
98,118119;162,53477,0.95;40,6301,0.8416;45,9251,0.8856;47,8275,0.806;53,10644,0.8644
96,114350;163,53606,0.9244;49,6351,0.8512;53,9835,0.89;50,7784,0.7948;53,10085,0.8584
98,116856;159,53335,0.9416;42,6300,0.8504;47,9180,0.8872;47,7901,0.7944;52,10648,0.868
95,113196;161,53825,0.9524;36,5839,0.8616;44,8635,0.8996;47,8237,0.8152;47,9507,0.8704
97,114811;160,53630,0.942;38,6320,0.8528;45,9512,0.902;40,7538,0.8012;49,10668,0.8644
95,114048;161,54344,0.9404;33,5887,0.8492;43,8977,0.9108;41,7480,0.7948;50,10237,0.8656
99,118209;160,53990,0.9608;38,6920,0.8604;49,10582,0.9224;47,8489,0.8036;53,11389,0.874
97,115805;155,53219,0.9444;34,6081,0.8648;45,9841,0.922;42,7981,0.7964;47,10219,0.876
98,115328;173,54300,0.9488;41,6401,0.8632;45,9616,0.9248;44,7919,0.8104;48,10339,0.8764
98,115265;176,53820,0.96;31,5654,0.8684;40,8725,0.9184;35,6759,0.8048;44,9551,0.8744
103,117984;161,53792,0.958;41,6857,0.8624;48,10695,0.9152;46,8513,0.8084;54,11487,0.862
103,115725;165,54086,0.948;38,6391,0.8692;45,9711,0.9;41,7436,0.8032;51,10606,0.8656
106,118149;157,53149,0.9472;37,6414,0.866;48,10338,0.904;45,8015,0.8064;53,11141,0.866
98,112741;162,54524,0.9484;40,6930,0.8612;47,9915,0.9004;47,8302,0.8136;51,10875,0.8572
102,114824;160,53272,0.946;44,6291,0.8496;44,9270,0.8988;44,7971,0.8116;48,10253,0.8684
97,111752;160,53675,0.9444;35,5895,0.8472;44,8598,0.8948;43,7522,0.8044;47,9955,0.8812
102,116470;164,54944,0.9576;38,6451,0.852;49,9923,0.9084;47,8119,0.796;54,11114,0.8876
101,115126;162,53373,0.9488;42,6577,0.8644;46,9417,0.9116;48,7877,0.802;49,10233,0.8768
97,110953;163,53897,0.9564;36,5980,0.8708;46,9207,0.9112;40,7604,0.8228;46,10242,0.8808
101,116788;159,53890,0.9552;42,6902,0.8708;52,11008,0.9132;49,8984,0.8352;56,11902,0.8812
98,114028;160,53361,0.9512;35,6347,0.85;40,9860,0.9112;45,8065,0.8268;51,10830,0.8664
98,116004;165,54054,0.96;55,6026,0.8532;38,8251,0.9052;38,7014,0.8244;46,9956,0.8844
100,116013;161,53823,0.9456;42,6831,0.8428;53,10798,0.9124;49,8576,0.8236;61,12311,0.8868
99,118445;158,52886,0.9528;37,6523,0.8512;47,9908,0.8944;45,8088,0.8244;52,10909,0.8904
99,118027;149,54077,0.9528;43,6567,0.8428;50,10225,0.9064;47,8377,0.816;52,10709,0.888
98,116580;146,53246,0.9564;39,6432,0.8544;45,9708,0.9308;44,7832,0.8268;47,9989,0.8864
96,113305;147,53435,0.9612;24,6423,0.8404;31,9894,0.9228;28,7695,0.8028;33,10612,0.8652
100,118968;148,53066,0.942;25,6148,0.852;31,9544,0.9236;26,7359,0.7992;30,10354,0.8676
99,116360;149,53885,0.9404;26,6680,0.8528;43,9694,0.9152;43,7842,0.8128;47,10334,0.8576
96,114100;146,52751,0.942;35,5831,0.8548;42,8509,0.9112;37,6988,0.812;42,9120,0.8812
97,115551;146,53422,0.9432;40,6366,0.8668;43,9254,0.9148;44,7865,0.8164;49,10172,0.8792
95,112416;147,53324,0.946;42,6734,0.8892;44,9676,0.92;42,7731,0.818;49,10225,0.8804
101,120703;148,53577,0.9512;40,6857,0.884;50,9780,0.9276;48,8778,0.828;51,10903,0.8756
96,114278;152,54242,0.964;33,5958,0.8596;45,9102,0.912;41,7479,0.8068;48,10241,0.8712
97,115220;142,52222,0.9392;37,6081,0.8504;46,9143,0.9028;35,6920,0.7964;43,9445,0.8696
97,115741;145,53024,0.9308;37,6489,0.8664;45,9264,0.9032;39,7577,0.7992;49,9997,0.866
98,116211;152,53841,0.9484;35,6154,0.8732;44,9325,0.9084;39,7355,0.8076;50,10412,0.8732
98,117458;146,52853,0.9528;39,6229,0.8684;40,8867,0.8972;37,7198,0.8036;46,9976,0.88
100,119234;147,53070,0.9336;35,5995,0.8508;48,9704,0.9128;46,7948,0.7976;51,10288,0.8804
96,113125;146,53472,0.9484;36,6328,0.8656;40,8984,0.9072;40,7446,0.802;44,9687,0.8804
98,115930;146,53509,0.954;38,6260,0.8664;45,8842,0.9052;42,7717,0.8068;46,9813,0.8816
99,116581;146,52897,0.944;44,6007,0.856;46,9636,0.908;41,7918,0.8128;47,10471,0.8748
96,113656;146,53318,0.9448;35,6374,0.8588;45,9474,0.908;43,7887,0.8204;51,10024,0.8764
97,113504;147,53371,0.9532;41,6489,0.8444;57,9689,0.8948;47,7752,0.8112;54,10230,0.8724
98,115241;148,53835,0.9488;46,6468,0.8512;57,10409,0.8912;50,7904,0.792;60,11082,0.8672
98,116266;147,53672,0.9524;42,6644,0.8568;53,10022,0.9044;53,8575,0.7988;52,11108,0.8712
99,117050;147,53334,0.9384;37,6185,0.8488;45,9778,0.9088;46,8459,0.7888;48,10338,0.8596
96,113860;144,52504,0.9412;45,6186,0.8316;45,9113,0.8852;45,7217,0.7948;47,10127,0.8652
95,112399;164,54123,0.9432;38,6223,0.826;48,9446,0.8844;43,7644,0.796;49,10276,0.8624
97,115607;161,53399,0.9376;47,7322,0.8276;53,10737,0.9064;47,8322,0.7888;55,11416,0.8784
98,116556;162,53516,0.9344;35,6361,0.8552;39,8899,0.9156;44,7950,0.8092;49,9640,0.8776
96,114231;160,53127,0.9588;36,6583,0.8484;44,9650,0.91;42,7705,0.8024;45,9781,0.8672
99,118489;163,54483,0.9492;42,7601,0.8528;46,10757,0.9116;47,8580,0.8012;55,11692,0.8712
97,115233;157,52680,0.92;39,6450,0.84;47,10259,0.9112;47,7672,0.7976;54,10474,0.872
100,117515;165,54124,0.9396;45,6892,0.8472;50,9985,0.9116;47,8327,0.796;52,10598,0.8784
102,119524;161,53688,0.9396;35,6521,0.8436;46,10252,0.9048;42,8016,0.7796;52,11339,0.8828
101,118468;162,54243,0.938;36,6688,0.858;46,10075,0.9128;39,7511,0.7824;50,10820,0.8716
98,114019;162,54085,0.938;40,6494,0.8508;45,9420,0.9048;38,7311,0.7904;46,10056,0.8552
100,118038;158,53095,0.9444;35,6586,0.8624;51,10000,0.9068;46,8533,0.8112;52,11193,0.874
96,112722;157,54021,0.9572;37,6412,0.8636;43,9577,0.9192;43,7656,0.8308;45,9759,0.8832
98,114124;160,53036,0.9356;37,6324,0.8684;43,9570,0.9236;31,7512,0.8256;31,10065,0.8772
104,115551;154,51589,0.9488;25,5930,0.8656;25,8184,0.9248;25,6957,0.8208;28,9367,0.8788
100,116892;158,52772,0.942;27,7023,0.8696;32,10677,0.9152;31,8528,0.824;34,11087,0.8824
96,114253;163,53447,0.9516;25,6348,0.8776;30,10121,0.9256;28,7838,0.8072;32,10373,0.8788
97,115216;156,53607,0.9532;25,6003,0.8588;34,9529,0.922;27,7587,0.806;31,10051,0.8848
95,112427;186,53604,0.9552;38,6705,0.8664;47,10185,0.9276;43,7877,0.8112;53,11220,0.8904
95,113475;166,54332,0.9556;38,5879,0.8724;43,8083,0.9196;36,6854,0.8128;40,9053,0.8868
100,118946;163,54104,0.9536;39,6608,0.8616;46,10100,0.9192;39,7556,0.8176;47,10349,0.8868
96,114348;166,54761,0.9572;34,5660,0.862;51,8669,0.922;36,6927,0.8212;46,9448,0.8872
96,115172;166,54679,0.9652;35,5789,0.862;44,8574,0.9212;37,7274,0.824;44,9406,0.896
97,115704;160,53348,0.9468;35,6270,0.8792;45,9603,0.9212;40,7456,0.8312;44,9753,0.8912
98,116882;157,52977,0.9492;38,6265,0.8764;43,9442,0.9192;43,7945,0.8244;50,10365,0.8932
99,118529;156,52045,0.9392;41,6487,0.8836;52,10161,0.924;51,8845,0.8328;56,11474,0.898
98,116885;166,53861,0.9556;34,5979,0.876;45,9141,0.9008;41,7807,0.82;49,10070,0.8824
97,115750;160,52904,0.9464;37,6179,0.8696;50,9698,0.9084;43,7714,0.8012;52,10557,0.8788
95,113104;162,53621,0.9504;49,6077,0.8784;41,8540,0.9072;31,7724,0.806;30,10067,0.88
100,118636;159,52725,0.96;31,6657,0.8884;34,9822,0.9228;26,7471,0.8064;31,10142,0.8836
96,114794;160,53343,0.96;25,6522,0.8836;28,9098,0.9124;29,7990,0.8008;31,10084,0.8784
99,117708;159,52536,0.9568;28,6303,0.8816;32,9512,0.9164;27,7700,0.82;30,10213,0.8916
97,115432;161,53219,0.9624;23,5769,0.876;27,8639,0.9188;26,7463,0.8104;30,9756,0.8928
97,115728;163,53374,0.9484;45,6639,0.8832;38,10552,0.934;28,7940,0.81;32,10346,0.8936
94,111483;160,53140,0.948;25,6085,0.878;32,9876,0.9312;27,7745,0.8144;31,10151,0.8896
97,113785;159,52771,0.956;25,6172,0.8752;26,8428,0.9212;25,7393,0.8164;27,9385,0.8912
96,112636;157,52432,0.948;26,6133,0.87;34,9167,0.9192;25,7339,0.82;30,9958,0.8952
99,115251;165,53720,0.946;32,6357,0.8636;30,9082,0.9192;30,8174,0.83;33,10486,0.8888
103,117888;149,53948,0.9512;24,6214,0.8792;29,9020,0.9288;26,7333,0.824;30,10052,0.8816
100,109675;145,53159,0.9396;25,5738,0.8776;26,8759,0.926;24,6940,0.8188;27,9137,0.8828
107,118314;147,52933,0.9604;25,6297,0.8764;34,9705,0.928;29,8054,0.8112;32,10553,0.8852
96,112500;149,53036,0.9512;26,5778,0.866;29,8789,0.9228;25,7238,0.8036;29,9328,0.88
100,113275;147,52497,0.938;31,6819,0.8776;28,9700,0.9172;28,7720,0.8032;32,10631,0.8788
102,112884;149,54192,0.9656;23,6134,0.868;29,9414,0.9128;28,7634,0.8032;33,10618,0.8924
97,115595;147,53234,0.954;23,6066,0.8736;29,9332,0.9044;27,7548,0.8092;32,10087,0.8884
99,117892;162,53331,0.936;27,6512,0.8752;30,10155,0.9184;28,7969,0.8048;30,10081,0.884
97,114831;148,53446,0.958;27,6329,0.872;35,9808,0.9224;27,7654,0.8132;33,10758,0.884
106,112696;146,52900,0.9368;26,5975,0.8688;32,9525,0.9256;29,7813,0.8196;30,9728,0.8876
100,115725;146,52918,0.938;23,6040,0.8676;27,9026,0.916;27,7295,0.818;31,10132,0.8896
98,116402;147,53113,0.9488;25,5977,0.8656;27,8409,0.9156;24,7073,0.8168;29,9605,0.8916
102,117010;147,54265,0.9596;25,6178,0.8536;30,10137,0.9184;27,7677,0.8248;34,10973,0.8916
102,117260;145,53260,0.9612;24,5976,0.8608;28,9503,0.9268;26,7305,0.8176;30,10126,0.8968
101,117137;148,54200,0.9476;24,6349,0.8632;31,9989,0.9304;28,7779,0.8232;32,10396,0.8872
101,117242;146,53457,0.9616;26,6077,0.8516;27,8905,0.9248;26,7192,0.8196;31,9948,0.8856
100,116213;143,52980,0.9468;28,6498,0.8624;30,9661,0.9176;30,7690,0.8104;33,10528,0.8768
98,114759;148,54015,0.9472;21,5457,0.8648;26,8393,0.9184;23,6794,0.8136;26,8915,0.874
99,114904;143,53199,0.964;32,5706,0.8636;39,8651,0.9164;36,7032,0.8152;42,9864,0.8892
113,115696;144,53374,0.9512;38,6072,0.876;38,8727,0.9208;38,7166,0.8216;46,10088,0.9004
101,116376;143,53296,0.9504;37,6917,0.8852;50,10587,0.93;45,8427,0.82;52,11196,0.8876
98,112654;141,52795,0.9632;33,5979,0.8824;41,8181,0.9148;39,7542,0.8268;42,9355,0.8928
102,117448;144,53129,0.9452;44,6092,0.8744;45,9220,0.908;38,7472,0.8248;43,9411,0.8816
111,112314;146,53225,0.9448;35,5866,0.8808;42,8543,0.9096;36,7016,0.8056;42,9161,0.8776
101,111429;146,53726,0.9524;34,5762,0.8832;40,8746,0.9072;36,7002,0.8;44,9350,0.8776
96,114932;145,53095,0.9424;38,5972,0.8868;44,9192,0.9152;42,7330,0.808;49,9816,0.8696
99,117841;146,53862,0.9652;42,6263,0.8788;44,9315,0.918;41,7910,0.8128;47,10045,0.88
97,116005;141,52977,0.95;42,6469,0.8876;46,9764,0.9204;44,8157,0.8204;49,10611,0.89
94,112361;145,54032,0.966;37,6048,0.8868;43,9619,0.9132;39,7419,0.8128;50,10519,0.8848
98,115989;145,53751,0.944;37,6446,0.8684;48,10317,0.9312;41,7636,0.794;50,10609,0.8784
98,115167;146,53871,0.9564;35,6549,0.8584;47,9982,0.9128;39,7808,0.7996;45,10349,0.8696
96,112721;145,53657,0.9484;40,5924,0.8492;38,8913,0.8996;37,7272,0.8012;40,9124,0.8792
99,118198;143,53023,0.9524;36,6356,0.8516;44,10243,0.9164;45,8479,0.8152;49,10751,0.8756
98,115440;145,53595,0.954;36,6421,0.8524;43,9717,0.92;37,7389,0.8092;45,10041,0.8716
97,115111;144,52991,0.9456;34,5825,0.8572;35,8491,0.9088;37,7035,0.808;42,9327,0.8788
98,115712;149,53432,0.9572;36,6769,0.8572;54,9834,0.9052;43,7991,0.804;48,10292,0.8788
97,114890;147,54452,0.9596;38,5836,0.858;45,9255,0.9208;41,7263,0.8056;46,9934,0.8796
93,111292;150,54370,0.9528;41,6387,0.8688;46,9206,0.9252;39,6927,0.8128;41,9027,0.884
97,115582;148,53061,0.9548;37,6083,0.8676;50,9317,0.9312;44,7712,0.824;50,9809,0.8844
97,116062;149,54088,0.9452;36,5889,0.8792;50,9404,0.93;41,7388,0.8312;50,9999,0.886
95,113231;146,53360,0.9532;38,6387,0.8812;49,9917,0.922;42,7765,0.8176;45,9843,0.8824
99,117755;148,53918,0.9448;41,6271,0.8904;47,9683,0.9176;38,7593,0.8192;45,10378,0.886
98,116923;145,53064,0.9288;38,6077,0.884;45,9590,0.9212;40,7298,0.8248;49,10119,0.888
98,117262;144,53458,0.9492;31,6023,0.8832;40,8819,0.9128;33,6781,0.834;47,9525,0.8888
99,118153;146,52907,0.944;40,6402,0.88;46,9629,0.9192;39,7860,0.8352;43,9829,0.8924
96,114257;148,53599,0.9528;43,6252,0.87;52,9074,0.9204;45,7770,0.828;44,9900,0.8816
96,114335;146,53605,0.9596;31,5837,0.8756;45,8363,0.9184;38,6873,0.826;42,9198,0.8872
99,112549;147,53278,0.9388;38,5725,0.8624;41,8196,0.9116;37,6948,0.8152;42,9225,0.8944
98,114777;163,53014,0.9604;34,5825,0.864;41,8766,0.928;34,6830,0.822;39,8878,0.8896
101,119449;160,52634,0.94;46,6096,0.8764;42,9433,0.9244;41,7693,0.8244;46,9980,0.8828
100,117835;160,53169,0.9424;38,6484,0.8728;45,9076,0.9032;42,7810,0.82;47,10045,0.8736
98,116699;164,53594,0.9428;43,6046,0.8628;43,9310,0.9176;39,7231,0.8236;45,10001,0.8816
98,116050;166,53880,0.9428;39,6140,0.8736;46,8542,0.9148;36,7169,0.8304;43,9642,0.8824
98,116836;162,53230,0.9536;41,6370,0.8584;45,9469,0.9052;42,7790,0.8184;53,10777,0.8788
101,113292;165,54165,0.942;37,6009,0.8636;41,8599,0.9148;37,7145,0.8176;42,9168,0.8856
105,117422;163,53528,0.948;38,6116,0.8488;42,8608,0.9128;40,7589,0.8108;45,9952,0.8828
106,118133;148,53354,0.9604;49,6412,0.8656;41,9049,0.9248;39,7437,0.8204;44,9892,0.8884
103,115968;148,53668,0.9484;40,6354,0.8684;47,9662,0.9384;45,8223,0.8388;47,10035,0.8996
105,114178;143,53324,0.956;43,6904,0.8824;52,10453,0.9276;47,8140,0.818;55,11159,0.8936
102,118257;156,52286,0.9348;37,6413,0.8784;46,9927,0.9308;43,7925,0.8096;48,9987,0.8868
101,115980;157,53221,0.9432;37,6450,0.8764;47,9799,0.922;43,7750,0.812;46,10242,0.8832
101,116300;161,52953,0.9612;40,6072,0.8756;41,8998,0.916;37,7324,0.8228;43,9757,0.884
103,116961;159,53621,0.962;44,6415,0.8688;45,9039,0.9164;39,7244,0.8312;43,9408,0.8788
104,115896;158,53060,0.9496;46,6061,0.8856;43,9343,0.9236;40,7488,0.844;46,9659,0.8824
106,117250;159,53173,0.9556;40,6039,0.88;41,8600,0.9128;41,7565,0.8356;45,9629,0.8904
104,117558;149,53605,0.9472;41,6455,0.8968;45,9202,0.9184;38,7097,0.834;45,9699,0.8852
104,114345;147,52716,0.9512;32,5578,0.9004;42,8778,0.9212;38,7289,0.8464;40,8575,0.8932
104,114476;146,53215,0.9484;35,5534,0.8816;41,8574,0.9272;39,7546,0.838;41,9184,0.8968
102,112979;152,53413,0.9568;36,5916,0.872;40,8871,0.9272;37,7433,0.8424;43,9298,0.8952
107,119106;152,53326,0.9616;36,6131,0.8768;41,8963,0.9296;37,7305,0.8368;44,9704,0.892
103,115867;144,52598,0.9484;33,5856,0.894;38,8830,0.9388;35,7212,0.8468;42,9487,0.8992
103,116494;148,54412,0.948;37,5728,0.8852;40,8586,0.9244;33,6776,0.8348;38,8702,0.888
104,113071;148,53342,0.9568;32,5527,0.8888;39,8480,0.928;33,6569,0.8384;41,8946,0.904
102,117299;164,53660,0.9672;35,6041,0.9024;50,9597,0.938;35,6922,0.8476;43,9546,0.9
101,116168;160,52807,0.9636;32,5559,0.9;44,8306,0.9384;33,6750,0.8404;36,8260,0.8936
101,115533;155,52141,0.9492;30,5689,0.8908;38,8234,0.9452;36,6957,0.8568;41,8745,0.8984
99,109365;157,52150,0.9644;35,5188,0.8936;36,7856,0.9264;34,6572,0.8544;38,8125,0.9052
106,117051;159,52630,0.956;29,5484,0.9024;45,8845,0.9388;38,6989,0.8564;42,9180,0.898
106,117016;162,53446,0.9496;33,5727,0.9056;40,8429,0.9312;35,7191,0.8568;40,8898,0.8972
102,113119;159,52778,0.9328;30,5128,0.8944;39,8022,0.9344;32,6307,0.8504;37,8259,0.8912
102,110310;164,53137,0.9524;35,5210,0.8816;43,8223,0.9216;34,6542,0.8596;37,8123,0.8956
101,111999;161,53291,0.9608;35,5420,0.8936;36,7708,0.9264;30,6313,0.8504;34,7686,0.8856
102,112669;157,52617,0.9404;23,5392,0.8752;27,7840,0.912;22,6432,0.8316;38,8152,0.876
101,112829;161,53190,0.95;30,5270,0.8716;46,7481,0.9224;31,6520,0.8432;35,7979,0.8832
100,112084;158,52423,0.9472;35,5549,0.8796;40,8210,0.9292;32,6704,0.8416;37,8399,0.882
101,115620;163,52524,0.9396;30,5240,0.892;38,7685,0.9308;31,6421,0.8436;35,7754,0.8776
103,111935;160,53183,0.9516;33,5515,0.8808;42,8008,0.9268;35,6874,0.8432;45,9346,0.8864
97,113276;163,54031,0.956;37,5101,0.884;49,8162,0.9292;35,6651,0.8528;42,8570,0.8884
98,113373;161,53596,0.9384;35,5050,0.894;43,8126,0.9264;33,6225,0.854;42,8578,0.8904
100,115960;159,53145,0.9536;38,6110,0.8896;52,9076,0.942;39,7015,0.8452;43,9253,0.9004
100,115489;160,53200,0.9388;34,5482,0.8748;46,8733,0.9368;30,6218,0.8444;40,8947,0.9004
101,115917;161,53282,0.9428;31,5273,0.8812;38,8006,0.9348;33,6479,0.8456;36,8251,0.8956
99,116584;159,52935,0.9416;27,4901,0.8836;33,6889,0.9324;27,5907,0.844;32,7398,0.894
102,113107;157,52896,0.9608;35,5217,0.8968;45,8216,0.9416;30,6052,0.8584;36,8161,0.9008
106,116871;170,51991,0.954;27,4955,0.888;40,7461,0.934;29,5666,0.856;32,7396,0.8996
105,116857;171,52663,0.9384;25,4411,0.8904;39,6602,0.9396;27,5799,0.8576;30,7052,0.8976
104,116639;156,52523,0.9384;28,4702,0.904;32,6796,0.9408;28,5972,0.8584;32,7464,0.9004
102,110324;163,53312,0.9508;28,4524,0.8908;30,5918,0.9352;27,5259,0.8432;30,6762,0.8988
95,104131;160,52674,0.9364;24,3594,0.8956;29,5570,0.938;21,4544,0.8452;26,6007,0.9012
89,99022;162,53577,0.9512;14,3012,0.9;18,4565,0.9452;10,3464,0.858;13,4748,0.9092
79,88555;175,53356,0.9472;14,2532,0.9124;17,3720,0.948;10,3106,0.8668;11,3977,0.9132
74,80195;160,52812,0.9564;18,2200,0.9148;19,3159,0.9488;12,2731,0.8608;13,3297,0.9096
64,70923;160,53491,0.9632;28,2052,0.9228;19,2762,0.9472;11,2396,0.86;11,2833,0.91
55,61816;161,52900,0.9472;17,1475,0.9176;12,1984,0.9488;7,1783,0.8612;9,2308,0.9108
54,60723;161,52619,0.9556;10,1165,0.92;11,1833,0.9512;6,1540,0.864;8,2013,0.9108
45,51176;160,52513,0.9372;16,1214,0.92;16,1796,0.9528;7,1539,0.8688;7,1707,0.91
38,42201;158,52379,0.9496;22,1229,0.9172;11,1593,0.9532;6,1349,0.8628;7,1566,0.9096
34,38539;162,52995,0.9648;13,953,0.92;19,1708,0.9516;5,1077,0.8632;6,1452,0.916
35,36889;160,52790,0.9384;17,1001,0.9248;14,1472,0.9496;5,1004,0.8668;6,1486,0.9124
30,27938;158,52820,0.9416;5,491,0.9244;6,651,0.948;1,544,0.864;2,722,0.9128
15,18579;157,52559,0.9456;4,246,0.9268;4,360,0.95;1,293,0.8632;1,502,0.9108
15,18571;162,53396,0.9428;4,347,0.9256;4,461,0.95;1,321,0.8648;2,387,0.9128
11,12543;159,52848,0.9484;4,217,0.9252;4,298,0.9492;1,278,0.864;1,322,0.9124
11,13015;162,53962,0.9536;4,227,0.926;2,228,0.95;1,258,0.8648;1,290,0.9128
7,8276;160,52656,0.9656;2,133,0.9244;2,175,0.9488;1,166,0.8632;1,183,0.9116
