203,124750;313,54530,0.9496;205,27230,0.8876;244,35256,0.9452;280,27004,0.8356;273,30787,0.9248
205,124550;302,52492,0.9508;69,7841,0.898;92,10930,0.9312;86,9730,0.85;100,12210,0.9244
205,124526;306,52939,0.984;61,7108,0.9164;81,9937,0.9312;79,9087,0.8556;92,11087,0.9076
205,124406;310,52924,0.9552;63,7056,0.9136;84,10169,0.9308;74,8691,0.8468;87,10790,0.912
207,124516;317,54248,0.9704;67,7291,0.9056;86,10134,0.9308;81,9120,0.852;89,11137,0.9076
207,124486;313,53138,0.9684;71,6761,0.9096;81,9923,0.9384;73,8461,0.8432;84,10587,0.8948
202,124503;314,53088,0.9668;71,7286,0.9048;87,10106,0.9376;76,8854,0.824;87,10936,0.8852
198,124500;313,53311,0.978;63,7036,0.912;87,10226,0.9296;78,8988,0.8264;88,11050,0.8892
200,124484;318,53231,0.9768;63,7020,0.924;80,9609,0.9364;78,8821,0.8484;84,10483,0.8944
203,124509;310,53360,0.9532;63,7002,0.9148;85,10560,0.9472;79,9124,0.8508;90,11161,0.8884
206,124505;314,53504,0.9552;68,6620,0.9176;81,10058,0.9544;74,8598,0.8508;83,10382,0.8916
202,124498;314,53024,0.958;62,6946,0.9148;75,9309,0.95;72,8502,0.848;84,10638,0.8952
203,124472;317,54066,0.9736;61,6701,0.9224;78,9584,0.9504;77,8775,0.8484;85,10576,0.8816
199,124503;316,54091,0.968;75,7211,0.9156;92,10562,0.944;78,8910,0.8468;99,11544,0.8732
201,124443;313,53909,0.9712;83,6714,0.918;88,9841,0.9364;77,8670,0.848;87,10715,0.8716
205,124522;311,53376,0.9492;61,6694,0.9164;79,9863,0.9436;72,8415,0.8492;86,10746,0.876
206,124530;307,52495,0.9608;67,6921,0.924;83,9620,0.944;75,8577,0.8472;87,10840,0.8768
202,124406;311,53300,0.9816;65,6572,0.9204;81,9641,0.9468;69,8199,0.8416;84,10656,0.8748
201,124436;307,52885,0.9448;54,6498,0.9068;72,9065,0.9336;70,8387,0.8308;80,10185,0.8612
199,124484;306,53075,0.9536;69,6814,0.9236;76,9394,0.9392;74,8668,0.832;87,10979,0.8704
207,124474;310,53241,0.9572;60,6480,0.9208;81,9652,0.9548;71,8387,0.8456;84,10548,0.8744
209,124357;312,53896,0.958;56,6442,0.9264;72,9007,0.9452;72,8407,0.8424;82,10333,0.8692
205,124469;316,53388,0.96;56,6492,0.9288;71,8908,0.9408;70,8343,0.8356;83,10451,0.8652
203,124452;312,53002,0.9704;60,6320,0.9368;68,8706,0.95;67,8102,0.8376;79,10108,0.8628
201,124474;311,53227,0.9544;58,6579,0.9184;77,9273,0.9304;73,8495,0.8316;84,10563,0.8644
199,124500;314,53537,0.9676;61,6541,0.9176;81,9691,0.9424;77,8973,0.8488;87,10752,0.8772
194,124471;317,54202,0.974;58,6453,0.9108;91,9580,0.9376;73,8473,0.8376;85,10603,0.8796
192,124462;318,54381,0.9708;60,6502,0.9144;76,9342,0.9344;75,8690,0.8316;86,10740,0.874
192,124487;317,53844,0.9652;59,6701,0.9204;92,9845,0.946;71,8458,0.8348;83,10524,0.8748
190,124485;314,53301,0.9736;66,6705,0.902;85,9764,0.9364;74,8640,0.832;88,11114,0.8624
209,124477;321,53816,0.9572;63,6633,0.908;85,9482,0.9412;70,8350,0.8388;82,10394,0.8616
193,124498;307,52917,0.9468;58,6480,0.9096;93,9010,0.94;71,8383,0.8344;81,10381,0.8668
192,124425;308,52660,0.9608;57,6304,0.9044;80,9327,0.9452;73,8464,0.836;88,11078,0.868
199,124492;319,54001,0.978;60,6596,0.9136;79,9389,0.934;74,8576,0.836;88,10948,0.862
191,124483;310,53247,0.9548;59,6844,0.9096;83,10127,0.9344;78,8964,0.838;91,11218,0.8624
193,124496;309,53264,0.9612;57,6481,0.9056;81,9870,0.9396;75,8782,0.8364;85,10765,0.8648
195,124449;312,53433,0.9672;60,6441,0.9136;76,9341,0.9304;71,8391,0.8312;83,10732,0.8656
193,124473;300,51689,0.9552;55,6389,0.914;79,9859,0.9532;74,8748,0.8444;86,10809,0.8764
193,124427;307,52763,0.9648;57,6654,0.924;83,9325,0.9444;71,8307,0.8452;85,10582,0.8808
191,124485;309,52919,0.94;59,6693,0.9284;78,9692,0.9472;75,8677,0.8456;87,10931,0.8904
194,124439;314,53423,0.966;58,6486,0.9308;71,9060,0.9448;74,8671,0.8556;81,10436,0.8808
193,124461;312,52882,0.9624;51,6138,0.9236;73,8929,0.9408;66,8105,0.8464;82,10581,0.8796
193,124495;314,53669,0.9756;59,6460,0.926;79,9541,0.948;71,8470,0.8504;83,10566,0.8736
190,124469;308,52825,0.95;57,6431,0.9112;78,9495,0.9448;76,8763,0.8476;87,10871,0.8764
190,124490;309,53093,0.9628;56,6419,0.9136;74,9160,0.9392;72,8445,0.8432;83,10375,0.8724
194,124465;307,52879,0.948;60,6379,0.9248;77,9127,0.9492;73,8500,0.8528;81,10114,0.866
200,124473;309,53061,0.968;62,6553,0.9252;75,9305,0.948;77,8734,0.86;85,10486,0.876
194,124449;307,52219,0.9708;68,6660,0.9308;79,9236,0.9476;73,8518,0.86;84,10595,0.8832
192,124442;309,52564,0.9636;52,6133,0.93;73,8685,0.9512;75,8223,0.8568;87,10181,0.8824
193,124470;318,53922,0.9548;66,6518,0.9272;78,9134,0.9376;75,8666,0.8536;84,10574,0.8816
197,124447;306,52381,0.9556;58,6607,0.9276;75,9528,0.9444;74,8563,0.8532;87,10795,0.8748
208,124487;313,53118,0.9592;62,6793,0.914;80,9724,0.9412;73,8485,0.8564;86,10749,0.8744
200,124507;320,53954,0.9516;61,6660,0.9132;75,9387,0.9464;71,8485,0.8436;87,11004,0.8764
211,124466;308,52454,0.9656;56,6352,0.9136;76,9380,0.9468;74,8707,0.85;86,10843,0.8788
211,124478;312,53559,0.9552;59,6816,0.9044;80,9716,0.944;79,8985,0.846;92,11360,0.8748
212,124518;318,53964,0.972;59,6910,0.9212;83,10163,0.9556;72,8599,0.8428;85,11044,0.8788
196,124416;311,53200,0.988;56,6474,0.9324;76,9326,0.9504;72,8607,0.854;85,10742,0.8824
196,124478;316,54233,0.9692;61,6692,0.9284;80,9893,0.9564;80,9233,0.8604;91,11386,0.8808
195,124479;311,53197,0.9632;54,6312,0.9172;74,9147,0.9544;72,8524,0.8552;82,10537,0.8676
196,124484;315,53787,0.9716;55,6562,0.9348;71,8953,0.9524;68,8277,0.8628;75,9910,0.872
195,124452;313,53688,0.9652;63,6736,0.9236;78,9686,0.9488;74,8672,0.8504;84,10765,0.8568
196,124446;314,54285,0.9644;56,6399,0.9252;71,8977,0.9508;70,8322,0.8524;81,10353,0.8604
195,124483;312,53349,0.974;55,6471,0.9148;81,9480,0.946;72,8513,0.8408;84,10674,0.8492
195,124485;312,53321,0.9604;61,6431,0.9176;77,9353,0.9516;70,8340,0.848;83,10511,0.86
198,124531;315,53551,0.9764;65,6924,0.9232;81,9982,0.9484;75,8941,0.8452;90,11332,0.8628
195,124469;313,53682,0.9636;54,6577,0.9228;81,9863,0.9524;72,8648,0.8588;84,10913,0.876
192,124404;310,53563,0.9592;57,6250,0.9316;70,8825,0.96;69,8353,0.8632;80,10333,0.8824
192,124486;307,52314,0.9776;57,6530,0.9204;74,9231,0.9488;73,8584,0.8512;86,10778,0.88
193,124434;302,51944,0.9468;55,6548,0.9136;82,9935,0.9492;75,8739,0.8472;86,10918,0.8772
207,124446;309,53393,0.9592;59,6900,0.9208;78,9840,0.958;72,8549,0.8552;85,10939,0.8776
202,124488;312,53612,0.9624;55,6538,0.9212;75,9493,0.9544;68,8265,0.852;84,10768,0.8816
198,124477;303,51986,0.9684;53,6298,0.9124;88,9652,0.954;73,8573,0.8488;83,10552,0.8756
247,124523;311,52883,0.9756;67,6815,0.9148;87,10065,0.9528;74,8793,0.8568;91,11505,0.8756
230,124460;313,53076,0.9608;61,6648,0.9188;78,9324,0.9504;70,8694,0.8508;62,11162,0.8876
217,124483;310,52718,0.9552;58,6478,0.9164;75,9012,0.9416;70,8254,0.8528;86,10829,0.8872
205,124524;315,53284,0.9584;67,6995,0.9096;83,10256,0.9324;78,8871,0.8292;97,11628,0.8764
202,124522;320,54739,0.9576;59,6760,0.9028;79,9600,0.9192;77,8757,0.8388;91,11169,0.8736
202,124500;319,54360,0.9684;63,6920,0.922;80,9788,0.9468;75,8565,0.8484;88,10972,0.8908
197,124515;313,53715,0.962;65,6906,0.9184;85,10037,0.942;80,9039,0.8484;91,11245,0.8868
198,124472;308,52444,0.958;68,7170,0.928;81,9822,0.9544;75,8608,0.8396;91,11108,0.882
194,124490;306,52484,0.9468;59,6541,0.9276;77,9413,0.9432;74,8547,0.8312;88,10925,0.8752
195,124526;311,53376,0.97;64,7178,0.9148;96,10938,0.9404;84,9283,0.8332;102,12276,0.8868
209,124404;314,53719,0.9616;76,7428,0.9268;94,10581,0.956;80,8934,0.838;97,11714,0.8868
211,124443;301,52175,0.9592;59,6852,0.918;86,10166,0.9564;77,8784,0.8344;95,11493,0.8812
209,124480;315,53724,0.9492;58,6528,0.9048;83,10019,0.9484;81,8948,0.8368;93,11210,0.8768
209,124520;311,53187,0.9584;66,7201,0.8992;88,10581,0.9384;83,9161,0.8344;94,11427,0.872
209,124515;304,52105,0.952;67,7148,0.896;86,10277,0.9324;78,8778,0.8356;96,11527,0.8736
210,124496;313,53828,0.9688;70,7087,0.8932;91,10438,0.9316;79,8948,0.8372;88,10953,0.8652
210,124436;315,53315,0.9548;72,7332,0.8936;90,10417,0.9392;81,9070,0.822;98,11729,0.8632
209,124622;312,53195,0.962;75,7790,0.8932;99,11637,0.9352;91,9928,0.8172;102,12114,0.8596
209,124567;316,54284,0.9632;81,8157,0.9056;92,11072,0.9372;93,10027,0.818;104,12110,0.8516
207,124466;325,54976,0.9628;67,7179,0.8916;87,10578,0.9344;86,9537,0.804;98,11570,0.8384
207,124610;324,55296,0.956;76,7527,0.886;91,10926,0.9336;90,9751,0.8056;104,12081,0.832
208,124548;311,52894,0.9648;86,7682,0.8968;98,10884,0.9232;91,9788,0.8072;105,12336,0.8484
210,124559;317,53188,0.9572;76,7832,0.9012;98,11053,0.9168;91,9898,0.8088;106,12284,0.8436
207,124491;315,53567,0.9648;66,7305,0.9024;97,10753,0.9244;83,9106,0.7956;97,11368,0.8376
206,124609;317,54087,0.9736;73,7837,0.8952;93,10884,0.9312;91,9781,0.8012;101,11901,0.8368
209,124535;320,53230,0.9504;73,7635,0.8956;96,11106,0.9292;92,10025,0.8076;97,11534,0.8348
209,124531;317,54183,0.9716;75,7784,0.8916;106,11211,0.9228;88,9565,0.796;103,12190,0.8444
207,124546;317,53850,0.9632;68,7498,0.8932;100,11189,0.9152;88,9598,0.7752;102,12269,0.8376
206,124510;309,52880,0.968;73,7568,0.8992;103,11560,0.9328;92,9852,0.7892;104,12187,0.8432
206,124589;313,53432,0.9608;76,7807,0.8916;97,11814,0.9428;98,10404,0.8012;112,12801,0.832
197,124559;313,53465,0.96;77,8266,0.908;102,11656,0.946;89,9721,0.8024;106,12442,0.8336
198,124548;312,53355,0.954;72,7624,0.8772;109,12055,0.9524;95,10092,0.8048;101,11990,0.8324
204,124586;314,53753,0.9512;76,8097,0.884;107,12472,0.9276;92,9770,0.784;111,12666,0.8192
202,124580;307,52948,0.964;71,7483,0.8848;91,10876,0.9292;90,9770,0.7832;107,12474,0.8348
209,124586;310,53424,0.97;78,8053,0.898;101,11758,0.9188;96,10268,0.7924;108,12606,0.8384
213,124601;310,53516,0.9452;70,7566,0.8792;98,11745,0.898;93,9911,0.7872;108,12574,0.8124
209,124560;314,53625,0.9432;90,8088,0.9008;118,12175,0.94;99,10313,0.8044;111,12808,0.8132
209,124600;312,53890,0.958;79,8349,0.9052;101,12168,0.9416;96,10119,0.794;114,13242,0.826
204,124606;313,53632,0.9404;78,8286,0.8844;104,12934,0.9376;99,10523,0.7956;119,13642,0.832
213,124533;312,53388,0.9484;73,7774,0.8812;93,11296,0.94;92,9777,0.7944;109,12629,0.842
197,124595;312,53387,0.956;81,8233,0.8944;111,12238,0.93;100,10466,0.794;122,13804,0.836
198,124509;325,54919,0.9608;75,7815,0.8984;99,11590,0.9308;98,10214,0.7944;119,13244,0.8312
197,124587;322,54854,0.9476;83,8040,0.9084;101,11565,0.9304;94,9902,0.7816;118,13298,0.8276
199,124573;312,53817,0.9548;71,7728,0.8892;98,11177,0.922;101,10378,0.7836;117,13224,0.8264
199,124590;317,54146,0.9564;83,8203,0.9;109,12854,0.9284;102,10615,0.7832;125,14038,0.8412
200,124635;320,54880,0.9604;78,8521,0.8948;103,12388,0.92;102,10514,0.7848;124,14151,0.8308
208,124572;316,54177,0.9768;79,8446,0.91;105,12596,0.93;105,10880,0.8184;123,14146,0.8432
209,124633;333,55206,0.9588;79,8548,0.8824;103,12671,0.926;104,10711,0.798;126,14268,0.8276
214,124632;318,54740,0.9588;91,8408,0.8848;106,12643,0.9272;106,10980,0.8088;121,13699,0.8448
212,124666;315,54490,0.9504;79,8585,0.8872;106,13028,0.93;111,11227,0.804;121,13690,0.8208
212,124637;318,54481,0.9584;79,8173,0.882;99,11796,0.9212;102,10451,0.8084;117,13445,0.822
208,124592;316,53999,0.9676;82,8104,0.8984;102,12294,0.9256;94,10009,0.794;116,13352,0.8224
214,124619;317,54635,0.9556;87,8595,0.8708;112,13005,0.9168;113,11192,0.7708;134,14873,0.8276
208,124629;316,53718,0.9484;85,8376,0.8788;111,12549,0.9336;107,10952,0.7788;124,13780,0.8316
200,124611;319,54283,0.9648;80,8151,0.898;119,12459,0.9392;106,11049,0.7944;120,13490,0.852
199,124581;314,54040,0.958;83,8368,0.8776;106,12653,0.9276;99,10247,0.78;122,13683,0.8376
198,124569;319,53506,0.9496;80,7907,0.8904;101,11849,0.9316;100,10275,0.7804;113,12610,0.8208
199,124536;316,54650,0.9568;84,8438,0.884;108,12264,0.9296;106,10821,0.7644;122,13556,0.814
201,124535;318,54496,0.9688;77,8120,0.8812;104,11772,0.9356;102,10453,0.762;127,14113,0.8268
202,124584;319,53787,0.9512;82,8124,0.8972;106,12305,0.9372;101,10439,0.7596;122,13828,0.8204
208,124586;325,55236,0.9628;77,7856,0.898;93,10933,0.9256;96,10147,0.7704;113,13139,0.832
214,124610;321,53669,0.9576;93,8495,0.8904;113,12869,0.9404;105,10640,0.7764;121,13695,0.8316
216,124637;318,54207,0.9568;76,8149,0.8952;101,11791,0.9232;97,10280,0.788;117,13376,0.8344
209,124591;315,53520,0.956;75,7954,0.8808;122,12477,0.9224;101,10450,0.7796;121,13796,0.8448
204,124442;319,54017,0.9608;69,7656,0.8844;100,11438,0.9272;97,10048,0.7896;111,12861,0.8532
204,124582;321,55172,0.9532;87,8104,0.8792;106,12094,0.9392;98,10436,0.7956;116,13398,0.85
203,124628;321,54760,0.9524;78,8438,0.8924;109,12532,0.9424;100,10452,0.7872;121,13844,0.8396
209,124523;318,54518,0.9548;73,7702,0.894;98,11398,0.9352;93,9958,0.7996;113,13044,0.8372
214,124575;323,54438,0.9564;76,7610,0.8868;100,11976,0.9276;94,9952,0.7836;118,13533,0.838
208,124510;314,53836,0.9708;75,7719,0.89;100,11684,0.946;97,9996,0.7956;110,12780,0.8512
206,124546;313,53680,0.956;76,7768,0.8936;105,11685,0.9328;93,9800,0.798;112,13040,0.8396
202,124602;313,54196,0.95;74,7857,0.888;112,12279,0.9316;101,10480,0.7924;117,13671,0.8428
203,124463;312,53476,0.9444;71,7889,0.892;96,11778,0.934;104,10895,0.7972;122,13803,0.8396
213,124612;315,54609,0.9436;86,8177,0.8972;111,12316,0.9284;102,10618,0.8024;117,13584,0.832
208,124613;321,54529,0.952;83,8016,0.8692;105,12296,0.9212;102,10670,0.7852;117,13527,0.8324
204,124533;318,54838,0.9552;84,7855,0.8804;105,11805,0.9376;111,10988,0.7856;122,13996,0.8372
202,124594;320,55189,0.956;88,8004,0.8824;103,12253,0.9312;99,10335,0.7896;119,13827,0.8348
206,124574;326,55264,0.9544;81,8136,0.8816;105,12406,0.9328;102,10673,0.7992;119,13741,0.8476
212,124531;319,55035,0.9628;89,8308,0.8956;98,12048,0.9356;101,10469,0.7928;119,13657,0.8376
207,124547;320,54817,0.9548;82,8049,0.9076;111,11864,0.9344;94,9997,0.7972;116,13450,0.8452
204,124621;322,55217,0.9668;79,8154,0.8936;100,12487,0.9348;103,10695,0.8048;118,13703,0.8552
202,124545;318,54455,0.9544;79,8023,0.9;97,11919,0.9272;101,10580,0.8016;114,13218,0.842
205,124575;314,53830,0.9652;79,8073,0.886;100,12215,0.9268;100,10427,0.7948;116,13434,0.8528
212,124527;324,55460,0.966;74,7872,0.874;109,12283,0.928;101,10396,0.7972;115,13286,0.8524
208,124612;308,52983,0.956;80,8360,0.8992;108,13089,0.9472;102,10700,0.8124;124,14183,0.8596
207,124534;326,55180,0.9792;76,7693,0.9084;93,11295,0.9432;95,10039,0.8108;106,12488,0.8544
204,124648;326,55692,0.9504;84,8758,0.8772;113,13299,0.924;107,10926,0.7924;125,14195,0.848
204,124663;319,54610,0.9444;84,8395,0.8824;104,12857,0.922;112,11412,0.812;123,13943,0.8292
212,124593;331,54251,0.96;77,8277,0.8816;106,12667,0.9144;104,10783,0.7984;119,13672,0.8328
213,124588;312,53193,0.9608;82,8489,0.8868;108,12718,0.9244;98,10447,0.7936;117,13703,0.8548
206,124579;323,54202,0.9588;82,8352,0.8788;105,12503,0.9244;97,10210,0.7872;115,13288,0.8416
204,124615;331,56223,0.9572;81,8195,0.8836;105,12457,0.9208;103,10634,0.7884;113,13354,0.8304
210,124602;316,54165,0.9436;81,8385,0.8832;98,12189,0.9224;101,10568,0.7936;116,13571,0.8428
212,124554;318,54157,0.9652;78,8141,0.8992;95,11519,0.9296;98,10328,0.7996;112,13081,0.8588
213,124630;318,54615,0.9492;82,8408,0.8712;102,12539,0.9128;106,11033,0.7932;120,13323,0.8308
209,124654;316,54684,0.9692;77,8245,0.8684;108,12976,0.9236;105,10933,0.8016;123,14191,0.8384
204,124578;321,54744,0.9632;81,8467,0.8864;106,12245,0.9196;102,10640,0.8024;113,13265,0.842
207,124634;316,54823,0.9636;81,8550,0.8744;111,13211,0.912;105,10965,0.7924;122,14069,0.82
211,124541;317,54769,0.9696;82,7856,0.8724;98,12006,0.9236;99,10019,0.7968;119,13662,0.8508
209,124597;317,54380,0.9536;89,8635,0.886;107,12748,0.9192;108,11213,0.7988;122,14148,0.8552
207,124521;319,54814,0.9376;83,8588,0.8964;111,12017,0.934;100,10513,0.7936;113,13212,0.8252
203,124581;319,54921,0.974;75,8101,0.8976;114,13123,0.9348;107,10927,0.8012;120,13788,0.8224
207,124584;317,54585,0.9556;80,8168,0.8892;114,12497,0.9356;110,11112,0.8008;128,14549,0.8368
214,124581;316,54431,0.9472;75,7970,0.9064;98,12199,0.9412;98,10209,0.8092;112,12961,0.8448
210,124514;319,54662,0.9552;79,8132,0.8864;117,12703,0.9428;104,10658,0.8008;120,13729,0.8432
206,124573;327,55656,0.9548;80,8186,0.8996;110,11954,0.9404;102,10539,0.8128;113,12929,0.8468
203,124579;323,54374,0.9692;76,7902,0.9056;102,11719,0.9416;95,9906,0.8004;112,12997,0.8464
207,124597;319,53835,0.9384;81,8174,0.8932;107,12643,0.934;102,10648,0.7952;115,13325,0.8536
215,124573;323,55056,0.9664;77,8241,0.8872;102,12293,0.9332;99,10521,0.7832;113,13301,0.8452
211,124618;323,55510,0.9508;81,8584,0.884;110,13421,0.934;109,11191,0.7768;127,14389,0.86
205,124578;315,54138,0.9532;94,8551,0.886;102,12472,0.9424;105,10923,0.782;115,13382,0.8504
206,124544;322,54548,0.9504;77,8340,0.8988;98,11972,0.9464;99,10270,0.786;115,13382,0.852
208,124633;320,54929,0.9568;83,8403,0.8956;108,12806,0.9404;110,11231,0.792;122,14030,0.8376
214,124612;315,53791,0.9692;78,8571,0.9148;105,12803,0.94;104,10883,0.7936;123,13533,0.8328
207,124637;320,55002,0.9596;87,8447,0.8888;105,12723,0.934;107,10826,0.7844;120,13782,0.8312
204,124538;326,55701,0.9636;87,8592,0.8892;104,12410,0.9296;104,10645,0.7876;121,13849,0.8384
204,124477;323,55613,0.9708;89,8314,0.8924;108,12423,0.934;103,10535,0.7808;122,13887,0.8412
212,124643;315,54044,0.9608;81,8116,0.91;115,12853,0.9436;108,11014,0.7768;124,14017,0.8276
211,124605;320,54638,0.9616;81,8448,0.8856;109,12958,0.9264;109,10919,0.778;126,14211,0.8336
208,124469;317,54646,0.9656;83,7822,0.8968;102,11663,0.9352;106,10812,0.8036;117,13345,0.842
204,124615;320,54325,0.966;80,8024,0.8988;96,11784,0.9248;99,10380,0.8024;116,13378,0.842
215,124620;319,54426,0.9596;89,9062,0.888;108,13239,0.9168;109,11183,0.7872;124,13960,0.836
200,124634;321,54963,0.9668;87,9093,0.8968;117,12927,0.9292;107,10985,0.8036;128,14361,0.8448
199,124595;316,53977,0.9472;86,8437,0.8808;103,12398,0.9296;105,10822,0.7956;122,13799,0.8316
196,124621;317,54648,0.966;86,8743,0.9036;109,13112,0.932;115,11604,0.7904;124,14029,0.8532
198,124586;320,54761,0.9652;87,8052,0.8988;111,12502,0.9408;107,10913,0.8144;122,13888,0.8604
200,124606;322,54561,0.9508;81,8260,0.8884;109,12924,0.9464;108,11144,0.8048;120,13762,0.8568
200,124636;323,55327,0.9508;89,8857,0.8768;112,12769,0.9224;115,11497,0.7968;129,14617,0.836
208,124694;322,54713,0.9508;94,8984,0.8836;110,13400,0.9184;111,11269,0.7864;139,14838,0.826
206,124620;327,55626,0.9604;85,8623,0.8748;108,12885,0.9212;112,11110,0.7732;129,14211,0.8312
211,124584;321,54637,0.9552;83,8589,0.8876;100,12302,0.924;111,10771,0.7912;120,13773,0.8336
212,124641;318,54429,0.958;77,8689,0.8848;89,13855,0.9268;112,11192,0.782;134,14384,0.8356
209,124631;319,54319,0.9564;81,8365,0.884;113,13533,0.9432;116,11608,0.792;127,14542,0.8392
210,124586;337,56248,0.98;83,8472,0.8792;111,12953,0.934;113,11299,0.806;125,14255,0.8448
205,124582;320,54453,0.9644;81,8112,0.8972;107,12243,0.932;102,10576,0.8144;120,13650,0.8448
215,124688;317,53702,0.9664;86,8802,0.876;114,13142,0.8988;111,11193,0.7696;126,14077,0.8216
199,124675;323,54919,0.9608;98,9028,0.8792;111,13409,0.93;113,11563,0.7756;134,14929,0.8424
198,124594;320,54505,0.9644;79,8273,0.89;102,11719,0.9376;100,10295,0.7964;120,13770,0.8548
198,124562;318,54232,0.97;76,8015,0.8676;103,12165,0.9264;105,10698,0.7896;119,13373,0.8376
200,124634;317,54394,0.9672;82,8424,0.8748;107,12859,0.9336;111,11267,0.7944;128,14365,0.8324
199,124651;316,54205,0.9544;86,8743,0.8564;111,13264,0.9308;114,11189,0.7732;130,14722,0.8336
199,124627;323,55349,0.9652;86,9092,0.872;115,13593,0.9364;117,11819,0.7652;131,14819,0.8216
200,124623;319,54291,0.9676;90,9197,0.8956;114,13553,0.9396;116,11667,0.7944;133,14821,0.8432
201,124583;322,54731,0.9528;87,8374,0.9072;105,12658,0.9432;109,11093,0.818;121,13823,0.8484
204,124385;321,54390,0.9552;85,8397,0.9016;113,12515,0.94;105,10645,0.806;126,14202,0.8572
213,124634;318,54780,0.9544;83,8335,0.8808;106,12384,0.918;113,11413,0.8012;128,14432,0.8428
209,124648;323,55623,0.956;91,8929,0.8776;112,13456,0.9348;108,11071,0.7852;126,14264,0.848
211,124642;318,54161,0.9616;85,8559,0.86;108,13145,0.9228;113,11265,0.7624;129,14517,0.8376
214,124628;319,54917,0.9576;84,8369,0.8488;108,12959,0.9304;114,11636,0.7832;125,14379,0.8332
213,124616;332,56374,0.9772;85,8948,0.8568;120,13468,0.9124;111,11183,0.7736;126,14038,0.8132
212,124627;321,54674,0.9512;80,8649,0.8696;105,12364,0.9112;114,11338,0.7872;139,14748,0.8236
211,124554;322,55230,0.9632;88,8861,0.8836;117,13732,0.9216;114,11292,0.796;134,14642,0.8488
208,124591;315,53348,0.9612;88,8460,0.8952;106,12237,0.9252;112,11178,0.8084;125,14038,0.8452
209,124606;321,54851,0.9564;82,8479,0.8804;113,12459,0.9104;111,11156,0.8016;130,14569,0.846
209,124579;326,54576,0.962;74,8033,0.8748;110,12506,0.9056;102,10621,0.7964;122,14019,0.826
209,124698;325,54842,0.9504;87,9125,0.8844;114,13453,0.9084;117,11703,0.8056;132,15033,0.8444
209,124684;325,55743,0.9684;88,8951,0.8772;122,14408,0.9256;119,12025,0.792;132,15127,0.8348
209,124600;325,54888,0.9716;83,8904,0.8788;115,14006,0.9312;108,11220,0.7704;128,14849,0.8376
210,124635;324,55184,0.956;87,8955,0.8856;106,12893,0.9308;112,11582,0.8068;123,14384,0.83
209,124596;328,55867,0.9844;78,8606,0.8852;104,13081,0.9328;110,11221,0.796;123,14222,0.8268
210,124662;326,55243,0.9772;91,9287,0.8824;121,13756,0.9212;120,12150,0.7976;131,14976,0.8408
210,124660;316,54157,0.9452;96,8924,0.8932;116,13663,0.942;116,11621,0.7964;128,14706,0.8232
219,124619;319,54773,0.9568;85,8717,0.8696;114,13150,0.9252;108,11265,0.7976;121,14141,0.8168
202,124696;323,54423,0.978;92,9767,0.8888;115,13906,0.9296;128,12085,0.8124;139,15522,0.85
201,124660;328,55392,0.978;89,8766,0.8768;109,13169,0.9284;116,11555,0.7984;123,14070,0.8388
198,124592;317,54167,0.9704;90,8904,0.882;114,13470,0.9268;119,11693,0.7956;127,14458,0.8416
201,124704;323,54840,0.966;91,9281,0.8784;117,14110,0.9384;116,11866,0.7868;132,15131,0.8292
218,124671;322,54615,0.9468;97,9530,0.8792;117,14238,0.9176;116,11688,0.7828;136,15337,0.8332
208,124626;321,54861,0.9724;87,8800,0.8984;106,12913,0.9172;110,11313,0.7912;129,14691,0.834
203,124637;318,54443,0.9648;85,8699,0.8812;105,12664,0.926;109,11347,0.7884;122,14236,0.838
200,124549;325,56017,0.9828;83,8805,0.8508;111,13334,0.904;112,11466,0.7684;131,14975,0.8244
202,124419;316,53899,0.956;78,8392,0.8776;104,12598,0.9312;98,10376,0.784;118,13903,0.826
207,124678;326,55308,0.9648;86,9168,0.8876;117,13951,0.9404;112,11435,0.7788;128,14782,0.8316
204,124592;325,54521,0.9624;86,8741,0.8828;111,13145,0.928;109,11341,0.7736;125,14548,0.8508
203,124680;321,54339,0.9564;98,9231,0.8676;109,13632,0.934;113,11562,0.788;124,14331,0.8584
203,124686;329,55176,0.9584;84,9198,0.8732;118,14045,0.9232;114,11637,0.788;129,14819,0.836
202,124578;323,54748,0.9604;79,8322,0.8592;109,13392,0.9216;118,11235,0.79;125,14034,0.826
202,124536;325,55003,0.9732;84,9062,0.8656;113,13483,0.9196;115,11626,0.7676;130,14657,0.8328
200,124591;320,54955,0.9604;79,8565,0.8616;106,12975,0.9332;104,10805,0.7808;125,14494,0.8452
199,124585;317,54519,0.9768;83,8708,0.8628;106,13018,0.9272;110,11471,0.7992;129,14838,0.8268
199,124432;314,53787,0.9612;78,7917,0.8808;98,11771,0.9424;97,10363,0.7904;113,13280,0.8428
200,124556;324,55090,0.9756;79,8472,0.8848;105,12712,0.9316;111,11499,0.792;125,14242,0.8412
198,124616;330,53773,0.9684;80,8486,0.8852;113,13131,0.9368;103,10828,0.794;118,13836,0.8472
208,124589;336,54417,0.9696;81,8337,0.8876;117,12360,0.928;99,10581,0.7784;114,13271,0.8536
200,124637;335,54521,0.966;90,8916,0.9068;109,12983,0.9304;109,11157,0.7944;123,14127,0.844
201,124606;346,55321,0.9604;93,8595,0.902;113,12891,0.934;105,10910,0.7944;120,13868,0.8372
198,124661;356,54039,0.9376;97,9059,0.8932;114,13770,0.9316;125,11770,0.7936;131,14596,0.8248
197,124622;340,54028,0.9616;89,8592,0.8912;108,13169,0.9376;110,11226,0.7964;127,14539,0.8452
199,124643;330,53927,0.9548;82,8551,0.89;116,13354,0.9336;112,11216,0.7844;133,14779,0.838
199,124608;336,53759,0.9752;93,8613,0.8912;108,12980,0.9492;108,11028,0.7816;125,14187,0.8524
199,124595;346,55583,0.9576;87,8696,0.8844;110,12569,0.9412;104,10712,0.7808;122,13920,0.8404
200,124649;342,54513,0.972;90,8832,0.8804;117,13343,0.9288;109,11212,0.7836;124,14307,0.8272
201,124559;339,54799,0.9692;84,8877,0.8808;112,13226,0.9492;110,10906,0.7856;126,13937,0.8412
200,124546;334,54331,0.952;78,8124,0.8924;107,12541,0.944;101,10474,0.792;119,13362,0.842
199,124536;343,55540,0.9712;77,8308,0.9116;107,12452,0.952;97,10235,0.7944;111,12819,0.8404
201,124618;331,54053,0.9652;84,8432,0.8884;110,13320,0.95;113,11481,0.7888;122,13958,0.8388
199,124580;335,54249,0.9564;75,8162,0.8996;99,12331,0.9432;99,10417,0.7948;119,13799,0.8388
200,124599;337,54774,0.9688;80,8227,0.898;105,12832,0.9504;104,10846,0.8012;117,13647,0.8576
199,124617;348,54983,0.9624;80,8492,0.8976;104,12302,0.9336;102,10677,0.802;116,13164,0.8492
198,124602;335,54130,0.954;89,8595,0.8924;117,13046,0.936;106,10722,0.786;125,14002,0.8464
198,124610;339,54488,0.9472;80,8266,0.9004;104,12361,0.9344;104,10623,0.7952;115,12948,0.846
197,124557;338,54279,0.9624;82,7974,0.8944;104,12269,0.9428;99,10185,0.8016;111,12748,0.8484
212,124587;339,54482,0.954;101,8133,0.9048;97,11447,0.9352;98,10298,0.8028;107,12529,0.8504
209,124543;340,55063,0.9576;68,7387,0.9132;96,10885,0.9332;89,9716,0.8024;101,11855,0.8532
215,124519;342,55486,0.9548;69,7295,0.9016;93,10733,0.918;90,9712,0.7944;103,12096,0.846
202,124436;341,53745,0.9596;80,7584,0.906;94,11293,0.9388;89,9629,0.7984;107,12584,0.8532
201,124485;340,55146,0.9752;89,7592,0.9116;99,11624,0.9408;92,9776,0.8044;106,12148,0.8628
200,124032;331,53578,0.9572;78,7206,0.9112;92,10675,0.936;82,8882,0.798;97,11490,0.8516
200,124198;335,53661,0.9608;77,7435,0.9084;90,10754,0.9296;86,9309,0.8068;101,11914,0.8448
202,123769;338,54799,0.958;69,6921,0.9088;91,10252,0.928;83,9127,0.8112;97,11495,0.8456
203,123475;330,53441,0.9572;69,7109,0.9004;97,10991,0.9372;84,9029,0.8004;100,11636,0.858
211,122382;340,54462,0.9512;100,6699,0.9192;90,9393,0.9344;74,8051,0.806;90,10499,0.8528
210,122594;329,53050,0.9612;60,6008,0.926;80,9163,0.94;72,7637,0.8112;88,10041,0.8572
210,121625;341,54735,0.9744;71,5822,0.94;80,8557,0.9492;60,6690,0.8192;81,9166,0.868
202,116814;324,52676,0.9684;54,4540,0.9416;64,6299,0.95;49,5455,0.8168;59,7185,0.87
198,114699;332,54134,0.9664;44,4162,0.9416;54,5850,0.9588;44,4977,0.8216;56,6727,0.8732
183,107144;335,54370,0.9664;43,3558,0.9492;58,5117,0.9648;38,4227,0.8356;47,5692,0.8784
166,96358;330,53426,0.9532;58,3043,0.942;38,3835,0.9568;32,3580,0.826;39,4638,0.872
156,89175;339,53800,0.9584;29,2347,0.9412;38,3424,0.9572;27,3032,0.8212;34,4111,0.8724
129,79032;332,54268,0.9576;26,2071,0.94;34,3106,0.9596;22,2392,0.8208;25,3143,0.8712
103,62908;335,54293,0.9536;22,1355,0.9372;30,2387,0.9572;16,1767,0.824;19,2378,0.874
78,48172;334,54065,0.9628;17,1091,0.944;20,1542,0.9628;12,1355,0.8324;15,1789,0.8784
61,37752;327,53050,0.9504;16,876,0.9432;18,1295,0.9592;10,1153,0.828;12,1443,0.8724
60,37326;333,54010,0.9432;15,722,0.9468;18,1099,0.9584;8,888,0.8272;10,1213,0.8756
64,36933;331,53579,0.9592;19,1002,0.9468;16,1167,0.9596;10,1042,0.8312;12,1479,0.8768
56,31857;339,53403,0.9544;12,659,0.9444;26,958,0.9576;7,796,0.8312;8,1063,0.8756
36,20399;332,53523,0.9596;9,391,0.9428;9,508,0.9576;5,543,0.83;6,683,0.8752
28,15352;338,54115,0.9432;11,287,0.9456;9,449,0.9572;3,391,0.8304;4,530,0.874
19,10657;336,54355,0.9656;8,202,0.9456;9,290,0.9592;2,193,0.8308;2,228,0.8744
