386,303810;1043,287961,0.998462;397,61876,0.89859;508,82151,0.969487;1560,56622,0.604487;1498,94695,0.873462
402,306220;1066,287945,0.994872;478,48932,0.830897;573,71786,0.941538;1598,46707,0.584231;1399,77901,0.847308
411,306513;1042,290103,0.993462;683,50932,0.788846;658,76887,0.923205;2053,50364,0.625641;1709,81352,0.843333
423,306587;1021,290287,0.993718;619,52559,0.803333;736,78835,0.927179;1952,48976,0.628333;1684,79697,0.829744
426,306670;928,290070,0.995513;691,52483,0.801026;744,79072,0.933205;2002,48954,0.606795;1729,83544,0.833077
427,306656;922,289171,0.995641;704,51202,0.825513;724,76164,0.933333;1690,47276,0.628974;1565,80784,0.833205
415,306478;910,286836,0.996795;728,48201,0.808974;763,72152,0.935128;1594,45157,0.650769;1520,77729,0.819872
400,306087;884,280029,0.994103;654,44174,0.828846;672,66201,0.940256;1321,42432,0.676154;1419,73787,0.846923
394,305702;890,277056,0.994487;656,40607,0.820256;701,61738,0.938718;1285,40668,0.711538;1254,69801,0.860897
386,305293;870,272386,0.995641;650,36208,0.815513;686,54977,0.940769;1073,36840,0.766026;1134,61526,0.876667
385,304793;867,269064,0.994231;530,32179,0.817564;522,48367,0.943333;1103,35080,0.811923;1072,57851,0.902949
383,304116;863,267840,0.996026;389,25921,0.838333;487,39082,0.936282;917,30063,0.841026;869,47970,0.915128
383,300761;850,264147,0.997821;442,16592,0.869103;392,24701,0.953718;452,17089,0.863718;500,28946,0.924487
351,276657;806,265140,0.997949;422,7766,0.894103;248,11039,0.959231;176,6803,0.864487;207,12993,0.92141
250,190890;850,265610,0.998205;167,2377,0.901026;167,3525,0.966795;53,2278,0.865128;64,3893,0.920513
