376,303810;1015,288015,0.999359;345,61722,0.902821;434,81158,0.968077;1269,57956,0.63;1212,93250,0.875128
377,305671;1045,292703,0.997308;341,41639,0.826923;431,63725,0.935641;1114,43777,0.623077;1004,70911,0.850897
392,306084;973,290733,0.995897;435,47362,0.825641;532,69170,0.936026;1305,45592,0.664744;1166,75611,0.854615
391,306029;929,291324,0.994487;461,47367,0.797692;509,72735,0.921154;1090,46182,0.672179;1288,76191,0.869872
393,306084;921,291228,0.992179;340,48147,0.772308;499,73920,0.922821;1334,45291,0.635513;1226,79327,0.854487
387,306196;894,292424,0.993462;387,48565,0.778205;609,74881,0.918077;1445,45025,0.623462;1307,77460,0.823718
391,306156;878,293458,0.991538;475,47402,0.758077;530,75794,0.914744;1714,45689,0.59859;1903,79746,0.81859
383,306011;1023,292080,0.994231;476,46206,0.768205;600,73441,0.924487;1582,44938,0.577436;1426,76997,0.803974
396,306115;1031,291506,0.994231;557,47129,0.779103;612,73724,0.921923;1659,45715,0.620641;1418,80156,0.835897
394,306119;1018,287704,0.995641;509,47274,0.801923;582,70962,0.932821;1421,46149,0.613718;1349,78673,0.843846
383,305953;1004,288467,0.993462;531,44728,0.800513;560,69505,0.932692;1175,45034,0.629872;1208,75633,0.845256
389,306131;998,286111,0.996026;465,45934,0.839487;524,69538,0.943077;1196,43303,0.635385;1137,72375,0.822179
389,305907;998,281766,0.995;483,42780,0.826154;525,65023,0.939872;1114,42848,0.643333;1032,68751,0.813974
379,305745;988,282013,0.996667;459,41243,0.830513;528,63145,0.939231;1130,41583,0.687308;1033,67144,0.82641
388,305498;980,280008,0.998077;487,38893,0.834872;537,59582,0.948462;1009,40966,0.705641;936,65304,0.833077
377,305321;969,275158,0.997308;481,37368,0.853077;503,57046,0.951282;898,38121,0.738718;757,62077,0.852692
374,305218;962,273748,0.996154;283,34916,0.842949;315,54613,0.951282;678,38068,0.755256;670,61269,0.860256
378,305011;990,272675,0.994103;301,33666,0.847692;317,51736,0.94859;621,36199,0.78859;624,59462,0.878846
377,304865;959,272873,0.99641;313,32322,0.84859;325,50277,0.947564;624,35746,0.802179;843,57669,0.888462
383,304597;953,268935,0.995641;374,30546,0.848718;454,48155,0.945385;871,35254,0.822436;842,56987,0.897308
377,304211;950,267326,0.994615;356,27017,0.846795;399,42503,0.942179;734,31427,0.841667;796,49905,0.90141
382,303558;938,265375,0.997564;426,23862,0.870897;350,37718,0.948205;558,27989,0.851282;527,46166,0.902949
371,300663;971,266360,0.997821;149,15959,0.880513;166,25840,0.953077;336,19353,0.853205;364,34251,0.902564
363,289221;944,265929,0.997821;161,8835,0.904615;127,14266,0.958846;171,10647,0.854872;208,19121,0.902692
244,193677;934,262261,0.997436;93,3899,0.91641;72,6254,0.964872;81,3791,0.85641;95,6704,0.905
108,85341;908,262880,0.997692;126,1534,0.919487;71,2496,0.966667;22,1141,0.854615;29,2255,0.902692
70,53616;941,262818,0.998462;35,552,0.922308;29,887,0.968077;6,463,0.854359;7,833,0.902564
