414,303810;1590,285753,0.998462;557,61263,0.887308;677,82144,0.971154;1823,56091,0.735897;1641,84142,0.883205
396,300210;1587,289444,0.997949;364,27462,0.862821;470,44316,0.945769;1041,30418,0.73859;1010,50195,0.847308
379,300859;1617,290532,0.998205;398,28475,0.869872;495,45671,0.953205;1072,30409,0.716795;1106,52053,0.848077
407,298948;1633,291711,0.998846;407,26880,0.859744;490,42397,0.946923;1012,28256,0.666538;1071,51812,0.853974
419,299902;1608,289077,0.998077;439,28666,0.869231;501,44692,0.940256;1155,31571,0.699615;1095,52398,0.865256
404,298283;1604,288913,0.998205;410,26753,0.854744;495,43744,0.943846;1115,30686,0.716282;1071,50637,0.876667
392,301468;1585,287180,0.997308;442,29677,0.857051;524,46967,0.941026;1250,33034,0.751154;1215,56260,0.875513
432,300844;1607,289198,0.996795;421,28770,0.870385;510,45802,0.949103;1207,32087,0.77859;1149,52476,0.886282
420,300574;1602,286689,0.998333;415,28143,0.86;512,45154,0.936923;1095,30713,0.79;1187,54685,0.902564
390,299740;1598,285313,0.997564;433,28166,0.849103;535,46000,0.942179;1190,31481,0.774103;1181,53795,0.898718
400,300767;1597,284920,0.996154;453,28942,0.843974;528,47200,0.947051;1221,31873,0.769744;1211,55119,0.899487
418,300248;1599,285679,0.997308;433,27792,0.848462;506,45215,0.945256;1104,29638,0.757692;1185,52638,0.889744
416,298834;1593,285789,0.997051;443,27654,0.841282;513,44024,0.946795;1206,30903,0.766667;1137,51069,0.885
393,300678;1601,285481,0.997821;425,26998,0.851923;528,45101,0.94641;1163,30047,0.730513;1163,52627,0.872949
419,297819;1587,283901,0.994744;448,27484,0.833718;523,43519,0.942436;1176,30071,0.720513;1173,52156,0.871667
415,299894;1580,283539,0.995256;424,27227,0.842436;497,44260,0.943333;1189,30162,0.696282;1221,55440,0.886923
401,299311;1590,284935,0.997692;419,26973,0.837308;514,43839,0.935385;1176,29264,0.692051;1132,51066,0.864103
420,301278;1571,285417,0.997436;438,28557,0.838077;544,47649,0.935641;1374,33035,0.699103;1301,56003,0.857179
427,298914;1550,283555,0.995769;440,27021,0.828462;494,43783,0.938974;1192,30028,0.712564;1182,52159,0.857821
407,301025;1558,285850,0.997308;457,28015,0.827949;524,46274,0.936795;1252,31384,0.698974;1221,54186,0.853718
410,301218;1561,285979,0.997308;428,28795,0.844615;524,45938,0.937692;1237,30904,0.694103;1231,54685,0.861154
426,299250;1547,282589,0.995897;417,26213,0.834744;478,42287,0.932949;1155,29800,0.699231;1128,51624,0.871538
412,300894;1532,280267,0.995;429,26878,0.836923;513,43104,0.933718;1146,30069,0.723846;1145,53181,0.873974
403,297130;1544,281606,0.995385;406,25531,0.821667;470,42263,0.934744;1040,27632,0.684231;1034,48974,0.851667
420,300042;1536,283578,0.995128;409,26145,0.831026;498,44046,0.932308;1098,28660,0.670128;1104,50101,0.84859
419,298036;1538,280504,0.996026;452,25185,0.829231;482,40841,0.938077;1032,26970,0.669103;1021,47570,0.839103
393,299650;1538,282265,0.995769;423,25302,0.831026;499,42443,0.935385;1177,30207,0.658462;1116,50721,0.828846
434,298700;1532,280420,0.995;435,25363,0.831538;489,40991,0.935256;1050,27696,0.659615;1060,48938,0.851026
421,300951;1549,283704,0.99359;395,25202,0.82859;472,41064,0.934615;1056,27779,0.657692;1069,49478,0.832949
399,300624;1544,282494,0.995641;386,24907,0.826795;460,40128,0.937179;1097,29461,0.650641;1110,52028,0.838077
422,299527;1535,281644,0.995769;424,25537,0.827564;500,41243,0.934359;1076,28714,0.647564;1100,52203,0.838333
421,299188;1545,282941,0.996154;419,24802,0.839103;455,40078,0.937179;1090,28497,0.651795;1092,48928,0.820256
407,300039;1524,278730,0.994231;425,24476,0.832692;475,39884,0.938974;1043,27551,0.649487;1066,49481,0.830128
416,300128;1529,280487,0.995256;451,24234,0.840641;461,39128,0.938974;1052,27837,0.647308;1061,48969,0.829359
414,299460;1543,283855,0.995128;417,23692,0.831667;446,39092,0.943462;1038,27147,0.641667;1016,47130,0.820385
425,298841;1519,281674,0.994615;406,23839,0.837949;453,38524,0.933846;1014,26411,0.652821;1015,46818,0.804487
412,300461;1526,279523,0.995;388,23863,0.838718;457,38993,0.93859;1014,26616,0.667692;1075,48470,0.80359
422,300267;1521,280337,0.994615;379,23360,0.841923;427,37763,0.935641;984,26585,0.671154;1042,48391,0.813077
419,299691;1505,278729,0.994103;372,22691,0.819103;467,38807,0.931923;982,26572,0.670769;1013,47048,0.822436
405,293770;1514,279081,0.992051;391,22250,0.832308;456,36391,0.931026;806,22879,0.679487;883,41780,0.816538
437,300128;1515,279306,0.992692;371,22013,0.845256;425,36223,0.931795;858,23381,0.693077;922,43077,0.824487
423,295304;1513,278811,0.992436;370,21652,0.845385;409,34762,0.930128;897,24151,0.681667;972,44363,0.82141
404,298293;1508,277683,0.990128;346,20192,0.836154;398,34404,0.932692;876,24095,0.694231;898,41963,0.824615
426,295640;1477,271991,0.991795;339,19831,0.836923;375,32373,0.927179;799,22118,0.709615;864,39338,0.827308
411,290233;1508,275901,0.993205;343,19202,0.827308;365,31045,0.927564;766,20563,0.717692;819,37351,0.825513
399,292578;1480,273709,0.991667;319,17946,0.835;335,29155,0.928333;703,19699,0.735128;840,38077,0.83141
426,298707;1487,273448,0.992821;310,18708,0.843077;379,31610,0.938974;695,21155,0.75;799,38912,0.843333
422,296724;1461,269235,0.99359;319,18604,0.835513;324,30231,0.931538;709,20922,0.754231;762,37140,0.836923
400,296797;1480,271664,0.992564;293,17777,0.84;328,29454,0.932692;674,19794,0.752949;746,37159,0.844487
424,297218;1463,266765,0.992436;285,18037,0.846795;316,27856,0.92641;655,18775,0.762949;740,35698,0.844231
401,285955;1465,266087,0.991282;259,15183,0.865897;280,23982,0.933333;522,16031,0.776795;619,29713,0.85
408,293018;1449,265189,0.991538;342,14780,0.847436;344,26216,0.933846;568,16782,0.787692;606,29472,0.854615
420,294164;1451,267145,0.994359;311,14909,0.850513;304,26031,0.937692;633,18086,0.807692;726,32724,0.878077
425,296668;1456,267412,0.993077;274,14899,0.863077;328,25678,0.943718;617,18045,0.81;681,32108,0.874615
412,293703;1454,265635,0.994487;275,12727,0.878974;262,21681,0.953718;525,15570,0.821923;553,26159,0.877564
380,268107;1462,265200,0.993846;229,7865,0.890128;180,13576,0.957949;310,9226,0.821154;341,16612,0.879487
289,198477;1455,264363,0.992179;181,4312,0.899744;161,7367,0.961923;150,4490,0.81859;193,8963,0.877564
221,153140;1458,266065,0.992692;93,1795,0.908205;63,2872,0.964103;54,1747,0.817564;64,3186,0.876282
105,72610;1463,266081,0.994487;78,581,0.911538;56,852,0.965128;20,667,0.817692;22,1137,0.876154
