550,303810;443,102132,0.973846;293,55426,0.841026;365,74305,0.928205;443,57218,0.846667;448,69553,0.931795
523,277228;440,100563,0.965641;137,18760,0.83359;168,27890,0.916154;184,22003,0.831795;210,28690,0.899487
536,282183;444,101505,0.962564;134,18840,0.844359;193,30810,0.920513;197,22669,0.814872;223,30186,0.892564
540,285168;445,101719,0.968974;154,20141,0.854872;189,30167,0.921282;217,23792,0.82;238,31366,0.884872
527,278531;439,99794,0.969487;144,18362,0.842564;200,30092,0.924872;202,22457,0.818974;236,31005,0.902821
537,283274;444,101104,0.973077;158,19923,0.839744;194,30877,0.923077;203,23021,0.833846;237,31012,0.900513
524,275891;440,100251,0.957692;150,18816,0.854872;186,29137,0.915385;196,22100,0.824103;219,29063,0.893077
541,283796;447,99856,0.975897;153,19468,0.85359;201,30970,0.92359;207,23331,0.858974;227,30699,0.915897
540,283000;445,99257,0.970769;155,19074,0.853333;190,29654,0.937692;202,22552,0.841795;217,29384,0.914359
547,287269;451,100690,0.984359;160,20462,0.861795;202,31421,0.936923;216,24679,0.842821;237,31751,0.907949
536,281368;451,99819,0.971538;147,18622,0.84641;190,29566,0.925641;193,22479,0.837179;232,29874,0.915128
540,282374;447,99350,0.976154;163,19374,0.847179;196,29977,0.923846;214,23473,0.844103;247,30757,0.918462
528,276501;453,100313,0.979487;160,18434,0.860256;189,27901,0.934103;207,22392,0.859487;218,27786,0.922051
542,283415;440,98921,0.976154;161,19640,0.866923;201,29367,0.930513;203,22452,0.848205;230,29155,0.902308
551,288012;445,99701,0.977692;166,18992,0.837949;197,28880,0.924103;223,23806,0.840256;244,30475,0.908462
529,276794;444,99541,0.985128;170,18709,0.844103;199,28940,0.941026;197,21920,0.84;218,28292,0.911538
539,282153;441,99563,0.985641;166,19109,0.871795;201,28887,0.945897;206,22688,0.851795;225,28593,0.905385
525,275354;453,99566,0.977949;164,18334,0.870513;183,26778,0.937436;195,21854,0.855128;209,26761,0.907179
531,278534;447,99189,0.981026;162,18057,0.869487;188,27172,0.938718;206,22027,0.872564;211,27050,0.916923
543,283768;445,98951,0.982564;167,19245,0.875641;204,28683,0.926154;210,22996,0.854615;231,29242,0.907692
538,280791;445,98595,0.98359;166,18870,0.856667;202,29753,0.935385;213,23037,0.834615;239,29612,0.911282
541,282338;443,98586,0.982051;162,18935,0.864103;204,28753,0.935641;224,23913,0.844359;237,29348,0.914359
544,284716;447,99269,0.980256;167,19491,0.857436;204,29232,0.938718;218,22972,0.849744;235,29212,0.910513
530,276375;442,98625,0.982051;160,18491,0.851282;192,27851,0.940513;192,22502,0.843333;153,28176,0.91359
540,281761;444,98658,0.974872;99,18142,0.865128;116,27959,0.941026;124,22121,0.834103;131,27401,0.903846
545,285100;442,99426,0.981795;169,19202,0.869231;190,30306,0.941026;197,23111,0.834103;230,30865,0.902308
548,285820;406,98142,0.982564;163,19858,0.882564;194,30046,0.946923;199,23406,0.832308;225,30228,0.899231
545,285510;412,100256,0.98;152,19596,0.856923;193,30243,0.932308;200,23500,0.825128;228,30316,0.902564
546,285486;422,100272,0.981282;150,19375,0.85359;195,30968,0.917692;210,24131,0.818462;221,30037,0.895641
521,275854;411,99628,0.972308;141,18491,0.869744;182,28520,0.923333;182,21666,0.81359;202,27841,0.901026
540,282548;410,99937,0.975385;144,18731,0.848718;184,28452,0.927436;192,22611,0.822564;204,28217,0.895128
530,277523;406,98393,0.979744;152,18827,0.871282;189,29614,0.938462;185,21962,0.80359;212,28420,0.884103
534,279035;411,99992,0.977692;154,19123,0.85;179,28489,0.926154;191,22561,0.812051;217,29111,0.895641
536,280307;405,99021,0.974615;152,19474,0.863846;188,29159,0.950256;196,23395,0.837692;218,29740,0.905128
540,282224;413,99798,0.979744;149,18941,0.856154;192,29563,0.940769;197,23134,0.835897;214,29225,0.897436
534,279063;412,99540,0.977949;154,18802,0.849744;185,29123,0.939744;195,22647,0.836154;213,28352,0.892051
540,282623;407,99635,0.97641;157,19767,0.843077;192,29922,0.927436;191,22220,0.817692;198,29394,0.879744
526,285740;414,100552,0.976154;163,20225,0.848462;230,31492,0.92359;225,24017,0.816667;210,31411,0.892308
542,282949;413,100579,0.978462;160,19340,0.837692;199,29982,0.928718;211,23565,0.820256;220,30468,0.904872
547,285123;420,102110,0.967179;162,20120,0.858205;210,30490,0.93359;213,23570,0.81641;236,30512,0.90359
541,282557;413,100377,0.966667;162,19468,0.853333;200,29902,0.921538;198,22112,0.799487;221,28984,0.891795
539,282376;417,101099,0.973333;168,19520,0.852821;188,29968,0.922564;207,23419,0.799744;226,30301,0.9
540,283029;424,102323,0.973846;167,20365,0.82641;198,31020,0.915641;214,24203,0.797692;238,31691,0.883333
548,284920;417,101385,0.965641;168,21091,0.847179;196,30771,0.924103;215,24580,0.803077;244,31729,0.890513
531,280509;420,102240,0.972821;166,20744,0.860513;195,30278,0.932051;209,23469,0.81;226,29959,0.884359
507,279944;418,101694,0.972308;164,20649,0.846667;190,29793,0.918718;208,23924,0.816667;228,30881,0.905385
509,280973;410,100336,0.965897;148,20149,0.841026;205,31163,0.910256;206,23539,0.811795;238,30947,0.892051
511,280546;414,101327,0.965128;162,20220,0.834359;208,31170,0.915641;206,23463,0.785385;236,31039,0.883333
516,282193;417,101144,0.970513;167,19934,0.851282;192,30329,0.926667;195,22788,0.785128;240,31231,0.898718
526,284146;420,101675,0.969744;165,19643,0.844615;195,30158,0.922564;213,23782,0.779487;224,29951,0.902051
532,279467;416,101198,0.971795;158,19992,0.844872;192,30190,0.916667;211,23835,0.794359;216,29838,0.891795
540,285828;415,101030,0.965641;177,20978,0.838205;205,31857,0.925128;205,24159,0.798205;239,31444,0.884872
512,279677;417,101533,0.963846;165,19852,0.841795;194,30410,0.903077;214,23822,0.784103;232,30937,0.895897
521,283581;419,101454,0.962051;159,20107,0.827949;199,31864,0.91359;221,24278,0.785128;240,31302,0.896667
510,276739;423,103321,0.961282;155,19326,0.817436;198,30256,0.910256;215,23617,0.777692;239,31196,0.890769
521,283913;427,103055,0.968718;165,20724,0.837179;195,31172,0.922564;216,24028,0.789487;242,31828,0.886923
545,284152;424,102002,0.958974;160,20127,0.834103;189,31370,0.916923;143,24155,0.801795;155,31689,0.887179
548,286237;419,101737,0.96641;113,20270,0.841795;136,31990,0.913846;151,25135,0.776154;159,32662,0.88359
547,285132;417,101838,0.956154;107,20133,0.821795;127,31545,0.922564;146,24626,0.80359;157,31924,0.884103
524,276017;413,100759,0.959487;135,19373,0.812821;198,29260,0.908205;207,22472,0.78;233,30296,0.876667
552,283557;420,103815,0.960769;170,20708,0.814103;208,31873,0.908974;235,24921,0.790513;268,34157,0.879231
525,284742;419,102659,0.962308;174,20890,0.831282;212,32000,0.915128;206,23534,0.781282;255,32241,0.886154
528,286945;422,102525,0.962308;171,20574,0.824103;215,32496,0.905897;233,25399,0.781538;268,34643,0.891026
518,282320;427,103668,0.957692;169,20415,0.838462;202,30588,0.908718;229,24333,0.78641;251,32023,0.899744
517,287681;426,103431,0.963846;172,20802,0.833077;207,32000,0.903846;228,25111,0.784615;260,33321,0.882051
540,278774;424,103328,0.960513;158,19949,0.835641;194,30631,0.918462;203,22780,0.794103;228,31217,0.890769
555,286075;429,104824,0.966923;170,20854,0.837179;196,31579,0.903077;233,25695,0.804615;247,32766,0.888718
543,279940;435,103308,0.956667;154,20294,0.820769;205,31324,0.9;224,23785,0.782051;246,32216,0.873077
549,283761;426,103567,0.954615;162,20699,0.822308;209,32887,0.902051;224,24529,0.782308;251,32736,0.885641
538,278198;425,103800,0.964615;155,19796,0.812308;193,30769,0.909744;216,24102,0.781026;243,31899,0.892051
549,283369;441,104753,0.961795;167,20658,0.811282;170,32586,0.913333;192,25020,0.811026;254,31996,0.897692
556,285914;433,104251,0.964615;168,20892,0.824615;209,32225,0.915641;223,24266,0.792821;251,32774,0.892051
548,283447;430,104043,0.961795;163,20516,0.813077;207,32192,0.924615;224,24391,0.776154;231,33919,0.902564
545,280917;432,104475,0.962564;110,20446,0.821282;128,31160,0.919744;137,22928,0.781026;161,31996,0.898205
553,285476;422,103489,0.957179;111,20488,0.835385;134,31618,0.915128;162,24437,0.786923;250,32478,0.887179
523,279224;419,102303,0.964872;166,20188,0.836154;210,30393,0.914615;225,24567,0.805128;246,31249,0.888718
517,281129;425,103094,0.951538;158,20100,0.833846;204,30660,0.912564;201,23059,0.796154;251,31711,0.898462
522,283526;431,103881,0.962051;163,19937,0.837179;205,31250,0.916667;219,23924,0.79641;243,32046,0.884872
515,277201;429,103766,0.952564;153,19347,0.822308;195,29023,0.900769;204,22398,0.784359;239,30587,0.885897
532,286889;427,103345,0.963333;171,20562,0.828718;202,31080,0.912564;227,24327,0.774615;246,32428,0.896667
520,279255;425,102656,0.964103;181,20675,0.822308;216,31151,0.915128;238,24754,0.780769;252,32483,0.893077
531,285996;428,103264,0.965641;160,20078,0.805897;212,31736,0.905897;240,24628,0.793077;264,33598,0.879744
535,288000;435,104455,0.967692;169,20538,0.817179;222,32620,0.910256;231,24653,0.788462;264,33486,0.87641
521,282171;430,102730,0.970513;180,20831,0.830769;215,32645,0.909231;233,24669,0.79359;264,33105,0.899487
518,280899;280,103065,0.970769;161,19547,0.818205;195,29555,0.907179;208,22764,0.785897;242,30538,0.893333
522,282719;269,104698,0.964872;171,20303,0.822308;209,30637,0.902564;226,23976,0.781282;257,32343,0.880513
520,281345;266,104098,0.962308;165,19476,0.804103;212,31622,0.922308;232,23902,0.78359;251,31635,0.892821
513,278091;267,103643,0.97;149,19719,0.812564;181,29580,0.915128;227,23819,0.77359;252,31164,0.893333
518,280397;272,105431,0.959487;153,19991,0.808462;212,30842,0.90641;212,22842,0.768718;251,31254,0.882564
524,283763;265,103948,0.951538;163,20314,0.811795;200,30965,0.913333;227,24256,0.778462;251,31711,0.881795
521,283335;264,102574,0.957179;167,20386,0.829744;217,31863,0.919744;216,23641,0.786667;247,32564,0.894103
523,284726;267,104910,0.965128;160,19587,0.82359;202,30623,0.925897;214,23283,0.786154;256,32351,0.894359
514,278979;263,102666,0.951026;169,19967,0.806923;206,30924,0.906667;218,23235,0.777692;243,31081,0.895385
510,277187;265,103802,0.964103;156,18987,0.809487;195,30140,0.914615;211,22800,0.784615;229,30162,0.895641
520,281527;273,104807,0.962821;171,19901,0.817692;200,30935,0.917179;218,23910,0.789487;237,31458,0.903077
518,282340;268,103123,0.960513;167,20043,0.828974;203,31425,0.918718;211,23466,0.779744;260,32285,0.89
513,278794;268,103817,0.972564;168,20383,0.826154;202,31319,0.932564;224,24408,0.804872;241,31530,0.893077
514,280487;264,103377,0.964872;158,19415,0.813333;195,29665,0.907692;217,22994,0.807436;239,31273,0.892564
519,281765;266,103673,0.965385;172,20977,0.822821;207,31130,0.91641;233,24882,0.798718;265,33403,0.904872
521,283707;266,103917,0.959231;158,20027,0.823333;206,30838,0.921795;224,24048,0.804359;249,32058,0.904615
524,282777;268,104081,0.96359;165,19942,0.827949;206,30406,0.923077;215,23320,0.817692;241,31662,0.897179
519,281116;263,103021,0.960513;165,19510,0.832308;200,30442,0.92641;223,23786,0.790256;242,31473,0.900256
525,282508;265,102819,0.966667;155,19478,0.850769;193,30100,0.925128;218,23213,0.792051;246,31314,0.894359
522,282198;261,101737,0.967949;160,19535,0.827692;200,30184,0.923333;214,23602,0.798205;241,30761,0.887179
522,278736;430,103638,0.967179;160,19040,0.817949;187,29054,0.919231;214,23248,0.815385;235,30414,0.885897
512,275209;424,102363,0.967692;159,19143,0.807179;152,30202,0.914103;144,22791,0.794872;199,30937,0.89
526,282360;423,101271,0.964103;165,20578,0.83641;195,30234,0.917949;205,22603,0.785641;229,30418,0.898718
524,282321;425,101911,0.954103;153,19017,0.840513;197,29589,0.923846;205,22425,0.791538;234,31177,0.896923
524,281923;422,101623,0.960513;165,18882,0.823077;200,29828,0.920513;215,22985,0.805385;244,31356,0.886667
550,281151;426,102093,0.963846;168,20181,0.831282;184,30709,0.921026;218,23634,0.822308;232,30470,0.9
554,284161;425,102590,0.968205;166,20427,0.838205;210,30347,0.914103;222,23632,0.819231;249,31539,0.884615
553,287203;428,102362,0.971538;164,20851,0.841026;205,31098,0.919487;225,24149,0.815385;262,33454,0.896667
541,276745;452,103333,0.964615;162,19171,0.823077;198,29528,0.904615;214,22727,0.801795;228,29996,0.88359
559,286329;456,102174,0.965385;161,20231,0.837692;201,31038,0.924103;216,23918,0.817692;241,31084,0.892051
551,283717;458,103498,0.967692;158,19514,0.825641;202,30574,0.918462;231,24171,0.81359;253,31579,0.898718
566,284344;451,102187,0.962308;164,19728,0.810256;190,29367,0.907436;212,23416,0.804359;239,30907,0.891538
537,276086;454,102346,0.964103;170,19483,0.827692;204,30438,0.914615;206,21977,0.781538;247,30517,0.889487
542,278315;452,102207,0.953846;166,19203,0.817692;191,29987,0.91641;212,23053,0.782051;236,30974,0.891538
544,280315;448,101844,0.965385;166,19991,0.833846;208,31220,0.911282;220,23399,0.786923;247,31461,0.888205
551,282154;457,102470,0.958462;114,20447,0.830256;127,30684,0.913333;150,23954,0.802821;158,31378,0.886923
572,284352;457,102974,0.961538;116,19771,0.826923;128,30248,0.921282;142,23762,0.82359;158,31451,0.883077
555,284551;448,101486,0.964103;103,20014,0.842051;128,30592,0.93;164,23265,0.818462;189,31239,0.892564
522,282969;454,102224,0.971026;153,19678,0.847949;212,31468,0.933846;231,24252,0.819487;247,31464,0.890256
519,280915;453,102115,0.959744;167,20019,0.828462;212,30243,0.919487;207,22884,0.807436;221,30486,0.881795
526,286892;452,101638,0.965641;107,19464,0.835128;127,30223,0.91;142,23468,0.798462;157,31610,0.883333
520,282299;431,101074,0.97359;113,19505,0.832051;132,29658,0.924615;219,23461,0.79641;236,30176,0.894103
533,286324;421,101644,0.97359;163,19383,0.813333;205,30576,0.922564;199,23261,0.80359;238,30976,0.895385
525,282614;415,99996,0.964872;160,19942,0.835897;203,31057,0.927436;213,23861,0.795641;257,31153,0.893333
513,278717;418,100866,0.968462;179,19027,0.846154;206,28292,0.921282;226,22423,0.812564;262,30026,0.897436
524,282416;424,102248,0.966154;104,18931,0.828718;131,29881,0.925128;143,23615,0.818462;156,31384,0.902821
518,281129;421,101984,0.959231;107,19258,0.841282;143,30310,0.922564;204,23082,0.814103;245,30557,0.903333
526,283709;417,100765,0.97359;184,20146,0.830769;192,30495,0.920769;211,24430,0.818974;238,32149,0.907692
528,285985;432,102166,0.968462;154,19420,0.832051;200,29812,0.917436;219,23295,0.809231;246,30842,0.906154
510,277004;426,101929,0.965128;164,19166,0.82641;200,30221,0.916923;220,23349,0.825385;232,29888,0.900769
510,275762;424,101406,0.965128;155,18811,0.824103;190,28440,0.913333;217,22607,0.812564;234,29832,0.896923
528,285850;424,101523,0.968974;171,21237,0.836923;209,31818,0.919231;226,24310,0.80641;253,32414,0.897692
526,284303;418,100578,0.964615;165,20303,0.821282;150,30491,0.91641;209,23799,0.805128;212,31380,0.898718
527,284901;424,101145,0.965385;166,20089,0.832564;207,31715,0.933077;216,24297,0.822308;255,32191,0.898462
527,283797;426,102113,0.966923;166,19606,0.826667;222,30928,0.931026;239,24939,0.810256;260,32470,0.893333
526,284481;427,103031,0.968462;166,19466,0.829744;201,30752,0.921538;219,23445,0.79641;247,31756,0.895128
527,283742;424,101819,0.96641;161,19821,0.834103;178,30979,0.915385;140,23156,0.796923;255,31371,0.891795
516,278346;423,101409,0.969487;171,19823,0.840769;200,29677,0.918205;217,23437,0.80641;231,31301,0.901538
528,284521;428,102745,0.968718;170,20154,0.836667;153,29992,0.914615;210,23003,0.796667;249,31442,0.893846
526,283678;430,102865,0.972821;145,18788,0.834615;196,30228,0.914615;216,23852,0.808718;231,30626,0.894359
521,279832;424,101946,0.97;149,18849,0.841538;185,29130,0.915128;202,22966,0.807949;231,30081,0.895385
520,281700;426,102148,0.967436;156,19279,0.81641;208,29805,0.905641;215,23595,0.803333;238,31171,0.895385
536,288550;427,102436,0.969487;186,20389,0.831795;210,31710,0.925385;221,23851,0.793333;216,31681,0.901795
510,275143;428,102609,0.966923;156,18171,0.839487;187,28192,0.921795;203,21975,0.785897;227,29370,0.907949
538,284646;427,102712,0.975385;155,19222,0.836154;196,30357,0.915385;219,23835,0.806667;242,31447,0.892821
555,284593;422,101521,0.969487;168,20459,0.843077;190,31589,0.920256;225,24424,0.800513;253,32693,0.899487
555,282021;419,99896,0.967436;156,19572,0.822564;203,30899,0.906923;177,23390,0.79359;156,31891,0.903846
541,278161;423,101400,0.974359;107,18925,0.825897;135,29646,0.924359;211,22803,0.786667;231,30011,0.897949
554,283574;422,101146,0.958462;164,19993,0.839744;198,30289,0.925897;223,24198,0.808718;225,31272,0.907179
549,281045;422,101091,0.975897;159,18247,0.825897;189,28098,0.932564;137,23179,0.809744;142,29233,0.896667
543,277873;427,102874,0.963077;102,19226,0.820513;123,29462,0.918718;133,22800,0.810769;145,30055,0.895897
550,281331;424,101853,0.97;104,19374,0.820513;125,29566,0.915897;139,23381,0.794103;156,32033,0.899231
536,274165;427,102835,0.975128;100,18460,0.818718;118,28194,0.929231;134,22405,0.816154;145,29187,0.9
549,280461;425,101946,0.972821;106,19810,0.837179;204,30004,0.926667;224,23816,0.82;252,31687,0.903077
545,278365;428,103261,0.972564;167,19456,0.835385;190,29925,0.928718;213,22505,0.801538;245,31230,0.897692
550,284247;430,103368,0.969744;158,19478,0.822308;206,30202,0.922308;229,24177,0.805385;176,31178,0.896667
540,284066;425,101977,0.969231;157,19131,0.808462;200,30005,0.927179;214,22843,0.796667;247,31657,0.902821
557,286026;427,102998,0.966154;158,19612,0.807692;207,31049,0.909231;228,24342,0.784615;248,31907,0.899744
543,279869;423,101654,0.96359;147,19082,0.826923;187,29853,0.912051;215,22929,0.79;247,31672,0.892821
554,284136;425,101953,0.963846;165,19886,0.816667;198,30387,0.907179;222,23746,0.786154;251,31819,0.890256
545,281521;425,101818,0.967179;161,18985,0.816923;195,29708,0.909744;208,22992,0.797436;157,31660,0.900513
554,282988;370,103619,0.964872;111,19860,0.817436;126,30683,0.911795;138,23659,0.801026;156,31968,0.898718
540,278290;263,102936,0.977692;100,18590,0.812308;121,29219,0.908718;132,22369,0.806154;148,30081,0.900513
520,282165;268,103411,0.974359;108,20051,0.828205;124,29721,0.916154;135,23108,0.809487;151,31177,0.907436
515,279156;264,102215,0.972821;100,18514,0.813077;126,29914,0.907436;136,22831,0.805897;147,29939,0.9
572,289430;261,101219,0.95641;190,20148,0.833077;235,31162,0.92359;256,24081,0.800256;292,32670,0.895128
547,280659;466,103049,0.968718;187,19447,0.82359;224,29505,0.905128;237,22984,0.80359;245,30046,0.895385
559,285991;463,102972,0.962821;154,20872,0.82641;135,31078,0.902564;146,24171,0.798974;166,33905,0.902821
550,281363;463,102637,0.965897;107,19230,0.828205;118,28824,0.895128;134,22909,0.782051;150,31030,0.89
558,286130;465,103276,0.962308;109,20770,0.836923;129,31926,0.905641;150,24572,0.787436;162,32623,0.898205
548,280516;464,102981,0.966667;111,20206,0.848462;126,30353,0.917692;142,23484,0.81641;161,32263,0.907179
548,279644;463,102916,0.956154;101,18677,0.839487;122,30054,0.929744;135,23215,0.797692;147,30477,0.888462
547,280029;462,102862,0.961538;102,18856,0.834872;125,29896,0.927949;138,23640,0.794872;154,31676,0.89641
537,275052;466,102922,0.970769;99,19107,0.834359;121,28697,0.921795;133,22749,0.795385;142,29325,0.895897
557,285216;465,103209,0.967949;104,19318,0.817692;124,29899,0.917949;139,23328,0.788974;155,31429,0.897179
551,282533;465,103172,0.965128;104,20330,0.833077;126,30705,0.916154;142,24204,0.810256;154,31623,0.894872
551,281479;468,103732,0.968718;108,19842,0.833077;122,29282,0.919487;132,22480,0.779487;148,30706,0.895641
561,287552;472,104829,0.961282;102,19364,0.825128;131,30609,0.92359;145,24069,0.780513;158,32273,0.887436
549,280833;461,101885,0.962564;101,19204,0.826923;123,29782,0.917179;137,22441,0.786154;152,30644,0.886154
539,275587;465,103461,0.958718;105,19752,0.824872;124,30543,0.916154;136,23018,0.802051;151,30810,0.881026
558,284352;471,104451,0.967179;106,19895,0.826923;128,31052,0.912308;167,24211,0.804103;252,31776,0.884103
556,285225;465,103529,0.970256;164,19342,0.828974;205,30125,0.911282;209,23701,0.79641;251,32292,0.875641
559,286237;463,102807,0.957692;161,20123,0.822564;209,31544,0.906154;222,23812,0.782821;249,33192,0.888205
552,281466;464,103231,0.968974;162,19540,0.825641;202,30848,0.922051;218,23167,0.790769;253,31761,0.897692
548,280605;463,102683,0.970256;159,18975,0.815641;172,28949,0.917692;214,23078,0.785641;245,31339,0.89359
520,273900;463,101391,0.967179;159,18677,0.818718;189,27897,0.914872;187,21783,0.791538;247,30529,0.898974
516,280842;456,100980,0.964615;151,18772,0.830513;195,29456,0.921282;197,22328,0.790256;226,30491,0.893333
544,285361;460,101739,0.964103;147,19052,0.825128;196,29686,0.913333;206,22936,0.794103;239,31409,0.898718
534,278497;464,102002,0.96641;158,18564,0.812564;189,28664,0.907692;196,22051,0.772564;229,29829,0.88641
526,278529;464,102920,0.962821;144,17985,0.80641;188,28650,0.904872;199,22204,0.767179;227,30412,0.886667
529,286286;465,102708,0.955385;149,18243,0.821282;189,29466,0.912051;214,23528,0.781026;247,31928,0.88641
525,281943;467,103333,0.964872;146,19000,0.791795;196,30617,0.903846;212,23262,0.75641;245,31991,0.88359
538,287391;454,102225,0.964872;156,18977,0.817436;195,29969,0.916154;224,23716,0.790256;257,32456,0.890513
522,278449;465,103817,0.961538;145,18137,0.811795;190,27747,0.902564;204,21649,0.777949;230,29621,0.887692
519,280822;457,103394,0.971026;150,18712,0.824872;194,29696,0.905385;209,22871,0.787179;236,30737,0.895385
531,282144;465,103995,0.960513;156,18917,0.813846;196,30906,0.911026;208,23101,0.785897;241,31639,0.895897
532,284070;453,102290,0.962051;157,19756,0.821282;184,30160,0.905641;206,23067,0.78;258,32561,0.897949
529,282952;458,103784,0.963077;162,19313,0.818718;204,30261,0.901538;207,22386,0.77641;244,31258,0.886667
525,277594;457,103279,0.953846;151,18470,0.820513;186,28297,0.901282;186,21935,0.769487;243,30847,0.889231
522,279121;465,104592,0.963333;154,18318,0.812564;190,29153,0.907692;197,21779,0.779487;235,30354,0.882564
515,273799;462,104093,0.961795;144,18258,0.822821;183,28014,0.902051;198,21875,0.785128;227,29526,0.88359
528,279553;465,104717,0.96641;145,18956,0.804103;186,29494,0.913846;210,22622,0.783077;242,30725,0.891282
520,279749;465,104385,0.962821;156,18426,0.814615;190,28397,0.911282;213,22483,0.799744;233,29982,0.888718
517,279623;462,104029,0.956923;151,19037,0.809487;186,29498,0.909744;202,22267,0.795385;240,30419,0.884872
528,285400;461,104316,0.95641;157,20088,0.820769;196,29822,0.902051;219,23737,0.783077;239,32876,0.876923
514,279533;462,104354,0.960256;151,18861,0.823077;195,30526,0.909487;202,22068,0.784359;240,31162,0.883077
513,277180;451,101678,0.956154;152,18736,0.82;195,29480,0.903077;208,22229,0.775897;237,30468,0.875641
519,281954;456,102789,0.96641;159,18992,0.824103;186,30048,0.902821;202,22084,0.76359;242,31422,0.882821
521,280984;463,104129,0.961538;149,19008,0.816923;190,28914,0.911795;207,22553,0.77359;238,30581,0.888205
531,286804;462,103114,0.957436;151,19162,0.820513;196,30634,0.912564;210,23745,0.769744;255,32407,0.875128
527,284375;454,102657,0.963846;142,18065,0.797436;190,29506,0.909231;210,22871,0.771538;237,31125,0.876923
520,282239;456,103204,0.959487;155,18568,0.809231;194,29859,0.906667;207,22397,0.771282;228,29853,0.872308
521,280641;461,102932,0.958462;151,18575,0.82359;184,28638,0.912308;207,22553,0.779487;239,30730,0.880513
534,286876;454,102928,0.96359;150,19093,0.832308;199,29784,0.901795;221,23910,0.790513;240,31306,0.885385
522,281399;455,102411,0.957949;153,17703,0.820513;154,28193,0.905897;208,22206,0.794872;231,29677,0.882821
519,281320;457,102764,0.958462;159,18885,0.816923;180,29461,0.894359;202,22199,0.767179;245,31188,0.870256
515,278629;451,102119,0.956923;151,17947,0.812821;183,27317,0.895897;196,21817,0.771282;219,29233,0.876667
521,282107;453,102531,0.953846;136,17560,0.807436;191,28521,0.901795;203,21758,0.772564;233,30035,0.885128
536,288386;460,103141,0.960513;143,18376,0.814615;193,29250,0.898205;219,22786,0.775128;243,31064,0.875897
523,281871;461,103847,0.960513;151,18662,0.806923;188,28894,0.897949;219,23180,0.783333;246,31578,0.884872
515,278064;453,102537,0.958462;151,17604,0.817179;184,28492,0.912051;201,21265,0.781538;230,29017,0.884359
532,287090;460,103338,0.960256;153,18839,0.828718;196,29894,0.918462;205,22535,0.77359;240,31087,0.878462
525,282664;463,103609,0.967949;150,18638,0.818974;178,29572,0.919744;209,22422,0.786154;233,30128,0.877436
524,282315;456,102930,0.960513;147,17623,0.821282;185,28495,0.917692;195,22223,0.804872;219,30375,0.881795
520,280802;451,101514,0.960513;142,18097,0.819744;177,27207,0.904103;189,21055,0.789487;220,28983,0.877692
535,287941;456,102814,0.956923;151,18467,0.832308;190,28703,0.896154;195,21191,0.771026;248,31570,0.885897
532,286082;453,102492,0.956923;123,18419,0.827692;185,28177,0.897692;203,22000,0.767436;239,31234,0.884872
533,283789;459,103435,0.957436;141,18003,0.818462;179,27990,0.905641;190,20935,0.76641;220,28960,0.875897
527,283639;456,102559,0.951282;148,18302,0.818974;190,29405,0.916667;219,23054,0.786154;237,30781,0.884359
531,284785;468,105125,0.965897;148,18228,0.819487;187,28963,0.909231;191,21683,0.786667;237,30429,0.887179
524,278399;456,103579,0.968718;143,18055,0.818718;184,28944,0.908462;192,21073,0.767692;231,29813,0.879744
532,283808;460,103669,0.956923;146,18225,0.810513;189,28866,0.90359;203,22185,0.769744;235,30585,0.870256
516,277500;453,102479,0.958205;134,17041,0.807179;181,27809,0.90359;193,21556,0.767949;217,29131,0.868718
537,285029;464,105134,0.958974;140,18979,0.804103;191,30034,0.910513;210,22648,0.769231;238,31403,0.876154
530,283602;463,104353,0.962051;148,18512,0.823077;187,28219,0.908974;194,21023,0.775385;234,30525,0.869487
536,283626;453,102239,0.957692;140,17702,0.816667;186,29303,0.908718;200,21909,0.779487;238,30991,0.874359
532,281616;454,102058,0.96;142,18005,0.805128;190,29081,0.902051;190,21957,0.782821;235,29969,0.876923
527,283595;460,102574,0.969487;149,18084,0.819231;131,26692,0.893333;124,21355,0.766667;141,29386,0.878718
527,285308;458,103602,0.959487;95,18091,0.808974;122,28497,0.895897;127,21626,0.76359;147,30539,0.871795
516,279279;458,103965,0.951282;92,17101,0.807179;111,27248,0.89;116,20154,0.777692;141,29271,0.874615
529,286443;460,103914,0.963846;96,18811,0.824103;113,28246,0.902821;130,21259,0.762308;151,31139,0.872308
509,275006;452,102397,0.95641;151,17530,0.823077;166,27358,0.9;123,21526,0.771026;136,28473,0.869487
525,284215;451,102045,0.954103;97,17897,0.82359;115,28628,0.902051;128,21879,0.770513;148,30133,0.874103
528,285500;457,102438,0.962308;94,18430,0.823333;116,28630,0.907949;141,22282,0.769744;154,31063,0.881026
526,285501;459,103526,0.955641;102,17762,0.845641;117,28438,0.906154;126,21392,0.75359;148,30148,0.878205
529,286488;454,103062,0.964103;102,18767,0.842821;114,28522,0.907949;135,22757,0.775897;152,31094,0.875641
530,287458;462,104511,0.966923;135,17712,0.826923;181,28628,0.914359;198,21945,0.781538;232,30017,0.865641
519,280508;459,103456,0.962564;136,17131,0.82359;171,26872,0.907436;193,20755,0.801026;214,28349,0.877179
527,284549;461,103486,0.96359;141,18109,0.815128;182,28758,0.915641;203,21582,0.787949;243,30908,0.870513
522,282391;458,103234,0.958974;137,17140,0.81359;173,27223,0.9;197,21309,0.792051;229,29613,0.861795
528,285490;462,104803,0.957179;141,17713,0.820513;182,27799,0.902821;206,21866,0.790513;226,30325,0.874872
514,278610;452,102452,0.948462;140,17050,0.835128;166,25867,0.896923;187,20127,0.785385;219,28192,0.877949
523,282621;456,103158,0.954359;136,16897,0.810256;170,26673,0.897692;195,20947,0.772051;220,28912,0.869744
522,281633;457,102585,0.952564;142,17584,0.797949;179,27155,0.885128;204,21474,0.771026;233,30087,0.866923
523,282128;464,105035,0.952564;143,17331,0.818974;168,26914,0.89359;186,20220,0.763077;222,28710,0.860769
524,282817;455,102419,0.951282;140,17040,0.815128;179,28299,0.902821;192,20921,0.765641;223,29628,0.87
524,282614;460,102451,0.954872;145,17702,0.819487;179,27626,0.901795;194,20704,0.763077;232,30617,0.870769
525,282936;461,103508,0.963077;127,16420,0.818718;166,25844,0.90641;177,19703,0.761282;214,28101,0.870513
519,280279;453,102132,0.957179;140,16273,0.819231;179,25284,0.913333;200,20333,0.768462;214,27642,0.869231
531,286183;463,103624,0.958718;135,17015,0.819487;185,27119,0.918718;196,21510,0.769744;227,29249,0.867436
522,281942;459,104246,0.952821;135,16485,0.822821;164,25326,0.892051;181,19482,0.768462;213,27947,0.866923
520,280503;458,104167,0.949744;130,16037,0.812051;174,26319,0.892308;191,20256,0.770513;215,28124,0.862564
537,284690;463,103956,0.966667;133,17065,0.834103;174,27190,0.906154;181,20439,0.776923;213,28780,0.865897
537,288513;455,102851,0.956154;138,17896,0.837179;179,28533,0.901538;201,22014,0.789744;230,30376,0.860769
518,279200;455,103121,0.957436;135,16306,0.822308;162,25346,0.898718;180,20169,0.781795;215,28333,0.865641
542,289918;457,102759,0.951795;136,17619,0.833846;174,27797,0.908462;193,21086,0.780513;231,30511,0.856667
531,282920;451,102265,0.965897;129,16398,0.83641;168,25809,0.911538;178,19496,0.778974;210,27191,0.853846
519,277032;452,102673,0.956923;126,15810,0.811282;161,24856,0.895385;180,19694,0.764615;208,27432,0.843077
525,278343;455,103075,0.968974;127,15749,0.822821;164,24966,0.903333;175,19063,0.777692;203,26779,0.853077
520,278395;459,103474,0.964359;134,16044,0.819231;165,25308,0.909487;170,18784,0.783846;216,28123,0.848974
535,284701;455,103078,0.957692;137,16064,0.824103;176,26138,0.910256;191,20409,0.774103;225,29012,0.839744
531,281564;458,103170,0.955128;128,15746,0.834615;144,24737,0.905128;171,18943,0.77641;190,27869,0.845128
529,285061;457,103913,0.961026;82,15605,0.813077;113,25300,0.905128;120,20305,0.775128;166,28789,0.86
526,284847;448,101979,0.956923;105,16070,0.821026;165,25085,0.908718;175,19615,0.784103;206,27321,0.857179
529,285837;458,103499,0.953846;127,16169,0.827949;160,25632,0.907179;173,19520,0.771282;213,28432,0.853077
525,285387;459,104228,0.96359;136,16283,0.823077;164,26440,0.912821;179,19912,0.768974;215,28598,0.857692
528,286537;452,102362,0.958462;123,15557,0.815897;165,25431,0.91641;175,19824,0.776923;213,28540,0.862564
517,280831;451,102047,0.962564;124,16079,0.817436;163,24931,0.914615;174,19584,0.775128;207,27086,0.856154
517,280652;452,102276,0.958462;123,15740,0.830513;155,24110,0.920769;165,18516,0.76641;208,27262,0.860256
521,283360;454,102450,0.96359;126,15943,0.819487;160,24866,0.906667;174,19350,0.772051;217,28493,0.862051
522,282932;453,102911,0.96359;127,15300,0.83;146,24140,0.904103;174,19004,0.770769;210,27301,0.853846
515,280399;458,104177,0.962821;118,14728,0.82359;155,24312,0.908718;165,18386,0.771026;212,27632,0.86
516,280061;449,101988,0.955641;118,14925,0.833077;147,23354,0.913077;161,18263,0.768205;194,27013,0.842051
513,277204;452,102474,0.948462;116,14198,0.841282;151,23128,0.915641;156,17341,0.76359;194,25994,0.849487
510,277611;455,102620,0.961538;113,13939,0.833846;130,22620,0.907949;101,17576,0.779231;119,24957,0.85359
516,280802;464,104600,0.96;76,14614,0.839231;93,22862,0.91641;96,17091,0.78;129,26329,0.854872
523,283688;377,104862,0.961026;74,14183,0.84359;92,22633,0.912308;97,17438,0.761538;124,26371,0.848974
519,282662;305,102190,0.957179;72,13834,0.851538;94,22132,0.908718;96,16751,0.77641;119,25309,0.849231
522,283436;452,101965,0.958462;75,13512,0.855641;89,21468,0.913333;98,16752,0.77359;122,25764,0.839487
506,275077;444,100656,0.95641;68,11659,0.870256;136,19473,0.921026;123,14078,0.786923;172,22833,0.849231
457,249787;449,101544,0.957179;62,9196,0.858462;108,15379,0.908974;102,11732,0.786154;144,19204,0.849231
413,226170;454,102822,0.956667;72,7507,0.861538;97,13130,0.918205;89,9803,0.782051;122,15849,0.84641
326,176683;451,102109,0.953846;53,4723,0.874615;69,7805,0.919487;48,5642,0.78359;76,10481,0.84359
225,123598;453,102441,0.956667;45,3537,0.872051;48,5964,0.917179;37,4281,0.787436;51,7749,0.842051
193,105143;458,102792,0.942564;41,2681,0.882308;40,4083,0.93;28,3352,0.788462;37,5188,0.846923
147,81265;452,102273,0.959744;27,1897,0.878462;37,3239,0.932051;19,2312,0.788974;29,4063,0.843846
81,44769;452,102366,0.962564;22,949,0.877949;30,1831,0.933333;12,1325,0.784359;13,1897,0.845385
56,30979;446,100502,0.947179;16,517,0.880769;20,1368,0.93359;6,771,0.785897;11,1537,0.846667
41,22817;450,102244,0.957179;16,298,0.884359;10,572,0.933333;3,386,0.786154;4,649,0.847436
13,6925;458,103266,0.958462;8,120,0.884872;7,147,0.93359;2,265,0.785128;3,470,0.847179
