85,51681;199,33395,0.991304;133,15337,0.935404;161,20981,0.962733;171,16476,0.940994;157,17969,0.972671
90,52068;197,32428,0.995031;82,9934,0.914907;108,14585,0.964596;110,10515,0.852795;105,11546,0.868944
103,52036;193,31788,0.993789;90,10379,0.893789;119,15763,0.957143;110,10533,0.832298;113,12325,0.890683
96,52046;191,31210,0.988199;85,10058,0.878882;109,14435,0.950311;108,10747,0.839752;104,11830,0.913665
95,52014;191,31644,0.990062;85,10032,0.890683;113,15495,0.948447;116,11486,0.818012;112,12910,0.869565
95,52016;192,31615,0.991304;89,10198,0.924845;113,15330,0.95528;110,10820,0.836025;108,12234,0.887578
96,52020;197,32152,0.990683;82,9717,0.918012;112,15453,0.976398;113,11057,0.862733;114,12800,0.916149
109,51973;188,31271,0.987578;83,9711,0.924845;109,14773,0.96646;108,10832,0.906211;100,11306,0.892547
95,51993;194,31779,0.992547;83,9650,0.90559;115,15648,0.977019;108,10803,0.891304;112,12750,0.93913
95,52000;198,32596,0.98323;83,10026,0.935404;110,15313,0.970807;111,10980,0.921739;107,12431,0.952795
98,52025;191,31622,0.982609;86,9974,0.918012;108,14710,0.970186;113,11196,0.926708;105,11918,0.941615
96,51939;195,31840,0.991304;86,9898,0.946584;114,14873,0.97764;103,10371,0.91677;100,11216,0.924845
95,52041;189,31319,0.998137;85,9845,0.920497;110,14786,0.976398;101,10110,0.890683;101,11377,0.941615
95,51994;187,30576,0.996273;82,9393,0.953416;106,13591,0.954658;97,9676,0.822981;94,10607,0.908696
95,52015;186,30475,0.992547;78,8911,0.929193;108,14003,0.981366;97,9834,0.863354;93,10394,0.883851
96,52018;189,31020,0.998758;81,9194,0.96087;103,13233,0.948447;93,9282,0.891925;90,9939,0.873913
95,51954;190,30717,0.997516;78,8841,0.940373;106,13327,0.975776;93,9251,0.880745;94,10369,0.930435
95,52007;185,30319,0.990683;80,8956,0.956522;100,12912,0.973292;91,9098,0.818634;91,9964,0.874534
97,51948;187,30373,0.991304;75,8521,0.931056;104,13284,0.95528;96,9657,0.871429;95,10451,0.883851
96,51952;187,30426,0.997516;76,8625,0.932298;103,13377,0.982609;94,9375,0.849068;93,10526,0.930435
96,52029;192,30731,0.986335;77,9183,0.957143;111,13634,0.991304;101,10023,0.903106;89,9800,0.890062
96,51973;183,29722,0.98323;77,8664,0.96087;102,13227,0.979503;86,8719,0.880745;95,10561,0.937267
99,51985;188,30128,0.996894;73,8402,0.903727;103,13236,0.971429;91,8989,0.871429;92,10078,0.9
91,51988;184,29795,0.987578;81,8980,0.93913;103,13299,0.967702;98,9808,0.914907;97,10859,0.931677
91,51994;188,30283,0.996273;76,8945,0.964596;101,13264,0.979503;89,8923,0.86646;88,9810,0.926708
91,52002;185,30004,0.995031;75,8420,0.896273;105,13462,0.974534;92,9369,0.889441;92,10186,0.937267
90,51984;189,30045,0.979503;74,8119,0.868944;104,13303,0.970807;95,9329,0.914907;90,9842,0.929193
90,51998;187,29691,0.991925;77,8382,0.886957;102,12779,0.981366;92,9103,0.88323;92,10210,0.938509
91,51970;185,29987,0.988199;81,9103,0.937888;103,13267,0.990062;97,9715,0.891925;87,9604,0.835404
91,51995;182,29532,0.978261;79,9032,0.940994;109,14284,0.985093;101,10070,0.891304;95,10653,0.948447
92,52015;182,29141,0.990062;79,8617,0.917391;104,13322,0.967081;96,9644,0.920497;85,9399,0.914907
98,51911;189,30393,0.981366;81,8509,0.932298;124,12839,0.956522;104,8637,0.862112;107,9724,0.91118
93,51972;187,30145,0.974534;76,8342,0.916149;102,12690,0.97205;92,8857,0.932298;90,9614,0.91118
100,51975;185,30154,0.990062;81,8686,0.901242;107,13482,0.979503;94,9087,0.895652;94,10189,0.931677
92,51992;187,30021,0.993168;76,8152,0.88882;105,12966,0.990683;95,9200,0.863354;86,9294,0.94472
96,51969;184,29184,0.991304;79,8580,0.927329;97,12365,0.962112;84,8272,0.871429;82,9112,0.898137
91,51985;188,30363,0.993168;77,8063,0.899379;99,12710,0.976398;87,8767,0.850932;89,9748,0.914286
91,51978;185,30034,0.997516;75,8450,0.921118;96,12520,0.984472;87,8868,0.800621;84,8966,0.854037
91,51919;185,29814,0.97205;79,8715,0.928571;97,12597,0.942857;94,9411,0.890062;86,9522,0.885714
91,51989;185,29733,0.996894;73,8101,0.893168;105,13201,0.945342;92,9282,0.92236;90,9999,0.940994
91,51980;186,30277,0.982609;74,8520,0.937888;101,13140,0.982609;93,9283,0.877019;88,9701,0.87764
91,51967;190,30535,0.993789;77,8702,0.94472;100,12750,0.96646;87,8823,0.896273;86,9640,0.937267
90,52008;188,30246,0.993168;76,8388,0.949068;98,12777,0.975155;87,8814,0.883851;86,9722,0.91118
91,51908;192,30043,0.987578;72,7959,0.911801;101,12828,0.978261;93,9240,0.910559;92,10172,0.939752
95,51995;187,29830,0.984472;76,8678,0.942236;101,13324,0.986957;88,8967,0.900621;90,10056,0.935404
92,52000;187,30313,0.981988;73,8226,0.863354;103,13212,0.971429;98,9837,0.949068;93,10309,0.95528
92,51986;186,30044,0.992547;72,8128,0.913665;102,12717,0.977019;88,8969,0.891304;85,9391,0.920497
93,51910;188,30187,0.992547;76,8297,0.931056;97,12419,0.985093;79,8058,0.831056;83,9185,0.926708
92,51998;181,28906,0.981988;76,8284,0.919876;97,12148,0.965217;83,8483,0.91118;81,8928,0.942857
102,51948;180,28940,0.993168;76,8249,0.959627;100,12231,0.97764;82,8304,0.820497;80,8769,0.9
96,51949;182,29511,0.996273;75,7949,0.893168;95,11780,0.952174;86,8680,0.896273;82,9005,0.924845
96,51950;184,29450,0.998137;73,8139,0.92236;99,12499,0.968323;83,8323,0.875776;87,9609,0.932919
97,51997;186,29687,0.992547;77,8302,0.944099;99,12284,0.991304;81,8178,0.811801;82,9047,0.95528
101,51920;184,29681,0.986335;70,7551,0.867081;92,11539,0.970807;79,8079,0.791925;77,8629,0.887578
96,51974;186,29718,0.990683;80,8297,0.910559;98,12175,0.99441;83,8357,0.83354;83,8921,0.89441
96,51946;182,28924,0.991925;72,7915,0.92236;96,11898,0.978882;79,7890,0.840994;81,8952,0.901242
109,51877;188,29944,0.987578;80,8080,0.911801;100,12545,0.990062;82,8185,0.839752;82,9032,0.939752
96,51821;181,29171,0.991925;69,7495,0.859627;96,12151,0.975155;84,8494,0.891304;78,8481,0.904348
95,51577;186,29814,1;72,7844,0.881366;94,11902,0.952174;77,7765,0.845342;79,8777,0.924845
95,51271;186,29776,0.995652;71,7767,0.924845;91,10940,0.93354;78,7818,0.850311;80,8900,0.94472
94,50982;189,30104,0.998137;66,7040,0.900621;92,11310,0.921739;75,7686,0.79441;74,8165,0.912422
94,50401;188,30505,0.997516;64,6631,0.824224;85,10464,0.895652;77,7757,0.842236;74,8267,0.913043
90,48829;188,30314,0.995031;64,6417,0.790062;83,10279,0.891925;75,7540,0.846584;73,8126,0.924845
90,48306;187,30159,0.997516;55,5783,0.76646;78,9487,0.871429;65,6782,0.824224;68,7564,0.92236
80,45579;190,30678,0.995652;52,4825,0.721739;66,7875,0.872671;60,6229,0.867081;58,6499,0.940373
76,43474;193,31158,0.98882;40,3669,0.662733;51,5819,0.815528;50,5193,0.840373;47,5391,0.915528
65,37447;195,31930,0.992547;33,2707,0.62236;41,4587,0.809317;39,4176,0.832298;38,4463,0.903727
57,32525;193,31721,0.986957;31,2579,0.591304;41,4457,0.787578;30,3205,0.832298;32,3820,0.91677
47,25442;192,31639,0.993168;23,1842,0.554658;34,3339,0.763975;28,2487,0.8;30,2854,0.91677
41,22050;196,32299,0.98323;24,1478,0.554037;31,2152,0.77205;20,1791,0.809317;23,2205,0.929814
26,14330;195,32211,0.983851;29,1264,0.535404;27,1761,0.768323;15,1356,0.793789;17,1627,0.945963
18,9814;197,32840,0.993168;20,819,0.519255;26,1367,0.774534;13,1143,0.799379;11,1275,0.932298
15,8319;195,32184,0.991925;14,566,0.51118;15,1145,0.754037;7,707,0.788199;7,894,0.93354
6,3480;195,32170,0.989441;12,388,0.513665;10,480,0.76087;3,344,0.786335;5,616,0.937267
2,1274;198,32544,0.99441;6,125,0.522981;6,111,0.763354;1,79,0.78882;1,147,0.937267
1,637;198,32621,0.98882;3,20,0.522981;1,15,0.763354;0,12,0.787578;0,13,0.936025
2,1270;200,32997,0.982609;6,40,0.519876;5,54,0.759627;1,55,0.785714;0,50,0.936025
