6470,383250;2484,131489,0.853881;1356,69563,0.569406;1934,102486,0.759589;1609,70796,0.533562;2171,101573,0.792237
5748,350174;2367,126928,0.901142;558,26123,0.718037;757,38048,0.8379;688,28569,0.660959;898,41351,0.838584
5712,352077;2285,122862,0.91484;584,26302,0.778539;785,39082,0.871005;507,28512,0.699543;688,41462,0.85411
5953,362272;2243,121083,0.935388;561,26023,0.746347;865,41971,0.85274;731,30155,0.709132;991,44392,0.851142
5765,353672;2224,119037,0.948858;564,25129,0.761416;821,39912,0.85274;690,28825,0.730365;917,41266,0.850685
5468,334525;2252,120348,0.952968;547,23190,0.748402;770,36293,0.845662;670,26763,0.731279;851,38070,0.855708
5363,329870;2196,117745,0.955251;562,23331,0.722146;754,35397,0.832877;594,26601,0.71621;661,37129,0.865753
4944,305579;2203,118757,0.948402;471,19642,0.67032;683,31739,0.806621;611,23927,0.701142;754,32968,0.857306
4318,265735;2229,118964,0.933562;393,16761,0.610959;563,25837,0.743379;480,19666,0.647717;594,26686,0.83516
3379,207647;2114,120677,0.934703;291,11805,0.504795;455,20159,0.673973;345,14123,0.601826;425,19226,0.819406
1962,121900;2189,124454,0.926484;145,4963,0.372603;251,10375,0.6121;178,7410,0.540183;242,11047,0.795662
