195,144991;565,190163,0.999629;123,37982,0.906494;208,51110,0.976809;499,38685,0.853247;502,52080,0.977551
192,146563;570,179920,1;171,26672,0.930983;202,37009,0.977551;387,27263,0.893506;354,39637,0.935436
195,146439;622,175465,0.999814;179,24931,0.93154;141,35093,0.981076;379,26741,0.896104;374,37398,0.933766
194,146399;627,174356,1;195,24148,0.932653;212,33658,0.986456;349,24794,0.916512;266,37067,0.946197
195,146317;618,170934,1;205,23414,0.930241;221,32893,0.980891;390,24726,0.913173;357,34143,0.939889
192,146303;617,170149,0.999629;219,23519,0.905566;170,33674,0.976994;270,24322,0.904824;284,35786,0.93321
184,146228;616,169490,1;195,22475,0.934694;226,32707,0.959555;255,23829,0.89128;243,33951,0.913358
190,146187;609,167282,0.999814;201,22432,0.903711;213,31511,0.980705;289,23127,0.91039;305,32526,0.945269
187,146125;605,164075,1;203,21525,0.926716;223,30074,0.984787;322,21846,0.923191;299,30149,0.93859
190,145980;608,164370,0.998887;174,18504,0.907792;137,26625,0.991095;199,20755,0.907421;181,27825,0.941929
186,145811;597,160535,0.999443;113,17372,0.914471;126,24152,0.967718;191,19364,0.939147;254,27240,0.946197
185,145621;592,158818,0.999814;143,15372,0.864193;174,22916,0.97718;232,16882,0.864007;242,27056,0.942672
178,145415;593,158516,1;171,14603,0.88961;95,18924,0.969017;148,16875,0.912245;128,21902,0.962152
185,145176;598,159098,1;85,11779,0.874954;86,16409,0.940445;122,14902,0.91039;155,20574,0.945455
185,144686;608,164167,1;109,10543,0.890538;118,15005,0.975325;108,12640,0.916141;107,18391,0.961039
180,144532;620,169402,1;70,9185,0.889054;64,12351,0.963265;101,12519,0.916327;88,16111,0.970315
176,143379;623,172326,1;50,5661,0.88423;51,8102,0.981262;56,7398,0.942857;65,11667,0.980334
162,135002;623,171910,1;88,3423,0.903154;95,4938,0.974583;32,4341,0.942115;34,6505,0.979592
108,89340;629,173184,0.999258;23,1326,0.919666;39,1768,0.979035;10,1482,0.932282;14,2684,0.979777
53,43278;624,172201,1;28,473,0.932653;21,591,0.986642;3,453,0.939703;6,1006,0.980334
