187,144991;998,189844,0.997959;326,39602,0.894249;383,53250,0.955288;1080,37103,0.823377;928,54994,0.916883
171,142791;983,181850,0.999443;167,15474,0.935993;192,23356,0.971243;499,18396,0.818924;494,29359,0.884045
170,142353;981,180349,0.999443;190,15070,0.911874;253,24220,0.974583;424,19005,0.844898;421,29017,0.899629
172,142264;985,177933,0.999814;205,15675,0.868275;227,24737,0.932282;418,18443,0.818182;457,28776,0.869202
170,140089;971,174278,0.999814;200,14854,0.809462;242,23392,0.901113;450,17814,0.804082;423,27314,0.839332
168,136084;973,176069,0.999814;190,14182,0.792022;223,21906,0.880334;417,16957,0.808163;397,25915,0.788683
163,131281;974,176512,1;183,13159,0.732096;228,21339,0.869017;411,16324,0.787941;396,25569,0.769017
156,121018;986,179205,0.999258;159,10879,0.636735;205,18280,0.782004;347,14095,0.753803;365,23073,0.76141
132,103216;980,179396,0.999443;150,9679,0.537662;200,16670,0.744712;285,11764,0.727644;291,18992,0.767532
102,80623;989,184866,0.999629;129,7297,0.4282;160,12390,0.669573;221,9094,0.668089;212,13903,0.747681
61,49351;1013,191614,0.999072;64,2079,0.276438;100,5052,0.511317;144,5551,0.592393;149,9326,0.697403
