10,12403;67,15614,0.967089;40,7114,0.783544;59,11778,0.913924;77,7614,0.753165;85,11296,0.944304
9,11021;68,15612,0.967089;23,3178,0.802532;31,5284,0.924051;36,3462,0.775949;43,5695,0.932911
10,11600;70,15821,0.958228;22,3461,0.794937;33,6064,0.935443;46,4210,0.788608;48,6286,0.91519
10,11262;67,15655,0.982278;20,3007,0.764557;30,5329,0.940506;36,3465,0.801266;40,5315,0.924051
10,11713;68,15569,0.975949;22,3368,0.827848;35,6193,0.932911;46,4034,0.783544;54,6765,0.913924
11,11969;65,14818,0.956962;23,3529,0.816456;34,6223,0.913924;48,4190,0.791139;55,6937,0.902532
10,11627;67,15576,0.962025;20,3032,0.821519;32,5625,0.926582;46,4057,0.768354;53,6514,0.906329
11,11853;68,15772,0.962025;22,3367,0.835443;36,6254,0.913924;53,4622,0.767089;54,6828,0.896203
9,10992;64,14974,0.956962;21,3077,0.840506;29,5220,0.903797;44,3726,0.794937;49,6031,0.906329
10,11725;64,15058,0.948101;23,3542,0.825316;34,6107,0.921519;44,3796,0.788608;54,6715,0.898734
13,10903;68,15659,0.965823;22,3158,0.787342;31,5650,0.918987;43,3780,0.765823;52,6400,0.921519
9,10767;66,15344,0.964557;20,3195,0.767089;30,5195,0.922785;39,3583,0.763291;44,5714,0.924051
10,11481;66,15554,0.981013;24,3659,0.877215;29,5097,0.927848;44,3823,0.767089;52,6439,0.924051
10,11699;66,15346,0.977215;21,3071,0.843038;32,5674,0.906329;49,4199,0.798734;53,6626,0.926582
10,11182;66,15529,0.962025;20,2934,0.802532;29,5135,0.902532;41,3598,0.774684;50,6356,0.897468
10,11725;65,15497,0.963291;21,3094,0.840506;32,5320,0.896203;44,3879,0.749367;50,6380,0.905063
10,11496;64,15021,0.978481;21,3091,0.813924;30,5364,0.944304;43,3839,0.773418;48,6128,0.926582
25,11422;64,15221,0.978481;19,2751,0.787342;28,4797,0.922785;40,3694,0.762025;46,5867,0.924051
9,11164;63,14751,0.975949;19,2781,0.826582;30,5274,0.937975;39,3542,0.750633;48,6050,0.916456
10,11314;62,14515,0.982278;21,3066,0.860759;30,5169,0.936709;38,3598,0.797468;41,5318,0.913924
10,11379;63,14397,0.962025;20,3046,0.865823;31,5146,0.916456;42,3916,0.779747;43,5419,0.889873
10,11497;66,14995,0.979747;22,3061,0.860759;30,5054,0.932911;41,3783,0.775949;40,5094,0.897468
10,11169;64,14657,0.94557;20,2835,0.867089;28,4783,0.926582;40,3651,0.772152;43,5473,0.912658
15,11777;64,14705,0.968354;21,3142,0.883544;29,5228,0.950633;43,3872,0.746835;47,5966,0.905063
10,11375;65,14784,0.970886;23,2888,0.874684;30,5150,0.94557;35,3371,0.777215;42,5440,0.922785
10,12059;63,14371,0.982278;22,3220,0.883544;33,5647,0.950633;46,4345,0.813924;48,6252,0.917722
10,11470;64,14605,0.987342;22,3130,0.887342;31,5352,0.960759;41,3974,0.841772;42,5401,0.906329
10,11213;64,14049,0.987342;21,3063,0.892405;29,5036,0.967089;41,3870,0.840506;44,5549,0.93038
10,11274;63,14054,0.987342;21,2983,0.905063;31,5251,0.959494;42,3927,0.850633;45,5878,0.940506
10,11270;65,14460,0.977215;22,2789,0.824051;29,4861,0.951899;39,3711,0.851899;41,5320,0.925316
11,11675;65,13722,0.979747;22,2984,0.872152;30,5120,0.921519;37,3748,0.846835;39,5265,0.894937
10,11408;66,14118,0.987342;18,2590,0.863291;27,4561,0.917722;36,3585,0.865823;42,5435,0.937975
10,11363;66,14259,0.975949;19,2537,0.868354;28,4658,0.959494;41,4003,0.894937;39,5121,0.943038
10,10923;65,14179,0.994937;21,2729,0.86962;27,4467,0.941772;34,3313,0.831646;37,4862,0.939241
10,11675;64,13979,0.989873;22,3173,0.891139;28,4628,0.937975;38,3845,0.873418;46,5911,0.941772
10,11806;65,14288,0.993671;21,2884,0.868354;31,5289,0.964557;36,3688,0.856962;40,5394,0.932911
10,11203;66,14408,0.992405;19,2672,0.894937;28,4504,0.972152;34,3551,0.888608;37,4893,0.953165
10,11402;65,14136,0.983544;22,2803,0.867089;30,5001,0.967089;36,3698,0.882278;40,5245,0.941772
10,11309;63,13613,0.991139;21,2865,0.913924;29,4679,0.977215;36,3631,0.881013;36,4795,0.939241
10,11469;65,13803,0.992405;18,2605,0.907595;27,4471,0.974684;34,3475,0.882278;37,5033,0.921519
10,11126;65,13973,0.98481;20,2788,0.910127;28,4676,0.962025;37,3730,0.840506;39,5152,0.910127
10,11444;67,14419,0.993671;21,2517,0.862025;28,4678,0.960759;36,3657,0.836709;37,4922,0.896203
11,11694;68,14351,0.982278;25,3403,0.889873;33,5408,0.959494;37,3750,0.827848;43,5495,0.892405
10,10792;66,14173,0.986076;18,2304,0.877215;26,4154,0.958228;30,3173,0.864557;33,4395,0.902532
10,11661;66,14215,0.975949;19,2694,0.882278;27,4481,0.958228;35,3483,0.843038;38,5000,0.908861
10,11743;68,14088,0.991139;22,3146,0.921519;30,4827,0.962025;42,4145,0.858228;42,5397,0.905063
9,11183;64,13633,0.981013;18,2549,0.916456;29,4574,0.958228;33,3320,0.849367;35,4575,0.910127
10,11528;67,14268,0.982278;19,2808,0.891139;32,5241,0.963291;35,3508,0.802532;40,5173,0.888608
10,11471;66,13872,0.974684;19,2592,0.898734;28,4513,0.959494;34,3381,0.822785;40,5117,0.922785
10,11344;66,13947,0.970886;21,2853,0.896203;27,4495,0.94557;36,3418,0.835443;40,5118,0.921519
10,11608;66,14192,0.98481;20,2750,0.898734;31,5018,0.967089;37,3648,0.829114;39,5060,0.887342
10,11449;67,14340,0.981013;21,2907,0.872152;31,5149,0.972152;39,3717,0.841772;40,5080,0.879747
10,11542;67,14239,0.983544;20,2763,0.891139;28,4690,0.955696;38,3578,0.821519;46,5792,0.896203
10,11580;73,13812,0.973418;21,2932,0.88481;30,4754,0.943038;34,3377,0.834177;40,5261,0.902532
10,11542;66,14130,0.977215;20,2848,0.886076;30,5038,0.936709;41,3862,0.872152;42,5237,0.886076
9,10855;67,14444,0.977215;19,2650,0.886076;27,4609,0.948101;33,3103,0.850633;37,4673,0.888608
10,11247;68,14728,0.964557;20,2735,0.837975;28,4481,0.929114;41,3833,0.840506;43,5390,0.887342
10,11480;70,15094,0.977215;21,2985,0.844304;33,5397,0.953165;41,3741,0.808861;48,5968,0.905063
10,11221;68,14885,0.977215;20,2809,0.853165;33,5361,0.946835;38,3464,0.803797;43,5391,0.926582
10,11859;70,15226,0.979747;23,3457,0.853165;34,5665,0.939241;50,4577,0.824051;46,5996,0.924051
10,11830;70,15015,0.974684;22,3144,0.859494;33,5642,0.940506;45,3997,0.860759;46,5815,0.925316
10,11104;67,14501,0.979747;20,2601,0.798734;28,4699,0.925316;34,3251,0.813924;38,4828,0.908861
10,11733;67,14618,0.962025;23,3189,0.813924;33,5454,0.922785;45,4187,0.827848;47,5895,0.9
10,11669;70,15179,0.978481;20,2930,0.8;31,5068,0.922785;43,4091,0.820253;44,5616,0.896203
10,11508;77,16098,0.96962;19,2847,0.787342;31,5401,0.906329;35,3361,0.8;45,5705,0.883544
10,11845;72,15858,0.958228;22,3438,0.836709;33,5670,0.907595;46,4011,0.773418;53,6523,0.851899
10,12031;70,15452,0.974684;25,3813,0.859494;38,6688,0.927848;58,4914,0.803797;59,7299,0.881013
10,11258;70,15175,0.978481;20,2813,0.810127;32,5337,0.906329;39,3290,0.797468;45,5517,0.86962
16,11131;69,15030,0.978481;20,2741,0.802532;27,4631,0.906329;38,3451,0.794937;42,5149,0.892405
9,10259;69,15082,0.963291;18,2381,0.75443;25,4180,0.888608;35,3100,0.781013;38,4752,0.913924
10,11438;70,15460,0.975949;26,3723,0.843038;33,5755,0.918987;44,3982,0.768354;53,6523,0.908861
13,11514;68,15052,0.958228;20,2988,0.789873;33,5735,0.898734;44,3876,0.762025;47,5943,0.907595
10,10823;68,15137,0.949367;20,2895,0.756962;33,5467,0.905063;43,3762,0.806329;45,5340,0.888608
10,11434;71,15574,0.973418;21,2889,0.796203;33,5543,0.920253;41,3481,0.791139;49,5929,0.91519
10,11189;70,15350,0.958228;22,3089,0.803797;32,5410,0.924051;49,3962,0.78481;46,5605,0.903797
11,11552;67,14591,0.948101;24,3315,0.843038;33,5718,0.922785;46,3899,0.803797;53,6243,0.908861
11,11364;72,15431,0.975949;21,2906,0.817722;31,5115,0.921519;45,3886,0.797468;46,5710,0.903797
11,11336;71,15501,0.959494;22,2948,0.820253;32,5326,0.906329;42,3424,0.765823;46,5548,0.906329
10,11732;68,15072,0.970886;22,3142,0.803797;34,5644,0.917722;45,3885,0.807595;51,6233,0.918987
10,11308;72,15820,0.965823;23,3246,0.783544;31,5302,0.903797;48,4015,0.781013;53,6561,0.908861
10,11593;67,14856,0.953165;20,3039,0.78481;35,6112,0.902532;51,4203,0.749367;53,6485,0.889873
10,11236;70,15348,0.958228;20,2947,0.76962;31,5259,0.862025;42,3734,0.789873;44,5485,0.910127
17,11203;68,15088,0.959494;21,2925,0.781013;31,5301,0.867089;43,3655,0.793671;47,5741,0.898734
10,11699;67,15050,0.958228;23,3207,0.8;35,5942,0.893671;47,3977,0.807595;54,6547,0.911392
10,11479;70,15473,0.955696;22,3188,0.820253;34,5761,0.91519;44,3851,0.760759;52,6323,0.877215
10,11886;69,15413,0.968354;24,3558,0.84557;36,6026,0.917722;49,4422,0.802532;54,6834,0.897468
10,11633;71,15883,0.963291;23,3195,0.818987;32,5558,0.925316;46,4140,0.807595;53,6639,0.901266
10,11196;73,16159,0.972152;22,3148,0.827848;31,5244,0.912658;42,3856,0.789873;46,5816,0.921519
13,11566;71,15792,0.975949;22,3166,0.793671;34,5816,0.911392;43,3943,0.825316;46,5835,0.9
10,11658;69,15105,0.963291;24,3526,0.813924;35,5961,0.922785;44,3986,0.807595;56,6682,0.911392
10,11378;69,15285,0.982278;21,2899,0.774684;32,5532,0.924051;43,3887,0.791139;49,6142,0.907595
10,11639;68,15125,0.970886;22,3095,0.807595;33,5638,0.920253;47,4088,0.816456;55,6809,0.906329
10,11436;72,15830,0.963291;22,3212,0.806329;31,5259,0.902532;41,3704,0.775949;47,5850,0.878481
10,11419;68,14922,0.968354;22,3221,0.870886;30,5185,0.907595;44,3833,0.76962;45,5656,0.896203
10,11519;68,14766,0.964557;22,3273,0.843038;32,5518,0.929114;45,3851,0.826582;53,6494,0.931646
10,11839;70,15303,0.972152;21,3178,0.822785;33,5396,0.929114;50,4183,0.8;54,6518,0.913924
10,11509;71,15528,0.965823;24,3460,0.806329;35,6015,0.932911;47,3810,0.807595;52,6297,0.916456
10,11425;68,14670,0.972152;24,3575,0.846835;32,5466,0.905063;45,3939,0.806329;50,6139,0.929114
10,11347;70,15420,0.959494;22,2942,0.789873;31,5275,0.925316;44,3920,0.807595;45,5652,0.908861
10,11348;70,15250,0.972152;22,3281,0.856962;33,5457,0.932911;40,3776,0.794937;46,5800,0.911392
10,11114;70,15135,0.973418;21,3051,0.848101;31,5238,0.944304;45,4023,0.825316;45,5567,0.908861
11,11865;72,15659,0.972152;23,3459,0.834177;34,6065,0.941772;46,4143,0.829114;53,6569,0.907595
10,11180;68,14935,0.982278;14,3014,0.826582;18,5022,0.925316;36,3567,0.841772;41,5343,0.935443
10,11505;67,14587,0.982278;23,3162,0.84557;31,5332,0.95443;40,3899,0.848101;45,5722,0.917722
11,11533;71,15388,0.972152;20,2928,0.867089;32,5254,0.953165;36,3370,0.836709;45,5702,0.903797
10,10902;67,14738,0.967089;22,2832,0.893671;28,4646,0.953165;32,3066,0.812658;38,4838,0.932911
11,11569;70,14919,0.973418;18,2712,0.846835;31,5169,0.958228;38,3580,0.806329;44,5588,0.912658
11,11455;68,15025,0.978481;22,2989,0.88481;30,4948,0.93038;39,3650,0.779747;44,5533,0.892405
10,11183;67,14538,0.977215;20,3009,0.893671;30,5080,0.932911;39,3637,0.811392;42,5203,0.905063
10,11309;67,14543,0.974684;19,2731,0.868354;27,4750,0.924051;36,3535,0.834177;40,5359,0.905063
10,11349;70,15218,0.98481;20,3002,0.883544;29,5063,0.936709;38,3726,0.836709;40,5403,0.913924
9,10501;67,14781,0.978481;19,2874,0.883544;26,4677,0.941772;35,3418,0.862025;36,4936,0.932911
10,11766;70,15328,0.982278;20,3148,0.865823;30,5332,0.940506;39,3838,0.846835;44,5945,0.917722
9,10822;69,14934,0.982278;19,2895,0.865823;29,5042,0.960759;38,3603,0.848101;41,5322,0.924051
9,10775;68,14671,0.979747;22,3158,0.891139;26,4852,0.935443;24,3354,0.860759;40,5187,0.918987
9,10905;69,14952,0.98481;20,2765,0.878481;28,4700,0.951899;38,3609,0.856962;38,4892,0.921519
9,10851;68,14779,0.978481;20,2909,0.877215;31,5011,0.955696;34,3265,0.826582;36,4597,0.907595
10,11112;68,14757,0.983544;20,2914,0.868354;30,4962,0.970886;39,3743,0.873418;42,5205,0.91519
10,11355;65,14279,0.992405;21,2941,0.879747;29,4935,0.949367;38,3592,0.874684;43,5424,0.927848
10,11333;68,14522,0.981013;20,2760,0.858228;29,4760,0.946835;40,3824,0.868354;43,5460,0.920253
9,10167;68,14441,0.983544;18,2447,0.888608;26,3983,0.958228;33,3081,0.875949;33,4306,0.916456
10,11243;66,14223,0.993671;20,2808,0.882278;28,4609,0.962025;37,3487,0.872152;41,5156,0.91519
10,11375;66,14237,0.979747;20,2716,0.850633;29,4840,0.935443;35,3343,0.853165;45,5676,0.937975
10,11200;67,14468,0.987342;20,2782,0.851899;31,5024,0.958228;38,3674,0.878481;42,5410,0.935443
15,10546;67,14428,0.975949;20,2633,0.832911;28,4439,0.953165;32,3135,0.859494;36,4531,0.910127
10,11732;67,14550,0.974684;23,3046,0.846835;33,5579,0.944304;42,3941,0.863291;48,6185,0.936709
10,10893;67,14333,0.979747;18,2696,0.846835;32,4989,0.965823;35,3255,0.889873;39,4982,0.953165
10,10339;68,14616,0.988608;18,2644,0.860759;27,4171,0.958228;31,3002,0.918987;34,4404,0.960759
10,10580;66,14241,0.96962;21,2773,0.85443;27,4315,0.962025;34,3261,0.874684;36,4699,0.953165
10,10814;67,14456,0.981013;20,2762,0.882278;28,4504,0.95443;35,3299,0.881013;37,4770,0.937975
10,11287;66,14399,0.988608;19,2621,0.858228;29,4683,0.934177;37,3488,0.840506;40,5120,0.932911
10,10297;65,14231,0.986076;18,2446,0.850633;27,4260,0.939241;33,3149,0.858228;32,4247,0.931646
9,9419;66,14434,0.986076;18,2402,0.846835;25,3895,0.927848;29,2968,0.868354;29,3745,0.941772
8,8775;66,14406,0.988608;17,2166,0.84557;21,3279,0.937975;26,2646,0.843038;27,3548,0.922785
10,10598;67,14893,0.988608;18,2416,0.836709;28,4558,0.941772;31,3097,0.84557;35,4623,0.927848
9,10264;70,15423,0.981013;19,2480,0.824051;25,4025,0.929114;27,2733,0.816456;33,4279,0.903797
8,9962;70,15199,0.975949;17,2250,0.810127;23,3762,0.926582;28,2914,0.849367;31,4106,0.924051
8,9293;67,14637,0.974684;17,2003,0.811392;24,3817,0.925316;26,2605,0.855696;28,3763,0.927848
7,7962;68,15094,0.981013;14,1623,0.8;19,2824,0.925316;22,2203,0.855696;23,2953,0.922785
7,7771;69,15004,0.968354;14,1718,0.786076;21,3206,0.927848;21,2150,0.83038;25,3235,0.925316
6,7632;69,15303,0.96962;12,1535,0.775949;20,2840,0.912658;19,1857,0.832911;23,3087,0.924051
5,6393;67,14540,0.965823;11,1324,0.8;16,2239,0.91519;14,1433,0.806329;18,2359,0.927848
5,5665;68,15153,0.973418;7,732,0.802532;10,1304,0.908861;12,1207,0.832911;13,1776,0.901266
2,3052;68,15262,0.964557;7,520,0.797468;8,914,0.906329;6,626,0.822785;8,1027,0.907595
3,3453;68,15056,0.960759;7,550,0.812658;7,889,0.898734;5,544,0.81519;7,975,0.913924
2,3162;68,15117,0.968354;4,262,0.812658;6,695,0.9;2,252,0.83038;7,848,0.917722
0,620;70,15433,0.965823;3,103,0.81519;2,130,0.896203;0,84,0.822785;1,148,0.918987
1,1206;68,15065,0.960759;2,139,0.811392;2,165,0.889873;0,73,0.825316;1,248,0.918987
1,1646;70,15651,0.977215;2,119,0.812658;3,213,0.902532;1,142,0.829114;3,405,0.920253
1,1490;69,15243,0.96962;3,210,0.818987;4,340,0.910127;2,225,0.826582;3,403,0.917722
