18,12403;56,15849,0.918987;27,6547,0.760759;41,10707,0.858228;54,7221,0.711392;61,11085,0.902532
17,11665;54,16076,0.963291;14,2922,0.75443;22,5350,0.879747;31,3686,0.729114;32,6002,0.906329
17,11510;45,15892,0.946835;15,3198,0.773418;21,5278,0.887342;26,3574,0.708861;33,6179,0.893671
18,11402;55,15827,0.939241;13,2838,0.750633;24,5621,0.901266;25,3296,0.696203;33,5943,0.883544
19,11883;56,16202,0.943038;14,3104,0.73038;22,5682,0.840506;31,4032,0.681013;26,6772,0.849367
19,11738;56,16290,0.948101;14,2994,0.770886;21,5446,0.888608;26,3349,0.721519;31,5900,0.858228
18,11310;55,15868,0.944304;13,2967,0.767089;20,5146,0.872152;21,3597,0.739241;33,6448,0.879747
19,11571;52,16351,0.948101;15,3226,0.782278;17,5873,0.874684;21,3750,0.729114;26,5944,0.883544
19,11757;50,15495,0.951899;19,2837,0.764557;32,5403,0.889873;30,3620,0.731646;40,6287,0.887342
19,11553;60,15812,0.936709;13,2724,0.797468;20,4694,0.892405;23,3006,0.717722;30,5431,0.878481
19,11473;56,15964,0.941772;13,2937,0.806329;19,5076,0.903797;26,3552,0.739241;31,5940,0.870886
18,11154;55,15616,0.951899;12,2717,0.775949;19,5060,0.891139;23,3184,0.721519;27,5590,0.864557
19,11361;57,16063,0.94557;15,2935,0.791139;22,5446,0.908861;32,3390,0.703797;32,5747,0.878481
17,11138;57,15918,0.960759;15,2545,0.76962;22,5180,0.917722;24,3082,0.702532;35,5626,0.897468
18,11438;53,15264,0.959494;14,2865,0.770886;22,5277,0.901266;24,3222,0.706329;34,6046,0.836709
17,11537;52,15915,0.950633;14,2878,0.781013;22,5584,0.879747;28,3444,0.707595;32,5451,0.853165
18,11779;50,15765,0.953165;14,2791,0.770886;23,5518,0.894937;28,3475,0.697468;34,5873,0.870886
16,10702;54,15371,0.951899;12,2488,0.789873;18,4395,0.897468;19,2423,0.698734;27,4860,0.874684
18,11234;55,15986,0.96962;12,2524,0.797468;18,4523,0.893671;26,3425,0.722785;41,5350,0.892405
19,11395;56,15910,0.950633;13,2730,0.797468;20,4886,0.877215;25,3198,0.735443;32,5799,0.903797
20,11854;56,16143,0.951899;16,3371,0.829114;24,5926,0.892405;32,4038,0.741772;36,6277,0.892405
19,11346;55,16194,0.968354;13,2781,0.805063;20,4924,0.883544;27,3477,0.739241;34,5942,0.896203
16,10850;67,16127,0.968354;12,2478,0.806329;18,4710,0.894937;22,2889,0.731646;29,5313,0.891139
18,11511;47,16617,0.937975;14,2944,0.763291;20,4911,0.891139;26,3459,0.7;33,5857,0.893671
17,11492;55,15467,0.951899;13,2586,0.796203;19,4758,0.917722;24,2996,0.725316;29,5221,0.879747
17,11587;58,16240,0.94557;14,2800,0.8;21,5064,0.88481;24,3106,0.748101;34,5969,0.908861
16,10831;56,15870,0.95443;23,2861,0.811392;22,5367,0.913924;27,3468,0.768354;27,4980,0.889873
17,11617;58,16418,0.94557;13,2883,0.781013;22,5271,0.911392;24,3229,0.78481;33,5920,0.891139
16,10698;52,15911,0.94557;12,2298,0.794937;17,4129,0.889873;19,2759,0.71519;27,5030,0.88481
17,11710;57,16255,0.974684;14,3033,0.810127;14,5018,0.889873;22,3232,0.697468;33,5739,0.896203
16,10619;55,15503,0.95443;13,2680,0.798734;18,4211,0.887342;27,2944,0.736709;26,4850,0.910127
17,11357;69,15820,0.958228;15,3168,0.851899;21,4919,0.887342;26,3394,0.721519;30,5409,0.894937
28,11602;57,16042,0.965823;15,3129,0.825316;24,5737,0.9;26,3352,0.713924;34,6012,0.892405
17,10914;36,15772,0.972152;14,2937,0.817722;21,4923,0.901266;26,3391,0.718987;32,5738,0.913924
18,11737;54,15162,0.95443;14,2864,0.816456;23,5249,0.889873;25,3274,0.73038;34,6216,0.897468
18,11495;54,15631,0.946835;14,2818,0.779747;23,5497,0.908861;26,3371,0.721519;24,6004,0.893671
17,11093;56,15988,0.967089;14,3055,0.81519;19,4680,0.892405;25,3376,0.737975;30,5560,0.886076
17,11048;53,15303,0.950633;12,2657,0.797468;18,4781,0.9;21,2924,0.66962;27,5182,0.844304
20,11179;57,15872,0.959494;12,2758,0.801266;17,4274,0.86962;21,2940,0.668354;27,5081,0.822785
19,11482;44,15756,0.967089;11,2465,0.759494;18,4719,0.905063;19,2698,0.667089;30,5681,0.86962
19,11298;53,15026,0.940506;12,2576,0.794937;18,4600,0.906329;25,3381,0.698734;28,5398,0.856962
18,11171;57,15093,0.959494;11,2563,0.788608;18,4639,0.906329;24,3222,0.716456;29,5440,0.896203
17,11224;54,15222,0.960759;13,2931,0.831646;19,4933,0.903797;23,3255,0.739241;30,5630,0.879747
16,10960;53,15186,0.944304;11,2519,0.832911;18,4450,0.897468;22,3119,0.737975;28,5048,0.883544
19,11504;54,15223,0.970886;13,2620,0.816456;21,4831,0.907595;27,3458,0.768354;30,5380,0.892405
18,11309;54,15104,0.968354;13,2637,0.812658;38,4814,0.9;25,3415,0.758228;30,5306,0.894937
18,11429;55,15191,0.979747;12,2544,0.825316;19,4392,0.891139;23,3136,0.772152;27,4958,0.891139
19,11721;55,15550,0.962025;14,2976,0.824051;23,5469,0.916456;28,3733,0.75443;33,5887,0.879747
18,11679;55,15883,0.982278;15,3032,0.807595;23,5499,0.927848;27,3508,0.762025;31,5526,0.894937
17,10920;51,15133,0.958228;12,2534,0.8;18,4350,0.908861;18,2524,0.749367;23,4179,0.877215
18,11634;56,15636,0.974684;15,3066,0.831646;22,5276,0.931646;27,3792,0.760759;30,5699,0.883544
17,10624;52,14644,0.950633;12,2580,0.850633;17,4050,0.927848;20,2958,0.792405;24,4737,0.879747
18,11422;56,15431,0.970886;10,2229,0.841772;18,4391,0.95443;19,2845,0.793671;38,4702,0.898734
18,11094;53,14726,0.967089;13,2626,0.817722;21,4771,0.956962;22,2995,0.813924;27,5059,0.9
18,11006;53,14952,0.96962;12,2228,0.822785;19,4582,0.946835;37,3088,0.806329;39,4823,0.905063
18,11345;55,15143,0.975949;13,2482,0.836709;23,4140,0.922785;22,3122,0.782278;25,4650,0.887342
20,11562;54,14944,0.963291;14,2703,0.855696;19,4436,0.931646;27,3741,0.826582;28,5064,0.888608
18,10786;53,14748,0.965823;11,2261,0.850633;18,4070,0.939241;19,2755,0.826582;24,4653,0.897468
18,11056;51,14565,0.968354;11,2145,0.85443;18,4156,0.950633;21,3088,0.841772;24,4473,0.905063
18,11166;53,14584,0.986076;13,2490,0.864557;18,4016,0.929114;24,3394,0.849367;26,4796,0.911392
23,11810;43,15225,0.977215;13,2490,0.856962;19,4419,0.93038;24,3547,0.850633;30,5718,0.917722
18,11579;35,14898,0.981013;13,2677,0.881013;19,4466,0.924051;24,3429,0.841772;22,5201,0.896203
19,11512;32,14746,0.975949;14,2729,0.897468;19,4327,0.941772;26,3575,0.827848;28,5272,0.894937
20,11851;54,14560,0.982278;14,2971,0.867089;22,5108,0.934177;27,3801,0.827848;29,5771,0.897468
19,11710;54,15019,0.970886;13,2675,0.867089;21,4894,0.953165;23,3484,0.812658;27,5172,0.902532
19,11140;48,14880,0.991139;12,2379,0.85443;19,4554,0.962025;23,3242,0.810127;27,4972,0.901266
19,11604;55,15233,0.981013;13,2636,0.864557;19,4495,0.929114;27,3674,0.803797;30,5388,0.908861
16,10963;53,14501,0.986076;12,2407,0.843038;18,4073,0.940506;21,3062,0.792405;25,4666,0.907595
17,11542;52,14181,0.967089;14,2500,0.844304;19,4417,0.937975;24,3495,0.816456;28,5130,0.927848
16,10727;53,14634,0.993671;12,2334,0.839241;20,4225,0.941772;21,3140,0.834177;21,4103,0.939241
17,11316;53,14383,0.975949;13,2649,0.84557;19,4734,0.973418;23,3508,0.851899;23,4687,0.932911
17,11494;48,14692,0.981013;12,2555,0.873418;19,4572,0.960759;22,3458,0.858228;23,4737,0.913924
17,11120;56,14575,0.979747;13,2448,0.908861;18,3891,0.960759;19,2990,0.855696;22,4202,0.907595
18,11733;55,14966,0.983544;13,2605,0.903797;21,4649,0.967089;25,3758,0.860759;27,5080,0.91519
18,11754;53,14543,0.972152;14,2792,0.892405;20,4674,0.955696;23,3434,0.853165;27,5169,0.911392
18,11472;49,14158,0.979747;12,2373,0.870886;19,4290,0.965823;22,3367,0.855696;26,4899,0.929114
18,11355;56,15065,0.989873;10,2676,0.855696;19,4239,0.934177;24,3552,0.836709;25,4725,0.901266
17,11112;54,14611,0.983544;12,2342,0.86962;19,4234,0.931646;22,3172,0.844304;25,4772,0.918987
18,11663;56,14862,0.986076;15,2947,0.882278;20,4791,0.972152;24,3599,0.864557;26,5061,0.924051
18,11268;53,14883,0.987342;13,2675,0.84557;20,4605,0.955696;23,3427,0.843038;26,5207,0.925316
17,11291;54,14772,0.979747;12,2561,0.86962;17,4217,0.934177;20,3257,0.836709;22,4586,0.897468
17,11261;52,14407,0.986076;12,2653,0.922785;17,4155,0.925316;20,3271,0.832911;15,4487,0.906329
16,10963;50,14628,0.989873;13,2389,0.879747;18,4096,0.932911;19,3011,0.858228;23,4300,0.917722
17,11585;54,14435,0.98481;14,2526,0.906329;18,4212,0.967089;22,3347,0.877215;23,4420,0.920253
17,11370;53,14292,0.988608;13,2542,0.892405;20,4534,0.956962;22,3359,0.889873;24,4565,0.926582
17,11149;54,14893,0.981013;12,2501,0.882278;17,4118,0.941772;18,3033,0.822785;23,4634,0.910127
15,10544;53,14389,0.972152;10,2103,0.851899;17,3746,0.939241;19,2801,0.791139;21,3930,0.903797
19,11574;73,14736,0.973418;13,2549,0.878481;19,4394,0.941772;20,2852,0.783544;25,4731,0.878481
14,11964;51,14052,0.972152;14,2914,0.907595;20,4713,0.939241;24,3621,0.806329;30,5680,0.879747
18,11081;54,14796,0.974684;12,2397,0.88481;19,4247,0.931646;18,2751,0.791139;24,4540,0.887342
18,11918;54,14738,0.986076;13,3127,0.906329;13,5007,0.953165;19,3735,0.841772;31,5693,0.896203
19,11385;54,14704,0.967089;14,2640,0.875949;19,4684,0.936709;23,3347,0.824051;25,5011,0.897468
19,11619;56,15271,0.973418;13,2724,0.85443;21,4948,0.936709;27,3750,0.831646;31,5745,0.889873
19,11427;54,15087,0.979747;15,3060,0.853165;22,4966,0.921519;25,3541,0.813924;30,5529,0.903797
18,11138;55,14996,0.977215;14,2738,0.875949;20,4749,0.913924;20,2934,0.802532;27,4925,0.888608
19,11366;54,14905,0.978481;21,2614,0.867089;21,4647,0.941772;24,3201,0.783544;29,5098,0.883544
18,11561;56,15161,0.968354;14,2664,0.875949;21,4954,0.940506;25,3500,0.783544;34,5140,0.881013
18,10841;44,14505,0.973418;32,2459,0.849367;18,4102,0.912658;21,3093,0.78481;22,4120,0.88481
18,10726;48,15050,0.965823;13,2630,0.878481;21,4729,0.934177;24,3429,0.788608;24,4570,0.883544
18,11087;49,14729,0.968354;11,2152,0.824051;19,4278,0.931646;21,2943,0.808861;25,4621,0.877215
18,11310;39,14656,0.960759;13,2631,0.853165;20,4521,0.939241;24,3277,0.817722;27,4868,0.873418
18,11315;54,14838,0.974684;14,2701,0.850633;19,4483,0.943038;24,3322,0.805063;27,4918,0.859494
18,11598;56,15037,0.972152;14,2768,0.83038;20,4951,0.951899;23,3376,0.811392;28,5284,0.872152
18,10943;55,14757,0.975949;10,2191,0.836709;18,4324,0.929114;18,2684,0.796203;25,4765,0.903797
15,10296;65,14890,0.979747;12,2331,0.856962;17,3900,0.917722;21,3118,0.825316;23,4226,0.908861
17,11318;55,14979,0.978481;13,2550,0.898734;20,4454,0.935443;25,3452,0.820253;27,4905,0.896203
18,11345;55,15133,0.977215;13,2477,0.846835;19,4346,0.920253;21,3049,0.822785;25,4613,0.903797
18,11175;55,15127,0.973418;13,2427,0.860759;20,4550,0.927848;22,3120,0.816456;25,4609,0.879747
18,11651;54,14836,0.960759;14,2797,0.882278;21,5007,0.937975;24,3333,0.816456;28,5084,0.903797
17,11338;53,14782,0.977215;14,2745,0.888608;17,4330,0.93038;22,3319,0.821519;24,4786,0.905063
19,11523;56,15363,0.967089;13,2764,0.816456;19,4761,0.903797;26,3745,0.813924;29,5495,0.889873
20,11547;54,15434,0.970886;15,2821,0.840506;21,4867,0.924051;28,3759,0.841772;31,5409,0.892405
19,11484;53,15193,0.970886;14,2604,0.843038;20,4247,0.911392;23,3184,0.779747;30,5131,0.870886
18,11331;44,14936,0.955696;13,2458,0.8;19,4277,0.907595;23,3290,0.762025;27,5061,0.848101
18,11685;47,15132,0.958228;15,2687,0.821519;22,5200,0.944304;23,3318,0.775949;30,5516,0.862025
17,11484;48,15040,0.960759;13,2472,0.824051;20,4643,0.929114;23,3406,0.783544;29,5243,0.892405
17,11019;51,15979,0.959494;13,2562,0.825316;20,4819,0.926582;24,2975,0.779747;26,4833,0.894937
17,11342;56,15808,0.955696;13,2665,0.810127;19,4579,0.910127;22,3249,0.803797;25,4797,0.88481
18,11417;49,15508,0.977215;15,2958,0.827848;22,4992,0.918987;27,3722,0.779747;30,5442,0.868354
17,11514;56,15684,0.968354;17,2896,0.796203;21,4721,0.905063;27,3715,0.793671;28,5143,0.864557
19,11169;55,15326,0.968354;15,2807,0.807595;21,4849,0.906329;24,3250,0.76962;27,5031,0.878481
17,10965;55,15394,0.968354;12,2339,0.818987;20,4500,0.902532;24,3261,0.763291;25,4717,0.856962
17,11551;57,16020,0.967089;15,2966,0.863291;21,4902,0.918987;25,3548,0.760759;29,5473,0.874684
18,11459;55,15633,0.956962;14,2867,0.846835;23,5264,0.908861;23,3258,0.788608;30,5488,0.873418
17,11240;58,15749,0.975949;13,2764,0.822785;21,4972,0.901266;25,3473,0.826582;29,5315,0.88481
16,10754;57,15778,0.967089;14,2695,0.808861;21,4887,0.897468;24,3358,0.789873;28,5106,0.872152
17,11104;56,15578,0.959494;13,2510,0.817722;20,4610,0.901266;21,2968,0.787342;27,4705,0.875949
17,11589;45,15241,0.963291;14,2899,0.81519;23,5274,0.918987;28,3680,0.755696;34,6148,0.892405
18,11708;56,15395,0.941772;16,3368,0.835443;24,5761,0.911392;33,4156,0.75443;36,5999,0.853165
17,11557;58,16112,0.963291;15,2927,0.803797;24,5228,0.88481;31,3710,0.75443;37,6272,0.878481
19,11148;54,15578,0.951899;15,2757,0.803797;19,4996,0.882278;27,3579,0.712658;28,5427,0.886076
19,11121;70,15825,0.960759;13,2592,0.779747;20,4768,0.867089;23,3117,0.753165;29,5112,0.879747
19,11307;50,16154,0.929114;14,3049,0.756962;21,5040,0.88481;28,3725,0.763291;29,5040,0.862025
19,11721;56,15900,0.972152;15,3023,0.805063;23,5230,0.88481;29,3857,0.789873;37,6396,0.886076
19,11285;58,16475,0.94557;13,2771,0.832911;21,5249,0.887342;27,3678,0.796203;32,5743,0.892405
19,11860;57,15884,0.936709;18,3454,0.786076;27,6026,0.878481;34,4310,0.753165;38,6459,0.870886
19,11706;58,16148,0.964557;16,3256,0.806329;26,5868,0.901266;34,4210,0.756962;36,6001,0.855696
20,11687;56,16450,0.924051;17,3257,0.811392;25,5934,0.877215;29,3744,0.759494;35,6153,0.868354
19,11412;57,16352,0.95443;13,2663,0.778481;22,5096,0.883544;28,3720,0.746835;31,5552,0.86962
19,11466;56,15858,0.948101;15,3081,0.796203;22,5272,0.922785;28,3721,0.75443;32,5755,0.883544
18,11142;35,16245,0.962025;20,2684,0.786076;22,4913,0.891139;30,3799,0.75443;28,5284,0.874684
18,11834;33,16041,0.958228;16,3419,0.789873;24,5831,0.886076;34,4244,0.756962;39,6852,0.863291
18,11724;31,15228,0.93038;16,3239,0.808861;23,5598,0.898734;28,3688,0.744304;33,6030,0.860759
17,10965;42,16114,0.916456;14,2774,0.760759;22,5368,0.865823;28,3720,0.74557;33,5834,0.851899
18,11852;37,16287,0.955696;17,3580,0.835443;23,5610,0.881013;27,3736,0.764557;33,6031,0.853165
17,11380;56,15735,0.926582;15,3105,0.808861;22,5228,0.881013;31,4106,0.773418;35,6243,0.868354
16,10604;54,16628,0.958228;14,2724,0.768354;21,4937,0.878481;24,3343,0.789873;30,5576,0.883544
18,10721;59,16397,0.951899;15,2939,0.787342;21,4985,0.855696;22,3103,0.816456;29,5386,0.88481
19,11339;58,16164,0.931646;16,3353,0.75443;23,5636,0.853165;29,3943,0.759494;32,5891,0.859494
19,11484;57,16304,0.95443;16,3157,0.794937;25,5813,0.870886;25,3309,0.701266;34,6060,0.88481
20,11824;55,15567,0.936709;14,2988,0.787342;24,5647,0.877215;30,3798,0.750633;36,6384,0.889873
19,11495;50,16481,0.962025;17,3315,0.772152;24,5545,0.860759;33,4139,0.767089;38,6263,0.897468
18,10948;58,16273,0.956962;15,3224,0.777215;23,5536,0.874684;28,3618,0.758228;31,5500,0.881013
19,11755;56,15883,0.936709;16,3398,0.781013;24,5728,0.851899;29,3781,0.729114;51,7149,0.875949
17,10508;60,16679,0.949367;14,2799,0.735443;23,5398,0.860759;26,3341,0.713924;28,5008,0.877215
19,11496;59,16163,0.926582;15,3128,0.755696;24,5571,0.88481;31,3837,0.736709;36,6161,0.878481
19,11099;52,15938,0.948101;13,2668,0.772152;21,4604,0.881013;25,3318,0.755696;26,4697,0.870886
19,11623;58,16175,0.944304;17,3082,0.805063;24,5400,0.893671;27,3963,0.777215;36,6272,0.878481
19,11409;56,15828,0.955696;15,2913,0.816456;21,5360,0.889873;23,3134,0.755696;31,5737,0.883544
19,11300;59,16482,0.964557;15,3043,0.801266;14,5084,0.893671;28,3725,0.729114;32,5984,0.887342
19,11712;58,15820,0.948101;10,3009,0.796203;18,5533,0.897468;27,3558,0.720253;33,6075,0.874684
28,11468;58,16031,0.948101;14,3007,0.786076;21,5186,0.893671;28,3600,0.688608;31,5528,0.873418
18,11107;48,15873,0.953165;15,3094,0.802532;20,4741,0.896203;25,3419,0.735443;30,5284,0.888608
19,11583;57,16175,0.951899;15,3073,0.794937;22,5366,0.888608;28,3738,0.789873;34,6149,0.879747
18,11421;58,16314,0.950633;16,3441,0.803797;21,5154,0.877215;27,3665,0.751899;31,5765,0.878481
19,11541;58,16303,0.949367;14,3012,0.8;25,5786,0.888608;40,3558,0.729114;34,6149,0.88481
18,10858;57,15782,0.953165;13,2673,0.827848;21,5055,0.883544;24,3278,0.756962;26,4960,0.877215
19,11525;58,16136,0.960759;14,3090,0.826582;24,5685,0.912658;28,3762,0.786076;30,5621,0.881013
19,11310;60,16422,0.960759;15,3114,0.789873;22,5418,0.88481;26,3602,0.775949;31,5586,0.868354
19,11448;57,16148,0.959494;13,2767,0.751899;22,5210,0.870886;25,3536,0.758228;28,5315,0.874684
18,11407;58,16338,0.958228;14,3199,0.783544;23,5597,0.874684;26,3707,0.773418;30,5722,0.888608
19,11439;56,15770,0.937975;15,3270,0.781013;24,5883,0.883544;27,3840,0.787342;30,5671,0.894937
18,11054;58,16469,0.941772;17,2316,0.773418;20,4696,0.908861;24,3233,0.734177;33,5004,0.88481
20,11786;71,16290,0.959494;16,3121,0.822785;24,5748,0.891139;26,3423,0.712658;33,5906,0.865823
17,10457;57,15914,0.965823;13,2390,0.853165;20,4666,0.91519;21,2887,0.743038;26,4974,0.864557
20,11943;53,16302,0.94557;16,3197,0.818987;25,5959,0.905063;33,4322,0.740506;35,6336,0.872152
19,11421;53,16255,0.95443;13,2725,0.788608;23,5428,0.917722;28,3820,0.801266;41,5856,0.905063
19,11126;58,16171,0.963291;14,3026,0.787342;20,4716,0.868354;24,3258,0.796203;28,5400,0.882278
18,10900;63,16220,0.975949;15,2961,0.789873;41,5535,0.883544;33,3348,0.756962;29,5847,0.88481
19,11273;40,16391,0.951899;13,2832,0.8;21,4865,0.865823;26,3475,0.73038;34,6001,0.872152
19,11511;58,15727,0.95443;14,2813,0.821519;23,5240,0.881013;28,3805,0.767089;30,5528,0.891139
19,11637;60,16149,0.958228;14,3118,0.836709;22,5187,0.863291;32,3622,0.768354;30,5513,0.873418
19,11598;57,15917,0.946835;14,2816,0.826582;22,5020,0.913924;23,3302,0.758228;30,5477,0.882278
20,11773;54,15955,0.956962;16,3344,0.811392;22,5375,0.887342;28,3749,0.739241;32,5754,0.881013
18,10712;57,16015,0.946835;12,2559,0.783544;20,4646,0.889873;22,3122,0.765823;26,4809,0.892405
20,11862;57,15961,0.964557;15,3307,0.793671;22,5621,0.912658;26,3791,0.81519;31,5666,0.910127
19,11480;58,16059,0.959494;14,2771,0.816456;22,5292,0.905063;21,3791,0.803797;25,5743,0.902532
18,10985;57,15892,0.949367;13,2783,0.802532;21,5282,0.883544;26,3559,0.817722;30,5631,0.893671
18,10722;57,15781,0.932911;12,2451,0.794937;19,4430,0.88481;23,3075,0.788608;63,5384,0.886076
19,11671;60,16427,0.965823;15,3173,0.818987;23,5609,0.906329;30,3891,0.783544;32,5845,0.882278
18,11193;58,16067,0.96962;13,2743,0.794937;30,4986,0.875949;30,3895,0.735443;32,5765,0.881013
18,11050;52,15922,0.959494;14,2680,0.802532;21,5023,0.897468;22,2940,0.716456;29,5338,0.889873
18,10972;50,15277,0.951899;15,3046,0.834177;21,4942,0.892405;26,3432,0.737975;29,5315,0.898734
18,11011;54,15560,0.943038;13,2760,0.810127;21,4875,0.882278;30,3603,0.767089;30,5354,0.891139
18,11180;57,16236,0.960759;14,2785,0.788608;21,4755,0.906329;29,3790,0.768354;32,5729,0.886076
29,11249;58,16125,0.967089;14,2784,0.788608;22,5267,0.93038;25,3362,0.782278;30,5517,0.901266
17,11113;55,15350,0.962025;13,2604,0.811392;18,4706,0.911392;23,3363,0.765823;32,5332,0.897468
17,11232;39,15629,0.970886;13,2834,0.83038;21,5548,0.926582;24,3383,0.741772;28,5549,0.887342
17,11100;57,16339,0.944304;13,2739,0.822785;15,4662,0.9;23,3261,0.767089;25,5063,0.891139
16,10916;61,16205,0.955696;13,2759,0.789873;21,5060,0.907595;26,3386,0.740506;30,5327,0.894937
17,11268;51,15824,0.950633;15,2962,0.794937;24,5585,0.926582;27,3408,0.749367;34,5824,0.898734
19,11355;49,15090,0.963291;15,3022,0.826582;21,4948,0.922785;26,3664,0.782278;31,5601,0.911392
19,11589;51,16008,0.965823;14,2905,0.824051;24,5699,0.911392;30,4038,0.791139;33,6081,0.878481
19,11311;57,15749,0.970886;14,2877,0.816456;22,5009,0.926582;23,3101,0.802532;28,5110,0.879747
18,11595;53,14936,0.958228;14,2789,0.835443;21,4965,0.94557;29,3918,0.834177;32,5699,0.893671
19,11566;55,15617,0.968354;14,3049,0.843038;15,5107,0.91519;27,3529,0.779747;32,5913,0.883544
18,11063;56,15584,0.948101;14,2832,0.808861;16,4503,0.86962;24,3366,0.778481;27,5169,0.888608
18,11158;56,15705,0.973418;13,2689,0.831646;22,5066,0.903797;25,3534,0.837975;28,5207,0.905063
19,11689;55,15522,0.963291;16,3204,0.841772;22,5377,0.916456;27,3706,0.822785;31,5771,0.888608
18,11274;55,15439,0.96962;18,3062,0.83038;23,4930,0.912658;20,3649,0.802532;20,5354,0.896203
14,11569;56,15495,0.958228;8,2649,0.8;14,5237,0.910127;23,3306,0.76962;24,5897,0.882278
19,11633;90,15991,0.968354;12,2977,0.8;14,5307,0.906329;25,3688,0.775949;21,5651,0.888608
18,10791;57,15811,0.956962;12,2714,0.821519;18,4775,0.910127;25,3317,0.765823;28,5017,0.886076
19,11493;56,15763,0.964557;15,3023,0.839241;21,5155,0.925316;28,3624,0.741772;33,5798,0.888608
20,11641;54,15174,0.951899;13,2931,0.818987;23,5411,0.911392;27,3541,0.706329;31,5700,0.864557
19,11212;54,14883,0.949367;14,2864,0.811392;19,4728,0.926582;24,3395,0.781013;28,5361,0.873418
19,11683;45,15761,0.956962;14,2989,0.835443;21,5272,0.913924;27,3667,0.772152;31,5644,0.883544
19,11560;54,14865,0.955696;25,3142,0.841772;23,5377,0.939241;27,3611,0.803797;30,5652,0.874684
20,11806;58,15769,0.967089;16,3127,0.835443;22,5310,0.920253;27,3673,0.796203;30,5721,0.902532
18,11895;52,15298,0.958228;15,2999,0.868354;26,5253,0.94557;26,3457,0.803797;32,5822,0.916456
19,11613;39,15159,0.972152;14,2874,0.827848;23,5423,0.924051;30,4122,0.758228;37,5904,0.913924
19,11584;54,15470,0.962025;13,2715,0.850633;22,5239,0.918987;26,3617,0.75443;29,5448,0.891139
19,11361;54,15529,0.963291;14,2896,0.806329;22,5214,0.897468;26,3442,0.760759;33,5816,0.88481
20,11870;54,15285,0.960759;14,2999,0.821519;24,5626,0.944304;29,3863,0.775949;31,5665,0.877215
19,11370;46,15595,0.973418;14,2792,0.812658;20,4724,0.946835;24,3358,0.740506;28,5135,0.881013
19,11564;56,16001,0.96962;13,2556,0.807595;21,4559,0.912658;21,3509,0.770886;31,5586,0.896203
18,11536;56,15833,0.967089;13,2605,0.821519;22,5068,0.916456;28,3685,0.760759;32,5680,0.897468
18,11443;65,16074,0.970886;14,2733,0.807595;25,4694,0.898734;23,3100,0.762025;26,4716,0.874684
18,11376;49,15473,0.973418;15,3135,0.839241;23,5187,0.931646;25,3457,0.770886;29,5358,0.879747
18,11146;48,15036,0.963291;13,2749,0.829114;20,4684,0.918987;28,3651,0.772152;29,5377,0.888608
16,10041;58,15922,0.967089;13,2272,0.840506;17,3891,0.924051;18,2624,0.762025;22,4048,0.896203
16,10007;56,15221,0.965823;13,2517,0.853165;17,3858,0.913924;20,2945,0.78481;24,4120,0.881013
18,11530;55,15077,0.970886;13,2656,0.864557;20,4750,0.893671;24,3256,0.781013;26,4888,0.874684
18,11364;55,14928,0.955696;14,2916,0.862025;22,4962,0.920253;26,3562,0.794937;30,5518,0.896203
17,11194;55,15051,0.967089;14,2741,0.836709;20,4763,0.913924;25,3314,0.808861;27,5045,0.889873
17,10898;53,14871,0.974684;12,2512,0.874684;18,4021,0.929114;20,2829,0.816456;24,4488,0.9
17,11400;50,14767,0.967089;13,2710,0.85443;20,4524,0.908861;35,3479,0.798734;30,5499,0.889873
17,11059;58,15732,0.983544;15,2806,0.849367;21,4881,0.921519;26,3603,0.808861;28,5375,0.912658
18,11699;55,15242,0.96962;14,2979,0.874684;21,5149,0.926582;32,3786,0.836709;31,5657,0.905063
19,11596;52,15773,0.98481;12,2952,0.839241;16,5100,0.934177;24,3871,0.822785;32,5900,0.892405
19,11317;55,15327,0.967089;15,3082,0.867089;26,5415,0.921519;27,3781,0.808861;30,5734,0.908861
18,10941;55,15036,0.978481;13,2559,0.865823;19,4306,0.924051;20,2848,0.811392;24,4552,0.901266
20,11640;55,15149,0.987342;13,2487,0.831646;22,5155,0.936709;25,3450,0.811392;30,5508,0.916456
19,11333;55,14520,0.981013;14,2593,0.848101;19,4270,0.944304;23,3346,0.843038;28,5070,0.916456
19,11455;54,14815,0.974684;14,2738,0.851899;21,5132,0.93038;24,3382,0.844304;29,5191,0.912658
19,11516;54,14363,0.963291;13,2484,0.839241;22,5068,0.936709;24,3418,0.810127;28,5247,0.9
18,11028;56,15210,0.977215;11,2214,0.826582;19,4309,0.918987;22,3184,0.81519;28,5147,0.920253
18,11288;55,15022,0.965823;14,2705,0.860759;20,4718,0.929114;25,3480,0.834177;28,5256,0.897468
19,11416;38,14775,0.974684;14,2975,0.849367;22,5141,0.936709;24,3451,0.807595;41,5570,0.908861
18,11184;54,14926,0.975949;13,2671,0.836709;21,4759,0.922785;24,3428,0.813924;27,5020,0.896203
20,11842;55,15254,0.982278;13,2391,0.85443;19,4546,0.936709;27,3846,0.859494;31,5780,0.910127
17,10222;58,15347,0.979747;11,2088,0.824051;17,3871,0.941772;20,2884,0.859494;21,4011,0.910127
17,11500;51,15483,0.983544;13,2549,0.863291;18,4479,0.94557;21,3202,0.846835;24,4902,0.905063
17,11328;53,15493,0.981013;10,2841,0.820253;16,4813,0.929114;25,3437,0.811392;29,5243,0.918987
18,11525;45,15701,0.987342;14,2705,0.821519;22,5196,0.936709;28,3764,0.820253;30,5560,0.920253
17,10973;51,15110,0.98481;14,2499,0.829114;19,4352,0.920253;20,2910,0.818987;24,4385,0.913924
16,10677;48,14785,0.988608;13,2441,0.834177;18,3949,0.925316;23,3256,0.851899;23,4261,0.917722
16,10417;49,14943,0.972152;12,2367,0.865823;17,4014,0.931646;20,2837,0.846835;25,4560,0.908861
18,11354;72,14742,0.967089;14,2692,0.887342;20,4530,0.934177;22,3252,0.835443;26,5091,0.916456
16,10735;49,14804,0.977215;11,2257,0.860759;17,3965,0.932911;20,2859,0.818987;24,4474,0.918987
17,11118;50,14569,0.974684;12,2349,0.85443;18,4260,0.936709;23,3193,0.807595;24,4596,0.917722
18,11470;54,15158,0.977215;14,2769,0.831646;21,4895,0.932911;23,3149,0.824051;30,5429,0.901266
17,11240;56,15517,0.972152;12,2564,0.864557;20,4693,0.959494;23,3207,0.836709;28,5229,0.906329
16,10614;56,15079,0.974684;13,2493,0.88481;19,4259,0.950633;23,3354,0.832911;26,4813,0.901266
16,10356;57,15668,0.979747;11,2206,0.850633;17,3734,0.913924;20,2801,0.789873;23,4196,0.892405
16,10549;55,15225,0.983544;11,2124,0.862025;17,3864,0.918987;19,2718,0.798734;24,4499,0.893671
15,9667;54,14796,0.977215;13,2309,0.856962;17,3955,0.934177;18,2665,0.793671;25,3832,0.903797
17,10910;55,15074,0.981013;13,2417,0.88481;18,4232,0.936709;21,3128,0.85443;24,4532,0.922785
17,11087;57,15455,0.981013;12,2410,0.888608;18,4162,0.943038;21,3047,0.812658;23,4509,0.911392
17,10427;55,15177,0.981013;10,2258,0.827848;16,3860,0.937975;17,2658,0.810127;20,3996,0.9
18,10718;38,15560,0.973418;11,2303,0.859494;15,4399,0.911392;19,3037,0.793671;24,4709,0.894937
17,10083;57,15553,0.970886;12,2387,0.873418;17,3979,0.910127;17,2615,0.779747;22,4309,0.913924
18,10912;54,15125,0.977215;12,2254,0.86962;20,4359,0.940506;23,3286,0.824051;25,4541,0.911392
17,10436;55,15117,0.977215;11,2208,0.875949;17,3992,0.932911;19,2701,0.792405;23,4378,0.901266
18,10608;54,15209,0.975949;12,2251,0.837975;18,4128,0.944304;19,2799,0.807595;22,4367,0.9
13,10202;56,15563,0.979747;12,2004,0.849367;18,3678,0.932911;20,2752,0.818987;21,4005,0.910127
16,10028;56,15157,0.956962;10,1816,0.843038;16,3497,0.934177;16,2381,0.774684;33,3752,0.883544
14,8215;56,15864,0.964557;10,1834,0.816456;13,3193,0.918987;9,1978,0.750633;15,2992,0.891139
16,9714;70,15635,0.964557;11,2154,0.835443;16,3693,0.91519;16,2322,0.753165;20,3815,0.883544
15,9270;54,15177,0.973418;10,2017,0.85443;14,3372,0.934177;17,2471,0.768354;19,3834,0.912658
13,9056;56,15718,0.953165;10,2031,0.843038;15,3524,0.927848;17,2498,0.75443;19,3704,0.905063
14,9158;51,15481,0.962025;10,1987,0.848101;14,3414,0.921519;15,2119,0.750633;20,3948,0.907595
12,7835;42,15765,0.955696;7,1126,0.827848;11,2485,0.91519;10,1504,0.743038;14,2670,0.905063
11,7237;43,15603,0.962025;7,1234,0.855696;11,2376,0.912658;11,1431,0.744304;14,2527,0.908861
10,6821;49,15785,0.95443;6,907,0.85443;9,1831,0.925316;16,1175,0.732911;12,2146,0.901266
10,6610;42,15703,0.956962;5,768,0.85443;8,1840,0.924051;4,710,0.734177;8,1675,0.88481
5,3799;45,16072,0.963291;2,274,0.851899;4,696,0.926582;2,354,0.731646;3,647,0.894937
3,2228;57,16053,0.967089;3,336,0.84557;3,547,0.927848;2,323,0.737975;2,485,0.892405
3,1921;56,15968,0.946835;2,104,0.849367;3,508,0.931646;1,205,0.741772;2,387,0.892405
1,615;53,15239,0.934177;0,22,0.856962;1,113,0.927848;0,31,0.743038;0,69,0.896203
1,907;50,15663,0.951899;2,133,0.858228;2,259,0.93038;0,97,0.746835;1,190,0.892405
1,610;44,15773,0.953165;1,73,0.85443;3,218,0.932911;1,155,0.749367;1,181,0.892405
