9,12403;41,16087,0.972152;26,7176,0.825316;38,11516,0.95443;47,6980,0.708861;54,11201,0.924051
8,11743;41,15992,0.96962;13,3009,0.789873;20,5682,0.912658;29,4308,0.786076;25,6294,0.91519
8,11141;40,15873,0.975949;8,2931,0.765823;17,4883,0.926582;20,2916,0.772152;23,5506,0.939241
8,11244;41,15872,0.958228;9,3111,0.806329;15,5512,0.932911;22,3874,0.793671;30,5629,0.920253
8,11371;40,15970,0.965823;14,3342,0.803797;20,5537,0.922785;29,4037,0.789873;33,6412,0.908861
12,11442;40,15830,0.977215;12,2988,0.794937;20,5616,0.932911;25,3590,0.774684;30,6055,0.9
8,11253;41,16077,0.972152;13,3065,0.827848;19,5314,0.941772;25,3589,0.743038;30,6124,0.906329
7,10729;40,15544,0.964557;12,2852,0.831646;19,5252,0.931646;25,3498,0.750633;52,5320,0.88481
8,11994;39,15821,0.951899;15,3777,0.821519;23,6371,0.91519;29,4092,0.772152;36,7076,0.891139
8,11251;39,15493,0.96962;12,2909,0.794937;19,5200,0.926582;24,3451,0.807595;28,5748,0.917722
8,11486;39,15474,0.967089;13,3137,0.806329;20,5597,0.916456;27,3851,0.850633;30,5935,0.91519
8,11562;40,15642,0.958228;13,3045,0.849367;18,5137,0.906329;27,3797,0.788608;33,6408,0.903797
8,11520;39,15241,0.949367;13,2967,0.848101;18,5111,0.916456;25,3523,0.791139;31,6093,0.907595
8,11151;40,16054,0.981013;12,2876,0.808861;18,5263,0.91519;27,3748,0.801266;29,5668,0.886076
8,10719;39,15341,0.939241;12,2724,0.820253;17,4799,0.91519;25,3664,0.778481;27,5824,0.910127
8,11650;40,15897,0.944304;14,3166,0.773418;19,5814,0.891139;28,4132,0.758228;32,6354,0.894937
8,11620;40,15970,0.972152;12,2878,0.775949;19,5200,0.925316;26,3632,0.789873;30,5878,0.924051
8,11566;45,16008,0.973418;13,3296,0.797468;19,5287,0.921519;28,3907,0.767089;33,6514,0.910127
8,11038;42,15120,0.956962;13,2972,0.749367;18,5168,0.878481;26,3625,0.74557;30,5830,0.927848
8,11834;40,15240,0.962025;12,3191,0.810127;18,5678,0.898734;30,4130,0.777215;32,6728,0.91519
8,11555;44,15452,0.972152;12,3089,0.826582;16,5256,0.921519;26,3826,0.775949;29,6180,0.917722
8,11885;59,15772,0.96962;14,3476,0.84557;19,5765,0.922785;29,4009,0.778481;33,6584,0.910127
8,11415;44,15999,0.967089;12,2934,0.782278;20,5319,0.906329;26,4113,0.782278;31,6174,0.894937
8,11162;39,15233,0.951899;12,2913,0.824051;18,5110,0.901266;28,3642,0.764557;30,5796,0.894937
8,11538;39,15373,0.964557;12,2999,0.843038;18,5199,0.903797;26,3528,0.755696;29,5902,0.888608
8,11455;38,14759,0.944304;13,2953,0.822785;19,5532,0.920253;30,3816,0.743038;32,6213,0.898734
8,11308;39,15474,0.968354;12,2905,0.820253;18,5141,0.934177;29,3729,0.759494;31,5947,0.917722
9,11588;38,15628,0.977215;14,3316,0.813924;19,5681,0.929114;33,3884,0.783544;29,6164,0.922785
8,11817;33,15367,0.965823;12,3219,0.855696;18,5595,0.910127;30,4036,0.788608;32,6650,0.911392
8,11769;37,14917,0.964557;11,3104,0.821519;19,5930,0.910127;30,4166,0.787342;32,6554,0.925316
8,10962;38,15089,0.963291;12,2900,0.824051;18,5240,0.889873;26,3533,0.737975;28,5515,0.88481
9,12072;38,15221,0.964557;15,3722,0.787342;20,6302,0.910127;31,4288,0.735443;40,7632,0.912658
8,11489;43,14941,0.960759;14,2971,0.821519;20,5290,0.893671;30,3902,0.775949;33,6206,0.912658
8,11357;38,14774,0.979747;13,3089,0.813924;20,5614,0.929114;27,3686,0.727848;30,6174,0.920253
8,11177;41,14920,0.972152;13,3013,0.793671;17,4783,0.901266;25,3323,0.765823;28,5548,0.898734
9,11923;43,15368,0.974684;12,3225,0.812658;18,5599,0.898734;31,4445,0.736709;31,6546,0.893671
9,11464;44,15501,0.977215;14,3278,0.822785;19,5536,0.910127;31,4172,0.73038;31,6413,0.918987
9,11352;44,15714,0.978481;12,2863,0.81519;18,5130,0.916456;29,3931,0.712658;30,6016,0.898734
9,11243;48,15437,0.975949;13,2940,0.821519;18,5209,0.9;26,3616,0.741772;28,5690,0.911392
8,11182;45,15588,0.977215;12,2917,0.808861;18,5073,0.902532;27,3715,0.726582;28,5642,0.892405
8,11366;44,15625,0.978481;12,2834,0.813924;18,4907,0.873418;25,3553,0.765823;28,5744,0.897468
9,11282;43,15546,0.978481;12,2951,0.83038;17,4913,0.932911;27,3734,0.749367;35,5792,0.903797
9,11694;44,15562,0.982278;14,3192,0.832911;20,5692,0.916456;29,3941,0.764557;31,6052,0.906329
8,11046;38,15244,0.967089;12,2782,0.822785;16,4619,0.893671;29,3910,0.764557;27,5496,0.898734
8,11023;39,15305,0.956962;11,2485,0.822785;32,4972,0.934177;20,2994,0.770886;24,4871,0.918987
9,11608;40,15499,0.968354;13,3046,0.822785;20,5300,0.948101;26,3602,0.749367;31,5872,0.924051
10,11841;38,14776,0.964557;13,3248,0.865823;19,5244,0.929114;27,3740,0.748101;31,6183,0.903797
9,11504;44,15048,0.970886;13,2988,0.846835;18,4908,0.920253;30,4036,0.760759;28,5392,0.913924
16,11706;44,15130,0.96962;13,3091,0.843038;19,5428,0.922785;27,3685,0.725316;31,6236,0.88481
9,11341;43,14940,0.968354;12,2686,0.849367;19,5086,0.902532;25,3616,0.741772;27,5508,0.897468
8,11734;43,15016,0.960759;15,3340,0.840506;21,5748,0.931646;28,3934,0.78481;31,6057,0.894937
9,11742;42,15002,0.974684;12,2974,0.865823;20,5436,0.948101;27,3833,0.75443;32,6314,0.917722
9,11539;44,14937,0.978481;14,2968,0.894937;17,4784,0.937975;26,3838,0.796203;25,5156,0.902532
9,11928;43,14595,0.978481;13,3079,0.879747;18,5117,0.939241;28,4350,0.811392;28,6139,0.905063
8,11596;43,14630,0.986076;12,2773,0.855696;17,4923,0.943038;25,3808,0.812658;25,5150,0.896203
8,11768;43,14995,0.992405;11,2719,0.863291;18,4901,0.946835;26,3876,0.821519;27,5535,0.9
8,10819;46,15581,0.987342;11,2409,0.865823;15,3980,0.932911;22,3285,0.835443;20,4373,0.891139
8,11072;44,14819,0.982278;13,2842,0.84557;16,4558,0.940506;21,3300,0.831646;21,4374,0.920253
9,11743;42,14325,0.98481;13,2932,0.877215;11,4712,0.951899;14,3515,0.840506;25,5596,0.913924
9,11712;43,14539,0.982278;11,2544,0.860759;16,4273,0.932911;33,3362,0.831646;21,4860,0.893671
9,11850;43,14495,0.981013;12,2914,0.865823;18,5249,0.955696;24,3861,0.81519;24,5384,0.894937
9,11392;43,14499,0.987342;11,2745,0.850633;17,4627,0.944304;23,3557,0.826582;24,5247,0.921519
9,11273;43,14321,0.992405;12,2654,0.858228;17,4504,0.967089;21,3210,0.848101;24,4920,0.924051
17,11709;45,14334,0.981013;12,2814,0.883544;19,4945,0.95443;23,3593,0.865823;27,5472,0.916456
9,11413;44,14451,0.982278;12,2676,0.926582;23,4695,0.953165;23,3500,0.864557;25,5143,0.903797
9,11753;44,14233,0.988608;12,2668,0.865823;18,4586,0.968354;24,3733,0.859494;25,5329,0.910127
9,11432;43,13859,0.979747;13,2864,0.913924;18,4644,0.972152;23,3732,0.843038;21,4846,0.9
8,10898;44,14344,0.991139;11,2515,0.883544;16,4235,0.931646;20,3290,0.81519;19,4314,0.908861
8,11053;43,14274,0.991139;11,2386,0.881013;16,4336,0.951899;21,3413,0.844304;21,4602,0.918987
9,11497;45,14581,0.982278;12,2915,0.897468;19,4795,0.953165;25,3856,0.858228;24,5138,0.925316
5,11214;45,14595,0.993671;12,2713,0.894937;18,4537,0.970886;24,3584,0.855696;24,5057,0.912658
9,11572;42,13762,0.988608;11,2523,0.908861;16,4302,0.949367;23,3464,0.85443;25,5020,0.922785
9,11838;39,14193,0.991139;13,2959,0.906329;20,5211,0.973418;26,3993,0.870886;27,5541,0.931646
8,11326;43,13969,0.987342;12,2490,0.905063;17,4461,0.968354;23,3539,0.877215;25,5006,0.922785
9,11314;44,14389,0.987342;12,2497,0.868354;18,4497,0.963291;22,3469,0.872152;25,5096,0.920253
9,11560;44,14672,0.992405;12,2587,0.867089;18,4817,0.950633;24,3765,0.84557;26,5353,0.913924
8,11228;45,14375,0.989873;12,2476,0.9;15,3863,0.949367;21,3376,0.874684;21,4434,0.907595
8,11558;44,14513,0.986076;12,2595,0.906329;18,4651,0.963291;25,3782,0.867089;26,5335,0.88481
8,10704;45,14557,0.988608;12,2496,0.898734;15,3985,0.958228;20,3271,0.868354;24,4207,0.905063
8,11688;44,14334,0.993671;10,2384,0.872152;18,4733,0.955696;22,3604,0.850633;25,5383,0.902532
8,11791;44,14237,0.982278;13,2970,0.877215;18,5084,0.948101;23,3699,0.855696;25,5383,0.908861
8,11202;39,14531,0.983544;12,2644,0.910127;17,4469,0.950633;21,3223,0.863291;23,4633,0.911392
8,11530;45,14287,0.994937;11,2434,0.908861;16,4394,0.951899;22,3405,0.888608;25,5032,0.920253
8,11525;45,13970,0.986076;14,2638,0.877215;18,4601,0.946835;23,3584,0.883544;25,5104,0.924051
8,11017;41,14325,0.975949;13,2814,0.886076;15,4242,0.956962;21,3321,0.882278;22,4827,0.916456
7,10093;33,14130,0.982278;12,2497,0.892405;15,3930,0.936709;19,2984,0.850633;20,4313,0.920253
8,11463;44,14353,0.982278;10,2388,0.867089;16,4625,0.94557;24,3737,0.855696;24,5196,0.922785
9,11676;45,14592,0.989873;12,2828,0.905063;18,4545,0.943038;24,3724,0.860759;27,5354,0.926582
7,10773;44,14528,0.975949;11,2389,0.874684;15,3709,0.935443;18,2827,0.868354;21,4090,0.91519
6,11800;43,14026,0.975949;13,2599,0.850633;19,4847,0.948101;23,3556,0.856962;28,5331,0.9
5,11109;43,14030,0.983544;12,2524,0.837975;17,4492,0.934177;21,3055,0.846835;24,4771,0.889873
17,11618;27,14479,0.981013;12,2796,0.868354;13,4924,0.941772;25,3595,0.851899;26,5349,0.921519
8,10873;45,14628,0.978481;13,2617,0.883544;17,4313,0.934177;20,2902,0.826582;23,4612,0.91519
8,11960;45,14423,0.98481;13,2937,0.896203;19,4920,0.948101;29,3629,0.834177;27,5351,0.902532
8,11560;45,14247,0.960759;13,2767,0.872152;19,5062,0.950633;25,3639,0.837975;26,5256,0.886076
8,11554;45,14413,0.983544;12,2611,0.878481;19,4798,0.950633;25,3695,0.864557;27,5197,0.918987
8,11965;43,14008,0.973418;14,3047,0.870886;20,5228,0.955696;34,4049,0.836709;33,6399,0.906329
14,11312;45,14587,0.981013;12,2743,0.856962;19,4833,0.929114;17,3363,0.813924;26,5129,0.893671
8,11835;35,14665,0.981013;13,2980,0.859494;20,5308,0.959494;24,3575,0.840506;26,5344,0.906329
8,11107;45,14510,0.981013;14,2856,0.849367;18,4681,0.951899;24,3530,0.846835;26,5090,0.910127
8,11505;47,14481,0.963291;12,2904,0.839241;19,5104,0.937975;24,3563,0.831646;28,5589,0.905063
8,10576;45,14558,0.963291;11,2383,0.859494;16,4131,0.937975;18,2749,0.826582;21,4375,0.898734
9,11546;45,14672,0.960759;12,2990,0.870886;32,5176,0.924051;26,3885,0.836709;26,5592,0.901266
9,11461;45,14647,0.967089;13,2871,0.862025;14,4928,0.93038;15,3416,0.829114;17,5325,0.892405
9,11868;44,14144,0.974684;14,3145,0.863291;20,5252,0.927848;27,4034,0.840506;28,5703,0.88481
9,11869;46,14965,0.968354;14,3160,0.863291;21,5537,0.912658;24,3578,0.807595;31,5935,0.88481
9,11500;44,14781,0.978481;12,2960,0.888608;20,4965,0.934177;24,3627,0.824051;28,5617,0.911392
9,11958;46,14972,0.983544;13,2961,0.888608;21,5429,0.958228;29,4223,0.862025;31,6232,0.924051
9,11617;46,15246,0.974684;13,2886,0.877215;19,4953,0.927848;23,3495,0.827848;26,5268,0.887342
9,11700;47,15305,0.96962;14,3036,0.864557;23,5518,0.948101;28,4123,0.832911;31,6390,0.891139
9,11313;46,15132,0.975949;12,2795,0.874684;18,4779,0.948101;23,3413,0.816456;27,5360,0.901266
9,11164;33,14946,0.978481;12,2586,0.862025;17,4504,0.905063;23,3400,0.801266;27,5413,0.897468
9,11577;38,14806,0.981013;12,2514,0.875949;18,4661,0.937975;23,3311,0.821519;26,5078,0.901266
9,11070;46,14439,0.968354;13,2831,0.853165;20,4830,0.941772;23,3330,0.837975;26,5101,0.905063
9,11415;47,14749,0.964557;13,3039,0.84557;18,4738,0.93038;25,3509,0.859494;30,5677,0.905063
9,11395;47,15039,0.974684;12,2752,0.826582;19,4610,0.925316;25,3477,0.812658;26,5056,0.878481
9,11552;46,15090,0.978481;12,2772,0.851899;18,4809,0.950633;25,3671,0.81519;28,5504,0.901266
9,11882;48,15507,0.983544;12,2821,0.863291;19,5107,0.950633;26,3789,0.826582;30,5871,0.882278
9,11794;48,15522,0.974684;13,2873,0.832911;19,5043,0.944304;25,3613,0.831646;29,5595,0.892405
9,11505;46,14882,0.965823;11,2684,0.832911;18,4847,0.926582;26,3504,0.818987;28,5552,0.893671
9,11080;49,16023,0.979747;13,3021,0.848101;17,4644,0.916456;23,3401,0.822785;34,5404,0.889873
9,11151;47,15148,0.981013;12,2589,0.816456;17,4469,0.905063;23,3389,0.807595;25,5050,0.9
8,10357;47,15641,0.98481;10,2372,0.826582;15,3850,0.917722;19,2807,0.777215;22,4569,0.905063
9,11048;35,14860,0.970886;10,2299,0.812658;17,4292,0.910127;21,3054,0.744304;24,4716,0.883544
9,11791;47,15105,0.979747;13,3161,0.849367;20,5103,0.913924;28,3846,0.792405;28,5535,0.892405
9,11519;43,14699,0.960759;12,2604,0.827848;17,4689,0.925316;25,3467,0.827848;28,5476,0.911392
9,11575;44,14624,0.979747;12,2692,0.811392;18,4922,0.927848;22,3234,0.812658;30,5685,0.905063
9,11657;46,15453,0.978481;15,3305,0.818987;18,4866,0.911392;28,3803,0.812658;32,6179,0.905063
9,11447;58,14796,0.96962;14,3065,0.84557;20,5158,0.91519;31,4054,0.825316;31,6155,0.893671
9,11412;45,14687,0.95443;18,2766,0.835443;21,5532,0.925316;24,3333,0.786076;29,5529,0.874684
8,11092;35,14906,0.955696;10,2189,0.779747;19,4908,0.913924;25,3458,0.798734;29,5653,0.865823
9,11663;44,15104,0.953165;27,3055,0.78481;21,5562,0.916456;28,3831,0.750633;32,6140,0.878481
8,11018;47,15241,0.956962;15,2278,0.825316;18,4172,0.908861;22,3026,0.74557;27,5024,0.881013
9,11597;46,14516,0.941772;13,2908,0.794937;15,5585,0.925316;24,4095,0.75443;28,5794,0.873418
9,11622;49,15673,0.975949;17,3005,0.824051;19,5020,0.905063;29,4039,0.78481;29,5711,0.892405
8,11366;48,15616,0.965823;13,2765,0.779747;20,4978,0.913924;22,3173,0.768354;28,5396,0.891139
9,11387;36,15620,0.955696;15,3068,0.835443;19,4840,0.917722;21,3077,0.781013;29,5631,0.908861
9,11498;28,15127,0.967089;13,3001,0.810127;20,4940,0.908861;28,3770,0.783544;31,6067,0.891139
9,11439;46,15007,0.958228;14,3022,0.793671;15,5274,0.891139;34,4085,0.788608;34,5867,0.888608
9,11933;47,15124,0.950633;16,3126,0.76962;22,5312,0.888608;21,3732,0.755696;33,6646,0.892405
8,11684;46,15079,0.956962;16,3546,0.810127;23,5746,0.888608;39,4641,0.787342;34,6239,0.896203
9,11611;56,15415,0.964557;9,3005,0.817722;20,5137,0.897468;29,3648,0.767089;32,5835,0.897468
8,11015;41,15123,0.949367;12,2517,0.811392;18,4776,0.886076;25,3341,0.765823;27,5178,0.886076
8,11312;40,15065,0.937975;13,2946,0.783544;20,5158,0.864557;25,3344,0.750633;27,5379,0.881013
8,11363;41,15345,0.955696;13,3049,0.792405;18,5060,0.896203;28,3659,0.797468;29,5724,0.897468
9,11120;43,15956,0.953165;14,3000,0.772152;20,5202,0.889873;28,3794,0.782278;33,6194,0.921519
9,11619;40,15186,0.94557;12,2959,0.813924;22,5810,0.892405;34,4261,0.798734;33,5995,0.902532
10,11944;43,15902,0.95443;13,3352,0.808861;19,5783,0.896203;31,4373,0.787342;32,6483,0.888608
8,10729;42,15726,0.96962;12,2753,0.806329;17,5014,0.88481;23,3287,0.760759;29,6005,0.91519
8,11525;42,15930,0.963291;13,3009,0.83038;20,5645,0.929114;29,4158,0.820253;30,6087,0.901266
9,11904;42,15674,0.970886;13,3218,0.816456;21,6068,0.912658;25,3804,0.779747;33,6875,0.877215
8,11562;41,15243,0.967089;13,3129,0.827848;21,5451,0.911392;26,3809,0.812658;32,6292,0.906329
9,11862;42,15436,0.964557;15,3460,0.839241;20,5430,0.897468;29,4021,0.78481;32,6454,0.921519
8,11265;48,15637,0.977215;13,2879,0.837975;19,5040,0.924051;24,3449,0.810127;28,5523,0.906329
8,10754;45,15112,0.982278;14,2852,0.818987;19,4984,0.917722;25,3584,0.816456;27,5360,0.931646
9,11956;49,15841,0.967089;14,3264,0.794937;23,6218,0.93038;31,4367,0.820253;33,6422,0.916456
8,11607;45,14975,0.982278;13,3107,0.841772;20,5462,0.926582;30,4044,0.798734;32,6206,0.91519
8,11157;43,15257,0.967089;14,3114,0.791139;24,5587,0.935443;28,3737,0.831646;30,5707,0.920253
8,10846;45,14723,0.959494;12,2742,0.810127;19,4527,0.917722;24,3217,0.807595;26,4986,0.9
8,11395;46,15083,0.975949;12,2726,0.78481;30,5086,0.911392;27,3593,0.767089;31,5786,0.894937
9,11951;47,15688,0.935443;13,3102,0.798734;22,5886,0.907595;30,4013,0.767089;28,6627,0.886076
9,11776;46,15727,0.960759;14,3139,0.773418;22,5744,0.91519;29,3992,0.767089;33,6576,0.863291
9,11452;47,15403,0.958228;13,2957,0.808861;22,5551,0.916456;27,3698,0.767089;32,5977,0.873418
8,11307;47,15767,0.958228;13,3024,0.794937;21,5484,0.902532;29,3763,0.73038;32,5983,0.868354
8,11157;50,16433,0.973418;14,3030,0.787342;19,5290,0.870886;29,3691,0.727848;33,6328,0.896203
8,11024;47,15112,0.959494;14,3084,0.801266;25,5360,0.903797;29,3812,0.78481;30,5714,0.921519
8,11311;47,15951,0.981013;15,2989,0.786076;21,5404,0.903797;30,4013,0.825316;31,5883,0.897468
9,11506;46,15256,0.950633;14,2959,0.812658;29,5222,0.913924;24,3571,0.822785;29,5896,0.903797
8,11416;47,15444,0.96962;13,3209,0.779747;19,5314,0.875949;26,3860,0.792405;33,6526,0.881013
8,11378;46,15181,0.951899;14,3105,0.796203;17,4968,0.862025;40,4030,0.811392;30,5966,0.882278
8,11472;48,15524,0.962025;12,2738,0.8;18,4785,0.897468;27,3752,0.812658;31,5889,0.888608
8,10215;46,14971,0.964557;11,2333,0.792405;16,4166,0.901266;22,2997,0.81519;21,4129,0.916456
9,11616;47,15464,0.962025;13,2886,0.822785;20,5140,0.907595;25,3428,0.791139;29,5679,0.889873
9,11585;60,15633,0.967089;15,3373,0.821519;22,5588,0.925316;34,4132,0.764557;35,6595,0.896203
8,11412;47,15434,0.963291;14,3341,0.837975;21,5403,0.918987;28,3882,0.781013;28,5907,0.897468
9,11755;47,15323,0.950633;14,3416,0.827848;20,5964,0.896203;28,4212,0.796203;31,6515,0.893671
9,11407;47,15614,0.964557;11,2687,0.779747;19,5125,0.898734;27,3696,0.788608;32,6051,0.912658
8,11494;48,15897,0.972152;12,3122,0.788608;17,5436,0.936709;25,3620,0.797468;29,5613,0.9
9,11398;55,15948,0.973418;14,3287,0.837975;20,5597,0.93038;30,4222,0.791139;32,6229,0.908861
10,11896;36,15929,0.963291;15,3156,0.837975;20,5337,0.929114;31,4176,0.827848;30,6058,0.903797
8,11356;30,15116,0.946835;14,3195,0.821519;21,5549,0.903797;31,4313,0.824051;32,6123,0.891139
9,11403;47,15915,0.974684;14,2797,0.805063;21,5140,0.898734;27,3698,0.789873;30,5778,0.88481
8,11074;32,15618,0.956962;11,2663,0.801266;18,4760,0.907595;24,3380,0.796203;31,5920,0.911392
8,11259;47,16333,0.958228;13,3148,0.818987;19,4987,0.907595;24,3937,0.835443;29,5938,0.917722
8,11201;37,15664,0.953165;12,2798,0.806329;19,5206,0.925316;28,3892,0.862025;26,5523,0.936709
9,11600;44,14939,0.95443;14,3202,0.870886;19,5414,0.934177;26,3890,0.811392;28,5721,0.889873
8,11058;45,14895,0.956962;13,2906,0.825316;19,5290,0.893671;25,3566,0.793671;29,5931,0.897468
9,11639;44,14587,0.95443;15,3258,0.835443;20,5697,0.94557;29,4031,0.782278;33,6581,0.913924
9,11718;37,15160,0.967089;12,2872,0.820253;20,5647,0.93038;27,3925,0.798734;29,6059,0.896203
9,11638;46,15114,0.967089;12,2967,0.841772;19,5200,0.939241;26,3709,0.792405;30,6106,0.910127
9,11762;45,14877,0.973418;13,3085,0.834177;18,5343,0.927848;27,3870,0.803797;35,6466,0.929114
9,11687;44,14700,0.95443;10,2876,0.808861;18,5366,0.936709;26,4011,0.816456;29,5877,0.907595
9,11673;46,15288,0.963291;13,3063,0.827848;18,4976,0.912658;24,3632,0.788608;30,6100,0.875949
10,11854;45,14954,0.963291;14,3336,0.818987;19,5590,0.912658;29,4092,0.773418;30,6233,0.892405
8,11344;53,15747,0.973418;12,2991,0.810127;22,5017,0.916456;26,3695,0.802532;27,5377,0.910127
8,11058;29,15691,0.987342;11,2640,0.839241;16,4364,0.912658;20,3165,0.802532;24,5024,0.917722
9,11729;46,15198,0.973418;12,2937,0.875949;20,5587,0.94557;27,4085,0.840506;27,5834,0.906329
9,11165;44,14506,0.981013;12,2691,0.865823;17,4549,0.925316;24,3715,0.855696;26,5534,0.913924
9,11721;41,14914,0.967089;12,2943,0.86962;24,5101,0.936709;26,3710,0.820253;30,5948,0.916456
10,11816;43,15367,0.964557;14,2990,0.816456;21,5324,0.929114;26,3767,0.802532;33,6322,0.896203
9,11346;41,14919,0.964557;13,2631,0.811392;17,4739,0.905063;24,3479,0.807595;26,5302,0.903797
9,11244;41,14722,0.960759;13,3295,0.858228;20,5478,0.931646;28,3929,0.810127;30,5913,0.912658
9,11535;42,15267,0.963291;12,2835,0.868354;20,5270,0.917722;27,3877,0.83038;28,5368,0.906329
9,11461;39,15359,0.968354;13,2586,0.840506;17,4697,0.912658;25,3644,0.820253;27,5368,0.873418
8,11045;46,15145,0.964557;14,2956,0.827848;21,5240,0.941772;22,3240,0.820253;29,5589,0.897468
9,11437;47,15343,0.967089;12,2633,0.817722;18,4976,0.926582;25,3599,0.817722;28,5481,0.903797
8,11445;47,15347,0.955696;12,3008,0.835443;13,4808,0.931646;30,3590,0.829114;31,6079,0.918987
8,11337;42,15668,0.967089;14,3090,0.839241;20,5293,0.93038;27,3759,0.839241;30,5655,0.893671
9,11784;42,15436,0.96962;13,3118,0.851899;19,5669,0.931646;25,3892,0.829114;29,6047,0.924051
8,11249;40,14700,0.956962;11,2501,0.83038;16,4519,0.927848;18,2893,0.817722;24,5165,0.931646
8,11369;43,15673,0.965823;14,3109,0.817722;20,5321,0.916456;24,3406,0.772152;31,5906,0.926582
8,11195;40,14879,0.968354;14,2899,0.808861;23,4650,0.921519;22,3423,0.818987;25,5344,0.926582
8,11272;42,15150,0.974684;14,3171,0.859494;17,5011,0.925316;26,3614,0.84557;30,5833,0.929114
8,11537;42,15152,0.974684;12,2919,0.905063;18,4838,0.943038;27,3767,0.841772;31,5806,0.921519
8,11615;41,15199,0.963291;12,2726,0.858228;20,5259,0.936709;26,3603,0.831646;30,5681,0.891139
8,11602;43,15628,0.978481;14,3037,0.843038;19,4993,0.910127;25,3472,0.817722;27,5423,0.891139
8,11433;45,14868,0.959494;11,2615,0.839241;20,5183,0.948101;25,3520,0.829114;28,5363,0.887342
9,11561;45,14552,0.956962;12,2796,0.840506;18,4841,0.925316;22,3392,0.837975;26,5308,0.898734
10,11488;47,15170,0.968354;13,2844,0.853165;19,4798,0.921519;26,3641,0.788608;29,5657,0.888608
8,11590;36,15126,0.962025;13,3020,0.882278;20,5384,0.940506;27,3916,0.848101;31,5456,0.891139
8,11625;43,14371,0.96962;13,2804,0.877215;17,4491,0.926582;26,3775,0.840506;28,5420,0.896203
9,11298;46,14990,0.975949;13,3049,0.870886;18,4941,0.934177;28,3785,0.820253;30,5765,0.918987
9,11123;48,15077,0.965823;13,2932,0.865823;18,4785,0.970886;26,3536,0.831646;28,5374,0.906329
9,11246;46,14798,0.979747;13,2679,0.832911;18,4663,0.924051;22,3270,0.820253;25,5062,0.918987
9,11378;51,14895,0.987342;15,3041,0.882278;24,4478,0.937975;25,3630,0.834177;29,5488,0.920253
9,11435;41,14955,0.982278;12,2624,0.846835;18,4866,0.931646;26,3651,0.855696;27,5269,0.924051
9,11231;39,14618,0.979747;14,2835,0.84557;19,5076,0.944304;22,3342,0.863291;26,5226,0.910127
9,10949;37,14542,0.958228;11,2573,0.840506;18,4675,0.941772;21,3205,0.839241;19,5322,0.907595
10,11574;42,14973,0.973418;10,3099,0.839241;16,5066,0.939241;26,3661,0.817722;30,5837,0.9
9,11523;40,14571,0.982278;12,2690,0.877215;14,4898,0.944304;17,3329,0.834177;29,5764,0.902532
8,11688;45,14524,0.972152;13,2875,0.868354;21,5489,0.95443;27,3783,0.841772;24,5859,0.896203
8,11596;46,14638,0.974684;8,2482,0.835443;15,4648,0.949367;18,3701,0.820253;28,5365,0.894937
8,10986;46,14920,0.974684;11,2428,0.832911;17,4342,0.95443;22,3120,0.837975;26,5018,0.913924
8,11159;45,14546,0.981013;13,2948,0.886076;17,4449,0.932911;25,3530,0.840506;25,5023,0.907595
8,11248;43,14258,0.977215;12,2503,0.832911;17,4446,0.948101;26,3671,0.849367;28,5355,0.918987
8,11732;46,14938,0.994937;15,3057,0.840506;19,5478,0.951899;25,3769,0.798734;31,6278,0.905063
8,11505;41,14683,0.982278;12,2825,0.86962;17,4931,0.960759;23,3496,0.820253;24,5207,0.907595
8,10887;41,14837,0.972152;12,2807,0.817722;18,4643,0.912658;22,3096,0.787342;27,5201,0.91519
8,10878;40,14634,0.983544;12,2628,0.820253;17,4483,0.910127;25,3514,0.822785;25,4936,0.894937
9,10851;42,15103,0.996203;13,2804,0.837975;18,4602,0.943038;24,3345,0.783544;27,5277,0.897468
9,11074;40,14431,0.986076;12,2754,0.873418;18,4745,0.949367;26,3640,0.831646;25,5010,0.911392
9,11613;40,14458,0.979747;13,2864,0.888608;19,4781,0.956962;25,3645,0.878481;25,5257,0.905063
8,10881;47,15200,0.98481;12,2715,0.889873;17,4860,0.940506;23,3379,0.829114;26,5291,0.902532
8,10850;47,14880,0.988608;12,2753,0.881013;15,4254,0.937975;19,2990,0.824051;23,4926,0.902532
9,10902;46,14785,0.986076;10,2396,0.873418;16,4234,0.937975;21,3227,0.840506;24,5060,0.911392
8,10844;44,14197,0.979747;12,2702,0.9;16,4190,0.94557;22,3290,0.83038;25,5203,0.911392
7,10290;35,14456,0.983544;10,2328,0.851899;14,3999,0.951899;20,2955,0.824051;22,4516,0.913924
8,11099;47,14776,0.986076;12,2617,0.839241;17,4416,0.936709;21,3003,0.826582;26,5155,0.912658
8,11110;46,14700,0.973418;12,2583,0.836709;18,4466,0.953165;21,3408,0.827848;23,5065,0.917722
8,11231;45,14226,0.978481;12,2785,0.898734;18,4615,0.944304;21,3231,0.849367;24,5018,0.929114
8,11119;42,14734,0.98481;12,2570,0.875949;12,4453,0.960759;21,3487,0.877215;28,5086,0.927848
9,11381;40,14316,0.982278;12,2725,0.864557;24,4428,0.955696;24,3546,0.859494;24,5360,0.926582
8,11195;40,14418,0.986076;11,2446,0.865823;17,4350,0.951899;21,3105,0.839241;24,4933,0.918987
8,11539;40,14596,0.983544;13,2872,0.902532;18,4721,0.941772;24,3490,0.859494;27,5225,0.910127
9,10904;45,14536,0.979747;12,2612,0.886076;18,4609,0.962025;22,3301,0.837975;25,5057,0.918987
9,11474;43,14716,0.987342;12,2610,0.886076;18,4555,0.931646;23,3404,0.840506;25,5171,0.910127
8,10370;27,14157,0.983544;10,2248,0.889873;16,3935,0.936709;21,2976,0.827848;23,4379,0.9
8,10615;27,14200,0.973418;13,2418,0.875949;17,4319,0.907595;19,2878,0.817722;24,4682,0.901266
8,10073;44,14171,0.987342;11,2239,0.850633;16,3854,0.920253;23,2748,0.836709;21,4262,0.924051
8,10592;47,14924,0.982278;11,2294,0.862025;16,4103,0.932911;20,2970,0.831646;24,4865,0.905063
9,11064;47,15118,0.991139;12,2412,0.881013;18,4427,0.948101;23,3243,0.841772;17,4694,0.913924
9,10779;37,14390,0.96962;12,2395,0.875949;16,4147,0.953165;24,3504,0.883544;23,4548,0.921519
8,10448;45,14546,0.996203;12,2442,0.881013;16,4285,0.941772;20,2980,0.860759;22,4368,0.927848
9,11157;27,14516,0.975949;12,2612,0.870886;18,4691,0.935443;24,3491,0.868354;28,5309,0.934177
8,10372;27,14663,0.982278;12,2226,0.840506;16,3781,0.931646;28,3100,0.859494;22,4359,0.934177
8,10410;31,14451,0.973418;11,2290,0.841772;16,3918,0.926582;20,2976,0.83038;23,4595,0.921519
18,11246;46,14436,0.983544;11,2609,0.853165;18,4876,0.934177;23,3238,0.810127;27,5202,0.917722
8,10979;46,14823,0.979747;12,2589,0.875949;17,4656,0.946835;25,3553,0.848101;26,5101,0.93038
7,9678;45,14843,0.981013;17,1991,0.858228;16,3375,0.927848;19,2817,0.840506;19,3916,0.925316
7,10158;51,14813,0.970886;11,2351,0.860759;15,4086,0.926582;20,2847,0.817722;22,4449,0.91519
8,11211;38,14577,0.972152;10,2423,0.848101;15,4113,0.929114;22,3174,0.846835;24,4873,0.924051
8,9692;62,15258,0.98481;11,2302,0.877215;15,3836,0.946835;18,2626,0.851899;22,4389,0.943038
8,10249;46,15003,0.986076;14,2365,0.875949;16,4061,0.939241;22,3236,0.864557;22,4553,0.940506
7,9526;45,14983,0.970886;10,2102,0.867089;15,3657,0.935443;19,2784,0.84557;20,4076,0.917722
8,10564;48,15069,0.975949;11,2393,0.848101;16,4030,0.931646;19,2889,0.849367;22,4560,0.93038
9,10885;41,15095,0.98481;11,2226,0.83038;18,4413,0.937975;21,3177,0.859494;22,4670,0.906329
8,10179;41,15368,0.986076;11,2296,0.855696;14,3744,0.931646;17,2642,0.841772;21,4198,0.912658
8,10402;28,15500,0.987342;11,2371,0.836709;16,4211,0.925316;19,2847,0.793671;22,4415,0.889873
8,10159;27,15405,0.98481;10,2138,0.875949;15,3544,0.940506;15,2370,0.808861;16,3402,0.906329
8,9629;75,15315,0.972152;13,1901,0.873418;14,3509,0.921519;17,2497,0.793671;19,4046,0.901266
6,8505;40,15034,0.977215;8,1608,0.872152;12,2981,0.925316;14,2135,0.806329;17,3386,0.891139
6,9006;40,15058,0.975949;14,1574,0.865823;11,2721,0.913924;13,2018,0.78481;17,3360,0.902532
7,8875;40,15070,0.968354;8,1350,0.841772;10,2603,0.934177;8,1757,0.773418;15,3406,0.897468
4,5913;40,14908,0.960759;5,816,0.877215;8,1848,0.937975;7,1220,0.782278;8,1754,0.907595
2,3441;55,14837,0.977215;4,469,0.879747;4,877,0.932911;4,654,0.762025;5,1037,0.912658
3,4069;33,14947,0.974684;5,606,0.881013;4,929,0.931646;3,618,0.764557;5,1098,0.912658
3,3673;45,15156,0.974684;3,396,0.86962;3,871,0.924051;3,480,0.775949;5,1003,0.903797
0,621;45,15436,0.975949;2,128,0.867089;2,153,0.929114;0,150,0.773418;1,213,0.905063
0,1064;52,15192,0.982278;1,159,0.867089;2,240,0.926582;0,135,0.775949;1,261,0.9
0,766;47,15163,0.964557;2,146,0.870886;3,249,0.924051;1,224,0.774684;1,291,0.901266
0,768;41,14641,0.962025;2,151,0.872152;3,338,0.931646;0,97,0.770886;1,271,0.9
0,312;45,15353,0.965823;0,21,0.867089;1,70,0.932911;0,49,0.76962;0,58,0.9
0,758;47,15424,0.962025;1,38,0.872152;1,86,0.931646;0,72,0.768354;0,105,0.898734
0,463;45,14804,0.960759;1,34,0.870886;1,75,0.932911;0,22,0.770886;0,52,0.898734
0,465;47,15298,0.973418;1,89,0.872152;3,159,0.932911;0,105,0.765823;1,173,0.898734
0,464;37,15313,0.970886;2,75,0.867089;3,201,0.931646;0,45,0.767089;0,165,0.897468
