194,12403;915,45720,0.994937;183,9331,0.805696;293,14279,0.916456;331,9133,0.593038;483,16964,0.782278
184,11952;811,41025,0.998101;99,4339,0.892405;151,6991,0.951266;223,6045,0.688608;279,9829,0.789241
179,12000;824,40792,0.997468;88,3756,0.832911;127,5709,0.850633;158,4648,0.633544;207,7655,0.727848
182,12019;788,40080,0.999367;90,3562,0.808861;122,5403,0.841772;130,4005,0.558228;177,6657,0.658861
186,12035;777,39607,1;86,2981,0.716456;106,4363,0.694937;153,4924,0.527848;184,6795,0.596835
194,12064;774,39659,1;77,3082,0.672785;119,5177,0.739873;144,4819,0.572152;194,7760,0.741772
191,11960;783,38169,1;68,2594,0.675949;90,3746,0.675316;101,3709,0.527215;152,6488,0.701266
191,11846;714,37513,1;61,2287,0.63038;96,3626,0.617722;124,4240,0.574684;152,6103,0.649367
194,11895;762,36973,0.998734;76,2727,0.632278;93,3658,0.587975;106,3657,0.613924;145,5436,0.599367
214,12011;762,37911,1;57,1986,0.551899;91,3453,0.555696;112,4136,0.531013;136,5678,0.565823
205,12062;780,38281,0.999367;65,2251,0.532278;85,3208,0.531646;115,4094,0.550633;144,5801,0.544937
193,11996;771,38250,0.999367;50,1740,0.486709;78,2853,0.487975;120,3718,0.499367;125,5053,0.510127
187,11695;747,37918,1;59,2178,0.474684;70,2881,0.45;102,3572,0.548734;104,4245,0.487342
203,12013;781,39036,0.999367;52,1766,0.45;70,2628,0.444304;98,3495,0.506962;122,4943,0.461392
200,11960;743,38042,0.998734;54,1979,0.435443;73,2824,0.423418;99,3465,0.471519;135,4871,0.460759
210,11870;813,38935,0.999367;55,1857,0.408228;85,3315,0.406329;109,3770,0.427215;130,5052,0.450633
202,12064;785,38745,0.999367;60,2044,0.417089;88,3372,0.398734;113,3975,0.389241;135,5253,0.435443
189,11642;801,38672,0.998734;69,2564,0.381646;95,3799,0.372152;102,3621,0.366456;134,5407,0.407595
196,11353;819,39783,0.998101;58,2234,0.370886;76,3154,0.35443;92,3260,0.344937;126,4897,0.399367
200,11652;837,40186,0.999367;57,2134,0.384177;78,3228,0.361392;89,3278,0.320253;125,5157,0.388608
172,10716;754,40857,0.998734;51,2013,0.36519;70,2797,0.352532;96,3280,0.325949;125,4868,0.399367
173,9996;811,41647,0.999367;50,1708,0.363924;68,2622,0.333544;69,2610,0.308228;97,3779,0.389873
149,9532;852,40969,1;50,1771,0.359494;71,2823,0.336709;81,2757,0.309494;103,4109,0.397468
163,9594;829,41919,0.999367;53,1917,0.355696;77,3072,0.324684;74,2603,0.310127;114,4467,0.401899
124,7042;803,42503,1;44,1518,0.341772;59,2328,0.320886;63,2166,0.300633;85,3357,0.391139
100,5775;816,42428,1;36,1248,0.339873;53,2051,0.31962;43,1523,0.288608;74,2945,0.391772
59,3436;849,42690,0.996203;16,511,0.325949;25,898,0.318354;22,837,0.278481;30,1274,0.385443
13,778;872,42378,0.998101;9,200,0.341772;10,244,0.325316;6,242,0.282278;8,351,0.391139
