1803,106030;3139,155067,0.998698;806,32159,0.886768;1116,44708,0.965076;1268,30762,0.826464;1506,44849,0.951627
1794,106785;3082,157238,0.998482;547,19323,0.869631;787,30312,0.956833;907,21328,0.833839;1139,33746,0.918004
1803,106681;3129,158177,0.997614;573,19183,0.881562;800,29101,0.954013;902,20269,0.803688;1127,33468,0.899132
1770,106782;3056,155378,0.997831;587,19409,0.877223;805,29449,0.949892;951,20762,0.805857;1164,34018,0.900651
1751,106666;3105,157088,0.998915;562,18878,0.869848;827,29455,0.959219;958,20794,0.825813;1185,34112,0.905206
1755,106751;3118,157633,0.998482;575,18770,0.878959;845,29635,0.956616;933,20509,0.804338;1103,34632,0.903471
1792,106798;3137,157371,0.998698;526,18782,0.868764;739,29973,0.952928;912,21526,0.78026;1135,34740,0.895011
1849,106899;3122,157502,0.998048;536,19390,0.860738;776,30699,0.95705;963,21443,0.790456;1166,35231,0.895445
1835,106814;3074,157310,0.999132;572,19892,0.878091;802,30338,0.956399;882,20674,0.806291;1132,34126,0.905206
1866,106820;3140,159480,0.999566;559,18991,0.877874;824,30425,0.962256;890,20738,0.812798;1110,33998,0.900651
1864,106840;3079,159554,0.998265;534,19158,0.864642;762,29879,0.956399;883,20725,0.813015;1128,33802,0.893059
1988,106707;2911,157371,0.999566;622,19419,0.867245;830,30596,0.958351;897,20286,0.811714;1211,34184,0.899349
1965,106746;2985,156529,0.998915;583,18664,0.878959;849,30052,0.964642;857,20086,0.815835;1123,33215,0.906725
1916,106792;3151,160255,0.999349;586,19296,0.873102;841,30332,0.958351;871,20375,0.818872;1212,34051,0.910412
1883,106795;3079,158261,0.998482;570,19006,0.880043;797,29586,0.958134;899,21224,0.831453;1131,33039,0.907809
1923,106685;3102,158642,0.998265;630,20187,0.882646;828,30221,0.953579;870,20059,0.792408;1183,33999,0.896746
1930,106768;3087,157108,0.999566;604,19258,0.873753;831,29987,0.960954;907,20462,0.822343;1148,33555,0.909111
1931,106696;3037,155258,0.99718;572,18771,0.887419;783,28716,0.951193;868,19970,0.825597;1104,32297,0.905423
1953,106659;3029,154715,0.997614;563,18926,0.877223;850,29540,0.951627;899,20343,0.80282;1155,33969,0.899349
1944,106679;3042,154990,0.999132;571,19465,0.874837;846,30481,0.954664;932,20701,0.798265;1177,34288,0.897614
1985,106807;3118,157360,0.998915;575,19327,0.883514;820,29947,0.962256;985,21335,0.808894;1161,34271,0.894794
1929,106730;3061,156882,0.998915;590,19574,0.898265;822,29950,0.957484;889,21172,0.814967;1188,34445,0.911931
1910,106740;3122,158678,0.998265;547,18908,0.876356;808,29823,0.951844;972,21108,0.829501;1155,33720,0.909111
1875,106632;3019,156361,0.996963;577,19142,0.876573;813,29504,0.964642;893,20670,0.850108;1148,33018,0.913883
1913,106831;3078,156197,0.998915;575,19232,0.873102;845,30769,0.956616;975,21810,0.830803;1218,35030,0.9141
1925,106782;3054,155512,0.998698;596,19745,0.871584;863,31820,0.960954;933,21744,0.836009;1188,35289,0.900217
1918,106741;3094,156919,0.998698;555,19679,0.8859;785,29986,0.963991;888,20128,0.834707;1083,33104,0.910846
1957,106731;3077,156110,0.999132;565,19170,0.872234;786,29338,0.959002;858,20123,0.8282;1108,32715,0.901952
2012,106698;3051,156102,0.998482;561,19251,0.874187;800,29564,0.958134;911,21054,0.809328;1147,34181,0.902169
1998,106777;3008,157292,0.998915;600,19467,0.868547;829,30377,0.952928;882,20619,0.797831;1207,34371,0.888286
1953,106699;3086,158132,0.998698;556,19180,0.877223;804,30105,0.957267;883,20178,0.801302;1139,33971,0.894577
1951,106737;2970,157424,0.997397;553,18541,0.863991;840,30122,0.958134;927,21004,0.786551;1166,34317,0.896312
1941,106733;2955,156225,0.998048;578,19824,0.891974;790,29448,0.951844;932,21303,0.824295;1151,34523,0.900217
1961,106694;3026,157166,0.999783;570,18419,0.863991;790,28798,0.955748;851,20037,0.810846;1159,33351,0.887636
1892,106646;3018,155299,0.998265;562,18026,0.886334;771,28488,0.955965;903,20313,0.816269;1110,32616,0.893275
1931,106665;3030,155750,0.999566;561,18285,0.882863;788,29055,0.962907;896,20523,0.823861;1063,32195,0.896312
1939,106550;3061,155757,0.998698;505,17338,0.880694;746,27767,0.963341;812,18698,0.808243;1084,31740,0.891974
1992,105908;3092,156107,0.998482;478,15857,0.870499;738,26127,0.964425;760,17539,0.806291;1058,31193,0.895011
1965,105047;2985,154311,0.998048;384,12328,0.880043;603,21556,0.955531;694,15451,0.800434;938,27530,0.877223
1889,103597;3012,153598,0.997397;280,9278,0.89436;468,17125,0.967896;536,12251,0.816269;740,21959,0.87961
1758,96075;3031,155252,0.99718;229,7081,0.90282;346,12942,0.963774;369,8789,0.803688;537,16651,0.87744
1528,85546;2926,152898,0.998048;163,4516,0.907375;297,9570,0.967462;271,6090,0.810629;425,12141,0.87744
927,51365;2996,155543,0.998048;99,2049,0.916052;132,3729,0.967245;117,2616,0.808026;166,4745,0.876356
