78,106030;137,51812,0.953579;93,26115,0.809111;119,36958,0.932321;192,28708,0.704121;199,35778,0.862039
72,98193;130,49295,0.932321;51,10344,0.797831;66,15811,0.890239;77,12516,0.709761;82,15547,0.82256
73,98827;135,50550,0.917137;61,11732,0.80564;72,17288,0.896746;83,12976,0.726681;81,15382,0.819523
74,99194;123,51524,0.941866;62,11436,0.81692;74,16907,0.88243;87,13342,0.731887;89,16021,0.81692
75,97197;132,49710,0.940998;62,11122,0.796963;82,17154,0.895879;81,12097,0.66898;98,17485,0.822993
75,101296;152,50825,0.917137;62,11472,0.783514;73,16449,0.882863;93,12628,0.665076;91,15471,0.825163
75,100376;154,51461,0.930152;65,11632,0.815184;75,17473,0.865944;89,13489,0.706291;91,17002,0.81692
75,97325;153,52200,0.939696;66,11252,0.820824;84,16616,0.863341;88,12853,0.735358;94,16887,0.832972
82,99171;151,51602,0.927983;69,11710,0.810412;82,18216,0.862907;89,13072,0.722777;96,17395,0.835575
74,96849;151,51063,0.927115;68,11391,0.767896;74,16942,0.852495;89,13281,0.702386;94,17119,0.852061
74,98215;154,51160,0.929284;63,11736,0.802169;79,17521,0.890239;105,13830,0.726681;92,15942,0.829067
74,96172;166,51903,0.930152;65,10823,0.782213;76,16351,0.869414;80,12180,0.730586;90,15915,0.832538
81,98331;142,51197,0.93449;68,11211,0.798698;82,17737,0.887202;97,12996,0.724078;92,16708,0.830803
82,97819;156,52040,0.938829;54,10391,0.789588;75,16228,0.888503;83,12404,0.735358;94,16287,0.837744
77,96501;153,50728,0.929284;61,10057,0.790889;76,15346,0.878525;80,12104,0.714967;98,15043,0.828633
78,100140;153,50924,0.939262;66,11679,0.795662;78,17397,0.905857;85,12722,0.750108;92,16588,0.842516
81,97435;153,51393,0.933623;63,11201,0.795228;76,16409,0.898482;90,12877,0.767028;91,15919,0.859002
82,97507;149,49721,0.924078;66,11201,0.774837;75,16131,0.870282;90,13157,0.739262;93,16179,0.826464
80,98822;151,50389,0.943167;71,11245,0.816052;80,16905,0.883731;88,12966,0.710195;94,16537,0.839046
76,95636;149,50545,0.94013;60,10631,0.836876;70,14976,0.8859;74,10932,0.707592;87,15134,0.843818
77,95665;154,51288,0.941866;68,10578,0.786985;79,16162,0.881128;77,11374,0.70282;85,15198,0.829935
77,99949;149,49457,0.949675;70,11432,0.818655;85,17621,0.901952;106,13469,0.699783;96,16831,0.838178
78,99737;155,51316,0.933623;60,10959,0.809978;75,16527,0.90282;101,14306,0.733189;89,16155,0.841215
74,93529;150,50115,0.92538;60,10557,0.815618;71,15964,0.89718;78,12071,0.72885;84,14830,0.817787
78,96677;148,48728,0.932321;59,10556,0.810846;68,15039,0.895011;80,12321,0.726247;91,15883,0.813449
77,95876;142,50182,0.935792;62,10521,0.806941;69,15480,0.872451;74,11665,0.673753;88,15654,0.825163
79,100426;147,50512,0.93102;63,11307,0.818655;77,17261,0.888937;94,13865,0.74577;92,16508,0.824729
80,100567;130,51009,0.93449;61,11087,0.800434;85,17457,0.84295;83,12603,0.730152;88,15769,0.808677
79,98926;135,50538,0.942733;62,11282,0.812148;76,16970,0.885466;88,13162,0.718872;94,16700,0.799566
84,97506;135,50288,0.921041;62,10949,0.800434;76,16896,0.891974;84,12551,0.712798;91,16151,0.812148
78,98320;136,50392,0.933623;59,11025,0.82603;68,15846,0.908894;72,11527,0.702386;88,16193,0.82256
79,97489;137,51065,0.94013;67,10962,0.800434;82,16835,0.893275;91,12996,0.717137;92,16225,0.825163
82,100324;139,50761,0.95141;63,11440,0.829067;83,17450,0.908894;89,12874,0.696312;94,16132,0.860738
82,96524;124,48761,0.918004;64,10982,0.827332;74,16696,0.895445;81,11897,0.712798;89,16084,0.847722
83,97981;133,49876,0.92538;61,10638,0.82256;82,17484,0.89154;101,12552,0.720174;92,15950,0.818655
83,99632;131,50705,0.948373;64,11357,0.830803;83,17300,0.906725;99,14214,0.760087;95,16872,0.820824
83,97432;150,50309,0.944902;54,9862,0.813015;67,15424,0.904121;72,10926,0.734924;82,15082,0.790889
83,99530;147,49801,0.94013;67,11174,0.803471;78,16920,0.896312;92,14013,0.768764;93,16681,0.847722
82,94707;136,50260,0.932755;61,10829,0.787419;75,15517,0.896746;75,11339,0.749241;86,15147,0.833406
91,98090;154,51137,0.949675;69,10760,0.809544;73,15994,0.888069;75,11700,0.739696;84,14994,0.841215
77,99285;149,49769,0.928416;66,11410,0.852061;91,17321,0.887202;89,13306,0.785683;94,16204,0.860304
78,100814;150,49804,0.944902;62,10543,0.866811;75,16445,0.893709;81,12263,0.7718;94,16260,0.863774
77,96552;149,50093,0.931887;62,10278,0.826464;77,15757,0.881128;76,11453,0.72321;81,14926,0.849458
82,98853;151,49885,0.940564;62,11423,0.829935;78,16800,0.878959;81,12141,0.731887;85,14985,0.838178
77,99938;152,50666,0.920174;61,11017,0.816486;77,16261,0.878525;81,12149,0.710195;84,15211,0.824729
79,102330;118,49994,0.933189;68,11410,0.789154;84,17727,0.898482;93,13571,0.741432;100,17799,0.829501
78,101359;149,51629,0.958351;68,11216,0.770065;76,16801,0.869848;86,13050,0.739262;92,16795,0.822993
76,100143;153,51016,0.929284;58,10955,0.765293;75,17126,0.850325;91,13536,0.721475;97,16840,0.798698
77,99876;154,51603,0.948373;67,11494,0.780043;81,17434,0.884599;98,13587,0.748807;96,16712,0.770499
80,97015;152,50005,0.925813;63,10852,0.784816;79,17299,0.884599;81,12266,0.740998;91,16515,0.797831
80,98708;155,50740,0.947939;61,11342,0.810412;79,17329,0.888069;93,13210,0.719306;86,15533,0.813883
83,99759;146,49777,0.927983;65,11618,0.829935;86,17155,0.901518;94,13368,0.727549;99,17436,0.836009
82,94964;158,51396,0.939262;59,9838,0.784382;75,15065,0.885033;81,11949,0.712798;92,14716,0.806074
86,95727;152,49849,0.938395;62,10933,0.785683;75,16562,0.881128;89,12839,0.712798;93,16402,0.838178
84,95540;151,49691,0.918004;60,11082,0.785249;83,15896,0.89154;83,12269,0.702386;89,16024,0.854664
78,98362;151,49783,0.926681;63,11421,0.809111;83,17162,0.89154;88,13074,0.689805;91,15933,0.8282
78,99277;150,49624,0.935792;72,11379,0.814317;85,16802,0.887636;98,13390,0.706291;105,17196,0.827766
78,98205;150,49534,0.930586;72,10971,0.851627;82,17337,0.879393;90,12332,0.719306;87,15053,0.825163
83,96172;136,49325,0.942733;59,10225,0.812581;79,16439,0.888069;85,11992,0.698915;91,15218,0.832972
83,99275;158,51451,0.936659;67,11061,0.807375;78,16007,0.873319;94,13154,0.73102;92,15858,0.850759
82,98392;149,49536,0.941866;64,11190,0.793059;87,17302,0.879826;91,13138,0.744902;85,15448,0.806941
83,97615;150,49632,0.94013;60,10519,0.824729;75,15968,0.896746;81,12156,0.73449;87,15401,0.81128
84,97787;151,50067,0.920174;68,11420,0.795662;84,17020,0.895011;95,13809,0.731453;102,17542,0.821692
83,98262;152,50768,0.929718;66,11333,0.809544;81,16701,0.894143;88,12414,0.72885;98,16495,0.822993
85,96680;143,49499,0.946638;62,10578,0.825163;76,16120,0.871584;83,12121,0.740998;90,15771,0.839479
80,99131;151,49901,0.931453;68,11326,0.829501;79,16283,0.852928;94,12834,0.709328;100,16095,0.838178
81,97199;152,50859,0.930586;65,10834,0.831236;79,17140,0.906725;90,13183,0.714534;95,16867,0.838612
76,99860;148,51732,0.93449;65,11184,0.810846;86,17159,0.877223;90,13402,0.699349;92,16467,0.827766
75,97027;158,52948,0.954881;71,10925,0.791323;82,17227,0.909328;89,12726,0.67462;96,16673,0.833406
76,99746;153,51439,0.932755;66,11850,0.77744;82,17718,0.907158;100,13881,0.655531;104,17537,0.841649
87,95579;154,51343,0.942299;63,10741,0.829501;78,16802,0.90846;97,13509,0.728416;93,16077,0.829935
76,93999;138,50943,0.940564;65,10860,0.801302;76,16105,0.893275;93,12541,0.706725;89,16218,0.843384
78,96680;137,50298,0.950108;62,11302,0.826898;78,16851,0.903254;93,13476,0.707592;86,15487,0.81692
76,98871;139,51381,0.942299;62,10557,0.827766;80,16534,0.911063;89,12670,0.738829;85,15242,0.846421
79,99158;132,50386,0.929718;61,11310,0.816052;75,16560,0.896312;82,12517,0.737093;90,15477,0.832538
79,96967;136,49991,0.93102;64,11494,0.825597;79,16911,0.901518;79,12236,0.716269;84,14731,0.81692
77,98841;139,50831,0.927549;65,10934,0.82603;83,17171,0.916269;85,12019,0.725813;92,16546,0.804338
77,95308;141,51738,0.937527;59,9921,0.760954;77,15997,0.89154;99,12432,0.685466;92,15643,0.827332
77,95563;137,50141,0.932321;64,10547,0.781345;83,15400,0.884165;93,12132,0.688069;89,14780,0.842516
78,99602;136,50432,0.946638;68,11140,0.82603;83,16327,0.904121;92,13060,0.72321;94,16677,0.861171
79,101228;136,50359,0.941432;62,10909,0.819089;77,16196,0.87115;89,13358,0.747505;94,16582,0.832538
78,99524;136,50503,0.936226;62,11432,0.812148;81,17233,0.870282;94,13482,0.774837;91,16358,0.81128
80,97480;135,49519,0.921475;62,10847,0.797831;77,16669,0.829935;84,12338,0.724946;88,15329,0.809544
79,97576;157,51167,0.937093;65,10906,0.789588;75,17199,0.869414;83,12329,0.708894;93,15480,0.832104
78,96328;147,50467,0.944469;59,10606,0.783514;82,17154,0.91974;90,12823,0.721909;95,17174,0.847289
83,99146;155,50987,0.939696;62,11070,0.817787;83,16707,0.884599;78,11601,0.753145;88,15913,0.83731
79,99602;138,50460,0.921041;68,11707,0.817787;85,17755,0.864208;90,13264,0.714967;98,17034,0.81692
83,94271;154,50446,0.938829;58,10363,0.829501;75,15829,0.875054;91,11714,0.715401;89,15256,0.822993
85,96404;154,50891,0.937961;58,10521,0.797831;78,16199,0.905423;85,12557,0.732321;84,14968,0.829501
86,98002;154,50436,0.92538;66,11388,0.814751;85,17141,0.91757;84,12492,0.75141;90,15815,0.84859
84,99673;142,50182,0.947505;63,11265,0.844685;72,16008,0.872885;85,12836,0.759219;94,16639,0.818221
84,98291;152,49873,0.945336;68,10500,0.840781;72,15560,0.883297;79,11946,0.760087;88,15696,0.863774
83,96416;153,50212,0.918438;58,10759,0.836876;73,15925,0.927983;80,11952,0.696312;88,15962,0.842082
84,97718;156,51040,0.948373;62,10466,0.829501;71,15345,0.872017;83,12385,0.735792;84,15380,0.8282
85,97633;151,50197,0.932321;61,11274,0.846421;71,16501,0.865944;85,12931,0.727983;85,16236,0.852928
83,97066;157,51761,0.931887;59,10579,0.81692;72,16298,0.861605;84,12866,0.71974;79,15059,0.829935
83,95174;143,51916,0.935792;55,10203,0.793492;69,16247,0.89154;76,12076,0.731453;80,14716,0.80564
84,98292;153,50730,0.937093;59,10913,0.787419;74,15940,0.883731;80,12148,0.734056;91,15905,0.849024
78,101316;152,50566,0.932321;69,11434,0.818655;82,17192,0.872017;91,13488,0.718872;94,16710,0.808677
78,100764;156,51627,0.94013;70,11046,0.822126;81,16738,0.872885;88,12859,0.738829;99,17323,0.829067
77,99042;153,50694,0.953579;68,11521,0.832104;86,17633,0.872017;89,13123,0.74013;92,15855,0.87679
83,100442;153,51271,0.947072;61,11091,0.82256;81,17089,0.865076;86,12540,0.729718;97,16499,0.857701
84,101009;142,51274,0.930152;68,10953,0.816486;80,16416,0.843384;101,13450,0.709328;94,16035,0.843818
76,99038;153,50220,0.924078;60,10820,0.816052;74,15766,0.859002;84,12463,0.722777;87,15336,0.850759
75,98669;155,52003,0.957918;64,10897,0.827332;83,17690,0.903688;91,13046,0.743167;93,16060,0.853796
78,96826;155,52182,0.937093;70,11162,0.78872;86,17369,0.895879;94,13007,0.70282;96,16063,0.846855
78,99734;153,51260,0.940998;68,11403,0.804772;81,17206,0.886768;99,13908,0.720607;98,16737,0.839479
79,100765;147,49445,0.939262;69,11231,0.801735;86,16845,0.879393;87,12325,0.714534;90,15966,0.808677
79,97864;149,49993,0.92885;64,11130,0.813883;94,16890,0.90846;84,12194,0.710195;87,15740,0.813883
78,96869;154,50695,0.934056;64,10814,0.801302;77,16767,0.898915;89,13244,0.730152;95,17229,0.835575
77,99290;154,50595,0.950542;62,11118,0.82039;77,17115,0.913666;84,12482,0.73102;94,16942,0.833406
80,100776;148,49333,0.941432;62,11464,0.82256;77,17026,0.909761;89,13459,0.734924;94,17015,0.846855
79,101072;170,49602,0.943601;65,11698,0.82603;85,17776,0.907158;80,12016,0.743601;88,16078,0.865944
78,99814;154,50104,0.950542;64,11397,0.815618;79,17012,0.897614;86,12844,0.747072;99,16335,0.845119
83,98581;150,49640,0.939262;71,10881,0.794794;74,15766,0.87679;87,12493,0.749241;95,16079,0.847289
82,98243;150,49597,0.947072;72,11074,0.784816;82,16099,0.890672;79,12362,0.722777;82,14987,0.833839
79,100469;151,49838,0.943167;61,11530,0.834707;74,15808,0.893709;83,12510,0.705857;88,15813,0.835575
83,99344;149,50081,0.939262;72,11816,0.809544;76,17117,0.865944;91,13557,0.696312;90,16762,0.840347
87,100565;151,50680,0.937093;63,11537,0.816486;79,17628,0.87679;88,13274,0.707592;94,16875,0.840347
80,97458;168,50709,0.924512;59,10866,0.795228;73,16376,0.87679;86,12855,0.709328;85,15957,0.842516
80,98988;154,50993,0.947505;59,10653,0.812148;86,16624,0.890239;75,11935,0.721909;84,15525,0.859002
81,98140;147,49573,0.927115;68,11664,0.822993;78,17763,0.906725;86,13403,0.728416;104,16995,0.837744
80,99485;149,50717,0.927549;66,11209,0.828633;81,16868,0.887636;90,13111,0.755315;93,16280,0.843384
82,97872;172,49290,0.936659;60,10375,0.827766;85,16906,0.892408;81,11901,0.718438;87,15616,0.862907
81,96923;149,50217,0.94013;64,10754,0.831236;77,15779,0.879826;84,12499,0.754013;91,15792,0.852928
82,98255;149,49310,0.937093;79,11115,0.802603;76,16604,0.868113;92,13697,0.741432;86,16186,0.833839
83,99495;149,50142,0.933623;62,11321,0.792191;76,17028,0.865944;87,12943,0.747072;88,16672,0.821258
83,98807;151,49791,0.935792;62,11392,0.816052;81,17737,0.869414;89,13519,0.748373;90,16497,0.836443
86,99975;144,49258,0.916269;72,11847,0.851193;94,17565,0.878959;81,12528,0.727983;85,15816,0.859002
89,102691;153,50952,0.927983;64,11646,0.837744;89,17539,0.871584;87,13241,0.767896;102,17002,0.884165
87,97712;150,49439,0.930152;58,10434,0.795662;74,15951,0.891106;77,11858,0.736226;83,15182,0.839479
86,100421;153,50537,0.937527;65,11793,0.816052;75,17370,0.907158;89,13487,0.748373;83,16431,0.808243
85,98439;152,50729,0.935358;56,10931,0.826464;72,16470,0.881562;82,13021,0.756182;76,14764,0.793492
84,98796;147,49070,0.947072;55,10725,0.81692;73,16799,0.910629;80,12219,0.739262;81,15736,0.836443
84,97489;133,51562,0.944902;59,11166,0.822126;68,16347,0.884165;76,12611,0.69154;81,16013,0.809111
78,98838;151,50223,0.930586;63,11394,0.83731;71,16799,0.889371;86,13600,0.754013;89,17272,0.83731
77,99136;152,50962,0.931887;69,11169,0.824729;69,16308,0.898482;81,13084,0.72885;89,17544,0.860738
78,99061;156,52521,0.932321;63,11869,0.81128;80,17712,0.894577;87,13444,0.747072;97,17808,0.828633
79,96161;150,50902,0.947505;56,10338,0.783948;71,15523,0.874187;79,12316,0.741866;88,16088,0.849024
79,98068;145,50506,0.945336;62,11470,0.802169;75,16815,0.855531;83,12891,0.756616;89,16299,0.836876
80,100365;153,50927,0.927983;71,11932,0.791323;87,17577,0.864642;84,12374,0.716269;106,17841,0.835575
76,93745;154,50912,0.934056;63,10108,0.790889;77,16014,0.877223;89,12611,0.738395;96,16455,0.834273
79,99440;151,50764,0.929284;64,10818,0.808677;79,17735,0.873319;89,13502,0.734924;93,16764,0.843818
78,96434;152,50941,0.950108;60,10722,0.82039;73,16352,0.878525;80,12482,0.72538;83,15593,0.881562
80,98106;152,51281,0.946638;59,10761,0.800868;78,17380,0.887202;86,13268,0.728416;87,16205,0.841649
79,97753;142,50507,0.933189;62,11548,0.77744;74,16432,0.904555;93,13235,0.727549;90,16455,0.834273
81,97355;151,50172,0.929284;60,10580,0.792191;76,16567,0.886768;86,12943,0.735358;87,15912,0.822126
78,95610;156,51988,0.952278;72,11360,0.800868;75,16510,0.867679;88,13275,0.761388;91,16800,0.850325
80,99706;152,51319,0.912798;69,12040,0.800868;82,17204,0.881128;86,12736,0.723644;90,16196,0.859436
78,99742;151,50731,0.937527;64,11396,0.817787;81,17322,0.88026;87,13129,0.751844;91,16531,0.821692
76,93982;138,51163,0.947939;59,10542,0.811714;69,15516,0.890239;74,11627,0.765293;84,15291,0.815618
78,99060;136,51324,0.930586;67,11365,0.83167;77,17736,0.908026;83,13139,0.738829;91,16042,0.804338
77,96651;136,50627,0.941866;62,10511,0.806074;75,16037,0.896312;85,12551,0.742299;82,14727,0.800434
83,99137;136,50062,0.942733;69,12109,0.836009;92,17580,0.898048;99,13950,0.756182;101,17207,0.842516
82,98202;135,50356,0.927983;62,10740,0.839046;74,15586,0.878091;81,12140,0.739262;92,15910,0.846421
83,98691;138,51375,0.939262;69,11201,0.816486;80,16085,0.855098;79,12247,0.754447;89,15618,0.855531
83,99711;136,50546,0.943601;72,11623,0.821692;77,16961,0.862907;79,11964,0.742299;100,16791,0.838612
83,96115;134,49992,0.924512;65,10782,0.819957;73,15793,0.850759;82,12581,0.738395;86,15671,0.850759
84,100228;135,50518,0.910195;61,10987,0.816486;86,16612,0.886334;84,12403,0.742733;93,16887,0.842082
85,99410;137,51816,0.939696;67,11477,0.830803;79,17199,0.892842;88,13424,0.729718;92,16849,0.851627
85,98682;134,51070,0.95141;65,11387,0.829935;81,17979,0.912364;86,12777,0.703688;97,17590,0.837744
83,94830;134,50739,0.940564;60,10136,0.807809;72,15735,0.892842;77,11350,0.732755;79,14826,0.809544
86,97682;150,50795,0.943601;70,10820,0.832104;90,16514,0.871584;90,11867,0.732321;96,16401,0.823427
79,99970;148,50330,0.916269;62,10873,0.818655;85,17103,0.888069;84,12543,0.729284;94,16441,0.854664
80,97943;150,51265,0.92885;69,11380,0.816486;83,17085,0.898048;84,12194,0.71974;95,16526,0.814317
78,99594;141,51437,0.94013;67,11331,0.799132;83,17315,0.893709;86,12813,0.733623;92,15926,0.83167
79,99394;155,51315,0.906291;66,11042,0.788286;81,17356,0.892842;93,13576,0.749675;101,17483,0.859436
80,98920;149,50864,0.936226;62,11497,0.799566;77,16730,0.898482;87,12731,0.772234;91,16638,0.822993
81,100158;154,51675,0.946204;65,11511,0.802603;78,16888,0.896746;89,12757,0.750108;96,17099,0.841649
80,96787;152,50572,0.938395;64,10574,0.813449;76,15984,0.886768;86,12852,0.766161;85,15135,0.881562
79,98913;149,49909,0.910629;66,11691,0.849458;78,17307,0.885466;84,12682,0.750542;92,16519,0.857267
80,100431;143,50952,0.957484;61,11357,0.829067;79,17523,0.905857;83,12318,0.718872;94,16710,0.872017
80,101815;158,52894,0.943167;72,12818,0.810412;86,18530,0.919306;96,13935,0.713232;110,18751,0.85987
78,99594;148,50997,0.945336;66,11156,0.810846;82,16759,0.927983;88,12768,0.706725;94,16183,0.866811
78,96785;157,52318,0.953579;67,10644,0.821692;77,16626,0.914967;82,12172,0.700651;87,15947,0.829501
78,95574;153,50198,0.922777;66,10408,0.829067;76,15700,0.872451;82,12093,0.727983;91,15281,0.835141
80,100259;151,50552,0.950542;62,11156,0.826464;78,16796,0.863774;87,13366,0.732321;87,16172,0.826898
78,99042;151,50255,0.939262;57,10648,0.787419;75,16751,0.916703;77,11903,0.724512;88,15983,0.815618
87,100632;153,50497,0.952711;61,10796,0.81692;78,16542,0.8859;84,12499,0.713666;89,16242,0.8282
86,100226;149,49661,0.944035;65,10930,0.814751;79,16630,0.891974;83,12537,0.686334;93,16955,0.823427
85,96968;150,49345,0.948807;57,10335,0.807809;76,15832,0.890672;89,12799,0.708026;85,15428,0.81692
86,97553;132,49159,0.924946;62,10846,0.809111;74,15566,0.856833;83,12786,0.701518;92,16094,0.851193
86,99608;154,51126,0.94013;64,11204,0.813015;80,17239,0.887636;87,12922,0.729718;88,15724,0.834273
90,97866;155,50346,0.948373;58,10885,0.820824;77,16591,0.894143;81,12255,0.736659;81,14705,0.82603
85,98093;153,50807,0.947939;59,10573,0.810412;71,15300,0.877223;78,11896,0.723644;77,14134,0.819089
82,95312;152,50530,0.944902;58,9954,0.817354;72,15121,0.868113;71,11108,0.742733;75,13483,0.838178
85,98322;153,50370,0.952711;65,10630,0.833839;76,16123,0.898048;77,11955,0.752711;85,15334,0.864208
96,96809;139,50256,0.936659;65,10472,0.82256;82,15839,0.918004;87,12436,0.759219;87,14931,0.839913
87,100869;152,50341,0.949675;67,11450,0.82256;76,15727,0.869414;89,13368,0.73102;92,16439,0.865944
87,101475;150,49353,0.936659;67,10952,0.821692;80,17392,0.867245;92,13776,0.722777;97,16685,0.84295
85,99697;155,51913,0.944902;67,10643,0.803037;92,17345,0.877657;87,12303,0.748373;89,15846,0.826898
87,96770;156,51632,0.941866;65,11513,0.802169;77,17043,0.881996;82,12242,0.732321;93,16551,0.845119
87,99713;133,50105,0.928416;62,11444,0.798698;84,17654,0.855098;87,12894,0.691106;95,17081,0.803037
87,97826;134,50474,0.942299;61,10684,0.786551;88,17126,0.895879;80,12070,0.733189;90,16293,0.83167
87,100891;137,51108,0.946204;70,11017,0.79436;82,17100,0.896312;89,12919,0.718438;100,17382,0.830803
86,97042;137,51411,0.939262;69,11355,0.810412;83,16896,0.881128;86,12383,0.720174;82,14812,0.792191
86,98952;134,50077,0.920174;61,11345,0.812581;77,16438,0.879393;84,12597,0.713232;94,16978,0.841649
86,99922;138,50693,0.937961;66,11049,0.817787;76,17199,0.90846;89,13480,0.73449;86,16350,0.868547
80,102432;139,51869,0.936659;68,11698,0.78872;92,18409,0.89154;94,13096,0.750542;97,17703,0.845119
84,98537;140,52233,0.920607;60,11089,0.780477;76,16267,0.900217;89,12695,0.745336;94,16283,0.835575
83,96921;138,50383,0.950108;66,11223,0.801302;77,16057,0.9141;77,11603,0.759653;90,16098,0.86898
78,99139;135,49879,0.942299;64,10338,0.811714;77,15927,0.892408;90,13037,0.769631;89,16513,0.817354
78,99684;127,50827,0.939262;63,11713,0.804338;81,18943,0.896746;93,13964,0.744902;103,17955,0.829501
117,97977;135,50222,0.946638;66,11250,0.814317;78,17147,0.903688;77,11792,0.734924;94,17178,0.822126
84,99372;138,51043,0.933623;63,11518,0.834273;79,17617,0.903688;81,12749,0.727983;91,16695,0.817787
84,98167;142,50271,0.95705;67,11130,0.828633;80,16833,0.910195;97,13603,0.758785;93,16792,0.862473
85,98772;136,49718,0.936659;62,11170,0.821258;83,16898,0.895011;92,12672,0.754013;96,16298,0.865076
84,99253;135,49384,0.928416;64,10567,0.832972;80,16205,0.900217;85,12410,0.727983;93,16425,0.864208
83,100875;135,50474,0.933189;75,11620,0.81692;83,17637,0.920174;91,13271,0.729284;97,17343,0.856399
80,99906;133,49739,0.954447;68,10728,0.806508;79,16664,0.912798;80,11932,0.741432;92,16167,0.85423
78,94552;138,50567,0.94577;59,10782,0.82039;73,15980,0.905423;88,12616,0.718004;84,15140,0.856399
80,96989;131,48694,0.932755;58,10482,0.810846;73,15615,0.883297;88,13262,0.738395;83,15408,0.838612
80,99372;152,50394,0.946638;61,10873,0.791323;77,16117,0.892408;91,13299,0.737527;87,15425,0.836876
81,97337;154,49726,0.935792;61,11125,0.767896;78,15939,0.864208;84,12325,0.743167;85,15459,0.843384
81,99393;154,50874,0.951844;61,10856,0.816486;78,16260,0.848156;91,12741,0.741866;97,16001,0.848156
78,100233;140,49421,0.926247;69,11129,0.813015;81,16519,0.904989;89,12298,0.720607;92,16009,0.845987
78,101259;150,49680,0.921041;68,11473,0.820824;80,16533,0.898915;87,12957,0.714967;95,16799,0.875922
78,97970;154,50171,0.934924;60,10872,0.823427;70,17004,0.898482;84,13299,0.723644;85,15361,0.858134
78,98098;142,50807,0.949241;62,10833,0.833406;73,16813,0.922343;83,12604,0.707158;93,16215,0.865076
78,100506;136,50532,0.949675;60,11159,0.817787;76,17595,0.900217;84,12541,0.724946;102,17841,0.859002
76,94892;140,50622,0.964425;68,11082,0.834273;76,15668,0.888937;79,11637,0.697614;89,15533,0.851193
78,99428;136,49645,0.946204;62,11067,0.811714;81,16687,0.879826;99,13097,0.709328;89,15752,0.85987
77,96138;133,49171,0.92538;62,10601,0.819523;72,15353,0.886768;78,10973,0.718872;74,13686,0.840781
76,98800;131,50040,0.926681;60,11135,0.833406;70,16830,0.906291;93,13183,0.725813;95,16659,0.846421
77,97068;159,51645,0.937527;64,10788,0.845119;74,15135,0.880694;77,11793,0.76833;83,15504,0.827332
76,98158;128,49311,0.920174;62,10516,0.841215;71,15260,0.861605;78,11873,0.788286;82,14869,0.814317
77,97092;145,50292,0.942733;60,10578,0.858134;76,15784,0.893275;79,11791,0.77744;88,15155,0.861605
77,96448;152,50064,0.941432;75,10487,0.845119;77,15892,0.905857;73,11536,0.769631;80,14605,0.813449
85,96545;152,50053,0.950108;59,10446,0.819957;73,15692,0.898482;79,12189,0.720607;89,16307,0.804338
85,99292;154,50990,0.950542;56,10563,0.832538;70,16123,0.869848;85,13088,0.761388;89,16773,0.855965
85,100786;153,50382,0.955315;59,10611,0.844685;68,15590,0.903254;76,12282,0.798698;82,15582,0.850759
83,98564;150,49840,0.944902;61,10582,0.84295;83,16042,0.8859;76,12060,0.784382;77,14835,0.804338
85,102257;150,49655,0.94013;62,10834,0.845119;74,16061,0.904121;71,11367,0.77961;83,15584,0.848156
87,97995;150,50066,0.940998;68,10811,0.832104;89,16977,0.851627;86,12812,0.750976;88,15488,0.834273
86,100043;149,48809,0.93449;69,11075,0.853362;76,16315,0.888937;79,12495,0.79436;86,15507,0.868113
78,97225;149,49594,0.92321;57,10577,0.868547;74,16338,0.878959;79,12267,0.801302;84,15594,0.860304
78,98985;147,49209,0.918438;57,9956,0.830369;78,15782,0.865944;78,11859,0.786985;79,14139,0.85423
78,100556;152,50399,0.927549;67,11224,0.839479;75,16165,0.890239;74,11598,0.761822;91,16540,0.846855
78,100209;144,50438,0.929284;63,10954,0.824295;75,16426,0.881128;77,12188,0.750976;82,15402,0.866377
81,97292;151,50107,0.952278;58,10197,0.869414;71,15179,0.911931;76,11494,0.76269;80,14400,0.868113
84,95410;148,48893,0.931453;70,9641,0.843384;74,14945,0.921041;75,11134,0.74013;76,13425,0.836443
104,96844;155,50526,0.95141;58,9954,0.855098;74,16027,0.888937;81,12244,0.740998;82,14625,0.841649
105,97810;165,50299,0.930152;60,10182,0.834707;79,15998,0.915401;88,11420,0.784816;79,14040,0.855965
95,95600;152,49632,0.949241;62,10246,0.809978;76,15135,0.903688;79,11695,0.768764;83,14576,0.830369
88,96936;139,49495,0.924946;62,10231,0.843384;69,14351,0.87679;75,11629,0.78872;79,14475,0.839479
94,99567;136,49877,0.932755;54,9415,0.837744;72,15505,0.877657;76,11748,0.776573;85,15668,0.841649
87,98590;136,49498,0.952711;61,9492,0.824295;71,15287,0.906725;73,11513,0.790022;74,13461,0.862039
85,96408;137,49700,0.949675;64,10225,0.852061;65,13611,0.914534;73,10970,0.806508;79,14625,0.860738
81,94877;140,50314,0.93102;57,9696,0.860738;72,14789,0.8859;74,11184,0.78308;82,14583,0.844252
82,96700;153,49846,0.952711;59,9618,0.856399;75,14594,0.879826;75,11138,0.795228;81,15004,0.841215
87,95677;151,49390,0.941866;62,9250,0.845553;70,15035,0.882863;76,11603,0.780477;78,14300,0.858134
96,96910;155,50042,0.955315;56,9285,0.874187;71,14254,0.918004;75,11258,0.785249;77,14299,0.856399
89,95428;149,48732,0.956182;56,9591,0.851193;61,13597,0.893275;67,10256,0.776139;81,14156,0.875054
82,91142;142,48661,0.934056;47,7279,0.870282;65,10904,0.913232;47,7548,0.781345;60,11200,0.859436
64,80526;149,47929,0.936659;41,5653,0.890672;46,8770,0.918872;35,5637,0.8;47,8834,0.829067
65,81137;155,49432,0.932321;39,5740,0.883731;47,8432,0.912364;37,5724,0.799132;39,7351,0.855098
57,72057;151,49059,0.922343;34,4427,0.88026;35,6502,0.910195;29,4786,0.797831;35,6883,0.872017
39,50195;155,49985,0.947939;33,2642,0.866377;26,3643,0.909761;16,2852,0.803471;19,3777,0.86551
33,41907;153,49192,0.950108;16,1695,0.870716;23,2959,0.894577;16,2040,0.824295;14,2829,0.867679
23,29671;152,49284,0.960087;17,1426,0.87679;17,2169,0.900217;11,1843,0.812581;10,2118,0.877657
18,23682;154,50535,0.960521;12,730,0.865944;14,1405,0.888937;7,1141,0.812581;14,1920,0.856399
22,28034;163,48930,0.969197;15,818,0.878091;15,985,0.91757;5,825,0.83167;7,1366,0.860304
17,21643;156,50339,0.94013;10,724,0.89154;13,1229,0.913666;5,838,0.834273;5,879,0.864208
10,12015;152,48642,0.921909;14,463,0.891106;13,870,0.918872;4,741,0.8282;2,531,0.861605
6,7649;145,46959,0.947072;11,339,0.885033;10,650,0.918004;2,320,0.824295;3,541,0.857267
8,9405;148,48146,0.934924;14,366,0.892408;8,768,0.913666;2,298,0.83167;3,508,0.852495
8,8944;137,48461,0.947072;8,390,0.893275;8,372,0.918438;2,304,0.831236;1,271,0.855965
4,4993;153,48800,0.942733;9,253,0.893275;12,478,0.911931;1,246,0.829501;2,342,0.85987
