27,19900;184,52998,1;31,10628,0.948;37,13746,0.98;78,9919,0.92;89,14280,0.9945
28,20194;172,51421,0.9995;39,6454,0.9265;49,9433,0.978;79,7308,0.9065;76,10637,0.924
28,20198;183,51251,1;41,6984,0.9445;42,9857,0.9865;85,7671,0.91;83,11195,0.932
31,20210;160,50523,0.999;47,7593,0.9555;37,10924,0.9895;105,8834,0.9265;81,11659,0.9535
38,20209;160,50807,0.999;33,7341,0.935;40,10773,0.9905;97,7984,0.9295;82,12376,0.9455
27,20222;174,51441,1;42,7391,0.925;56,10666,0.9845;93,7766,0.9255;89,11943,0.9435
27,20195;182,51286,1;47,7417,0.938;54,10359,0.9855;95,7908,0.919;90,11874,0.949
27,20196;191,49015,1;40,6869,0.94;51,9741,0.984;80,7573,0.929;84,11537,0.9385
27,20176;194,50099,1;40,6657,0.95;53,10019,0.9875;86,7797,0.9205;56,11186,0.9425
27,20241;193,49055,1;27,6536,0.95;34,9343,0.993;54,7215,0.924;52,10655,0.93
27,20174;176,48794,1;27,6440,0.9485;33,9225,0.993;53,7099,0.932;50,10367,0.9335
27,20179;180,49850,1;27,6121,0.9575;33,9101,0.9935;50,6950,0.9265;49,10279,0.9385
27,20167;181,48354,1;27,6202,0.9525;32,8546,0.989;51,7101,0.926;50,10497,0.938
27,20144;181,48488,1;37,6051,0.9615;36,8623,0.977;47,6772,0.9235;46,10003,0.9275
27,20089;185,50027,1;40,6038,0.941;50,8820,0.9915;73,7037,0.923;72,10435,0.926
27,20123;180,48798,1;42,6282,0.9415;47,9332,0.9965;71,7205,0.9335;74,10586,0.9375
27,20094;181,49081,1;34,6231,0.9605;49,9081,0.986;81,7321,0.912;78,10483,0.9285
27,20136;182,50299,1;39,6290,0.931;52,9455,0.9845;88,7400,0.9005;61,11116,0.914
27,20147;184,51024,1;33,6401,0.94;53,9630,0.9855;82,7390,0.8805;62,11685,0.9095
27,20120;159,50565,0.999;38,6509,0.9205;51,10091,0.986;80,7781,0.8695;67,12236,0.9125
27,20128;154,50740,0.9995;29,7220,0.933;35,10159,0.98;75,8045,0.8845;71,12486,0.918
27,20134;152,49419,1;48,7008,0.9195;65,10710,0.9865;94,7730,0.895;85,11819,0.927
27,20129;153,50337,0.9995;27,6756,0.9075;34,10497,0.983;114,8288,0.879;112,13001,0.92
27,20155;154,51649,0.9995;42,7425,0.903;52,11034,0.98;121,8607,0.8635;109,13111,0.908
27,20179;172,51588,0.9995;41,7428,0.9175;54,10849,0.9785;120,8198,0.85;84,13098,0.9245
27,20175;165,51243,0.9995;45,7368,0.928;54,11013,0.9805;119,8524,0.8635;105,12610,0.925
27,20144;176,52995,1;41,7431,0.914;52,11072,0.9825;93,8396,0.873;80,12886,0.932
27,20154;177,52113,1;36,7411,0.9005;46,10827,0.973;112,8217,0.88;114,13445,0.935
27,20137;179,52471,1;40,7218,0.9235;52,11008,0.979;106,8012,0.816;118,13740,0.926
27,20147;164,51461,0.999;40,7243,0.926;34,10632,0.982;81,8608,0.875;76,13423,0.9265
40,20164;172,50901,1;27,6850,0.9205;34,10335,0.9845;72,8176,0.876;70,12558,0.9105
28,20120;168,49717,0.999;38,6828,0.9145;50,10342,0.976;87,7857,0.857;69,12550,0.919
27,20053;201,51693,1;26,6542,0.906;48,9773,0.974;83,7822,0.8605;70,12207,0.9115
27,20007;162,51399,1;24,6202,0.9005;31,9556,0.971;67,7575,0.8535;69,12257,0.9055
27,20068;102,51374,1;24,6083,0.909;31,9563,0.977;65,7663,0.829;83,11955,0.88
26,19785;102,52056,0.9995;30,5175,0.9125;40,8275,0.9775;64,6893,0.804;60,11454,0.896
25,19115;104,51671,1;18,3874,0.923;23,6231,0.974;50,5656,0.808;45,8904,0.8825
22,17077;103,51920,1;14,2429,0.9165;17,4259,0.9745;31,3373,0.808;46,6003,0.8745
18,13664;115,51661,1;14,1321,0.933;16,2279,0.9715;24,1867,0.812;26,3507,0.872
18,13850;116,51581,1;10,1099,0.9225;13,2014,0.978;20,1569,0.8045;22,2891,0.8685
