41113,12497500;13284,2790213,0.99148;10742,690063,0.7883;12329,882660,0.92102;20925,615523,0.61608;17953,852664,0.85496
44440,12512776;13949,2700750,0.992;7134,414916,0.8396;6670,558718,0.9273;12628,408161,0.72568;13653,565680,0.85914
45197,12513555;9339,2670122,0.9913;10432,420155,0.80556;9358,591861,0.91974;13779,399001,0.70902;15708,589268,0.8586
45281,12513908;8819,2680898,0.9912;9599,426402,0.78788;9882,606702,0.91358;20979,411298,0.7063;21236,608057,0.86086
45127,12513757;8848,2684326,0.99024;11162,428878,0.78754;10652,607440,0.9109;21163,409111,0.70554;21011,606627,0.85886
45217,12514018;9412,2712563,0.99068;9944,431263,0.78576;9809,610151,0.91258;16497,414664,0.70764;21053,611773,0.8657
44612,12514193;8345,2712705,0.99136;11683,438439,0.787;10727,616058,0.90856;17746,419608,0.70878;15302,618873,0.8704
45026,12513957;8242,2721572,0.99116;10316,438917,0.77812;9306,623306,0.90642;15460,418179,0.71022;16292,617332,0.86868
45193,12514273;9515,2731032,0.98924;10928,441904,0.76874;11234,627158,0.90702;19364,419364,0.70754;16688,623594,0.8576
45295,12514445;10616,2730430,0.98864;11844,447855,0.76542;11965,635487,0.90114;18463,421207,0.68976;18474,630651,0.85326
43353,12514830;9698,2748472,0.9879;11608,455841,0.7531;11491,653018,0.89372;20442,435004,0.68008;20211,639123,0.84544
42773,12514767;8332,2754631,0.98728;14828,458795,0.74794;11556,651129,0.88804;21420,431445,0.67672;21230,645517,0.83954
42955,12515094;9177,2761670,0.9872;12901,458190,0.74714;12134,655421,0.8842;19581,432153,0.67144;19670,643557,0.83688
43425,12515046;8240,2764351,0.98704;11202,456945,0.74346;11726,657543,0.8887;20543,432249,0.66436;20146,655182,0.8291
45366,12514521;8993,2741987,0.98694;10752,455870,0.75032;10550,652741,0.8935;19602,433936,0.67972;20829,636594,0.83514
45627,12514400;9349,2727927,0.98866;11176,451271,0.75748;13521,646225,0.89748;20020,430225,0.6819;20757,639197,0.84154
45464,12514426;12388,2709320,0.98954;11736,450457,0.76412;10166,636342,0.89582;19013,431507,0.68114;19702,637114,0.84824
45519,12514384;13163,2703560,0.99038;9851,448058,0.76556;8992,628760,0.90548;17392,430429,0.69166;17443,631995,0.85624
42806,12513658;10308,2696048,0.9909;10173,438339,0.78112;10698,618856,0.91088;18802,423853,0.69888;18447,619884,0.8572
42273,12513833;9220,2662606,0.99162;12763,436133,0.79008;11090,608383,0.91706;18057,417463,0.70194;23641,608155,0.85892
44957,12512864;7725,2652382,0.99314;12430,416708,0.80292;11188,577935,0.92144;17453,405437,0.70556;18459,591932,0.86306
44667,12512014;7915,2636236,0.99302;12852,402330,0.80698;10735,552907,0.92264;17130,393137,0.71916;17589,566934,0.8714
44311,12511112;7717,2638264,0.99452;12153,388854,0.812;11641,531720,0.92518;19780,379153,0.72314;19575,540822,0.87654
43186,12508150;7694,2629996,0.99338;12759,363485,0.80676;10652,498898,0.92696;17383,356346,0.71594;16304,508557,0.86932
43378,12503945;13005,2632985,0.99314;12029,343673,0.81136;10618,462246,0.92774;13028,334471,0.73126;12831,465108,0.8801
42026,12501189;11800,2653030,0.99352;10604,315146,0.8104;8583,420462,0.92132;15926,306572,0.72764;13167,431366,0.8782
41646,12493080;12224,2682648,0.99406;9131,274277,0.80006;8106,363430,0.91484;9952,271373,0.71466;9758,379570,0.87608
40919,12462090;13398,2687523,0.99352;7721,215669,0.79854;6566,291290,0.91814;7246,217918,0.7083;7462,310598,0.87736
41468,12102896;14505,2736614,0.9943;6301,158338,0.8083;4923,211893,0.91906;4868,152919,0.69942;4845,220807,0.87378
39070,11404492;9793,2737447,0.9935;4863,106636,0.82438;3903,142514,0.92444;2770,99433,0.69464;2837,146489,0.87358
30556,8978422;13500,2750010,0.99374;4036,63114,0.8321;3423,86305,0.92992;1672,57977,0.69292;1884,90601,0.87286
20741,6076531;8502,2746232,0.99352;3222,30444,0.84182;2248,43662,0.93478;546,28433,0.6935;724,45546,0.8758
7681,2303150;10766,2748556,0.99354;2317,10437,0.84462;2371,14972,0.9355;276,10165,0.69394;333,16926,0.87604
2316,688991;8405,2749537,0.99352;2538,3751,0.84488;1873,5094,0.93638;114,3758,0.69584;122,6039,0.87586
1343,400917;8903,2754055,0.99442;1527,1233,0.84498;952,1958,0.93658;50,1545,0.69568;49,1861,0.87586
