18593,12497500;3459,887142,0.95596;6715,1371123,0.80608;7018,1435646,0.92756;8394,1369347,0.81016;8018,1381114,0.92296
22935,12502225;3305,865862,0.95616;7024,739996,0.82208;6600,831076,0.92008;6609,750304,0.78668;7497,798040,0.88708
24331,12504518;3431,861442,0.94524;7347,754576,0.79168;6914,856977,0.90152;7755,766756,0.77548;8396,831359,0.891
24394,12504524;3459,866187,0.9414;5965,764773,0.771;5244,884303,0.89488;7961,790844,0.74628;9725,859260,0.89364
25904,12502761;3498,871807,0.94068;7713,760366,0.76752;7695,873342,0.89708;8750,786416,0.74216;8493,871711,0.8914
24214,12505186;3448,868848,0.9426;7792,777097,0.7584;7195,883112,0.8972;8315,785894,0.75024;8595,874821,0.90412
24806,12503682;3426,869359,0.93852;7986,785461,0.76028;7554,896824,0.88716;8648,796587,0.74552;8764,879140,0.89752
25475,12504363;3442,871399,0.93316;7593,795068,0.74408;7852,917633,0.88612;8153,804024,0.73176;9473,896419,0.902
24702,12505863;3450,875380,0.9316;7773,787780,0.75364;5546,904711,0.88232;8894,797535,0.72724;8006,891684,0.89316
23381,12504762;3545,877922,0.935;7886,799154,0.74764;7993,914735,0.88264;8983,820722,0.73812;10327,906259,0.89916
23759,12504223;2405,877652,0.92784;8467,804551,0.73832;8122,924916,0.87724;9157,818624,0.71732;9895,913559,0.88664
23388,12502216;2250,882565,0.92012;8291,812444,0.7212;8517,939257,0.86416;9582,833227,0.71556;9168,926730,0.8846
23815,12504355;2251,880251,0.92384;7392,808336,0.72916;7928,934803,0.8758;8964,826697,0.7152;9706,922522,0.89232
25705,12505471;3100,878022,0.92348;8334,823621,0.73088;8311,939098,0.8712;8751,829779,0.7142;9244,924426,0.89268
25028,12505546;3794,877231,0.926;7466,816965,0.7228;7597,932972,0.87024;5933,836469,0.70984;6541,919512,0.88412
25227,12504454;3550,882182,0.93236;5346,799797,0.74604;8692,915566,0.87888;6177,811910,0.72556;9098,903493,0.89424
25428,12505730;4152,878764,0.93468;5184,783577,0.75148;7841,903120,0.8852;8237,792883,0.72668;7699,884227,0.89092
26884,12503293;3526,873578,0.94236;7110,768302,0.77104;7977,873098,0.89636;8762,799784,0.74132;8740,863636,0.89596
27239,12503383;4180,872937,0.9516;7446,764408,0.7832;6964,862693,0.90004;6208,779187,0.76392;8204,846256,0.90728
27478,12502764;3493,865830,0.9514;6922,741489,0.79876;5016,847176,0.9094;5433,759617,0.77668;5603,826769,0.90728
25329,12503543;3834,867541,0.95764;5185,729481,0.79968;6489,824764,0.91676;7804,754677,0.7954;7988,805040,0.91548
24189,12502023;3718,861391,0.95716;6966,707696,0.81316;7236,803242,0.92596;7693,724609,0.7992;7763,781851,0.9206
24088,12490233;3537,855327,0.96128;6843,658704,0.81876;7109,747708,0.92472;7556,678524,0.80192;7848,724874,0.91952
23489,12483335;4078,858670,0.9644;7023,634019,0.8208;6292,720414,0.93024;7370,655974,0.81468;7713,701388,0.9136
22252,12466282;3527,855205,0.96484;7326,601339,0.8274;6295,671888,0.93612;6354,624296,0.82612;6244,659836,0.92724
21844,12388883;4134,855432,0.96244;6343,563736,0.82868;6052,622513,0.92928;5852,578254,0.82624;5847,607806,0.9316
20346,12321724;3485,856401,0.9678;5173,488489,0.81664;4023,548218,0.91836;5245,503542,0.82864;5032,531523,0.92448
20905,12179663;3801,866004,0.9702;3759,392230,0.81456;3883,440812,0.91672;3624,414188,0.838;3713,443038,0.92912
20165,11113603;3633,867857,0.9644;2986,268108,0.8208;2774,305186,0.91756;2520,288111,0.83896;2546,313252,0.92928
16458,9103955;3476,874102,0.9674;2078,173134,0.8268;1888,196206,0.92012;1413,183211,0.84752;1461,199699,0.93208
11407,6325040;3991,865235,0.96408;1192,98237,0.8318;1188,111842,0.92204;738,103961,0.84828;838,117314,0.93444
6595,3647912;3497,871191,0.96916;990,49511,0.83836;865,60511,0.92488;404,51363,0.85208;496,63196,0.93808
2920,1585005;4198,870935,0.96256;735,20549,0.84192;520,23758,0.9266;139,21468,0.85264;165,25442,0.93832
1295,689646;3500,873341,0.96652;465,8712,0.84248;452,9829,0.92744;55,7996,0.85372;64,9996,0.93776
443,228730;3829,869723,0.96636;348,2263,0.84296;209,2728,0.92748;20,2201,0.85396;25,3236,0.9378
