232199,12497500;80823,2770684,0.98918;25733,691904,0.76258;31773,892332,0.90486;39781,619987,0.5764;43582,879773,0.8236
255184,12512117;84839,2676598,0.98722;20128,374286,0.80004;23481,530236,0.9016;29951,368779,0.66938;31841,545061,0.80882
229919,12512964;77773,2657118,0.98764;21485,386776,0.77202;24928,562590,0.89164;30541,375468,0.6695;34742,568313,0.81572
236367,12513079;77875,2637951,0.98822;22091,389998,0.77426;24819,563321,0.90138;30445,385399,0.6773;35126,574002,0.82384
235917,12513326;80451,2625610,0.99044;22404,390107,0.78314;25137,560916,0.90236;29848,381250,0.69658;34414,571752,0.8366
235984,12471024;80438,2622279,0.99102;20729,364308,0.7345;24021,535122,0.87634;26836,359113,0.65754;32816,540248,0.82852
221322,12096003;81107,2646570,0.99264;20127,325489,0.66552;22242,478380,0.81896;23323,315810,0.59714;28780,479481,0.78176
200943,10822439;81797,2673494,0.98914;16917,256432,0.54088;18227,376281,0.71276;17871,248606,0.50376;23015,385236,0.73308
140470,7525766;83532,2737397,0.98738;9440,132519,0.39252;11126,220525,0.60602;9671,140137,0.40448;12935,225501,0.67346
60877,3266680;85001,2787054,0.98696;4642,52836,0.3353;5743,91084,0.5844;3991,54599,0.3607;4570,84489,0.65312
19841,1066856;84737,2797052,0.98674;3411,18832,0.32282;3050,30820,0.58214;1101,16278,0.3443;1373,26136,0.64282
