20763,12497500;3695,899000,0.95148;4648,1375848,0.77836;4652,1453751,0.9176;5818,1395169,0.77596;8622,1418333,0.92356
23322,11628043;3128,889399,0.95924;3611,408202,0.84012;3568,472422,0.92496;4170,425243,0.80308;3704,478491,0.90276
24761,11694214;2315,881193,0.95896;2941,422919,0.83152;3300,488458,0.91896;4347,438502,0.79768;4786,490871,0.88932
25093,11483689;2341,870791,0.95928;3938,406878,0.8232;2954,473276,0.9116;4259,432465,0.77488;5537,478890,0.88308
24749,11454064;2352,861322,0.95856;4185,412847,0.81004;4590,476787,0.90484;4752,427713,0.76572;5587,484661,0.87844
24218,11139466;2351,869610,0.95948;4649,389985,0.78528;4255,460500,0.89408;4576,413791,0.7544;5045,463227,0.87748
23219,10552256;3612,867038,0.95432;4802,372058,0.761;4318,429399,0.88352;4348,382278,0.73244;3172,428431,0.87524
20598,9925915;4328,869966,0.95936;3405,343945,0.72376;3486,398347,0.86708;3835,362548,0.72176;4351,398887,0.87564
17596,8797004;3624,870641,0.95288;4151,299005,0.68448;3751,349863,0.8474;3835,314541,0.699;3196,350951,0.8782
13567,6885044;3891,867057,0.95396;3126,239645,0.63532;2832,287450,0.8264;2554,248141,0.67352;3017,273299,0.87912
8144,4183360;3781,879894,0.95016;2350,146834,0.572;1903,173631,0.80432;1430,157056,0.64544;1613,168513,0.88348
