18950,12497500;1977,897099,0.95272;7035,1358636,0.76852;7148,1455795,0.91464;6446,1389837,0.77668;5817,1414211,0.92048
22208,12503468;2139,867871,0.9584;4697,611118,0.8152;5437,714755,0.91268;5856,635234,0.76688;6547,704426,0.88248
22372,12501930;2306,870463,0.9494;6127,605638,0.80076;5455,715829,0.90912;6192,629408,0.75804;5515,708743,0.88496
22544,12502009;2180,866389,0.9568;4908,610465,0.79532;4693,714768,0.90736;5891,627339,0.747;7691,706374,0.88632
22946,12502503;2077,861960,0.95152;6113,592360,0.81156;5669,709149,0.91532;4807,630195,0.7712;5978,695234,0.8924
21883,12452637;2129,868142,0.95728;5880,566724,0.77248;5855,668425,0.9018;6335,594456,0.76252;6715,647827,0.88996
21430,12052863;2089,859845,0.96008;6319,512217,0.71432;5681,599896,0.86092;5528,529691,0.69512;6068,590236,0.87332
20510,10615346;2119,865216,0.95988;5436,395838,0.62428;4368,463191,0.78808;4432,426832,0.65748;4793,458699,0.85824
14247,7577517;2253,875493,0.95644;3483,224466,0.50576;2833,271538,0.71216;2525,241689,0.58648;3031,273174,0.84936
5836,3247881;2331,885221,0.95364;1610,89807,0.45976;1551,107757,0.68804;854,97683,0.56328;916,105935,0.84856
1694,927378;2132,881419,0.95004;979,28980,0.453;830,31330,0.68516;224,27488,0.55684;228,32102,0.8448
