27769,12497500;5786,2580915,0.99804;7393,653792,0.87272;7994,798324,0.9643;16947,599551,0.77754;15764,789129,0.94344
26145,12388778;7297,2534270,0.99792;5375,229702,0.92392;4475,317485,0.9689;7844,244430,0.82776;8095,345668,0.92058
27915,12393958;5939,2518447,0.99858;6932,237787,0.90938;6043,336681,0.96756;7965,252976,0.83772;10188,367192,0.9093
26898,12394212;5874,2500657,0.999;8756,237967,0.90348;6902,342879,0.96678;8376,258319,0.8511;9373,374651,0.9062
28093,12403665;6719,2480068,0.99864;7470,243536,0.899;6502,347424,0.96586;8992,263497,0.85302;12026,387109,0.90684
28892,12397324;9281,2483126,0.99884;9281,242618,0.89396;8152,348442,0.96508;11115,265894,0.84792;10217,396271,0.90894
29391,12394331;6160,2488267,0.99846;8277,241007,0.88952;6665,351544,0.96192;9659,262991,0.84464;10194,392655,0.90874
30182,12391515;6492,2477914,0.99848;8388,239842,0.88352;7065,347671,0.96056;9657,261226,0.84462;10503,394840,0.90574
29714,12425092;5889,2481233,0.99752;8538,245169,0.87996;7622,356454,0.95816;11021,268877,0.83916;10819,404473,0.90866
29616,12388038;6258,2486265,0.9977;8528,241497,0.87076;7672,353661,0.95362;11190,265009,0.8313;12532,398981,0.90744
28920,12410689;5868,2492811,0.99752;8068,245226,0.86788;7182,354458,0.95396;9971,267710,0.82682;9909,402441,0.90762
29146,12394912;5986,2485374,0.99712;8210,244616,0.86416;7587,356728,0.95246;10493,266862,0.81884;9562,407993,0.90686
29470,12414705;6010,2495995,0.997;7486,247408,0.86132;6088,363030,0.95102;10963,265940,0.8111;11849,404707,0.90338
29104,12384592;5848,2496641,0.9968;8044,242158,0.85836;6985,358344,0.94636;8916,265313,0.8105;9164,405037,0.9015
29890,12397019;6167,2506171,0.99674;7662,246923,0.85082;6659,359624,0.94306;8691,265719,0.7987;9257,406955,0.89714
29784,12395297;5998,2510390,0.996;6661,245600,0.84804;5810,362049,0.94074;9980,268613,0.8011;11393,410795,0.89642
30760,12390058;5951,2521958,0.9961;8693,250538,0.84834;6834,369590,0.94062;9288,268748,0.79016;11441,413982,0.89686
30237,12397938;6385,2522292,0.99628;8480,249980,0.85162;7208,368538,0.94052;12170,269332,0.79198;11966,416632,0.89986
29981,12410061;9020,2528615,0.99552;8907,253300,0.84824;8331,369990,0.93874;9806,273106,0.7828;10545,417560,0.8924
30329,12391220;6460,2526534,0.9954;7042,250929,0.84358;6315,367177,0.94172;9425,269369,0.78996;10873,408614,0.89896
30679,12415588;5904,2535236,0.9958;7860,253962,0.84754;6166,376921,0.94144;9029,274419,0.7999;9777,417790,0.90254
30436,12391387;6021,2533042,0.99602;6546,246772,0.84128;6746,366789,0.93978;8878,267466,0.79814;8851,408584,0.90422
30644,12388141;6006,2542589,0.99578;6958,246945,0.83864;5782,369231,0.94026;8792,265392,0.795;10025,406599,0.90408
29817,12393706;5838,2540098,0.99564;7590,252012,0.84192;7134,370973,0.9396;10964,267986,0.8037;12593,412554,0.9061
29284,12390627;6133,2537956,0.996;8486,249637,0.84528;7036,371815,0.9395;11732,271156,0.8006;12261,412280,0.90434
30380,12395400;6126,2544904,0.99604;7120,248342,0.8411;7095,374704,0.94156;10204,271764,0.80318;10258,409604,0.90694
29997,12359223;5920,2547836,0.99664;8476,247791,0.84404;8497,367778,0.94188;15564,266912,0.8047;16016,407735,0.9068
29510,12378564;5918,2547409,0.99622;10262,249290,0.84196;9466,372126,0.9387;14798,267865,0.80466;16426,407685,0.91176
29873,12373270;5936,2548680,0.99578;10210,248708,0.84348;9573,370922,0.94088;12461,268911,0.8011;12412,408499,0.90814
30442,12368841;6053,2547636,0.99596;8422,247637,0.84258;6170,366376,0.9399;9493,263838,0.80098;10087,404625,0.91146
30379,12381340;5899,2551313,0.99578;7304,251465,0.84126;6574,375797,0.93912;9991,269782,0.79992;9979,414771,0.9078
30725,12416365;9758,2548065,0.99598;7143,254137,0.84498;6062,378415,0.94184;10612,275050,0.7982;11265,417991,0.90698
30378,12405779;7515,2550225,0.99586;8269,256064,0.84152;7718,379362,0.9407;12912,276074,0.80088;13244,418506,0.90742
30947,12411587;5998,2553560,0.99608;7611,255796,0.8386;7615,382477,0.93708;11260,274859,0.79992;9347,413944,0.90598
30680,12390498;6187,2557042,0.99582;8421,256020,0.83988;7421,379575,0.93966;12016,276196,0.81182;11949,416806,0.91248
29915,12376122;6018,2564124,0.99588;7284,253531,0.8407;6693,375992,0.93688;13097,272261,0.8079;13012,418279,0.91062
29940,12419679;5976,2559798,0.99586;9333,258987,0.8413;8464,383621,0.93704;13079,277079,0.8032;12909,424146,0.91174
29219,12407053;6073,2563715,0.99614;8822,257699,0.8413;7876,382243,0.93908;12141,276499,0.8029;12294,420655,0.91218
28743,12388706;8655,2565607,0.9955;8315,257088,0.84082;7472,381066,0.93594;12042,276790,0.80718;10739,421453,0.91118
29383,12399108;8808,2565794,0.99562;8335,253591,0.83294;7372,382225,0.93708;11362,271612,0.805;14518,416046,0.90696
29722,12422833;8329,2556995,0.9953;8246,260656,0.83432;7638,388727,0.93668;12281,278731,0.80608;13029,425597,0.91108
29278,12395258;6190,2567309,0.99566;8550,256776,0.83382;7493,383318,0.93742;11837,273856,0.80504;12808,417864,0.9094
29501,12408647;9604,2565861,0.99478;8386,259708,0.83512;7764,384664,0.93382;12497,277431,0.80904;12242,419119,0.90888
29780,12412899;8918,2559858,0.99464;7836,258907,0.83148;6216,389278,0.9332;9596,278445,0.80512;10209,421271,0.90444
28736,12400923;6231,2559031,0.99546;7010,256868,0.83642;6451,383115,0.93816;9307,271720,0.80494;9713,418209,0.90282
27459,12383229;6165,2571289,0.99474;7196,255193,0.82588;6218,380799,0.9328;10351,273497,0.8027;10237,417222,0.90526
28173,12394204;6049,2565936,0.99496;8322,258822,0.8266;8315,382611,0.93336;12246,274994,0.79796;13118,417644,0.90422
28189,12399829;9370,2560558,0.99422;8194,259263,0.8317;7415,388477,0.93066;10738,275010,0.79304;10755,421866,0.89902
27981,12360617;9413,2564479,0.99458;8720,254991,0.83332;7599,383833,0.93128;11798,269312,0.7908;12311,412960,0.90302
28256,12408764;6116,2568576,0.99444;8668,263787,0.82744;9410,394018,0.92972;16870,282259,0.78762;17073,428752,0.89944
28473,12410958;5970,2567322,0.99424;7367,262662,0.81944;6717,395035,0.9305;11277,279360,0.7877;13465,425142,0.89778
28317,12385513;6076,2567966,0.99402;8972,262266,0.82468;7746,385953,0.92912;13008,277119,0.7901;13763,422989,0.89736
28603,12423607;5977,2567577,0.99346;8375,263062,0.82104;7446,393360,0.92726;12576,279365,0.78412;11249,427661,0.89712
28532,12388379;7902,2577109,0.99382;7691,260839,0.82418;6425,389318,0.92502;11558,272843,0.78186;11111,423298,0.89648
28264,12355014;5995,2573955,0.99424;9747,259354,0.8196;7232,385214,0.927;12356,271842,0.77386;12706,420466,0.89602
29835,12411935;5981,2574079,0.99362;8726,263736,0.81804;7670,397434,0.92816;10692,278403,0.77274;10779,428717,0.89472
30219,12391300;6359,2581202,0.99446;7765,263151,0.81984;6378,390173,0.9258;11104,279941,0.77412;12859,426030,0.89064
30811,12399219;5995,2573038,0.99458;7160,260710,0.82172;6370,385869,0.9255;9963,273425,0.77264;10615,420572,0.89116
30694,12408313;6123,2584676,0.99374;7864,264276,0.8183;8377,395461,0.92648;13308,280479,0.7722;13618,427025,0.88658
30341,12370167;6180,2578086,0.99334;8954,260256,0.8123;7643,388830,0.9253;12144,270116,0.771;10883,418706,0.88764
30955,12414340;6037,2586393,0.99468;6908,266345,0.8139;6311,395954,0.9268;10168,280912,0.76912;10723,431127,0.88878
30780,12405627;6176,2581078,0.99262;8308,266121,0.81562;7656,393313,0.92474;12867,281224,0.77074;11480,429681,0.89036
30678,12400025;6923,2596996,0.99454;6928,264984,0.81294;7959,395188,0.925;12604,279851,0.76434;12424,428134,0.88458
31124,12389377;7259,2579436,0.9934;7002,261069,0.81434;6635,391984,0.92264;10884,277360,0.75676;11679,427917,0.87872
31640,12415986;6015,2580948,0.99344;8372,264973,0.81834;7550,394396,0.9234;12955,278860,0.75584;11558,431805,0.88648
31258,12402097;8191,2578517,0.99374;8739,268447,0.81192;7246,398807,0.92278;10696,282023,0.75888;13574,431504,0.88738
31518,12402131;7816,2574618,0.9932;8726,267187,0.81398;8026,399012,0.92246;14783,282759,0.76704;16250,433998,0.89096
31740,12387207;9529,2578864,0.9943;10381,261950,0.81082;9343,395476,0.92084;14445,278196,0.7616;13704,428260,0.88538
31966,12394722;8518,2572745,0.99286;7542,264580,0.81502;6421,397497,0.92276;12010,278386,0.75938;11303,432587,0.88966
32127,12407976;8875,2570681,0.99352;7414,267292,0.81658;6538,394763,0.922;10565,280001,0.75432;10723,430852,0.88462
31419,12388556;9469,2576332,0.99332;7161,262852,0.80346;7245,392511,0.92316;12826,278316,0.75736;13467,428007,0.88672
31806,12386541;10585,2572604,0.99418;7061,261688,0.8078;6262,394820,0.92486;10177,276226,0.75858;10713,427083,0.88678
31346,12380389;9634,2574773,0.9944;8443,263499,0.81316;7839,394094,0.9262;12765,278138,0.75852;12873,430719,0.8849
31915,12414386;8976,2567487,0.99458;8806,262441,0.81118;6289,392065,0.92524;12105,279580,0.75866;12800,430293,0.88948
32781,12406075;6111,2567413,0.9945;8873,265304,0.81892;8166,391919,0.92866;12901,280550,0.75394;13088,434232,0.88762
32761,12428241;6180,2572396,0.99396;8903,264801,0.82408;8136,393152,0.92474;10778,284586,0.76482;11306,431852,0.8861
32406,12383497;7784,2555734,0.9938;7549,261511,0.82158;6308,390115,0.92598;10860,280824,0.75916;12204,428358,0.88684
32403,12371647;6125,2561082,0.99392;7390,259594,0.82568;7082,381962,0.93122;11060,275465,0.7653;10814,421197,0.88896
32979,12404379;7444,2565027,0.99428;8154,264427,0.8227;7923,390925,0.927;12826,280731,0.7649;11757,432536,0.88746
32069,12386832;8618,2545956,0.99518;6963,262078,0.8263;6236,387225,0.92974;10528,276691,0.76502;13270,426845,0.88794
31783,12396378;8727,2547825,0.99398;8838,261814,0.82418;8021,390880,0.92798;12106,280493,0.7632;14997,431636,0.88896
32451,12396399;7486,2547503,0.99462;10552,259650,0.82996;9676,387086,0.9321;16015,278454,0.7627;17537,426179,0.89036
32670,12403675;6055,2542339,0.99436;10310,262941,0.82506;9837,391839,0.93232;13686,281196,0.7634;13014,423566,0.88696
31972,12419470;6029,2543985,0.99538;8802,262492,0.8302;7663,387542,0.93306;12625,283912,0.77082;12273,428840,0.89136
31433,12410649;5984,2528615,0.99548;6831,256555,0.83516;6011,380182,0.93198;10136,276885,0.77728;10795,422915,0.8964
32028,12393064;6037,2532151,0.99482;8616,257618,0.8328;8302,382698,0.93648;12380,278923,0.7745;11995,419386,0.89352
31932,12390612;6773,2525358,0.99506;8601,258142,0.8373;7381,378933,0.93652;12361,276133,0.77348;14247,423846,0.89398
32110,12388322;5962,2525111,0.9955;8881,255292,0.84292;6548,374800,0.9368;10949,277703,0.77012;9699,419155,0.89776
31239,12368477;6041,2518458,0.99616;7052,250471,0.84462;5908,370794,0.93752;9364,269640,0.77736;9965,412155,0.90154
32163,12401159;6026,2516769,0.996;9389,257214,0.84072;7914,379069,0.9403;11296,275636,0.77514;11082,417606,0.89932
31745,12376318;6120,2515780,0.99532;8286,252895,0.84248;7042,372125,0.94132;11834,273276,0.77728;15906,416890,0.90314
32432,12407964;5912,2507959,0.99652;10037,254067,0.848;9263,372263,0.94094;14130,273573,0.77268;14807,413734,0.89968
32222,12412285;5999,2506564,0.99616;10098,253144,0.85124;8648,371837,0.94058;11838,275699,0.77734;13021,416036,0.9037
32621,12414868;6053,2503176,0.9967;6781,252565,0.8522;5982,367799,0.94512;9601,273374,0.7822;12430,422601,0.9056
32366,12387904;6043,2499273,0.99672;8406,250970,0.85154;6662,364583,0.94218;9132,270594,0.7796;9519,409414,0.90448
32419,12359307;5896,2497919,0.99618;7133,245011,0.8469;6850,361301,0.944;8866,266149,0.77516;10590,407677,0.89814
32759,12375793;5983,2489462,0.9961;8362,252594,0.85068;8629,368710,0.94904;14116,272585,0.78016;14630,416403,0.90058
32982,12411385;5959,2485512,0.99702;10042,250572,0.8591;9026,363357,0.95012;14810,276100,0.78296;15124,415890,0.90644
32810,12385169;5852,2479224,0.99696;9642,245692,0.86034;7550,358749,0.94604;11984,270473,0.78364;9200,405126,0.90694
32702,12371105;6310,2476526,0.99754;8680,242956,0.86202;6709,353971,0.9503;10594,268345,0.78216;10385,402584,0.9117
32676,12381404;9149,2476682,0.99724;8756,244865,0.85746;7188,358238,0.9508;10107,271448,0.78236;9556,403692,0.91076
32432,12381764;9194,2483543,0.99742;8729,243466,0.86342;7276,354555,0.95178;10551,265874,0.7854;10168,398438,0.90818
32707,12380393;5976,2475862,0.99758;8496,243643,0.86546;7233,353115,0.9563;10563,264862,0.793;10497,398785,0.91554
31909,12317835;5924,2479967,0.9982;7948,237935,0.87024;7384,343625,0.95312;10272,260165,0.78568;10778,392649,0.91338
31602,12367890;5891,2475939,0.99802;8067,237455,0.87204;7747,341888,0.9549;11029,260651,0.79062;9980,393140,0.91062
30961,12364917;8935,2467571,0.99796;6792,237934,0.87474;6059,345113,0.95308;9082,259637,0.78874;8935,388812,0.914
30844,12267352;5853,2467332,0.99842;7075,232878,0.87298;7342,337617,0.95432;8520,257188,0.79606;8969,381467,0.91766
29776,12334095;6008,2466370,0.99806;7996,235874,0.8735;8098,343601,0.95596;10126,258738,0.79724;10552,381790,0.91722
30203,12328061;5902,2469379,0.99768;7300,233594,0.87802;5955,334736,0.95626;8591,254892,0.78986;9095,379237,0.91418
30938,12318988;5894,2474399,0.99782;7614,231315,0.8791;6566,339539,0.95726;9155,256068,0.80126;9431,379848,0.9245
32620,12318398;5970,2459742,0.99804;7720,230442,0.8844;6908,328012,0.95698;8774,249234,0.79444;9151,371166,0.91894
31392,12257228;5919,2461131,0.99812;6432,224358,0.88266;6010,322910,0.95904;7562,246231,0.80016;8451,362416,0.923
31838,12291159;5936,2453896,0.99822;6871,222925,0.88416;5936,319372,0.96106;7409,245742,0.81198;7738,358574,0.91978
31014,12223897;5941,2461224,0.99858;6792,221091,0.88324;6480,317295,0.95996;7915,243175,0.81646;7466,355373,0.91986
31364,12250141;5845,2459165,0.99774;7103,222453,0.88336;6112,317636,0.95976;7392,241777,0.81914;7602,354661,0.91742
31847,12200301;6045,2461206,0.99802;7062,219239,0.88146;6203,312198,0.96304;6939,237782,0.81574;7562,351463,0.9208
31477,12201439;5780,2456761,0.99876;6890,214373,0.88356;5684,304044,0.96252;7326,231471,0.82354;6869,337951,0.92294
35229,12219690;5960,2460222,0.99866;7074,211304,0.89206;5227,301164,0.96312;6779,234484,0.82676;6976,336547,0.92678
36358,12146022;5933,2460719,0.9982;6095,206860,0.88864;5101,291705,0.96326;6330,227322,0.8359;6461,326084,0.92704
35050,12107810;5987,2461743,0.9985;6756,205596,0.88804;6089,288776,0.963;7957,222865,0.83148;7627,318756,0.926
36349,12056230;5946,2463472,0.99854;7282,201010,0.88738;6215,280971,0.9622;7852,213516,0.82948;8348,312888,0.92792
36089,12064195;5856,2467169,0.99848;6960,196574,0.89348;5787,274235,0.96434;6921,210327,0.84018;7422,299921,0.92756
36835,12088431;6068,2473688,0.99866;6731,192232,0.89038;5575,270441,0.9645;6865,205532,0.83564;6968,294084,0.92774
36495,11911492;5911,2480324,0.99874;6705,189459,0.8888;5806,265176,0.96458;6760,199304,0.83268;7042,285604,0.9303
35581,11651892;5905,2474177,0.99912;7362,184330,0.88576;5748,258336,0.96522;6609,192055,0.83506;6779,275015,0.93056
35474,11637014;5994,2479553,0.9987;6685,176595,0.88298;5365,246420,0.96296;6020,187121,0.83218;5171,263696,0.9311
35738,11668744;5870,2494535,0.99872;5200,172572,0.88416;4552,241648,0.96472;4521,179491,0.83802;4755,254135,0.93288
34597,11634431;8588,2490773,0.99794;5321,166925,0.88666;4921,228894,0.96518;5503,171533,0.8429;5466,239095,0.93442
33558,11299572;6462,2505910,0.99822;6166,161336,0.88248;4719,221355,0.96408;4140,164519,0.83942;4237,229813,0.93404
34687,11569727;5932,2495726,0.99872;4603,155211,0.88976;3645,212170,0.9672;3833,156344,0.84572;3963,223683,0.93802
33473,11216334;7459,2511011,0.9983;4719,144839,0.88422;4380,197219,0.96594;4442,143804,0.8452;4720,206307,0.9416
32996,11055120;8676,2514618,0.9984;5409,134012,0.88344;4382,184535,0.96252;3957,136709,0.8437;4156,195180,0.94098
33116,11162847;6510,2520277,0.9983;3886,124826,0.88664;3270,170558,0.96162;3130,125488,0.83564;3053,182516,0.9422
32724,10945547;5956,2528874,0.99844;4237,109797,0.88342;3711,151945,0.96132;3100,112757,0.83416;3769,166976,0.93732
29829,9980071;5976,2537463,0.9987;3175,82782,0.89524;2736,118321,0.9607;1733,86085,0.83448;1908,129930,0.93794
23856,8140540;6004,2532054,0.99876;3238,62710,0.89884;2464,85887,0.96518;1489,61843,0.83326;1813,93897,0.94134
19230,6971618;8389,2546866,0.99882;2551,45787,0.90114;1905,65600,0.96884;1178,48174,0.83394;1306,72378,0.93922
13898,4860481;7890,2536000,0.99868;2261,30176,0.90358;1736,44051,0.96982;565,30810,0.83568;607,46083,0.94238
10028,3628191;6256,2543997,0.99826;2352,20524,0.90696;1629,31736,0.9711;426,23275,0.83808;462,34547,0.94244
6785,2434231;5994,2546949,0.99908;1961,14121,0.909;1440,20746,0.97152;272,15856,0.83908;277,22438,0.94174
4935,1769286;9348,2539997,0.99892;2108,8582,0.90998;1181,12279,0.97172;166,9222,0.83908;170,13246,0.94172
3464,1240260;9488,2539118,0.9988;1940,5382,0.91098;1195,7911,0.9729;148,6132,0.84024;159,9234,0.94246
1875,659975;9320,2543246,0.99864;1875,3392,0.91102;1127,5526,0.97298;77,3695,0.8402;102,6052,0.94214
1172,420725;10238,2548777,0.99854;1452,2245,0.91148;1175,3161,0.97298;51,2499,0.84006;61,3929,0.94222
716,243391;9637,2544452,0.999;1265,1190,0.91208;1206,1705,0.97308;23,1070,0.84054;31,2001,0.9424
