6584,390286;6082,330165,0.997964;1874,70583,0.898643;2325,92661,0.964367;3417,66514,0.607805;3801,102169,0.83043
6887,392431;6115,331106,0.998529;1365,44287,0.926584;1727,61920,0.969231;2262,44895,0.67138;2328,67016,0.854864
6628,392129;6467,327062,0.998529;1350,41819,0.906674;1686,60514,0.969344;1950,43413,0.744457;2257,66638,0.87319
6589,392118;6602,329337,0.998869;1449,41089,0.898416;1676,59370,0.973643;1919,42379,0.754977;2212,65446,0.911538
6759,392049;6497,330277,0.999774;1448,42186,0.89638;1927,63118,0.977489;1940,43018,0.815158;2252,67743,0.91595
6498,391634;6235,332877,0.999548;1428,41210,0.849661;1724,61849,0.959729;1842,43153,0.867308;2010,62218,0.927941
6343,384511;6122,328991,0.999095;1321,38724,0.802376;1718,58428,0.929299;1627,38325,0.852036;1909,59271,0.925905
5726,341750;6523,328980,0.998756;1080,28596,0.649661;1354,45427,0.856787;1194,29063,0.708145;1601,48024,0.873529
4311,250642;6530,337248,0.99819;718,15291,0.515611;1039,29850,0.824208;776,19188,0.649321;966,30744,0.837896
1802,108470;6709,339913,0.997398;442,7719,0.465271;577,12377,0.797851;330,8231,0.626697;420,13238,0.838122
376,22673;6629,336979,0.997059;303,1961,0.472511;224,2642,0.808032;64,1546,0.629186;70,2101,0.83914
