373,390286;385,110289,0.975566;292,64552,0.90181;345,81792,0.972851;441,66037,0.903394;449,77517,0.978733
391,391248;393,111446,0.972172;222,37426,0.854299;278,56232,0.958145;335,40746,0.853846;353,52709,0.938009
394,391369;392,112239,0.969005;244,39319,0.857014;296,57400,0.94095;374,43121,0.83914;397,56899,0.923756
394,390908;394,112276,0.967873;239,36764,0.826018;291,55683,0.939819;372,41578,0.832127;387,54676,0.930317
389,391422;348,112722,0.966742;253,38734,0.831448;295,57004,0.935294;371,42201,0.852941;390,56328,0.937557
379,391246;229,113519,0.964932;266,37787,0.826018;308,57428,0.93371;383,42450,0.820588;411,57691,0.916516
386,391171;231,112903,0.96629;262,38531,0.832353;297,57179,0.930769;379,42084,0.806561;399,56801,0.918778
391,391186;233,113722,0.971719;261,38474,0.849321;293,56036,0.94095;407,43782,0.800226;406,57393,0.913801
393,391393;231,113450,0.975566;262,38386,0.85724;314,56572,0.934389;395,43977,0.821267;401,55852,0.915837
400,391354;238,113130,0.973756;266,37908,0.86991;303,55538,0.955204;377,42556,0.822172;384,53400,0.919005
401,391111;234,114270,0.972624;252,38615,0.866968;316,55864,0.942534;366,42888,0.834163;338,52823,0.909955
403,391397;229,111622,0.984389;177,39153,0.872851;194,56773,0.944796;235,43142,0.838235;229,51942,0.898869
399,391230;334,111258,0.980317;191,38635,0.874887;199,54511,0.941855;214,40810,0.81448;352,50419,0.895023
388,391234;394,111531,0.979864;255,38115,0.865611;293,55198,0.961086;358,43189,0.816063;342,49230,0.887557
395,391163;391,111979,0.982353;269,37896,0.880543;306,54859,0.955882;352,41871,0.834842;345,50100,0.908597
400,391344;401,111597,0.988009;278,37819,0.885973;307,54438,0.947059;324,41312,0.805204;321,48110,0.921041
401,391388;388,109144,0.982805;262,39229,0.904072;298,54004,0.975339;322,41675,0.852941;326,46362,0.916742
405,391328;384,107610,0.982353;259,36679,0.901357;291,52322,0.962217;308,39826,0.858597;318,46066,0.917421
404,391280;386,107764,0.990045;246,35612,0.905204;282,51629,0.968778;314,40016,0.884615;299,44804,0.940045
406,391278;389,108519,0.993213;253,36121,0.924434;286,51620,0.969457;288,37659,0.879638;290,42562,0.942308
405,391310;388,107356,0.979186;262,36196,0.930543;294,50886,0.965611;299,38645,0.88552;287,42308,0.933032
392,391105;388,106545,0.988462;259,35503,0.88733;275,50050,0.971946;282,37714,0.895475;295,43065,0.918552
394,391156;383,106254,0.983937;251,35467,0.912896;281,49109,0.972398;283,37296,0.888009;281,41768,0.944796
398,391333;386,107104,0.987783;250,35455,0.911991;277,50023,0.971946;284,37799,0.866063;286,41074,0.936878
399,391289;381,106057,0.987783;268,35514,0.927376;290,48205,0.978054;298,37014,0.876471;279,40235,0.922172
405,391096;389,105381,0.984842;266,34804,0.921493;300,49049,0.971041;299,37641,0.860633;289,40951,0.94095
406,391067;390,104432,0.987557;249,33879,0.921493;290,49204,0.982353;282,36145,0.877828;287,40589,0.918778
408,391265;395,104932,0.985294;251,34090,0.89457;279,47761,0.961538;279,36063,0.88552;276,39541,0.920814
402,391342;386,104724,0.991629;257,34805,0.919457;284,48442,0.978733;285,37037,0.882127;281,40240,0.938235
392,391063;390,105591,0.992081;278,34842,0.91629;289,48562,0.982353;269,36033,0.900452;288,40613,0.932805
394,391075;383,105519,0.987783;253,34454,0.900905;285,48569,0.973982;194,36706,0.889819;180,40657,0.927376
397,391152;385,105089,0.991176;166,34479,0.909276;175,48401,0.975339;272,35867,0.875113;277,40653,0.922851
398,391254;388,106887,0.995701;243,34286,0.912443;280,49701,0.969005;275,35226,0.835294;280,41060,0.934389
404,391023;388,106679,0.988009;193,33666,0.898416;179,49347,0.977602;182,37874,0.866516;178,42304,0.927376
405,391005;388,106713,0.986652;249,34771,0.904299;233,50619,0.975792;192,37151,0.884842;186,42322,0.922851
407,391170;389,107581,0.991403;171,35057,0.898869;182,50597,0.969005;189,36827,0.823303;195,44022,0.931222
401,391275;390,108294,0.984842;173,36113,0.891855;191,53059,0.970136;197,38670,0.858597;195,45940,0.919683
391,391333;393,109204,0.986652;164,36909,0.888235;184,52164,0.963122;211,40608,0.863575;215,49342,0.945249
394,391273;393,109044,0.981222;168,36112,0.879186;189,53197,0.950452;210,40139,0.876471;209,48266,0.922851
397,391143;388,109130,0.978959;167,36778,0.873756;186,52989,0.945928;212,40531,0.85905;210,49060,0.941403
399,391204;396,110009,0.977376;164,36651,0.8681;187,53819,0.952262;228,41071,0.848869;218,49828,0.929638
406,391293;402,111946,0.975566;164,36641,0.842534;194,55126,0.948869;218,40195,0.835294;229,51799,0.926018
410,390980;403,112189,0.971041;159,36499,0.850226;292,54425,0.949774;357,41510,0.830769;305,50726,0.921719
407,391340;400,111817,0.983258;168,37328,0.86629;195,55400,0.954525;358,41895,0.836652;368,53132,0.908371
403,391256;406,112746,0.977828;242,35625,0.838009;296,53882,0.94638;234,41460,0.841629;226,51780,0.91991
394,391058;400,111396,0.976923;165,36143,0.852715;182,52215,0.940271;229,40969,0.828959;227,51619,0.916742
398,390109;398,110392,0.970362;158,34942,0.818326;182,52413,0.925113;232,40162,0.796833;303,51569,0.903167
402,390818;402,112372,0.974208;243,35080,0.845249;296,52164,0.94276;338,39753,0.832127;350,50836,0.910181
406,389449;399,110997,0.976018;223,33212,0.850679;256,49453,0.945023;324,37520,0.828054;333,48510,0.922398
411,389827;404,112834,0.977602;221,32081,0.848416;262,48329,0.94457;327,37391,0.8181;349,48360,0.913575
411,386303;407,111950,0.978733;211,29010,0.83552;260,44208,0.937783;302,34338,0.817647;313,43683,0.906335
403,382379;405,113238,0.976018;190,25809,0.840724;231,40527,0.941855;264,31565,0.821041;285,41016,0.90724
404,370041;406,112715,0.976923;162,21237,0.866516;192,32615,0.934615;214,25884,0.822398;166,35741,0.893665
346,337244;405,114130,0.980995;81,15221,0.850905;92,24434,0.941176;103,18891,0.819231;179,26425,0.899548
254,251002;400,112110,0.980543;87,9616,0.851584;99,15424,0.937557;91,11256,0.802036;116,17260,0.88009
198,191526;402,112106,0.980317;62,5627,0.853394;71,9990,0.949774;56,7238,0.809502;73,11195,0.895249
124,121562;397,111418,0.980769;49,3668,0.8681;39,5928,0.947964;38,4510,0.81267;45,6835,0.886878
42,41151;396,111100,0.972398;31,1305,0.86448;39,2510,0.946606;10,1264,0.807466;15,2334,0.884163
51,50200;228,110438,0.98009;33,1131,0.867421;29,2103,0.942308;10,1283,0.808371;12,1981,0.887783
18,16570;225,110720,0.971946;33,515,0.86629;26,1048,0.942081;6,714,0.808371;7,1108,0.887104
