481,390286;1141,311941,0.999661;443,62083,0.925339;611,80701,0.982692;1426,59685,0.851131;1256,80073,0.934502
473,392518;1144,318230,0.998869;639,44608,0.894005;597,64312,0.971833;1220,44544,0.857805;1250,65581,0.931787
499,392533;1153,320764,0.999095;826,45421,0.881674;681,67079,0.966855;1409,45186,0.870362;1246,68896,0.932919
508,392728;1039,321167,0.998982;908,48316,0.878846;801,71525,0.969005;1385,48003,0.780769;1414,77671,0.894118
512,392796;1025,320898,0.997511;762,49323,0.886765;784,71654,0.969457;1534,49580,0.693213;1455,79171,0.879186
515,392759;1006,318573,0.998529;843,49142,0.895814;847,69472,0.970701;1652,53120,0.660294;1418,80860,0.857014
530,392608;1010,313238,0.999887;801,46424,0.905317;863,67150,0.97862;1411,49569,0.655317;1401,76593,0.852149
528,392592;1024,315764,0.999548;819,45678,0.916855;885,65422,0.976357;1471,50717,0.716516;1134,71734,0.847851
526,392530;1012,307466,0.999661;856,45004,0.914367;757,63745,0.980317;1293,47004,0.813122;1081,69255,0.910407
532,392319;1024,308666,0.999774;732,42157,0.923982;717,59582,0.983145;1046,43052,0.841063;1067,64018,0.919683
524,392370;1021,304740,0.999548;736,42864,0.930656;735,58321,0.98405;1051,42170,0.885294;1022,62869,0.923529
532,392427;996,301234,0.999661;711,42045,0.931448;661,58196,0.982919;816,41449,0.885294;782,58391,0.942081
535,392441;994,300262,1;607,41605,0.937783;601,56960,0.988235;913,42223,0.87862;849,59754,0.957466
550,392295;1001,299914,1;633,41446,0.939367;643,56801,0.991629;941,41062,0.887104;811,57983,0.941629
546,392355;1001,300677,1;723,41611,0.93224;727,57575,0.988575;852,39933,0.851131;801,57819,0.907919
554,392378;1011,303714,0.999887;737,41973,0.939027;708,59008,0.989593;966,43048,0.911425;876,59561,0.94095
535,392305;1066,304950,0.999434;690,42224,0.93552;699,59062,0.98767;925,40976,0.880882;893,61494,0.962557
539,392333;1127,305517,0.999774;797,43396,0.91991;746,59876,0.985747;1096,43193,0.865385;1042,65774,0.964027
545,392404;1127,308830,0.999661;766,44361,0.919344;743,61680,0.981222;1086,43065,0.883032;1096,63287,0.955882
584,392578;1118,311051,0.999095;793,45756,0.917081;799,63886,0.977489;1165,44724,0.869683;1099,65465,0.943552
577,392489;1111,311114,0.999321;892,45436,0.889367;915,64852,0.977262;1170,43479,0.82681;1115,65404,0.930204
570,392391;1139,318208,0.998982;790,44564,0.891855;825,65966,0.975339;1245,45995,0.818665;1150,67533,0.934163
569,392348;1134,318043,0.998982;837,44410,0.897285;765,64662,0.969118;1327,46583,0.802828;1005,67385,0.913348
561,391200;1129,317465,0.999548;661,42562,0.889027;718,62171,0.96991;1140,43615,0.788235;1051,67586,0.891403
579,389310;1139,321963,0.999095;701,39310,0.874208;684,57840,0.967873;1083,42449,0.742986;1113,66264,0.910068
556,379493;1116,323310,0.999661;564,32908,0.852941;553,50879,0.947511;1064,39773,0.748529;899,54470,0.887217
484,347530;1124,322877,0.999208;459,23105,0.847059;586,37079,0.953167;867,29420,0.756787;732,43348,0.898077
391,290271;1127,321874,0.998529;379,15061,0.841968;367,24841,0.951131;502,19797,0.761538;440,29656,0.874661
371,273203;1125,324472,0.998982;435,11694,0.863462;374,17938,0.953054;374,12873,0.742534;406,22491,0.856335
238,177332;1125,322738,0.998869;247,4786,0.871041;265,8776,0.953167;165,6479,0.741629;171,11689,0.859842
151,106129;1131,323325,0.999434;148,2059,0.875;136,3240,0.955204;69,2727,0.740724;82,4883,0.860633
50,33423;1115,322103,0.998982;172,599,0.874208;124,1139,0.956787;10,492,0.740385;11,899,0.866742
