509,390286;1648,311885,0.999321;614,62908,0.928733;712,80271,0.979864;1650,59797,0.863348;1459,82570,0.939706
500,391951;1633,315368,0.999661;529,39001,0.905882;632,57831,0.967986;1269,41989,0.869796;1203,63494,0.929525
526,391962;1641,319781,0.999095;578,39823,0.887557;669,60722,0.972172;1295,41650,0.862443;1285,64861,0.931787
533,391900;1633,319443,0.999095;574,39443,0.887557;670,60301,0.965158;1315,41191,0.851018;1274,63308,0.924548
526,391996;1652,321414,0.998529;588,40190,0.886765;694,60472,0.963914;1437,43072,0.861878;1263,63601,0.924095
505,391918;1623,320385,0.998529;599,40877,0.881787;692,60830,0.959842;1372,41742,0.852828;1334,65362,0.92319
535,391933;1630,324594,0.997851;623,40613,0.883597;714,62004,0.95871;1398,42965,0.813348;1396,67888,0.902602
541,391887;1630,322673,0.998529;605,40966,0.886086;654,59413,0.963009;1384,42418,0.772398;1314,66215,0.892534
516,392006;1633,319699,0.999095;634,40537,0.903167;680,58919,0.972511;1387,43231,0.729864;1293,66882,0.89638
502,391975;1635,320930,0.999095;616,40638,0.887443;716,60336,0.972511;1351,43045,0.725339;1264,66726,0.895588
535,392013;1658,322225,0.999208;621,42563,0.892873;729,62031,0.971606;1379,44602,0.739819;1270,68119,0.885294
548,392212;1652,323791,0.999321;641,43258,0.896267;708,61805,0.970249;1358,44277,0.758937;1216,66239,0.899208
538,392184;1628,320457,0.999208;651,43958,0.909842;735,62807,0.972285;1365,45075,0.761765;1263,67492,0.887217
554,392232;1622,318963,0.998756;680,44028,0.891063;771,64754,0.978054;1344,44522,0.762896;1280,68278,0.877376
580,392319;1632,317472,0.999887;707,44842,0.893439;748,63976,0.979186;1372,45382,0.740158;1265,68850,0.877602
644,392294;1637,317926,0.999661;678,43552,0.924434;713,62041,0.980769;1344,44067,0.713462;1248,67627,0.866403
551,392219;1620,312876,0.999887;686,42341,0.922851;715,61216,0.984955;1367,46862,0.773529;1214,67466,0.886086
577,392303;1654,313815,0.999661;669,42640,0.9;724,60610,0.983597;1206,44803,0.820588;1141,64592,0.917986
569,392160;1615,310566,0.999548;642,40659,0.911991;724,59408,0.988009;1194,42879,0.863122;1085,61341,0.8681
538,392333;1588,304801,0.999887;639,40936,0.909955;716,57721,0.988235;1081,40395,0.885068;1038,59552,0.933145
539,392159;1607,305308,0.999774;630,39543,0.913801;696,56008,0.990837;1067,40212,0.893552;986,57244,0.923303
578,392239;1609,306189,1;631,40422,0.939706;730,55823,0.984842;997,38416,0.896493;986,57695,0.93371
570,392200;1597,299305,0.999887;629,39469,0.92862;689,55789,0.985407;988,39302,0.915724;919,55883,0.934163
552,392157;1616,301011,0.999548;645,39494,0.918891;696,55766,0.986086;981,38416,0.854751;998,58924,0.945249
576,392121;1602,301920,0.999661;604,38798,0.942195;665,54285,0.988688;986,39095,0.903281;931,56389,0.946833
577,392021;1589,301168,0.999321;609,37682,0.911199;670,53647,0.98733;960,37987,0.889593;953,55796,0.935633
576,392055;1589,302331,0.999548;634,38677,0.947059;663,53498,0.990837;984,39507,0.882353;928,56021,0.945814
541,391999;1582,298527,0.998869;647,37700,0.93043;673,52798,0.990611;913,37301,0.896041;867,53156,0.941516
568,392041;1591,302592,0.999321;608,37373,0.921154;659,51985,0.960973;937,38190,0.87138;881,53431,0.924774
562,391873;1606,303717,0.999774;591,36620,0.922285;673,53081,0.990045;892,36821,0.922285;870,53780,0.952602
544,391852;1613,304045,1;654,37898,0.946154;648,52172,0.988009;948,37716,0.915045;890,55548,0.948982
554,391929;1599,302738,0.999887;682,37640,0.93767;669,52574,0.982919;985,38626,0.901018;934,56486,0.959955
592,392026;1580,305198,0.999548;620,38551,0.923529;689,54498,0.987896;995,39137,0.897738;933,56511,0.961086
620,391847;1597,307016,0.999661;618,37279,0.903733;683,53959,0.990498;957,37241,0.890611;947,57244,0.950792
569,391945;1620,310625,0.999887;617,36916,0.911538;667,55212,0.98948;979,37645,0.903167;974,57192,0.957353
606,391866;1608,310235,0.999774;615,38591,0.928394;785,56264,0.98405;1025,37909,0.905317;1022,58491,0.961991
596,391898;1624,313825,0.999434;648,38540,0.918891;718,56415,0.982014;1045,38774,0.902489;974,56164,0.952036
541,391846;1632,313023,0.999321;594,37842,0.919231;668,54962,0.977602;1077,39868,0.903281;1027,58593,0.945362
560,391919;1611,315298,0.999548;633,39314,0.913914;689,57609,0.977941;1122,40367,0.902376;1053,59199,0.944344
591,391903;1625,315052,0.999208;611,38908,0.914706;683,57425,0.976697;1162,39676,0.889027;1106,59905,0.941063
602,391967;1625,318984,0.998982;624,39623,0.904864;710,58600,0.971606;1220,41651,0.879299;1161,61694,0.938801
568,391929;1620,320155,0.999208;641,40844,0.903281;706,58778,0.972511;1254,41324,0.867421;1165,62420,0.93043
604,391881;1627,318263,0.998529;634,39650,0.904299;708,59711,0.967081;1214,40681,0.841403;1185,62477,0.922172
600,391915;1654,319035,0.998869;621,39707,0.897624;692,58704,0.975339;1242,40750,0.820928;1211,63995,0.918326
559,391769;1647,323756,0.998869;625,38833,0.899774;686,57730,0.976018;1264,40578,0.79819;1184,62022,0.916968
574,391674;1605,317596,0.999095;616,37780,0.902036;666,56256,0.970588;1254,41179,0.796946;1163,62254,0.911199
611,391624;1621,319237,0.999095;567,37403,0.889932;683,56128,0.967873;1396,42818,0.788122;1212,63609,0.916629
614,391464;1650,322581,0.998756;577,36346,0.889593;668,55013,0.964932;1347,41309,0.752941;1161,60851,0.900679
549,391347;1644,322277,0.998982;594,35376,0.888688;660,54504,0.969231;1348,41560,0.740837;1204,62277,0.885973
573,390793;1644,322035,0.999661;541,32773,0.887783;649,51113,0.968213;1253,39743,0.737896;1114,59291,0.902036
545,389721;1666,323028,0.999208;481,29600,0.884502;579,46329,0.969344;1123,35400,0.726923;1039,55338,0.889819
516,386565;1645,321804,0.999661;456,25737,0.887104;504,40984,0.971833;1014,32481,0.741629;935,49934,0.885407
514,381855;1618,319660,0.999095;387,21855,0.908258;478,36241,0.972851;857,27655,0.734729;825,44436,0.875226
549,369780;1648,321497,0.999321;328,17001,0.909163;402,28480,0.973529;661,21482,0.773869;667,35716,0.875339
464,331088;1642,320985,0.998869;271,10821,0.914367;300,19177,0.972851;428,14759,0.767081;479,26148,0.86629
356,273867;1664,322887,0.999208;234,7573,0.921833;246,13153,0.974095;264,8613,0.777036;311,16636,0.855995
270,196082;1663,319883,0.998982;166,4269,0.920136;182,8211,0.974095;171,5770,0.778054;192,10463,0.854525
185,126684;1654,322604,0.999321;148,1658,0.925566;121,4417,0.975905;81,2822,0.781787;85,4787,0.855317
77,47461;1638,321684,0.999208;100,1004,0.927376;92,1589,0.977036;30,1022,0.782579;30,1685,0.854751
12,5261;1639,321142,0.998643;61,211,0.926471;71,395,0.976923;4,114,0.782805;6,256,0.854864
15,7847;1646,320846,0.999208;85,143,0.927262;55,349,0.977036;4,101,0.783032;5,165,0.85509
