340,390286;539,112378,0.983032;385,63515,0.898643;487,85788,0.96448;667,71798,0.871041;616,79324,0.938914
355,361075;559,113052,0.985068;198,22101,0.923529;233,31985,0.968778;249,25279,0.859729;270,30420,0.907014
366,365068;558,111905,0.979864;223,24150,0.918552;273,34631,0.958597;273,27212,0.825566;296,33174,0.882127
340,366019;544,109274,0.981448;238,25381,0.907919;276,36286,0.95905;297,29105,0.818552;314,35058,0.90543
324,352092;548,110252,0.989593;235,23591,0.876018;265,33570,0.955882;288,27670,0.798643;287,31402,0.897511
315,342633;545,108935,0.989367;238,23179,0.861312;261,32807,0.952489;269,26034,0.811312;282,30975,0.912896
299,327145;544,109510,0.987783;209,21281,0.815611;240,29742,0.940724;253,24476,0.807466;258,28722,0.904751
285,310726;555,111452,0.988235;206,20342,0.797511;237,28555,0.9181;228,22619,0.793665;238,26471,0.921493
243,265959;550,110567,0.983937;181,17056,0.745928;201,24342,0.91448;182,18806,0.783937;198,21436,0.928507
206,217082;546,111538,0.984163;171,15372,0.712217;192,22419,0.913801;168,16526,0.801357;168,19260,0.935068
123,129743;541,111297,0.983937;113,8774,0.63371;120,12836,0.865837;97,9905,0.798643;94,11256,0.929186
