197,261726;236,87465,0.987569;183,46069,0.912983;224,60629,0.980939;316,51185,0.954144;290,56200,0.979834
207,262719;256,85799,0.984254;176,31829,0.903315;187,46023,0.973481;261,35677,0.924309;249,42211,0.965193
210,262824;226,85889,0.988398;174,32729,0.891436;218,46962,0.974586;265,36659,0.91768;264,44431,0.967403
221,262737;230,87068,0.989227;180,31400,0.891436;218,46267,0.969061;255,36139,0.891713;259,43175,0.961878
222,262750;259,87917,0.984254;185,32715,0.88453;228,47587,0.966298;275,36860,0.899448;269,44444,0.95884
220,262689;254,87150,0.981492;195,32814,0.895304;228,47320,0.968785;274,36161,0.900276;281,45239,0.957182
220,262674;248,88431,0.985912;192,32378,0.898066;222,46618,0.967403;279,36732,0.907735;276,45014,0.955801
219,262851;234,88267,0.990608;195,33304,0.897514;238,49060,0.96105;283,37492,0.900552;279,45620,0.948619
218,262868;225,88605,0.987845;196,33374,0.885359;232,47892,0.967127;278,36863,0.885083;271,46210,0.963812
221,262767;229,86698,0.98453;193,32561,0.896409;221,46760,0.971823;277,37003,0.911602;275,44453,0.948343
213,262781;233,88548,0.983425;192,33729,0.883149;227,47648,0.96768;288,37709,0.891713;285,46305,0.958564
236,262890;189,87957,0.989503;202,33706,0.899171;238,49742,0.970442;287,37053,0.904144;281,46413,0.95
239,262898;158,87793,0.98895;203,33921,0.895304;229,47619,0.964365;289,38198,0.889227;284,46466,0.959116
239,262793;158,87167,0.989779;193,33158,0.885359;228,48013,0.969613;280,37372,0.891989;282,45870,0.957735
226,262771;158,87638,0.984254;198,33722,0.913812;223,47310,0.973481;274,36999,0.879282;277,45523,0.948619
220,262791;156,86537,0.987293;191,32518,0.885635;227,46824,0.967403;265,35987,0.875414;268,44497,0.956906
217,262851;157,88147,0.982873;192,33046,0.890055;222,47343,0.964917;282,37285,0.893923;275,46003,0.943646
215,262810;158,86598,0.98011;191,33017,0.909669;220,47219,0.962707;278,37407,0.932044;279,45526,0.962431
213,262859;160,88444,0.988674;187,32205,0.899448;232,47763,0.972652;269,36932,0.901381;274,45596,0.961326
213,262833;156,86297,0.989503;191,32030,0.905249;218,45814,0.971547;265,36243,0.910497;266,43628,0.96105
214,262821;158,87483,0.984807;183,30930,0.890055;223,45851,0.973481;265,36076,0.907459;261,43721,0.952762
214,262898;154,86124,0.988398;192,32781,0.903039;222,47032,0.96989;283,37107,0.908287;277,45638,0.964088
214,262813;156,85912,0.990331;200,32296,0.893923;220,45724,0.971271;269,35426,0.894475;276,44443,0.960497
215,262793;161,87995,0.99116;196,32597,0.890331;224,45704,0.963536;276,36178,0.89558;268,43915,0.957182
214,262836;253,85319,0.991436;188,31728,0.902762;225,46215,0.971271;279,35968,0.905249;261,42675,0.955249
217,262679;253,85785,0.986464;195,31424,0.899724;226,45729,0.96989;280,36977,0.919613;276,43650,0.964088
215,262754;250,86152,0.988674;200,31918,0.880939;227,46453,0.967956;269,35582,0.875967;278,43661,0.940608
215,262904;263,87631,0.978453;203,32291,0.903867;240,47486,0.967403;292,37447,0.878729;274,44169,0.935912
217,262751;257,87585,0.986188;202,32968,0.88895;232,47019,0.973481;291,36767,0.879834;279,44865,0.948619
217,262866;193,88764,0.987569;202,33044,0.873481;229,47136,0.954696;279,36624,0.905525;279,45241,0.953591
210,262843;157,87532,0.990331;205,33530,0.896133;232,48281,0.975967;277,36320,0.875967;272,44740,0.953867
212,262829;160,88758,0.983702;201,33614,0.89116;237,48518,0.970718;301,37847,0.899171;293,45999,0.955801
211,262791;157,88104,0.984807;204,33488,0.899724;239,48059,0.970718;285,37333,0.878453;282,45849,0.957735
211,262867;156,87410,0.983425;200,33498,0.882597;230,47529,0.961326;287,37305,0.881215;283,44829,0.952486
212,262815;160,88080,0.987569;208,33982,0.887293;230,48053,0.969613;307,38988,0.890055;293,46995,0.943646
211,262850;159,87676,0.986188;198,33834,0.870166;222,48819,0.965193;285,39040,0.88895;267,46634,0.963536
211,262803;156,86586,0.980387;186,32831,0.891713;221,47207,0.963536;261,36667,0.872652;260,45436,0.96105
212,262790;159,87605,0.985083;195,32349,0.885635;225,47805,0.968508;264,36841,0.890331;256,44341,0.94116
212,262879;159,88422,0.982873;197,33699,0.891989;225,48332,0.965746;284,38146,0.896685;279,46284,0.95442
212,262836;156,86643,0.985083;195,33308,0.893094;214,47544,0.967403;264,36633,0.859116;274,46227,0.950829
214,262749;159,88407,0.985635;191,33293,0.871823;218,48075,0.964917;282,37796,0.890331;271,46083,0.93895
212,262829;261,88162,0.989227;189,32984,0.903591;224,48758,0.960773;278,38086,0.882044;265,45504,0.947514
211,262836;260,87279,0.985912;186,32847,0.89779;228,47336,0.968232;275,36711,0.894751;261,44761,0.964365
212,262900;259,86763,0.985912;193,33293,0.899171;218,48247,0.970166;274,37359,0.901657;274,46111,0.964917
212,262893;259,86560,0.983425;196,33104,0.890608;222,47718,0.966851;274,37015,0.889779;270,46072,0.953039
211,262765;258,86096,0.984807;185,32492,0.904696;214,45185,0.96989;263,36104,0.914088;261,43719,0.958287
211,262855;266,86724,0.987569;187,31827,0.895028;218,45404,0.968232;267,35771,0.884807;259,42771,0.952486
212,262841;263,86833,0.982044;192,32285,0.894475;210,45709,0.973481;251,34754,0.864917;257,43523,0.94779
211,262773;250,86369,0.981215;184,31325,0.896409;213,44959,0.972376;261,36597,0.916575;252,42581,0.954972
209,262749;260,86004,0.981492;185,30358,0.912707;212,43700,0.973481;252,34227,0.906354;248,42147,0.952486
210,262680;202,86200,0.991436;180,29813,0.917127;201,42498,0.973757;241,33604,0.903315;234,40177,0.954696
213,262633;167,85241,0.986188;183,29829,0.908564;207,43493,0.972376;251,34383,0.912983;236,40359,0.950829
210,262633;170,85748,0.990331;183,30185,0.918232;212,42103,0.966575;246,34554,0.9;230,39488,0.953867
210,262648;167,83681,0.98453;178,29137,0.90663;197,41900,0.980663;236,33277,0.894751;226,38480,0.945028
209,262683;163,83733,0.992265;174,29156,0.917403;224,41538,0.978453;233,32870,0.899171;229,38741,0.941989
212,262584;167,84303,0.992541;171,28032,0.893094;200,41317,0.972376;231,33105,0.894751;223,38841,0.935635
209,262669;163,83493,0.987845;175,28680,0.91989;201,40565,0.98453;217,31842,0.894199;222,38346,0.95
209,262570;168,83804,0.983425;162,26718,0.921271;194,38850,0.980387;211,31139,0.922376;203,35247,0.940331
209,262533;166,84308,0.992265;158,26403,0.922099;182,37652,0.974309;208,30858,0.922652;206,35153,0.944475
218,262419;173,83199,0.984254;165,26278,0.927624;197,37235,0.970166;213,29944,0.920442;208,34138,0.946133
216,262445;169,82107,0.990331;161,25630,0.913812;199,37467,0.985912;203,29662,0.911602;201,33734,0.941713
216,262325;168,82612,0.988398;170,25304,0.910773;192,35766,0.981215;199,28846,0.916298;196,32597,0.925967
214,262489;168,81652,0.99337;171,25572,0.927901;186,35738,0.982597;200,29464,0.913536;192,32355,0.942818
210,262396;171,81043,0.985635;162,24200,0.908287;189,35285,0.981768;200,28949,0.922099;193,31495,0.937293
214,262180;165,80746,0.991436;155,23748,0.932873;181,33379,0.966575;184,27086,0.913812;175,29287,0.924033
211,262327;168,80155,0.993923;164,23918,0.925967;180,34661,0.984254;180,27219,0.875691;180,30292,0.915193
211,262240;169,80129,0.990884;157,23094,0.915746;180,32330,0.98453;179,26465,0.881492;184,29672,0.929558
211,262201;167,80682,0.987293;172,22445,0.914365;185,32111,0.980663;180,26705,0.902762;172,28748,0.910773
213,262045;178,80939,0.988398;143,22124,0.91105;172,32215,0.975138;179,26631,0.875967;178,28574,0.905525
210,262243;170,80581,0.994475;154,22932,0.923757;180,32692,0.979558;179,27014,0.890608;175,29048,0.920442
213,261973;173,81560,0.993923;145,22292,0.913812;165,31015,0.970718;171,26338,0.899724;172,28542,0.919337
211,262261;165,79852,0.994751;155,21998,0.925414;176,31569,0.96989;173,26721,0.878453;171,28284,0.912155
216,262278;168,79600,0.979006;146,21679,0.905525;173,32175,0.974862;171,25898,0.896409;172,28076,0.903315
215,262170;170,80469,0.989227;153,22241,0.916298;170,31591,0.978453;176,26205,0.892265;170,27437,0.911878
212,262075;171,80157,0.98674;153,21639,0.920166;170,30221,0.964641;170,25628,0.896961;165,27504,0.909116
211,262213;170,80394,0.982044;142,21601,0.929558;170,31669,0.979834;174,26004,0.891989;168,28096,0.906354
216,261987;166,79362,0.990055;149,20822,0.928729;163,30204,0.961878;159,24262,0.873757;170,27198,0.908564
214,262148;167,80771,0.987293;149,22046,0.910497;183,31096,0.974862;170,25695,0.896685;170,28325,0.923481
211,262168;166,79778,0.989227;151,22144,0.924309;169,30798,0.977348;169,25245,0.882597;173,28018,0.917127
213,262171;167,80072,0.984254;150,21671,0.914641;197,31153,0.978729;189,26340,0.883702;189,27949,0.917956
212,262280;163,79013,0.984807;174,22126,0.901381;201,32797,0.96989;193,25840,0.872376;206,29026,0.901934
212,262148;166,79945,0.987017;166,21852,0.914088;190,31642,0.969613;196,26669,0.914917;188,27806,0.922928
212,262175;167,80103,0.979558;164,21614,0.942265;192,31703,0.980663;189,26285,0.876796;189,28315,0.922099
211,262162;164,79444,0.982044;165,21889,0.926796;194,31031,0.972652;189,25802,0.881492;186,27351,0.920442
211,262117;173,80133,0.985635;176,20919,0.912431;188,30338,0.970994;182,25577,0.877624;183,27387,0.916851
213,261947;166,79502,0.988122;164,20958,0.918232;186,29128,0.972099;175,23718,0.872652;176,26351,0.91989
207,262169;168,80609,0.98895;172,21804,0.928453;190,31259,0.979282;179,25219,0.872652;186,27760,0.925138
207,262167;166,80246,0.983425;165,21444,0.923481;176,31149,0.975414;155,24910,0.875138;202,27530,0.911602
208,262076;165,80492,0.992265;191,20480,0.902486;237,29763,0.981768;212,24305,0.890884;213,26195,0.897238
209,262042;163,78893,0.991713;227,20992,0.907182;228,30027,0.977072;226,25070,0.881768;224,27160,0.907459
208,262101;168,79878,0.98674;207,20591,0.910773;242,30198,0.972928;222,24968,0.881215;217,26463,0.911326
208,262083;167,80757,0.989503;206,20839,0.911602;237,30019,0.984807;221,24959,0.893094;220,26367,0.903039
207,262040;167,79826,0.988398;187,19470,0.913812;221,28267,0.977348;177,22975,0.868232;153,24971,0.902486
209,261942;246,79498,0.986464;155,20114,0.907735;182,28731,0.969337;172,24038,0.874309;170,25651,0.887845
208,262004;237,78482,0.991436;152,19736,0.922376;174,27822,0.971271;160,22569,0.85221;169,24879,0.888398
207,262055;242,79098,0.986188;152,19907,0.923481;182,28538,0.967956;171,24243,0.872099;170,25476,0.903591
210,261705;237,78208,0.988674;155,19611,0.913812;184,28042,0.971271;176,23845,0.86989;186,25915,0.902486
207,262038;240,79126,0.986188;169,19561,0.903039;185,28123,0.973757;174,23570,0.873204;180,25098,0.893923
206,262000;238,79335,0.99558;155,19588,0.882597;170,28356,0.972652;164,23531,0.874586;181,26002,0.885912
208,261927;242,79344,0.987569;153,19829,0.909669;169,27509,0.979006;158,22958,0.877072;156,24497,0.893094
208,261786;230,79135,0.986464;176,19431,0.914365;167,27733,0.971271;154,22802,0.877624;161,24617,0.895028
205,261991;264,78859,0.990055;135,18786,0.914088;167,27089,0.969613;157,22777,0.879282;163,24701,0.882597
207,261901;262,77891,0.982597;143,18565,0.909116;165,25912,0.961602;146,21812,0.853315;154,23647,0.878729
208,262030;261,77939,0.992818;135,18831,0.914641;170,26368,0.96989;150,22285,0.843094;153,23969,0.877348
214,261810;262,78585,0.985083;129,17760,0.912155;155,25156,0.956906;149,21851,0.844751;153,23303,0.876796
212,261950;266,78967,0.986188;148,17734,0.906906;154,25282,0.956906;142,21533,0.843094;143,22759,0.85663
213,261989;256,77396,0.979558;140,18543,0.910497;164,27039,0.968785;158,22931,0.854972;157,24427,0.88011
212,261956;269,78810,0.987017;138,17715,0.926519;155,24969,0.96989;141,21188,0.844475;143,22840,0.883702
212,261922;268,78852,0.987845;120,16702,0.889227;147,24101,0.962983;132,20407,0.824862;142,22276,0.869613
212,261824;263,78051,0.98674;126,17273,0.906354;149,24123,0.955801;134,20843,0.86326;146,22382,0.892541
214,261723;252,76930,0.985083;127,16922,0.93895;145,23582,0.960221;136,20409,0.873757;138,21790,0.877348
215,261742;260,77235,0.989227;116,16228,0.900276;148,23928,0.961878;132,20419,0.858011;139,22861,0.885083
214,261913;164,78660,0.990608;122,17273,0.909945;143,24924,0.975414;131,20764,0.83674;142,22397,0.875138
217,261721;160,77868,0.988674;127,16906,0.901105;133,23843,0.974309;128,20621,0.837569;136,22694,0.868785
213,261932;262,78618,0.986188;122,16792,0.902486;141,24158,0.979006;134,20479,0.837017;133,22004,0.863536
214,261854;257,78700,0.988674;126,17056,0.926243;165,24767,0.978453;134,21031,0.859116;133,22052,0.858011
213,261881;265,78666,0.990608;133,17152,0.921271;143,24529,0.977348;137,21623,0.857735;142,23159,0.868232
214,261767;236,78440,0.990331;119,16447,0.911878;137,23325,0.95884;127,20164,0.857459;134,22075,0.870166
217,261744;237,78069,0.991436;111,16136,0.89779;133,22450,0.945304;126,20088,0.83674;133,22178,0.871271
214,261842;241,79295,0.990884;117,17335,0.91547;142,23843,0.959669;130,20880,0.845304;140,22407,0.858287
214,261817;233,76536,0.991436;109,15816,0.914088;131,23046,0.971271;128,19850,0.843646;136,21636,0.864088
214,261820;239,78760,0.981492;119,16287,0.914917;135,23086,0.975138;124,19676,0.850829;130,21251,0.867956
219,261769;256,77180,0.979006;117,16086,0.916022;139,22505,0.964088;129,20119,0.846409;129,21600,0.860773
227,261801;264,77760,0.981215;117,15972,0.914641;133,21586,0.939227;121,19545,0.845856;126,21059,0.850276
217,261815;266,77698,0.990331;115,15712,0.903039;134,22461,0.94116;118,19289,0.822099;126,21321,0.857182
221,261466;260,76661,0.98895;122,15332,0.891436;129,21722,0.938122;126,19209,0.835912;127,20711,0.867403
216,261678;265,77782,0.985635;111,15326,0.915193;127,21640,0.974309;117,18873,0.83453;120,19813,0.84558
211,261686;257,77165,0.993923;105,14540,0.917403;125,19649,0.946961;115,18728,0.864917;123,20056,0.860773
210,261821;253,76402,0.986188;109,15662,0.914917;140,21932,0.957459;121,19033,0.856077;125,20201,0.861878
209,261841;258,77018,0.98674;126,15263,0.935359;125,20760,0.960773;115,18723,0.866298;122,20230,0.866298
212,261756;264,77512,0.988122;107,14866,0.922652;129,21174,0.964365;110,18586,0.853591;116,19554,0.863812
215,261594;261,77260,0.987569;112,14388,0.923204;135,20511,0.961326;116,18562,0.849171;120,19420,0.84558
213,261743;261,76285,0.990331;112,14958,0.933149;130,21118,0.956354;115,18334,0.851657;124,19786,0.852486
210,261725;258,76372,0.987569;122,14706,0.937845;127,20511,0.965193;110,17794,0.843646;121,19529,0.867403
210,261674;262,77592,0.991436;109,14398,0.935635;131,19722,0.958564;125,18345,0.85;119,19961,0.86989
212,261662;260,76460,0.985912;106,13845,0.935083;126,19393,0.946961;116,18180,0.856906;117,19532,0.870994
214,261682;199,76433,0.987293;106,13474,0.903315;124,19402,0.955525;114,17709,0.849724;123,19245,0.873481
212,261692;166,76594,0.982873;108,13732,0.910497;122,19067,0.952486;108,17587,0.84337;120,18937,0.864641
212,261758;167,77073,0.985359;100,14084,0.914917;117,19824,0.976519;106,17741,0.838674;114,18846,0.848343
212,261680;162,76647,0.986464;111,14001,0.935635;115,18973,0.968785;104,17219,0.83453;115,18833,0.847238
210,261694;161,76174,0.994199;94,13202,0.935912;117,18604,0.959392;104,16899,0.807182;109,18120,0.822099
210,261660;163,76411,0.979006;102,13576,0.944751;116,18784,0.95442;111,18228,0.848343;114,18881,0.849171
210,261707;162,76858,0.987293;101,14251,0.940884;115,19418,0.965746;106,17638,0.840608;112,18527,0.842265
213,261577;161,76386,0.998895;109,14228,0.932873;118,19103,0.95663;107,17913,0.834254;115,18801,0.837845
210,261712;160,76283,0.995028;103,14051,0.945304;130,19678,0.964917;107,17553,0.833978;115,18684,0.841713
213,261637;162,75133,0.990055;115,14086,0.94779;125,18988,0.957459;109,17574,0.84337;121,18767,0.86326
207,261688;161,76266,0.99337;116,13822,0.941989;156,20010,0.983425;110,17784,0.857459;118,19129,0.872928
208,261637;163,76304,0.985912;103,13166,0.932044;112,18032,0.971547;104,16813,0.854696;116,18042,0.860497
208,261708;163,76042,0.98674;115,13471,0.916575;114,18348,0.946961;108,17281,0.85663;115,18566,0.85442
205,261582;263,77140,0.987569;100,13211,0.926796;119,17834,0.942818;105,16957,0.833978;127,18514,0.85884
206,261455;260,76378,0.99337;112,13296,0.915746;127,18203,0.95221;110,17333,0.827624;115,18543,0.850829
203,261669;260,76683,0.996133;98,13344,0.910773;116,18043,0.93895;110,17487,0.846685;115,18376,0.85663
213,261654;258,76410,0.983425;108,13954,0.927072;120,19228,0.964088;110,17889,0.859945;117,18729,0.854972
203,261664;179,75605,0.990055;115,13645,0.940055;119,18447,0.958011;105,17461,0.845028;116,19000,0.86326
204,261627;170,76244,0.99558;89,12777,0.929006;112,18218,0.953315;104,16604,0.841713;112,17934,0.865193
208,261620;167,75560,0.988674;102,13275,0.935635;122,18109,0.950829;99,16317,0.822376;113,17906,0.863536
207,261618;170,75884,0.989779;99,12875,0.930663;114,18061,0.94337;103,16564,0.815193;109,17543,0.846685
208,261648;166,74925,0.994475;110,13299,0.93895;112,17526,0.93453;104,17032,0.837569;111,17894,0.827624
206,261636;169,76415,0.993646;88,12437,0.917127;134,17497,0.949448;112,16982,0.84779;110,17992,0.845028
208,261537;167,76080,0.997238;113,13035,0.935083;121,18185,0.979558;101,16951,0.841436;114,18163,0.862707
205,261527;166,75059,0.99337;88,12129,0.93453;109,16789,0.965746;95,16281,0.843923;100,17044,0.848066
204,261604;171,76382,0.990055;88,12460,0.937293;106,17531,0.957735;102,16775,0.859116;108,17745,0.849171
205,261654;169,76155,0.988674;94,12802,0.93011;115,17400,0.944751;97,16672,0.845304;107,17733,0.842265
204,261639;170,75363,0.989503;89,12635,0.934807;108,17216,0.955801;95,16311,0.829282;104,17567,0.842265
203,261556;167,75390,0.983149;92,12290,0.924862;101,17071,0.969337;98,16071,0.824862;107,16979,0.841713
203,261607;168,76557,0.986464;101,12785,0.91989;116,17382,0.953039;108,16866,0.826796;116,17867,0.853315
205,261522;166,75738,0.998066;100,12667,0.911878;113,17515,0.944199;106,16667,0.828453;114,17355,0.837569
203,261589;168,75207,0.994475;94,12555,0.925691;107,16095,0.932873;100,16160,0.812983;106,16938,0.820994
205,261476;164,74927,0.990884;101,12470,0.921271;122,17489,0.944199;106,16952,0.842541;109,17412,0.831492
206,261472;171,76005,0.98011;102,12442,0.934254;117,17080,0.945856;111,16806,0.85221;113,17708,0.835083
204,261596;164,74341,0.99337;100,12700,0.938122;122,17413,0.943923;107,16848,0.83674;115,17723,0.847238
204,261565;165,74478,0.992265;95,12532,0.931768;111,17263,0.956077;103,16176,0.836464;114,17324,0.84779
206,261442;165,75110,0.987845;103,12332,0.952762;111,16638,0.957182;100,15790,0.814917;112,17265,0.847514
204,261643;167,75688,0.990331;90,12481,0.933702;118,17881,0.973204;107,16664,0.830387;114,17258,0.84337
203,261563;169,75535,0.985912;92,11738,0.904972;106,16245,0.966575;101,16175,0.837293;110,17140,0.833149
203,261612;169,75313,0.98895;93,12215,0.900829;110,16797,0.962155;103,15999,0.833702;113,16980,0.835359
202,261534;271,76083,0.996961;94,12333,0.923757;108,16597,0.94116;104,16164,0.826519;111,17291,0.837845
202,261634;259,74795,0.983978;108,12287,0.924033;110,16753,0.961326;100,16164,0.815193;108,17398,0.843646
205,261468;262,75426,0.988122;93,12345,0.929282;108,16749,0.955525;98,16027,0.820166;103,16650,0.840055
205,261480;251,75319,0.983978;88,11803,0.921547;106,16407,0.953591;93,15319,0.813812;104,16701,0.824309
203,261550;260,75475,0.99779;87,11733,0.920718;106,16624,0.967403;97,15607,0.826519;103,16587,0.832597
204,261600;262,75714,0.990884;85,11696,0.904972;107,16214,0.944199;103,16262,0.837569;106,16727,0.818785
204,261557;166,75623,0.994751;92,12231,0.909116;112,17070,0.951934;97,15682,0.827624;107,16651,0.831215
203,261594;166,76035,0.979834;99,12489,0.929006;108,16539,0.943646;97,15764,0.83011;106,16617,0.822928
208,261517;161,75617,0.990884;86,11554,0.920166;113,16070,0.931215;100,15871,0.835083;108,16687,0.827348
211,261572;161,75384,0.992818;89,11978,0.907459;111,17397,0.965746;98,16161,0.836464;106,16810,0.826796
211,261500;159,75515,0.984807;87,11825,0.91105;110,17190,0.972376;96,16136,0.829834;105,17058,0.822928
211,261553;158,74539,0.993646;93,12206,0.922099;118,17225,0.970442;104,16024,0.824862;111,17127,0.841436
216,261537;159,74660,0.993646;89,11651,0.899724;105,16535,0.962155;99,16144,0.816298;104,17068,0.840331
214,261640;162,75971,0.985359;89,12000,0.894475;110,17652,0.974862;99,16441,0.822099;108,17471,0.834254
213,261560;161,75246,0.985912;99,11840,0.914088;106,16416,0.973481;104,16069,0.828453;111,17066,0.840331
212,261549;165,76641,0.989227;87,11588,0.919613;108,16327,0.974309;100,16097,0.835083;120,16642,0.83674
210,261614;163,76393,0.987569;94,12243,0.935635;108,16217,0.966298;99,15970,0.827072;109,16832,0.840608
211,261580;162,75998,0.987017;98,12428,0.939227;111,17052,0.960497;103,16014,0.809669;112,17232,0.833978
212,261517;160,75051,0.989503;107,11924,0.937293;114,16583,0.958564;105,16362,0.836464;110,16573,0.828453
214,261396;160,75580,0.977624;94,12022,0.951105;111,16757,0.966022;103,16108,0.837293;112,17202,0.837017
211,261479;159,75485,0.989227;88,11923,0.946409;115,16543,0.973481;103,16057,0.833149;108,16347,0.811602
211,261579;157,74977,0.995028;95,11532,0.929282;116,16317,0.96105;100,15754,0.826519;107,16533,0.80221
210,261569;260,76020,0.988674;94,11907,0.930387;115,16880,0.962155;101,16027,0.818785;113,17038,0.821271
212,261418;255,76046,0.983149;93,11998,0.948066;109,15857,0.956354;101,15621,0.825414;117,16644,0.834807
212,261452;257,75487,0.991713;91,11892,0.947514;113,16018,0.96105;101,15622,0.814641;104,16479,0.829282
209,261577;260,76008,0.977624;87,11815,0.941989;110,16587,0.979558;100,16056,0.824309;107,16737,0.831768
209,261584;259,75944,0.992265;96,12057,0.935083;108,16667,0.966575;96,15834,0.811602;103,16869,0.840608
209,261537;259,75985,0.982044;83,11841,0.934807;101,16183,0.953591;86,15280,0.817127;96,16696,0.84337
209,261521;261,76216,0.974586;83,11627,0.926243;106,16033,0.945304;101,15478,0.803867;99,16685,0.833425
209,261595;236,76453,0.996685;93,12208,0.93232;106,16327,0.934807;97,16048,0.811878;101,17113,0.831768
210,261510;231,74812,0.979282;83,11695,0.925414;101,16288,0.927624;101,16239,0.827072;106,17177,0.839227
209,261557;235,75192,0.983425;88,11934,0.923204;107,16132,0.95884;96,16188,0.823757;104,16895,0.833978
208,261538;233,75126,0.99558;91,11834,0.946685;103,16097,0.966575;96,16108,0.827624;110,16988,0.836188
213,261324;235,75145,0.982873;91,11355,0.936188;110,16129,0.96105;99,15566,0.812707;106,16538,0.835359
212,261342;235,75969,0.993094;88,11948,0.930939;112,16085,0.952762;104,15926,0.827348;110,16947,0.83232
214,261535;244,76680,0.981768;90,11578,0.927901;108,15784,0.95221;100,15988,0.817127;109,16974,0.833425
213,261453;236,75592,0.989779;90,12166,0.943094;104,15656,0.940331;99,15890,0.830663;106,16559,0.834254
209,261578;234,75980,0.991436;91,11792,0.940884;110,16258,0.960221;104,15914,0.824586;110,16414,0.815746
209,261494;234,76137,0.99337;90,11165,0.931492;110,15694,0.955801;104,15673,0.834807;106,16363,0.817403
212,261447;231,74457,0.989779;90,11687,0.916851;101,16236,0.950276;99,16061,0.829006;108,16939,0.825138
210,261467;235,76370,0.990608;86,11515,0.913536;96,15490,0.94337;93,15293,0.837569;101,16264,0.840331
212,261436;230,74611,0.990608;86,11734,0.917403;106,16168,0.968785;93,15169,0.841989;101,15667,0.844475
212,261390;231,73869,0.997514;87,11317,0.925138;103,15694,0.966022;92,15042,0.818232;101,16261,0.837293
212,261245;238,76334,0.975138;81,11236,0.939227;100,15527,0.979006;93,15491,0.832873;99,16237,0.83011
210,261555;233,74901,0.987017;86,11690,0.941989;117,15922,0.970166;100,15840,0.827901;104,16736,0.835359
210,261538;239,74670,0.991713;80,11053,0.901934;107,15859,0.948895;92,15380,0.815193;97,16670,0.832044
209,261543;264,75734,0.990608;90,11612,0.909116;104,15533,0.941989;93,15315,0.799448;102,16360,0.81547
211,261420;258,75383,0.989227;81,11480,0.91105;100,15565,0.932044;100,16109,0.816298;106,16429,0.804972
210,261498;240,75338,0.99116;89,11591,0.922376;101,14915,0.913536;95,15325,0.809392;100,16101,0.814365
210,261581;251,75219,0.988398;85,11731,0.902762;110,16580,0.936464;95,15558,0.787845;107,17200,0.822652
210,261594;254,74736,0.978177;93,12082,0.922376;113,17360,0.968508;99,15690,0.796409;106,16952,0.827072
210,261496;258,74608,0.990055;94,12133,0.930663;108,16086,0.961878;96,15330,0.79116;104,16396,0.826519
212,261341;256,75551,0.988122;79,11078,0.903315;99,15835,0.966022;90,15052,0.787569;92,16210,0.822928
210,261593;255,75030,0.989227;62,11831,0.912155;126,16467,0.965746;117,15593,0.804696;122,16622,0.835912
214,261386;210,76134,0.994475;92,11182,0.903315;112,15953,0.966575;96,15276,0.821547;104,15980,0.821823
209,261538;162,75557,0.983978;92,11771,0.916851;105,16259,0.975138;96,15569,0.816298;106,16470,0.808564
213,261463;162,74501,0.993094;86,11709,0.928177;107,16083,0.960221;101,15584,0.83011;114,16262,0.80221
210,261568;166,75976,0.989503;80,11684,0.929558;98,15506,0.954696;91,15743,0.83453;100,16927,0.824862
210,261547;162,75436,0.988122;88,11846,0.943923;97,15647,0.967403;90,15485,0.824586;95,16349,0.817403
212,261502;161,75001,0.993094;79,11774,0.956077;96,15565,0.972376;93,15739,0.827624;101,16556,0.826519
213,261371;165,76536,0.993923;86,11596,0.944475;99,15612,0.954972;97,15775,0.825138;100,16805,0.83232
210,261519;164,75724,0.991436;79,11411,0.935912;96,15043,0.94558;92,15948,0.81768;94,16520,0.81989
211,261514;161,74236,0.988122;82,11735,0.93011;93,15377,0.941436;92,15697,0.817403;97,16253,0.809669
211,261530;162,74725,0.991989;86,11594,0.922652;100,16199,0.955249;94,15777,0.809669;105,16981,0.816298
211,261549;166,75116,0.985635;82,11569,0.922376;98,16160,0.960497;95,15639,0.822928;99,16435,0.815193
212,261468;162,74418,0.990331;80,11271,0.909945;91,15349,0.951657;88,15297,0.820718;96,16195,0.814917
212,261510;162,74946,0.997514;95,11086,0.916575;115,15509,0.956077;98,15119,0.805801;104,15838,0.806077
211,261517;169,75497,0.995856;92,11426,0.915746;108,15804,0.955249;103,15720,0.80221;110,16397,0.791989
213,261259;168,75461,0.985359;82,11075,0.93232;106,14645,0.95442;97,14919,0.800829;102,15812,0.800829
212,261301;164,75973,0.989779;86,11053,0.93674;103,14893,0.946133;109,15372,0.806354;109,16342,0.803867
240,260837;162,75218,0.985912;89,10421,0.912983;98,14129,0.951934;93,14316,0.804972;100,15044,0.804144
239,259914;161,74327,0.985635;76,9604,0.909669;90,13069,0.935912;89,13927,0.812431;92,14413,0.803039
242,259396;259,74734,0.98674;74,9211,0.906354;87,12595,0.947238;82,13207,0.806354;90,13969,0.804144
249,255262;257,75174,0.98895;67,8238,0.91989;78,11228,0.940055;79,12375,0.809669;84,13152,0.808564
257,258043;262,75919,0.994475;63,7947,0.934807;73,10540,0.942265;73,11596,0.813812;78,12556,0.805525
243,244747;255,75373,0.995856;56,6638,0.912431;63,9040,0.935359;64,10257,0.815746;72,11196,0.813536
224,229041;261,75012,0.988122;44,5587,0.931492;51,7555,0.941713;49,8461,0.820994;52,9203,0.813536
198,210861;268,76563,0.982873;40,4920,0.938398;48,6640,0.946133;42,7404,0.814641;46,8313,0.810773
156,158814;254,74902,0.98674;32,3365,0.93895;36,4274,0.944475;28,4966,0.812431;30,5503,0.816022
149,156976;266,76071,0.990884;28,2892,0.946961;27,3783,0.942818;23,4228,0.819337;26,4651,0.809945
95,110913;268,76417,0.996133;16,1815,0.945304;21,2627,0.952762;15,2866,0.821271;15,3084,0.809669
77,87622;257,74732,0.982597;15,1262,0.94558;20,1956,0.949171;12,2238,0.822928;12,2362,0.812155
65,68348;235,74833,0.987017;13,1044,0.941436;17,1718,0.955525;9,1834,0.826519;10,1905,0.819337
37,40788;294,74214,0.982873;17,635,0.942541;13,872,0.95663;5,1040,0.826243;6,1145,0.820166
38,42763;253,74819,0.990884;11,648,0.942265;12,861,0.957182;5,1049,0.825691;10,1086,0.81989
27,30751;262,74468,0.990884;11,482,0.946133;11,570,0.955801;4,788,0.826796;5,815,0.820442
10,10000;262,74849,0.98895;5,160,0.945028;5,215,0.956354;1,244,0.826243;1,283,0.81989
7,7159;307,74681,0.993923;5,115,0.945304;5,111,0.957459;1,211,0.826796;1,220,0.820166
7,7162;311,75461,0.995304;2,99,0.945856;2,99,0.956906;1,135,0.826796;1,136,0.820166
