4501,261726;1589,98402,0.960221;1112,49846,0.791713;1397,69489,0.910221;1362,53902,0.769613;1586,66674,0.924586
4053,242198;1744,98311,0.961602;525,21921,0.815746;754,32351,0.903039;644,24547,0.778729;803,33572,0.906354
4124,245256;1958,98415,0.96105;534,21556,0.789503;730,33431,0.892265;684,25697,0.781215;857,35262,0.894751
3971,237336;1980,99621,0.960497;572,21093,0.794199;798,31784,0.887017;654,23050,0.779834;805,32378,0.901934
3998,238421;1826,99719,0.957459;533,20901,0.798619;659,32782,0.891436;657,23755,0.768232;784,31352,0.891989
3986,239200;1544,98369,0.951657;530,20873,0.796409;739,32272,0.890331;613,23058,0.751105;838,34149,0.888674
4054,243193;1928,100365,0.959116;533,21425,0.800552;770,33052,0.890608;635,23860,0.741989;637,33716,0.872928
4015,242571;1880,97578,0.952486;534,21064,0.803591;760,32382,0.887845;672,24765,0.771271;828,33153,0.886188
4018,242070;1926,100300,0.962707;554,21575,0.788398;784,33601,0.884807;580,24217,0.774033;789,33608,0.890608
3988,241842;1919,99532,0.956906;569,21950,0.794475;804,34023,0.885359;678,24279,0.769337;854,33919,0.893646
4020,241454;1893,98699,0.95221;540,20894,0.797238;656,33046,0.89558;642,23943,0.768508;752,33368,0.873204
4033,243586;1652,98916,0.955249;523,21381,0.783978;794,34377,0.907182;677,25405,0.738122;890,35224,0.864641
4128,244985;1411,99621,0.960773;545,21474,0.813812;668,32921,0.90221;483,23962,0.740884;886,35131,0.891713
4321,249824;1404,99049,0.96105;528,22234,0.799724;790,35219,0.895028;732,26849,0.751934;919,36498,0.88674
4160,237461;1661,98167,0.958287;467,20639,0.800552;614,31220,0.891989;630,23606,0.756077;807,33003,0.892541
4236,243795;1942,97935,0.948619;568,22178,0.80884;691,33854,0.895028;686,25133,0.757182;864,34459,0.898619
4256,242246;1808,96535,0.963536;589,22419,0.817403;800,33076,0.90663;674,24656,0.760497;872,34164,0.896133
4236,239918;1863,96688,0.964641;536,20846,0.808564;792,33549,0.90442;667,24978,0.767403;841,33657,0.902486
4176,243536;1861,96913,0.968785;535,20294,0.810773;741,31341,0.907182;673,23734,0.789503;658,31790,0.902762
4315,241130;1863,96790,0.954696;552,21135,0.801934;761,32283,0.902486;659,24214,0.803591;722,31675,0.896685
4228,241046;1889,97903,0.96989;529,21290,0.78674;758,32167,0.901934;652,24276,0.792818;797,31989,0.887293
4266,244676;1874,96832,0.96768;565,21766,0.8;762,32904,0.910497;654,24767,0.787017;767,32747,0.893923
4340,243321;1833,94616,0.960497;539,20880,0.827348;604,31262,0.914917;495,23596,0.766298;679,31508,0.889779
4372,245060;1841,94936,0.968232;530,20793,0.820442;729,31483,0.917127;669,24971,0.794199;798,32192,0.901381
4384,246211;1460,93467,0.962431;540,20991,0.824862;740,31840,0.931492;514,24376,0.803315;802,32296,0.901381
4378,243741;1319,92551,0.967403;502,19735,0.832597;703,29954,0.928453;602,21967,0.792541;767,29774,0.901105
4281,239136;1337,94068,0.970718;523,19314,0.818508;679,30072,0.920166;586,22707,0.780939;713,29634,0.890055
4251,237150;1316,92170,0.978729;465,18716,0.821823;656,28786,0.930387;561,21799,0.819613;683,27069,0.9
4528,246638;1322,92811,0.976796;370,20160,0.829558;600,29399,0.925138;586,22642,0.808564;737,29780,0.888398
4284,240270;1326,92665,0.985083;479,18827,0.846409;680,28789,0.927072;484,22495,0.825138;672,27777,0.916022
4352,244109;1292,90451,0.967956;370,18821,0.857182;497,27017,0.919337;546,21235,0.819613;654,26766,0.883978
4334,244448;1293,90773,0.980387;461,18089,0.857459;655,27862,0.911602;576,22078,0.839503;671,27124,0.862707
4390,242822;1325,90452,0.978729;536,18957,0.858564;798,28421,0.923757;615,21458,0.841989;661,26630,0.892541
4281,242472;1753,89916,0.981768;467,18380,0.861326;673,27374,0.924033;563,21561,0.835083;626,26293,0.916298
4334,245200;1781,89252,0.977348;473,18188,0.866298;653,27613,0.939503;544,21292,0.847514;641,25907,0.906354
4338,242437;1775,89852,0.979006;488,19162,0.88674;536,27327,0.94337;393,21199,0.835359;581,25629,0.898895
4360,242673;1709,88324,0.974309;437,18133,0.876796;642,27567,0.949724;548,21492,0.852762;634,26013,0.90663
4322,241857;1722,88323,0.973757;450,17677,0.874586;640,26963,0.955249;522,20189,0.852762;606,24518,0.896961
4352,246944;1758,90392,0.978453;459,18298,0.860773;652,27560,0.943094;550,21424,0.864641;650,26388,0.894475
4440,247789;1714,87499,0.971547;378,18059,0.872928;453,27151,0.949171;385,21186,0.855525;467,26775,0.898895
4363,240650;1729,88468,0.985912;428,16606,0.88232;597,25172,0.937845;511,19837,0.846961;607,24648,0.901105
4285,240648;1716,87588,0.978453;437,16835,0.904144;576,24487,0.946685;502,19547,0.870442;570,23106,0.912155
4387,243560;1695,86969,0.979834;448,17016,0.895304;602,25461,0.948619;536,20764,0.871823;579,23457,0.911326
4469,245735;1703,87382,0.988122;436,16757,0.88011;561,24738,0.946685;365,19860,0.852762;419,23865,0.906354
4298,238389;1406,87099,0.982597;301,16295,0.879834;408,23827,0.941989;354,19300,0.841713;403,22802,0.896961
4351,241023;1712,85421,0.981768;295,16049,0.862707;397,23451,0.927072;340,18829,0.855801;381,21893,0.893646
4291,240015;1736,86266,0.979558;298,15624,0.86105;399,23036,0.934254;453,18600,0.832044;381,21701,0.876519
4376,244782;1756,87250,0.976519;283,15393,0.84337;406,23980,0.934807;329,18154,0.843094;384,21790,0.876519
4431,245173;1735,85899,0.98011;280,15281,0.838674;401,23746,0.929006;335,18519,0.822652;386,22319,0.893923
4157,232733;1737,85603,0.969061;313,15382,0.862431;376,22410,0.933702;339,19073,0.832873;366,21103,0.895856
4376,243682;1715,85574,0.983702;286,15535,0.868785;400,23726,0.961602;382,18942,0.849724;365,21288,0.901657
4286,235230;1688,85063,0.976796;267,14475,0.89337;367,21930,0.959116;309,17469,0.857735;342,19886,0.918232
4327,240435;1669,85075,0.980387;284,15294,0.885359;375,22349,0.951381;328,18517,0.860773;515,21271,0.904144
4454,244939;1678,85272,0.984807;393,15062,0.899171;512,22224,0.960221;318,18044,0.864917;347,20352,0.899171
4381,243191;1738,86095,0.979834;264,14074,0.898619;368,21252,0.952486;301,16997,0.859116;467,20007,0.882044
4405,246522;1722,84745,0.990608;389,15583,0.892541;523,22907,0.95663;447,18680,0.855249;513,21342,0.886464
4330,243045;1742,85791,0.987569;358,14379,0.883149;489,21649,0.959945;417,17527,0.850276;452,19352,0.881492
4471,248105;1724,85031,0.982873;336,14464,0.88232;363,21388,0.937845;314,18043,0.860221;356,20590,0.881215
4399,243869;1712,84595,0.980663;362,14327,0.873204;516,22203,0.955801;437,17847,0.863536;481,20363,0.884254
4339,241138;1714,84582,0.968785;361,14054,0.89558;470,20300,0.951381;414,16851,0.874033;448,18828,0.900829
4437,244135;1748,86129,0.986188;376,14351,0.896685;484,21469,0.970718;435,17860,0.861326;491,19723,0.887017
4251,237855;1716,84456,0.98895;379,13970,0.897514;510,20593,0.959669;437,17044,0.870994;483,19131,0.89779
4293,239101;1689,83153,0.979558;355,13424,0.897238;499,20147,0.957735;444,17148,0.879558;340,19050,0.892818
4343,241671;1681,83012,0.974309;267,13967,0.901934;392,21099,0.938398;449,17452,0.879558;352,19703,0.881768
4395,242710;1693,83263,0.983702;387,13869,0.905525;509,20752,0.954144;417,16294,0.867956;480,19206,0.896133
4237,242046;1698,83476,0.974586;331,12556,0.916851;477,19370,0.956077;402,15881,0.862983;444,17918,0.886188
4118,240155;1681,82901,0.975138;359,13526,0.89779;475,19733,0.947514;424,16593,0.852762;476,18649,0.883425
4298,244007;1686,83344,0.975691;372,13936,0.909945;525,20953,0.956354;453,17294,0.859669;497,19363,0.889503
4237,241098;1660,82424,0.971271;361,13359,0.898895;503,20102,0.949171;440,16696,0.856354;489,18896,0.89116
4278,238890;1664,83145,0.972376;355,13147,0.895028;500,19698,0.95;437,16649,0.869613;466,18084,0.890608
4243,240372;1569,81309,0.983149;373,13347,0.904696;501,19621,0.948343;433,16348,0.868785;476,18347,0.883702
4231,239250;1390,82852,0.973757;341,12105,0.903867;411,18460,0.957459;284,15309,0.855525;311,17134,0.875691
4239,245732;1215,82892,0.980939;255,12764,0.887293;348,19231,0.954144;291,15381,0.848619;332,17817,0.882597
4249,243191;1639,83494,0.974309;256,12811,0.905801;336,18681,0.953315;298,16003,0.866022;321,17679,0.884807
4203,240525;1668,81625,0.983149;235,12240,0.891989;337,18069,0.944475;400,15123,0.872376;437,16797,0.874862
4361,243211;1662,81974,0.977348;342,12483,0.876243;475,19137,0.945856;423,15990,0.854696;459,17823,0.86989
4227,240955;1647,81438,0.980939;356,13085,0.891989;480,19043,0.937569;408,15968,0.866851;468,18070,0.882044
4303,241317;1665,82443,0.981215;349,12997,0.9;489,19344,0.94558;436,15900,0.855801;474,17956,0.886188
4191,240686;1642,81262,0.987569;289,12483,0.918508;324,18128,0.944199;278,15176,0.871823;298,16558,0.888398
4380,246088;1639,81405,0.978177;238,12335,0.902486;341,19064,0.960497;292,15755,0.860221;318,17575,0.892265
4343,244895;1669,82079,0.985359;237,12295,0.909945;327,17580,0.94779;288,15632,0.857459;323,17469,0.880663
4287,243559;1689,83222,0.979282;238,12391,0.929006;332,18223,0.955801;284,15532,0.866851;301,16625,0.886464
4388,246243;1637,82487,0.985083;239,12106,0.910773;338,18705,0.961602;296,15926,0.866298;321,17706,0.886188
4318,242394;1605,81579,0.98232;229,11635,0.896409;319,17570,0.971271;275,14863,0.878729;304,16780,0.88895
4171,238012;1644,81431,0.985912;231,11537,0.90221;303,16631,0.96105;399,14786,0.875691;413,16218,0.881215
4280,239092;1613,80334,0.987293;331,11938,0.904696;455,17606,0.954144;386,14927,0.871547;436,16720,0.879282
4369,245530;1206,83225,0.985635;350,12427,0.910497;460,17962,0.962983;390,15177,0.849724;448,17140,0.870718
4238,242835;1325,81507,0.992541;347,12404,0.918232;451,17437,0.965746;406,15588,0.866851;439,16830,0.873481
4296,243371;1657,81376,0.99116;333,12033,0.925967;455,17685,0.954696;408,15354,0.857182;452,17362,0.877348
4161,237555;1672,82234,0.980663;326,11474,0.925967;437,17075,0.96326;395,14898,0.862155;432,16507,0.873757
4250,243203;1663,80825,0.984254;335,12175,0.937017;462,17965,0.961326;422,15903,0.860497;452,17371,0.870994
4275,240903;1654,81241,0.99337;342,12381,0.920718;451,17451,0.956077;388,14624,0.866851;426,16679,0.872099
4443,248171;1615,79978,0.990331;337,12129,0.915746;464,18158,0.964088;404,15354,0.879282;458,17603,0.898895
4390,244780;1607,79399,0.980663;343,12239,0.932597;462,17764,0.964917;415,15562,0.871823;458,17547,0.885912
4139,236857;1607,79668,0.984254;315,11605,0.935359;425,16561,0.971271;370,14279,0.866851;407,15405,0.875691
4253,242648;1623,80086,0.989779;323,11746,0.924309;442,17004,0.96989;392,14789,0.870442;429,16494,0.874033
4315,246043;1320,81564,0.988674;318,11714,0.931768;448,17233,0.966298;413,15527,0.871547;441,16881,0.877348
4293,242658;1631,80829,0.988398;330,11464,0.916575;449,17717,0.977072;385,14518,0.85663;436,16691,0.893094
4216,242434;1565,81519,0.984254;334,12020,0.928177;435,17027,0.966575;386,15037,0.855801;439,16828,0.886188
4278,244518;1629,80909,0.981768;346,12228,0.920442;456,17798,0.969061;403,15170,0.867127;438,16616,0.882873
4209,240434;1566,79717,0.993094;326,11578,0.931768;439,16909,0.960221;392,14760,0.86989;425,16234,0.88895
4247,239979;1620,80146,0.982044;299,10570,0.916851;406,15906,0.969337;367,13864,0.859116;407,15564,0.884807
4427,249515;1377,82191,0.990055;326,11736,0.911602;443,17072,0.963812;359,15067,0.86105;457,16908,0.879558
4312,241429;1601,79109,0.985359;330,10998,0.897238;450,15859,0.957459;396,14181,0.856077;417,15210,0.880387
4122,236846;1610,79723,0.99116;320,10658,0.917127;433,15664,0.963812;376,14148,0.879558;414,15055,0.873481
4193,239352;1643,80366,0.98453;311,10438,0.908564;432,15469,0.951934;375,13596,0.870994;403,14490,0.857459
4444,247162;1622,80303,0.982597;333,11156,0.906906;444,16400,0.948066;420,14924,0.858564;445,16095,0.849724
4227,241692;1636,80960,0.992265;321,10901,0.916575;456,16497,0.957735;394,14224,0.863812;290,15994,0.867127
4339,247149;1634,80674,0.985359;213,10793,0.919613;292,16150,0.953315;264,14479,0.880939;282,15602,0.879834
4163,238843;1241,79612,0.983425;210,10703,0.926519;287,15798,0.966298;259,14072,0.878177;285,15633,0.885635
4383,245947;1533,80777,0.988674;209,10727,0.93674;299,15287,0.967403;257,13987,0.869337;273,15179,0.882597
4320,243135;1578,79479,0.990331;295,10394,0.923204;414,15956,0.967403;375,14160,0.871547;408,15672,0.877624
4251,241440;1578,80056,0.994199;303,10743,0.928729;407,15717,0.951105;373,14101,0.866575;345,16010,0.880387
4300,240802;1593,78759,0.99337;205,10506,0.937569;279,15459,0.973204;257,13968,0.859116;276,15203,0.873204
4267,247142;1513,80193,0.997238;195,10200,0.938398;364,15404,0.982873;368,14180,0.849448;410,15749,0.872376
4303,242713;1168,79532,0.987017;301,10397,0.933149;406,15786,0.983149;256,13798,0.86105;276,15116,0.877072
4301,243504;1574,79697,0.989227;204,10476,0.920442;289,15921,0.967403;258,13954,0.854144;422,15330,0.863536
4370,245938;1650,81081,0.992541;313,10593,0.941436;412,15255,0.978177;380,13971,0.857182;406,15336,0.867127
4319,245673;1649,80441,0.990608;311,11224,0.94337;456,16629,0.974033;406,15072,0.847514;427,16175,0.859392
4391,246495;1666,81196,0.990055;288,10604,0.930663;401,15333,0.964917;373,13888,0.843094;412,15668,0.857182
4117,237241;1568,80905,0.991989;275,9612,0.93011;391,14750,0.969061;265,12793,0.849171;312,14695,0.865746
4268,243264;1648,81967,0.995028;305,9843,0.935912;407,15111,0.976519;373,13996,0.861326;401,15245,0.867403
4294,245226;1581,80064,0.983702;223,9455,0.944751;317,13840,0.975414;385,13297,0.851934;401,15142,0.862155
4314,244549;1589,80214,0.992541;270,9592,0.94337;380,14195,0.975691;359,13728,0.868508;399,15470,0.877624
4236,242602;1430,79464,0.990884;257,8897,0.953591;346,13171,0.98011;338,12750,0.864088;365,14113,0.866022
3787,213015;1291,80560,0.995028;178,6405,0.962155;243,9180,0.977348;241,9233,0.856354;268,10383,0.860497
2982,164996;1617,81147,0.986188;135,4349,0.953591;182,6606,0.981768;171,6556,0.85884;189,7355,0.861326
2335,131400;1610,80749,0.983702;95,3042,0.962983;128,4602,0.978177;119,4576,0.855801;130,5164,0.860773
1674,93447;1426,79902,0.989227;75,2219,0.964088;96,3256,0.979282;91,3558,0.856354;103,4099,0.862155
1018,57034;1486,81091,0.994199;59,1401,0.966298;62,2004,0.981768;53,2082,0.854972;61,2442,0.860497
852,47996;1653,80829,0.990884;33,868,0.969613;38,1203,0.98232;36,1436,0.852486;41,1688,0.857735
328,18405;1609,80016,0.987845;34,345,0.970442;24,446,0.982597;13,514,0.853039;14,582,0.858564
