371,261726;369,90158,0.977348;228,46776,0.897238;305,63199,0.958011;370,50690,0.886188;366,56894,0.952762
381,262320;359,88793,0.966575;173,25085,0.869337;206,37621,0.943094;233,28965,0.865193;252,34821,0.912431
388,262354;361,90046,0.983149;191,25854,0.881215;232,38706,0.948066;267,31022,0.86326;268,37303,0.917956
386,262344;367,91433,0.978729;201,26133,0.878453;245,39800,0.948619;275,30051,0.860497;296,37117,0.909116
387,262423;358,90632,0.98232;218,26383,0.86326;255,40179,0.94337;267,29542,0.821823;284,37806,0.912707
389,262427;370,92180,0.978729;215,26442,0.837293;280,40884,0.937017;292,31669,0.824309;293,39177,0.898619
392,262339;377,93477,0.96547;215,27599,0.840331;275,41761,0.935359;295,31865,0.825414;307,40341,0.902762
391,262439;363,90551,0.978453;208,27004,0.861602;270,41154,0.93674;274,30290,0.824033;283,38165,0.901381
393,262427;371,92604,0.965193;233,27218,0.821823;293,42836,0.927624;293,31256,0.815746;304,40531,0.91768
395,262384;372,93748,0.970166;210,27613,0.837845;267,41701,0.940608;284,31434,0.81989;285,39274,0.901381
395,262393;363,91925,0.971547;217,27422,0.834254;283,42385,0.935359;316,31105,0.815746;303,40460,0.897514
394,262377;369,91640,0.969061;211,26736,0.847514;263,42443,0.944751;271,30650,0.804972;291,38245,0.886464
394,262447;371,92691,0.967127;219,27754,0.857735;272,42025,0.937017;297,31619,0.821271;333,40120,0.918785
400,262435;372,93073,0.970994;224,26949,0.840884;258,41378,0.938122;287,31829,0.840884;295,40205,0.918785
394,262290;368,92495,0.967403;208,26927,0.850552;247,40806,0.932597;277,30855,0.839227;311,38496,0.908564
393,262390;367,92699,0.968232;213,27436,0.843646;278,41978,0.928729;302,31552,0.789227;301,40288,0.906354
396,262490;353,92188,0.968232;211,27405,0.832597;277,41747,0.921271;289,31007,0.782597;312,39909,0.9
397,262279;367,91642,0.967403;220,26982,0.86105;266,40985,0.932873;277,31352,0.849448;293,39013,0.914088
400,262444;372,92113,0.968508;208,27857,0.850829;258,41554,0.933149;284,31710,0.842541;294,40034,0.899448
397,262458;374,92281,0.975691;223,27814,0.836188;259,41556,0.927348;280,31297,0.839779;299,39700,0.9
399,262439;375,92564,0.970442;219,27667,0.85442;274,42002,0.945304;279,31099,0.815746;307,39297,0.896961
397,262429;372,92054,0.972099;232,27368,0.841989;285,42362,0.937017;276,30915,0.785083;314,40510,0.906354
399,262348;382,94840,0.977901;236,27428,0.844475;267,41594,0.929282;302,30538,0.803591;308,39273,0.896133
400,262324;368,91990,0.964365;221,26807,0.838674;273,42214,0.934254;294,31579,0.827624;312,40127,0.899724
403,262507;355,92953,0.962707;223,27210,0.841989;275,41666,0.929558;285,31433,0.822376;305,40732,0.89337
399,262426;368,92354,0.971823;221,27747,0.831492;283,41925,0.929834;289,31558,0.795304;297,39451,0.895028
400,262414;368,92512,0.962707;202,27490,0.838398;266,41318,0.922928;293,31218,0.775967;321,40702,0.880387
401,262440;371,92453,0.968508;222,27972,0.83674;273,41378,0.919061;282,31063,0.796685;295,38975,0.884254
403,262358;373,92623,0.971271;217,28121,0.855525;266,40897,0.921271;283,31073,0.803039;297,39816,0.881215
406,262353;370,91758,0.96547;225,28283,0.853315;267,41288,0.912983;289,31475,0.828177;302,39424,0.898619
402,262081;368,91084,0.960773;218,25920,0.844475;253,39836,0.930663;271,29883,0.814088;285,37472,0.893094
401,262398;363,90616,0.966298;213,27081,0.833978;250,40610,0.925967;276,30890,0.816298;283,38548,0.893646
402,262437;369,91680,0.966851;215,26685,0.822652;256,42188,0.918785;277,31001,0.81989;290,39534,0.905525
403,262232;383,91936,0.968508;205,26811,0.827348;260,40619,0.916298;280,30864,0.806077;297,38604,0.89337
409,262468;373,93586,0.968508;226,27451,0.839779;267,41729,0.922376;276,31051,0.812431;307,39510,0.892818
404,262437;372,92446,0.973204;210,26048,0.826243;269,40624,0.929558;296,30951,0.835083;298,39192,0.909392
399,262424;368,92433,0.967956;226,26685,0.836464;268,41918,0.926519;284,31633,0.833702;287,38500,0.892265
405,262358;367,92201,0.969061;203,25735,0.818508;254,40901,0.932044;271,30983,0.804144;291,39174,0.884807
404,262461;367,91836,0.972652;212,26291,0.831492;267,39979,0.929558;274,30779,0.833978;302,38553,0.888122
414,262443;361,91893,0.967127;208,26810,0.831768;267,42055,0.943094;281,30622,0.820442;308,39533,0.897238
425,262247;366,91641,0.96547;211,26621,0.85663;266,39772,0.937569;292,30315,0.817127;283,37332,0.896133
426,262331;372,92636,0.976243;215,25994,0.872928;263,39842,0.932044;279,31237,0.836188;282,37616,0.900552
412,262356;364,91433,0.980939;207,26117,0.863536;246,39167,0.939503;280,30169,0.856354;279,37269,0.89337
428,262296;350,91572,0.974862;211,26254,0.833978;256,40019,0.924586;271,30451,0.83674;292,39084,0.892818
415,262309;418,92418,0.972099;220,26223,0.86547;249,39769,0.933978;276,29675,0.818232;292,37447,0.890055
420,262199;405,90848,0.975967;202,24845,0.829006;260,39365,0.942265;265,29126,0.816298;292,36986,0.904696
407,262387;359,91088,0.964088;230,27057,0.868232;255,38870,0.928453;275,31092,0.814641;285,37734,0.88674
403,262498;364,90513,0.970994;228,27128,0.859669;281,41703,0.943923;299,31637,0.84779;303,39793,0.898343
408,262446;347,92006,0.973757;215,27507,0.867956;283,41255,0.941436;284,31043,0.835635;305,39185,0.899724
405,262430;371,91657,0.976796;218,26682,0.859945;270,39674,0.935083;277,30228,0.825414;283,38229,0.898895
424,262442;364,90256,0.976519;220,26657,0.850829;272,41247,0.93674;278,30852,0.835083;291,39248,0.909116
423,262326;365,91273,0.966575;209,25736,0.836464;259,39350,0.928177;279,30391,0.820442;289,37586,0.890055
411,262478;372,92353,0.96989;202,26677,0.851105;271,40832,0.923757;285,31503,0.830939;312,39359,0.889227
412,262354;367,90977,0.968508;221,27038,0.849724;280,40033,0.926243;275,30189,0.8;292,38999,0.897238
410,262404;374,91177,0.973204;245,27104,0.843094;296,40857,0.933978;285,31602,0.830387;299,39304,0.89116
418,262118;368,91618,0.958011;205,25956,0.825967;257,39642,0.916575;285,30503,0.809392;305,39507,0.888674
415,262343;363,91369,0.973204;196,26726,0.834254;254,40368,0.920718;279,31238,0.826796;310,39859,0.896961
413,262449;374,92841,0.977072;220,27192,0.849448;267,42048,0.93453;291,31077,0.810497;300,40605,0.90442
410,262404;369,90937,0.968232;241,27563,0.846685;278,41917,0.936188;286,31301,0.797514;300,39593,0.902762
410,262448;371,92549,0.961602;217,27209,0.841713;272,41914,0.922928;307,32958,0.825414;316,40261,0.892541
412,262483;370,92538,0.967956;211,27525,0.851105;267,41770,0.927348;280,31124,0.812431;303,39704,0.88674
419,262306;378,93907,0.96989;216,27015,0.823204;269,41577,0.91326;284,31151,0.796961;320,41198,0.887845
415,262489;372,93198,0.966575;237,28159,0.851381;277,42739,0.922652;273,30993,0.803591;321,40563,0.889227
404,262520;374,93625,0.968232;224,27380,0.817127;294,43349,0.920166;304,32098,0.794475;299,40753,0.889779
406,262418;373,93489,0.972928;223,27837,0.83895;271,42343,0.938398;299,31884,0.824586;309,39764,0.894199
409,262383;365,91577,0.965746;224,27437,0.829558;277,43271,0.938398;296,31718,0.825414;325,41495,0.908287
409,262491;371,92788,0.976519;235,27431,0.84116;281,42179,0.931492;294,31856,0.809116;308,40879,0.904696
405,262543;379,92897,0.971547;227,28290,0.842818;286,43064,0.927901;298,32073,0.799171;319,41629,0.896961
405,262427;375,92157,0.957735;218,27361,0.809945;285,42434,0.922652;282,31316,0.801381;312,41217,0.891713
412,262498;377,94238,0.962431;213,27723,0.800552;276,43314,0.927624;305,32653,0.795304;304,41331,0.891436
403,262416;373,92963,0.964365;213,27678,0.822928;274,42680,0.91105;314,32860,0.816851;320,40829,0.88895
408,262503;374,93689,0.970442;218,28503,0.831492;282,43735,0.921823;289,32251,0.817127;315,40902,0.879282
407,262511;374,93529,0.965193;241,29160,0.829834;306,43282,0.925138;306,31686,0.804144;331,41765,0.895028
408,262437;380,94118,0.962155;239,28511,0.819337;280,44021,0.927348;310,32319,0.81989;320,41534,0.883149
408,262434;381,95677,0.967127;213,27866,0.829834;290,42914,0.921547;318,32427,0.800276;318,41626,0.875138
410,262346;349,93803,0.96768;225,28142,0.815746;273,43689,0.914365;298,32031,0.790331;329,42230,0.892818
412,262563;370,94563,0.962155;237,29279,0.828729;280,43559,0.910773;313,32287,0.794475;336,41535,0.872652
405,262443;372,93048,0.959945;216,28200,0.808564;278,43217,0.922099;290,32307,0.783425;316,42066,0.883702
408,262482;368,92136,0.96105;211,27928,0.827624;271,42630,0.918785;296,31603,0.805249;328,40547,0.88011
409,262494;377,93709,0.959669;214,28000,0.849171;290,43024,0.917127;297,32518,0.805249;313,41115,0.893646
410,262384;366,91673,0.962707;218,27006,0.829282;273,42308,0.925691;303,32249,0.792818;307,40619,0.862707
409,262435;378,93636,0.967127;219,28400,0.842265;276,43239,0.928453;302,32626,0.814641;323,41283,0.890055
409,262500;377,92394,0.964365;210,27953,0.838674;272,42730,0.937569;304,31748,0.792818;331,41313,0.877348
408,262418;379,93520,0.966022;235,27235,0.842265;274,42411,0.920718;281,30485,0.771547;312,40109,0.876243
407,262535;374,92313,0.958011;240,28499,0.838398;275,43730,0.923204;293,32489,0.817956;307,41079,0.904144
412,262478;370,93036,0.963812;222,27827,0.826796;269,41533,0.914641;281,31343,0.80663;301,41262,0.90221
406,262479;372,92831,0.962155;196,27455,0.841989;272,42283,0.920718;262,30919,0.809392;275,39070,0.903315
407,262492;370,91693,0.969337;206,27328,0.844751;250,41650,0.931215;284,30816,0.801105;305,38951,0.885359
411,262417;369,92013,0.964641;218,26763,0.848895;268,41025,0.931768;272,30557,0.807735;302,39268,0.880663
412,262463;374,92858,0.967403;212,26471,0.840608;248,40332,0.929282;299,31529,0.832597;301,39078,0.872099
413,262406;372,91611,0.971547;233,26305,0.835083;266,40282,0.928729;276,30658,0.8;282,37894,0.887845
407,262386;366,90667,0.970166;205,25814,0.834807;254,41023,0.940055;285,30110,0.811602;285,37042,0.883702
410,261950;374,92021,0.96989;207,25780,0.84116;248,39304,0.935359;272,30858,0.84116;295,38402,0.904972
407,262470;360,89249,0.977348;208,26331,0.870442;248,39232,0.940055;275,30880,0.84116;293,38586,0.901105
418,262322;371,90837,0.979006;207,25080,0.855249;253,38065,0.937845;264,29623,0.829282;279,37570,0.912707
421,262347;371,91213,0.975691;213,25315,0.852762;267,38940,0.929006;266,30134,0.803591;286,37518,0.905801
427,262205;367,90046,0.974586;203,25026,0.852486;257,37563,0.925414;278,29680,0.820994;275,35753,0.883978
441,262271;367,89437,0.975414;195,24906,0.866022;264,38805,0.934254;265,28973,0.835912;301,36673,0.906906
418,262336;368,90432,0.96768;204,24854,0.857735;250,37483,0.936188;262,29161,0.817127;265,36615,0.885359
407,262399;369,90783,0.980663;197,25160,0.848066;250,38911,0.946409;262,30019,0.827072;278,37541,0.895856
411,262265;363,89593,0.973481;200,24736,0.865193;240,37841,0.937845;251,28833,0.834254;265,35653,0.890331
409,262269;345,89690,0.970994;188,24637,0.845304;229,37070,0.936188;254,29274,0.844475;268,35318,0.892818
412,262262;367,89305,0.977348;213,25249,0.872652;254,38405,0.940608;277,29939,0.840331;271,36347,0.894199
409,262216;369,90037,0.976243;225,24775,0.866575;264,37062,0.943094;253,28796,0.83895;269,35638,0.911602
404,262313;365,88827,0.98232;181,24046,0.850829;250,37963,0.955801;264,28997,0.84337;262,35886,0.904696
413,262252;367,88020,0.969613;189,24907,0.874586;250,37084,0.945028;274,28972,0.85221;272,35153,0.891713
414,262341;367,89177,0.974862;190,24536,0.886464;239,36639,0.943094;249,28605,0.83453;273,35503,0.897514
422,262210;363,88282,0.976243;198,23562,0.866575;246,35512,0.942265;253,28116,0.828729;280,35156,0.89779
416,262239;370,89543,0.98674;204,23798,0.869613;239,36422,0.950829;258,28395,0.851934;266,34188,0.898619
407,262189;370,89248,0.98232;200,23511,0.872928;250,35020,0.945304;254,28466,0.829006;250,33238,0.868785
415,262161;364,87719,0.977072;183,23603,0.876243;246,35235,0.96326;252,28440,0.844199;254,34013,0.886188
408,262175;369,87780,0.974586;195,22703,0.880939;226,34197,0.943923;232,27513,0.853315;248,33247,0.891713
408,262239;365,87178,0.98011;194,23587,0.877901;244,36221,0.962707;248,28041,0.864365;255,32987,0.893646
409,262233;365,87820,0.981492;218,23274,0.864088;232,34957,0.940884;247,27935,0.84779;262,33870,0.911878
405,262215;367,88273,0.981215;182,23006,0.89779;239,35406,0.95;232,27401,0.835083;256,33401,0.88674
408,262266;368,88801,0.984807;200,23137,0.901105;246,34250,0.95221;250,27439,0.84558;256,32822,0.909116
406,262199;361,86446,0.970994;211,22564,0.893646;243,34410,0.959392;240,26313,0.828177;236,32063,0.909945
408,261871;363,86554,0.981492;176,21990,0.877901;225,33190,0.951105;235,26032,0.820994;237,30877,0.884254
411,262189;373,87275,0.983149;195,22821,0.903039;220,32736,0.957459;226,27203,0.864641;240,30714,0.897514
409,262198;365,86916,0.98674;182,22668,0.864088;228,33923,0.945856;221,26968,0.850552;228,31780,0.889503
414,261941;363,86406,0.983978;172,21512,0.889227;208,31819,0.950552;217,25412,0.834807;225,29936,0.887017
404,262142;361,84920,0.981492;171,21315,0.897238;225,31880,0.953039;223,26258,0.853591;226,30411,0.872099
408,262098;362,85593,0.988398;172,21266,0.903591;206,30612,0.951381;213,25968,0.844199;208,29094,0.883978
413,261995;360,84617,0.985359;192,20895,0.889503;236,31282,0.959116;232,25450,0.863812;233,29484,0.905801
407,262016;370,87185,0.988398;184,19827,0.883149;233,30658,0.968232;223,25072,0.861878;222,28192,0.871547
416,262092;364,86217,0.985635;179,21291,0.920442;218,30717,0.967127;210,25084,0.855801;230,29465,0.889227
409,261856;360,84454,0.985635;175,19971,0.91105;208,29455,0.96547;198,23977,0.851657;206,27142,0.887569
406,262077;357,83850,0.985359;184,20197,0.901934;231,30322,0.964641;219,24417,0.833149;204,28236,0.882873
411,262047;362,84279,0.985083;164,19145,0.879282;203,28804,0.955801;193,23695,0.838398;218,27898,0.891713
403,262013;329,84189,0.985083;171,19800,0.898343;207,29119,0.969337;212,24585,0.840055;200,26472,0.869613
407,262010;328,85361,0.981492;165,19068,0.915746;201,27889,0.959392;208,24368,0.865193;201,26797,0.881215
406,261964;333,84416,0.982873;159,18672,0.88895;187,28349,0.96326;200,23575,0.865746;212,26556,0.869613
405,261887;324,83397,0.98674;169,18992,0.905801;192,27427,0.956906;186,22879,0.866298;194,26450,0.881215
408,261955;327,83194,0.987569;157,19461,0.914917;194,27251,0.948895;189,23559,0.849724;208,26066,0.887017
400,261976;327,82798,0.991436;170,18600,0.91547;184,27784,0.965193;187,23109,0.855525;194,25661,0.879282
403,261844;319,81743,0.981492;150,17909,0.910221;176,25487,0.947514;173,22592,0.851934;184,25140,0.876796
398,261917;323,81189,0.991989;148,17761,0.923757;196,26280,0.966298;174,21868,0.846961;197,24189,0.865193
399,261784;327,82459,0.993646;148,17477,0.916575;186,25008,0.960221;184,22355,0.868232;190,23913,0.861326
397,261857;320,81493,0.988674;157,17030,0.91105;198,24675,0.94558;171,21577,0.842818;177,23795,0.86547
405,261569;323,81970,0.987569;144,17280,0.912155;182,25619,0.959116;171,21662,0.849171;184,24277,0.874862
404,261775;325,82969,0.986188;144,16533,0.888122;178,25110,0.96105;168,21372,0.828729;180,23837,0.854696
403,261886;323,81894,0.990055;153,16977,0.870442;195,25104,0.953039;186,21785,0.832597;187,24342,0.855249
401,261816;325,81631,0.989779;154,16859,0.893923;176,24375,0.938122;166,21189,0.842265;195,23545,0.857182
401,261936;327,82384,0.993646;157,17700,0.923757;201,26383,0.95663;183,22341,0.838122;186,24174,0.853867
407,261816;342,82542,0.982044;145,16564,0.909392;189,25047,0.960221;174,21130,0.841989;168,23092,0.870718
399,261889;358,82463,0.98453;147,17529,0.911326;177,25131,0.957459;168,21524,0.822928;183,24013,0.85884
408,261939;330,83034,0.984254;150,16879,0.897514;179,25492,0.951381;177,22031,0.849724;171,24180,0.866022
412,261819;338,82623,0.992265;145,17128,0.910221;169,24255,0.962155;158,20940,0.84779;192,23786,0.865193
407,261717;342,82551,0.98895;133,16802,0.889227;174,24358,0.938398;168,21126,0.820442;173,23594,0.860773
409,261660;323,81586,0.980939;143,16496,0.891989;182,24614,0.941713;171,21057,0.83895;178,22857,0.856906
408,261832;328,82540,0.987293;156,17038,0.897514;193,25430,0.958564;170,21754,0.844199;180,23978,0.855249
412,261775;324,81861,0.98674;164,17114,0.912707;184,25108,0.973481;165,21218,0.843646;177,23585,0.868508
407,261845;322,82017,0.98232;145,16540,0.895028;175,24836,0.960221;171,21332,0.837569;184,23261,0.860221
403,261774;345,82292,0.98895;150,16938,0.925414;167,23960,0.953867;165,20865,0.844751;175,22767,0.850552
402,261809;351,81031,0.990608;141,16444,0.911326;199,24096,0.967956;168,20263,0.828453;179,22822,0.846685
405,261673;349,81274,0.980939;138,16385,0.904696;172,23634,0.953315;166,21018,0.841436;209,22861,0.834807
400,261787;349,81021,0.973481;132,16165,0.911878;168,23860,0.962707;159,21008,0.840884;178,22880,0.856354
402,261746;356,82279,0.994751;139,16541,0.911602;198,24983,0.969061;170,21617,0.832044;182,23611,0.850276
401,261852;358,82722,0.996409;146,16871,0.91547;174,24670,0.971547;162,21278,0.831492;168,23250,0.859116
404,261814;334,81617,0.991436;141,16488,0.919613;173,24252,0.969337;158,20924,0.840331;161,23055,0.85221
401,261622;326,82021,0.985635;145,16317,0.920442;184,23865,0.966851;184,20849,0.854696;181,22282,0.859392
398,261786;321,82364,0.99116;161,16370,0.910497;193,24560,0.964917;167,21253,0.840055;182,23738,0.862983
421,261809;322,80597,0.982044;141,16328,0.918508;187,24363,0.970442;160,20570,0.84337;164,22364,0.849448
403,261800;320,80786,0.978729;138,16427,0.913812;174,23924,0.957735;175,20305,0.791989;216,22747,0.830663
406,261706;325,81783,0.991989;177,16087,0.916022;204,23187,0.955525;183,21341,0.809116;177,22839,0.851105
402,261795;320,80787,0.986188;140,16128,0.909669;181,23526,0.95;173,21118,0.836464;172,23083,0.852762
401,261766;320,80451,0.99337;146,16416,0.899171;192,24505,0.95442;180,21297,0.831768;186,22938,0.851381
400,261816;319,80558,0.985359;165,16868,0.925691;177,24312,0.959116;170,21233,0.835083;185,23404,0.854972
397,261794;322,81861,0.987569;146,16263,0.912431;180,23704,0.950829;166,20686,0.812155;168,22674,0.843094
402,261836;328,82367,0.991713;144,16708,0.910773;187,24284,0.954972;186,21525,0.819337;181,23465,0.842265
397,261813;330,82805,0.990608;151,16410,0.90663;175,23666,0.954144;162,20395,0.823481;178,22676,0.854696
398,261833;321,82047,0.978729;147,16656,0.894199;194,25231,0.968508;165,20479,0.814088;169,22892,0.844475
401,261753;325,81635,0.98674;139,16271,0.905801;167,23402,0.950829;176,20600,0.820718;182,23355,0.843923
396,261803;334,82347,0.987017;147,16757,0.91105;180,24389,0.969061;168,21520,0.842818;174,23268,0.853039
400,261739;318,80832,0.988398;151,16050,0.914365;172,23801,0.96768;157,20473,0.848895;165,22255,0.858564
404,261651;320,80783,0.987569;137,15810,0.908564;173,22829,0.958011;159,20509,0.822099;180,22872,0.860221
403,261672;315,80405,0.983425;142,15943,0.904144;170,23598,0.972928;158,20196,0.824309;175,22819,0.856077
399,261815;319,81068,0.985635;146,16461,0.917956;179,23777,0.958287;155,20853,0.803039;169,22576,0.839779
403,261717;314,80057,0.986464;143,15854,0.921271;172,22820,0.954696;172,20782,0.804972;178,22316,0.836188
400,261774;321,81297,0.990884;142,15729,0.901381;179,22940,0.953591;166,20399,0.807459;176,22877,0.840331
398,261715;318,80946,0.984807;139,15657,0.909945;170,22714,0.962431;167,20346,0.837569;168,22091,0.855249
398,261707;321,80456,0.985083;132,14924,0.900552;173,22398,0.966022;153,19218,0.813812;168,20969,0.853039
399,261759;321,80901,0.993646;167,16265,0.914641;180,22843,0.95663;167,19926,0.830939;161,21552,0.853315
405,261596;322,81679,0.98674;131,15448,0.897514;163,22371,0.954696;169,20129,0.849724;158,21647,0.853039
404,261415;314,79328,0.987293;144,15198,0.91768;167,22217,0.958287;149,19177,0.839503;159,20691,0.858011
402,261696;321,80985,0.986464;142,15704,0.910221;170,22398,0.93895;169,20351,0.844751;172,21969,0.851105
402,261732;327,82106,0.990608;139,15660,0.902486;165,23370,0.940884;156,19982,0.827901;165,22252,0.843923
402,261711;350,79711,0.985912;133,15169,0.918508;157,22046,0.938122;150,19793,0.823204;161,21999,0.85663
406,261726;349,79440,0.982044;136,15665,0.924033;161,22851,0.961326;155,19726,0.831215;159,21827,0.868785
403,261668;358,80034,0.974033;165,15392,0.929282;162,22215,0.967127;152,19782,0.837845;163,21155,0.85
402,261606;347,79611,0.992818;135,14878,0.916022;164,21612,0.96326;166,19607,0.837569;160,20924,0.842818
407,261532;348,79136,0.989503;136,14692,0.910773;179,22189,0.966851;159,19608,0.828729;172,20887,0.841989
404,261529;352,80304,0.990331;127,14425,0.906077;163,20756,0.960221;160,19206,0.832597;162,20986,0.843646
405,261603;347,79330,0.990331;134,14651,0.916575;177,21674,0.965193;159,19231,0.826243;155,20571,0.833978
402,261369;345,78751,0.988398;126,14848,0.924586;152,21200,0.974862;149,19344,0.822376;146,20110,0.837569
404,261485;354,80194,0.983702;134,14581,0.910497;191,21103,0.961878;163,19202,0.808011;159,20234,0.821547
402,261684;357,80410,0.981768;141,14965,0.899448;158,21653,0.963812;157,19337,0.822099;177,21713,0.83453
410,261582;348,79754,0.985912;125,14275,0.912155;154,21026,0.976796;146,19179,0.813536;155,21143,0.827348
408,261682;351,80760,0.989779;138,15077,0.917127;171,22021,0.973204;160,19493,0.803039;170,21350,0.840331
407,261665;345,79419,0.976243;143,14714,0.926796;178,21232,0.977901;148,18915,0.80442;162,21258,0.851657
409,261647;350,80019,0.976243;133,14398,0.910773;166,21261,0.965746;159,19582,0.821271;160,21015,0.843923
411,261588;357,81468,0.975691;140,14865,0.903591;170,22063,0.965193;155,19494,0.824309;157,20793,0.829558
404,261703;353,80127,0.989227;126,14983,0.898066;156,21537,0.962707;151,19453,0.816022;165,20931,0.826796
409,261637;350,79616,0.987845;129,14322,0.914088;169,21876,0.964641;159,20028,0.828177;163,21463,0.840608
406,261513;348,79091,0.983978;127,14357,0.91768;143,20281,0.967956;140,18492,0.821823;153,20261,0.847514
399,261644;353,80561,0.983425;130,14340,0.907735;159,21202,0.95442;142,18981,0.80884;150,20398,0.83453
401,261693;352,80198,0.979558;120,14059,0.904972;157,21068,0.953039;151,19372,0.816575;161,20734,0.836188
411,261630;348,78960,0.983425;138,14129,0.900829;156,20185,0.946409;139,18311,0.809116;152,20004,0.838398
406,261567;343,78264,0.972652;127,14196,0.907459;160,19938,0.941436;139,18365,0.812983;151,19923,0.828177
399,261570;347,78829,0.983702;127,14214,0.905525;157,20064,0.941436;144,18543,0.818785;158,19780,0.83011
404,261517;346,79137,0.984254;139,14381,0.908011;159,20719,0.954696;148,18546,0.833702;152,20258,0.837569
399,261544;348,79262,0.989779;116,14040,0.916851;152,20236,0.960773;144,18207,0.832873;150,19980,0.839227
399,261647;346,79065,0.983978;135,14238,0.919061;152,19910,0.959945;146,18582,0.833978;149,19790,0.84116
401,261620;348,79193,0.984254;123,14062,0.93011;162,19960,0.969613;143,18383,0.825691;151,19143,0.833978
400,261621;351,79669,0.976519;119,14015,0.91989;160,20401,0.966575;147,18422,0.81989;152,19586,0.830939
396,261647;341,77597,0.983978;148,14465,0.920718;155,20597,0.960221;148,18846,0.816022;156,20413,0.827901
416,261636;349,79497,0.982044;136,14179,0.917127;155,20412,0.963536;143,18509,0.808287;157,20226,0.84116
410,261601;352,79848,0.970442;116,13812,0.90663;181,20655,0.964917;169,18552,0.805249;161,20167,0.840608
405,261625;346,78657,0.981768;141,13890,0.924862;150,19733,0.956906;144,18156,0.816575;147,19145,0.818232
405,261483;343,78226,0.989227;125,13486,0.898619;157,18800,0.938398;145,18421,0.803591;151,19933,0.820166
399,261597;343,78479,0.978177;128,14162,0.903591;123,20132,0.961326;139,18055,0.798066;162,20358,0.820166
400,261651;352,79584,0.975967;133,14326,0.898895;164,20255,0.95;172,18804,0.811602;166,20509,0.822928
401,261568;354,80199,0.978177;122,14167,0.912983;138,20385,0.954144;151,18541,0.806906;158,20445,0.825414
403,261506;348,78912,0.985083;131,14181,0.913812;157,20114,0.955249;147,18407,0.799171;149,20385,0.827072
399,261507;352,80242,0.971547;126,14056,0.917956;146,19931,0.95221;143,18790,0.821547;155,19895,0.823481
398,261640;348,78879,0.979558;117,14021,0.918785;148,20458,0.96768;143,18636,0.81768;150,19965,0.817403
400,261435;350,78977,0.982044;128,13710,0.91326;161,20181,0.96768;145,18238,0.815193;149,19788,0.819613
401,261561;347,79069,0.983978;122,14048,0.91105;153,20277,0.96105;144,18623,0.807735;150,19948,0.81105
400,261638;342,79183,0.983149;132,14363,0.912431;164,20897,0.956354;151,19490,0.817127;159,21422,0.837293
399,261534;337,78522,0.986464;130,14730,0.927624;153,21143,0.969613;143,18453,0.805525;146,20167,0.830663
397,261598;345,79796,0.989503;120,13876,0.932597;148,19651,0.962707;140,18467,0.80663;147,19885,0.829006
403,261452;346,80196,0.988674;121,13492,0.911602;160,19545,0.959945;139,18286,0.815193;154,19985,0.835359
402,261578;337,78963,0.981492;114,13770,0.904696;146,19199,0.940331;153,18873,0.830939;149,19662,0.835359
403,261567;338,78148,0.995028;134,13548,0.918232;153,19355,0.953315;141,18061,0.835083;155,19710,0.840331
398,261608;348,79595,0.98232;125,13669,0.924862;157,19377,0.96105;142,18080,0.824033;149,19822,0.840055
397,261575;346,79491,0.99116;116,13282,0.925414;147,19662,0.96989;142,18212,0.80663;142,19792,0.83011
398,261618;338,78470,0.990331;123,13853,0.927624;163,19420,0.964641;136,17896,0.801934;141,19019,0.819613
407,261479;328,78873,0.986188;111,13455,0.920994;139,19526,0.964641;141,18325,0.808287;137,19503,0.809392
398,261488;391,77765,0.986188;123,13594,0.922652;150,19544,0.971547;134,17687,0.808287;137,19287,0.819613
400,261357;404,78948,0.982873;113,13694,0.922099;159,19193,0.961326;138,18134,0.801381;146,19867,0.822376
394,261608;332,79543,0.985359;121,13832,0.921547;135,18815,0.945856;140,18461,0.809116;145,19297,0.816298
397,261583;344,78284,0.983978;114,13466,0.931768;150,19338,0.962431;138,18120,0.822928;150,19651,0.825967
399,261630;339,77072,0.979558;119,13296,0.931215;142,19079,0.964088;130,17514,0.816022;143,18955,0.830387
398,261620;341,78369,0.976796;125,13604,0.931768;148,19172,0.962155;151,18341,0.809116;151,19478,0.822652
394,261626;346,79490,0.987017;110,12807,0.914365;147,19099,0.972099;139,17989,0.809945;151,19503,0.824309
395,261551;334,77991,0.981768;114,13066,0.914641;147,18260,0.962431;136,17645,0.805525;139,19083,0.820994
396,261613;384,79152,0.975691;110,12961,0.900829;137,18349,0.954972;133,18086,0.801105;150,19286,0.81768
395,261456;348,79980,0.986188;119,12865,0.916851;143,18864,0.973481;130,17476,0.804696;140,18986,0.816851
395,261527;343,78177,0.985359;119,12951,0.919061;143,18827,0.971271;140,17920,0.803315;143,18944,0.812983
396,261543;347,79227,0.976796;120,13051,0.912155;136,18604,0.94779;136,17468,0.79558;132,18734,0.814088
396,261615;346,79982,0.985912;121,13276,0.918785;149,19147,0.959945;138,17688,0.795856;142,19103,0.817403
399,261617;338,77560,0.988122;112,13044,0.925138;162,18970,0.953039;139,17815,0.813536;143,18848,0.829006
399,261594;342,77412,0.990055;112,12896,0.921823;147,18277,0.944475;139,17323,0.810221;148,18569,0.819061
402,261564;340,78036,0.988398;125,12969,0.925691;147,18744,0.952486;130,17421,0.811602;136,18684,0.825138
400,261578;338,78118,0.986464;108,13234,0.922376;146,18736,0.960497;129,17611,0.809945;136,18800,0.819337
397,261543;341,78048,0.984807;115,13128,0.919613;151,19027,0.961878;130,17527,0.804972;140,19165,0.815746
399,261469;336,77575,0.989227;110,12775,0.905525;147,18888,0.964088;142,17465,0.814641;147,19007,0.821823
396,261526;335,77625,0.988674;121,13498,0.920718;147,18723,0.953315;133,17690,0.80663;147,18997,0.814917
397,261491;352,77341,0.990884;125,13443,0.91989;160,18950,0.954144;139,18105,0.802486;141,19031,0.80663
401,261438;353,78372,0.987017;117,13364,0.926243;132,18772,0.957459;139,17848,0.80663;147,19477,0.811602
396,261622;348,78011,0.982873;122,13374,0.932044;159,19149,0.96105;135,17701,0.815193;141,19024,0.817127
398,261606;357,78113,0.988122;119,13610,0.932873;155,19277,0.959945;146,17644,0.807182;151,19605,0.820718
398,261540;339,78495,0.992818;115,12807,0.912155;142,18376,0.962707;129,17360,0.81989;143,18979,0.830387
394,261558;352,78384,0.982597;109,12843,0.920994;134,18265,0.968232;126,17217,0.818785;132,18264,0.83232
395,261498;346,78118,0.981215;116,13081,0.945304;134,17686,0.953867;133,16819,0.813536;137,17785,0.816298
396,261577;343,78764,0.987293;117,12991,0.938674;156,18054,0.947514;134,17585,0.809392;143,18888,0.812983
401,261605;336,76324,0.986188;126,13414,0.939227;140,18663,0.964365;139,17587,0.818508;143,18955,0.820994
396,261483;343,78971,0.988398;121,12854,0.939503;151,18944,0.976519;136,17223,0.812155;145,18897,0.820994
397,261501;331,76638,0.98674;114,12481,0.938674;142,17760,0.981215;133,16973,0.79779;144,18327,0.808011
399,261532;335,77807,0.991989;117,12891,0.924586;136,17762,0.966298;140,17576,0.797238;151,19185,0.811602
412,261534;337,78320,0.988122;109,12645,0.930387;130,18218,0.968785;124,17207,0.799448;134,18700,0.80884
418,261550;373,76866,0.980663;106,12501,0.934807;141,18067,0.964365;130,16830,0.794199;142,18103,0.81105
398,261545;343,77849,0.979006;116,12536,0.926796;153,17764,0.961878;136,17329,0.804144;141,18156,0.803867
401,261567;350,78692,0.989227;112,12767,0.920994;145,18269,0.975138;129,17384,0.803315;138,18671,0.805801
401,261509;338,77140,0.99116;104,12258,0.919613;142,18045,0.970442;139,17154,0.812707;138,17870,0.81547
402,261492;336,77167,0.992265;106,12068,0.927624;131,16972,0.96326;123,16558,0.815193;130,17793,0.811602
408,261496;344,76790,0.987569;119,12192,0.927072;141,17320,0.964088;129,16809,0.807735;139,18427,0.811878
403,261526;349,77236,0.983702;113,12710,0.926243;136,17851,0.974033;127,17047,0.812707;136,18293,0.815746
397,261552;338,77662,0.985912;109,12747,0.933425;132,17799,0.970718;129,17143,0.814088;131,18057,0.814365
398,261508;338,77767,0.985635;102,12127,0.920994;137,17817,0.967127;132,16758,0.808564;134,18016,0.816575
400,261421;338,77828,0.989503;121,12367,0.91989;136,17520,0.969061;123,16666,0.808564;134,17979,0.819061
404,261479;338,77721,0.988122;107,11900,0.915193;125,16813,0.971823;125,16490,0.807735;131,17437,0.821271
397,261537;331,76500,0.985359;112,11870,0.912431;125,16968,0.96547;118,15950,0.804696;130,17249,0.818232
389,261497;379,77499,0.988398;113,12014,0.921823;132,16253,0.948895;127,15969,0.786464;131,17337,0.810773
394,261469;338,77453,0.977072;116,12239,0.944199;134,16677,0.951381;127,16306,0.784254;131,17644,0.821547
396,261548;309,76119,0.99337;109,12484,0.946685;132,17298,0.956354;125,16936,0.797514;128,17931,0.81989
399,261333;304,76548,0.977348;106,11872,0.940331;121,16507,0.959392;118,16247,0.806906;125,17204,0.812431
399,261549;312,77416,0.991989;113,12636,0.944199;147,17900,0.968508;125,16979,0.808287;128,17507,0.805801
396,261459;310,76985,0.987293;116,12072,0.938122;142,17327,0.974862;122,15907,0.78453;127,16685,0.792818
392,261496;319,77424,0.985912;109,11964,0.913812;135,17069,0.958564;128,16857,0.803315;137,18094,0.820166
394,261537;314,77682,0.985359;117,11935,0.911602;137,16911,0.946409;124,16376,0.807182;133,17287,0.816022
394,261500;314,76965,0.987293;104,12468,0.93895;131,17212,0.954972;126,16741,0.805249;137,17688,0.825691
397,261458;312,76824,0.993646;102,11978,0.937845;123,16037,0.935359;131,16490,0.812707;134,17427,0.822928
402,261489;312,77886,0.991713;119,11850,0.924586;136,17195,0.946961;133,16690,0.818785;141,18148,0.840884
401,261513;312,77371,0.987017;117,12259,0.924862;146,17562,0.969061;136,16784,0.825414;138,17852,0.837293
402,261452;339,76667,0.986188;119,11832,0.925414;129,16922,0.969061;120,16253,0.81768;123,16933,0.823757
399,261514;347,77526,0.983149;102,12137,0.928729;129,16968,0.972376;122,16835,0.814917;131,17506,0.821547
399,261452;349,78668,0.994475;102,12331,0.937845;123,17110,0.971547;121,16350,0.810773;130,17458,0.818785
402,261453;344,76705,0.984254;112,12042,0.933702;138,17090,0.977072;131,16598,0.81105;143,17700,0.814917
403,261329;342,77345,0.987845;127,11884,0.940608;131,16408,0.958564;118,15951,0.801381;127,16743,0.795856
403,261494;341,76696,0.987569;102,11578,0.929558;132,16066,0.948895;121,16474,0.802762;138,17740,0.809669
402,261402;340,77034,0.988398;109,11852,0.930663;122,16306,0.953867;122,16138,0.803039;127,17067,0.820994
399,261423;312,78333,0.990331;105,12126,0.920166;125,17144,0.961326;128,16276,0.79779;136,17721,0.816298
395,261458;311,76883,0.987845;106,11931,0.939227;127,16530,0.964365;119,16116,0.787293;128,17117,0.807735
396,261495;315,77856,0.985635;105,11532,0.933149;127,16031,0.951934;121,16432,0.796133;136,17835,0.812983
401,261510;313,77591,0.984254;113,11875,0.923481;129,16552,0.957459;127,16347,0.79779;129,17311,0.801657
398,261482;308,76582,0.981215;106,11872,0.918785;126,16729,0.943923;120,16405,0.794751;126,17777,0.806077
400,261279;315,78703,0.983149;100,11865,0.931768;118,17026,0.951934;136,16661,0.812155;146,17701,0.81326
399,261493;305,76463,0.988122;104,11861,0.914917;134,16941,0.963812;126,16262,0.806354;145,17892,0.814088
400,261522;311,76908,0.973204;125,12090,0.922652;136,16673,0.958011;121,16032,0.806077;129,17211,0.803039
398,261532;313,77765,0.991713;95,11909,0.912155;137,17010,0.967127;122,16331,0.81326;130,17303,0.813812
400,261471;312,77742,0.99116;100,11946,0.927624;136,16815,0.964088;120,16134,0.803591;133,17416,0.815193
401,261434;300,75336,0.995856;112,11932,0.937293;130,16561,0.956906;135,16495,0.804972;141,17977,0.811602
396,261503;301,76719,0.984254;114,12193,0.934254;134,16615,0.960221;125,16384,0.792541;136,17992,0.811602
399,261520;308,77388,0.99116;106,12268,0.942541;124,17166,0.95663;123,17027,0.805801;132,18280,0.810221
408,261523;312,77817,0.990331;105,12134,0.937293;134,17511,0.959669;129,16336,0.801105;139,18115,0.809392
395,261529;332,77770,0.988398;106,12157,0.925414;135,17321,0.972652;126,16583,0.805525;131,17581,0.803039
396,261527;339,77189,0.990608;96,11783,0.919613;127,16836,0.976796;131,16856,0.812431;139,18069,0.810773
398,261507;347,78392,0.992541;101,11935,0.93674;132,16771,0.972928;131,16575,0.813812;142,17779,0.812431
403,261446;340,77943,0.994199;114,11950,0.94558;132,17010,0.973757;106,16234,0.806354;131,17602,0.820718
397,261471;344,77688,0.990884;120,11948,0.94558;129,16644,0.965746;123,16458,0.812155;124,17683,0.822376
400,261334;340,77603,0.982873;94,11859,0.949724;124,17130,0.971271;116,16629,0.817403;131,17428,0.812983
399,261541;351,77785,0.992265;108,12328,0.95442;139,16927,0.955525;128,16552,0.823481;132,17580,0.817127
398,261349;343,76738,0.985359;100,11655,0.942541;135,16419,0.962431;118,15684,0.817403;123,16889,0.813812
399,261455;340,77075,0.983425;100,11802,0.942541;122,16341,0.975138;123,16270,0.809392;129,17535,0.826519
407,261493;340,76551,0.991989;103,11556,0.93674;133,15998,0.973757;127,16252,0.817956;124,16884,0.820442
403,261514;341,77184,0.98674;114,11693,0.923757;126,16519,0.957735;124,16684,0.81326;133,17579,0.815193
397,261496;338,76628,0.985083;100,11932,0.940884;119,16282,0.966575;121,16540,0.818508;126,17450,0.812707
397,261495;339,77174,0.991713;96,11385,0.93011;125,16299,0.958011;121,16660,0.815746;131,17659,0.812983
401,261341;342,76949,0.992818;99,11736,0.935083;130,16563,0.958011;122,16207,0.806077;126,17511,0.810773
399,261505;336,76584,0.989227;113,12234,0.941436;142,17238,0.963536;122,16185,0.790055;126,17347,0.805525
399,261422;343,76840,0.987293;103,11751,0.930663;129,17230,0.980939;125,16688,0.799724;129,17521,0.807182
393,261500;339,76886,0.990331;105,11733,0.938122;126,16368,0.96768;121,15988,0.796133;128,17259,0.811326
399,261506;342,78106,0.991436;109,11754,0.925414;125,16428,0.959945;118,16189,0.79558;132,17213,0.806354
399,261411;346,77883,0.994475;91,11314,0.908011;123,16945,0.959116;123,16593,0.806354;132,17688,0.812155
394,261479;336,76536,0.98453;112,11799,0.933425;143,16801,0.964641;120,16484,0.804144;132,17504,0.814917
398,261399;338,76341,0.985359;95,11502,0.929834;125,16558,0.977072;121,16072,0.810497;122,16969,0.809116
397,261513;339,77262,0.994475;105,11816,0.941713;143,17192,0.990055;122,16071,0.810221;130,17105,0.80663
399,261451;332,76104,0.986188;102,11578,0.943094;124,16583,0.98895;120,15595,0.804696;125,16900,0.808564
398,261450;336,76175,0.993923;99,11260,0.930663;118,16102,0.980387;118,15582,0.791989;125,16914,0.818232
400,261493;337,77051,0.990331;111,12063,0.951381;126,16581,0.980387;114,15632,0.792265;126,17199,0.81989
398,261440;341,77955,0.993646;97,11821,0.954696;124,16435,0.977624;120,15857,0.79779;126,17227,0.811878
398,261469;344,76230,0.987845;102,11818,0.950552;123,16643,0.979558;129,16340,0.814365;123,17507,0.816298
404,261422;341,77176,0.992265;101,12306,0.945856;133,16610,0.971823;120,15992,0.816298;126,17119,0.811326
401,261472;346,77486,0.990884;100,11888,0.947238;121,16523,0.972928;119,16126,0.81326;128,17247,0.820994
401,261424;345,77238,0.992265;106,11690,0.950276;137,16348,0.964365;124,15923,0.807459;129,17035,0.814917
404,261423;334,76653,0.989503;97,11551,0.937569;121,16027,0.959116;123,16095,0.802762;131,17092,0.804972
400,261465;344,78041,0.98453;105,11778,0.93011;132,16196,0.96547;134,16215,0.803039;127,17148,0.79558
404,261494;338,76885,0.98674;101,11689,0.926796;125,15702,0.950552;125,16327,0.803315;136,17313,0.803591
403,261300;331,75964,0.985912;103,11414,0.933425;125,16053,0.96105;119,16186,0.803039;121,16887,0.800552
401,261479;339,77336,0.994199;117,11855,0.949171;128,16254,0.960773;131,16327,0.808564;133,17386,0.812155
406,261451;344,77665,0.976519;103,11592,0.943646;144,16410,0.959116;123,16017,0.813536;133,16941,0.815193
401,261277;338,76777,0.99116;104,11598,0.940608;125,16394,0.961326;116,16256,0.818508;120,17123,0.820994
403,261458;338,77003,0.990608;98,11853,0.96326;130,15940,0.972652;122,15673,0.811326;126,16678,0.822652
400,261327;339,76570,0.98011;107,11479,0.951657;127,15790,0.974309;118,15887,0.798619;125,17081,0.816851
397,261462;350,78139,0.981768;94,11596,0.948343;121,16099,0.968508;119,16252,0.807182;128,17150,0.817127
399,261421;338,76655,0.995028;91,11430,0.953315;119,15928,0.962983;112,16064,0.800276;127,17039,0.806354
397,261478;339,76939,0.988674;97,11748,0.943094;120,16712,0.966575;121,16530,0.807735;122,17300,0.804972
399,261492;347,78035,0.990055;101,11973,0.952486;122,16750,0.962707;119,16338,0.805801;134,17535,0.80884
403,261393;339,77150,0.990608;104,11622,0.939227;127,16509,0.955525;118,16361,0.801105;117,17442,0.813536
398,261489;340,77530,0.98011;92,11552,0.93895;121,16633,0.966575;120,16247,0.805249;130,17110,0.812707
398,261358;340,76753,0.986464;99,11482,0.920442;128,16171,0.969613;112,15777,0.796133;117,16941,0.812707
400,261365;339,76814,0.991436;91,10999,0.914088;117,15544,0.959669;119,15933,0.801105;123,16833,0.813536
398,261460;338,76722,0.988398;101,11559,0.920166;118,16649,0.96547;109,15811,0.80221;119,16843,0.814365
400,261293;343,77670,0.999171;101,11677,0.935912;123,15807,0.966298;113,15699,0.810773;121,16647,0.822376
396,261449;333,76481,0.99558;97,11521,0.94337;119,16330,0.970994;112,15496,0.802762;118,16581,0.816022
392,261475;343,77000,0.995304;98,11608,0.943094;119,15749,0.960221;115,16144,0.80884;121,17020,0.808011
395,261435;339,76501,0.990608;99,11466,0.938122;125,16052,0.964641;119,15805,0.809945;126,17087,0.820718
398,261471;339,77458,0.987017;92,11402,0.938674;112,15815,0.956354;115,16070,0.820994;118,17071,0.818232
400,261479;343,76821,0.995028;98,11520,0.929558;127,16084,0.960221;122,15831,0.819613;126,17005,0.820166
398,261468;343,77758,0.988398;99,11420,0.938674;122,15767,0.963812;114,15825,0.808287;127,16980,0.809392
399,261493;341,76432,0.993094;112,11623,0.940055;135,15953,0.964917;114,15914,0.806354;121,17150,0.821547
398,261394;375,77155,0.988398;94,11054,0.93011;118,15764,0.966298;117,16060,0.807459;126,16910,0.819337
398,261289;344,77581,0.989503;97,11199,0.936188;121,16157,0.967403;125,15837,0.820994;123,16747,0.820166
398,261437;341,77378,0.996409;100,11214,0.926519;131,16198,0.975138;116,15811,0.814917;120,16626,0.808011
399,261488;336,76875,0.986464;92,11171,0.920166;118,16015,0.969337;114,16111,0.816022;125,17482,0.818508
398,261472;331,76766,0.991713;98,11665,0.932873;126,16194,0.96768;118,15974,0.811326;125,17169,0.820442
399,261384;338,77064,0.979558;105,11808,0.941436;124,16100,0.965746;114,16056,0.808564;125,17233,0.81768
397,261472;336,77553,0.994199;95,11531,0.933702;121,16506,0.972652;110,15616,0.800276;118,17007,0.814917
405,261494;336,76666,0.993923;97,11407,0.932873;114,15848,0.967956;117,15956,0.792818;127,16807,0.799448
410,261375;332,76917,0.989503;110,11516,0.935083;123,15433,0.960221;127,16090,0.798619;129,17019,0.806906
411,261433;334,76637,0.983425;102,11586,0.940884;132,16030,0.958287;124,15843,0.811326;128,16707,0.808564
399,261539;332,76722,0.993646;108,11625,0.93674;136,16627,0.967403;116,16365,0.811602;123,16937,0.792541
399,261461;334,76949,0.987017;105,11836,0.951657;119,16160,0.975138;115,16134,0.817127;120,17066,0.812983
393,261313;335,76442,0.996133;94,11166,0.946409;114,15802,0.972652;119,15586,0.810221;126,16823,0.821823
397,261427;343,78162,0.996409;97,11375,0.942818;119,16039,0.977624;108,15437,0.8;113,16342,0.80884
402,261448;329,75523,0.987569;91,11157,0.940884;108,15250,0.966575;114,15696,0.810497;117,16574,0.81326
405,261371;333,76537,0.993646;98,11376,0.935083;128,15867,0.959669;110,15592,0.796685;123,16557,0.811326
395,261465;328,76138,0.983149;97,11083,0.935635;121,15446,0.955525;116,15391,0.779006;126,16502,0.809945
401,261311;331,75878,0.985359;121,11131,0.950276;143,15319,0.961326;140,15652,0.803591;152,16111,0.804144
398,261402;333,76039,0.988674;125,11013,0.941436;122,15465,0.947238;118,15264,0.804972;139,16567,0.80663
397,261418;327,75952,0.993646;100,11137,0.939503;131,15483,0.943646;127,15206,0.803867;127,16599,0.81105
397,261496;310,77508,0.99779;104,11462,0.921823;124,16068,0.944199;121,15928,0.808287;134,17212,0.820166
398,261304;325,77621,0.983425;113,11860,0.937569;135,16485,0.966851;121,15765,0.816575;124,16544,0.80884
396,261377;313,77095,0.981768;102,11076,0.937017;120,15082,0.967403;117,15288,0.810221;127,16356,0.81105
399,261163;306,76530,0.987569;100,11409,0.943646;123,16023,0.971547;114,15274,0.804144;121,16238,0.80663
407,261348;313,77936,0.977348;100,11095,0.935912;127,15974,0.979558;128,15585,0.809669;133,16717,0.80221
397,261407;309,76829,0.995856;97,11111,0.930663;125,15601,0.967403;115,15500,0.810221;122,16589,0.803591
396,261403;314,77280,0.99116;103,11042,0.93674;124,15604,0.962155;116,15452,0.813536;123,16379,0.805801
398,261429;302,76282,0.993923;95,11335,0.93674;117,16056,0.961602;112,15378,0.803039;129,16471,0.803315
399,261420;308,77583,0.987293;97,11425,0.932597;125,15831,0.969061;122,15929,0.809392;129,16819,0.814641
406,261152;303,76432,0.986464;102,11468,0.935635;122,16220,0.973757;122,15552,0.811602;122,16585,0.81768
400,261468;311,77232,0.994751;99,11625,0.958011;118,15614,0.970442;115,15990,0.821271;124,17031,0.818785
400,261324;310,76343,0.980939;104,11192,0.951934;124,16059,0.974309;110,15273,0.811602;127,16096,0.812155
398,261367;309,76074,0.979558;93,11292,0.948619;119,15764,0.98011;110,15314,0.803591;112,16214,0.803867
399,261436;307,75704,0.987569;89,10957,0.933702;114,15581,0.974309;107,15069,0.801934;122,16335,0.804144
403,261387;304,75654,0.991436;102,11280,0.94116;123,15636,0.976519;110,14884,0.805249;122,15930,0.807735
396,261426;310,77283,0.98453;87,11085,0.935359;114,15734,0.973757;104,15416,0.81768;110,15865,0.8
401,261348;305,76395,0.993094;90,11793,0.949171;107,15695,0.96326;114,15854,0.81547;116,16711,0.803591
402,261459;306,76530,0.994751;92,11552,0.943094;118,15791,0.949724;105,15580,0.808564;121,16452,0.801934
399,261410;309,76289,0.989503;102,11725,0.946133;124,15688,0.962983;122,15613,0.819061;129,16855,0.820718
404,261356;306,75841,0.990884;96,11069,0.937293;120,15068,0.957182;115,15018,0.803591;122,16152,0.805249
399,261433;327,77478,0.99337;104,11013,0.937293;113,15218,0.958011;95,15230,0.806077;119,16229,0.805249
401,261288;313,76847,0.98453;96,10901,0.922928;116,14636,0.944199;111,15207,0.808564;119,15915,0.793923
407,261427;311,76933,0.987569;95,11155,0.944199;112,14576,0.944751;107,14496,0.810773;131,15330,0.808564
398,261385;309,76878,0.996685;96,10822,0.948895;119,14950,0.960497;108,14456,0.795304;113,15100,0.788674
398,261436;314,76607,0.988398;92,10700,0.918508;116,14639,0.948619;111,15020,0.790331;113,15459,0.777624
400,261334;334,75417,0.993646;95,10847,0.907735;119,15088,0.959669;109,14743,0.781768;112,15456,0.769613
399,261492;338,77101,0.99779;94,11176,0.921271;123,15600,0.961602;110,15385,0.782873;118,15982,0.773204
402,261420;314,78341,0.990608;100,11448,0.922099;123,15720,0.961878;113,15118,0.78011;118,15918,0.777624
403,261365;301,76321,0.986188;99,11844,0.947514;122,16106,0.966022;118,15587,0.798895;129,16772,0.81105
402,261452;319,76040,0.986188;101,11289,0.948895;129,16356,0.970718;127,15878,0.803591;135,16832,0.81326
401,261377;310,77359,0.992265;109,11356,0.949171;131,16258,0.978729;121,15426,0.795304;124,16599,0.811326
412,261458;305,76618,0.98895;98,11260,0.954696;124,15696,0.972652;119,15375,0.795304;125,16614,0.810773
400,261389;314,76878,0.991436;97,11220,0.94779;124,15750,0.980387;119,15640,0.797238;116,16206,0.803591
398,261405;312,76494,0.993094;95,11011,0.940884;119,15658,0.972652;114,15058,0.794199;120,16270,0.802762
395,261411;312,77097,0.985083;104,11290,0.95221;134,15631,0.974862;121,15290,0.784254;122,16012,0.790608
399,261255;310,77384,0.987293;91,11071,0.933978;117,15192,0.969337;117,15342,0.797514;121,15976,0.787845
401,261292;337,76644,0.995856;99,11221,0.935635;121,15411,0.964641;120,15663,0.801657;127,16502,0.803315
402,261436;333,75482,0.993923;108,11122,0.938122;124,15174,0.954972;117,15229,0.806077;124,16217,0.803591
397,261396;338,76599,0.988398;92,11107,0.931768;118,15344,0.955525;113,15104,0.792818;120,15950,0.806077
396,261463;337,75830,0.992818;101,11093,0.935359;124,15710,0.959669;114,15131,0.788122;128,16232,0.806077
412,261452;316,76079,0.990884;104,11447,0.945856;132,15832,0.96105;124,15215,0.806906;125,15978,0.801381
415,261398;337,76669,0.99116;100,11335,0.957735;126,15406,0.980663;118,15352,0.791713;119,16069,0.796961
413,261436;338,76175,0.993094;99,11162,0.942265;129,15328,0.977624;119,15455,0.80663;129,16584,0.821271
391,261424;330,75968,0.988674;98,10985,0.944199;120,15019,0.969337;113,15280,0.800552;121,16038,0.816298
398,261333;334,76118,0.991436;89,10573,0.925414;120,14773,0.961602;108,14970,0.801105;116,16211,0.812707
401,261455;337,76522,0.985083;94,11369,0.927901;126,15764,0.972099;111,15487,0.793646;129,16617,0.811602
398,261489;361,76569,0.986188;96,11310,0.934254;126,16086,0.981768;119,15771,0.795856;121,16623,0.801105
393,261372;336,76043,0.98011;92,10812,0.916851;126,15519,0.974862;113,15631,0.810221;119,16687,0.815193
396,261436;340,76451,0.98011;101,11538,0.951381;112,15444,0.971271;114,15601,0.805525;124,16400,0.816022
403,261468;335,75402,0.994751;114,11685,0.963812;128,15584,0.962431;121,15472,0.805801;121,16486,0.814641
399,261435;337,76527,0.99337;97,11324,0.956077;132,16260,0.976519;113,15143,0.789227;123,16095,0.800552
393,261429;340,76405,0.990055;98,11376,0.956077;121,15943,0.979282;110,15504,0.804972;117,16204,0.80221
396,261457;337,76215,0.99116;98,11312,0.958564;121,15890,0.975691;125,15783,0.811326;134,16799,0.814088
397,261467;330,76239,0.983702;102,11308,0.951381;117,15715,0.973204;114,15567,0.809116;126,16607,0.819337
397,261430;338,75987,0.997238;97,11309,0.951381;123,15789,0.970994;117,15694,0.806906;122,16630,0.816575
393,261413;338,77165,0.982044;96,11115,0.926243;114,15458,0.967127;113,15350,0.801381;123,16266,0.810221
393,261475;332,76515,0.982597;106,11038,0.920994;122,15574,0.968232;109,15362,0.798619;123,16187,0.808011
394,261462;335,76074,0.982597;89,11018,0.912155;123,15617,0.965746;115,15547,0.79116;116,16307,0.803591
399,261414;370,77350,0.992265;87,10952,0.913812;109,15228,0.964641;104,15001,0.804696;117,16134,0.814917
397,261415;334,75467,0.995856;106,11020,0.927901;127,15312,0.975414;115,15107,0.798895;115,15879,0.802762
397,261391;337,76808,0.981492;108,11058,0.929006;122,15582,0.977624;117,15316,0.80442;125,16178,0.803867
397,261451;336,76886,0.993646;98,11134,0.926519;113,15563,0.980387;111,15328,0.80221;107,16221,0.802486
399,261412;336,77094,0.99337;93,11300,0.926796;118,15372,0.973204;121,15736,0.803591;128,16445,0.795028
397,261419;340,77919,0.986464;97,11250,0.93674;119,15629,0.966851;115,15486,0.806906;121,16489,0.806906
392,261432;336,76912,0.994475;100,11021,0.930939;121,15214,0.959945;113,15488,0.804696;122,16437,0.817956
394,261400;338,77216,0.999448;101,11353,0.938674;117,15563,0.961878;111,15212,0.809945;121,16099,0.810221
399,261468;331,75662,0.995028;99,11002,0.933425;126,15156,0.958287;112,15109,0.811326;117,16187,0.81105
393,261434;338,77615,0.991989;91,10906,0.942265;117,14780,0.95442;114,15025,0.798066;119,16228,0.814365
392,261372;337,77518,0.98895;88,10674,0.93011;113,14963,0.968508;104,14783,0.794751;113,15857,0.814641
396,261419;333,77085,0.995304;98,11164,0.946961;122,15031,0.970718;123,15283,0.786464;120,15998,0.803591
396,261416;327,76651,0.986188;89,10983,0.941436;122,14993,0.959392;110,15177,0.784807;115,16003,0.810497
400,260964;377,76700,0.991713;92,10589,0.935635;117,14452,0.956077;115,14639,0.780387;118,15718,0.810773
400,261447;341,77694,0.983702;108,11131,0.93674;120,15133,0.946961;116,15702,0.790331;124,16422,0.809116
394,261231;335,76210,0.986188;93,11141,0.938674;121,15727,0.953591;115,15329,0.795304;125,16297,0.806077
397,261250;340,76293,0.993094;92,10981,0.951657;115,15111,0.96768;116,15238,0.794199;120,15709,0.790608
395,261412;331,76137,0.994199;95,10726,0.940055;123,15124,0.958011;118,15265,0.805249;123,16174,0.811602
394,261478;343,77208,0.990608;103,10854,0.935912;125,15340,0.972376;107,14872,0.798343;112,15593,0.802762
392,261490;344,77270,0.993923;93,11140,0.919061;122,15447,0.974033;118,15645,0.808011;124,16201,0.803867
394,261449;330,76351,0.98232;96,10985,0.926519;121,15286,0.964088;108,15187,0.798619;116,16248,0.809116
399,261419;335,76838,0.993923;97,11338,0.93674;112,15089,0.951381;112,15364,0.798066;155,16304,0.805801
396,261390;336,77108,0.99116;99,11060,0.937569;123,15055,0.952762;109,15437,0.803591;113,16200,0.803039
399,261433;336,76945,0.985083;89,11031,0.94116;117,15386,0.95663;109,15111,0.806077;121,16450,0.821547
399,261461;338,76852,0.991713;92,10928,0.938674;119,15077,0.958564;116,15341,0.802486;124,16455,0.823204
401,261363;340,76544,0.985083;105,11046,0.940608;124,15053,0.954696;109,15436,0.804144;115,16199,0.822376
399,261377;394,76108,0.991989;93,10991,0.941989;118,14895,0.956077;114,15203,0.803591;117,15857,0.813536
399,261401;325,76612,0.99116;91,11174,0.952762;110,14959,0.952762;111,15162,0.800829;111,15999,0.805525
397,261465;337,76519,0.994751;90,11104,0.948895;121,15691,0.961326;113,15316,0.799724;116,16181,0.808287
399,261426;336,76362,0.996409;84,10602,0.93453;118,15536,0.968508;116,15336,0.801657;116,16279,0.805801
397,261429;332,76296,0.991989;91,11212,0.948343;123,15563,0.975691;117,15399,0.796133;123,16544,0.801105
398,261437;337,77491,0.982597;92,11083,0.933702;114,15367,0.972928;117,15711,0.810221;126,16653,0.800276
397,261365;339,77312,0.991713;99,11043,0.937017;118,15449,0.970994;117,15374,0.80663;128,16750,0.812431
399,261417;344,77267,0.992265;94,11169,0.939227;120,15513,0.964917;121,15767,0.811326;130,16791,0.815193
401,261380;335,76341,0.993094;92,10627,0.926243;118,15207,0.966851;129,14973,0.796133;142,16225,0.806906
403,261407;341,76893,0.986188;111,10992,0.91768;127,15052,0.963536;113,14864,0.793646;122,16158,0.815193
423,261368;332,76052,0.985912;89,10656,0.920166;111,14659,0.956906;115,15241,0.796961;117,15950,0.800829
412,261352;337,77579,0.987293;104,11234,0.933425;125,14979,0.945028;113,15267,0.793646;130,16071,0.795028
409,261371;339,77419,0.981492;89,10898,0.932044;107,14614,0.939779;112,15447,0.800552;120,16133,0.8
405,261269;337,76179,0.985359;98,10749,0.938674;116,14527,0.95442;112,15119,0.792818;120,16053,0.800276
396,261365;342,77819,0.987017;96,10622,0.930939;138,14944,0.959116;112,15080,0.793094;118,16086,0.794751
400,261207;333,76620,0.986188;88,10539,0.926243;100,14200,0.951381;101,14494,0.781215;111,15620,0.790331
405,260841;337,76051,0.987845;85,10336,0.942265;104,13541,0.944199;107,14386,0.787845;101,15197,0.800276
398,260870;341,77779,0.983425;83,10297,0.946961;103,13767,0.962155;112,14443,0.798895;112,15266,0.804696
398,260126;334,77168,0.994475;75,9798,0.954696;105,13290,0.979282;100,13579,0.796961;107,14504,0.800829
397,258833;334,77320,0.99337;79,9391,0.961602;101,12859,0.978453;100,12917,0.794475;111,14275,0.800552
391,256746;335,76927,0.995304;71,8584,0.956906;97,11907,0.978453;95,12290,0.793094;100,12958,0.797238
388,253856;332,76510,0.985635;73,8018,0.959116;97,11176,0.976243;82,11605,0.803315;92,12606,0.813812
384,252803;330,76163,0.997238;70,7699,0.95221;87,10962,0.975691;81,10932,0.793646;88,11889,0.809116
373,246608;334,77426,0.985359;63,6979,0.960221;71,9437,0.973757;73,10125,0.794199;77,10880,0.803591
355,235178;324,76693,0.99116;61,6268,0.958287;65,8423,0.968232;67,9320,0.798066;78,10092,0.804972
323,215184;386,76339,0.987293;53,5197,0.959116;65,6980,0.968785;63,7822,0.801105;65,8537,0.8
310,206346;393,76634,0.991713;53,4936,0.962431;54,6403,0.976519;51,6898,0.806906;58,7658,0.809116
280,187091;321,75805,0.988398;40,3978,0.963812;40,5071,0.971547;37,5858,0.803867;43,6428,0.803039
251,164964;336,76904,0.99558;30,3212,0.96326;40,4472,0.971547;36,4990,0.801657;39,5577,0.804144
233,153735;339,77374,0.985635;36,2779,0.960221;38,3925,0.974586;29,4310,0.797238;34,5075,0.807182
214,141416;332,76135,0.991436;32,2702,0.955801;34,3518,0.974309;26,3805,0.798619;28,4319,0.808011
171,113067;332,76175,0.990608;27,2111,0.957459;28,2579,0.976796;19,2883,0.803039;20,3304,0.812707
160,104829;334,76069,0.98895;31,1656,0.966298;26,2400,0.974862;20,2791,0.802762;22,3047,0.809669
127,83532;342,77016,0.987569;22,1381,0.965746;23,1881,0.977624;16,2194,0.802486;16,2371,0.810221
115,75709;334,76285,0.983978;25,1354,0.969061;19,1535,0.977624;12,1893,0.80221;14,2043,0.809116
96,62743;337,76302,0.995028;18,1169,0.967956;19,1375,0.979834;10,1673,0.802486;11,1771,0.809669
73,46706;336,75751,0.988674;17,856,0.966298;23,984,0.978453;8,1223,0.803591;9,1309,0.810497
62,40136;346,77937,0.985912;15,583,0.970442;15,872,0.980939;6,956,0.803315;8,1107,0.810773
44,27360;341,76148,0.990331;11,408,0.970166;12,479,0.979834;4,559,0.803039;4,610,0.810773
36,23251;333,77011,0.993094;11,411,0.966851;12,446,0.981492;4,565,0.804696;4,559,0.812707
37,23242;342,76820,0.978177;10,303,0.966851;11,504,0.981215;3,476,0.804972;3,520,0.812155
35,22557;340,77428,0.98895;11,343,0.96547;13,654,0.981768;4,614,0.80663;4,716,0.813536
21,13520;335,76619,0.982873;13,293,0.96768;8,297,0.982044;3,341,0.80663;3,393,0.814088
13,7867;332,76789,0.988674;7,115,0.967403;7,171,0.98232;1,176,0.807182;2,239,0.813536
8,4309;329,76397,0.987017;10,116,0.967403;14,98,0.981768;1,123,0.807459;1,153,0.813812
