407,503506;442,118026,0.98247;331,71588,0.962351;384,88854,0.991633;458,73289,0.968127;447,79173,0.99004
421,504066;456,119835,0.991036;201,30168,0.956175;233,41444,0.981076;240,34151,0.857371;257,37679,0.9
413,504363;452,119322,0.988048;251,34788,0.943825;284,48527,0.98008;295,39916,0.917729;293,42453,0.923108
420,504112;454,119499,0.988845;241,33455,0.935857;282,47570,0.978486;286,38319,0.909761;297,43011,0.927092
414,504057;447,119548,0.996215;251,32486,0.934263;286,46352,0.978486;299,38925,0.905777;273,42711,0.920319
422,504035;456,118982,0.971514;239,31060,0.916932;268,45402,0.978486;282,37958,0.899801;295,43282,0.914143
415,503786;438,117701,0.991434;213,29900,0.927291;247,42458,0.984064;270,36645,0.886056;282,42308,0.907769
402,503804;447,118525,0.985259;225,29070,0.932271;250,41850,0.985259;274,36393,0.899004;286,42226,0.920916
396,503618;451,119567,0.988048;199,27722,0.939044;238,40229,0.983665;247,34691,0.898207;268,39870,0.916534
393,503811;453,118563,0.984263;209,28145,0.937052;236,39789,0.981076;255,35323,0.893028;269,40580,0.911355
389,503758;447,118950,0.985657;208,28287,0.939442;229,39811,0.981873;254,35090,0.886255;267,40127,0.898406
410,503533;444,117868,0.988645;196,27314,0.943426;224,38604,0.974502;252,34387,0.891235;262,39445,0.90259
430,503678;448,118782,0.98745;209,28162,0.935857;238,39637,0.983267;249,34260,0.873904;262,40021,0.903187
427,503796;450,117993,0.989044;205,27344,0.93745;221,38862,0.978685;246,34622,0.884263;263,39664,0.901594
432,503758;451,117547,0.99243;201,27821,0.942829;232,39499,0.979283;244,34446,0.886454;255,38898,0.893625
436,503460;448,117781,0.994422;201,27369,0.931673;230,39006,0.975697;242,34420,0.891633;257,39462,0.895219
419,503663;442,117110,0.985259;185,27543,0.94741;219,38822,0.971912;239,33653,0.878088;252,39560,0.900996
425,503779;458,119477,0.990239;199,27859,0.937052;235,40285,0.97988;259,35313,0.879482;282,40324,0.889442
418,503820;452,118925,0.987649;197,28083,0.935657;233,40467,0.984263;250,34986,0.875896;260,40453,0.885857
419,503752;445,117784,0.993426;199,28132,0.948207;220,39474,0.984064;242,34193,0.868924;266,40357,0.884861
417,503772;455,119961,0.985657;200,27967,0.946614;229,39990,0.977291;254,34719,0.87251;273,40245,0.892231
397,503832;448,119556,0.986653;223,28747,0.949602;237,40034,0.980677;253,34745,0.873307;260,40184,0.89243
395,503764;450,118197,0.995219;199,27521,0.948008;228,40030,0.979681;252,34788,0.881873;272,39975,0.898008
392,503770;449,119646,0.99243;218,28200,0.946016;236,39551,0.981873;263,34951,0.879681;260,39613,0.887649
410,503727;449,118112,0.988048;195,27639,0.949801;226,38196,0.976096;255,33717,0.86255;256,39108,0.883865
429,503675;460,119266,0.99243;204,28028,0.939044;225,39354,0.980677;250,34838,0.867131;263,39730,0.882072
424,503716;454,118437,0.990239;200,27704,0.934462;237,39937,0.988247;252,34241,0.860558;255,39514,0.886255
427,503724;436,117726,0.989641;194,27753,0.935657;236,39521,0.981076;257,35013,0.866733;270,39893,0.884861
427,503604;451,118425,0.986653;207,27498,0.936853;240,39484,0.982869;292,34468,0.865139;344,39483,0.889044
427,503720;451,117822,0.986255;276,27607,0.936853;247,39444,0.984661;262,34609,0.85757;285,39991,0.891036
425,503540;444,118108,0.994024;218,27623,0.938247;248,39419,0.981474;265,34560,0.87012;286,40038,0.895418
422,503544;446,119314,0.985259;221,28599,0.949801;252,39868,0.984462;277,35162,0.867131;287,39984,0.895817
422,503760;453,118665,0.991235;216,28076,0.935259;254,40166,0.983665;263,35140,0.862948;273,40780,0.887649
417,503596;454,119060,0.99502;206,28240,0.949203;241,40231,0.986255;267,35893,0.887849;284,40275,0.901394
403,503816;452,119319,0.977689;213,29023,0.946614;254,40923,0.980478;273,35779,0.879681;283,40675,0.90239
428,503746;451,119036,0.981474;236,28950,0.938048;253,41412,0.98247;277,35692,0.891633;294,41305,0.907769
429,503766;455,118992,0.989243;227,29460,0.922709;254,41581,0.978884;264,35375,0.877689;279,41146,0.906574
426,503845;448,118302,0.988247;215,30388,0.928884;247,42253,0.980876;253,36440,0.866932;280,42073,0.908566
429,503889;450,119459,0.985657;227,30985,0.933665;243,43578,0.985259;261,36452,0.866335;269,41686,0.908765
430,503986;447,119001,0.988645;225,31470,0.936853;267,44412,0.981474;262,37571,0.877092;276,43001,0.906972
428,503986;456,119173,0.989044;240,32744,0.951594;259,46050,0.986454;273,38184,0.887849;281,43892,0.91494
427,504055;447,118641,0.991036;234,32755,0.936653;258,46408,0.982072;277,38853,0.882271;287,43705,0.924502
426,504102;442,119233,0.995418;223,33067,0.938048;266,46462,0.981474;289,40031,0.905578;292,44599,0.922908
425,504154;439,117294,0.989641;238,33669,0.938446;263,47135,0.983466;281,39439,0.896016;284,44566,0.916135
364,503918;452,119856,0.992032;245,33863,0.939044;261,47013,0.981275;283,39912,0.900598;296,44975,0.919124
400,504230;456,121656,0.98745;251,35410,0.935458;305,49733,0.989044;319,41069,0.918526;314,46256,0.929482
404,504422;451,119643,0.994422;266,35621,0.938048;290,50576,0.989044;297,41605,0.908765;304,46130,0.938048
403,503983;449,119376,0.990637;250,35492,0.936255;284,49752,0.988247;298,41027,0.916534;295,44807,0.932271
405,504376;454,120465,0.995817;248,36084,0.937251;280,50178,0.976295;308,42438,0.92988;299,46714,0.937849
409,504301;460,120738,0.993625;255,36693,0.921315;298,52218,0.979283;311,42629,0.912749;317,47261,0.938247
410,504270;454,120199,0.98506;273,36983,0.94004;300,52198,0.983665;308,41750,0.920916;305,46425,0.935458
401,504021;458,121544,0.988645;279,37280,0.948606;304,53527,0.983466;314,42277,0.910956;318,47703,0.944622
400,504339;451,119508,0.989841;265,37619,0.946215;304,52039,0.989243;308,42425,0.917131;309,46551,0.944422
404,504048;453,119326,0.991833;280,37440,0.930677;311,52859,0.985657;313,42034,0.925299;303,46037,0.943825
403,504421;453,120145,0.988845;265,37483,0.933267;289,52763,0.976096;317,42269,0.908566;304,46750,0.937052
403,504570;443,118636,0.995219;276,39037,0.94741;314,53887,0.98506;313,43033,0.932669;319,48179,0.948207
400,504507;456,119522,0.991633;287,38119,0.930677;301,53910,0.98745;325,43651,0.926096;325,48056,0.944821
405,504406;451,119525,0.990837;279,39275,0.919721;302,54608,0.97251;329,44112,0.921514;315,47589,0.931076
401,504520;453,119813,0.989641;283,38775,0.939243;312,53982,0.983865;324,43996,0.921514;316,48716,0.949402
412,504603;458,121412,0.983267;271,39903,0.944422;303,54617,0.986454;319,44604,0.920518;328,48868,0.938845
408,504591;454,120943,0.986056;278,39437,0.934263;306,56109,0.991235;316,44137,0.928486;327,48460,0.943625
415,504498;453,120558,0.983466;278,39316,0.931873;304,54351,0.987649;320,43824,0.915538;327,49244,0.948207
414,504555;440,118897,0.988845;297,39383,0.937251;312,55313,0.981474;323,43651,0.909761;328,48820,0.946016
424,504466;463,120377,0.995817;284,39471,0.947211;319,54134,0.983865;339,44036,0.934462;335,48026,0.949402
412,504569;448,120194,0.991833;304,39641,0.932669;323,53942,0.97988;322,43046,0.925498;333,47923,0.932669
406,504653;441,119118,0.991036;277,39446,0.930279;328,56286,0.984861;328,43882,0.899801;319,47813,0.943625
408,504471;455,120378,0.986255;278,39294,0.943028;325,54515,0.984462;326,43384,0.9251;322,46257,0.948207
411,504461;456,119683,0.987649;288,38682,0.939243;313,53404,0.984064;297,43020,0.911554;339,46734,0.939641
408,504440;450,119532,0.987849;306,40033,0.951594;335,55490,0.988048;323,42455,0.896414;329,48148,0.939442
408,504570;461,120304,0.986653;296,39587,0.955777;313,54043,0.985259;302,40655,0.896016;314,45579,0.934661
412,504229;454,119397,0.993227;285,38812,0.942829;310,53878,0.987649;309,41574,0.903785;306,44585,0.924303
407,504539;456,119458,0.993426;287,38329,0.934861;332,53797,0.980478;307,41309,0.89004;313,45451,0.939841
420,504517;451,117616,0.987649;285,39943,0.951793;316,54660,0.985458;312,41057,0.903586;321,45416,0.939044
421,504608;444,116981,0.993426;288,39311,0.936653;320,53906,0.988446;314,42366,0.906773;309,45175,0.941036
425,504470;444,117101,0.990837;304,39667,0.94761;311,53964,0.986853;304,41956,0.886255;311,45315,0.938645
425,504501;437,116641,0.990637;294,39020,0.937849;322,54377,0.988048;306,41928,0.914741;302,44237,0.95259
427,504488;451,117391,0.991633;286,39193,0.950199;312,53423,0.988845;305,41465,0.921912;284,44650,0.927092
418,504301;445,117478,0.986853;295,38303,0.946813;321,52498,0.984462;296,40300,0.882271;302,43559,0.926494
413,504503;447,118344,0.988845;278,38470,0.943625;302,53213,0.988048;291,41182,0.893227;289,44180,0.943825
414,504522;453,118315,0.993625;279,38723,0.944223;303,53341,0.992231;310,42132,0.926295;291,44451,0.93506
416,504466;452,118448,0.985458;272,39103,0.941235;294,52907,0.987251;285,39632,0.911155;282,41671,0.928486
417,504490;446,117939,0.992032;293,39252,0.957371;303,53647,0.982869;292,41092,0.912948;296,44445,0.943028
416,504649;434,116865,0.994422;302,39466,0.949004;328,54829,0.987849;309,41637,0.910956;306,43648,0.936853
425,504247;441,116697,0.987052;290,38363,0.933068;330,52156,0.987052;310,40452,0.916534;306,43771,0.949203
416,504540;444,115397,0.988845;287,38303,0.933068;313,53326,0.984064;291,39918,0.903984;290,42375,0.943825
424,504566;438,115305,0.993625;288,38856,0.96255;306,51866,0.982869;312,39435,0.9;300,41995,0.935458
426,504491;441,116103,0.983665;296,38164,0.942032;320,51830,0.98745;310,39221,0.908367;314,42197,0.942231
424,504422;440,114967,0.980876;308,37615,0.951594;342,52135,0.980279;317,38252,0.905378;320,41396,0.938247
436,504589;434,114500,0.992829;314,38328,0.953386;335,51131,0.989044;305,39403,0.912948;313,42657,0.938247
416,504486;445,117658,0.991833;311,37838,0.953785;322,51827,0.984462;302,38406,0.91255;308,41844,0.953187
419,504173;440,115521,0.993227;299,36740,0.952988;325,51097,0.993028;294,36985,0.886653;287,39892,0.911355
415,504493;441,114549,0.987649;294,37170,0.94243;320,50455,0.990837;299,38169,0.899004;305,40306,0.921713
411,504427;439,114651,0.990837;301,37164,0.96255;331,50544,0.988247;300,38142,0.922709;297,40355,0.945618
408,504494;449,115178,0.994821;293,36763,0.939044;328,51928,0.995219;284,37015,0.908765;298,39745,0.932072
416,504291;452,117317,0.991036;328,36611,0.944024;316,51081,0.994024;286,37226,0.871912;299,40224,0.940637
413,504488;496,116604,0.98008;281,36459,0.953586;318,50359,0.988645;294,38503,0.898008;290,40024,0.934462
410,504462;459,115079,0.993028;287,35968,0.943825;374,50562,0.992032;301,38807,0.926892;296,39093,0.941434
428,504481;437,115609,0.991434;299,36844,0.949203;332,50979,0.991633;282,36976,0.869323;295,39579,0.939641
423,504507;441,115475,0.992629;307,36681,0.947211;315,51371,0.989243;299,38686,0.928287;293,39928,0.943825
421,504563;440,114258,0.986255;313,36856,0.953586;305,49814,0.98506;300,38195,0.91255;292,40274,0.915139
434,504498;434,115037,0.990637;301,37308,0.964143;314,50289,0.978884;292,38034,0.931275;289,39700,0.94243
417,504540;446,115524,0.994622;309,36865,0.945817;320,50220,0.987251;283,37283,0.894024;290,39513,0.930279
414,504490;436,114723,0.983068;293,35276,0.936454;321,49613,0.989442;282,36028,0.899602;290,39773,0.943625
421,504530;432,113664,0.985458;308,36530,0.943227;329,49186,0.99004;290,37088,0.907171;289,39317,0.949004
414,504445;443,114644,0.988247;292,37121,0.956773;306,50245,0.983267;279,37708,0.899801;294,40386,0.946813
416,504469;439,114813,0.991036;309,36876,0.943028;324,50300,0.991235;294,38291,0.923506;304,41367,0.963147
415,504561;435,115235,0.986255;303,37505,0.949801;319,51389,0.981873;306,38768,0.92012;307,40825,0.935259
417,504491;437,115851,0.989243;307,37222,0.950199;327,51119,0.986056;304,38866,0.924502;298,41157,0.942629
415,504476;434,114493,0.992829;298,36853,0.939243;327,51233,0.993426;302,37986,0.919323;300,40888,0.953785
427,504114;443,115584,0.984861;298,37906,0.95996;312,51748,0.984263;303,38793,0.887052;296,42175,0.957968
428,504449;436,114814,0.993227;311,37138,0.950398;321,51235,0.980279;301,38754,0.926096;304,41039,0.927291
427,504507;436,116492,0.986056;294,36857,0.950598;319,50777,0.980279;300,38436,0.900398;306,41009,0.930677
432,504485;437,116702,0.985458;296,37731,0.952988;339,51742,0.990239;317,40509,0.917928;325,42936,0.946016
421,504407;441,116789,0.993227;306,37476,0.951594;304,52009,0.991434;294,39298,0.909562;313,42979,0.952191
420,504458;441,116747,0.984064;298,37890,0.937849;315,51656,0.987849;297,40369,0.906972;289,42047,0.910558
420,504394;436,115720,0.997012;270,37785,0.955179;301,52859,0.987649;285,39812,0.915339;286,42895,0.936454
418,504419;439,115773,0.986255;283,38177,0.949203;305,51800,0.982669;279,39428,0.895219;293,42530,0.936454
415,504555;540,118008,0.983865;287,38359,0.950398;313,51898,0.99004;282,39579,0.911952;290,43020,0.93247
415,504402;541,118145,0.98506;268,37978,0.930279;296,51951,0.989243;280,39539,0.900598;287,43175,0.961554
419,504355;435,117095,0.991036;288,37679,0.952789;325,51440,0.989044;295,39364,0.879084;304,42272,0.936653
415,504306;437,117351,0.98745;286,37593,0.945817;309,51607,0.97749;296,39994,0.89741;302,42696,0.95498
433,504558;447,117055,0.988645;292,37760,0.950398;314,51904,0.983267;301,40496,0.901195;296,42263,0.943625
428,504464;439,115513,0.994821;297,38396,0.953187;314,51579,0.977092;317,40672,0.918526;304,42336,0.926096
429,504033;440,115627,0.992231;283,37870,0.956574;316,50807,0.983865;287,38854,0.92749;285,42671,0.926892
435,504406;433,115596,0.98506;384,37748,0.951992;401,50659,0.979482;390,40226,0.935458;318,42387,0.950398
420,504561;442,117569,0.98506;317,37461,0.953386;343,52060,0.989641;320,39574,0.905578;325,41832,0.931474
420,504519;443,117056,0.985458;309,36979,0.95259;347,51862,0.979482;322,38974,0.921912;330,42264,0.951195
418,504591;447,116760,0.988048;332,38356,0.952789;330,51569,0.989841;309,40397,0.924502;307,42495,0.919522
418,504365;433,114210,0.991235;279,37276,0.943625;331,51203,0.988048;310,38864,0.915936;317,41615,0.93247
425,503790;432,115905,0.993227;298,35911,0.922908;314,49764,0.981673;289,37311,0.90239;301,40585,0.932271
418,504537;437,116132,0.994821;337,37445,0.934661;339,51292,0.981474;318,39169,0.899801;309,42662,0.94243
423,504338;433,116189,0.991633;281,36216,0.932669;316,51678,0.991434;306,38277,0.876295;310,42003,0.945817
417,504535;443,116471,0.986056;302,37721,0.964143;324,51913,0.986853;304,38906,0.911355;294,40747,0.932271
431,504513;440,116525,0.987649;305,38610,0.959761;324,52049,0.985259;300,39869,0.908765;302,41835,0.940438
429,504508;426,115001,0.991633;286,37502,0.948207;313,50985,0.988645;303,38482,0.917331;305,41073,0.946215
426,504441;443,117126,0.991434;291,36131,0.936653;314,50231,0.970916;288,38513,0.929482;295,40454,0.937849
440,504467;448,116101,0.98745;293,37381,0.943028;328,51227,0.987649;310,38795,0.919124;304,40663,0.930876
419,504535;441,116611,0.989442;301,37330,0.949801;313,51200,0.986853;304,38891,0.93008;305,41086,0.950398
422,504444;440,118050,0.987649;291,36797,0.947012;335,51980,0.989243;300,38498,0.909761;298,41031,0.93506
420,504555;492,115959,0.994223;302,38240,0.958765;321,52265,0.991833;298,39386,0.906574;307,41680,0.92749
422,504258;541,115454,0.993825;303,36936,0.942231;338,51528,0.991833;293,37992,0.900199;298,40250,0.904382
422,504438;477,117578,0.983865;296,37262,0.955578;281,50428,0.9751;344,38818,0.910558;375,42013,0.945618
425,504475;430,116055,0.988845;390,37541,0.939841;341,52272,0.989243;311,39964,0.918327;313,42111,0.954781
423,504332;438,115187,0.989442;317,37430,0.95259;328,50510,0.985857;309,38865,0.906972;309,40884,0.939442
419,504566;446,117376,0.985458;332,38627,0.955578;332,52642,0.990239;317,39520,0.91753;316,42804,0.947012
434,504552;438,116937,0.993426;297,37909,0.945219;317,53663,0.985857;305,40079,0.938845;298,42564,0.943426
432,504516;436,116134,0.991434;300,37837,0.94761;317,52394,0.992629;297,39963,0.921116;295,41501,0.949602
435,504412;433,115993,0.99502;296,37858,0.951992;327,52277,0.981873;307,40410,0.92749;310,43230,0.94502
436,504558;443,117707,0.99004;303,38990,0.944422;339,53142,0.989841;286,39433,0.908167;307,43533,0.934661
423,504633;451,118352,0.986653;288,39245,0.945618;326,53508,0.987251;294,40454,0.888247;311,44023,0.949203
426,504560;444,117892,0.992231;323,38998,0.943426;316,53537,0.989641;303,41505,0.925896;312,44262,0.918924
428,504579;441,118658,0.983466;288,39185,0.948805;322,53690,0.987649;308,41166,0.903386;314,44646,0.945817
429,504637;434,117376,0.986853;296,39133,0.933267;318,54009,0.979681;319,41673,0.889841;322,46342,0.94741
430,504307;444,118154,0.996813;301,39229,0.939841;318,53552,0.981873;302,41282,0.889044;300,44340,0.946813
427,504609;449,118836,0.981873;333,39019,0.93506;331,55488,0.981076;313,41635,0.880876;326,46227,0.95239
428,504549;441,118166,0.993426;297,40826,0.954183;323,54915,0.983665;321,43179,0.924701;315,45717,0.944622
434,504599;443,120102,0.986653;289,40305,0.942829;324,56409,0.985259;314,43373,0.884661;312,45996,0.912948
437,504309;444,119104,0.992629;284,39871,0.942032;329,54951,0.983665;308,40871,0.885259;317,45477,0.931873
439,504650;452,120297,0.987849;300,40816,0.927888;324,55025,0.984462;325,44120,0.926494;323,46855,0.928884
448,504648;448,119948,0.980677;299,42512,0.946016;328,57097,0.982072;316,43761,0.901793;320,47553,0.936454
432,504314;443,120133,0.993825;298,40151,0.914143;375,56504,0.984462;328,42853,0.910956;328,47273,0.943028
425,504510;459,121006,0.989841;301,41547,0.951992;329,56339,0.983865;324,42647,0.888247;322,46331,0.943028
425,504522;549,120943,0.987649;304,40771,0.914143;320,55799,0.973506;327,42834,0.87251;329,46947,0.940637
421,504461;529,119560,0.996016;300,40809,0.926295;346,56977,0.978088;335,45213,0.912749;326,47961,0.94502
419,504779;442,120831,0.980279;301,42104,0.940837;337,58892,0.986853;342,45658,0.880478;330,49586,0.924502
421,504680;446,120807,0.995219;316,42236,0.938845;352,58509,0.980677;357,45155,0.917131;341,49103,0.945418
422,504566;447,121212,0.983865;301,42517,0.94741;329,57499,0.982669;356,44736,0.92012;339,48704,0.914542
423,504696;458,122510,0.991434;304,42491,0.931076;354,59016,0.981673;352,45856,0.905179;351,49983,0.937251
439,504657;446,120848,0.990239;303,42173,0.919124;337,59207,0.980677;347,46849,0.925299;339,49605,0.945418
438,504713;443,120953,0.993426;307,43381,0.933068;336,58942,0.983466;353,45602,0.89243;353,50177,0.929482
438,504714;450,121425,0.990239;306,42773,0.930677;346,58795,0.980677;357,45887,0.906574;349,50793,0.951394
437,504688;453,122450,0.990239;347,43632,0.93745;346,59257,0.978884;361,46253,0.909363;365,50728,0.923904
427,504495;454,122569,0.993625;318,42850,0.934661;339,58724,0.982271;346,46020,0.903785;348,50744,0.952191
424,504631;454,122751,0.984661;326,43381,0.932869;347,58892,0.985657;351,46948,0.901195;362,51665,0.946614
426,504688;450,122220,0.990438;327,44389,0.929482;367,60780,0.981673;383,47855,0.908566;385,52717,0.941235
426,504508;444,120777,0.985458;326,43189,0.916932;330,59881,0.980876;301,46960,0.891235;449,51906,0.951992
425,504536;452,123156,0.996614;397,42777,0.942629;386,60295,0.983466;393,47279,0.908765;382,51273,0.939243
426,504621;452,122610,0.987251;344,42493,0.929283;375,60233,0.990239;383,46528,0.901195;385,50761,0.942629
426,504716;449,122183,0.987251;331,42516,0.928685;373,59638,0.987052;376,46755,0.928884;361,50543,0.943426
445,504795;447,121916,0.991833;365,43307,0.931076;353,59998,0.982271;357,46638,0.900797;351,52435,0.958167
445,504693;442,121283,0.991434;288,44130,0.931673;394,59967,0.982271;354,47071,0.914542;354,51050,0.940438
434,504631;453,122304,0.992629;330,43674,0.934661;348,60471,0.985259;368,47485,0.922709;436,52865,0.966733
440,504676;453,123583,0.993825;338,43915,0.94243;352,60868,0.983267;370,47124,0.911355;369,51527,0.938446
421,504637;442,122212,0.991235;333,43330,0.937849;382,59294,0.977689;365,46628,0.903785;365,51141,0.954183
427,504644;557,122504,0.99004;312,43612,0.937849;408,59978,0.98745;380,47038,0.915339;395,50726,0.95996
427,504679;551,122491,0.991633;315,42545,0.924701;350,59250,0.9749;379,46323,0.918526;379,50681,0.946414
423,504649;439,121584,0.992032;331,42909,0.940438;358,59170,0.983068;338,45621,0.908765;359,51544,0.956972
424,504722;450,121109,0.989841;432,43847,0.936056;470,61742,0.984861;395,47913,0.894821;382,50725,0.948406
422,504767;451,123172,0.993227;355,44259,0.94502;383,60690,0.978884;416,47732,0.919522;396,50907,0.932669
421,504688;455,122246,0.984263;371,43362,0.92012;375,58640,0.981474;382,46060,0.903984;384,50633,0.952191
436,504646;449,122561,0.990837;326,43439,0.93506;358,59934,0.985657;356,45681,0.885857;362,50241,0.943028
433,504538;445,121332,0.99502;314,42823,0.936056;341,59162,0.989044;351,45162,0.899203;371,50269,0.941633
436,504688;450,122970,0.993426;328,42626,0.9249;374,58697,0.983267;374,45858,0.882669;364,48402,0.928884
443,504598;445,121971,0.991434;356,42910,0.933865;346,59595,0.983665;359,46309,0.900398;366,50474,0.933665
426,504527;460,123416,0.993426;313,42382,0.922311;364,59732,0.979283;357,45577,0.908765;363,50054,0.948805
427,504475;445,121283,0.989641;313,42879,0.93247;338,58134,0.975896;319,45170,0.88506;360,50355,0.948207
429,504503;443,121730,0.994422;319,43017,0.938845;352,59506,0.987251;347,45394,0.906175;357,50384,0.949602
425,504646;446,121474,0.994821;311,42079,0.930677;350,58932,0.978287;346,44754,0.884064;356,50527,0.956773
432,504654;445,119674,0.990837;303,43203,0.919124;370,59598,0.980478;359,46866,0.914741;357,49770,0.940239
426,504602;456,123109,0.992032;325,42678,0.916534;341,58799,0.978486;359,45166,0.894622;360,49666,0.956175
427,504656;442,121046,0.988247;324,42828,0.932072;362,58986,0.983865;355,45691,0.928884;354,48759,0.918725
433,504603;444,121139,0.990637;326,42400,0.940438;356,59180,0.985857;360,46401,0.927888;348,49482,0.950996
435,504685;442,121162,0.992032;323,42363,0.915936;363,59896,0.982072;357,45679,0.913546;348,50049,0.94004
436,504556;445,121841,0.989243;278,42241,0.940637;296,57609,0.979681;360,45457,0.913147;345,49454,0.953785
445,504651;452,122474,0.995219;315,42020,0.911355;348,58634,0.983068;346,45085,0.89761;323,49577,0.937052
426,504547;438,121877,0.995219;331,43022,0.944223;347,58543,0.98745;339,44658,0.900996;345,50282,0.940438
424,504536;552,122562,0.995817;301,42300,0.920319;303,58151,0.983466;362,46040,0.918327;341,49101,0.938446
431,504464;560,123434,0.991235;314,42316,0.938247;361,58740,0.983267;333,44972,0.898207;337,49529,0.945618
430,504528;440,121889,0.996414;325,42302,0.919721;344,58560,0.988048;345,46079,0.911753;343,49998,0.954382
428,503909;453,122006,0.99004;289,40476,0.924104;316,55884,0.976494;307,43954,0.900398;329,47429,0.927689
433,504546;450,122302,0.990837;296,41382,0.933068;324,57027,0.977092;332,43628,0.904781;339,48589,0.944024
426,504525;456,122311,0.991434;300,41708,0.930478;348,57760,0.981275;354,45025,0.907769;347,48026,0.919522
430,504551;450,121327,0.993426;318,42162,0.919323;349,58495,0.978685;348,44620,0.878287;356,51047,0.929681
437,504646;451,123522,0.989243;319,41822,0.937849;339,57080,0.975299;341,44047,0.89004;344,48757,0.939243
441,504552;451,122179,0.990637;325,42670,0.928884;352,58508,0.986056;358,46371,0.911952;350,49266,0.946016
441,504651;446,120854,0.989044;309,42358,0.934263;333,58230,0.983068;340,45529,0.921315;330,48717,0.923307
425,504466;452,121887,0.994024;337,41656,0.923705;343,57451,0.984661;345,44371,0.889442;345,49405,0.940837
426,504556;450,123070,0.996016;307,41873,0.941434;339,57317,0.984263;347,45737,0.89741;346,49579,0.943625
427,504329;446,122443,0.993825;306,41601,0.929084;328,57092,0.966733;351,46338,0.910956;356,50844,0.961952
432,504566;447,122051,0.994223;313,42652,0.92251;348,58931,0.977888;351,46008,0.882072;353,49277,0.941036
440,504596;444,121007,0.99004;313,41799,0.911554;358,58894,0.978486;348,45981,0.898805;345,50893,0.95
433,504457;459,123032,0.984462;319,41814,0.924701;326,57881,0.97988;335,46265,0.904582;337,50531,0.934064
433,504540;456,123515,0.99243;287,41509,0.927092;326,58928,0.975498;333,45467,0.903187;335,50757,0.946813
436,504573;442,121889,0.991235;292,42111,0.926096;325,59270,0.983267;300,45990,0.908167;315,50227,0.94761
438,504527;447,122337,0.990837;277,41425,0.938048;297,58878,0.979482;342,45732,0.906773;340,50394,0.944821
441,504623;453,121760,0.994024;331,41750,0.926295;392,57697,0.980478;374,45359,0.929681;372,49218,0.941633
449,504651;446,121103,0.994223;323,41245,0.929681;337,57200,0.980478;351,44358,0.897809;369,50371,0.948805
431,504481;442,123136,0.990837;302,40877,0.934263;362,57385,0.980279;376,45437,0.9;371,50235,0.934064
432,504619;547,122681,0.991036;319,41995,0.929681;358,58123,0.986653;364,45375,0.870518;366,49034,0.928486
426,504582;562,122605,0.979283;328,41710,0.930478;346,56509,0.976494;366,44729,0.873904;369,49965,0.946414
421,504657;439,122572,0.987649;303,40982,0.928486;333,57328,0.983466;360,45783,0.914143;347,49410,0.949402
423,504628;451,122066,0.983466;310,41999,0.938247;322,56799,0.971912;330,44769,0.914542;348,50429,0.951195
428,504500;451,122953,0.992231;320,41304,0.93008;326,57654,0.977888;348,45206,0.91992;350,50070,0.948805
430,504414;453,122361,0.993028;300,40579,0.936853;325,55276,0.97749;341,43943,0.924502;342,48679,0.953785
425,504620;449,120837,0.989641;345,41491,0.948008;314,55298,0.975697;324,42970,0.880279;322,47533,0.930279
441,504385;451,122204,0.989044;289,40382,0.936056;318,56544,0.983665;321,43357,0.886454;326,46960,0.923506
436,504582;453,122996,0.992032;344,40862,0.935259;320,57178,0.987251;344,44522,0.910359;343,48882,0.950199
443,504565;446,121858,0.989243;300,40810,0.939841;327,56428,0.981076;326,43172,0.888645;343,48558,0.948207
427,504557;456,121670,0.982669;300,40327,0.938446;324,55300,0.973108;348,43959,0.901394;338,48664,0.94741
423,504519;451,121339,0.990637;289,39315,0.920319;317,55439,0.988247;341,43916,0.910558;333,48695,0.949004
425,504509;440,120309,0.98247;312,39805,0.937649;333,55019,0.976096;333,43013,0.884661;334,47774,0.932271
423,504525;441,119534,0.995219;298,39393,0.930478;322,54663,0.98506;324,42420,0.89741;330,46623,0.924502
426,504005;449,119954,0.992231;323,38697,0.92012;315,53436,0.980677;330,42764,0.931275;332,45842,0.950199
426,504517;450,119859,0.986853;295,38921,0.934861;320,54130,0.98247;316,41773,0.89741;322,46061,0.940637
425,504504;447,120458,0.993028;291,39399,0.951594;322,54111,0.985657;311,41010,0.902191;321,45019,0.940239
427,504087;440,119478,0.988247;292,37678,0.931275;330,52309,0.983865;316,41143,0.910956;315,44712,0.944821
444,504372;448,118718,0.990637;291,37868,0.940239;335,53579,0.983068;321,40798,0.908566;314,43815,0.918725
437,504495;438,118551,0.987251;291,37176,0.930677;329,52957,0.979482;310,40549,0.906574;320,44830,0.942629
439,504456;439,117617,0.99004;301,37660,0.942629;316,51962,0.985458;316,41335,0.923108;314,44144,0.943227
434,504485;432,117935,0.989442;309,37475,0.944622;313,51283,0.980478;302,39788,0.922709;320,43445,0.946016
425,504324;507,117442,0.985458;286,36979,0.944622;318,50630,0.982072;294,39393,0.915737;307,42557,0.942231
426,504334;542,117985,0.991036;329,37260,0.944223;327,51215,0.98008;306,40530,0.923506;296,43021,0.92251
421,504501;466,118104,0.987649;277,36814,0.946614;375,51346,0.985657;297,39012,0.909163;319,43356,0.930478
424,504483;435,116251,0.993625;297,37198,0.95996;324,51629,0.988645;305,40397,0.912151;305,42746,0.932072
419,504445;437,116544,0.988247;299,36887,0.94741;328,50073,0.981275;306,39924,0.927888;309,42186,0.923108
422,504458;443,116573,0.993028;290,35566,0.941434;312,50608,0.989442;299,39001,0.907371;306,42385,0.931076
422,504422;444,116796,0.979681;285,35554,0.923307;311,49181,0.981673;287,38412,0.905976;292,40690,0.933267
432,504348;442,116556,0.988845;282,35424,0.941833;296,47586,0.976892;280,37255,0.877291;292,40821,0.933665
434,504197;437,115468,0.98745;299,34141,0.911554;311,47456,0.978685;286,36322,0.893028;278,37575,0.894422
435,504349;435,114336,0.987849;286,35217,0.9251;312,48814,0.98745;281,37251,0.899801;291,39799,0.941434
429,504283;436,115400,0.985458;274,34380,0.931275;306,47660,0.971713;277,36735,0.877689;291,39825,0.93506
422,504369;441,116056,0.990438;285,35327,0.951195;270,48623,0.980677;348,36411,0.877092;314,39183,0.926494
423,504256;440,114937,0.992032;287,34706,0.948406;298,47268,0.980876;306,37262,0.910757;294,39057,0.928486
421,504397;430,114364,0.989442;291,35234,0.939442;304,47548,0.974303;275,36123,0.909363;285,37892,0.921116
421,504362;433,115011,0.984861;284,33642,0.935458;317,47289,0.985857;282,35540,0.889641;286,38599,0.901594
419,504191;432,114308,0.993227;275,33685,0.936653;287,45989,0.986853;260,34569,0.869323;260,38168,0.918327
422,504311;437,114350,0.99502;287,34241,0.932271;288,46629,0.971912;278,35680,0.857171;271,38752,0.931474
417,504401;431,114456,0.983865;262,34080,0.941833;287,47109,0.991833;255,35055,0.859562;267,38034,0.914542
433,504148;433,115090,0.981873;277,33504,0.936454;293,46267,0.983068;272,34795,0.860359;276,37664,0.928088
435,504381;433,113870,0.985657;272,33585,0.924502;298,47192,0.992032;258,34849,0.88745;268,38184,0.917131
439,504221;435,113926,0.985259;260,33515,0.933068;282,46430,0.988845;262,35136,0.880677;259,37064,0.928088
424,504336;432,113419,0.993227;273,33391,0.931474;285,46888,0.975299;249,34658,0.882072;260,37616,0.935259
421,504355;422,113716,0.991633;264,34402,0.968526;288,45713,0.99243;255,34591,0.883865;261,36852,0.94004
420,504343;535,113661,0.987849;265,33143,0.951394;291,45401,0.985857;267,34963,0.894024;259,36162,0.921514
423,504199;537,114002,0.978685;275,32351,0.943426;279,43579,0.978486;225,32869,0.880876;257,35385,0.932072
422,504221;423,113311,0.985657;265,32421,0.930478;284,45321,0.979084;260,34751,0.886653;262,36631,0.927291
426,504221;433,113525,0.991235;267,32929,0.943028;287,45024,0.9751;281,34751,0.894422;264,36563,0.92988
420,504266;433,112713,0.990837;271,33590,0.947012;279,45599,0.97749;248,34283,0.877888;248,35606,0.940239
422,504255;432,113114,0.99004;351,32529,0.920518;385,45525,0.980876;299,34641,0.883068;268,35235,0.913347
428,504360;435,113165,0.985857;293,33945,0.955777;316,45300,0.978884;260,33680,0.882669;275,36060,0.915339
438,504113;434,114971,0.983466;286,33240,0.931275;274,45166,0.975498;254,34932,0.894422;253,36200,0.910558
437,504227;429,113077,0.98506;267,32829,0.930279;278,44138,0.973307;234,32966,0.878287;250,35672,0.921912
425,504298;430,114346,0.988446;257,33603,0.939044;298,45376,0.965737;284,34981,0.865936;271,35864,0.883466
424,504243;432,113808,0.983665;275,32885,0.94502;290,44984,0.971514;257,33757,0.857171;264,36433,0.904183
425,504333;435,112605,0.989641;300,33577,0.937849;295,46473,0.978884;264,34735,0.891633;274,37165,0.920916
420,504328;433,114488,0.995618;275,33810,0.945817;296,46515,0.985259;274,35453,0.885857;276,37548,0.945219
424,504047;429,113501,0.984462;271,33071,0.937251;295,45218,0.983466;261,34728,0.885259;261,36386,0.929681
422,504215;454,113920,0.98247;253,32495,0.918127;295,44789,0.978287;282,35444,0.918526;285,37184,0.929681
431,503912;435,114883,0.993028;285,34041,0.945418;294,46869,0.984263;264,34680,0.878685;281,37657,0.911355
430,504308;431,112921,0.991833;307,33984,0.940239;293,46276,0.977092;266,35215,0.88506;271,37943,0.937849
440,504323;434,114349,0.993825;281,34339,0.941235;294,46502,0.979482;271,36178,0.908566;281,37899,0.937251
441,504111;423,113074,0.985458;277,33700,0.938645;291,45461,0.975896;261,35924,0.901793;285,38599,0.943625
443,504327;437,114753,0.982869;283,33997,0.934861;301,46955,0.982271;269,36480,0.893028;270,37891,0.928884
428,504402;431,114544,0.985259;286,34471,0.942231;311,47396,0.984064;277,36210,0.918327;275,37893,0.934064
426,504310;437,115996,0.989044;280,34964,0.95239;310,47878,0.993825;279,36438,0.888446;280,39081,0.921315
426,504226;443,114128,0.987849;272,34494,0.941434;308,47623,0.987649;283,36434,0.907171;291,39057,0.938645
429,504106;529,114425,0.990837;283,33793,0.928088;298,47120,0.982072;272,36202,0.907371;281,39065,0.928486
422,504257;517,115755,0.992629;309,35301,0.959761;322,47721,0.982669;275,36973,0.92251;279,39628,0.936454
422,504320;433,115866,0.985259;263,33924,0.933267;358,47672,0.98506;352,36463,0.891235;357,38881,0.91753
420,504170;432,115223,0.987649;314,34194,0.94004;315,47796,0.986853;285,36453,0.878088;356,38866,0.916534
431,504286;436,116068,0.992829;383,34284,0.94761;324,47816,0.979084;298,37869,0.909363;312,41380,0.931873
439,504287;438,115987,0.987849;308,35332,0.956574;325,49134,0.977689;322,38397,0.900598;282,41143,0.921713
438,504434;447,117089,0.995418;299,35246,0.944223;339,49091,0.974502;323,38212,0.916534;318,40974,0.931076
443,504340;437,116465,0.991633;288,34450,0.922908;309,48934,0.976693;280,37112,0.870518;282,40471,0.926892
420,504246;443,117008,0.994622;294,33989,0.927888;308,47518,0.979283;294,37790,0.902789;296,40146,0.906773
422,504245;440,117287,0.992231;277,35315,0.939243;319,48693,0.984064;302,38117,0.904382;316,41763,0.931076
418,504401;434,116968,0.987052;305,35374,0.950398;303,48597,0.978287;296,38743,0.919522;379,41928,0.93506
418,504428;455,118719,0.992231;373,36409,0.943028;394,49967,0.983466;365,38630,0.907968;326,43505,0.933267
422,504406;445,118573,0.985259;316,35775,0.939442;333,48806,0.978486;318,38520,0.88247;325,42344,0.936056
423,504401;443,118607,0.990438;316,36290,0.949801;327,49787,0.986653;347,40353,0.92749;337,42217,0.931474
422,504333;440,117931,0.990438;314,35939,0.956175;332,49908,0.979681;314,38663,0.892032;324,43315,0.937052
436,504332;442,117271,0.990438;283,35907,0.936653;300,49517,0.97988;320,39928,0.907769;314,43203,0.940637
436,504102;455,119323,0.981474;282,34879,0.922908;320,49521,0.982669;325,39599,0.896215;328,43512,0.941235
438,504253;443,120003,0.991235;293,35232,0.934661;316,49559,0.97012;318,38819,0.902191;321,42895,0.922908
435,504428;438,116631,0.996414;299,36112,0.921912;327,50840,0.977689;330,40035,0.894024;307,43801,0.924701
430,504359;432,117644,0.990837;289,36363,0.928287;390,50868,0.987251;321,38849,0.869124;336,44553,0.93506
428,504306;441,118840,0.992829;299,36107,0.927888;320,50286,0.973307;312,39647,0.907171;323,44298,0.938048
428,504003;439,119184,0.982669;274,34693,0.913944;301,50440,0.986255;298,39105,0.889243;305,43109,0.92988
423,504001;523,118328,0.994024;279,35539,0.914143;304,50017,0.985259;312,40192,0.901793;318,43424,0.923307
423,504376;550,119073,0.990837;284,35805,0.930478;319,51250,0.982669;313,40662,0.921912;304,43649,0.927689
423,503976;468,119721,0.989442;301,36518,0.939044;316,51424,0.98745;314,39742,0.900398;332,44485,0.943825
425,504260;454,120849,0.990438;290,37006,0.948406;317,51890,0.984263;314,40499,0.899004;320,44313,0.93506
435,504135;456,120305,0.989442;279,35946,0.939044;308,50886,0.971713;300,38794,0.89243;319,44205,0.948406
435,504127;448,118798,0.985657;291,35783,0.934064;331,51620,0.98506;295,39065,0.879084;312,44093,0.938247
445,504216;454,119615,0.992032;299,36664,0.942032;301,50625,0.984861;314,41206,0.913944;308,45172,0.935657
430,504102;451,120327,0.989641;298,37042,0.942231;310,51907,0.983665;317,40957,0.922908;322,44629,0.922112
429,504055;448,118746,0.988845;288,36305,0.921912;316,50476,0.982669;301,41346,0.927888;297,44770,0.933665
430,504037;452,120589,0.993028;266,36623,0.923506;297,50822,0.98247;287,39963,0.902988;291,44263,0.92988
425,504277;456,119526,0.990239;284,36454,0.946614;308,50773,0.984462;313,41378,0.918127;316,45209,0.942231
430,503513;454,118986,0.995219;271,35373,0.933267;289,49448,0.969323;301,41117,0.921912;316,43989,0.934064
430,503799;448,118122,0.989442;287,36990,0.935657;309,51607,0.979681;311,40523,0.922311;318,45466,0.944223
426,503976;450,118957,0.989243;287,36867,0.927888;313,51148,0.981076;315,41054,0.92012;325,45158,0.95
431,502873;451,118721,0.985657;286,36075,0.952988;302,50306,0.98506;301,40157,0.906175;313,44185,0.94243
443,502961;446,117461,0.995817;283,36275,0.941235;312,51213,0.984861;305,40218,0.906972;321,45019,0.949203
438,502416;453,118626,0.99243;277,35876,0.946414;308,50508,0.978287;308,41101,0.93008;301,44381,0.94243
440,501392;446,119479,0.988446;291,35645,0.942032;386,50881,0.983267;363,38851,0.901195;350,42875,0.948008
426,500455;447,118781,0.996813;295,34452,0.921713;312,48894,0.96255;323,39598,0.921514;320,42941,0.948207
425,501307;442,117498,0.984462;297,35489,0.941036;315,49155,0.976892;315,38614,0.906574;328,43892,0.946614
423,498560;450,119277,0.984861;300,35183,0.939841;315,49014,0.976693;303,39094,0.904183;302,43408,0.949203
424,500429;444,119802,0.990239;272,35770,0.933267;307,50328,0.98506;298,39712,0.898606;322,44673,0.946016
425,500696;514,119710,0.989243;273,35050,0.935857;296,49260,0.975697;313,40034,0.906574;321,44249,0.950199
427,503093;547,119321,0.991235;301,35240,0.940438;319,50214,0.981673;320,40143,0.905578;348,45669,0.946215
427,501459;465,117653,0.991633;282,35251,0.923307;311,48649,0.980478;323,39421,0.927291;327,45262,0.938845
441,499355;453,118974,0.99004;247,34094,0.934861;262,48318,0.987052;311,38534,0.897211;326,45475,0.930478
432,496200;454,119490,0.992032;276,33156,0.913546;290,48039,0.988845;300,38221,0.904183;312,44161,0.929283
440,494593;447,119830,0.986653;263,32677,0.942629;265,46687,0.978287;306,37698,0.915339;316,44702,0.939442
424,490203;461,121079,0.987849;250,31087,0.938446;268,43671,0.985259;278,35702,0.900797;309,43219,0.939442
416,485910;446,118515,0.993028;224,28580,0.933665;260,41809,0.984861;275,34175,0.898207;297,41417,0.9249
394,462980;456,119534,0.983267;218,25364,0.925896;234,36070,0.975498;228,29976,0.896215;264,37006,0.925299
378,438755;451,121026,0.984462;210,23318,0.941633;233,33421,0.973307;202,27499,0.903586;251,34192,0.917331
367,429688;453,120796,0.982669;193,21276,0.921713;209,30863,0.966135;200,25487,0.902191;224,31852,0.9251
343,403445;461,121520,0.989641;172,18559,0.928884;189,27180,0.969522;167,21761,0.89761;199,27843,0.920717
331,388518;457,120626,0.989442;156,17089,0.928088;138,24674,0.960757;162,20504,0.899402;186,26325,0.924303
288,342652;444,119178,0.989243;152,14725,0.926892;171,20625,0.978088;132,17275,0.888247;154,21726,0.914143
268,320286;451,120825,0.989641;148,12254,0.928884;137,18745,0.975896;110,15114,0.896215;132,19336,0.916534
243,283530;453,121728,0.992032;99,10050,0.925697;129,15263,0.971912;95,12728,0.892231;111,16742,0.917729
222,255542;462,122113,0.987649;124,9227,0.926693;128,13698,0.976494;92,11785,0.896414;110,16022,0.916733
193,217708;448,120510,0.990438;113,7893,0.931275;97,11800,0.973506;72,9741,0.894223;81,12596,0.912351
179,199237;450,120824,0.99004;90,6785,0.921315;93,9900,0.971912;62,8948,0.895219;70,11366,0.914143
153,179479;460,121115,0.987052;92,5769,0.927888;88,8996,0.975498;55,7663,0.894622;67,10585,0.912351
142,166475;447,120494,0.991036;71,5183,0.928287;93,8119,0.9749;51,7079,0.888446;60,9284,0.910359
94,109466;451,121340,0.987251;111,3790,0.927092;75,5541,0.971315;35,4805,0.888645;42,6589,0.908566
87,104098;514,119795,0.987052;83,3410,0.934861;67,4589,0.96992;26,3839,0.891036;23,5450,0.911355
66,74128;556,120638,0.985259;74,2248,0.93008;61,3495,0.969124;25,3529,0.886454;28,4554,0.909562
39,45961;477,121379,0.98247;45,1631,0.932869;65,2531,0.971315;17,2217,0.886653;18,2953,0.910956
41,43075;454,121128,0.993227;39,1566,0.933466;36,2322,0.968725;13,1853,0.88506;19,3091,0.909363
28,31524;457,121039,0.989243;45,1085,0.933466;43,1554,0.970916;10,1327,0.884462;12,1906,0.908964
36,29588;454,121779,0.99243;37,889,0.930279;29,1441,0.973108;8,1143,0.882869;10,1601,0.908167
27,25692;458,120527,0.994422;38,458,0.928486;39,1359,0.974701;6,816,0.883068;8,1317,0.909363
25,24700;450,120661,0.986454;29,765,0.934263;27,1133,0.9749;8,999,0.883068;9,1395,0.908566
21,20793;458,121876,0.990637;66,574,0.935259;39,1021,0.9751;6,626,0.882271;6,961,0.908566
10,8959;452,121182,0.989841;31,309,0.934263;21,421,0.975697;3,270,0.883267;3,429,0.908167
13,11936;454,122406,0.993028;32,232,0.937052;53,659,0.975498;8,460,0.884064;5,767,0.908566
12,10945;460,121048,0.978685;35,332,0.934462;19,419,0.975896;3,428,0.883665;4,496,0.904781
15,13912;451,120553,0.989641;25,78,0.937052;50,526,0.975697;4,473,0.883267;0,20,0.905578
9,6983;454,122260,0.980478;24,194,0.939044;17,206,0.975498;2,263,0.883267;2,191,0.907968
