8467,503506;3293,120012,0.992231;2206,73668,0.962749;2664,90230,0.987649;2370,73635,0.961155;2523,80167,0.98745
8406,504236;3195,117363,0.990837;950,28637,0.94741;1271,40304,0.982271;1144,33891,0.869522;1226,37009,0.897012
8393,503984;3180,118067,0.987849;1011,29561,0.919323;1328,41377,0.966534;1173,35217,0.879482;1276,38633,0.90757
8382,503887;3227,119368,0.98745;1011,29395,0.915538;1364,42028,0.96992;1236,36708,0.893227;1360,41306,0.919721
8392,504021;3247,119752,0.991036;1075,31357,0.912151;1419,43606,0.965339;1255,36227,0.866335;1388,42041,0.908765
8358,504079;3214,119208,0.990438;1123,32574,0.934064;1481,45858,0.975498;1328,38803,0.851793;1399,42116,0.89243
8323,504222;3189,117667,0.983267;1118,32665,0.926096;1487,45616,0.975697;1281,37508,0.846215;1335,40182,0.871912
8328,504250;3240,119518,0.995618;1186,34042,0.939841;1550,47456,0.971116;1281,37934,0.837251;1384,41540,0.888247
8419,503397;3223,118763,0.987649;1177,34297,0.922908;1553,47716,0.978088;1324,38631,0.860558;1352,40637,0.872311
8437,504449;3271,120782,0.983665;1279,37553,0.933466;1663,51773,0.975498;1439,41500,0.880677;1519,46247,0.906972
8569,504476;3269,121392,0.994821;1276,38013,0.923108;1687,53441,0.975498;1445,42251,0.861155;1469,45129,0.893028
8437,504617;3284,121381,0.985259;1313,40153,0.9251;1731,56123,0.981275;1498,44921,0.887251;1673,48694,0.931275
8749,504580;3308,123582,0.984064;1519,41829,0.929482;1946,58314,0.972311;1644,44909,0.907171;1828,50840,0.924303
8588,504678;3296,121963,0.990239;1533,42324,0.932072;1979,58101,0.984462;1692,45317,0.903984;1778,49955,0.938247
8564,504766;3301,122309,0.985857;1584,43337,0.925498;2039,59724,0.97988;1742,47576,0.90259;1911,53903,0.932869
8648,504715;3321,124077,0.987649;1535,42419,0.92988;2039,60171,0.9749;1709,45926,0.902191;1805,51564,0.932271
8543,504499;3317,122942,0.988247;1546,43510,0.920518;2037,60987,0.970916;1715,47123,0.907769;1876,53149,0.934462
8780,504736;3370,124738,0.992629;1575,44257,0.924502;1999,60207,0.973904;1713,46476,0.880478;1841,52251,0.936255
8810,504404;3329,122917,0.980478;1531,42785,0.913147;2011,59855,0.971713;1657,45925,0.900797;1762,50529,0.937052
8532,504660;3332,122837,0.989841;1538,42197,0.903386;1993,59502,0.95996;1701,46495,0.910558;1795,50772,0.939841
8284,504644;3321,122992,0.985458;1513,41872,0.900996;2069,60686,0.9751;1638,44643,0.903386;1768,50542,0.946016
8295,504557;3268,120612,0.99004;1506,41671,0.929681;1946,58703,0.978486;1645,45231,0.921315;1734,49223,0.951793
8305,504536;3305,122076,0.989641;1481,41122,0.921116;1925,56928,0.969323;1618,44240,0.904382;1703,48898,0.937052
8322,504406;3282,121422,0.986056;1509,41646,0.919522;1980,58317,0.974502;1637,44330,0.921315;1699,48404,0.93506
8434,504548;3254,120026,0.98506;1533,41635,0.932869;1930,57496,0.976494;1621,44307,0.902789;1710,48730,0.933267
8288,504597;3307,122849,0.991833;1496,42706,0.930279;1971,59362,0.968924;1608,44588,0.907371;1698,49192,0.929681
8270,504518;3290,122115,0.991833;1480,41407,0.931873;1931,58361,0.967729;1578,44037,0.901195;1656,47775,0.947809
8382,504707;3318,122040,0.988446;1578,43737,0.928287;2011,60437,0.981673;1621,44988,0.898406;1681,48908,0.930478
8357,504734;3307,122911,0.978287;1546,43662,0.910558;2040,60980,0.981076;1674,46711,0.895219;1809,52083,0.944622
8432,504662;3396,125792,0.983865;1584,44336,0.929482;2060,61965,0.972112;1684,46463,0.876295;1805,51578,0.92988
8374,504682;3313,123409,0.986853;1636,45540,0.919522;2098,62327,0.968924;1755,48437,0.871315;1821,52705,0.932271
8465,504701;3349,124330,0.978685;1593,44749,0.910757;2089,63661,0.9751;1770,48859,0.866335;1868,53431,0.932869
8420,504569;3356,124377,0.989641;1577,44714,0.894622;2125,64705,0.973108;1782,49573,0.902789;1842,53645,0.920518
8293,504814;3359,125644,0.988247;1732,47713,0.904183;2182,65337,0.974104;1855,51168,0.908167;1957,56452,0.95
8368,504682;3441,128189,0.98745;1664,47568,0.916534;2167,65718,0.968327;1774,48853,0.855378;1909,55230,0.93247
8342,504770;3444,126842,0.988446;1700,47618,0.912948;2169,65742,0.963944;1808,49938,0.866733;1890,54564,0.923307
8482,504838;3412,126834,0.987849;1689,48482,0.905777;2227,66807,0.97251;1887,51664,0.900398;1987,57625,0.934661
7984,504921;3447,128461,0.988645;1705,48605,0.914143;2180,66636,0.966932;1819,50502,0.888446;1987,57746,0.945817
8784,504271;3467,128477,0.984263;1660,47794,0.915538;2133,64364,0.962948;1798,49934,0.896813;1869,54644,0.940239
8666,504852;3396,126622,0.983665;1722,48132,0.906773;2182,65728,0.964143;1856,51044,0.89741;1974,56756,0.925896
8825,504750;3406,126184,0.988247;1684,48282,0.906175;2171,65767,0.962948;1817,50762,0.888446;1900,55296,0.927092
8826,504797;3395,126903,0.985857;1723,48470,0.911554;2161,65787,0.97251;1789,49657,0.875498;1957,56534,0.943426
8831,504867;3398,126061,0.981873;1687,47761,0.928685;2185,65153,0.957371;1834,50366,0.863745;1903,54969,0.905378
8843,504644;3333,124016,0.986653;1649,47026,0.918526;2109,63540,0.943227;1741,48143,0.884462;1938,54137,0.932669
8665,504733;3350,124457,0.981275;1615,46165,0.921713;2111,63862,0.97251;1762,49210,0.890438;1857,54196,0.936056
8751,504780;3328,121978,0.978685;1682,46042,0.930478;2171,62436,0.976892;1784,48899,0.914343;1802,52253,0.918924
8744,504716;3368,124644,0.983865;1585,45213,0.930279;2033,61423,0.968526;1670,46286,0.892032;1816,52368,0.909562
8789,504711;3348,123434,0.991235;1620,43570,0.918526;2136,61851,0.97749;2056,47381,0.91753;2060,51122,0.932271
8715,504596;3284,121699,0.989841;1531,42693,0.921713;1997,59466,0.979482;1729,46169,0.892231;1782,50200,0.933068
8732,504637;3307,122943,0.986454;1588,43528,0.919721;2063,60201,0.970518;1757,46873,0.906574;1830,50883,0.943825
8978,504612;3306,121182,0.987849;1592,43041,0.938845;1934,58709,0.978884;1643,44965,0.913546;1729,49668,0.949203
8750,504521;3295,121931,0.990239;1528,41019,0.93506;1991,57921,0.981873;1608,43169,0.896016;1736,48663,0.945618
9238,504649;3288,121236,0.98247;1568,42037,0.935458;1942,57368,0.978685;1627,44432,0.90757;1690,48301,0.938645
8825,504468;3268,121154,0.991036;1512,41592,0.928486;1965,57640,0.973307;1627,43930,0.920916;1726,48494,0.956574
8405,504361;3291,120825,0.988845;1569,41009,0.935657;1928,56453,0.974502;1577,43510,0.909363;1624,46782,0.949203
8314,504604;3343,121433,0.98745;1526,40539,0.898606;2003,57792,0.978088;1646,43924,0.926693;1724,47933,0.939841
8616,504656;3258,120141,0.993625;1562,41514,0.925498;1997,57367,0.98008;1715,43025,0.924502;1956,47407,0.956972
8885,504080;3270,120571,0.988845;1688,40043,0.922709;1937,56575,0.977092;1570,42254,0.937052;1679,46713,0.953586
8431,504318;3235,119831,0.992231;1458,39832,0.940837;1883,55270,0.979482;1517,41745,0.922709;1637,45416,0.954382
8384,503563;3227,119743,0.99004;1484,38412,0.925697;1900,53542,0.980876;1533,40950,0.913944;1574,44627,0.95498
8809,504078;3296,120284,0.990637;1398,38648,0.929283;1813,54638,0.982072;1521,41419,0.921116;1622,44701,0.954183
8871,503212;3278,120151,0.995418;1398,37369,0.927888;1795,51554,0.972709;1523,41115,0.939243;1580,43952,0.955179
8866,501621;3272,121400,0.992032;1293,36818,0.919124;1660,49747,0.971116;1381,38515,0.92749;1516,42802,0.936255
8595,500678;3276,120519,0.990637;1303,35496,0.919323;1678,49497,0.969522;1369,37854,0.931873;1546,43600,0.949801
8702,501986;3257,120886,0.987649;1327,35702,0.92012;1647,49264,0.977291;1415,39577,0.936454;1512,42976,0.944024
8529,495766;3294,121206,0.988247;1211,32810,0.883466;1589,46537,0.975299;1337,36081,0.921315;1484,41678,0.938048
8552,493807;3312,123238,0.987251;1188,31989,0.907371;1522,44366,0.965139;1259,34204,0.884861;1441,41190,0.938247
8637,492131;3392,124998,0.989243;1316,30959,0.894821;1695,43482,0.966335;1459,35573,0.901594;1433,42642,0.950398
8647,491921;3378,125497,0.980279;967,28028,0.900398;1273,39321,0.958167;1128,31129,0.87988;1357,39542,0.943426
8037,467380;3423,126985,0.984661;855,23057,0.887251;1094,33082,0.956175;960,26318,0.891036;1147,33611,0.947012
7518,433857;3433,127107,0.98506;703,19255,0.88506;909,26749,0.952789;782,21862,0.89004;941,27336,0.936853
6774,394342;3368,125765,0.98247;600,15305,0.88506;748,21322,0.946215;619,17365,0.888446;745,22449,0.942829
6124,346111;3403,126794,0.973705;425,11969,0.8751;589,17759,0.944024;502,14632,0.875299;625,18867,0.937251
4790,274531;3464,128078,0.98506;295,7397,0.887052;369,10900,0.947809;312,9187,0.873705;400,12224,0.928486
2689,157282;3459,128107,0.976096;185,3735,0.890438;170,4452,0.950797;139,4224,0.872112;180,5603,0.929482
1125,65762;3405,125798,0.978287;95,1754,0.894223;107,2308,0.949203;59,1817,0.871315;78,2424,0.928884
574,33497;3442,128607,0.981673;82,1158,0.898406;93,1471,0.949602;42,1250,0.873705;46,1374,0.931474
736,43074;3426,127637,0.979084;79,1047,0.89741;77,1330,0.95;42,1302,0.875299;49,1553,0.931474
513,30538;3447,127457,0.975697;74,621,0.895618;71,945,0.950598;30,894,0.875498;37,1152,0.931275
241,13921;3411,126155,0.982072;46,335,0.896813;51,596,0.950996;18,536,0.8751;23,688,0.930876
