3020,2530125;721,351055,0.950756;997,316281,0.814667;1105,362155,0.933244;1463,327137,0.7616;1723,357690,0.918222
2786,2330247;735,351189,0.945333;707,92160,0.843822;760,117159,0.921511;836,99415,0.756356;903,115669,0.875911
2797,2323987;752,348914,0.936267;880,93849,0.806933;823,121341,0.907733;723,106674,0.744889;734,124505,0.857867
2702,2347020;738,347385,0.92;705,98806,0.795111;680,131444,0.894489;801,111362,0.716978;832,135305,0.846933
2854,2350017;763,350981,0.899022;694,101461,0.7544;694,134675,0.869422;866,112715,0.688533;858,138912,0.824889
2896,2346398;762,355387,0.893156;688,104088,0.743822;729,136289,0.865511;847,114622,0.651378;1259,144432,0.820356
2700,2307039;782,355656,0.891467;939,98862,0.716356;1027,133586,0.852978;1156,110959,0.619111;975,137875,0.817067
2914,2368079;784,358707,0.874578;802,107704,0.714933;897,144266,0.840356;952,118888,0.600978;936,145558,0.805778
2877,2325250;791,360775,0.861422;819,104480,0.696356;1085,138403,0.822222;1197,115925,0.585867;1246,143862,0.795911
2880,2395987;842,362970,0.861156;1038,106572,0.674844;1109,140585,0.807111;1304,122738,0.578756;1280,151544,0.810933
2935,2369187;1215,361213,0.833511;1053,107180,0.657511;1159,147077,0.802933;1298,125225,0.562133;1312,153481,0.796444
2912,2311050;1265,368221,0.843022;1053,105151,0.643467;1134,140442,0.795733;1297,119638,0.552444;1293,147332,0.783022
2795,2326117;1206,368730,0.842311;1020,107858,0.625778;1101,141666,0.788178;1322,119280,0.5448;1319,151598,0.784889
2771,2213017;1191,366400,0.843556;983,101852,0.611111;1105,133032,0.781422;1272,112986,0.510489;1232,138930,0.778311
2874,2234993;1214,368759,0.833867;1080,99135,0.582667;1177,135722,0.767378;1206,111565,0.494489;1150,136881,0.768533
2602,2127132;1142,367773,0.823644;1010,95186,0.582222;1061,126969,0.747378;1139,106619,0.496267;1146,132399,0.771289
2600,2053313;1136,373020,0.8368;1023,88770,0.546489;1035,123403,0.747289;1123,103972,0.478311;1087,122691,0.768178
2551,2010710;1134,370590,0.8392;914,84315,0.506578;931,116171,0.734133;1069,97645,0.459467;1092,120812,0.757333
2235,1790894;1132,372364,0.844889;838,76963,0.480356;830,101018,0.7056;926,88968,0.461511;935,104690,0.756533
1983,1606814;1144,374181,0.852;604,66050,0.441422;581,89161,0.681867;538,80058,0.444;554,95685,0.757333
1673,1225768;1141,374005,0.863556;454,47017,0.414133;502,60676,0.6536;381,57241,0.439733;400,66630,0.757511
734,537006;1118,373681,0.886489;286,14253,0.416356;342,24791,0.666133;109,16873,0.439822;124,23707,0.756622
213,117687;1127,372899,0.873511;134,3544,0.4176;188,5110,0.6688;19,3122,0.441689;30,5872,0.757956
