4658,2530125;3515,987720,0.999467;1942,211305,0.917822;2029,269376,0.977333;4655,195279,0.799111;4377,277493,0.950089
4824,2535832;3549,997738,0.999378;2008,130838,0.908533;1973,183959,0.970444;3312,128076,0.847378;3195,185515,0.9228
5114,2535820;3579,1018241,0.999289;2265,136974,0.892933;2222,193724,0.967022;3546,130978,0.855689;3577,195303,0.928756
5032,2535827;3454,1024443,0.998889;2565,140076,0.876533;2389,199667,0.965333;3685,130851,0.834;3590,195722,0.933511
5192,2535756;3243,1021876,0.998711;2783,142531,0.872311;2502,203980,0.961867;3873,134201,0.843556;3780,202912,0.930844
5298,2536057;3265,1021900,0.998489;2687,145254,0.868089;2559,210371,0.9636;3857,133728,0.838489;3744,201772,0.931289
5002,2535763;3274,1024897,0.9992;2596,141727,0.866622;2513,205734,0.964089;3858,133779,0.845244;3610,197352,0.929644
5159,2535870;3346,1029884,0.998711;2529,143147,0.862622;2551,207239,0.963956;3821,131060,0.845333;3697,197529,0.937644
5408,2535756;3320,1029810,0.998711;2790,144372,0.866578;2658,208386,0.9644;3552,132369,0.854756;3440,199304,0.945289
5654,2535788;3267,1025316,0.998489;2748,142294,0.858756;2596,204822,0.960756;3962,133377,0.850578;3801,196943,0.940444
5528,2535994;3423,1026776,0.998756;2890,144457,0.869911;3222,209676,0.9632;4236,133836,0.849156;3991,201201,0.9384
5428,2536060;2399,1020839,0.998844;3271,147863,0.868178;2811,212721,0.9664;4187,135289,0.827289;3977,206763,0.933867
5769,2536302;2233,1027087,0.998;2861,149541,0.864178;2767,215066,0.962933;4156,136754,0.801467;3935,207404,0.937822
5611,2536222;2224,1022689,0.998578;2831,151213,0.860222;2675,217077,0.956844;4196,137483,0.804889;4004,211331,0.929067
5408,2536315;2252,1029987,0.997556;2745,152057,0.850222;2629,221441,0.957911;4218,139382,0.783822;4014,213902,0.929156
5610,2536363;3408,1031935,0.998311;2759,152215,0.8568;2688,219390,0.960667;4332,141314,0.768178;4005,213093,0.913867
5835,2536356;3348,1022387,0.998844;2806,151273,0.848178;2671,217321,0.958222;4369,141131,0.777378;4195,219454,0.930711
5838,2536412;3523,1026266,0.998667;2847,152637,0.839778;2739,222978,0.956;4289,141186,0.750311;4211,223556,0.920756
5535,2536548;3585,1021014,0.998222;2738,153587,0.831644;2734,226307,0.954044;4527,145374,0.724267;4267,226235,0.908267
5782,2536375;2261,1031746,0.998533;3024,157536,0.837822;2887,228734,0.948089;4953,147849,0.696356;4781,232576,0.897511
5737,2536605;2231,1031650,0.998444;2971,158019,0.814089;2961,230754,0.948267;5112,148474,0.675467;4875,235901,0.891022
5843,2536724;2741,1033193,0.998578;3103,159398,0.809378;2927,233719,0.942667;5303,151152,0.667911;5301,245841,0.899156
5732,2536668;2254,1039942,0.998356;2936,160661,0.810044;2987,238183,0.9444;5341,150716,0.6152;5072,242214,0.872889
5841,2536853;3560,1040849,0.997956;2899,161724,0.7972;3008,239138,0.944089;5635,154748,0.625289;5307,250481,0.878222
5844,2537013;3864,1043640,0.998622;2977,166018,0.799511;2952,241821,0.9412;5751,156342,0.618711;5471,254471,0.867422
5770,2537131;3555,1048585,0.998711;2806,166151,0.794267;2958,243071,0.938267;5892,156628,0.602578;5708,261335,0.8756
5819,2537071;2292,1053802,0.997956;2812,166331,0.794533;2975,246972,0.938356;6112,160194,0.591333;5798,262729,0.872889
6031,2537237;3711,1055278,0.997733;2899,167384,0.789422;2953,247964,0.9396;6076,161620,0.592267;5522,255956,0.876622
5629,2537334;3704,1053951,0.998133;2812,169392,0.775511;2995,247752,0.934844;6127,161241,0.5928;5734,264964,0.8856
5931,2537294;3737,1059131,0.997511;2801,170302,0.7944;2979,248400,0.938533;6090,162254,0.587289;5768,261912,0.865867
6172,2537230;3726,1056874,0.997867;2742,166497,0.788133;3006,246940,0.932;6302,164258,0.601022;5738,261442,0.872267
5633,2537320;3057,1056398,0.998356;2887,171022,0.794622;3118,250987,0.941022;6338,161917,0.591067;5836,263092,0.880578
5697,2537138;3698,1064665,0.997956;2676,167034,0.790178;2901,251794,0.935378;6089,164321,0.6164;5625,262698,0.866444
5920,2537398;3705,1059684,0.997956;2789,170254,0.785733;2985,249318,0.936089;6093,162021,0.617733;5769,260075,0.863867
6009,2537282;3693,1054322,0.997644;2801,169295,0.788444;2946,249045,0.9396;6158,162019,0.6296;5709,257200,0.876978
5784,2537130;3694,1061206,0.998;2874,167158,0.790489;3029,248201,0.939067;6030,159348,0.623511;5681,256495,0.8804
5818,2537115;3642,1060440,0.997689;3015,169673,0.792622;3019,249763,0.936489;6013,158528,0.618356;5750,262098,0.876267
5836,2537184;3698,1055572,0.998089;2749,169134,0.791511;3076,248141,0.932578;6167,163020,0.630178;5564,256060,0.880089
5752,2537265;3668,1062150,0.997067;2878,167766,0.784711;3009,251019,0.936133;5942,158095,0.625244;5595,257434,0.879022
5847,2537262;3681,1059023,0.998089;2853,167893,0.7904;2999,248951,0.935956;6225,165052,0.632533;5770,260003,0.882578
5431,2537249;2310,1056269,0.997822;2716,165061,0.791333;2929,244193,0.940356;6100,161881,0.656444;5643,256253,0.8884
5449,2536804;3721,1063712,0.998311;2805,165951,0.790711;2911,242632,0.935956;5745,156486,0.6704;5397,252676,0.889378
5447,2536672;3632,1060275,0.9984;2738,162937,0.792578;2914,240624,0.938222;5940,159526,0.6796;5306,246521,0.896844
5406,2536738;3760,1056558,0.998222;2762,160257,0.801289;2860,239083,0.939378;5445,153434,0.697111;5103,242045,0.891067
5458,2536308;3780,1061534,0.998089;2969,157990,0.806533;2823,234657,0.942;5485,152146,0.687733;5166,243934,0.898267
5381,2535716;3708,1056998,0.997422;2859,156592,0.803111;2839,228958,0.935378;5499,148625,0.690089;5020,238151,0.903244
5376,2534667;3705,1057266,0.997511;2893,152374,0.802844;2972,225407,0.934711;5111,144510,0.695956;4833,234148,0.900933
5357,2532414;3687,1049175,0.998844;2712,145128,0.805067;2794,215654,0.939244;4870,138647,0.710356;4693,223854,0.898889
5272,2527459;3410,1054780,0.997511;2564,131490,0.810711;2484,201572,0.942622;4364,127676,0.718267;4243,208854,0.9
4711,2486549;3696,1046834,0.997822;2283,108437,0.806356;2256,173596,0.943467;3524,106058,0.739911;3731,179569,0.9
4430,2475788;3756,1046330,0.997911;2045,90893,0.8272;2139,149520,0.9444;2935,90592,0.739556;3181,158803,0.897867
4064,2365678;3688,1047095,0.997689;1719,67939,0.849733;1712,111611,0.948578;2129,66281,0.749111;2559,124942,0.893467
3401,2043162;3671,1045925,0.998133;1443,44506,0.860178;1308,74422,0.951778;1438,46236,0.7448;1660,83316,0.887822
3163,1669823;3684,1044497,0.998178;1110,28137,0.8776;913,47189,0.952356;834,26604,0.748356;994,51931,0.886044
2320,1036168;3666,1045884,0.998089;1167,15020,0.884622;783,25890,0.956267;407,13794,0.750578;546,28879,0.886089
1403,562830;3721,1044065,0.997867;798,6614,0.888622;735,12604,0.959156;213,6875,0.750267;247,13398,0.8856
951,428198;3760,1047270,0.997822;601,4530,0.889822;554,8657,0.959156;125,4008,0.750356;151,7801,0.885956
310,123989;3717,1047239,0.9976;568,1391,0.889911;482,2724,0.959867;30,1090,0.7512;35,2022,0.886311
98,40193;3640,1045791,0.997778;401,560,0.890222;326,946,0.959778;13,410,0.750267;15,832,0.886756
