4261,2530125;3160,983494,0.9996;1260,212476,0.915911;1511,267617,0.976356;3780,194503,0.820489;3150,276132,0.943111
4503,2512320;3218,993425,0.999556;1599,89178,0.913911;1508,132191,0.971778;2438,99397,0.842222;2440,148710,0.925644
4478,2504972;3245,996546,0.999378;1683,90504,0.918889;1652,134828,0.973422;2426,97787,0.842933;2580,153820,0.924178
5008,2511564;3252,1001975,0.9996;1942,91818,0.907022;1801,138978,0.966356;2581,101089,0.844533;2760,156497,0.920089
4920,2508957;3253,1011331,0.998756;2011,92688,0.899556;1909,139088,0.966756;2743,102212,0.850489;2757,159015,0.9148
4783,2499369;3277,1011662,0.998889;1919,92595,0.892311;1950,139911,0.962578;2767,101663,0.852756;2776,158928,0.913911
4933,2507913;3281,1020673,0.999378;2062,94106,0.891422;1893,142857,0.960933;2827,103024,0.850311;2900,163408,0.912533
5044,2507541;3229,1016330,0.999156;2062,95355,0.891867;1992,145040,0.960667;2877,101610,0.838044;2978,164899,0.914267
5023,2505175;3272,1025077,0.998711;2228,95651,0.884711;2024,146275,0.961867;3041,103530,0.826;2969,164121,0.913244
5084,2504906;3270,1022845,0.998267;1972,96236,0.881867;1819,146744,0.957644;2248,102000,0.824267;2253,162504,0.918444
5333,2507653;3295,1026367,0.997778;1606,96405,0.88;1600,146781,0.958844;2262,102747,0.836978;2859,165909,0.917067
5171,2505215;3286,1027870,0.998444;2173,95403,0.878089;1981,148063,0.958044;2912,101774,0.8348;2986,164279,0.920267
5204,2512918;3383,1026615,0.998844;1982,96748,0.875156;2058,149445,0.959333;2962,103156,0.841778;3130,167835,0.920578
5171,2510180;3284,1029225,0.999111;2094,96343,0.881333;2022,146941,0.959689;3068,103555,0.839156;3033,164636,0.920756
5175,2505600;3265,1031008,0.998756;1973,94743,0.879022;1998,146763,0.9592;2322,101519,0.847511;2309,163586,0.927378
5181,2511093;3281,1028727,0.999022;1714,96558,0.882444;1837,147236,0.962933;2294,103908,0.857556;2370,165733,0.9296
5241,2506328;3309,1026827,0.998978;1659,96502,0.881022;1658,148668,0.959333;2627,101749,0.856267;2511,165232,0.932578
5165,2503405;3265,1026153,0.9988;1861,96279,0.880978;1663,149560,0.961378;2286,101940,0.846;2887,164966,0.929644
5494,2501082;3388,1026935,0.998356;1944,93645,0.878;1958,146033,0.963911;2785,100511,0.848089;3018,158457,0.928667
5255,2507563;3315,1029536,0.998933;2236,96913,0.880489;2095,148762,0.963467;2961,103716,0.850044;3138,168343,0.927244
5345,2513280;3237,1030556,0.998711;2049,96947,0.881644;2036,149708,0.961067;2994,104504,0.860578;3058,169694,0.931733
5165,2501468;3306,1027433,0.9992;1938,94806,0.874311;1895,145305,0.955378;2946,102013,0.862444;2960,163861,0.931956
5116,2508927;3287,1027817,0.9988;2030,96969,0.884978;2004,151320,0.960089;3215,103602,0.855644;2473,170215,0.9356
5219,2510601;3266,1031312,0.999022;1614,96496,0.878089;1544,147874,0.959511;2249,103002,0.863822;2306,167197,0.934933
5000,2506572;3311,1031943,0.998444;1676,96287,0.880844;1630,147758,0.960267;2280,103544,0.865422;2287,162194,0.937111
5272,2508296;3347,1030740,0.998756;1782,98081,0.8868;1693,150451,0.961333;2768,102995,0.849022;2388,168271,0.9372
4446,2511342;3243,1030259,0.999156;1684,96377,0.875022;1622,149625,0.961378;2482,103094,0.851111;2467,168455,0.940578
4862,2510274;3290,1027371,0.998756;1699,98817,0.880444;1646,148684,0.957156;2455,105481,0.855422;2520,169361,0.939289
5108,2507083;3315,1035036,0.998222;1878,97021,0.875067;1655,147645,0.958711;2424,103072,0.844;2507,170844,0.935422
5215,2504196;3281,1029523,0.9984;1911,96692,0.872044;2020,148481,0.961689;3221,104006,0.8372;3192,168140,0.932622
5247,2499653;3335,1033237,0.999022;2287,96556,0.874622;1997,148975,0.954889;3133,101666,0.830311;2945,165579,0.928356
5361,2499990;3372,1024367,0.998578;1830,95735,0.873467;2052,149000,0.9568;3058,102050,0.834622;2773,162057,0.928267
5753,2508585;3281,1033496,0.9984;1999,96319,0.862222;1789,151254,0.955156;2978,103087,0.826844;3224,168301,0.926044
5344,2507462;3275,1028938,0.998267;2024,98151,0.866178;2065,150597,0.951511;3179,104570,0.834711;2861,169068,0.922667
5385,2507586;3285,1023602,0.998978;2065,97622,0.8676;1915,150867,0.955822;2633,104737,0.830756;2854,170914,0.927333
5453,2510248;3297,1026697,0.9988;2110,96979,0.87;1717,150414,0.957911;2903,102717,0.831556;3191,168471,0.924667
5563,2513122;3327,1025842,0.998356;2007,98505,0.869111;2092,154083,0.953067;2822,106070,0.818578;2676,171196,0.923467
5399,2500723;3423,1025861,0.998622;1646,95029,0.863111;1672,149515,0.956356;3064,104062,0.814533;2755,164411,0.922578
5535,2507505;3314,1030484,0.998667;2132,96988,0.869556;1746,151320,0.955022;2722,104537,0.801867;2736,169895,0.920489
5829,2508678;3295,1025868,0.998533;1850,97316,0.859511;2042,150996,0.952267;2808,104770,0.792533;3022,171783,0.9228
5354,2506393;3336,1028122,0.998711;1840,97145,0.859022;1852,151520,0.953378;3098,104685,0.790489;3177,170892,0.919556
5364,2511023;3330,1028692,0.998222;1704,99016,0.864356;1843,153928,0.946489;3369,105710,0.786889;2942,172357,0.912667
5195,2506742;3344,1026078,0.998756;2099,98959,0.859022;1624,151841,0.948222;2897,106346,0.791733;3154,170307,0.916578
5093,2506283;3457,1025743,0.997378;1991,100065,0.860178;1910,154106,0.952978;2928,107005,0.776222;3171,175199,0.911289
5250,2506663;3332,1024419,0.998222;2024,98424,0.854489;2135,150673,0.949289;2723,106832,0.768889;2824,174980,0.914133
5352,2507071;3307,1026390,0.997822;1923,98792,0.855511;1644,152313,0.946711;2602,104816,0.758978;2748,172967,0.901644
5534,2504434;3354,1025630,0.9988;1621,97951,0.851778;1674,151528,0.9448;3244,105993,0.748178;3375,174910,0.896756
5227,2507075;3361,1034021,0.997911;1884,99470,0.849067;1966,154140,0.947911;3201,108084,0.749867;3477,180341,0.895467
5184,2499631;3365,1026045,0.998444;1694,98712,0.845022;1820,151244,0.947022;2858,104231,0.7424;3062,172962,0.899422
5455,2511280;3347,1028661,0.998044;2255,101407,0.843111;2191,157345,0.945689;3447,106278,0.732667;3311,178173,0.9028
5338,2507802;3456,1032913,0.997867;2032,101371,0.852489;2144,156672,0.944044;3152,108774,0.7412;3132,176830,0.901867
5367,2509760;3323,1033915,0.996933;1805,100777,0.839911;1932,159154,0.943467;3184,107291,0.729956;3345,182258,0.8916
5372,2509898;3364,1033586,0.998133;1916,101847,0.8424;1998,156076,0.943822;3334,107024,0.722222;3473,180068,0.8944
5436,2503689;3365,1036630,0.9976;1971,99780,0.836667;1762,155298,0.937867;3164,107661,0.715333;3300,174515,0.882178
5130,2510989;3382,1040304,0.998222;1766,100550,0.835022;1584,157042,0.943556;2847,107877,0.714844;3412,177073,0.8908
4991,2501404;3343,1031598,0.998178;1648,99627,0.842578;1798,156708,0.9456;2663,108274,0.711156;3206,178398,0.894622
5074,2507465;3476,1038170,0.998089;1901,100805,0.842267;1926,156123,0.944133;3158,108054,0.699333;3485,180008,0.893822
5115,2507478;3464,1038686,0.998;1840,101942,0.8416;1973,158582,0.940089;3178,109538,0.6844;3553,183217,0.889867
5125,2506012;3701,1040512,0.998267;2070,100605,0.839244;1817,158426,0.9424;3325,108884,0.683289;3269,184361,0.890711
4993,2510986;3696,1047885,0.998089;2088,103614,0.835067;2128,159788,0.936222;3328,110058,0.678978;3537,181190,0.883778
5335,2506226;3699,1041492,0.998222;2118,103159,0.8284;2154,160965,0.937422;3312,111211,0.682667;3324,184908,0.886933
5102,2508827;3703,1045948,0.998578;1973,103339,0.827289;1903,161147,0.937511;3538,111491,0.680844;3299,181009,0.885644
5154,2509521;3723,1046075,0.998311;2077,103994,0.828267;2267,162236,0.938089;3452,111041,0.682756;3517,182446,0.886089
5214,2511642;3668,1046365,0.998533;1915,103067,0.829956;1828,162760,0.936044;3326,112358,0.687333;3373,185208,0.887689
5269,2507471;3714,1050714,0.998444;2186,104692,0.824756;1894,162364,0.938178;3608,115057,0.68;3410,189299,0.892311
5168,2504257;3721,1053654,0.998578;1898,104281,0.825778;1783,160855,0.938044;3387,113742,0.685156;3748,184157,0.886356
5271,2512042;3751,1053204,0.998267;1925,104501,0.826133;2220,165817,0.938089;3701,113528,0.689689;4069,187674,0.884356
5310,2500162;3672,1053575,0.998133;2074,101923,0.825867;1923,161356,0.934756;3315,107703,0.6844;3068,181914,0.885244
5191,2512219;3745,1053746,0.998667;1970,104320,0.819333;2022,164599,0.936533;3456,112797,0.685911;3423,184556,0.887067
5226,2508744;3747,1059592,0.9984;1829,104068,0.814489;1841,162058,0.933556;3544,111412,0.677733;3427,183476,0.885867
5087,2504904;3726,1051046,0.998133;1840,103845,0.819822;1862,162139,0.930311;3731,111987,0.685556;3918,185641,0.891822
5044,2502676;3719,1054639,0.998089;2264,105508,0.829911;2192,159517,0.931378;3161,110876,0.680578;3359,182690,0.879778
5210,2508579;3718,1054698,0.998356;2111,105365,0.824844;2170,163777,0.937822;3241,110954,0.668444;3343,186638,0.885022
5176,2499141;3728,1050985,0.998311;1982,103286,0.825689;2039,158970,0.934844;3572,112338,0.656756;3335,182043,0.886933
5470,2506545;3698,1052865,0.998;1965,103444,0.825689;2106,161566,0.935689;3770,112503,0.654756;3571,184641,0.882889
5186,2512916;3741,1059371,0.997778;2197,107316,0.824267;1851,164553,0.9344;3501,109795,0.650489;3917,189153,0.881333
5141,2503073;3705,1054811,0.997733;2086,104026,0.818;1960,161206,0.934533;3804,112506,0.663422;3570,183682,0.876489
5291,2514128;3738,1059463,0.998089;2121,107520,0.822133;2120,164418,0.930044;3937,113092,0.661956;3873,192581,0.886
5231,2514031;3740,1058296,0.998178;1814,106288,0.818978;1954,165794,0.934044;3600,113565,0.672844;3220,185216,0.890622
4965,2504282;3728,1060058,0.997689;1904,103811,0.823289;2135,161185,0.932222;3706,112128,0.6764;3675,186602,0.894133
5367,2510411;3770,1059698,0.997867;1613,104501,0.813556;2076,164348,0.9396;3651,113720,0.675644;3597,188207,0.889556
5352,2505867;3746,1061632,0.9984;2142,104310,0.818089;2128,163426,0.934178;3689,113133,0.678578;3415,187776,0.886222
5332,2504551;3692,1066543,0.998356;1815,106658,0.821111;2068,165527,0.932444;3859,112810,0.665911;3256,184108,0.883733
5099,2512925;3399,1060762,0.998489;2161,106917,0.8312;1950,164214,0.934756;2974,113937,0.684622;3465,186040,0.885556
5399,2508535;3405,1060616,0.996978;2185,104611,0.821733;1815,160860,0.929778;3550,111255,0.690933;3250,181786,0.885156
5560,2509772;3379,1059167,0.9976;2242,106537,0.825644;1901,163588,0.930889;3529,109617,0.6792;3708,185610,0.885244
4996,2507413;3407,1059030,0.997733;2093,103249,0.822;1797,163604,0.937289;3821,111690,0.687244;3719,183236,0.882356
5195,2510931;3364,1059566,0.998;2057,105646,0.830978;1776,166724,0.938667;3381,114188,0.690844;3374,188681,0.892667
4885,2507077;3387,1057664,0.997644;2104,105058,0.830044;2172,165618,0.935689;3436,111181,0.696978;3412,185984,0.885378
4684,2512430;3377,1059464,0.997378;2080,104293,0.8284;2013,164658,0.935111;3445,112188,0.6968;3223,187601,0.889778
4443,2506088;3441,1064800,0.997333;1955,103037,0.820356;2020,162186,0.934311;3278,110317,0.706756;3839,185785,0.892089
4504,2507755;3363,1059754,0.997956;1687,104091,0.828711;2006,160794,0.931111;3313,108548,0.710311;3687,183362,0.890756
4361,2499700;3411,1062653,0.998;1745,101772,0.824222;1831,162689,0.933289;3436,109251,0.703156;3497,180058,0.883156
4490,2509116;3357,1057408,0.998444;1871,105276,0.827822;1981,162406,0.934356;3458,111475,0.704844;3498,186934,0.889022
5024,2500144;3396,1059139,0.997867;2084,101812,0.824578;2088,159000,0.935378;3344,107915,0.698578;3381,178819,0.884222
5294,2508804;3383,1060500,0.997733;1944,103842,0.812489;1970,161163,0.931511;3108,110160,0.711244;3480,181105,0.885333
5231,2507808;3399,1061251,0.998133;2013,104337,0.8292;1743,161604,0.938489;3475,110757,0.705733;3273,182362,0.893956
4924,2490212;3390,1061147,0.998089;1941,101678,0.8244;1866,158768,0.935956;2963,106727,0.711022;2959,175502,0.883244
5195,2502748;3369,1058000,0.998356;2035,103091,0.8252;1731,161436,0.939778;3410,108723,0.712844;3652,182587,0.8964
5446,2507488;3375,1059572,0.998444;1895,101313,0.818711;1674,161750,0.938311;3527,110781,0.714711;3428,179531,0.888533
5182,2499463;3666,1060676,0.998178;1994,103013,0.830667;2029,159339,0.938444;3446,106308,0.713289;3451,179357,0.888311
5132,2484051;3737,1065824,0.997511;1584,98312,0.823733;1872,155996,0.940489;2773,103881,0.713911;3032,175104,0.900578
4945,2479926;3730,1060313,0.997333;1760,100559,0.8296;1748,155447,0.932622;3278,106234,0.728756;2823,173211,0.896444
4885,2478368;3717,1060993,0.998222;1765,97587,0.829289;1662,150295,0.934178;3002,102251,0.726044;2924,170541,0.894622
4807,2473432;3463,1061227,0.998044;1968,94862,0.820489;1825,151829,0.938178;3018,99372,0.7192;2987,168150,0.888933
4955,2481993;3357,1058674,0.997911;1917,99663,0.822356;1848,155615,0.9372;3001,103679,0.718978;3175,174351,0.892133
4973,2474856;3501,1057157,0.997644;1814,98167,0.831911;1845,152497,0.935556;3097,102673,0.736178;2845,167311,0.893422
4772,2466886;3448,1059219,0.998222;2000,96400,0.828222;1847,149535,0.939067;2920,101213,0.7408;2921,167634,0.899378
5117,2467638;3478,1059341,0.998622;1890,94549,0.828044;1803,149609,0.936889;2951,99838,0.736311;2866,165611,0.897467
4802,2463835;3702,1057967,0.997956;1807,96001,0.833644;1848,149603,0.939333;2744,102669,0.7404;2798,168469,0.8972
4608,2465213;3719,1057549,0.997644;1751,95835,0.83;1886,149225,0.937467;2826,99969,0.739156;2897,167397,0.892356
4699,2456787;3590,1059425,0.998089;1866,94476,0.830044;1998,148914,0.942667;3071,99368,0.746667;3135,163366,0.892489
4580,2460636;3350,1057118,0.998356;1937,95492,0.831867;1891,148939,0.943956;3103,98501,0.730089;3057,163419,0.891289
4451,2447114;3372,1057575,0.998311;1968,92328,0.833289;1858,145146,0.940933;2919,93249,0.732178;3051,160560,0.900622
4964,2446207;3526,1053954,0.998267;1858,91134,0.834756;1896,142270,0.9404;3025,95411,0.740889;2936,155519,0.897778
4719,2431922;3728,1054217,0.998133;1853,88275,0.842;1944,139615,0.943022;2819,91272,0.741511;2903,153072,0.893067
4417,2412262;3712,1052852,0.998133;1868,90155,0.844489;1733,139166,0.943511;3017,90958,0.7424;2948,152959,0.891778
4650,2399420;3761,1054744,0.997822;1896,87932,0.844311;1929,138268,0.945067;2686,88942,0.741244;2917,148634,0.89
4612,2391699;3681,1054075,0.998356;1890,87120,0.833778;1650,137266,0.940622;2666,86880,0.738667;2912,147491,0.889556
4679,2419664;3690,1052616,0.997422;1968,84615,0.838356;1771,135714,0.943911;2412,86110,0.751467;2922,147695,0.897911
4885,2399750;3691,1053974,0.997467;1918,84183,0.842178;1882,136350,0.943556;2678,86503,0.741556;2707,145349,0.8944
4585,2333795;3711,1050087,0.998311;1734,80073,0.844578;1863,126223,0.945822;2043,79216,0.746222;2601,135783,0.8932
4724,2334773;3675,1045072,0.998489;1761,78766,0.852711;1452,124754,0.946667;1829,77279,0.747156;2283,134152,0.895867
4825,2401241;3699,1050929,0.998044;1788,77539,0.854933;1740,124645,0.948;2243,75171,0.748267;2580,135290,0.890889
3704,2228054;3712,1054543,0.997911;1602,59082,0.858622;1433,99250,0.948;1759,58514,0.743467;1802,108549,0.892089
3375,1952170;3585,1050014,0.997733;1025,41455,0.864133;1341,72204,0.9512;986,40923,0.7528;1204,78632,0.889422
2990,1671596;3578,1048782,0.998;1102,29191,0.879156;1030,50755,0.954578;839,28250,0.754578;1036,57270,0.888933
2447,1222760;3704,1046723,0.997644;1096,20411,0.882267;876,33123,0.956;506,17793,0.752667;666,36561,0.887822
2111,1009998;3560,1048157,0.998;844,13616,0.889111;665,23423,0.959733;377,12543,0.756133;463,25471,0.888533
1240,584429;3309,1043677,0.998044;750,7381,0.895733;615,11991,0.960267;197,7157,0.7556;243,13909,0.887822
718,301882;3307,1044084,0.998089;745,3540,0.896133;733,5733,0.960133;100,3438,0.757289;122,6718,0.888222
390,165299;3299,1044055,0.998356;574,1680,0.897911;509,3349,0.960622;48,2084,0.758222;58,3555,0.8896
215,95442;3655,1043316,0.997422;634,922,0.8984;392,1521,0.960933;21,948,0.758267;25,1870,0.889467
34,11207;3698,1050436,0.998089;520,247,0.898178;428,407,0.961022;4,107,0.758311;6,254,0.889822
