2540,2530125;1047,349016,0.950311;1502,318718,0.826489;1678,367108,0.931644;2114,328040,0.755822;2005,354188,0.915022
2266,2335313;1048,352107,0.933689;818,102993,0.838844;830,130635,0.9192;991,112572,0.740444;1069,132287,0.874222
2408,2353546;1080,358651,0.915733;857,105208,0.795022;1144,136769,0.888711;1295,116609,0.685956;1452,144880,0.849511
2355,2348791;1138,359393,0.892089;1066,107891,0.759911;1026,139250,0.854133;1160,121905,0.637244;1306,148460,0.811644
2357,2341023;1114,361539,0.881511;970,105355,0.712622;1083,139227,0.822578;1200,121193,0.611378;1278,146223,0.7992
2343,2236631;1122,363246,0.878844;978,96583,0.669867;1078,132024,0.799378;1106,109443,0.573511;1214,139064,0.782311
2260,2132673;1098,366610,0.860711;976,95940,0.615022;1012,126548,0.768267;1106,110599,0.544089;1110,130167,0.768178
2111,1986114;1096,364578,0.850844;914,86885,0.562844;902,116034,0.743644;936,96942,0.5128;971,119200,0.754222
2027,1831931;1093,366849,0.848267;801,80146,0.510756;801,107091,0.7064;832,88205,0.457867;892,110081,0.744089
1732,1516889;1101,369191,0.858844;710,68607,0.435022;714,91030,0.663911;723,75815,0.430756;734,91604,0.739467
1324,953374;1124,373014,0.878844;481,40743,0.357689;505,57670,0.606844;431,50943,0.402222;451,60609,0.734133
