2286,2530125;1664,363664,0.956533;1946,322488,0.776;2235,377699,0.913067;2915,339496,0.767911;2821,370673,0.931911
2052,2354051;1688,365169,0.953333;1036,111180,0.7904;1169,145562,0.9024;1348,120940,0.757333;1467,142935,0.9032
2104,2360529;1685,367460,0.9616;1049,109272,0.782578;1226,144123,0.898489;1448,125386,0.767289;1528,146727,0.888889
2200,2369753;1682,367003,0.958578;1166,112801,0.775911;1263,147172,0.900622;1452,123792,0.754133;1590,150225,0.886578
2142,2348810;1701,371620,0.960178;1171,113337,0.78;1282,146311,0.889867;1392,120655,0.7568;1547,149291,0.8896
2110,2344516;1718,370859,0.957867;1324,114045,0.774578;1318,147873,0.887822;1457,123434,0.750756;1521,145492,0.875911
2142,2327185;1722,370542,0.959289;1264,111195,0.7728;1281,148326,0.887556;1419,122058,0.739644;1542,149436,0.873956
2362,2360577;1672,370348,0.955822;1166,113475,0.7744;1295,149655,0.891111;1475,125595,0.728533;1695,154147,0.870578
2247,2348748;1705,373518,0.9592;1249,111915,0.764267;1336,150293,0.886044;1502,124075,0.730044;1604,151912,0.867289
2137,2361690;1708,370690,0.953244;1263,116047,0.7648;1312,150570,0.878933;1473,125117,0.731556;1635,154628,0.883556
2151,2356370;1712,370642,0.955289;1271,115528,0.759822;1318,152685,0.888622;1535,123198,0.725867;1625,152872,0.889244
2142,2339036;1715,373156,0.957511;1223,115265,0.751644;1288,150364,0.880711;1483,125152,0.710844;1639,153127,0.880178
2188,2374774;1699,368871,0.953511;1233,115012,0.762311;1333,153908,0.880533;1492,125870,0.727644;1650,157711,0.883111
2150,2363942;1712,372789,0.96;1340,114199,0.756889;1371,154701,0.884089;1535,126510,0.712089;1665,157872,0.881956
2159,2342769;1696,371630,0.951289;1224,114408,0.755911;1357,152209,0.888356;1497,123956,0.713333;1650,156722,0.891822
2174,2334721;1697,372273,0.954133;1285,116403,0.752356;1304,150137,0.885422;1474,124587,0.7024;1712,152292,0.884533
2178,2372476;1682,372037,0.953422;1275,117354,0.764;1331,153388,0.875822;1500,125120,0.706133;1653,157201,0.8832
2214,2367446;1705,374366,0.949422;1234,116153,0.772;1302,152621,0.878756;1557,127882,0.722844;1680,159646,0.890044
2217,2354106;1720,375411,0.959111;1225,116584,0.7712;1417,152511,0.882756;1573,128260,0.731644;1657,157394,0.892889
2199,2358786;1718,372782,0.949156;1243,114343,0.764533;1314,151061,0.880978;1507,125784,0.735022;1596,152731,0.887911
2166,2348108;1704,375358,0.953511;1233,114469,0.759644;1347,152619,0.872;1497,125938,0.728089;1683,156726,0.895022
2266,2360602;1703,370745,0.954222;1281,116877,0.769067;1334,153937,0.881511;1528,127318,0.729422;1664,158073,0.891822
2252,2334815;1704,371672,0.959644;1263,113533,0.772889;1335,149836,0.890667;1475,126162,0.724622;1626,152678,0.892
2237,2346882;1710,373793,0.953156;1231,116138,0.767733;1362,151494,0.882222;1533,124452,0.721867;1687,154655,0.887822
2203,2375228;1699,369646,0.953067;1258,119171,0.780178;1343,154756,0.885867;1517,127902,0.737067;1693,159808,0.892178
2234,2358836;1713,372000,0.950844;1207,111913,0.775467;1314,151603,0.888267;1519,125188,0.733689;1634,155750,0.884178
2256,2349885;1690,371877,0.956;1234,112681,0.766578;1396,152438,0.8896;1517,124753,0.730222;1661,155819,0.894578
2276,2364536;1685,371550,0.9544;1219,115074,0.765244;1360,151361,0.882222;1511,125408,0.7264;1635,156041,0.896
2275,2361125;1699,373337,0.9592;1256,118246,0.7632;1314,152963,0.878933;1553,130124,0.733689;1743,157111,0.891733
2381,2381624;1703,372443,0.953156;1280,114619,0.756533;1345,152867,0.885867;1550,125600,0.735289;1692,158019,0.896267
2249,2364522;1685,369262,0.956622;1264,117577,0.762667;1314,152562,0.890044;1461,124091,0.724711;1657,157094,0.890311
2262,2379021;1707,372109,0.954933;1272,115477,0.763644;1337,154692,0.891467;1599,124968,0.7272;1679,156880,0.890311
2279,2356975;1696,375068,0.953422;1246,117324,0.765156;1374,152492,0.886844;1535,128286,0.719022;1649,157214,0.895289
2201,2316273;1705,372642,0.955822;1237,110583,0.757422;1280,147802,0.872356;1452,121868,0.713156;1575,149370,0.890222
2255,2351885;1691,371811,0.953244;1350,117130,0.745511;1404,155692,0.881156;1562,127564,0.699644;1682,157653,0.887733
2226,2358789;1694,373286,0.953689;1265,116809,0.755022;1348,151598,0.876089;1540,126447,0.714667;1672,157994,0.888533
2241,2359872;1675,368993,0.955644;1213,115297,0.7592;1336,152279,0.885422;1518,126556,0.723822;1720,153891,0.883111
2260,2354590;1724,372212,0.956178;1214,112091,0.764178;1283,148586,0.873511;1509,124331,0.721156;1672,156290,0.886222
2219,2336545;1708,373566,0.952711;1245,113428,0.761778;1328,149941,0.870578;1452,121415,0.706133;1627,154426,0.883822
2256,2352950;1702,373494,0.953333;1188,111573,0.752267;1356,150930,0.860711;1598,128266,0.723822;1673,155934,0.882489
2271,2350494;1689,371746,0.951822;1336,117104,0.763111;1356,150224,0.868444;1533,125414,0.721956;1693,158130,0.888178
2358,2371335;1707,372586,0.957867;1194,115734,0.761956;1338,153133,0.880089;1532,126843,0.719556;1663,157164,0.891644
2275,2372946;1724,377525,0.954667;1348,115925,0.762578;1382,154005,0.887378;1606,129942,0.737333;1677,157355,0.885689
2284,2353993;1712,373044,0.958756;1288,115679,0.768533;1341,154746,0.882489;1457,123731,0.712178;1679,157071,0.8872
2286,2356381;1699,373236,0.951022;1252,115426,0.755111;1329,152058,0.876889;1597,125618,0.714844;1697,155876,0.878489
2275,2384495;1712,376153,0.955822;1272,117983,0.756444;1369,157322,0.867556;1560,128552,0.726044;1717,161999,0.888178
2236,2342666;1680,369919,0.957422;1289,117733,0.766844;1333,153100,0.881422;1563,128762,0.7416;1684,159383,0.896
2285,2347518;1701,374781,0.956089;1280,112398,0.764622;1415,152521,0.884533;1486,124248,0.737156;1618,151746,0.892622
2313,2362811;1686,371222,0.962844;1234,112262,0.766756;1371,152785,0.887644;1462,122211,0.721422;1642,155470,0.884978
2309,2362858;1708,373277,0.955111;1177,115384,0.757867;1335,153947,0.889689;1514,125514,0.7344;1740,155352,0.891911
2392,2353662;1703,373503,0.957511;1317,115298,0.755822;1361,152801,0.890844;1499,124542,0.724711;1631,153607,0.894222
2329,2385497;1681,369175,0.951022;1294,118288,0.770844;1321,152699,0.892978;1519,128401,0.735911;1630,155521,0.901422
2281,2345146;1686,367866,0.952711;1239,112172,0.778578;1297,148458,0.891556;1586,123238,0.726667;1633,152476,0.901422
2284,2354104;1707,374987,0.957067;1237,113373,0.769511;1286,147382,0.889867;1501,123967,0.718222;1587,152250,0.895822
2465,2381302;1690,371228,0.961511;1188,114148,0.766933;1349,151747,0.890222;1489,123891,0.7176;1650,156192,0.889956
2405,2374664;1723,373724,0.961778;1311,114567,0.768711;1388,153280,0.887467;1535,125747,0.720356;1678,157227,0.8776
2413,2353521;1708,369795,0.954578;1257,113475,0.764;1304,151660,0.891378;1551,129950,0.733333;1617,154227,0.886133
2442,2381686;1695,372355,0.956444;1250,114789,0.758933;1328,154320,0.881689;1531,128248,0.736711;1784,158256,0.883733
2363,2355307;1699,372055,0.961067;1217,112169,0.763644;1295,149042,0.891822;1507,125746,0.727556;1633,154034,0.885956
2343,2303768;1689,370552,0.955733;1249,112898,0.771556;1239,143228,0.898044;1430,120827,0.724356;1582,150371,0.894667
2408,2335238;1694,369114,0.955467;1209,113117,0.7592;1282,146280,0.884711;1546,123992,0.735111;1620,152229,0.896
2434,2334821;1679,367205,0.958133;1232,112124,0.765067;1316,147978,0.889244;1484,126130,0.743289;1577,149142,0.900356
2372,2348111;1710,368691,0.966489;1247,111429,0.7856;1305,147336,0.893244;1477,123882,0.759111;1554,150005,0.896089
2409,2361077;1697,366601,0.960178;1395,110821,0.777689;1398,147840,0.891289;1461,122103,0.753867;1597,150627,0.893422
2296,2377963;1683,368179,0.961244;1250,115351,0.789156;1303,150372,0.901333;1481,125886,0.757956;1618,154777,0.897067
2222,2362833;1697,369233,0.959822;1225,114532,0.789956;1325,150163,0.896356;1461,127259,0.751911;1682,150222,0.893511
2201,2347556;1680,365518,0.962844;1230,114161,0.807822;1270,145214,0.902044;1447,123442,0.743111;1568,148408,0.892711
2262,2376390;1676,362292,0.962222;1171,109884,0.779378;1305,148673,0.898311;1450,123456,0.742844;1551,147318,0.888622
2244,2348183;1694,365183,0.964622;1262,112928,0.780622;1286,146613,0.896978;1561,125094,0.743911;1591,150161,0.895022
2277,2363407;1680,367148,0.962133;1247,111474,0.787289;1273,146663,0.8984;1419,123025,0.737956;1537,147909,0.8976
2267,2365091;1715,367607,0.9656;1233,112849,0.784;1268,146089,0.903733;1426,123679,0.745244;1541,147897,0.893511
2233,2343946;1672,363737,0.9664;1198,108048,0.791556;1467,143622,0.903822;1464,119999,0.757156;1517,143606,0.894756
2248,2373070;1656,361456,0.970044;1247,113354,0.794756;1290,144973,0.898756;1422,123532,0.768889;1518,145982,0.892356
2177,2306999;1647,360148,0.964622;1186,104681,0.795644;1207,135744,0.893867;1333,114478,0.776889;1432,136476,0.898578
2162,2309112;1687,361293,0.968356;1269,106985,0.799467;1269,139102,0.894311;1365,118435,0.767822;1485,141138,0.901156
2204,2355333;1694,368000,0.968444;1233,111801,0.799556;1287,145923,0.897333;1417,121115,0.778578;1560,148379,0.897333
2198,2355898;1666,362205,0.963289;1217,111194,0.793067;1294,147393,0.905067;1425,121503,0.765956;1523,145560,0.896622
2199,2335371;1633,357131,0.9624;1327,108004,0.7864;1295,142767,0.906311;1388,117670,0.772622;1494,141803,0.891378
2228,2345119;1663,360724,0.961422;1250,109533,0.804622;1254,142359,0.908356;1391,119369,0.7704;1529,144798,0.896178
2320,2334765;1676,360720,0.962489;1250,110425,0.801511;1252,144277,0.904622;1390,119749,0.7736;1577,143738,0.896089
2269,2351683;1661,360343,0.968444;1263,111090,0.801333;1273,145327,0.914667;1394,120273,0.782133;1491,143996,0.902667
2257,2347092;1741,360348,0.9688;1233,108610,0.808178;1272,143683,0.911467;1404,120965,0.773867;1479,142614,0.891644
2333,2388740;1770,359778,0.966933;1227,112865,0.805778;1253,146848,0.906311;1424,125714,0.778578;1649,149254,0.900533
2265,2333505;1760,359949,0.964533;1246,108459,0.795644;1259,142107,0.901867;1370,119220,0.782667;1508,142717,0.903733
2298,2365765;1756,359840,0.967822;1208,110306,0.799289;1243,144092,0.908178;1394,120792,0.772978;1495,142051,0.9008
2251,2323420;1759,360332,0.958222;1175,107230,0.798311;1199,139148,0.906044;1392,116172,0.788978;1512,139901,0.894578
2460,2389924;1779,362274,0.9632;1221,111439,0.808089;1292,146074,0.910756;1394,120630,0.790578;1539,148520,0.899111
2423,2380795;1752,359174,0.967022;1257,111295,0.811022;1269,146541,0.907822;1369,121281,0.800444;1503,145628,0.899111
2629,2370338;1747,358767,0.963556;1196,110285,0.808267;1291,145844,0.906756;1493,121351,0.803467;1565,147778,0.907822
2548,2379208;1756,359784,0.964;1242,111054,0.807022;1251,145988,0.906578;1376,120727,0.795733;1493,145029,0.9048
2571,2337196;1756,361091,0.963644;1187,107575,0.811911;1206,140040,0.918489;1309,114924,0.812267;1447,140083,0.902489
2474,2325394;1743,356368,0.964;1218,106372,0.818044;1326,140344,0.914133;1328,114256,0.798222;1443,137936,0.898578
2346,2334691;1755,358454,0.967644;1205,107844,0.82;1246,138149,0.908267;1330,116053,0.8032;1402,137604,0.898667
2567,2351853;1748,356630,0.968444;1189,104899,0.809156;1219,139036,0.904978;1354,117130,0.798933;1452,140108,0.897333
2383,2365377;1759,357610,0.968622;1212,108955,0.819556;1323,143265,0.92;1367,117869,0.802489;1476,141828,0.901333
2407,2327291;1747,357281,0.965067;1278,107509,0.817422;1070,140386,0.917067;1074,114837,0.801422;1171,138880,0.9112
2420,2341597;1729,357183,0.965422;1191,107477,0.809333;1277,139500,0.9128;1340,116342,0.801244;1487,140850,0.912622
2424,2358341;1761,356082,0.966133;1214,107729,0.816711;1226,139862,0.914756;1328,116752,0.799556;1460,139438,0.904533
2403,2333588;1738,354104,0.964533;1184,107363,0.816356;1244,139369,0.912978;1309,113700,0.796444;1445,135397,0.903911
2373,2284721;1750,356882,0.967022;1160,99472,0.808356;1173,132495,0.911378;1210,105782,0.802133;1353,128664,0.911644
2444,2299227;1747,354614,0.966044;1146,102306,0.811022;1182,133475,0.916533;1263,109681,0.801422;1412,132355,0.902844
2350,2302484;1728,353885,0.969067;1189,104926,0.822133;1197,133379,0.908089;1298,113554,0.802756;1387,131608,0.902756
2427,2353661;1748,354995,0.969156;1210,106300,0.826311;1217,138748,0.926756;1305,116626,0.817867;1429,138262,0.9032
2287,2295672;1730,354155,0.970933;1129,101114,0.829778;1161,132169,0.923378;1201,107912,0.822667;1359,128785,0.906933
2391,2303837;1711,350363,0.971378;1145,99725,0.829244;1156,130155,0.919289;1240,108542,0.818756;1364,129147,0.903467
2230,2274937;1718,350516,0.969511;1121,99993,0.832178;1180,132063,0.917689;1233,109818,0.819467;1354,129569,0.908089
2287,2297174;1710,348718,0.967022;1150,102512,0.834667;1207,132756,0.923289;1261,109708,0.832978;1363,129014,0.905867
2195,2267850;1716,350555,0.967378;1114,97270,0.824356;1153,129084,0.922489;1217,106949,0.8208;1326,126329,0.909511
2218,2251008;1719,348404,0.9712;1163,99374,0.822756;1174,128581,0.925422;1235,108213,0.829778;1316,125643,0.903378
2240,2253241;1723,352044,0.967644;1114,97618,0.817244;1137,127367,0.921156;1182,105702,0.821067;1300,125071,0.904
2142,2244196;1716,351113,0.969511;1143,96676,0.8184;1135,128252,0.917244;1169,104617,0.820711;1295,124762,0.9104
2243,2225035;1736,347790,0.969778;1109,93959,0.816533;1109,123879,0.923022;1150,102340,0.821333;1289,120841,0.911911
2180,2232663;1728,349704,0.973067;1104,96815,0.826489;1150,125276,0.916267;1157,102988,0.821156;1299,123820,0.918933
2139,2186651;1699,346653,0.972;1080,91897,0.817867;1095,122839,0.922044;1118,100478,0.829689;1244,116567,0.914222
2106,2154434;1703,347119,0.967022;1067,91470,0.814044;1060,117938,0.9152;1095,98822,0.830222;1226,116939,0.915289
2141,2129797;1724,348119,0.9744;1059,89109,0.8112;1116,119249,0.917867;1036,94290,0.819467;1185,112882,0.906489
2097,2095252;1708,346287,0.9712;1007,87516,0.808;1049,113755,0.923822;1051,94830,0.8264;1159,109849,0.912178
2104,2075517;1713,347587,0.972533;1027,87596,0.815467;1006,112483,0.910667;1015,91724,0.816089;1138,108133,0.912533
2057,2032648;1694,344922,0.970844;1010,85376,0.817422;1027,111060,0.909067;1008,91117,0.820533;1130,108364,0.914222
2080,2073359;1717,345825,0.969689;947,83795,0.825511;1048,111956,0.906578;1020,90991,0.828889;1151,110331,0.910756
2018,2021508;1685,343662,0.974489;1014,82605,0.821156;1009,107605,0.917067;1002,88237,0.834844;1096,105099,0.914222
1929,1926835;1701,344652,0.974489;935,76821,0.816;897,99124,0.912889;881,81084,0.821778;999,96450,0.915022
1938,1916907;1701,343610,0.973867;917,76785,0.826044;972,101857,0.924178;912,83109,0.843111;1015,98106,0.915644
1848,1834679;1690,342107,0.973511;883,73887,0.836089;849,94445,0.923733;843,77795,0.847022;946,93125,0.926667
1677,1671102;1682,342024,0.976889;765,58566,0.835378;743,77845,0.9248;681,63692,0.846133;769,75882,0.916533
1479,1291621;1692,344799,0.972533;555,40930,0.829156;530,53526,0.9312;465,45790,0.853067;543,55030,0.914044
999,937553;1686,341097,0.980444;397,28065,0.844444;416,38375,0.929956;322,32129,0.859822;367,38570,0.916978
790,693186;1711,343655,0.9728;349,18716,0.846933;325,25872,0.931467;218,21915,0.8576;252,27000,0.919467
478,431625;1685,340807,0.971911;259,12312,0.844978;246,15691,0.931378;126,12778,0.859022;144,15904,0.915022
344,311116;1695,339606,0.974311;249,7979,0.851111;189,9948,0.935022;84,8392,0.8624;93,10341,0.918222
157,130846;1697,340306,0.979378;190,3557,0.849511;150,4643,0.934044;36,3607,0.861867;45,4862,0.917067
76,64746;1693,342245,0.980267;152,1220,0.849244;121,2286,0.934667;18,1641,0.862667;19,2003,0.9176
41,33591;1680,339075,0.973511;108,817,0.8496;108,1182,0.934222;12,1017,0.861689;16,1574,0.9176
