7728,2530125;4293,1128312,0.992622;2365,247369,0.776622;2889,335367,0.916356;6925,218559,0.534578;6542,345882,0.809689
8384,2536910;4432,1138763,0.989467;1888,163455,0.767733;2081,244251,0.900133;4257,159571,0.593156;4751,254172,0.818222
8343,2537044;4431,1148510,0.9912;2785,167703,0.751778;2674,254465,0.893067;5350,157761,0.580489;5128,259293,0.814489
8720,2537199;4475,1155670,0.990178;2359,171826,0.746133;2948,259345,0.899867;5199,162844,0.578578;4870,265190,0.794756
8889,2537312;4502,1158391,0.9912;2649,173384,0.724;2594,264245,0.893067;5981,165320,0.560889;5642,274343,0.813956
8953,2537363;4480,1154272,0.990622;2845,177591,0.744222;2662,264167,0.900711;5687,165324,0.557911;5509,276168,0.826578
8905,2537319;4509,1154573,0.990133;2461,173568,0.7348;3020,263872,0.892533;5782,166491,0.572133;5723,273589,0.826178
8745,2537367;4482,1154608,0.990533;2294,175471,0.733289;3143,264412,0.886889;5421,164050,0.559511;5240,272600,0.8084
8872,2537363;4498,1144553,0.990133;2671,176257,0.744711;3041,264754,0.895733;5735,163755,0.549244;5106,273562,0.8148
8821,2537395;4516,1147006,0.991333;2599,174856,0.746622;3362,265078,0.902578;5706,164574,0.553067;5881,271469,0.815956
8960,2537246;4456,1144681,0.991556;2944,172531,0.751956;3122,260638,0.903556;5893,164174,0.562311;5501,266028,0.803067
8830,2537233;4483,1145675,0.991778;2933,173087,0.751067;3291,260326,0.903156;5355,163126,0.556667;5578,270325,0.8112
8805,2537117;4485,1148289,0.991156;3002,170961,0.757689;2942,256146,0.897867;6135,164388,0.571022;5678,266938,0.822133
8802,2537171;4477,1140494,0.990889;2899,169955,0.748978;3312,258141,0.899067;5639,160785,0.585778;5847,264220,0.827956
8803,2537119;4506,1144303,0.9916;2894,170949,0.749022;2996,259221,0.905689;5232,161997,0.574267;5820,267216,0.818711
8825,2537226;4495,1143005,0.992133;2609,171453,0.7456;3031,261395,0.898178;5445,161093,0.573333;5764,270990,0.822844
8823,2537138;4983,1146205,0.991733;2678,168808,0.754178;2914,254921,0.896978;5337,160120,0.564267;5176,264202,0.816844
8672,2537165;4937,1148536,0.993422;2779,171715,0.745378;3122,255661,0.898533;5127,158978,0.542844;5158,266037,0.817422
8771,2537090;4986,1142768,0.9924;2993,170203,0.746222;2904,258049,0.906089;5329,163544,0.547689;5285,268260,0.813911
8706,2537258;4959,1154510,0.992133;2747,169960,0.744356;2963,257474,0.902533;5152,160942,0.552444;5463,273043,0.806222
8585,2536949;4890,1139367,0.992622;2819,170571,0.741289;2943,256340,0.898;5568,161997,0.543822;5293,270053,0.812667
8783,2537149;4881,1137157,0.992711;2735,173291,0.751644;2813,258965,0.896311;5317,161586,0.544089;5420,269098,0.805911
8715,2537285;4893,1138276,0.992978;2852,170702,0.747778;3147,256341,0.902044;5156,159865,0.547867;5289,265712,0.802978
8731,2537197;4860,1130830,0.991689;3025,169465,0.7616;3100,251555,0.905422;5267,158780,0.5664;5413,257688,0.818311
8850,2537314;4854,1125388,0.993289;2813,169757,0.768533;3208,254214,0.909911;4664,160701,0.574933;5021,264864,0.831289
8880,2537070;4686,1122458,0.993644;2965,166574,0.7616;2928,248532,0.911689;5100,160774,0.604311;4772,255446,0.834178
8743,2536825;4424,1122548,0.993956;2600,163564,0.773289;2969,244518,0.914622;4914,152848,0.602444;5007,250383,0.842533
8081,2536901;4430,1117195,0.994667;2830,164924,0.789556;2968,243984,0.9216;4836,152556,0.600622;5074,248321,0.857422
8326,2536804;4407,1114421,0.994578;2940,164593,0.785378;2742,240242,0.923867;4924,155766,0.643511;4693,244992,0.864667
8037,2536709;4409,1105958,0.993956;3092,159961,0.7912;3007,237414,0.926044;4840,151869,0.630889;4452,237320,0.8644
7968,2536727;4435,1114250,0.994178;2737,161940,0.787422;2940,239946,0.9236;4531,151473,0.671778;3982,233703,0.861289
8228,2536587;4484,1115378,0.994222;2732,162705,0.791822;2637,243619,0.922756;4575,151881,0.667956;4781,243063,0.872489
8059,2536382;4378,1112872,0.993022;2813,158309,0.780133;2802,237839,0.922533;4511,150425,0.686;3979,237504,0.880667
8014,2536737;4444,1118963,0.9932;2725,160865,0.792267;3020,237948,0.926089;4861,150932,0.704444;4960,239373,0.882622
8150,2536389;4450,1124052,0.993733;2608,161603,0.7932;2959,237728,0.920933;4713,150179,0.691822;4249,237311,0.876267
8046,2536377;4522,1127648,0.993289;2982,158696,0.799733;2876,236919,0.925467;3663,148278,0.718044;4097,235296,0.889378
8189,2536616;4449,1128364,0.995289;2725,161190,0.799422;2291,238985,0.925422;4533,148420,0.727022;3999,230451,0.8852
7880,2536467;4458,1129719,0.993511;2751,161123,0.802533;2925,239942,0.924311;4097,149695,0.7292;4250,234836,0.884711
7944,2536489;4469,1125384,0.994533;2934,158633,0.792622;2841,239512,0.924889;4292,148209,0.723867;4259,231959,0.887956
7774,2536194;4418,1122483,0.994978;2486,156112,0.803333;2354,233782,0.928133;4068,148312,0.7332;4332,227769,0.889867
7684,2536060;4588,1119405,0.994889;2740,152025,0.7956;2640,233098,0.931378;4120,145336,0.730133;4499,225381,0.888889
7801,2536006;4883,1120405,0.994356;2603,150111,0.8052;2425,228914,0.9276;3934,146124,0.744622;3975,226880,0.891867
7868,2535210;4837,1117858,0.994267;2847,149988,0.795467;2822,228396,0.921911;4364,141888,0.7312;4040,223844,0.886756
7645,2534430;4828,1112253,0.994133;2702,147915,0.785911;2693,223323,0.924978;3901,142413,0.7156;3668,224369,0.877333
8071,2532032;4775,1107371,0.995244;2564,147448,0.7924;2486,220849,0.919022;3669,140843,0.719378;3813,222463,0.871378
7988,2530798;4768,1103137,0.994933;2481,143305,0.792222;2655,217295,0.914044;4276,138481,0.724356;4184,222273,0.872
7769,2524958;4802,1093013,0.9952;2536,136264,0.780844;2686,205238,0.915556;3914,131470,0.7056;3940,209083,0.864844
8188,2519093;4842,1091776,0.994356;2107,129793,0.786089;2336,198022,0.911156;3580,128558,0.703333;3679,206510,0.858178
8005,2497130;4749,1078985,0.994978;2153,115308,0.802;2274,176440,0.913556;3317,115433,0.716178;3370,191005,0.851422
6913,2439252;4724,1078197,0.995733;2067,91965,0.790089;1966,148386,0.908578;2563,92871,0.707644;2976,159817,0.8488
7043,2336318;4610,1075902,0.995022;1432,74709,0.793022;1593,123463,0.918889;2300,77417,0.705911;2404,136397,0.848222
6855,2169098;4550,1071734,0.994889;1335,57190,0.805156;1448,95294,0.917467;1454,59857,0.708889;1507,104343,0.837289
6128,1927741;4320,1069879,0.9944;1255,40462,0.811067;1247,69111,0.920133;1243,42861,0.707733;1412,77714,0.8356
5201,1620148;4468,1068403,0.995156;818,27420,0.827511;980,48596,0.922978;673,30135,0.709822;891,54791,0.832444
3609,1007207;4665,1069293,0.994978;766,16061,0.834978;871,25304,0.925956;435,16418,0.709111;392,28586,0.829378
2697,766754;4579,1069831,0.993289;766,8772,0.839556;600,15948,0.926622;258,9288,0.709022;289,17464,0.8284
1452,407789;4301,1071367,0.994533;934,4520,0.841733;492,6986,0.9276;129,4567,0.708756;149,8452,0.825867
241,64570;4323,1072543,0.994622;596,525,0.842;317,1200,0.927556;14,786,0.708489;17,1340,0.825289
