2484,2530125;1085,339936,0.9752;1494,306817,0.88;1670,354938,0.956622;2034,318274,0.872889;1999,333471,0.953511
2723,2532974;1101,340930,0.980711;1319,151352,0.855289;1376,194637,0.934489;1466,156656,0.811467;1573,180913,0.890222
2772,2532792;1099,342348,0.972711;1538,155543,0.867467;1417,200064,0.9376;1560,161525,0.800711;1574,187266,0.897689
2847,2532718;1118,346680,0.972444;1609,159372,0.831378;1688,209857,0.928;1676,166472,0.771733;1719,192388,0.887911
2898,2532627;1131,349235,0.968356;1569,160599,0.822844;1588,208529,0.927289;1721,171503,0.7944;1736,198117,0.876267
2874,2533053;1141,353564,0.9704;1722,159848,0.813422;1696,210606,0.922222;1787,168104,0.789511;1798,198610,0.887733
2907,2532316;1113,349690,0.9656;1735,160796,0.811111;1757,209458,0.921156;1764,169708,0.798044;1737,197711,0.906311
2898,2532885;1141,351356,0.970667;1753,159963,0.817333;1680,206746,0.916089;1809,167269,0.777689;1850,193038,0.896711
2790,2532742;1150,354369,0.971378;1711,158979,0.823911;1657,208492,0.923378;1682,166999,0.7736;1731,191807,0.889333
2928,2532873;1136,352720,0.971822;1791,161163,0.794044;1746,210054,0.916356;1762,171823,0.803467;1806,195626,0.889511
2966,2533056;1127,349418,0.969244;1812,163122,0.813422;1742,213162,0.921156;1793,170189,0.792711;1795,199269,0.897956
3011,2532770;1112,351618,0.965867;1829,166231,0.817244;1794,213621,0.917778;1728,174486,0.782044;1844,201388,0.8848
3051,2532168;1138,351604,0.960622;1762,166724,0.803911;1855,216901,0.924089;1900,178179,0.788889;1880,203593,0.902756
3023,2533203;1135,351895,0.963911;1705,165894,0.790044;1861,216554,0.914844;1806,171004,0.774667;1802,204787,0.898844
3013,2532263;1160,357442,0.965156;1782,164962,0.793067;1723,216845,0.924711;1882,179434,0.801067;1889,202863,0.890933
3051,2533153;1146,353550,0.966578;1807,170184,0.798667;1803,218780,0.9096;1842,178036,0.762578;1879,207471,0.893244
3085,2533159;1121,356915,0.964356;1821,165973,0.802222;1782,216956,0.904889;1906,176497,0.762133;1863,205911,0.885333
3083,2532104;1147,357491,0.959378;1701,165592,0.788978;1733,216055,0.902044;1902,178089,0.745244;1875,209545,0.896444
3117,2533527;1161,361239,0.974578;1700,170332,0.780178;1840,224537,0.9176;1960,186497,0.766133;2037,214504,0.897156
3083,2533165;1155,359646,0.965956;1718,168529,0.770756;1742,221193,0.904;1898,182002,0.7664;1878,208384,0.873067
3079,2532962;1151,363432,0.962756;1799,171592,0.768978;1977,226395,0.906933;1997,181374,0.722667;1966,217921,0.894756
3124,2533425;1167,362262,0.963467;1635,173925,0.758578;1815,228377,0.895111;2081,188870,0.728;2051,223622,0.888533
3167,2533284;1168,362624,0.966489;1749,175029,0.750667;1853,228338,0.898489;1968,188187,0.726667;2163,225231,0.898667
3107,2532232;1192,368571,0.9584;1696,176596,0.740178;1875,233966,0.894311;2003,190934,0.698044;2074,229482,0.892622
3152,2532860;1192,367636,0.958667;1731,174814,0.737156;2010,234798,0.887644;2168,192944,0.691467;2047,226111,0.875378
3150,2533509;1193,371265,0.959467;1634,179904,0.734311;2006,238677,0.886489;2267,196950,0.696178;2280,241056,0.895289
3112,2533063;1173,371219,0.949956;1812,183579,0.735111;1908,239873,0.879911;2194,196852,0.692978;2294,241923,0.8944
3163,2533684;1155,370455,0.958489;1946,186223,0.731822;1975,239381,0.882844;2164,198832,0.692533;2285,239997,0.882311
3123,2533408;1180,371790,0.954578;1730,183898,0.734578;2007,240143,0.879378;2210,203070,0.692533;2269,238681,0.885244
3136,2533786;1180,372463,0.955822;1752,185774,0.737156;1966,244202,0.886133;2273,199574,0.689422;2340,242597,0.892
3146,2533283;1128,371316,0.955022;1735,188347,0.752889;1928,242198,0.880622;2203,200427,0.691911;2263,243459,0.880889
3202,2532833;1210,370189,0.954578;1834,184811,0.739289;1966,242401,0.895822;2259,202363,0.700356;2243,242304,0.886667
3173,2533537;1185,368911,0.956;1731,183525,0.737156;2004,238649,0.883378;2201,198139,0.689689;2227,237642,0.887289
3211,2533366;1199,373634,0.955467;1845,186165,0.720711;2023,246124,0.896978;2169,200201,0.689244;2292,243086,0.894844
3150,2533375;1225,373132,0.955111;1775,187149,0.732267;1915,241250,0.879911;2192,199037,0.697156;2231,243710,0.889244
3093,2533294;1193,371730,0.956089;1915,186831,0.7216;1934,241582,0.888533;2241,202199,0.679111;2188,239671,0.894311
3200,2533289;1212,371038,0.956978;1666,183170,0.725422;1984,241654,0.883467;2112,199831,0.712711;2176,241400,0.893511
3215,2533692;1186,373518,0.958222;1829,182364,0.718489;1938,243001,0.882489;2215,197756,0.688444;2156,235253,0.876889
3181,2533570;1195,374365,0.951022;1720,186393,0.742489;1885,243953,0.879556;2213,199984,0.684711;2384,242268,0.895733
3212,2533252;1208,374490,0.9544;1792,186167,0.717689;1913,241546,0.882044;2079,199057,0.6816;2285,244224,0.887911
3197,2533197;1220,375734,0.954844;1776,186096,0.728444;2013,244234,0.877422;2280,202129,0.700889;2222,240401,0.875644
3110,2532513;1208,371177,0.955022;1732,182240,0.730222;1935,240741,0.880889;2191,197031,0.699111;2172,240182,0.887289
3035,2531284;1206,373025,0.961156;1816,181723,0.721778;1960,238187,0.894756;2166,198190,0.712444;2160,236506,0.889156
3034,2529628;1210,372564,0.958578;1797,183554,0.742756;1886,236122,0.881511;2170,198839,0.717156;2244,235669,0.884889
3062,2529726;1200,366363,0.952444;1809,176713,0.739911;1869,231491,0.896711;2105,193395,0.702133;2220,228199,0.893244
3007,2523245;1217,370224,0.957778;1685,173045,0.745422;1735,224723,0.888356;2040,185610,0.717244;2121,224031,0.894578
3083,2514268;1201,368669,0.958933;1776,166688,0.742578;1780,221116,0.888444;1968,180245,0.707644;1999,222116,0.901244
3039,2514547;1187,366613,0.952622;1540,162749,0.733867;1813,217107,0.886222;2082,181509,0.727911;2054,215611,0.893511
2966,2495671;1192,364093,0.957778;1491,150990,0.752444;1625,199170,0.890933;1780,165326,0.712978;1888,199071,0.8912
2846,2430242;1201,366945,0.959378;1425,119803,0.752533;1429,166652,0.880178;1427,131511,0.724178;1573,168889,0.890933
2594,2254522;1191,369482,0.959911;1129,96409,0.7632;1120,132951,0.895289;1073,104687,0.735378;1284,137388,0.896267
2359,2012719;1171,362784,0.963289;919,72988,0.775822;1010,98003,0.894044;780,77457,0.747022;914,105114,0.891733
1889,1630522;1186,366403,0.962222;691,48954,0.7984;749,68182,0.902933;548,52391,0.751822;689,73132,0.900622
1455,1217544;1189,362929,0.958756;623,32032,0.806222;533,43889,0.913778;322,34529,0.761067;420,47343,0.895822
941,796664;1184,365065,0.959378;506,19026,0.808444;488,27797,0.9136;223,21103,0.7632;266,29620,0.8952
599,482214;1197,365143,0.956356;458,10607,0.817511;402,14350,0.912089;113,11344,0.764178;141,16354,0.897067
287,245306;1190,364562,0.959467;297,5242,0.818844;306,6929,0.915111;47,4674,0.763556;63,7517,0.896978
121,91264;1165,361506,0.957511;189,1465,0.818489;210,2419,0.915556;12,1294,0.764;19,2458,0.897778
