7,6216;89,24072,1;26,5222,0.926786;32,6875,0.985714;65,5551,0.91875;66,7760,0.951786
8,6435;78,22296,1;20,3169,0.925;26,4647,0.972321;38,3601,0.844643;46,6048,0.911607
7,6382;78,22619,1;26,3163,0.745536;35,4619,0.754464;41,3356,0.527679;39,4348,0.577679
7,6422;78,21926,1;33,3943,0.821429;44,6137,0.965179;47,3664,0.573214;76,8170,0.935714
8,6458;89,22107,1;30,3733,0.783036;40,5628,0.9125;46,3968,0.546429;60,7350,0.896429
8,6374;83,22018,1;26,3783,0.820536;32,5360,0.888393;54,4069,0.5375;65,7823,0.93125
7,6402;85,23066,1;29,4192,0.888393;35,6633,0.970536;56,4019,0.522321;77,8394,0.922321
8,6358;85,23813,0.999107;28,4513,0.867857;57,7152,0.967857;59,4104,0.484821;76,8503,0.910714
8,6443;86,24369,1;26,4555,0.886607;35,7253,0.967857;57,4039,0.458929;73,7831,0.910714
8,6421;89,25646,1;24,4594,0.879464;29,6739,0.965179;52,3982,0.455357;69,7601,0.920536
8,6386;88,25030,1;22,4703,0.898214;23,7293,0.975893;47,3810,0.490179;66,7609,0.891071
7,6371;85,24631,0.999107;24,4729,0.9125;31,6951,0.964286;64,4075,0.436607;74,8125,0.913393
8,6454;86,24888,1;30,5015,0.897321;32,7042,0.966964;54,3987,0.450893;74,8154,0.923214
8,6396;86,24252,1;25,4670,0.898214;33,7308,0.976786;55,4042,0.455357;73,8048,0.9125
8,6408;87,24706,1;28,4816,0.914286;35,7010,0.973214;65,4343,0.427679;84,8835,0.905357
11,6392;86,24443,1;28,4639,0.872321;37,7329,0.973214;52,4164,0.435714;72,8024,0.882143
8,6346;87,23842,1;26,4493,0.866964;33,6924,0.978571;56,3850,0.407143;80,8235,0.85
8,6366;86,23787,1;27,4582,0.866071;37,7305,0.970536;66,4223,0.430357;79,8188,0.841071
8,6373;78,23834,1;25,4575,0.8875;36,6862,0.970536;62,3965,0.392857;92,8945,0.8875
8,6398;90,23943,1;26,4385,0.873214;36,6827,0.966071;59,3810,0.372321;79,7912,0.854464
7,6379;89,23159,1;24,4256,0.886607;34,6340,0.9625;64,4154,0.399107;90,8215,0.889286
8,6291;90,23333,1;23,3477,0.875893;28,5072,0.978571;53,3963,0.458036;55,6253,0.919643
8,6305;91,23592,1;24,3511,0.847321;29,5264,0.934821;45,3772,0.485714;55,6295,0.925893
7,6230;83,23827,1;19,2939,0.889286;25,4336,0.954464;41,3406,0.503571;38,5240,0.936607
7,6182;80,24262,1;14,2695,0.857143;18,4325,0.954464;38,3324,0.535714;44,5214,0.948214
7,5867;93,24331,0.997321;16,2320,0.873214;19,3675,0.95;28,2560,0.55;33,4275,0.969643
7,5715;72,23493,1;13,1749,0.916071;15,2516,0.967857;23,2150,0.536607;25,3269,0.977679
6,5144;79,24069,1;11,1120,0.934821;19,1557,0.966071;13,1209,0.550893;14,1964,0.961607
5,4643;80,24142,1;9,620,0.950893;6,719,0.975893;5,567,0.555357;7,977,0.972321
3,2894;79,23684,1;7,254,0.951786;6,379,0.976786;2,240,0.558036;3,478,0.972321
