96,6216;174,9279,0.957143;92,4335,0.864286;141,6916,0.955357;122,5000,0.805357;140,6781,0.896429
94,6341;177,8736,0.985714;47,2849,0.910714;67,4295,0.960714;89,3667,0.855357;95,4515,0.925
97,6350;181,8626,0.996429;61,2832,0.892857;96,4446,0.955357;75,3217,0.835714;84,3661,0.914286
100,6358;178,8530,0.994643;64,3050,0.928571;87,4573,0.933929;79,3455,0.880357;98,4290,0.939286
101,6331;184,8904,0.996429;60,2773,0.926786;73,4194,0.944643;76,3258,0.867857;97,4385,0.885714
106,6323;172,8408,0.994643;62,2858,0.869643;95,4551,0.973214;75,3478,0.867857;85,4002,0.926786
99,6338;175,8556,0.971429;78,3170,0.864286;105,5178,0.976786;80,3512,0.892857;106,4474,0.916071
101,6346;183,8893,0.994643;70,3214,0.926786;103,4858,0.976786;87,3668,0.796429;94,4007,0.925
99,6344;186,9135,0.989286;65,2917,0.725;109,4900,0.921429;90,3794,0.753571;80,4604,0.905357
98,6328;189,9236,0.971429;73,3378,0.8625;117,5277,0.951786;127,3983,0.780357;118,5061,0.8875
98,6334;188,9271,0.983929;75,3263,0.860714;115,5180,0.964286;106,4197,0.866071;104,5052,0.941071
98,6333;186,9653,0.983929;71,3234,0.841071;114,5368,0.930357;101,4107,0.801786;129,5651,0.916071
98,6350;198,9618,0.989286;64,3251,0.896429;97,5347,0.9375;102,4131,0.817857;115,5068,0.882143
98,6332;183,8969,0.973214;74,3348,0.871429;118,5369,0.944643;110,4012,0.828571;109,5051,0.923214
97,6331;195,9635,0.996429;64,3105,0.883929;98,4793,0.889286;87,3688,0.807143;106,4825,0.894643
98,6365;197,9574,0.992857;67,3090,0.869643;114,5652,0.908929;94,3884,0.860714;116,5250,0.916071
97,6327;199,9711,0.982143;76,3443,0.903571;122,5097,0.933929;99,4024,0.878571;119,5214,0.921429
98,6323;194,9472,0.9875;75,3294,0.867857;108,5239,0.980357;94,3859,0.866071;105,4588,0.892857
98,6335;203,9662,0.973214;69,3167,0.848214;112,5213,0.964286;91,3698,0.857143;104,4518,0.896429
97,6308;190,9332,0.989286;67,3021,0.864286;105,5099,0.960714;88,3581,0.875;102,4442,0.903571
97,6295;200,9608,0.966071;61,2719,0.855357;103,4724,0.944643;77,3211,0.819643;97,4114,0.910714
97,6299;174,8938,0.9875;79,2912,0.916071;103,4626,0.944643;77,3214,0.807143;119,4974,0.896429
97,6258;187,9196,0.992857;64,2392,0.798214;97,4296,0.933929;79,3119,0.830357;93,4034,0.901786
96,6192;208,9272,0.980357;48,2182,0.841071;75,3512,0.891071;62,2551,0.823214;90,4004,0.9375
95,6111;191,9456,0.983929;37,1667,0.828571;59,2874,0.921429;53,2397,0.851786;77,3398,0.951786
88,5693;192,9350,0.973214;23,1444,0.773214;47,2524,0.930357;46,1862,0.828571;51,2455,0.919643
87,5662;192,9467,0.969643;31,1314,0.814286;40,1812,0.919643;32,1315,0.835714;48,2130,0.951786
68,4403;194,9360,0.973214;12,513,0.817857;20,907,0.932143;17,692,0.848214;24,1033,0.95
29,1906;186,9118,0.9875;6,232,0.814286;12,491,0.9375;8,340,0.848214;10,454,0.95
35,2318;173,9148,0.958929;12,298,0.816071;10,408,0.930357;7,306,0.842857;11,515,0.944643
23,1493;190,9693,0.983929;2,79,0.814286;4,177,0.935714;3,136,0.8375;6,260,0.946429
