99,6216;542,26515,1;115,5687,0.911607;160,7669,0.979464;172,5735,0.824107;222,9111,0.978571
97,5874;496,24429,0.996429;57,2452,0.926786;86,3916,0.972321;96,3087,0.789286;133,5293,0.88125
94,5990;445,23970,0.999107;67,2785,0.936607;95,4242,0.983036;110,3619,0.825893;147,5677,0.832143
97,5986;470,23177,1;65,2641,0.922321;79,3382,0.81875;91,2958,0.725893;132,5288,0.819643
94,5835;465,23250,1;49,1970,0.757143;62,2652,0.671429;99,3206,0.664286;122,4750,0.660714
96,5974;464,23071,1;46,1853,0.673214;65,2818,0.605357;86,3008,0.600893;117,4672,0.616964
95,5868;473,22401,0.999107;45,1683,0.517857;71,3018,0.539286;94,3193,0.56875;128,5053,0.574107
100,6006;483,23337,1;52,2013,0.519643;72,2924,0.502679;83,2827,0.498214;137,5125,0.56875
99,5981;473,23156,1;57,2214,0.552679;72,2955,0.482143;86,2958,0.538393;130,5450,0.566964
98,5968;504,23633,0.999107;47,1831,0.547321;66,2680,0.488393;79,2769,0.586607;121,4874,0.580357
96,5926;456,22699,0.999107;50,1853,0.500893;66,3045,0.501786;104,3433,0.590179;133,5201,0.591071
97,5992;497,24228,0.999107;60,2224,0.576786;76,3026,0.513393;107,3566,0.591071;126,5135,0.61875
96,5927;529,25223,0.999107;67,2070,0.524107;72,2937,0.475;94,3053,0.629464;126,5019,0.576786
96,5940;498,23878,1;53,2003,0.547321;71,2901,0.485714;81,2688,0.610714;121,4686,0.58125
95,5844;491,24778,0.998214;47,1773,0.496429;65,2692,0.457143;81,2807,0.588393;124,4784,0.536607
96,5870;514,24992,0.999107;55,2127,0.515179;72,2932,0.461607;96,3131,0.583036;147,5606,0.553571
98,5958;510,25529,1;55,2098,0.510714;77,3104,0.46875;111,3519,0.577679;136,5070,0.553571
96,5881;509,24734,1;56,2123,0.507143;80,3267,0.466071;92,2942,0.546429;138,5352,0.541964
97,5932;539,25511,0.996429;49,1931,0.510714;78,2970,0.49375;117,3288,0.56875;145,5694,0.5375
96,5903;517,25661,1;56,2131,0.482143;75,3092,0.4625;93,2855,0.545536;134,5125,0.538393
96,5911;530,26102,0.999107;58,2326,0.494643;93,3339,0.470536;118,3521,0.579464;138,5271,0.561607
96,5905;519,25561,0.998214;65,2537,0.520536;88,3673,0.460714;105,3102,0.564286;133,5042,0.565179
96,5885;506,25730,1;60,2428,0.513393;85,3742,0.441964;105,3178,0.563393;143,5513,0.533036
98,5951;532,26223,0.998214;58,2372,0.520536;77,3330,0.473214;107,3250,0.55625;139,5392,0.55
97,5920;483,25467,0.999107;58,2419,0.553571;81,3529,0.500893;106,3239,0.558929;135,5346,0.539286
97,5952;543,26864,1;58,2484,0.536607;86,3744,0.484821;111,3423,0.555357;152,5983,0.544643
98,5959;541,27061,1;59,2470,0.533036;79,3393,0.483929;107,3301,0.558036;136,5260,0.554464
96,5949;531,26916,0.999107;57,2349,0.522321;79,3356,0.458036;104,3225,0.549107;131,5134,0.55
94,5911;530,27047,0.999107;56,2312,0.527679;84,3241,0.475893;99,3056,0.536607;139,5468,0.566071
94,5918;544,27054,1;59,2371,0.542857;72,3291,0.477679;108,3287,0.563393;129,4974,0.54375
95,5940;530,25772,0.999107;63,2443,0.522321;86,3616,0.455357;101,3081,0.5625;133,5121,0.530357
92,5758;541,27053,0.999107;56,2233,0.5125;76,3191,0.457143;64,2399,0.5125;137,5298,0.53125
97,5901;548,27438,0.999107;58,2283,0.508036;79,3355,0.472321;90,2761,0.509821;147,5712,0.527679
101,5898;543,26922,1;55,2381,0.507143;81,3491,0.45;110,3545,0.525;134,5316,0.534821
97,5788;559,27686,1;57,2242,0.500893;70,3375,0.451786;101,3265,0.528571;134,5426,0.530357
99,5901;550,26842,0.999107;58,2410,0.524107;80,3372,0.461607;106,3545,0.55625;128,4921,0.530357
97,5846;535,26072,0.999107;42,1568,0.492857;42,1977,0.447321;80,2819,0.567857;114,4307,0.520536
99,5920;497,25914,0.998214;59,2403,0.501786;84,3599,0.454464;95,3002,0.575;140,5257,0.535714
98,5892;514,26689,0.999107;59,2331,0.511607;78,3266,0.477679;105,3346,0.58125;134,5096,0.554464
99,5885;543,26580,0.999107;54,2061,0.529464;67,2810,0.485714;83,2612,0.565179;125,4838,0.551786
99,5912;549,27232,0.999107;57,2346,0.53125;73,3204,0.479464;114,3662,0.601786;139,5464,0.550893
100,5911;547,26089,1;59,2354,0.517857;79,3244,0.478571;91,2913,0.591964;136,5355,0.538393
113,5892;553,26537,0.999107;50,1949,0.525893;64,2659,0.478571;84,2808,0.605357;124,4926,0.544643
101,5918;554,26551,1;51,1981,0.517857;59,2464,0.475893;84,2781,0.601786;124,4766,0.553571
100,5895;541,25863,0.999107;47,1896,0.523214;66,2745,0.470536;83,2780,0.627679;128,4878,0.533929
95,5630;516,25292,1;42,1586,0.544643;58,2390,0.483036;71,2334,0.608929;99,3979,0.555357
98,5796;520,25777,1;48,1909,0.544643;61,2521,0.490179;76,2510,0.60625;108,4337,0.535714
101,5888;514,25013,1;43,1635,0.520536;61,2555,0.472321;78,2524,0.608929;116,4643,0.53125
100,5877;497,24942,1;45,1826,0.55625;55,2490,0.485714;73,2392,0.613393;115,4637,0.529464
95,5828;519,26111,0.998214;45,1783,0.541964;61,2596,0.483036;72,2386,0.607143;113,4472,0.520536
94,5728;501,25294,1;48,1889,0.516964;66,2800,0.471429;67,2242,0.626786;104,4253,0.522321
94,5758;482,24944,1;48,1916,0.541964;60,2692,0.482143;76,2557,0.624107;127,4998,0.538393
92,5580;547,26207,1;48,1785,0.524107;62,2520,0.483036;73,2400,0.625;115,4438,0.525893
90,5523;520,25572,0.998214;50,1949,0.517857;66,2687,0.46875;74,2358,0.616964;115,4468,0.523214
94,5651;483,24861,1;41,1655,0.521429;53,2171,0.476786;73,2436,0.615179;106,4123,0.541964
96,5846;491,25066,1;45,1770,0.515179;57,2363,0.476786;76,2503,0.609821;120,4739,0.524107
94,5726;500,25680,0.999107;34,1328,0.497321;45,1887,0.4625;62,2059,0.597321;94,3739,0.540179
97,5410;490,25230,1;33,1568,0.499107;35,1979,0.450893;57,1965,0.60625;89,3546,0.527679
95,5755;488,25201,1;36,1339,0.507143;52,1977,0.461607;71,2135,0.585714;107,4180,0.533036
96,5772;496,25511,0.996429;37,1461,0.491071;48,1946,0.458036;71,2223,0.610714;96,3763,0.525893
93,5630;491,25027,0.997321;37,1436,0.491071;51,2084,0.447321;58,1818,0.603571;87,3387,0.538393
95,5764;478,24809,0.998214;32,1263,0.497321;46,1859,0.461607;53,1731,0.609821;77,3084,0.544643
87,5212;492,25352,1;40,1559,0.485714;50,2106,0.457143;42,1664,0.625;75,3027,0.548214
92,5590;489,25305,0.998214;30,1157,0.4875;41,1718,0.461607;45,1492,0.595536;71,2794,0.546429
82,4963;492,25141,1;23,899,0.489286;36,1455,0.4625;38,1271,0.600893;55,2262,0.549107
70,4262;476,25111,1;28,1080,0.49375;36,1434,0.451786;37,1224,0.598214;50,1968,0.536607
87,5337;518,25455,0.997321;22,819,0.501786;30,1187,0.458929;36,1153,0.596429;52,2068,0.529464
61,3709;522,24733,1;11,306,0.504464;12,363,0.4625;9,320,0.598214;14,592,0.533929
