5316,2530125;1846,389524,0.910222;1811,326847,0.665244;2152,394440,0.843911;2518,330221,0.644267;2682,381918,0.845511
5756,2533458;1828,390028,0.909333;1623,206845,0.684622;1878,260686,0.829422;2123,216936,0.639467;2331,255452,0.812089
5919,2533217;1765,389135,0.8944;1719,209331,0.663467;1994,274540,0.815467;2333,221471,0.628622;2517,269288,0.809867
5827,2534002;1783,392390,0.892267;1764,212147,0.659467;2034,273746,0.819022;2316,226112,0.632978;2614,273767,0.819733
5737,2532856;1778,392125,0.900533;1776,211417,0.666222;2049,273024,0.830844;2377,222416,0.613867;2596,271453,0.817511
5850,2533823;1786,394306,0.900711;1761,211405,0.653422;2108,272958,0.817422;2438,227180,0.626311;2572,273474,0.819733
5867,2533890;1994,394309,0.895111;1645,210870,0.638578;2027,276716,0.812711;2274,223330,0.597156;2517,274902,0.825244
5999,2533305;1788,395289,0.901511;1752,212412,0.6696;2026,273488,0.817156;2310,225705,0.608;2525,275261,0.825956
6045,2533435;1797,396180,0.908444;1765,213045,0.657867;1995,274372,0.816356;2510,222360,0.605511;2579,270617,0.818933
6124,2533911;1781,395371,0.9064;1732,210552,0.667111;2042,276291,0.835467;2386,228876,0.627644;2583,272838,0.834133
6071,2533265;1764,393565,0.910133;1802,213191,0.663111;2074,276390,0.8272;2392,227600,0.639733;2458,272283,0.822844
5955,2533395;1915,391613,0.912267;1729,207611,0.677244;2057,270401,0.838044;2286,219694,0.648889;2480,269406,0.835289
6032,2533724;1771,388274,0.917333;1707,207302,0.696267;2029,265876,0.849422;2299,217745,0.659111;2462,261590,0.833422
6068,2533775;1745,383685,0.9192;1780,203472,0.710933;1958,261672,0.8464;2177,217504,0.664444;2356,256995,0.846844
5902,2533655;1751,386295,0.926044;1760,202554,0.717956;1982,258589,0.855911;2191,213865,0.664889;2285,256152,0.843467
5996,2533574;1727,379844,0.922044;1730,198234,0.710222;1924,258463,0.845244;2126,211564,0.6792;2302,251893,0.841689
6097,2533680;1731,381424,0.930667;1775,200191,0.702311;2025,261826,0.862667;2192,211113,0.698933;2302,250645,0.8392
6102,2533251;1945,378782,0.915378;1774,199772,0.720978;1933,257436,0.858578;2091,208431,0.687289;2210,246191,0.844889
6073,2533109;1728,378104,0.911378;1586,192636,0.710667;1859,251577,0.858844;2090,201981,0.687644;2180,240763,0.836978
6123,2531642;1748,379265,0.929689;1648,192226,0.703378;1883,247530,0.862222;2088,202416,0.673867;2192,239256,0.849244
6095,2530867;1726,375074,0.925867;1692,189457,0.707822;1845,243490,0.8472;2078,200145,0.682578;2245,237321,0.840178
5954,2529483;1734,378024,0.925067;1646,180679,0.708089;1816,234385,0.853422;1995,189955,0.675822;2138,228956,0.835556
5733,2518067;1794,372074,0.928622;1608,175016,0.720356;1841,228700,0.855111;1940,182422,0.669333;2038,220088,0.840267
5796,2507370;1786,375302,0.928978;1522,165832,0.697956;1666,217708,0.8448;1792,178138,0.6736;1924,211676,0.8472
5607,2490945;1697,370352,0.928178;1390,152449,0.699644;1662,207013,0.851911;1752,165613,0.680267;1878,199661,0.831644
5294,2395279;1698,369704,0.934133;1263,126198,0.687289;1391,170642,0.840889;1391,135975,0.678844;1534,169080,0.827556
4859,2209104;1706,372427,0.934222;926,90653,0.695822;1035,126103,0.832978;995,98261,0.689333;1169,125593,0.837778
4167,1773525;1689,369447,0.925511;620,58914,0.713333;698,81561,0.839111;628,64546,0.687467;754,83126,0.843111
3176,1297404;1903,369035,0.933867;439,35689,0.720089;437,48899,0.845689;369,38245,0.680089;453,50971,0.833778
1928,770520;1698,368734,0.931556;273,18303,0.729867;273,24197,0.846311;169,18901,0.683289;209,25208,0.832889
864,332042;1683,366069,0.934844;173,6713,0.7344;139,8439,0.845689;61,6695,0.683111;79,9844,0.832978
62,22433;1673,364594,0.936533;168,975,0.734489;65,685,0.846756;9,794,0.684;8,975,0.833867
84,31361;1677,366610,0.938489;88,747,0.734578;64,792,0.846489;8,644,0.683644;7,739,0.833778
