337,409060;351,118444,0.981436;185,68160,0.901215;218,88802,0.958232;316,73727,0.867845;293,82146,0.959337
345,384660;357,117124,0.978122;118,28177,0.881105;126,40285,0.940994;166,33490,0.851934;178,40287,0.924862
360,371304;358,117525,0.98232;128,25676,0.872928;192,37831,0.936796;228,30113,0.84884;257,37028,0.907182
366,376586;363,118483,0.98011;208,27750,0.866961;239,40916,0.943646;256,31991,0.855028;267,39466,0.902541
362,376506;364,118805,0.979227;194,26944,0.863425;232,40197,0.937017;265,31836,0.836464;263,39655,0.89768
373,381344;362,119234,0.978343;190,28286,0.861215;228,40857,0.920442;252,32365,0.826961;281,41344,0.914696
367,376816;378,119818,0.977459;207,27318,0.840221;258,41033,0.934807;253,31990,0.830055;273,40857,0.90895
380,384727;364,117418,0.975249;193,29965,0.850166;229,42819,0.937017;262,32998,0.84663;284,41906,0.899227
370,377324;365,119453,0.98232;191,28503,0.850829;249,42065,0.921105;258,32009,0.821436;307,41518,0.902983
379,385644;370,119903,0.97768;226,29783,0.857459;253,43320,0.921105;279,33086,0.835138;302,43160,0.894365
386,389081;366,120035,0.975028;231,30047,0.850387;272,44143,0.940552;316,34485,0.834696;337,45306,0.91116
370,379287;369,121166,0.98011;233,29189,0.857238;243,42761,0.940773;294,33451,0.819227;297,42725,0.909834
379,384790;319,120791,0.981436;235,30205,0.847956;258,42209,0.939448;277,32877,0.816796;314,42913,0.912928
367,374215;221,119569,0.981657;226,27491,0.825414;234,40335,0.936575;249,30962,0.807956;279,41387,0.914696
375,378506;223,121914,0.976133;207,28712,0.839116;240,42384,0.933702;272,33085,0.832486;289,43661,0.928398
378,380747;322,121216,0.982541;216,28622,0.851713;237,42720,0.929503;277,34470,0.82895;290,42944,0.914917
371,376556;359,119818,0.980331;204,28072,0.84;236,41371,0.93105;278,32544,0.821436;313,42027,0.925083
381,382132;360,120506,0.979006;241,29318,0.841105;277,43056,0.926851;303,34435,0.825414;330,44479,0.925525
366,373273;355,119415,0.978785;235,28488,0.826077;270,42494,0.934807;306,32894,0.814365;310,43047,0.926851
367,367469;358,120121,0.978343;230,27434,0.838232;255,40417,0.943204;283,32048,0.838232;307,41291,0.933702
356,358247;360,120610,0.980331;239,27616,0.841105;243,38983,0.940552;265,29996,0.830497;215,39220,0.941657
357,355560;354,119872,0.975028;220,27347,0.833591;258,38652,0.938785;273,30925,0.836464;284,39872,0.937901
348,348528;355,119682,0.98232;199,24950,0.846851;152,36937,0.937459;162,28393,0.835138;172,36734,0.932155
321,326751;362,121960,0.982541;139,23706,0.841105;139,33914,0.935028;139,26020,0.82011;157,34627,0.943646
297,302143;361,120303,0.983646;172,20609,0.834033;182,31001,0.933923;184,23440,0.82895;204,30028,0.93768
234,239808;356,119419,0.97989;124,14441,0.82453;139,21473,0.931271;132,16698,0.830939;145,21453,0.934807
145,153464;356,119609,0.983646;77,6952,0.825856;87,11125,0.933039;59,8280,0.834696;66,10732,0.935912
33,35280;356,118988,0.979227;35,1427,0.829392;32,2258,0.931713;13,1951,0.836243;12,2240,0.937238
