644,409060;469,114487,0.986077;358,65641,0.908287;451,85598,0.971934;526,68823,0.906298;512,75493,0.964641
640,386364;471,114362,0.973039;191,23796,0.905414;226,34637,0.96;237,27535,0.889503;262,33104,0.932155
625,377441;474,113799,0.987845;199,22814,0.899006;230,33336,0.958011;221,26393,0.877569;235,31386,0.923315
626,380155;478,114274,0.984972;197,23362,0.897017;222,33822,0.948066;228,26975,0.870055;238,31634,0.918895
607,370966;464,111042,0.984972;177,21087,0.90895;214,31211,0.952265;217,25375,0.877569;231,30474,0.911602
616,375024;469,113228,0.991381;187,21749,0.889724;223,32136,0.959116;219,26498,0.885967;238,31168,0.906961
632,384438;472,112397,0.990497;187,22212,0.90674;215,32704,0.961547;228,26372,0.876022;248,31611,0.918674
620,377630;470,112372,0.985193;181,21122,0.900773;216,31519,0.961105;217,25479,0.88221;237,30184,0.920442
636,385095;470,111897,0.992486;194,22700,0.898785;231,33103,0.964862;237,27266,0.879779;241,31359,0.898785
630,382220;475,113048,0.992928;188,21694,0.885967;215,31414,0.958674;221,25599,0.86895;243,31021,0.902541
631,381066;472,112452,0.993149;197,21681,0.88442;215,30973,0.95337;214,25075,0.87558;231,29763,0.904972
633,381728;468,111640,0.990055;194,22152,0.896133;221,32411,0.960884;218,25887,0.881547;242,31329,0.896354
634,382875;461,111270,0.990718;201,22052,0.887293;229,32360,0.967956;230,26683,0.87558;268,31679,0.914254
636,385244;473,112861,0.988066;189,21550,0.902541;211,32348,0.954696;223,26030,0.876464;245,30849,0.901215
615,380085;470,112072,0.988287;181,20877,0.901878;209,30521,0.958011;207,24712,0.899006;227,29158,0.907845
607,375445;477,112749,0.989834;192,21185,0.91116;226,30125,0.959116;217,24925,0.889061;233,28627,0.893923
609,376194;476,112301,0.990718;173,19674,0.890166;206,29666,0.945635;207,25176,0.885967;224,29451,0.917127
629,385961;473,112531,0.990939;201,22460,0.892376;222,31486,0.948287;218,26162,0.885967;240,30651,0.918011
631,385284;469,112313,0.992044;185,21854,0.899448;233,32405,0.961326;226,26204,0.874033;235,30249,0.904972
624,383530;469,111929,0.989613;183,21161,0.892818;239,31197,0.95558;223,25672,0.865635;232,29619,0.905193
618,377944;466,111464,0.98232;192,20803,0.897901;215,30344,0.952707;221,25426,0.877127;238,29265,0.895691
634,382032;463,110054,0.993149;203,21962,0.886188;231,32599,0.96663;220,25690,0.86674;243,30606,0.901436
651,381083;473,112553,0.989392;187,21626,0.891492;228,32344,0.967072;232,26745,0.876464;243,30351,0.915801
642,381543;473,112121,0.992265;198,22307,0.884862;232,32759,0.965083;233,27233,0.883315;240,30469,0.916685
640,381262;474,112267,0.986519;194,21647,0.886851;230,31852,0.956685;223,25872,0.885525;234,29652,0.914696
639,387127;471,111901,0.991602;196,22288,0.886851;223,32563,0.956022;217,26367,0.897459;238,29902,0.911823
628,381050;458,111751,0.986298;189,21072,0.903646;223,31136,0.963094;206,24283,0.870939;230,28711,0.907624
640,385109;516,112255,0.987182;193,22457,0.905856;254,33132,0.955801;228,26486,0.864751;241,31422,0.910718
622,375720;506,111741,0.990939;184,21214,0.903204;213,31185,0.962652;213,25966,0.876906;226,29742,0.91779
643,389790;509,112702,0.990276;191,21609,0.896133;228,32574,0.963536;226,26907,0.884862;240,31093,0.902762
628,377981;517,112240,0.990718;192,21833,0.898564;218,32002,0.966409;212,25788,0.881768;229,29134,0.909171
644,386540;508,112256,0.985856;186,21821,0.887735;240,31802,0.96;224,26448,0.87337;236,30087,0.913812
640,384642;506,111869,0.98895;192,22302,0.915138;223,32344,0.963536;229,27119,0.892818;243,31356,0.917348
640,385535;516,112536,0.984751;196,22569,0.910939;241,33007,0.961989;226,27311,0.891271;242,31081,0.915359
639,384857;507,112127,0.992044;184,22292,0.912265;222,32267,0.961105;222,25530,0.887072;256,30349,0.917127
642,390505;511,113057,0.991381;202,21763,0.894586;239,31959,0.964199;236,26500,0.874033;243,30412,0.908729
630,384463;515,112268,0.986961;191,21373,0.889724;220,32345,0.958453;220,25377,0.87337;244,29597,0.912928
634,387163;509,112512,0.987182;206,21999,0.89326;251,31795,0.956906;225,25912,0.868287;240,29812,0.912707
631,384709;511,112711,0.982541;205,21625,0.885525;222,31371,0.955138;233,26490,0.883757;242,30541,0.907403
637,385094;507,112418,0.990939;196,20848,0.888398;233,31480,0.960663;223,25912,0.888398;232,28565,0.912707
644,388618;514,111869,0.985414;206,22215,0.879116;240,32528,0.954696;222,25813,0.875138;236,29834,0.916022
628,379802;506,111781,0.979669;196,20765,0.879116;217,30202,0.953812;214,24835,0.864309;230,29053,0.905856
646,386363;510,112783,0.993812;198,21855,0.889724;227,31690,0.954475;221,25596,0.863204;244,30542,0.909613
658,380562;521,113332,0.989834;192,21661,0.890387;233,32434,0.961989;225,26429,0.872707;238,29735,0.916685
634,372604;507,111204,0.988066;200,21170,0.903867;217,30256,0.960884;211,24802,0.88884;229,28278,0.925525
641,377678;510,112146,0.991602;188,20709,0.900773;219,30411,0.957569;211,24651,0.873812;230,28856,0.914917
637,382167;517,113128,0.992265;199,22057,0.896796;234,32632,0.961105;221,26381,0.868729;246,30782,0.920663
635,381303;505,110644,0.990939;204,21110,0.891492;233,31582,0.968398;228,25406,0.876243;238,29539,0.918011
642,383145;513,112857,0.989834;200,21928,0.89547;235,32297,0.961105;231,26115,0.859227;235,29365,0.91558
648,385528;518,113806,0.984972;201,22348,0.90674;231,32470,0.974144;232,26742,0.878674;255,31075,0.916022
631,377932;513,112662,0.988287;189,20793,0.903867;226,32273,0.974365;222,25863,0.897459;235,29305,0.921768
630,376959;513,112604,0.99116;190,20835,0.905856;225,30595,0.959337;212,24736,0.873812;229,29280,0.923094
646,386345;511,112736,0.990276;182,21464,0.885304;212,31312,0.955801;216,25352,0.878895;235,29629,0.918453
631,376205;516,111382,0.988287;187,20633,0.892155;211,30061,0.958232;206,24860,0.896133;243,28579,0.924862
634,379673;509,111359,0.994254;183,21149,0.876685;210,30842,0.965304;213,25240,0.884862;231,28820,0.917348
654,389176;509,112092,0.987182;202,22752,0.900552;238,33194,0.955359;225,26177,0.888177;243,30611,0.920884
637,378913;515,112064,0.991823;194,21264,0.88442;234,32242,0.959779;241,25911,0.880663;249,30162,0.93105
633,384442;515,113093,0.987182;201,22284,0.901657;230,31865,0.96663;228,26087,0.896354;237,29903,0.921547
624,378473;508,112245,0.992707;178,20378,0.889945;225,30486,0.963978;217,25335,0.883536;231,28517,0.910497
636,385938;511,111377,0.995801;196,21302,0.899669;239,30957,0.958674;226,25654,0.880884;237,29006,0.913149
643,385319;510,111542,0.99116;199,21868,0.881105;235,32500,0.950055;231,26557,0.883757;239,30034,0.895912
627,379154;506,110483,0.989834;181,20765,0.87779;214,30284,0.952044;217,25717,0.891713;231,28985,0.910276
633,380586;514,112568,0.988508;202,21217,0.895912;233,30976,0.954033;215,24828,0.882873;229,28504,0.915801
639,382220;502,110080,0.987182;199,21434,0.906077;229,32241,0.967072;222,26152,0.893039;230,29154,0.921105
653,379646;510,112420,0.994033;196,21276,0.890829;219,30702,0.94011;232,25343,0.871381;243,29620,0.910718
655,379203;507,112208,0.992044;207,21777,0.886188;218,31426,0.964199;217,25594,0.882873;230,29380,0.914696
652,378212;516,112051,0.994917;178,20709,0.887514;216,30808,0.964862;211,25024,0.879779;227,29209,0.910276
659,387631;506,111211,0.992486;189,21880,0.912044;224,32223,0.970166;225,25987,0.869834;247,30925,0.914475
643,379680;510,112735,0.984088;194,21056,0.890608;210,30489,0.961768;208,24949,0.868066;228,29485,0.916022
655,386994;515,111818,0.988508;185,21921,0.871823;224,32197,0.96;227,27278,0.887514;241,31213,0.915359
630,378941;511,112316,0.992486;182,20974,0.898785;221,31342,0.965083;226,25856,0.896796;232,29046,0.923315
646,380588;516,113775,0.992265;194,20135,0.889724;213,30373,0.970608;207,24878,0.895691;220,28778,0.917569
637,378202;514,111733,0.994696;183,20767,0.914696;216,30828,0.961105;213,25712,0.897459;217,29100,0.914254
624,384047;509,111338,0.98895;194,22091,0.918232;223,32018,0.959779;225,26185,0.899227;240,30061,0.927735
656,384271;502,110470,0.987182;192,22224,0.915359;217,31928,0.957348;218,26317,0.892155;229,29769,0.908729
649,388203;514,111460,0.99337;194,22157,0.902983;225,32147,0.956243;231,26905,0.881547;250,31249,0.905856
671,381733;518,114082,0.99116;205,21282,0.885525;213,30423,0.956243;209,25083,0.877569;233,29590,0.910276
661,377719;511,112335,0.992044;200,21563,0.890829;223,30891,0.95779;216,25299,0.867845;228,29178,0.909392
675,384238;508,112381,0.992486;190,22439,0.903425;222,31892,0.961989;231,26290,0.891713;242,29909,0.927735
668,380372;521,112611,0.988066;192,21140,0.90011;214,30979,0.965746;215,25231,0.889945;225,28960,0.918453
598,372867;510,112159,0.99116;180,20271,0.897459;208,29677,0.95779;205,24699,0.889945;241,28568,0.913812
634,378701;510,112686,0.992044;199,22214,0.914917;223,31393,0.965304;222,25448,0.895028;238,29950,0.923315
671,380565;514,112085,0.990276;193,20787,0.901215;223,30863,0.968177;220,25483,0.887956;231,29104,0.91116
672,380519;514,112750,0.990055;193,20763,0.891492;230,31140,0.968398;229,25934,0.889945;237,29218,0.923094
615,381335;509,112303,0.991823;202,21253,0.876022;234,32584,0.965083;238,26702,0.881547;254,30197,0.914033
620,383597;511,111055,0.990497;195,21692,0.874475;232,32719,0.963757;238,26869,0.893481;250,30645,0.914254
623,386568;441,110452,0.989613;199,22008,0.887735;239,32395,0.967072;239,26381,0.893923;264,30972,0.931934
596,373389;511,111635,0.990276;188,20801,0.893039;219,30407,0.955359;213,24195,0.876464;232,28407,0.92
610,381742;499,112195,0.991602;189,21319,0.878232;224,31244,0.964862;228,25202,0.881326;228,28860,0.912265
622,374686;517,112140,0.986961;184,20875,0.889724;211,29602,0.957569;218,24728,0.877348;226,28285,0.91558
634,385752;515,112366,0.992486;209,22102,0.905856;223,31991,0.97105;203,25304,0.873812;240,30573,0.921326
617,373402;514,112089,0.989834;183,20733,0.912265;214,30103,0.968398;214,24553,0.861878;224,27837,0.912707
644,383776;521,112440,0.98674;189,21413,0.905414;220,31128,0.963536;227,26423,0.871381;231,29588,0.914917
630,378192;514,111575,0.992044;193,20303,0.872044;218,30929,0.95558;225,25823,0.886409;226,28749,0.917569
637,381080;515,112064,0.986961;189,20731,0.897459;221,30560,0.96663;209,24789,0.892376;231,28864,0.914475
636,375727;513,111356,0.994033;180,20695,0.886409;222,31043,0.968619;213,24601,0.885083;221,28354,0.920663
681,383110;513,111599,0.992265;179,20954,0.894586;217,31009,0.973702;207,24951,0.897459;226,29119,0.910718
663,383364;517,111919,0.993591;199,21291,0.88442;221,30885,0.962652;226,26281,0.899227;235,29604,0.916685
626,376203;514,112503,0.986961;192,21067,0.890166;219,30937,0.952928;213,25090,0.901436;224,28852,0.912707
609,368761;511,111762,0.991381;190,20251,0.90453;220,29367,0.959779;199,23740,0.882652;212,27056,0.901657
677,385917;510,111159,0.991381;196,22441,0.909392;231,32016,0.95558;227,26547,0.901657;241,30086,0.923536
672,382869;518,112969,0.992928;191,21818,0.901657;225,32154,0.966851;214,25031,0.881989;234,29811,0.912486
655,371988;520,113122,0.988508;191,20856,0.896575;213,30050,0.962652;209,24856,0.872044;221,27860,0.914917
638,384444;518,112439,0.992707;197,21413,0.901657;230,32158,0.962873;233,26216,0.882652;235,29913,0.915138
633,380317;512,111872,0.994696;194,21852,0.903646;229,31926,0.968619;232,25671,0.891713;260,29451,0.924199
668,376710;520,112745,0.990939;201,21181,0.895691;210,30534,0.960221;202,24853,0.896575;221,29333,0.921989
683,377493;516,111812,0.991823;188,21856,0.89547;228,31083,0.966188;226,25849,0.89105;233,29214,0.912707
617,379882;513,111756,0.991602;193,21830,0.909392;219,31178,0.96;216,25492,0.894365;232,29505,0.916022
629,382965;514,111821,0.993149;186,21407,0.886409;212,30569,0.952486;220,26520,0.906961;236,30412,0.919337
606,372602;520,113002,0.993149;194,20905,0.896354;222,30717,0.961768;209,24216,0.894807;224,27982,0.918895
637,383586;514,112743,0.98895;216,22381,0.922652;230,32099,0.963757;221,25815,0.882873;240,30100,0.913812
635,381639;524,113618,0.994696;199,22243,0.905856;230,32411,0.953812;226,26918,0.879337;241,31021,0.922431
628,376467;511,110779,0.994033;193,21747,0.906961;213,30920,0.96;221,25620,0.901657;234,29762,0.932597
609,373681;512,111852,0.991823;194,20712,0.914917;208,30418,0.952928;210,25079,0.889945;214,27772,0.91558
684,385944;519,112370,0.994033;184,20865,0.910939;233,32185,0.957569;229,26247,0.883978;237,29560,0.915138
641,377419;513,111586,0.990939;185,20951,0.907624;213,29909,0.95337;210,24830,0.880884;227,29547,0.919116
629,371751;514,111783,0.986519;175,20338,0.90895;215,30089,0.958011;206,23799,0.874917;217,27841,0.915801
647,380826;515,112111,0.991381;198,21888,0.903867;215,30388,0.956243;217,25983,0.890387;222,29182,0.909171
657,383341;513,111104,0.988508;182,21609,0.906077;215,31413,0.952928;213,25314,0.891271;232,29664,0.918674
641,378693;516,112281,0.987845;186,20933,0.893481;209,29890,0.94674;228,25355,0.890608;238,29196,0.919337
647,386757;515,112116,0.991381;202,21904,0.916464;233,32058,0.962431;226,26063,0.870718;243,29791,0.912265
626,375948;512,111097,0.98674;173,19747,0.894365;214,30422,0.958674;222,25052,0.880442;230,28817,0.913591
630,377898;509,111786,0.984309;192,20166,0.90232;220,29480,0.964862;214,23948,0.885967;223,27739,0.927293
639,380401;516,111958,0.99337;205,20599,0.904309;227,30721,0.959558;227,25151,0.89105;246,28706,0.912928
650,386727;518,113068,0.993149;208,21799,0.893039;233,31227,0.953591;225,25497,0.863646;246,30314,0.909171
633,372281;512,112134,0.982762;201,20911,0.895691;214,29818,0.954475;226,25324,0.868508;229,28652,0.912928
669,380346;512,112050,0.987845;204,21290,0.904751;219,30384,0.957569;238,25434,0.891934;228,28837,0.920221
663,383564;507,110667,0.987845;191,21101,0.898785;227,31537,0.958895;228,25885,0.898343;243,29394,0.923757
660,383344;502,109502,0.990276;194,20629,0.897901;220,30477,0.949834;221,25317,0.880884;237,29087,0.912928
653,384167;515,112576,0.993149;197,21277,0.904751;217,30546,0.956243;222,25799,0.90453;228,28443,0.916906
627,369858;503,110021,0.990497;188,20052,0.899448;216,29670,0.952265;213,24031,0.894365;236,28898,0.917348
641,376458;516,112382,0.990276;193,20807,0.90232;224,30396,0.954033;225,25233,0.891934;226,28060,0.913149
651,383598;513,111731,0.992044;200,21730,0.904751;240,32402,0.956685;220,25375,0.887735;232,29430,0.90895
663,387749;514,111910,0.988729;208,22158,0.892376;234,32229,0.96;235,26108,0.87779;247,30578,0.924199
645,379625;511,111720,0.992707;199,21559,0.890387;229,32283,0.969061;234,25909,0.885967;250,30100,0.929061
654,383979;516,112906,0.991823;202,21365,0.894586;228,31034,0.958674;237,25657,0.887514;240,29574,0.910939
648,380126;508,111284,0.983425;197,21732,0.903425;235,31977,0.962431;227,25928,0.901878;237,29348,0.913812
647,379432;513,112052,0.988508;192,20589,0.885525;225,30345,0.954475;213,25079,0.907182;212,28049,0.919558
641,374946;516,112437,0.985193;184,20939,0.885967;220,31653,0.953591;219,24843,0.893039;232,28874,0.912486
632,371685;513,111549,0.98453;196,20586,0.904972;213,28863,0.94895;213,24117,0.882652;228,27719,0.913149
643,382654;511,111376,0.992707;187,20315,0.883315;238,31774,0.958232;224,25288,0.876685;234,28951,0.907182
638,381467;515,112191,0.985193;197,21473,0.890387;219,30793,0.94453;229,26039,0.885746;238,30198,0.91779
644,379187;509,110865,0.98674;193,21491,0.881989;235,32125,0.947182;236,26636,0.88442;238,29687,0.913591
633,378422;518,113358,0.989392;193,21897,0.90453;220,31042,0.958453;214,25200,0.877127;236,29374,0.897901
649,384853;514,112818,0.989392;201,22039,0.900552;236,32650,0.962652;228,26646,0.883315;240,30538,0.903867
650,381696;514,112286,0.991602;209,21054,0.896133;226,30521,0.95779;221,25425,0.893039;236,29398,0.90895
659,375925;512,112053,0.994033;202,21458,0.895249;227,31010,0.959558;218,25082,0.889945;245,29218,0.916022
658,379142;515,112422,0.987182;200,21877,0.906961;228,31311,0.972155;222,25420,0.891271;246,29776,0.91779
666,383798;519,113504,0.982099;195,21239,0.885746;230,31595,0.951602;229,26047,0.896796;238,29344,0.910939
642,380591;511,111557,0.989171;195,21074,0.901215;230,30988,0.966188;215,24935,0.894586;235,28471,0.909834
654,378226;512,111424,0.983425;202,21442,0.888398;230,31303,0.958895;214,25283,0.896575;234,29106,0.922873
680,382417;515,112482,0.990055;201,21789,0.910055;226,31615,0.970608;232,25880,0.885304;258,29614,0.916906
667,376509;516,113293,0.982541;207,21391,0.893702;235,30684,0.94895;221,25510,0.889724;238,29793,0.913591
681,382886;513,111950,0.990939;197,21186,0.888177;239,32388,0.951602;222,25255,0.88884;248,30363,0.921768
672,379602;510,111464,0.97989;206,21468,0.888619;228,30303,0.938564;223,25219,0.889061;233,28234,0.918895
660,374074;513,112291,0.989834;191,19956,0.883978;217,29277,0.950718;225,24438,0.877348;233,27590,0.916464
669,378361;512,111356,0.986298;203,20992,0.887735;239,30798,0.955801;235,25963,0.885304;253,29382,0.91558
681,385309;508,111955,0.986519;207,21101,0.879779;239,31376,0.943425;232,25361,0.860331;261,29573,0.921105
683,385477;523,114167,0.991602;216,21879,0.89989;247,32360,0.952928;240,26583,0.891934;238,29717,0.908066
677,381757;514,111980,0.991602;195,21451,0.905414;230,31860,0.956022;222,25398,0.885746;231,29688,0.91558
679,383373;510,111472,0.989171;206,21859,0.884199;245,32783,0.961105;248,26486,0.880884;255,30538,0.914696
665,375963;504,110328,0.989171;219,21279,0.905635;229,31030,0.957348;221,25240,0.882873;236,29096,0.907403
676,382887;517,112688,0.993591;198,21731,0.910276;241,32285,0.960884;239,26366,0.889503;249,30151,0.916906
668,377505;511,111834,0.986298;200,21564,0.90453;232,31106,0.961547;224,26040,0.900773;233,29954,0.915801
669,375667;515,111605,0.991823;193,20695,0.896133;215,30784,0.968398;212,24485,0.887072;224,28815,0.917127
684,385475;516,112539,0.990055;188,21801,0.897238;235,32374,0.961768;235,26853,0.874696;247,30606,0.921989
688,386610;519,113556,0.98895;205,22284,0.903646;234,32701,0.964862;230,26889,0.876022;246,30644,0.914033
682,383590;512,111583,0.990718;203,22891,0.892597;234,33495,0.970829;228,26739,0.885967;231,31121,0.924862
684,386329;512,111620,0.99116;196,21800,0.910939;233,31546,0.961326;227,25769,0.874475;239,29570,0.911602
629,378716;508,110352,0.991381;200,21131,0.900552;220,30587,0.952486;219,24574,0.872265;237,28888,0.903867
609,376947;510,111808,0.990276;191,20882,0.896354;212,30258,0.957348;192,23501,0.868508;226,27026,0.913591
613,375677;515,112275,0.990497;195,20375,0.879337;223,30239,0.961768;213,24270,0.857459;223,27822,0.916022
625,380101;509,111038,0.992928;194,21648,0.896796;225,31595,0.958895;210,24405,0.862983;231,29039,0.920442
629,382470;519,113048,0.992044;201,22078,0.897459;226,31394,0.954254;227,26301,0.891713;240,29089,0.918232
640,384940;515,112357,0.988508;212,21943,0.90011;243,32432,0.960884;231,26485,0.876243;250,31010,0.914254
626,380150;518,113167,0.987624;193,21609,0.882873;229,31986,0.961326;221,25732,0.882431;241,29477,0.922431
626,378742;517,112586,0.986077;193,20975,0.909613;219,31206,0.96884;207,25102,0.879116;221,28443,0.90453
615,376942;512,111905,0.988729;189,20360,0.883978;222,30258,0.964199;218,24942,0.867182;226,27971,0.906961
627,386181;520,113482,0.992265;198,21729,0.900994;241,33472,0.972597;230,26895,0.886188;252,30833,0.919779
618,381257;520,113453,0.992928;188,21160,0.911602;230,31474,0.957127;224,25038,0.881989;243,29454,0.921547
600,372028;518,112889,0.988729;189,20793,0.913149;220,30188,0.956464;208,24571,0.889503;224,28258,0.92221
615,379151;517,112370,0.992928;186,20747,0.889061;216,29948,0.963315;238,24321,0.891492;224,27976,0.919337
615,379693;514,111461,0.987182;190,21300,0.90895;223,30803,0.954696;228,25749,0.88663;228,29139,0.918232
643,381498;509,111108,0.98895;201,21331,0.901215;215,30536,0.958895;209,24516,0.86011;233,28634,0.914254
663,385002;516,112407,0.984972;186,21421,0.89326;215,30558,0.954254;216,25777,0.878453;234,30052,0.921105
640,374464;514,111860,0.989613;184,20633,0.903646;216,31257,0.956685;222,25771,0.878232;231,29192,0.914917
648,380329;517,112894,0.988729;193,20864,0.889945;224,30865,0.958011;213,25616,0.880663;232,29517,0.919558
654,383267;511,111207,0.985414;199,21680,0.898785;215,30180,0.956906;216,24852,0.875801;231,28784,0.920442
653,381521;513,111687,0.991381;185,21238,0.916685;228,31516,0.960442;221,25149,0.898122;243,29874,0.918453
667,388204;515,112099,0.990276;200,21694,0.905635;234,31826,0.954475;225,25886,0.891713;242,30344,0.914475
652,381257;516,112206,0.985193;196,21879,0.909613;232,32497,0.974586;224,26133,0.903646;239,29706,0.918895
653,380545;510,111330,0.992486;190,20936,0.898343;231,31358,0.962431;223,25221,0.889282;247,29391,0.916464
633,377629;513,111717,0.984972;199,21102,0.908729;221,30446,0.967072;215,24932,0.872486;229,28493,0.908729
644,383764;518,113009,0.990055;200,21054,0.907403;236,31128,0.965304;229,26308,0.87779;244,30006,0.908508
645,382221;512,111663,0.986961;192,21440,0.920884;233,31651,0.961989;234,25129,0.895691;238,28834,0.926409
639,381489;517,111986,0.990055;197,21282,0.910497;224,31459,0.954475;218,25346,0.893702;237,29074,0.923315
663,377761;518,111220,0.984972;195,21654,0.919558;221,31258,0.957348;213,24826,0.876685;248,28517,0.914033
681,380832;509,111044,0.986298;198,20859,0.904309;230,30265,0.951602;236,25232,0.899227;241,29460,0.910939
687,377195;512,111014,0.986519;199,20735,0.893481;222,30275,0.953812;220,25151,0.890829;232,28869,0.917569
635,375503;516,112330,0.988729;185,20675,0.896796;225,30573,0.96442;205,24447,0.871602;233,29129,0.910939
651,381991;514,111688,0.988729;195,21687,0.889724;230,31568,0.959779;222,25974,0.873591;239,29634,0.901436
639,376163;516,111851,0.990276;189,20738,0.902099;222,30343,0.961547;211,24613,0.898122;239,29061,0.916464
673,380369;507,110505,0.989613;181,20484,0.893481;216,31017,0.958232;222,25534,0.897238;233,29138,0.905414
688,384420;517,111671,0.989392;194,21332,0.89768;235,31634,0.954475;222,25235,0.893702;244,29133,0.900331
682,374157;517,111798,0.988729;186,20506,0.897459;216,31660,0.973923;220,24155,0.897017;216,28115,0.918232
705,387697;516,113095,0.993812;194,22080,0.915801;224,31839,0.970166;236,27323,0.883315;249,30960,0.917127
645,378140;515,112091,0.987182;183,20833,0.902983;216,30445,0.960663;214,25594,0.879116;230,29332,0.910055
647,381047;516,112536,0.994696;186,20795,0.902762;217,30676,0.952486;219,25576,0.887293;233,29520,0.912044
656,385666;516,112442,0.991823;190,21210,0.889945;230,31485,0.95558;217,25703,0.899669;242,30093,0.907182
648,378126;517,112124,0.986519;192,20779,0.88442;232,30514,0.952486;221,24341,0.880442;224,27600,0.907403
693,387937;513,111219,0.986077;189,21404,0.893481;227,31704,0.962873;224,25949,0.88884;245,29873,0.918232
670,375662;522,113693,0.991381;203,20733,0.872265;217,29930,0.958453;221,25117,0.887735;230,28857,0.912486
661,370730;515,111464,0.991381;194,20124,0.887293;206,29340,0.958674;207,24615,0.902099;221,27835,0.916906
696,380606;519,112883,0.988508;169,20676,0.884641;243,30627,0.956243;221,25610,0.898785;232,28957,0.918895
637,373357;519,112988,0.984751;180,20054,0.878011;212,29824,0.954917;211,23828,0.87337;226,27619,0.912044
654,383585;518,113417,0.984972;208,21829,0.881547;229,31482,0.95337;218,25772,0.872044;244,30221,0.910939
667,387840;514,111641,0.991602;198,22169,0.905193;226,32401,0.959558;234,26569,0.885967;246,30636,0.916022
650,374144;520,112946,0.982762;179,19748,0.887293;209,29396,0.955138;219,25711,0.891713;232,29559,0.918895
681,379367;522,113553,0.990055;175,20591,0.876685;217,30093,0.959116;209,25081,0.886188;227,28906,0.919558
686,383341;517,112288,0.989392;185,21873,0.913812;216,31226,0.960221;213,25945,0.885746;234,30322,0.923094
661,370339;517,111985,0.990718;178,19878,0.887293;213,29267,0.951602;201,24001,0.892818;211,27637,0.92221
679,381021;513,111692,0.992707;199,20769,0.887956;214,30979,0.962873;205,24028,0.885525;221,28344,0.916464
649,382200;515,111472,0.990939;196,21683,0.897238;233,31124,0.95558;214,25748,0.89768;227,29498,0.92
643,378401;517,112356,0.984972;179,20198,0.890829;215,29478,0.950055;203,24318,0.859227;216,28597,0.917348
659,382399;514,111732,0.995138;196,20687,0.897238;213,29855,0.958011;209,25185,0.888177;225,28826,0.923757
697,388145;519,111687,0.993149;180,20677,0.908287;214,30977,0.957348;224,25583,0.896575;228,28522,0.909834
680,378611;514,111263,0.984751;181,20679,0.90011;215,29246,0.963978;202,24156,0.892155;209,27507,0.910055
677,382171;513,111767,0.989834;171,19973,0.890608;215,30440,0.960442;280,24801,0.885525;245,28359,0.892155
695,382379;518,112390,0.992486;174,19665,0.89105;212,29744,0.958453;206,23985,0.879779;222,28269,0.904751
654,384630;512,111517,0.985635;194,20179,0.88884;225,30355,0.967072;206,24858,0.864309;226,28538,0.913812
640,377887;518,111889,0.988066;183,19213,0.905856;205,28091,0.966188;211,24230,0.884199;214,27374,0.919337
654,383652;511,111151,0.994475;174,19936,0.908287;199,28115,0.960663;208,23338,0.889061;218,27166,0.912928
643,368087;512,110783,0.991823;170,19082,0.90011;204,27153,0.954696;191,23104,0.875359;219,26753,0.910939
689,379335;516,112753,0.991381;188,20408,0.881547;216,29900,0.964199;200,23657,0.872928;213,27446,0.909613
678,375624;516,112336,0.986519;180,19952,0.896354;215,29410,0.965746;204,23982,0.876685;214,27569,0.908729
663,372966;515,111775,0.989613;164,18628,0.905635;187,27678,0.970166;193,22407,0.880221;190,25145,0.895028
653,375085;517,112558,0.989613;186,19374,0.897459;188,27375,0.965967;192,22871,0.877569;189,26122,0.906298
627,370030;516,112354,0.990718;161,18387,0.906961;206,26787,0.963094;209,22400,0.891713;201,25203,0.915359
617,364380;517,112202,0.992044;162,18107,0.893481;205,27047,0.955359;205,21924,0.883536;234,25972,0.907624
653,376418;515,112077,0.988066;166,19279,0.896133;199,28770,0.951381;224,23809,0.879558;207,27001,0.904309
665,374873;520,113471,0.988508;178,19993,0.899227;200,28621,0.954696;214,24094,0.892155;235,28140,0.92221
653,365837;517,112382,0.986961;172,19134,0.90674;194,27175,0.961547;209,22032,0.892597;201,25300,0.918674
670,376340;516,111952,0.991823;190,19383,0.920884;205,27795,0.958674;185,23308,0.89768;203,26785,0.926851
689,376605;511,110873,0.992044;171,18689,0.894807;190,27491,0.963315;183,22628,0.879116;201,26729,0.920221
621,364642;514,111571,0.989171;195,18500,0.894586;196,26945,0.96884;188,21945,0.882431;205,25477,0.927072
645,379745;511,111181,0.986961;180,19624,0.910939;199,26896,0.969061;208,23806,0.889282;209,26348,0.92221
648,381199;513,111627,0.989171;186,19714,0.906298;217,28465,0.966188;198,23229,0.876685;222,27559,0.916022
628,363474;521,113287,0.989171;176,18807,0.919116;210,27353,0.96221;190,22052,0.88221;218,25723,0.917569
662,368936;518,112623,0.996022;191,19028,0.903204;204,27682,0.963978;192,22939,0.885304;212,26804,0.909392
666,372419;520,113367,0.985193;168,18723,0.906519;208,27667,0.966188;202,23014,0.886188;209,26480,0.909834
628,356326;518,112462,0.985856;162,17159,0.89105;191,25562,0.960663;183,21229,0.902541;196,24794,0.922431
634,351764;519,112972,0.989613;160,17703,0.900331;193,26532,0.961547;188,21310,0.892818;198,25316,0.924199
625,368924;514,112145,0.985414;168,18548,0.893702;200,27603,0.962873;192,22548,0.898564;217,27070,0.929282
625,369721;521,113450,0.988729;181,18627,0.901878;195,27473,0.962652;204,22569,0.900552;207,27299,0.927072
641,377295;521,113576,0.987403;168,18863,0.924641;192,27093,0.963094;192,22962,0.898343;218,28146,0.926188
654,370108;517,113422,0.989834;169,17579,0.913591;186,25738,0.956243;177,21796,0.904751;193,26008,0.930166
634,351585;525,113551,0.983867;164,16680,0.91116;173,23874,0.96442;167,20010,0.897017;184,24087,0.925525
608,342901;520,113354,0.988729;154,16378,0.926851;171,22339,0.961989;169,19145,0.905856;175,22846,0.921768
635,360028;526,114109,0.984972;153,16981,0.91337;177,24828,0.972376;172,20588,0.916022;198,25093,0.933923
624,355870;523,114383,0.990497;170,17696,0.920221;196,25463,0.96884;201,21413,0.909392;224,26074,0.922652
599,353252;520,114261,0.982099;183,17191,0.890608;206,25176,0.954475;192,21130,0.903204;210,25431,0.928177
603,356825;526,115213,0.978564;161,16334,0.904751;175,24649,0.969282;173,20564,0.906519;195,25195,0.910055
588,344652;530,115681,0.987182;151,16038,0.899669;156,23777,0.959558;175,19661,0.898785;189,23909,0.918011
566,322810;516,113022,0.990497;116,12011,0.916685;163,18649,0.961105;131,15434,0.912044;153,19467,0.921326
497,279058;525,115010,0.983646;115,9500,0.912707;130,14899,0.969061;108,12861,0.907403;135,16955,0.920884
438,240525;522,114212,0.983425;93,7823,0.920884;101,11959,0.967072;81,9866,0.901436;93,12728,0.92884
407,223197;531,115452,0.984751;77,6593,0.920442;81,9423,0.973923;60,7830,0.903204;76,10606,0.923094
275,140408;529,115392,0.984972;67,3796,0.918232;62,6309,0.967956;43,5384,0.90895;50,6788,0.921326
241,135216;528,115456,0.982099;60,3707,0.925525;60,5079,0.971492;37,4661,0.903646;44,6242,0.914475
156,87591;525,115410,0.986298;45,2651,0.928619;46,3768,0.973923;25,3029,0.898343;28,3952,0.915801
127,70584;526,114596,0.981436;45,1694,0.929945;41,2687,0.971713;16,2159,0.902541;20,2887,0.918674
90,48077;524,114221,0.980773;28,1291,0.929282;36,1734,0.972818;13,1684,0.902762;14,2165,0.918232
66,35271;515,113286,0.981215;27,709,0.932597;28,977,0.976133;15,1008,0.905856;10,1376,0.918232
34,17829;525,115334,0.98011;21,397,0.934365;15,373,0.977017;2,338,0.904972;3,417,0.919337
6,2702;530,115716,0.985856;9,40,0.934365;19,64,0.977238;1,34,0.90453;1,87,0.919337
11,5401;521,114167,0.98011;19,208,0.933923;13,191,0.977017;2,99,0.906519;2,268,0.919558
22,10746;523,114273,0.98232;32,280,0.933481;18,517,0.977017;3,334,0.906077;4,569,0.919558
13,6283;528,115060,0.986519;19,167,0.935028;23,356,0.976796;2,191,0.906298;3,371,0.919116
