6616,409060;2378,122348,0.967293;1480,68226,0.872486;1904,89912,0.934365;1689,70156,0.825635;1882,82069,0.941878
6138,377394;2332,120839,0.952928;601,25617,0.869834;831,37721,0.929282;737,29766,0.802431;875,37311,0.898343
6218,381600;2354,121834,0.960884;656,27545,0.842431;892,39681,0.925083;779,31184,0.795359;930,39820,0.884199
6115,376054;2314,120879,0.966851;638,26070,0.845746;900,39325,0.916243;739,29378,0.792707;909,38425,0.88
6184,378481;2331,121422,0.96663;671,27432,0.839558;914,40069,0.916464;781,30437,0.772376;937,38924,0.869834
6263,383604;2304,120919,0.963315;672,26917,0.834033;907,40251,0.916022;789,30636,0.772376;946,39290,0.873812
6175,380185;2351,122669,0.965083;651,26429,0.836022;934,41132,0.91558;799,31544,0.790497;977,40717,0.876906
6094,378557;2400,125538,0.969945;697,28292,0.836464;948,41404,0.92221;817,32028,0.790939;1024,42941,0.890166
6082,382104;2307,120269,0.960221;680,27266,0.832928;955,41299,0.93547;807,31552,0.80442;931,39630,0.88663
6061,381087;2367,123236,0.963536;671,27859,0.829171;947,41216,0.925967;806,31539,0.796685;966,40637,0.887735
5882,378568;2338,121713,0.970608;667,27344,0.825193;930,40996,0.92884;802,31026,0.79337;986,41128,0.894807
5856,384319;2369,123210,0.969945;719,29068,0.824972;934,41486,0.927293;840,32621,0.798453;1019,42369,0.899669
5979,376745;2352,122521,0.968619;656,26690,0.831602;911,39953,0.918232;787,31174,0.829834;952,39283,0.900331
6069,379913;2315,121433,0.959116;688,27837,0.862983;932,40908,0.930166;802,31637,0.826298;958,40515,0.912928
5930,385121;2299,120209,0.968177;689,27985,0.838232;970,42393,0.922873;826,32233,0.822099;966,40832,0.893923
6155,369880;2320,122044,0.962652;644,26064,0.827403;869,38336,0.914033;759,29951,0.807293;919,38364,0.900331
6295,378019;2333,121990,0.964199;679,27646,0.829834;904,40461,0.923536;793,30580,0.805083;948,39156,0.899006
6073,382957;2287,119524,0.962873;717,28503,0.824972;909,39787,0.906298;815,31645,0.80442;990,40688,0.906961
5814,367373;2336,122045,0.963757;662,27147,0.809945;882,39127,0.906298;752,29846,0.816354;899,37866,0.911602
6129,387658;2344,122222,0.963315;710,28967,0.832707;968,42776,0.919337;825,32437,0.803094;1001,42101,0.912486
6054,387088;2321,121700,0.968177;704,28861,0.813702;969,43156,0.925525;823,32811,0.822983;1007,42618,0.922652
5974,375557;2378,123321,0.966851;685,27617,0.828508;906,40591,0.912044;781,31141,0.81105;945,39917,0.909834
6118,381603;2328,121959,0.961768;664,27054,0.815912;912,41114,0.921547;813,32299,0.81326;982,41560,0.909613
6183,384886;2338,122256,0.971492;688,28425,0.829171;916,41485,0.926851;790,31595,0.807514;966,40985,0.916906
6020,379407;2347,122422,0.961326;673,27340,0.829392;892,40164,0.923536;777,30882,0.817238;947,40092,0.909834
5927,378313;2331,123144,0.96442;670,27543,0.828508;922,41612,0.916022;788,31454,0.81326;963,40803,0.916906
5882,375741;2318,122393,0.961768;680,28203,0.823646;900,40184,0.921989;797,31991,0.830055;926,39387,0.905193
6038,381106;2378,124114,0.971934;704,28612,0.840884;917,41191,0.924199;786,31440,0.833812;947,40651,0.910497
6084,383381;2291,120514,0.958232;657,27353,0.836464;921,41363,0.916022;797,31845,0.832044;950,40782,0.903867
6064,381777;2390,125227,0.978785;642,26704,0.846851;882,39668,0.926188;766,30693,0.839337;924,39582,0.916685
6058,374980;2380,124358,0.963757;659,27152,0.836685;918,41573,0.922652;784,31463,0.818785;907,38869,0.904088
6037,374832;2304,120252,0.972376;651,26897,0.826298;892,40345,0.914475;785,31383,0.814807;944,40455,0.912044
5854,369106;2285,120429,0.969061;639,26561,0.830718;845,38404,0.929503;762,30214,0.816575;867,37263,0.903646
6133,382178;2348,121785,0.969503;660,27251,0.822099;872,39392,0.927072;750,30089,0.821436;957,39065,0.891492
5894,364459;2326,120743,0.968619;671,26579,0.843315;886,38371,0.932155;750,28978,0.826519;913,37501,0.903425
5809,361251;2326,122284,0.973039;627,24700,0.82453;846,36941,0.923536;749,29087,0.824751;883,36415,0.911381
5876,364759;2288,120029,0.975691;647,25498,0.82674;838,36689,0.92884;751,29242,0.820331;903,37546,0.912928
5796,359615;2261,118918,0.971492;651,25708,0.837127;815,36022,0.924641;721,28591,0.827845;855,36176,0.913812
5554,344036;2313,120272,0.965746;588,23285,0.809724;807,35367,0.923536;639,25353,0.805525;808,34200,0.907624
5870,363079;2265,120378,0.97326;623,25362,0.82232;834,37323,0.926851;714,28454,0.813923;901,36615,0.89768
5185,321475;2273,120357,0.969061;557,21263,0.809945;782,32584,0.920884;640,24154,0.807072;776,31136,0.910497
5384,327204;2266,118149,0.96663;605,23229,0.817238;792,33286,0.927072;654,25070,0.795359;754,30531,0.903204
5314,321009;2293,119497,0.967072;562,22020,0.811934;761,32210,0.925967;638,24414,0.801989;757,30638,0.912707
4880,301187;2299,119819,0.972376;535,20171,0.785193;713,29908,0.908508;589,22291,0.788729;740,30042,0.912486
4595,282309;2244,117866,0.966188;453,16942,0.771934;625,26319,0.901878;518,20114,0.785856;601,25087,0.906298
3847,237988;2274,118505,0.967072;341,12550,0.768177;481,19588,0.915801;377,14782,0.789834;458,19216,0.91116
1989,124147;2267,118320,0.970166;153,5017,0.762873;225,8431,0.914696;153,6211,0.783867;205,8738,0.914917
833,53167;2256,117856,0.965083;96,1932,0.772597;114,3509,0.912928;57,2264,0.783425;78,3351,0.916022
229,14313;2130,116238,0.973039;33,442,0.774365;45,847,0.914917;15,590,0.78232;18,768,0.916464
