6669,409060;7195,352225,0.997569;1885,70973,0.901436;2327,92626,0.973039;2588,64350,0.82232;3006,94441,0.946851
6752,411423;7197,352864,0.997238;1495,49793,0.887403;1941,72739,0.95558;2246,51931,0.808177;2649,79821,0.913923
6732,411689;7279,354139,0.998343;1680,55093,0.873481;2171,79277,0.961105;2397,52909,0.834033;2866,81760,0.917238
6823,411823;7378,356975,0.997459;1759,56822,0.88453;2247,82340,0.965193;2550,55048,0.82663;3015,84444,0.921105
6771,411780;7275,351266,0.998122;1650,55820,0.876575;2169,81263,0.969613;2508,55556,0.827735;2926,82749,0.93337
6845,411713;7256,350954,0.998453;1621,54463,0.869724;2106,80581,0.966077;2408,54955,0.835912;2976,85427,0.933812
6677,411821;7207,348501,0.998343;1733,56031,0.876354;2167,80238,0.965304;2439,54697,0.830718;2936,84253,0.930608
6721,411720;7140,344879,0.996796;1753,55838,0.873481;2123,79010,0.97105;2410,54286,0.825304;3046,86617,0.936464
6663,411124;7160,345804,0.998564;1668,51938,0.876464;2118,76340,0.958453;2366,52342,0.805083;2924,83041,0.933039
6622,409557;7030,339835,0.997348;1604,49035,0.85779;2031,71889,0.954144;2282,50688,0.819448;2737,79940,0.930608
6317,391171;7081,341361,0.996022;1164,34803,0.858785;1487,52669,0.945193;1701,37800,0.807624;1961,58320,0.904309
5218,300582;7035,339582,0.998453;628,16551,0.860773;756,25509,0.950829;797,18245,0.80895;1058,31001,0.905193
2343,136833;7035,338960,0.996685;264,4679,0.867293;319,8158,0.953039;238,5609,0.807293;320,9864,0.898343
