86,61075;128,39309,0.972571;73,18731,0.891429;94,25885,0.950286;111,19951,0.892571;107,22226,0.949714
84,57594;126,38248,0.980571;40,8338,0.850857;53,13345,0.944;54,9239,0.878857;43,12370,0.928
84,56993;126,37982,0.980571;27,7936,0.873714;35,12240,0.944;40,9454,0.864571;41,11534,0.924571
85,58184;125,37749,0.981714;29,8344,0.891429;37,13009,0.942857;41,9561,0.849143;41,11652,0.926857
83,56806;141,38191,0.979429;28,8083,0.910286;36,12359,0.939429;40,9355,0.834857;42,11678,0.910286
82,55940;136,37758,0.984;25,6899,0.877714;34,11574,0.948;39,9045,0.837714;40,11336,0.914286
85,58021;143,37057,0.981714;40,8105,0.893143;62,13115,0.957143;64,9864,0.873143;71,12564,0.92
97,56511;157,37507,0.994857;42,7463,0.883429;57,12004,0.946857;56,9013,0.891429;56,10780,0.913143
93,57248;134,37083,0.979429;43,8333,0.884;54,12245,0.962857;55,9165,0.913143;63,11407,0.904571
91,56056;134,36023,0.973143;41,6905,0.858857;57,11732,0.952571;57,8726,0.894857;59,10687,0.911429
90,56294;136,36609,0.974857;40,7673,0.9;54,11530,0.950286;53,8678,0.871429;55,10509,0.909714
91,56019;137,36409,0.982857;41,7477,0.901714;54,11122,0.932571;56,8779,0.861143;58,10346,0.917714
92,57196;122,36596,0.980571;42,7497,0.909143;55,11797,0.950857;54,8804,0.887429;61,11091,0.914857
85,57667;123,37036,0.983429;40,7585,0.899429;55,11953,0.956;57,9308,0.896;62,11237,0.924
84,56472;122,36456,0.981143;39,7359,0.92;56,11912,0.969143;56,8965,0.924;57,10525,0.942286
84,56840;124,36741,0.982286;41,7454,0.905714;57,11491,0.945714;57,8772,0.905143;58,10569,0.912
84,57398;121,36127,0.992;40,7542,0.896571;56,12563,0.951429;55,9189,0.906286;60,10977,0.914286
87,58255;123,36642,0.984;45,7877,0.911429;61,12293,0.964;60,9112,0.870857;58,11293,0.924
98,58108;124,36591,0.976;39,7494,0.883429;56,12308,0.961714;57,8827,0.882286;63,11195,0.918286
86,56923;123,36844,0.993714;42,7984,0.916;50,12546,0.971429;58,9261,0.902857;59,11120,0.911429
87,57293;121,36284,0.982857;45,7801,0.902286;60,12879,0.950286;51,9362,0.897714;59,10939,0.907429
88,57783;135,35424,0.982857;41,7377,0.899429;43,12105,0.954857;39,9021,0.893143;47,11122,0.931429
86,56923;135,36160,0.995429;34,6764,0.903429;49,11341,0.966857;51,8484,0.904571;55,10341,0.926857
85,56163;136,36125,0.984571;45,7519,0.906857;52,11058,0.961714;54,8638,0.881143;59,10686,0.928571
86,56997;136,36405,0.994286;41,7415,0.904;56,11863,0.966286;54,9042,0.882286;59,10944,0.910286
87,57256;135,35735,0.978857;44,7591,0.905143;54,11528,0.965143;55,8914,0.882286;60,10976,0.917714
86,56891;138,36418,0.978286;44,7917,0.924;55,12145,0.952;48,9088,0.895429;51,10638,0.913143
87,57350;136,36213,0.992571;39,7308,0.913714;57,12062,0.974286;49,8981,0.908571;52,9874,0.913714
85,56371;125,36679,0.995429;38,6894,0.917714;52,11335,0.966857;45,8605,0.909143;45,10057,0.92
88,57954;118,35214,0.989143;41,7433,0.920571;50,12100,0.977714;40,9012,0.925714;48,10444,0.932571
86,57108;123,36257,0.986286;40,7015,0.888571;43,11380,0.964;36,8574,0.879429;37,10168,0.928
85,56342;115,35929,0.985714;29,6816,0.886286;51,10843,0.950286;44,8292,0.896571;51,9313,0.928
84,55622;123,36153,0.981143;38,6991,0.901143;43,11020,0.971429;33,7979,0.877714;32,8882,0.927429
83,54852;124,36159,0.977143;25,6692,0.898286;34,10797,0.972;34,8123,0.893714;33,9071,0.944
85,56362;124,35959,0.974286;36,7391,0.924;35,11602,0.964;36,8605,0.904571;37,10312,0.94
87,57004;121,35377,0.981714;40,7293,0.924;54,11198,0.98;54,8442,0.893714;40,10329,0.925714
87,57260;125,36487,0.986857;29,7160,0.885714;34,11414,0.958857;36,8719,0.884571;37,10313,0.921714
86,56622;121,35761,0.988;42,6966,0.916571;53,11453,0.972571;53,8595,0.905714;51,9687,0.924571
87,57252;122,35631,0.988;28,7519,0.924571;37,12007,0.962857;36,8560,0.890857;38,10304,0.94
85,55940;124,35466,0.986286;23,6453,0.910857;32,9950,0.953714;32,7684,0.873714;34,9380,0.937143
88,57875;123,35770,0.991429;27,7176,0.906286;36,11358,0.949714;39,9251,0.908;36,9898,0.930286
85,56214;123,35787,0.989143;44,6638,0.922857;49,10491,0.971429;45,8059,0.872;41,9469,0.930857
85,55860;120,34806,0.989714;39,6766,0.910857;52,10734,0.973143;48,7877,0.865714;43,9194,0.936571
89,58921;123,35942,0.990286;43,7651,0.929714;57,11729,0.970286;56,9164,0.894857;46,10296,0.930857
85,55660;121,35796,0.989143;25,6535,0.9;32,10252,0.948;50,7807,0.887429;53,9732,0.923429
86,56456;119,35103,0.973143;39,6828,0.889143;51,10755,0.968;50,8043,0.904;51,9335,0.919429
87,57142;118,34308,0.987429;27,6751,0.933143;37,11233,0.966857;36,8583,0.933143;34,9244,0.905714
84,55285;134,35397,0.988;31,6525,0.920571;33,10137,0.965714;47,7650,0.917714;48,8884,0.937714
84,55539;122,35011,0.989143;39,6295,0.896571;51,9894,0.964571;46,7585,0.892571;46,8864,0.908571
84,55353;126,36000,0.996571;39,6737,0.920571;51,10338,0.967429;51,7946,0.886286;51,8850,0.933714
94,57574;121,34838,0.986286;41,6873,0.924571;53,10821,0.973714;51,8271,0.906857;55,9918,0.935429
96,58198;134,35660,0.986286;42,7117,0.910857;46,10810,0.950286;36,8931,0.910286;37,9832,0.926857
91,55872;132,35653,0.989143;36,6359,0.911429;50,10295,0.961714;49,7989,0.893143;50,9068,0.921143
93,56556;121,35178,0.992571;37,6411,0.936;48,10875,0.981143;52,8160,0.889714;44,9419,0.927429
93,56971;122,35209,0.997143;36,6798,0.920571;54,10930,0.973143;36,8591,0.884;37,10118,0.929714
85,56144;122,35776,0.988;26,6703,0.909143;34,11023,0.978857;32,7727,0.914857;34,9246,0.917143
86,56550;122,35939,0.996;26,6925,0.906286;53,10796,0.967429;52,8401,0.909714;36,9910,0.926286
87,57219;121,35522,0.993143;25,6592,0.936571;33,11002,0.978857;52,8314,0.913143;49,9372,0.925714
87,56665;121,35673,0.990857;40,7139,0.924571;51,10568,0.970286;53,8519,0.906286;53,9648,0.922857
87,56202;118,34936,0.992;36,6257,0.910286;49,10123,0.955429;50,7980,0.898286;50,8960,0.925143
90,57664;121,35397,0.986857;43,7073,0.92;55,11361,0.962286;48,8817,0.923429;57,10209,0.941143
91,56427;124,36112,0.992571;38,6457,0.928571;49,10290,0.956571;45,7937,0.918857;49,9372,0.936
91,55017;124,36232,0.988571;25,6183,0.916;30,9426,0.962857;39,7673,0.903429;49,9004,0.924
85,56338;119,34955,0.992;38,6503,0.917143;49,10174,0.970857;47,7601,0.904;44,8965,0.936
86,57279;120,35220,0.986286;38,6858,0.930857;51,10278,0.977143;50,8033,0.881143;53,9516,0.927429
84,55264;121,35036,0.983429;36,5985,0.930857;48,9935,0.973143;44,7210,0.882857;45,8554,0.926286
86,57536;121,35605,0.984571;36,6584,0.931429;50,10722,0.978286;50,8107,0.885143;52,9512,0.930857
86,56859;120,35231,0.987429;36,6367,0.931429;49,10103,0.973714;46,7661,0.892;46,8813,0.925143
87,58010;121,35245,0.984571;38,7048,0.918857;52,11178,0.981714;54,8576,0.905143;51,9673,0.935429
85,56330;118,34210,0.990286;37,6440,0.898286;47,9781,0.977143;45,7590,0.884571;49,8927,0.935429
85,56699;118,34922,0.996571;36,6204,0.924;46,10029,0.979429;46,7684,0.913714;48,8781,0.933143
98,56465;122,35401,0.997143;37,6484,0.894857;47,10090,0.983429;35,7598,0.890286;34,8934,0.912
86,56695;116,34041,0.997714;26,6584,0.906286;31,9709,0.968571;48,7734,0.890286;49,8777,0.892
87,57548;121,35066,0.998286;37,6331,0.914857;49,9546,0.953143;46,7465,0.881143;32,8738,0.899429
86,56987;122,35312,0.990857;24,6197,0.908571;31,9769,0.968;32,7807,0.899429;31,8720,0.908571
87,57080;121,35206,0.990857;34,6856,0.92;51,10515,0.961143;43,8169,0.894857;52,9492,0.925714
91,56338;121,34995,0.992;36,6304,0.933714;49,9810,0.980571;46,7588,0.920571;41,8892,0.924571
94,58051;121,35379,0.996;26,6229,0.906857;33,10384,0.981714;34,8122,0.901143;33,9114,0.895429
93,57128;124,35900,0.993143;24,6001,0.897714;31,9566,0.984;32,7527,0.892;32,8566,0.910286
91,56008;118,34819,0.992;33,5644,0.884571;46,9220,0.986286;44,7361,0.894857;46,8549,0.922857
89,54793;119,34175,0.989714;30,5242,0.928;33,8473,0.98;39,6566,0.880571;42,7782,0.930286
96,57056;119,34494,0.996;33,6225,0.914857;33,9869,0.985143;44,7811,0.904;50,8725,0.920571
100,56875;121,35163,0.990857;37,5934,0.901714;48,9383,0.961143;31,7469,0.904571;32,8843,0.922857
95,57702;129,33956,0.999429;27,6202,0.928;51,10061,0.983429;49,7756,0.922857;47,8560,0.928
97,57138;132,34798,0.991429;36,5982,0.930857;46,8979,0.965714;44,7337,0.917143;46,8392,0.924
94,57521;132,34897,0.993143;24,5894,0.928571;48,9677,0.976571;45,7505,0.906857;48,8751,0.913143
91,55833;131,34645,0.990857;31,5546,0.913714;46,8493,0.966286;42,6971,0.909714;45,8113,0.936571
89,55008;119,33727,0.987429;23,5583,0.932;28,8278,0.954286;26,6484,0.886286;27,7477,0.923429
94,57098;123,35655,0.990286;36,5688,0.924571;50,9568,0.976571;42,6975,0.882857;45,8170,0.929143
92,56496;120,34927,0.994857;37,5962,0.912571;48,9341,0.975429;45,7415,0.878857;46,8027,0.882857
91,56019;131,34481,0.989143;32,5400,0.890286;38,8482,0.957714;41,6929,0.874857;45,8396,0.909714
86,57289;136,35611,0.989714;28,5948,0.900571;44,8953,0.930286;40,6719,0.822286;32,8496,0.92
85,56765;132,34661,0.996;33,5736,0.889714;46,9196,0.957143;44,7280,0.836571;49,8812,0.912571
87,57304;137,35786,0.997143;36,6029,0.933714;52,9708,0.953714;40,7416,0.840571;31,8650,0.914857
82,54671;140,34515,0.996;33,5499,0.896;43,8439,0.961714;42,6821,0.873143;42,7630,0.92
84,55135;133,34896,0.998286;36,5676,0.917714;37,8372,0.945714;28,6996,0.848;30,7985,0.917714
83,55513;135,35883,0.992571;33,5509,0.929143;45,8961,0.957714;47,7341,0.893714;44,8149,0.9
85,57272;133,35323,0.986857;23,5820,0.938286;50,9692,0.967429;47,7730,0.901143;47,8706,0.908571
90,57124;133,34943,0.996571;37,5875,0.919429;51,9988,0.976571;46,7721,0.869143;33,8995,0.906857
85,56509;133,35203,0.992571;34,6215,0.920571;31,9610,0.976;32,7896,0.901714;29,8172,0.911429
85,56800;140,34486,1;24,5933,0.916;29,9144,0.988;30,7307,0.907429;30,8223,0.914857
85,57043;134,34699,0.992571;23,5996,0.925714;30,9325,0.988;29,7273,0.907429;30,8331,0.922286
86,58036;134,35467,0.987429;24,6103,0.920571;32,9622,0.969143;31,7841,0.922857;33,9174,0.921143
87,58715;132,34972,0.992571;37,6223,0.940571;49,9684,0.966286;50,7981,0.914286;50,9173,0.921143
84,56528;134,35282,0.993714;37,5814,0.880571;45,9261,0.956;47,7665,0.916571;47,8810,0.924
86,58147;135,35862,0.998286;35,6130,0.916;47,9737,0.974286;32,7828,0.916;33,9126,0.915429
84,56406;132,34631,0.992;23,5720,0.921714;30,9388,0.988;40,7423,0.917714;32,8187,0.908
82,55260;120,34909,0.993143;23,5751,0.909143;29,8973,0.982286;29,7389,0.922286;30,8346,0.925714
81,54467;122,35453,0.990857;33,5496,0.92;43,8343,0.969714;40,6823,0.907429;41,7694,0.902857
84,56514;123,35504,0.986857;36,5940,0.901714;46,9793,0.976;44,7384,0.869143;32,8863,0.910857
84,56580;120,34736,0.994857;22,5748,0.881143;30,9671,0.974857;31,7577,0.874286;32,8823,0.921143
86,57995;119,34867,0.998286;23,5871,0.892;50,9961,0.980571;49,7874,0.869143;50,8703,0.912
84,56786;121,35315,0.992;38,5795,0.916;48,9408,0.977143;44,7663,0.884;36,8249,0.929714
94,57766;122,35271,0.991429;24,6408,0.939429;32,9886,0.966286;32,7944,0.893143;34,9472,0.925143
92,56337;123,35772,0.999429;25,5874,0.948571;31,9425,0.977143;28,7040,0.871429;45,8401,0.924571
89,54726;125,35081,0.992571;24,5882,0.930857;45,9354,0.970857;36,7259,0.871429;30,8367,0.926857
93,56778;118,34913,0.990857;23,5802,0.889714;32,9560,0.964571;30,7405,0.884;43,8566,0.914286
95,57608;119,34729,0.995429;37,6156,0.903429;47,9507,0.973714;47,7887,0.916;42,8916,0.92
84,56892;117,34644,0.986286;23,6105,0.921143;30,9335,0.972;29,7109,0.876571;31,8560,0.910286
83,56014;117,34318,0.999429;23,5827,0.932;29,8676,0.969143;29,7221,0.878286;30,8285,0.916
85,57664;117,34196,0.988571;36,6220,0.917143;51,10450,0.975429;39,7931,0.888571;33,9051,0.926286
86,57828;121,35300,0.992;23,5757,0.934857;29,9006,0.969714;29,7116,0.892;30,8317,0.924571
83,56432;121,35569,0.994286;22,5432,0.924;29,8475,0.950857;29,7311,0.898857;30,8201,0.916571
86,57097;117,34108,0.996571;23,5814,0.910857;31,9352,0.961143;29,7410,0.912571;31,8671,0.916571
85,56703;120,35002,0.985143;24,6074,0.934286;30,9082,0.954286;29,7367,0.898857;30,8452,0.906857
85,56246;120,34900,0.992571;24,5670,0.904571;31,9192,0.942286;30,7431,0.880571;30,8110,0.911429
86,56975;119,34511,0.985143;25,6141,0.929714;30,8992,0.952571;31,7547,0.872571;33,8779,0.922286
85,56274;121,34845,0.991429;27,6497,0.935429;32,10196,0.964571;34,7883,0.910286;34,8988,0.927429
87,58006;132,34929,0.997714;25,6353,0.944571;32,9833,0.988571;33,7965,0.893143;33,8891,0.922286
86,57187;130,34972,0.993714;25,6140,0.936;31,9678,0.989143;31,7680,0.898857;32,8773,0.914286
86,56851;133,34669,0.992571;24,6086,0.918857;35,9669,0.984571;30,7517,0.892;31,8464,0.915429
84,55654;131,34447,0.997143;24,5863,0.908;45,9045,0.978857;42,7053,0.931429;44,7961,0.937143
84,55915;131,34595,0.996;34,5721,0.886286;39,9165,0.959429;35,7132,0.922286;29,8001,0.929143
86,57230;132,35041,0.996;24,6137,0.926286;31,9644,0.968;32,8008,0.938857;31,8790,0.929143
84,56115;129,34162,0.988571;22,5757,0.902286;29,8878,0.973143;30,7376,0.934286;30,8344,0.922857
85,56151;120,34213,0.990857;38,6108,0.918286;48,9907,0.981714;45,7419,0.909143;49,8868,0.934286
87,57946;120,34940,0.993143;38,6406,0.905143;50,10599,0.986286;32,8023,0.901714;34,9560,0.911429
85,56792;119,34864,0.990286;38,6196,0.935429;47,9674,0.994286;48,7825,0.916571;51,9111,0.930286
87,57675;119,34627,0.999429;31,6153,0.926857;49,9941,0.984571;42,7744,0.928571;33,8541,0.927429
87,58284;119,34121,0.996571;29,6564,0.934857;54,10129,0.977714;46,7949,0.912571;46,8946,0.928571
94,56941;120,34434,0.993143;36,5997,0.933714;50,9456,0.982286;42,7804,0.918857;34,8588,0.929714
89,57574;120,34687,0.995429;27,6655,0.936571;36,10457,0.980571;49,7876,0.932;33,8786,0.923429
87,56552;138,35686,0.990857;26,6108,0.931429;33,9665,0.989143;33,7790,0.931429;49,9079,0.932
85,55423;133,34785,0.993714;38,6157,0.932;49,9148,0.982857;34,7277,0.912;31,8179,0.909714
88,57429;132,34080,0.993714;38,5751,0.922857;49,9457,0.984;47,7357,0.905143;49,8428,0.92
85,55132;131,34144,0.996;38,5814,0.929143;48,8929,0.980571;44,7059,0.908;29,7717,0.919429
88,57395;134,34986,0.994286;24,5887,0.931429;32,9165,0.963429;33,7426,0.901714;32,7935,0.899429
88,57220;134,34786,0.990286;39,6412,0.956;52,9731,0.978286;53,7845,0.916571;46,8530,0.892
88,57445;129,33486,0.998286;44,5923,0.922286;34,9709,0.982857;33,7601,0.88;32,8191,0.913143
84,54951;129,34735,0.997714;25,5193,0.876571;29,8234,0.962857;30,6975,0.916;30,7682,0.924
87,56899;118,33786,0.990857;34,5830,0.929714;50,9431,0.978286;44,6952,0.908571;59,7998,0.937714
88,57459;118,34166,0.996571;28,6125,0.938286;42,9881,0.964;48,7569,0.902857;47,8664,0.931429
83,55229;122,34433,0.998286;37,5820,0.926286;45,8733,0.962286;46,7613,0.906857;47,8551,0.937143
87,56952;120,34282,0.983429;38,6067,0.956;49,9531,0.965714;47,7700,0.933143;30,8194,0.933714
85,56116;119,33933,0.988;23,5826,0.933143;31,9165,0.973714;30,7225,0.918286;30,8032,0.927429
87,57768;132,34319,0.994286;33,6096,0.921143;49,9516,0.974286;45,8008,0.929143;49,8766,0.925143
86,56420;131,34100,0.981714;34,5730,0.921143;45,8803,0.981143;44,7308,0.901714;30,8067,0.920571
84,55728;129,33661,0.984571;23,5565,0.917143;30,8734,0.970286;29,7034,0.910286;27,7483,0.918286
85,56209;129,34188,0.997143;33,5844,0.936;30,9081,0.984;43,7204,0.927429;45,8061,0.913714
85,56148;120,33959,0.998857;36,5708,0.930857;45,9003,0.975429;43,7225,0.929143;44,7829,0.940571
86,56518;117,33768,0.992571;36,6024,0.946286;46,9234,0.988571;44,7378,0.928571;45,8061,0.935429
81,53330;121,34470,0.997714;34,5512,0.926857;43,8696,0.974286;38,6298,0.924;39,6952,0.919429
97,56668;119,34240,0.998857;36,6115,0.958286;46,8940,0.989714;46,7634,0.926286;46,8068,0.912571
84,56713;131,33933,0.992571;25,5835,0.946857;50,9225,0.968;44,7425,0.917143;43,7806,0.936571
82,55434;129,33728,0.999429;34,5615,0.944571;46,8963,0.985143;42,6887,0.915429;41,7477,0.937714
84,56214;135,34205,1;36,5906,0.941714;49,9118,0.977143;44,7202,0.885143;44,7929,0.926857
93,57954;135,34923,0.991429;37,6057,0.909143;49,9961,0.984;48,7835,0.913714;47,8695,0.945714
86,57541;130,33866,0.997143;38,6199,0.918286;50,9725,0.981714;49,7864,0.921714;49,8385,0.917143
89,55744;131,33985,0.989714;33,5757,0.935429;47,9162,0.965714;45,7512,0.925714;44,7927,0.94
86,57472;132,34238,0.991429;35,5911,0.901714;51,9765,0.957714;47,7796,0.908571;44,7963,0.908571
84,56515;134,34879,0.997143;37,6152,0.937143;36,9755,0.973714;46,7686,0.932;43,7851,0.927429
85,56199;132,33986,0.986857;33,5421,0.901714;44,8621,0.980571;41,7024,0.925143;41,7521,0.912
86,57147;128,33445,0.997714;35,5907,0.930286;47,9181,0.976;44,7395,0.926286;43,7745,0.938857
84,54170;130,33540,0.993714;31,5420,0.929714;29,8614,0.977143;27,6674,0.889714;27,7181,0.928
87,56827;130,34136,0.994286;23,5689,0.902286;32,9314,0.972571;30,7369,0.885714;30,8092,0.92
85,55474;148,34484,0.994857;25,5842,0.933143;44,8880,0.98;44,7504,0.92;44,8070,0.925143
85,55566;149,34973,0.993143;24,5934,0.915429;32,9366,0.965714;45,7364,0.920571;43,8110,0.941143
87,56776;126,33637,0.989714;37,5709,0.913714;47,9241,0.956;46,7451,0.925714;44,7915,0.926286
89,57910;123,34740,0.994286;29,5678,0.904571;34,10205,0.979429;31,7771,0.923429;48,8475,0.912
86,56517;117,33560,0.997714;23,5621,0.894286;30,9399,0.981714;29,7542,0.908571;28,7869,0.933143
92,56062;121,34505,0.993143;24,5805,0.888571;31,9537,0.984571;29,7451,0.909714;30,8334,0.931429
93,56250;120,34052,0.992571;33,6039,0.937143;33,9160,0.974286;30,7664,0.92;29,8115,0.930286
98,57299;125,34545,0.999429;23,6130,0.933143;31,9957,0.982857;30,7483,0.889714;32,8664,0.929143
95,57905;127,33364,0.993714;25,6205,0.924571;30,9906,0.981714;34,7832,0.888;45,8327,0.905714
94,57296;131,33874,0.994286;24,5978,0.946857;29,8956,0.962286;28,7246,0.878286;30,8152,0.911429
95,57632;128,34919,0.996571;25,5902,0.914857;35,9912,0.969143;35,8137,0.896;36,8415,0.913143
86,57280;119,34188,0.992;37,6147,0.925143;44,9394,0.966857;36,7403,0.926857;26,7628,0.925714
86,57965;134,35088,0.987429;32,6278,0.917714;40,9367,0.947429;33,7791,0.933143;33,8631,0.925143
86,57146;142,34474,0.994286;34,5944,0.922286;54,9694,0.976571;44,7537,0.905714;48,8946,0.925714
86,57309;121,33836,0.998286;31,5950,0.935429;38,9541,0.973143;47,7769,0.905143;47,8679,0.932
85,57066;120,34343,0.999429;36,5807,0.921143;47,9430,0.986857;45,7149,0.912571;47,8066,0.932571
83,55046;125,35018,0.989143;36,5614,0.887429;45,8267,0.955429;47,7363,0.899429;45,7727,0.908571
86,57269;119,33933,0.988571;40,6048,0.901714;52,9824,0.988571;50,7640,0.904571;51,8562,0.926857
92,55117;118,33558,0.986286;38,5832,0.930286;46,8566,0.984;42,6703,0.887429;45,7649,0.939429
95,58045;118,33744,0.996;41,6126,0.916571;51,9413,0.958857;53,8211,0.898857;47,8529,0.912
93,56214;121,34685,0.994857;33,5731,0.927429;43,8657,0.951429;47,7147,0.901143;48,8060,0.915429
93,56314;120,34209,0.999429;38,5793,0.926286;53,9501,0.988;48,7429,0.887429;43,8309,0.908571
98,56522;117,34040,0.984;35,5835,0.932;43,8781,0.970857;37,7231,0.901143;39,8228,0.921143
87,58004;118,34149,0.993143;36,6206,0.932;48,9431,0.962286;49,7927,0.898857;49,8819,0.928
86,57143;118,34183,0.996571;35,5868,0.925143;41,8925,0.962286;29,7291,0.888571;28,7647,0.924571
86,56536;119,34611,0.993714;34,5807,0.924571;44,9390,0.96;41,7356,0.898857;41,8048,0.929143
91,56925;119,34431,0.994286;32,5640,0.924;40,8381,0.950857;35,7237,0.896;36,7896,0.906857
93,56295;133,34706,0.985143;32,5786,0.903429;41,8681,0.939429;39,6974,0.890286;27,7679,0.910857
89,54584;135,33777,0.993714;23,5682,0.927429;28,8486,0.965714;27,6965,0.904;28,7677,0.918286
94,56909;134,34873,1;23,5897,0.908571;46,9309,0.974286;44,7354,0.896571;46,8569,0.917143
92,55838;132,34703,0.996;33,5636,0.907429;45,9102,0.974857;43,7083,0.895429;44,7964,0.922286
96,57783;130,34083,0.990286;32,5999,0.922286;43,9393,0.964;29,7335,0.896;45,8387,0.916
95,57299;132,34868,0.990286;33,5611,0.893143;45,9104,0.970286;40,6780,0.88;43,7749,0.893143
85,56524;147,34711,0.994286;34,5831,0.926857;45,9023,0.966857;46,7513,0.897143;47,8495,0.914286
86,57620;133,34594,0.986857;34,5976,0.937714;42,9238,0.973143;38,7418,0.885714;31,7889,0.884571
87,57289;131,34224,0.993714;33,5722,0.902857;44,9088,0.984;43,7765,0.914857;44,8600,0.916
92,56123;130,34090,0.998857;31,5649,0.910857;41,8657,0.973143;40,7222,0.913143;39,7793,0.929714
95,57298;129,33422,0.991429;31,5675,0.913714;43,8906,0.974286;41,7349,0.888;45,8611,0.916571
96,57881;131,34275,0.993714;25,6208,0.908571;31,9426,0.974286;31,7634,0.884571;32,9031,0.94
91,56323;132,34290,0.997143;24,5492,0.891429;29,8709,0.959429;29,7169,0.869143;30,8323,0.92
86,56703;132,33652,0.991429;25,5947,0.938857;46,9399,0.965714;43,7464,0.895429;42,7908,0.926857
89,56876;133,34707,0.999429;35,5893,0.929143;45,8884,0.973143;42,7278,0.917714;43,7961,0.917143
90,57945;135,34744,0.992571;36,6025,0.937714;47,9449,0.966857;43,7407,0.878286;35,8724,0.896
83,53317;133,33829,0.994857;34,5328,0.936;44,8191,0.955429;41,6720,0.911429;40,7394,0.927429
89,57330;134,33191,0.998857;34,5322,0.903429;47,8921,0.988571;40,6534,0.906857;42,7623,0.928
86,55521;131,33652,0.989143;32,5470,0.913143;43,8333,0.964571;40,6654,0.898857;40,7100,0.900571
89,58067;136,34911,0.991429;33,5587,0.884;49,9225,0.977143;44,7318,0.872571;46,8405,0.924571
85,55120;140,34425,0.987429;33,5483,0.892571;42,8367,0.958286;40,6748,0.898286;41,7446,0.912
89,57687;133,34343,0.993714;35,6027,0.928;45,9604,0.974857;43,7346,0.863429;45,8404,0.900571
88,57200;133,34504,0.994286;36,5804,0.938286;45,8997,0.978857;43,7221,0.904571;31,8364,0.914286
94,56301;135,34704,0.982857;23,5528,0.925143;30,8992,0.978286;28,6982,0.886286;40,7822,0.925714
97,57016;134,34169,0.995429;31,5507,0.940571;40,8499,0.975429;43,7532,0.917143;42,8009,0.913143
97,58240;142,33962,0.991429;34,5849,0.921714;46,9240,0.976571;45,7679,0.910286;44,8417,0.909143
97,57536;128,33501,0.996571;33,5832,0.915429;44,8805,0.972571;41,7321,0.925143;41,8056,0.918857
103,57218;129,33823,0.997143;34,5814,0.930857;41,8659,0.983429;35,6958,0.892571;38,7749,0.895429
104,55168;132,34828,0.999429;33,5124,0.902857;41,8431,0.968571;38,6656,0.890286;38,7433,0.894857
96,57767;134,34732,0.996;33,5858,0.929143;43,9251,0.965714;42,6987,0.886286;44,8061,0.896
93,56137;129,33706,0.998286;32,5324,0.914857;37,8359,0.939429;39,6713,0.881714;43,7662,0.905143
92,57161;131,34255,0.996571;35,5472,0.902286;45,8936,0.961143;44,7090,0.885714;47,8053,0.916571
87,56328;129,34131,0.983429;25,5366,0.917143;28,8405,0.974286;26,6519,0.908571;27,7502,0.923429
88,57074;131,34083,0.995429;33,5427,0.92;44,8354,0.946857;41,6703,0.868;45,8141,0.905143
89,57849;129,34141,0.991429;35,5625,0.925143;47,8762,0.952;43,6821,0.879429;44,7771,0.915429
95,58487;132,35057,0.994286;35,6003,0.933143;49,9453,0.976571;45,7429,0.904;46,8336,0.904
86,55830;130,34291,0.996;33,5291,0.924;42,8226,0.977143;38,6407,0.894286;39,7199,0.914857
88,57472;134,34302,0.990857;34,5784,0.936;46,9088,0.970857;43,7268,0.908;44,8049,0.934857
91,55295;135,34179,0.993143;21,5208,0.930857;27,8491,0.954286;25,6488,0.890286;26,7236,0.928571
90,54785;133,34131,0.988571;21,4986,0.929714;26,7828,0.975429;26,6680,0.893714;26,7288,0.932
95,57602;132,33879,0.996571;23,5795,0.926857;45,9108,0.977143;45,7544,0.902857;46,8586,0.928
90,54670;135,33977,0.998857;32,5151,0.922857;41,8081,0.982857;36,6512,0.897714;40,7235,0.926286
95,57531;133,34495,0.993143;33,5784,0.929714;47,9208,0.986857;46,7425,0.879429;46,8190,0.919429
90,55493;131,34140,0.986286;32,5336,0.892571;45,8527,0.946286;43,7051,0.897143;43,7861,0.908
91,55308;132,34003,0.994286;32,5324,0.924571;41,8035,0.944;30,6684,0.894857;42,7431,0.903429
93,56966;127,33295,0.997714;33,5575,0.919429;45,8890,0.958857;42,6891,0.875429;42,7562,0.887429
91,56403;130,34519,0.985714;33,5411,0.912571;43,8660,0.969714;44,7231,0.870857;39,7541,0.893714
82,55442;112,34348,0.993143;32,5506,0.922286;39,8050,0.961714;38,6642,0.905714;41,7447,0.906857
84,56603;135,34262,0.998857;33,5771,0.921714;44,8763,0.967429;43,6990,0.906857;45,8082,0.913143
86,56892;135,34417,0.995429;37,5961,0.943429;46,9074,0.981714;44,7061,0.909143;45,8043,0.928
81,53800;134,34210,0.986857;34,5362,0.917143;43,8106,0.972;37,6185,0.895429;38,6946,0.920571
86,57677;134,34376,0.994857;35,5961,0.915429;51,9543,0.976;45,7531,0.897143;50,8569,0.924571
92,56276;137,34337,0.990286;34,5608,0.918857;43,8555,0.961714;42,6950,0.886286;42,7712,0.917143
92,55550;131,33487,0.992;33,5500,0.905143;43,8179,0.961714;41,6833,0.881143;40,7503,0.909143
94,57229;132,33756,0.993143;36,5628,0.908;44,8581,0.957143;44,7365,0.897714;43,7951,0.906286
92,56068;130,33631,1;35,5608,0.908;43,8438,0.964;43,7083,0.902286;43,7872,0.903429
91,55528;131,33628,0.992571;33,5173,0.896;43,8122,0.964;40,6622,0.888571;41,7453,0.913143
93,56331;135,34531,0.990857;33,5436,0.909714;44,8429,0.965143;44,7386,0.919429;46,7836,0.913143
93,56044;131,33808,0.990286;37,5688,0.904571;49,8884,0.945714;46,7280,0.902857;45,8210,0.92
93,55955;114,33952,0.997143;32,5419,0.892571;44,8693,0.969143;34,6671,0.908;37,7483,0.921714
85,56707;131,33479,0.994857;35,5953,0.939429;45,8949,0.977143;43,7133,0.893714;45,8088,0.913714
87,57757;134,34054,0.994857;36,5621,0.934286;47,9209,0.981143;29,7453,0.914857;44,8057,0.905714
85,56491;143,33497,0.985714;35,5811,0.959429;44,8347,0.976571;44,7153,0.923429;30,7543,0.909714
83,54599;134,34413,0.997714;22,5238,0.933714;28,8384,0.973714;26,6569,0.902286;27,7720,0.929143
87,58054;133,33893,0.996571;25,6149,0.943429;31,9461,0.974857;31,7680,0.9;29,7811,0.902857
86,56687;131,33846,0.992571;24,5781,0.926286;30,8987,0.969143;28,7029,0.894286;27,7487,0.917714
85,55015;129,33446,0.988571;21,5213,0.926857;28,8098,0.961143;26,6617,0.890286;26,6915,0.92
87,57112;133,34379,0.998286;23,5644,0.939429;30,9365,0.963429;29,7164,0.915429;29,7816,0.930286
88,56712;134,34212,0.987429;25,5963,0.942857;35,9147,0.981714;43,7237,0.926286;45,8066,0.924
87,57281;133,34039,0.981714;38,5926,0.939429;30,9156,0.970857;30,7478,0.918857;45,8180,0.937143
89,57371;134,34084,0.994286;24,5637,0.916571;32,9408,0.973143;29,7301,0.888571;29,8074,0.925143
85,55944;122,33896,0.996571;25,5820,0.942857;29,8435,0.976;28,6808,0.912;28,7676,0.916571
86,56298;131,33389,0.990286;23,5633,0.922857;29,9010,0.950857;29,7198,0.893143;28,7780,0.905143
86,57102;132,34297,0.994857;22,5202,0.899429;29,8402,0.968571;29,7020,0.886286;28,7642,0.898857
87,57969;132,33969,0.984571;35,5611,0.926286;46,9008,0.962857;45,7193,0.882857;44,7813,0.912
85,56988;134,34857,0.998857;35,6052,0.924;47,9536,0.979429;42,6966,0.882857;46,8053,0.924
84,56388;129,33351,0.998286;26,5506,0.910286;43,8319,0.967429;44,7091,0.879429;43,7669,0.927429
86,57029;131,33555,0.998857;35,5746,0.923429;47,8969,0.98;29,6978,0.879429;30,8163,0.916
85,56339;133,34381,0.984;34,5799,0.934286;42,9000,0.969143;40,6666,0.854857;43,7906,0.917714
86,57272;131,33781,0.990857;37,5854,0.953143;45,8626,0.978286;44,7289,0.869714;37,7920,0.932571
88,57904;131,34080,0.988571;32,5327,0.931429;46,8867,0.963429;47,7600,0.910857;46,8026,0.926857
86,57534;131,33952,0.995429;34,6030,0.927429;44,9160,0.964;43,7325,0.912571;43,7991,0.92
86,56671;126,32971,0.993143;31,5178,0.9;39,8446,0.956571;41,6688,0.888571;42,7520,0.910857
86,57370;130,33784,0.991429;35,5661,0.915429;31,8525,0.961143;27,6963,0.912;28,7733,0.927429
89,56959;139,33913,0.992;23,5375,0.898286;29,8635,0.973714;28,6958,0.907429;36,7790,0.916571
86,56491;132,33743,0.990857;31,5481,0.924;43,8878,0.982857;34,6957,0.896;39,7495,0.897143
86,55420;130,33407,0.998857;34,5682,0.940571;42,8694,0.978286;40,6829,0.86;43,8053,0.925714
84,55649;131,33567,0.994857;30,5352,0.925714;42,8490,0.978857;39,6840,0.870857;31,7369,0.914857
84,55746;135,33917,0.982857;31,4955,0.905143;41,8154,0.986286;35,6177,0.889143;38,6823,0.925143
83,55260;132,34118,0.991429;35,5671,0.929714;43,8385,0.978286;41,6839,0.897714;40,7289,0.914857
87,57745;133,34031,1;36,5609,0.934286;44,8749,0.965143;44,7427,0.916;43,7815,0.913143
85,55953;134,34328,0.997143;32,5254,0.922857;45,8619,0.974286;42,7064,0.889714;39,7395,0.892571
88,58119;132,33591,0.991429;30,5284,0.925143;43,8877,0.982857;51,7243,0.892571;42,7700,0.877143
86,56618;134,34136,0.993714;33,5390,0.928;42,8118,0.974286;37,6227,0.894857;39,7011,0.893714
85,56860;134,34224,0.992;34,5323,0.918857;44,8320,0.973143;42,6815,0.898286;41,7406,0.913143
83,55555;137,33977,0.995429;32,5359,0.914857;44,8323,0.974857;39,6601,0.904;30,7632,0.921714
88,58788;137,33915,0.986857;35,5768,0.92;47,9065,0.976;47,7796,0.906857;47,8390,0.913143
83,55752;132,33966,0.996;32,5263,0.928;44,8091,0.965143;41,6841,0.906286;42,7735,0.908
85,56027;128,33089,0.996571;31,5153,0.918286;42,7966,0.975429;37,6216,0.907429;40,7395,0.924571
87,57447;130,33595,0.987429;35,5758,0.897714;48,9294,0.98;43,6994,0.886286;40,7572,0.905714
86,57132;133,33796,0.989143;31,5608,0.896571;44,9115,0.968571;45,7479,0.896571;46,8320,0.895429
84,55890;131,33967,0.997714;36,5666,0.912571;43,8275,0.968571;40,6534,0.896;40,7168,0.908
88,58290;139,34145,0.992571;33,5937,0.934857;46,8847,0.965714;46,7614,0.908;48,8696,0.925714
85,56502;143,33756,0.990286;35,5346,0.924;29,7541,0.939429;40,6607,0.909143;35,7300,0.930857
86,57123;131,33685,0.994286;37,5768,0.929714;46,8654,0.959429;43,7075,0.892571;44,7944,0.927429
85,56134;131,34398,0.990286;35,5572,0.937714;44,8535,0.955429;44,7265,0.908;43,7842,0.92
83,55915;144,34006,0.999429;32,5281,0.931429;42,8262,0.976571;38,6463,0.902857;41,7422,0.922286
87,57184;132,34282,0.994286;33,5393,0.913143;46,8621,0.968571;49,7195,0.910857;51,8223,0.926286
88,57831;132,33830,0.992;33,5553,0.930857;46,8777,0.982857;43,7251,0.909143;43,7819,0.919429
88,58553;134,34613,0.999429;36,5983,0.938857;48,9404,0.984571;46,7787,0.910286;48,8514,0.924571
86,56841;132,34010,0.999429;32,5431,0.920571;45,8706,0.970286;42,6942,0.909143;43,7888,0.92
86,56638;129,33442,0.996571;36,5672,0.935429;47,8795,0.965714;48,7343,0.9;46,7716,0.9
84,55188;131,33469,1;35,5284,0.928;42,8153,0.950857;39,6633,0.913143;42,7765,0.932
85,56970;133,33490,0.990286;34,5627,0.914857;44,8788,0.973714;42,7099,0.890286;44,8006,0.921714
87,57258;131,33472,0.990857;36,5490,0.920571;45,8586,0.972571;43,7124,0.917143;43,7519,0.922857
84,55537;132,33816,0.998286;32,5274,0.898286;46,8429,0.954286;42,6943,0.916;41,7417,0.910286
84,55369;131,33732,0.973143;35,5277,0.894286;44,8172,0.949714;41,6619,0.915429;41,7155,0.922286
86,56880;133,33944,0.990286;33,5389,0.882857;45,8634,0.944;41,7102,0.869714;39,7592,0.913714
86,56981;131,34058,0.998286;23,5877,0.922286;29,8938,0.977143;29,7206,0.892;42,7868,0.892571
85,56085;131,33891,0.993143;34,5496,0.905143;44,8858,0.978857;43,7164,0.890286;44,8009,0.891429
87,57465;134,34093,0.979429;35,5876,0.928;48,9287,0.970857;44,7302,0.904;47,8476,0.929143
85,55875;135,34468,0.996571;32,5395,0.915429;45,8481,0.956;41,6659,0.893714;42,7644,0.920571
86,56268;133,33612,0.989714;34,5597,0.908571;44,8339,0.963429;43,6996,0.896571;45,7972,0.914857
84,55539;129,33570,0.992571;34,5374,0.892;43,8300,0.952;42,6932,0.913714;45,8077,0.916571
83,55416;132,33905,0.998286;35,5243,0.929714;37,7838,0.949714;35,6823,0.892;42,7451,0.909714
82,54683;128,32939,0.997714;33,5234,0.922286;40,7946,0.961143;40,6638,0.905714;40,7251,0.906857
85,56482;135,34311,0.998286;33,5223,0.929143;44,8345,0.974857;42,6729,0.902857;42,7541,0.908571
87,58292;132,33572,0.991429;36,5704,0.901714;47,9101,0.966857;45,7423,0.866286;45,8035,0.917714
104,55538;133,33530,0.998857;32,5181,0.915429;46,8316,0.966857;41,6663,0.896571;40,7188,0.906286
93,56138;131,34150,0.983429;29,5375,0.9;29,8595,0.956;28,6907,0.884;28,7592,0.908
96,57169;131,34025,0.985714;21,4984,0.901143;27,8162,0.952;27,6724,0.882286;28,7703,0.917714
92,55854;132,34115,1;21,5176,0.884571;27,8162,0.936;27,6835,0.896;27,7510,0.926286
93,56003;151,34090,0.998857;23,5345,0.905143;28,8325,0.937143;27,6701,0.888;28,7673,0.912
86,57634;132,34280,0.995429;24,6174,0.928571;30,9103,0.950857;30,7524,0.862286;30,8329,0.925143
85,56496;147,33303,0.997143;23,5520,0.923429;29,8378,0.962286;29,7190,0.917714;45,8086,0.926857
86,56871;133,34234,0.990286;34,5778,0.933143;45,8673,0.944;45,7641,0.915429;45,8258,0.929143
88,55645;128,33858,0.997714;30,5065,0.910286;43,8301,0.969714;38,6478,0.908;39,7372,0.919429
84,55882;133,34627,0.990857;31,5344,0.912;42,8212,0.967429;41,6661,0.902286;40,7489,0.897714
86,57030;129,33862,0.990857;36,5760,0.921143;43,8674,0.969714;41,6822,0.881143;44,8075,0.922286
87,57222;133,33978,0.994857;36,5976,0.935429;43,8927,0.978286;44,7340,0.922857;45,8085,0.915429
96,56548;132,33385,0.997143;24,5886,0.940571;31,9035,0.966857;31,7331,0.908;32,8257,0.930286
95,56536;134,34180,0.991429;23,5637,0.924571;29,8572,0.941143;28,6976,0.894286;28,7765,0.910857
96,56791;132,33969,0.997714;23,5459,0.894286;31,9302,0.978286;29,7170,0.9;39,8189,0.914286
96,57001;133,34528,0.998857;31,5519,0.907429;43,8659,0.977143;42,7124,0.906286;44,7825,0.897143
96,57224;136,34426,0.995429;37,5846,0.940571;49,9209,0.978286;48,7488,0.918857;49,8507,0.924
84,55555;136,34913,0.995429;32,5038,0.907429;45,8065,0.962857;43,6808,0.916;42,7624,0.922857
86,56560;143,34407,0.999429;33,5345,0.922857;45,8634,0.969714;41,6838,0.894286;41,7629,0.907429
84,55916;132,34342,0.997143;32,5175,0.928571;41,8040,0.968;44,6639,0.883429;41,7246,0.902286
91,57848;130,33467,0.990857;34,5756,0.901714;47,9039,0.974857;47,7688,0.904571;48,8543,0.917143
97,57517;129,33569,0.990857;35,5673,0.929714;37,8819,0.976;35,7477,0.916571;43,8469,0.919429
95,56506;131,33846,0.995429;34,5341,0.925143;45,8726,0.986286;41,6952,0.919429;42,7830,0.917714
94,56198;130,34037,0.996;32,5454,0.946286;41,8580,0.977714;39,6907,0.912571;40,7755,0.917714
98,58209;133,34040,0.991429;33,5665,0.948571;46,8660,0.976571;45,7461,0.912;55,8414,0.910857
92,55840;129,33685,0.991429;23,5320,0.925714;29,8389,0.958857;27,6714,0.904;41,7429,0.921714
94,56190;128,33471,0.996571;32,5361,0.92;45,8767,0.958857;39,7019,0.896571;44,8006,0.910857
96,57404;125,35061,0.986857;36,6058,0.942857;48,9378,0.968571;46,7316,0.896571;45,8118,0.907429
98,58444;121,33892,0.987429;39,5944,0.943429;47,9113,0.984;47,7318,0.909143;48,8281,0.918857
97,58208;119,33643,0.998286;37,5916,0.926286;51,9526,0.965714;48,7520,0.905143;50,8579,0.925143
97,57276;121,34413,0.993714;32,5665,0.911429;41,8701,0.966857;37,6644,0.870857;41,7954,0.928
92,54700;118,33607,0.998286;28,5003,0.893714;38,7617,0.953143;39,6665,0.909143;38,7264,0.913143
84,55452;131,33678,0.989143;30,4844,0.880571;41,7965,0.957143;38,6301,0.905143;41,7233,0.904571
87,56773;130,33525,0.994857;37,5847,0.933143;42,8379,0.952571;43,7098,0.905714;44,7791,0.910286
85,55777;130,33537,0.994857;34,5460,0.926286;45,8360,0.970286;38,6606,0.898286;42,7458,0.907429
86,56691;131,33068,0.998286;34,5570,0.920571;44,8070,0.96;40,6632,0.899429;37,7418,0.908
89,58612;130,33716,0.993143;24,5898,0.914857;30,9070,0.969143;28,7046,0.866857;44,7913,0.901143
87,56793;128,33281,0.991429;33,5396,0.936;47,8816,0.973143;35,7199,0.908;28,7704,0.914286
82,54913;129,33607,0.994286;20,4988,0.909143;28,7967,0.964571;26,6595,0.918857;26,7301,0.906857
83,55142;142,32977,0.985714;21,5342,0.905143;28,8153,0.986286;36,6128,0.905714;41,7411,0.916571
84,55945;116,32928,0.996;24,5226,0.913143;28,7884,0.968;26,6658,0.912;26,7148,0.934286
85,56712;119,33731,0.995429;32,5434,0.919429;39,8194,0.961143;32,6758,0.900571;31,7449,0.919429
83,55223;119,33098,0.991429;23,5247,0.913143;28,7679,0.944;25,6155,0.886857;25,6875,0.900571
84,56619;128,33641,1;23,5646,0.934857;29,8514,0.961143;28,6869,0.898286;28,7520,0.917714
85,55022;118,33573,0.996571;23,5193,0.924571;27,7996,0.976571;26,6480,0.912571;26,7059,0.924
87,56040;127,33402,0.995429;23,5309,0.929143;26,7652,0.962857;25,6486,0.913143;25,6859,0.898286
89,57716;133,33694,0.998286;23,5790,0.912571;31,8706,0.946286;27,6824,0.882857;27,7555,0.906857
87,56537;131,33542,0.986857;21,5246,0.912571;28,8197,0.964;26,6513,0.909714;27,7345,0.930857
89,58038;138,34050,0.990286;24,5772,0.910286;48,8962,0.974857;43,6872,0.893714;44,7521,0.933143
89,57638;127,33289,0.994857;39,5663,0.926857;48,8511,0.964571;35,7108,0.886857;27,7325,0.913143
88,57101;135,33490,0.998857;23,5632,0.930286;29,8588,0.967429;27,6924,0.904571;28,7637,0.912
83,54394;131,33331,0.990286;21,5109,0.905714;25,7309,0.940571;37,6179,0.915429;36,6625,0.933143
88,57399;130,33471,0.989714;34,5517,0.926857;44,8488,0.952;41,6809,0.891429;41,7428,0.926286
87,56327;138,33543,0.996571;36,5235,0.894286;47,8277,0.954286;42,6560,0.868571;41,6987,0.923429
87,56505;137,33641,1;34,5300,0.886286;48,8575,0.954286;42,6704,0.900571;43,7459,0.929143
86,55372;128,33233,0.994286;37,5494,0.895429;47,8502,0.978857;41,6462,0.906286;37,7201,0.921714
88,56969;129,33224,0.993143;25,5703,0.936571;30,8307,0.965714;29,6722,0.901714;27,7049,0.918857
78,53202;135,34007,0.988;23,4903,0.886857;44,7944,0.957143;40,6185,0.912571;38,6660,0.914857
92,54282;112,33754,0.996;36,5450,0.9;47,8692,0.962857;40,6382,0.880571;39,7064,0.904
95,56042;130,33511,0.986286;35,5436,0.958286;47,8572,0.982857;44,7174,0.926286;32,7234,0.924571
99,58520;126,32708,0.986286;37,5773,0.930286;50,9162,0.979429;44,7151,0.916;44,7507,0.915429
97,57184;117,32995,0.994857;36,5475,0.914286;49,8761,0.970857;45,7055,0.892;44,7445,0.864571
90,53666;114,33908,0.994857;30,4874,0.875429;43,7909,0.969714;36,5981,0.891429;38,6705,0.926286
90,54735;129,33091,0.998286;22,5246,0.921143;27,7312,0.976;27,6286,0.897143;26,6691,0.941143
89,56755;131,33493,0.993143;37,5722,0.942286;46,8512,0.977714;44,7075,0.911429;42,7297,0.917714
86,56130;131,33005,0.997143;26,5338,0.956571;31,8241,0.946857;29,6628,0.938286;28,7306,0.934857
98,58979;125,33750,0.991429;35,5868,0.942857;30,8801,0.957714;30,7232,0.928571;29,7752,0.937714
94,56245;128,32892,0.990286;23,5465,0.936571;28,8260,0.952;28,6997,0.935429;27,7281,0.942857
86,56078;149,32794,0.990286;23,5292,0.915429;29,8410,0.961143;40,6586,0.905143;39,7074,0.916
89,57130;131,33355,0.993714;36,5858,0.924;48,9227,0.985714;40,6682,0.887429;43,7617,0.934286
82,54271;132,33639,0.998857;34,5443,0.911429;43,8355,0.986286;39,6558,0.888571;38,6991,0.950857
86,56700;128,32233,0.997143;34,5628,0.931429;29,8643,0.982857;27,6621,0.937714;27,7154,0.951429
81,53462;128,32567,0.992;22,5167,0.898286;27,7416,0.952;23,5647,0.906857;24,6513,0.942857
78,52125;132,33437,0.998857;22,4901,0.902857;26,7269,0.962286;23,5778,0.922286;22,6112,0.931429
85,56634;134,34129,0.989143;24,5635,0.926286;29,8830,0.980571;29,6925,0.907429;27,7520,0.906857
81,53695;119,33508,0.998857;21,4853,0.902857;26,7760,0.967429;25,6164,0.912571;24,6546,0.914857
93,56199;129,33771,0.995429;22,5252,0.894857;29,8686,0.977143;27,6971,0.910286;27,7357,0.929714
94,56707;128,32888,0.994286;37,5964,0.942857;44,8626,0.983429;39,6521,0.878857;34,7039,0.920571
90,54164;129,32927,0.998857;20,4739,0.890857;26,7395,0.946857;23,5872,0.909714;23,6320,0.928
95,57051;130,33236,0.988571;24,5363,0.930857;29,8641,0.977143;27,6674,0.909714;27,7318,0.933714
91,54317;132,33748,0.994857;22,5158,0.938857;28,8062,0.952571;25,6180,0.877714;25,6680,0.928
91,55136;128,32787,0.992;31,4895,0.918286;44,7931,0.969143;29,6526,0.891429;39,6840,0.913714
93,55682;133,33747,0.994857;36,5740,0.925714;46,8328,0.952571;40,6580,0.917143;37,7460,0.910857
90,54077;130,33403,0.994286;22,5122,0.906286;43,8439,0.978857;36,6298,0.922286;38,7125,0.949714
91,55292;132,33691,0.998857;34,5515,0.936571;45,8780,0.988;41,6708,0.920571;38,7116,0.941143
93,55371;131,33508,0.992571;33,5458,0.932;45,8284,0.974857;40,6346,0.922857;38,6832,0.921714
90,54620;131,33630,0.997714;33,5268,0.941143;44,7452,0.956;37,6043,0.929714;36,6378,0.919429
91,54047;133,33670,0.992571;36,5155,0.940571;44,7897,0.931429;40,6035,0.917714;41,6645,0.929714
91,54262;129,32899,0.996;37,5513,0.96;48,8449,0.964571;43,6380,0.916;38,6690,0.918286
77,51379;118,33858,0.990286;29,4431,0.883429;39,7434,0.956571;33,5625,0.882857;29,6118,0.909714
83,54611;132,33125,0.998286;34,5261,0.928571;37,8169,0.981714;39,6184,0.928571;37,6453,0.932
84,55269;132,33836,0.992;25,5144,0.920571;29,8581,0.984;26,6302,0.885143;37,6788,0.913714
81,53612;133,33827,0.994286;35,5303,0.937143;44,7847,0.962286;37,6205,0.924;36,6410,0.944
81,53583;133,33463,0.993714;31,5141,0.936;39,7945,0.969143;33,5800,0.907429;35,6419,0.940571
82,53844;132,33568,0.999429;34,5148,0.925714;42,7984,0.982857;38,6169,0.896571;29,6480,0.917143
82,54280;131,33403,0.992;24,5263,0.937143;29,8403,0.984;30,5597,0.873143;34,6469,0.898857
81,53963;132,33938,0.992;32,5430,0.945714;43,8500,0.983429;38,6441,0.905714;32,6349,0.918857
83,54815;136,34210,0.987429;33,5263,0.931429;44,8166,0.976571;36,6422,0.901714;39,7053,0.936571
78,51860;134,33822,0.996571;33,5095,0.924571;41,7880,0.977714;34,5612,0.877714;35,6197,0.913143
81,53268;130,33979,0.992;29,4915,0.912571;37,7701,0.969143;33,5745,0.912;34,6202,0.945143
82,54730;135,35223,0.994857;33,5354,0.933143;43,8630,0.971429;40,6499,0.924571;38,7051,0.948
84,54641;130,34213,0.996571;32,5439,0.934286;38,8975,0.977143;26,6429,0.918286;27,7379,0.942286
75,48959;135,34554,0.988;20,4592,0.906857;25,7196,0.976571;21,5277,0.92;22,5962,0.928
79,52167;142,34786,0.997714;21,4783,0.890857;27,7493,0.972;24,5735,0.927429;25,6833,0.955429
89,53374;135,35029,0.994857;22,5077,0.884571;26,7922,0.970286;24,5833,0.920571;25,6664,0.941143
88,53251;133,34738,0.993143;21,5306,0.893143;29,8213,0.954286;27,6456,0.903429;27,7516,0.945714
89,53201;130,34391,0.981714;20,4931,0.908571;25,7573,0.960571;25,6237,0.894857;25,6847,0.939429
87,52593;131,34217,0.993143;21,4561,0.892571;27,7201,0.952571;25,5976,0.895429;24,6630,0.928571
84,50149;133,35377,0.991429;28,4471,0.877714;37,6961,0.957143;33,5429,0.904571;32,5943,0.942286
85,50834;133,35052,0.999429;23,4801,0.887429;41,7531,0.976571;34,5470,0.912;33,6079,0.941714
73,48655;130,34708,0.986286;30,4507,0.902857;36,6670,0.965714;29,4935,0.880571;31,5759,0.940571
74,48788;131,34707,0.992571;28,4597,0.900571;37,6805,0.966286;34,5634,0.914857;34,6167,0.942857
80,48457;136,35740,0.985714;30,4492,0.867429;37,7205,0.968;33,5317,0.897143;33,6050,0.920571
76,45977;137,36412,0.993714;27,4146,0.850857;25,6356,0.956571;20,4951,0.898286;20,5826,0.941143
80,48896;138,36393,0.992;24,4342,0.867429;37,7202,0.953714;32,5366,0.895429;30,6053,0.928
73,43844;137,35918,0.994286;27,3850,0.9;32,5566,0.973714;28,4356,0.889714;28,5168,0.934286
73,44924;137,36589,0.993143;26,4232,0.884;35,6650,0.973143;28,4824,0.862857;31,5618,0.914857
81,48913;137,36489,0.985714;32,5224,0.901143;33,7337,0.972571;35,5655,0.874857;36,6681,0.914857
75,44199;137,36712,0.990857;26,4006,0.877143;34,6296,0.965714;29,4935,0.884571;21,5846,0.926857
67,40546;137,36691,0.988571;22,3401,0.871429;30,5688,0.966286;27,4326,0.853143;27,5049,0.921714
68,40553;138,36706,0.985143;23,3671,0.86;28,6185,0.962286;24,4927,0.882857;21,6058,0.923429
58,35408;137,36816,0.992;15,3168,0.861143;17,4825,0.957714;15,3704,0.888571;16,4797,0.929143
66,39515;142,37660,0.996571;17,3760,0.862286;21,5887,0.924;19,4637,0.880571;18,5354,0.924
53,32622;139,37375,0.984571;14,2582,0.847429;17,4708,0.934286;14,3634,0.882857;15,4590,0.918286
58,34847;138,36989,0.982286;13,2780,0.849143;17,4921,0.938857;16,3758,0.877143;25,4628,0.919429
37,21985;147,38728,0.988571;11,1401,0.836571;16,2638,0.928571;13,2129,0.883429;14,2667,0.928571
36,21959;142,38490,0.978857;17,1793,0.842286;17,2929,0.930857;14,2404,0.878286;17,3109,0.921714
32,19401;143,38158,0.994286;13,1499,0.857714;15,2445,0.932;8,1980,0.874857;15,2427,0.927429
30,18779;141,37563,0.981143;14,1525,0.860571;16,2439,0.936;9,1564,0.885714;11,2224,0.929143
25,15814;142,38513,0.976;16,1108,0.858857;11,1729,0.934286;9,1500,0.88;7,2041,0.914857
13,8051;143,38317,0.986857;9,580,0.860571;7,896,0.933143;3,704,0.879429;4,810,0.913714
13,7733;143,38128,0.987429;5,521,0.862286;6,850,0.933714;2,677,0.873714;2,856,0.909143
8,5098;164,38144,0.985143;6,436,0.86;5,698,0.934286;2,545,0.868571;2,636,0.914857
