27813,12105660;11914,2478986,0.99937;8605,610921,0.904694;8661,745747,0.975269;17563,568630,0.848181;13550,739203,0.97529
27408,11988869;12625,2468212,0.999533;6830,262273,0.892786;6912,379092,0.967181;9941,287049,0.874334;11567,431790,0.963971
27988,12020707;11134,2485014,0.999289;7292,266904,0.89433;6655,380630,0.96456;9478,283671,0.877403;11506,435711,0.958464
27976,12008096;10809,2480531,0.999045;8318,266196,0.897663;7177,376192,0.965657;9543,283742,0.883885;11950,430700,0.956188
28942,11962990;11127,2471511,0.999533;9092,262856,0.892176;7555,373730,0.965088;10058,280218,0.889067;9903,423210,0.957062
28116,12008691;11079,2473555,0.99939;8552,263624,0.892806;7267,376632,0.967466;9007,281619,0.881122;9039,432795,0.956696
28798,12001858;10946,2487465,0.999512;7791,263497,0.898415;7141,375941,0.968523;10573,279919,0.885247;11657,429206,0.954013
28830,12018034;9723,2484106,0.999472;10164,266241,0.893599;9292,379897,0.966714;10767,285310,0.887624;12404,432933,0.95188
28787,12033374;9516,2473496,0.99935;9505,267631,0.892623;7761,380635,0.96645;10460,284836,0.887157;11766,435252,0.951494
29024,11983225;9475,2482535,0.999289;8876,262389,0.891973;8148,374567,0.965922;10715,277817,0.885328;11567,426910,0.953871
29452,12004605;10387,2479432,0.99935;8227,264811,0.897683;7764,379957,0.968665;10639,280341,0.884597;11666,429499,0.952794
29399,11972764;10948,2484222,0.999472;8563,264015,0.894777;7627,375266,0.965759;10371,278560,0.883316;12848,427697,0.951555
30049,11978585;10517,2475536,0.999309;8474,262682,0.895184;7759,373911,0.965739;9852,279274,0.884271;11164,429377,0.954196
28869,12010983;11132,2482137,0.99935;9434,266342,0.892684;7779,377839,0.966633;11163,283830,0.879841;11851,428569,0.952347
29303,12008478;11168,2485612,0.99939;10887,264901,0.889108;9703,378352,0.967933;12887,283027,0.886039;11600,429288,0.953201
30336,12003371;10634,2476878,0.999207;8421,268130,0.896891;6181,379218,0.966612;10074,283618,0.88927;9082,427879,0.952185
30812,12026622;13215,2480184,0.999309;7403,265610,0.89555;7209,379858,0.969132;10386,285324,0.891546;12028,436500,0.952835
30164,11999468;8175,2483965,0.999268;7722,265691,0.888173;6763,378647,0.967141;9629,281585,0.887198;9882,429573,0.952896
30370,12008713;7635,2478474,0.999268;8246,262499,0.886304;8004,378740,0.966917;11182,284592,0.890246;11092,432507,0.956025
30013,12012257;9435,2489255,0.999309;7959,264653,0.889128;5931,378371,0.966104;8192,281586,0.886446;8891,433622,0.956086
30820,11996807;9142,2482483,0.998842;7279,266004,0.893091;6035,378356,0.964337;10016,283482,0.879679;9579,431082,0.948547
30412,12010708;8745,2487163,0.999512;10767,268909,0.892684;9039,383164,0.967689;11210,283573,0.878724;11510,433848,0.952144
30887,12002157;9860,2482574,0.999248;8872,264514,0.893294;7936,379633,0.966653;10071,283023,0.883967;11176,430027,0.954562
30491,12016804;10262,2485971,0.99935;8649,269138,0.895042;7197,380975,0.965251;9833,281693,0.890022;11803,429573,0.952693
31501,12019315;9837,2477278,0.999472;8572,265189,0.894208;7644,381593,0.966165;9970,283118,0.88415;11025,437836,0.95192
31102,12002459;8599,2481541,0.999512;8207,266265,0.896586;7767,379832,0.967669;12200,282552,0.883296;11846,431733,0.95001
31849,12004608;9043,2484678,0.999594;9729,267650,0.895204;8871,377603,0.966673;12147,282338,0.886141;11247,432018,0.952245
31083,12012507;10242,2485133,0.999248;9625,267462,0.893396;8758,380985,0.965922;12352,281039,0.886486;12066,432423,0.951128
31692,12002861;11101,2480916,0.999248;8311,264615,0.8924;7883,380051,0.966104;12342,280356,0.885145;11453,431937,0.951717
32070,12006109;11424,2484780,0.999289;8621,266809,0.893477;7763,378613,0.9633;10147,282415,0.883093;10675,430459,0.952022
32692,11986642;10483,2487736,0.999207;8097,264107,0.894005;7916,377557,0.966308;10245,281367,0.883398;10830,428532,0.952002
32251,12019859;10926,2487209,0.999106;9387,268539,0.895042;5988,385709,0.967303;10067,284299,0.886304;11677,434496,0.95251
31846,12014414;10192,2483727,0.999634;9020,264892,0.893497;7525,378572,0.965881;10203,281138,0.887259;11066,434539,0.952103
31863,12003958;10747,2481313,0.999248;8615,266726,0.894615;6376,379372,0.967019;8704,282023,0.883743;11194,430963,0.949665
30726,12020310;10067,2481188,0.999309;8919,268043,0.892684;5959,378773,0.963707;9757,282957,0.884922;9982,435966,0.950234
31864,12011915;9419,2486550,0.999573;9244,265983,0.896789;8757,383920,0.965414;11044,284316,0.883784;10121,434341,0.950762
31082,12028726;9649,2483858,0.999492;7204,269187,0.891628;6451,385557,0.965596;8630,285882,0.882951;8960,439961,0.950721
32496,12011366;8772,2495512,0.99935;8480,267908,0.890856;7819,384102,0.966836;10178,285961,0.885714;11537,436359,0.952896
31508,12017215;9621,2492081,0.999472;8832,267568,0.889738;7066,382395,0.966491;10342,284963,0.881833;10616,437053,0.952957
33312,12012809;9869,2480846,0.99937;8662,269045,0.893192;7294,382987,0.967974;10008,282961,0.881996;11182,430578,0.951839
31521,12017260;9562,2492389,0.999248;8464,263878,0.890429;7136,378618,0.967466;9756,283618,0.885796;10746,431214,0.952266
31963,12011838;10036,2485825,0.999431;8908,266123,0.895164;7642,381061,0.967283;10385,282299,0.885999;11891,437020,0.952693
31185,12009775;11012,2485539,0.999533;8974,267093,0.897114;7195,379700,0.965373;11745,284869,0.883316;14010,431340,0.952428
32927,12022651;11956,2484487,0.999329;8547,270145,0.89622;7613,384151,0.966145;10693,284506,0.881244;11211,438076,0.951494
32752,12029490;10809,2484821,0.999451;8477,267367,0.892827;7995,384220,0.965596;10796,284430,0.883479;11048,435974,0.95127
33932,11979926;11198,2487737,0.999268;8239,262716,0.889189;7148,375371,0.966064;9660,279441,0.882056;10970,429069,0.951798
33674,12019133;9464,2482169,0.999086;8579,266782,0.894107;7503,383864,0.966389;10198,284211,0.882483;10846,434934,0.948832
34311,11990560;10457,2487073,0.999309;8136,266819,0.895387;6791,379982,0.966653;9225,280342,0.880736;10319,431379,0.948527
34381,12009217;11657,2494249,0.999207;8029,266631,0.893335;7420,379549,0.967507;9665,284086,0.876692;10393,431330,0.951514
33590,11998273;10359,2489881,0.999716;7909,264972,0.89872;7641,377102,0.968421;13896,279212,0.884922;12542,424045,0.951209
33821,12016623;10971,2491605,0.999492;8547,266451,0.894005;7397,381874,0.966897;9661,285261,0.881569;10408,437391,0.953668
33215,12007859;9401,2486109,0.999147;8353,266441,0.892806;7496,378790,0.964966;10349,285321,0.884962;11051,429051,0.953079
33934,12013955;10744,2482895,0.999309;8506,266405,0.894432;7157,379122,0.966226;8566,284643,0.88671;11201,432694,0.950051
33587,12011484;9290,2487262,0.999289;9326,264476,0.892481;7763,379866,0.967385;9973,282251,0.882544;11500,433720,0.952672
33371,12034373;10159,2484129,0.999451;10065,270154,0.892156;8100,383851,0.9671;9651,287474,0.882056;10751,437379,0.949868
34361,12009753;9458,2496240,0.999228;7941,268702,0.892705;7757,379403,0.966084;11620,284560,0.882341;12480,432142,0.951961
33427,12022403;10404,2483624,0.99939;8910,267030,0.89876;8003,385138,0.969132;11660,288715,0.884434;13040,441978,0.9557
33733,12019226;9492,2481377,0.99935;8702,266720,0.895306;9473,384337,0.966247;12343,283679,0.885613;9079,434091,0.954196
34072,12007267;7576,2493424,0.999533;7369,266554,0.891709;6413,380339,0.969376;8099,285063,0.884759;8328,428588,0.951717
33747,12028897;7528,2489378,0.99939;6730,266957,0.893172;6020,382392,0.965576;8818,287940,0.885674;11740,432526,0.950213
34269,11983826;11524,2491528,0.999167;8511,264162,0.89112;6893,379067,0.966795;7916,281518,0.885592;8354,429316,0.949604
34667,12003864;13824,2486174,0.999533;7413,267154,0.891404;6548,383507,0.967466;8472,284987,0.886507;9084,433025,0.952164
34380,11996613;11446,2491651,0.999329;8204,265952,0.892908;6440,383544,0.966673;8526,282827,0.880431;9659,432182,0.952489
34517,12005898;10324,2494033,0.99937;7323,265759,0.893965;6408,380685,0.965454;9066,284898,0.887868;10086,430100,0.952693
34148,11993411;9272,2478777,0.999472;7903,261734,0.893782;7864,376184,0.963036;9946,280478,0.885531;10345,428576,0.951209
34491,11981521;9665,2481708,0.999065;10327,266061,0.891851;8493,378610,0.965495;9946,279711,0.884048;11534,427467,0.950254
34290,11993965;12472,2486020,0.99937;8877,268532,0.897155;7087,379551,0.967222;7835,282045,0.8785;9178,429686,0.949766
35013,11976034;10916,2485452,0.99939;7413,263563,0.8924;6394,376207,0.967893;8827,280916,0.881711;10268,426398,0.952327
34652,11995097;7624,2493779,0.999451;7716,266762,0.891851;5985,380942,0.968685;9649,285465,0.883682;9325,432121,0.950843
34338,12005093;9541,2483465,0.998923;7495,266919,0.894879;6024,382172,0.966958;8741,284241,0.88606;9597,432960,0.950782
34118,12015106;10782,2485694,0.999207;7542,268177,0.896627;6116,381630,0.96708;7960,283365,0.885938;9310,432582,0.952022
33955,11977254;11114,2487934,0.99935;7122,262887,0.891221;6048,376479,0.963585;8550,280920,0.88732;9101,428697,0.951981
34146,11990478;9139,2486904,0.999147;8761,264844,0.89242;7885,380377,0.966328;9656,278845,0.887015;13002,432786,0.953566
33327,12011719;11091,2489462,0.999451;10090,269820,0.899533;7361,382875,0.968137;10316,286722,0.893558;11168,431610,0.953018
34244,12021824;11148,2485198,0.99937;8654,266666,0.894087;7768,380414,0.966145;10787,282236,0.883581;12008,439102,0.953058
33442,12022164;10493,2488286,0.999634;8816,267585,0.894798;7896,383695,0.968279;9956,283394,0.881122;10408,437257,0.951534
33734,12004142;10929,2494229,0.99935;7412,264622,0.893904;6913,378468,0.966104;8061,282523,0.885633;9254,432740,0.952591
32732,12028542;10468,2486013,0.99935;7329,269059,0.894107;6137,384335,0.966206;7834,285293,0.885755;8566,434133,0.951331
33771,11989395;10584,2494472,0.999472;7124,266398,0.891445;6221,382497,0.966694;7992,281728,0.881305;8674,429098,0.950091
33612,12024530;9793,2488643,0.999309;7421,270791,0.894107;6187,382752,0.966897;8485,285303,0.881955;10226,437075,0.949888
33991,11995411;9881,2481539,0.999228;9541,263471,0.89049;9361,375890,0.965007;11169,280314,0.881548;10074,425187,0.947287
33581,11991798;10390,2490571,0.999472;7013,266903,0.892786;6184,380284,0.966003;7656,281809,0.880024;8664,431235,0.947592
33306,12016379;9935,2487068,0.99937;7548,269530,0.895773;6324,382093,0.967202;8791,285473,0.883357;11313,432353,0.950884
31745,12010532;9318,2492637,0.999167;8562,269351,0.894371;7077,381716,0.968258;10181,284665,0.881833;10195,434006,0.946759
31784,12015204;8634,2479304,0.99935;7601,267093,0.894818;6396,381709,0.966328;9406,285330,0.879577;11845,435698,0.949766
33931,12022696;9676,2484437,0.999329;8778,266886,0.895936;9052,381407,0.966348;11167,280827,0.876997;13109,435004,0.947307
33358,11997696;10994,2485167,0.99939;9119,269342,0.901748;8790,381252,0.967568;11779,284388,0.880593;12699,433056,0.952652
32244,12018142;11142,2480809,0.999207;10134,266651,0.894452;8793,381697,0.965088;12367,282919,0.883804;11736,433447,0.950498
33507,11998671;8104,2482364,0.999268;9846,264357,0.889169;9251,378119,0.966409;11652,281230,0.884007;9526,429284,0.950498
32526,12024917;7598,2487602,0.99935;8113,271390,0.897257;6166,382197,0.967689;8382,284089,0.877789;8430,437511,0.95127
32070,12010202;7723,2485323,0.999472;7604,266290,0.892197;6492,378937,0.964966;9331,282141,0.876895;10963,434178,0.949909
32841,12004638;7331,2478410,0.999207;8834,266256,0.8937;7224,378353,0.965942;8820,284549,0.884231;9338,430448,0.954074
32274,12017098;9623,2491814,0.999268;7535,264092,0.896119;6081,378090,0.966348;10351,284719,0.886913;11451,433120,0.953465
32984,12010463;11452,2485252,0.999329;8648,264926,0.892867;8249,378986,0.967913;10971,282431,0.88606;11398,430424,0.952144
32449,11995338;11204,2485721,0.99939;8137,264339,0.894635;7122,378575,0.966369;9673,281382,0.882117;11277,426969,0.94999
31171,12007253;10261,2481345,0.999614;8297,270142,0.894635;7530,379514,0.967547;10759,285517,0.882727;10359,432712,0.952347
31761,12004753;7595,2482180,0.999512;10609,267208,0.895123;9263,385185,0.967303;11548,286448,0.887868;11423,432169,0.951067
32363,12033054;9536,2487459,0.999289;8695,269556,0.89809;7848,385996,0.967181;10201,284265,0.88356;11725,439104,0.953505
30985,12019415;10042,2486126,0.999451;8971,266007,0.893314;7611,382002,0.967121;10886,284238,0.883987;11900,432767,0.952185
30493,12027684;10128,2485119,0.999248;8398,267739,0.89179;7663,385423,0.966673;10164,284168,0.880167;10952,438933,0.952367
32077,11989763;10292,2490642,0.999147;8618,267345,0.895733;7535,378864,0.968258;10872,283565,0.882321;11147,434097,0.954521
32281,12006989;9578,2489648,0.999512;8573,266386,0.892481;7442,381797,0.966104;9892,283628,0.881366;11207,433120,0.952022
31901,11992623;9246,2494974,0.999147;8584,265269,0.895225;7859,381175,0.968421;9889,283073,0.881325;13547,432477,0.950884
31596,12020711;12326,2487253,0.999431;10149,269689,0.899309;8029,383914,0.965576;10434,285492,0.885247;11415,438598,0.953526
31275,12012226;12818,2494229,0.99937;9143,268442,0.892623;7100,382398,0.967242;9806,283498,0.882768;10537,432383,0.949197
31412,12009697;12942,2483533,0.99935;8118,268091,0.892441;7455,380960,0.966348;10790,285372,0.883702;11016,435019,0.95377
31913,12024534;12066,2486763,0.999268;8190,270395,0.891689;7029,382418,0.966836;10153,285717,0.886486;11425,436483,0.95064
32005,11975718;10908,2488332,0.99935;8366,262360,0.890266;7339,375915,0.964641;9650,281105,0.885917;10826,428281,0.951575
30944,12010875;10042,2489954,0.999289;8526,268326,0.896403;7580,380627,0.966958;10085,284495,0.887767;10907,436942,0.950559
31307,12013073;9204,2487760,0.99937;7906,266336,0.894005;7214,381189,0.967588;12767,284101,0.890144;12835,433464,0.951941
30864,12019620;11069,2484084,0.999431;8303,268163,0.896058;7688,380859,0.965231;8913,282946,0.886771;11604,433886,0.952286
30389,12020387;10636,2488133,0.999451;8731,266867,0.895082;7666,382648,0.966999;9967,284381,0.889169;10949,434043,0.95255
30587,12026168;9435,2495430,0.999431;8264,269930,0.89683;7153,387036,0.966186;10037,288314,0.887726;9996,436755,0.951616
31128,12008968;9616,2491167,0.999411;8826,268310,0.894432;7682,382742,0.966003;10205,282801,0.885877;12517,432799,0.952103
30789,12014732;9536,2488979,0.999268;9017,268069,0.896891;7438,383849,0.968258;10871,286886,0.886405;13791,437848,0.952367
30861,12006310;9760,2496272,0.999553;8578,265500,0.892786;9049,380390,0.965353;12621,282127,0.882239;13432,430088,0.950295
30332,12019786;7481,2485949,0.99939;8595,266269,0.894087;7594,380786,0.967669;9148,283039,0.878399;9545,437983,0.949705
30699,11978312;11223,2489470,0.999065;9258,266170,0.895468;8579,378393,0.966714;10403,281288,0.882625;9521,429649,0.952835
30125,12021601;7403,2482071,0.999655;8716,268595,0.891343;7694,381571,0.965718;9970,284783,0.880797;11081,433839,0.952266
30644,12020175;9014,2493467,0.999472;9324,265526,0.888254;7835,381809,0.965718;10427,283783,0.880167;9957,429386,0.949421
30873,12009496;10039,2491039,0.999411;7090,266784,0.892359;6583,383352,0.966978;9123,284442,0.884251;10895,433594,0.951128
30966,11993972;12209,2486124,0.999411;8477,266400,0.895672;7844,378477,0.965596;10601,281988,0.881427;11505,431145,0.951168
30453,11985739;13046,2492073,0.999207;6993,264495,0.889718;6309,379736,0.967446;8150,281039,0.882077;8716,429822,0.950173
30581,12006657;9281,2489489,0.999411;8346,267519,0.893457;7521,379163,0.967791;8402,280652,0.88543;9455,434610,0.954074
30482,12005950;7873,2481798,0.99937;6996,268370,0.894981;6633,380987,0.968116;8353,281278,0.879212;9450,434900,0.952002
31130,11981404;9882,2494142,0.999451;8936,266757,0.895509;7736,377977,0.965861;8716,283272,0.884089;9179,428429,0.952002
30982,11998021;9401,2491732,0.999472;7805,265518,0.892522;6545,379797,0.969112;9271,281780,0.884089;10937,429099,0.951453
31227,12009575;11309,2493391,0.999329;8620,266109,0.894554;6948,380284,0.966348;8633,285442,0.886304;10052,433099,0.952367
31286,12022181;10734,2486209,0.999329;8572,268935,0.899817;7557,381590,0.966389;9499,282967,0.888844;11209,430874,0.953018
31130,12012702;9043,2481238,0.99937;8450,263858,0.89364;7675,376765,0.967811;10517,282890,0.884576;11521,431463,0.952347
30679,12021035;9426,2475535,0.999411;8528,266175,0.893599;7940,383015,0.967872;10051,284502,0.888539;11165,433639,0.954257
29978,12010292;9768,2477898,0.999553;8874,265815,0.891445;7867,381739,0.966958;9948,284826,0.881609;11560,434902,0.952652
28667,12015311;10225,2487180,0.999655;10229,269712,0.897927;8774,382299,0.967385;11716,286769,0.888112;9414,435515,0.954521
28925,12016309;11012,2484366,0.999147;8392,268298,0.896139;7853,381374,0.966795;10466,285017,0.891993;10926,435233,0.952835
29152,12014220;11664,2487791,0.99937;9283,268078,0.896037;7330,379911,0.965332;9715,283647,0.890673;9530,433521,0.952144
29310,12009404;9792,2482297,0.999472;7878,265791,0.892623;7161,377271,0.967466;7811,281929,0.888315;8791,430811,0.952245
28664,12002538;10317,2482227,0.999268;7092,266522,0.894066;6492,377172,0.965596;8228,282078,0.887218;10337,432265,0.951798
29478,12027244;10860,2491942,0.999594;8604,267804,0.897277;7250,385602,0.967466;7916,284911,0.885166;9289,434782,0.951087
29643,11990696;10165,2487370,0.999167;8612,266002,0.898801;7594,376246,0.967832;10140,279942,0.884515;10861,423394,0.949482
30156,12037454;9476,2489431,0.999573;8321,270515,0.896606;7349,384503,0.967568;9484,287509,0.883418;13791,437551,0.949441
29477,11999836;11246,2485327,0.999533;9495,265323,0.894148;7926,378361,0.968055;9736,282915,0.883621;9033,435667,0.954379
29739,12021893;9423,2484099,0.999329;6813,267486,0.895976;5834,380165,0.966978;8737,282500,0.875513;10968,432799,0.950701
29892,12020214;6097,2490960,0.999411;8285,267821,0.89683;7129,383373,0.966938;10547,283263,0.879618;10391,433691,0.952591
29292,12026504;6509,2492217,0.99939;9285,269039,0.895164;8176,382314,0.966755;10813,286009,0.881609;10998,433932,0.951331
29345,12030848;6087,2480068,0.999106;8153,268472,0.892359;8928,382754,0.965942;11904,286774,0.882483;11509,437034,0.954928
29468,12005066;6268,2488359,0.99937;9574,266366,0.893579;8189,380413,0.969173;12107,281667,0.8886;13402,434014,0.952367
27939,12003183;9253,2490716,0.999512;10054,265311,0.894777;8687,377160,0.967649;11543,281953,0.885714;12972,432416,0.951941
29334,12020336;11388,2493149,0.999248;9199,268885,0.900163;7315,381081,0.968401;8550,284722,0.890449;14197,434586,0.954948
28236,12002903;11013,2492967,0.999289;9733,265621,0.890551;7628,378770,0.966491;10322,281874,0.884475;10751,428943,0.953038
29874,12013950;11876,2496705,0.99939;8419,268311,0.894269;7324,381092,0.969275;9675,287349,0.890246;11901,428851,0.953871
27883,12013984;9623,2484193,0.999268;8705,266479,0.896932;7285,380411,0.967425;10170,284108,0.889088;10826,432387,0.953444
28800,12017268;9927,2491717,0.999309;8621,267906,0.894452;7731,380636,0.966165;11022,284837,0.888762;11628,433667,0.953343
29926,12018664;10791,2488693,0.999553;8632,268546,0.897135;7467,383247,0.966714;10649,284696,0.886365;11272,432251,0.953952
29182,12022359;11100,2485908,0.999411;8187,265729,0.898943;6968,380463,0.965779;8875,283424,0.889392;10050,436934,0.955273
32077,11962420;10460,2491735,0.999634;6660,262231,0.89175;5675,375395,0.966023;9981,277003,0.885592;10566,426102,0.95255
33085,12025788;9757,2484362,0.999329;8716,265224,0.89496;7685,381648,0.96838;9970,283850,0.886649;14212,438560,0.953322
33276,11993536;10143,2484843,0.999086;9591,264464,0.889941;7480,375731,0.966938;10939,281172,0.889006;11297,425487,0.953221
33088,12008963;9808,2489508,0.999167;9041,267346,0.893436;7450,379058,0.966328;10790,283708,0.887828;12271,430106,0.951798
32813,11992657;10871,2484850,0.999248;8649,265551,0.89618;7832,380026,0.96775;9666,283015,0.884556;11248,433334,0.952896
33067,11993192;6992,2483136,0.999309;8183,265453,0.89496;7554,377200,0.964784;9579,281391,0.890449;11733,430379,0.953952
33033,12021519;6515,2484231,0.999492;8954,267680,0.898395;6894,382557,0.966673;8592,283884,0.886304;9767,430655,0.949807
33095,11999362;6127,2484716,0.999431;7051,266302,0.892684;7263,377244,0.965861;10094,285307,0.89114;11575,432705,0.952632
32956,12004044;6186,2487217,0.999268;9031,267103,0.895509;7573,379770,0.966064;10088,282570,0.885369;12851,432899,0.951859
32960,12019120;7732,2492534,0.99937;9598,266584,0.894087;7818,382617,0.966938;10118,280481,0.885186;11578,434833,0.95253
33528,11999888;11076,2489007,0.999451;8573,266327,0.894879;7488,376003,0.967263;9919,282511,0.887096;10994,430902,0.952652
33440,12004273;11724,2481071,0.999207;8391,264107,0.893599;7569,377549,0.966714;10093,283578,0.882524;10908,431285,0.952449
33879,12005064;11846,2484825,0.999268;8372,265094,0.889718;7458,376704,0.966348;10631,279978,0.8848;12059,426949,0.950965
34428,11990304;11285,2486150,0.999289;9276,263260,0.892806;7849,376018,0.96836;10450,280760,0.893579;11148,428047,0.953302
32905,12004925;11024,2495464,0.999228;8966,266759,0.895204;7786,379910,0.965149;9981,280799,0.882808;10984,433082,0.950457
32763,12010088;10902,2484739,0.999065;8809,263140,0.897663;7207,379517,0.966145;10001,280711,0.887685;10718,426267,0.954359
34039,11997548;10243,2478501,0.99935;10525,265771,0.894473;8435,378501,0.967364;8767,280357,0.887604;9581,428487,0.952754
33954,12019926;10229,2485296,0.99935;7545,269068,0.897216;6285,379159,0.968096;8438,284756,0.885003;10900,432363,0.953038
33963,12013565;8511,2495192,0.999512;8978,265276,0.895387;7752,380840,0.965901;10400,282866,0.882056;11373,431271,0.950559
32934,12021480;8958,2490788,0.999309;8951,267826,0.89559;8044,381518,0.969295;9995,283599,0.88799;12185,433922,0.950742
31866,12028813;8764,2479012,0.999573;10527,269272,0.892014;8091,383317,0.968746;11466,284393,0.881975;14171,431973,0.948283
31045,12012014;9316,2481026,0.999309;10117,266211,0.89368;8433,378877,0.964072;12118,281052,0.878866;14185,429010,0.948994
31384,12016911;9421,2497259,0.999329;9681,269679,0.892644;8635,387083,0.966816;12750,287253,0.885714;13322,435359,0.952103
31157,12021806;10549,2492763,0.999451;9084,268013,0.897521;7483,383056,0.967588;10349,287316,0.887299;10903,434149,0.95377
30680,11988471;11176,2485469,0.99939;9801,263315,0.894046;8693,376720,0.968096;10677,279521,0.883946;10979,428962,0.954521
31249,11986063;9827,2481855,0.999126;8272,259163,0.892745;7319,375357,0.967283;9680,279157,0.88035;10440,426531,0.951656
30770,11993109;10073,2477185,0.99935;7630,265688,0.896403;7409,378855,0.968319;8218,281550,0.883398;9684,432988,0.954115
30781,11997157;10912,2485208,0.999309;7940,264193,0.894452;6242,375992,0.966511;8083,282847,0.891221;9511,427331,0.951819
30341,12010720;11144,2490249,0.999675;8483,266798,0.89431;7687,376535,0.966734;9319,283642,0.886893;10518,433868,0.953119
29881,12014386;11306,2482750,0.999553;8273,264071,0.889819;6950,376642,0.966287;8568,279061,0.887564;10113,430084,0.952855
29834,12015782;10624,2483529,0.99939;8573,266761,0.89366;6816,379328,0.965942;9494,282272,0.887137;10760,436782,0.952367
30313,12023852;10313,2493328,0.999533;7927,264958,0.893253;6870,382034,0.966836;9177,284694,0.890916;14116,431502,0.952245
30754,11998601;10320,2491434,0.998842;8624,264503,0.889697;6901,379517,0.965373;8779,280563,0.886426;9748,430691,0.952632
31700,11981212;10009,2479954,0.999472;7857,264542,0.888905;6486,376663,0.966673;8515,283040,0.883073;9939,431025,0.951412
31360,11989848;9911,2480896,0.99937;8553,262040,0.896647;7111,376655,0.966389;11060,279217,0.885775;11697,430530,0.95446
30735,12005423;9534,2495775,0.999248;7967,267050,0.891567;6782,378078,0.96517;8863,284213,0.880248;12218,430720,0.95066
31979,11985939;8988,2496606,0.99937;9046,264295,0.890429;7758,377950,0.968055;11124,279866,0.884495;12258,426978,0.952571
31158,12027543;7782,2479642,0.99937;9531,267363,0.895123;8932,383649,0.965637;9124,283305,0.877017;9124,437077,0.951981
31783,12016933;7499,2482553,0.999289;7050,262853,0.895529;6506,379200,0.96456;8633,282241,0.881305;9149,430614,0.951676
31005,11996842;9464,2487775,0.99939;7554,264776,0.895306;8073,378444,0.967608;12303,280046,0.880065;10366,429736,0.952103
31189,12020002;10071,2487959,0.999329;7716,266728,0.894168;6540,379718,0.970169;8724,286494,0.882951;9235,428234,0.950965
30836,12030553;11440,2494144,0.999228;7137,266810,0.894269;6286,381426,0.968157;8842,285492,0.883723;10958,434200,0.951229
32877,12012388;7446,2487795,0.999004;8749,268428,0.889149;6825,380822,0.966775;9369,282983,0.888701;9767,433187,0.952327
34939,12016694;9851,2486140,0.999553;7177,268164,0.896545;6237,378865,0.965353;8554,283596,0.885816;8913,433442,0.950254
34488,12021295;11053,2490798,0.999492;7415,264199,0.891729;6301,375986,0.965515;8231,281938,0.887015;9105,427171,0.951067
34465,12010069;10695,2489559,0.99937;6975,265377,0.8937;6201,379222,0.967629;8490,279620,0.882849;9426,431328,0.953526
34450,12001838;11489,2483497,0.999533;8820,262638,0.89618;7400,374883,0.966531;10268,279935,0.88673;10918,424779,0.950437
34037,12016938;11820,2485721,0.999553;8864,264087,0.896992;9664,379151,0.968502;13319,281821,0.885349;11661,428743,0.950152
33904,11990191;10999,2483843,0.999289;9107,263010,0.894615;6195,376813,0.967242;10159,278355,0.885877;10765,427085,0.95314
33802,12012275;10080,2483706,0.999248;8364,262350,0.894208;7907,373671,0.967222;10139,280892,0.888031;9192,426322,0.952286
32973,12003951;9535,2488747,0.999086;7553,264149,0.896789;6332,373237,0.966023;8044,278893,0.888193;9255,430656,0.95318
33492,12017876;10518,2483940,0.99935;7243,264254,0.890652;6400,377241,0.967547;8113,284127,0.889433;9494,432892,0.952469
32831,12029143;8084,2492752,0.999472;9550,263764,0.897683;8017,376841,0.967486;10600,280222,0.882951;13827,434838,0.952916
33172,11972085;6719,2482055,0.999431;10112,256893,0.898009;8331,367668,0.965779;9517,275217,0.8886;13143,416572,0.951595
32978,12016226;6242,2487166,0.999451;9866,262498,0.894473;8836,374027,0.964885;11359,278946,0.88669;10660,426822,0.950986
32326,12000523;6679,2484869,0.999268;8429,260836,0.898069;6735,371698,0.968015;11979,276971,0.885227;13232,424678,0.952693
31906,12003427;8749,2488837,0.999289;8894,261957,0.892217;7673,376827,0.965942;10168,276993,0.883255;10992,426322,0.950335
32227,11996321;8142,2486952,0.999614;7292,260514,0.895286;6320,371379,0.966328;8236,277392,0.883479;9411,429234,0.950681
31171,12030769;13210,2488906,0.999533;7999,262564,0.897866;8054,377028,0.969153;9912,278584,0.874822;11386,433001,0.95003
31657,12018037;9598,2478429,0.999431;9003,261902,0.900569;7631,374618,0.96582;10413,277784,0.874903;11285,428221,0.947409
31959,11981411;7666,2486751,0.999451;8657,258828,0.895021;7552,369681,0.966592;10363,277507,0.880858;10712,418946,0.948181
32231,12001789;7571,2483337,0.999472;7695,257661,0.89429;6330,367536,0.9671;8888,275891,0.883418;11858,422685,0.951168
30786,11984887;10493,2486032,0.999594;7839,259375,0.896586;5478,368718,0.967649;10809,275842,0.879679;12777,420779,0.949522
30990,12033558;7375,2476883,0.99937;8287,260813,0.900427;7394,371576,0.969071;8861,276365,0.883682;8588,423036,0.952855
32176,12009644;8579,2486109,0.999268;7290,259709,0.895103;7127,369314,0.967425;10212,277938,0.887929;11131,425628,0.953627
31208,12021313;9307,2482288,0.999655;8887,257803,0.897297;7272,366401,0.965576;9919,275460,0.885552;10275,425215,0.950539
30928,12014027;8613,2485557,0.999268;8481,259301,0.899065;7279,368048,0.967324;9704,276408,0.885023;10465,419570,0.949421
30109,12009949;6458,2488442,0.999289;8095,255617,0.89683;7267,366590,0.965576;9242,272854,0.883885;10196,421901,0.946413
30648,11977267;5877,2475851,0.999411;9229,256032,0.900427;7379,361995,0.96645;8132,271484,0.885105;8851,422184,0.949868
30251,12003423;5876,2474722,0.999228;7161,256263,0.896932;5717,365144,0.967994;7699,278081,0.888437;8302,420500,0.948791
29524,12020478;6012,2479934,0.999472;8059,258110,0.901768;7444,368193,0.967852;9497,274232,0.885003;10889,419850,0.946901
29585,11999986;6110,2482600,0.999451;8441,252406,0.899086;7227,360873,0.966267;9581,272504,0.881996;9358,415847,0.949136
29174,12014373;8484,2481545,0.999492;7477,256966,0.900122;6826,365321,0.968238;8742,272141,0.889535;8420,419719,0.950152
29713,11984341;10077,2484119,0.999553;7168,251817,0.898374;5483,359632,0.96836;7197,269732,0.888823;8509,413562,0.948405
28845,12028952;8818,2479625,0.99939;6934,255808,0.905182;6083,361845,0.965556;7590,275082,0.888132;8591,423262,0.950539
28593,12000313;5944,2475245,0.999431;6736,250592,0.901565;5602,355651,0.966775;6932,264806,0.883946;9717,410582,0.946921
29244,11999442;7989,2479784,0.999268;8667,251688,0.903292;7010,357376,0.965292;9780,270393,0.886629;10497,415248,0.947165
28367,12005950;10908,2492041,0.999533;7879,253381,0.896342;8524,362756,0.965779;13006,268766,0.887218;9766,415085,0.946454
28805,12000014;11137,2477234,0.999289;6302,250105,0.895631;7099,362225,0.969112;9040,269504,0.881101;10841,416665,0.947226
28955,12001417;7792,2475191,0.999187;7828,248177,0.903129;7300,357970,0.969295;9179,267576,0.884576;10070,412173,0.949644
28515,12023119;7218,2487774,0.999268;6658,251728,0.898882;6419,360031,0.968055;9044,270052,0.887238;9961,416541,0.947267
29006,12018471;7119,2489777,0.999451;6833,250131,0.90124;6013,356539,0.964946;7694,267235,0.888214;8246,412743,0.945336
28973,12013842;7324,2475611,0.999126;6845,247320,0.902113;7939,356251,0.966592;8810,265062,0.885308;9885,412337,0.947653
28695,11991429;7751,2476786,0.999289;8585,245061,0.901219;7964,347700,0.966978;10664,259815,0.882646;12004,406455,0.943345
28370,12009400;6458,2480961,0.99935;9002,241096,0.900853;8185,341914,0.967242;11104,259978,0.884434;12572,402107,0.943121
28077,11977557;6456,2481726,0.99935;6730,239536,0.901422;5599,344391,0.967568;6624,258100,0.882686;8592,400592,0.941943
29013,12006570;7708,2483091,0.999411;7539,239908,0.899431;6722,345720,0.966267;7135,258051,0.880695;8160,404923,0.940886
28757,12006183;9087,2482485,0.999451;6773,242735,0.902479;5518,349677,0.967121;7140,258492,0.880289;8641,407900,0.938895
27828,12000330;9220,2477776,0.999431;6318,236029,0.90636;6793,340946,0.968563;8700,256135,0.882524;7926,403699,0.936029
28142,12024296;9728,2480065,0.999147;6136,232627,0.909002;5474,335223,0.968116;6894,251923,0.87783;8303,396158,0.93481
28927,11980562;10479,2478162,0.999512;6225,233793,0.907214;5649,337725,0.967588;7313,251215,0.878988;8300,399871,0.934485
29142,11994337;9129,2481851,0.999004;6502,234554,0.911278;5321,340613,0.966999;7133,254437,0.879333;7573,402365,0.933713
30047,12015932;9449,2481358,0.99935;5854,233039,0.912558;5078,338624,0.969336;7098,246969,0.872668;9513,402969,0.932534
32445,12025586;10124,2474561,0.999533;6857,222962,0.915139;5276,329181,0.969092;6810,241020,0.882199;8072,391360,0.931051
33241,11844941;7734,2480768,0.999289;5298,191273,0.921744;4948,281437,0.970697;5543,207376,0.880289;9556,340341,0.926174
32947,11480970;7088,2482236,0.99935;6773,156526,0.930563;4772,229922,0.97216;4633,170119,0.879963;5618,281434,0.924324
29882,10493449;7832,2487255,0.999025;4867,123100,0.935765;4532,184397,0.973237;4599,133199,0.882788;5516,218963,0.921723
27656,9857286;8747,2479096,0.999086;4918,99864,0.940581;3873,152004,0.975757;3570,111892,0.88291;4277,181660,0.920748
24698,8645327;7814,2480125,0.99935;3782,73922,0.944442;3823,111294,0.977545;2889,81008,0.881386;3206,134542,0.91965
18849,6824565;6877,2482304,0.999472;3676,53735,0.950132;2861,79536,0.97911;1672,57363,0.883906;1992,92807,0.920219
13960,5268511;5959,2477668,0.999512;3122,35299,0.953424;2782,52881,0.979943;1243,38843,0.884393;1251,61553,0.92024
8049,3097099;6158,2479965,0.999309;2874,20790,0.954562;2492,30289,0.981081;600,22826,0.8861;750,37032,0.921357
6090,2371021;6137,2487955,0.999004;2656,15465,0.954826;1961,23840,0.980939;517,18225,0.885572;553,27732,0.920524
4061,1557545;6028,2484260,0.999431;2407,9003,0.955334;1481,14909,0.980878;260,10457,0.885633;297,16584,0.920443
2512,967209;8142,2483039,0.999167;1706,5723,0.956289;1490,8468,0.981;177,6221,0.885938;215,10067,0.920443
1533,582297;8273,2476467,0.999207;1864,3195,0.956493;1595,5049,0.980979;104,3511,0.886283;97,5756,0.92089
987,375286;5984,2480793,0.999228;2277,2241,0.956574;1483,3256,0.981061;66,2571,0.886466;86,4337,0.920849
522,195701;6306,2480469,0.999329;1712,1254,0.956432;1351,2135,0.981061;45,1623,0.886304;48,2341,0.92089
507,185955;8031,2483549,0.999472;1414,1220,0.956696;1154,1940,0.980919;53,1527,0.886243;51,2488,0.920585
439,161594;7343,2477975,0.999147;1407,993,0.956838;1072,1180,0.981081;39,939,0.886466;37,1356,0.92091
324,117606;9597,2467619,0.999451;2303,871,0.956777;1271,1478,0.98104;39,928,0.886385;41,1572,0.920829
235,83387;10898,2481640,0.999228;1306,687,0.956736;1301,963,0.981081;31,744,0.886365;29,925,0.920849
328,117595;10663,2478926,0.999329;1157,764,0.956513;944,1421,0.981;41,1143,0.886466;36,1612,0.92087
