15647,9881235;3566,847292,0.860774;5732,1110714,0.522762;6174,1256846,0.768691;8443,1134632,0.511651;8420,1258272,0.818174
18480,9888997;3626,848702,0.862303;5990,727408,0.546739;6045,853183,0.75749;7526,760612,0.535987;8090,863292,0.801574
18838,9888021;3624,839279,0.851282;6458,726868,0.551282;6807,861996,0.749393;8079,755945,0.533513;9001,863289,0.803374
18985,9887388;3440,844780,0.845299;6388,725841,0.543725;6396,844727,0.749168;8049,755365,0.528295;8906,857653,0.794242
19353,9888201;3588,845257,0.850202;7061,730843,0.530004;7202,853473,0.757805;8286,757686,0.535942;9202,872256,0.79928
19413,9888486;2888,840921,0.853666;6539,727345,0.550022;6798,848897,0.759649;7977,744864,0.537742;9482,862458,0.794197
19545,9888771;3455,846563,0.850922;6733,731884,0.52924;7154,863854,0.749123;8141,755021,0.523707;8968,863169,0.791408
19560,9889005;3436,843167,0.850697;6594,726426,0.54341;7084,854285,0.750922;8575,750372,0.54242;9489,869272,0.797076
19594,9887872;4150,838044,0.854116;6751,731073,0.545524;7348,856194,0.753531;8298,754017,0.535717;9308,854727,0.794647
19717,9887701;3445,841118,0.854026;6644,727576,0.540846;7097,849232,0.768511;8509,746607,0.544894;9047,856481,0.799055
19673,9886264;3439,837913,0.855825;7000,735393,0.548943;7421,860887,0.767746;8265,744729,0.545344;8899,860223,0.809627
19723,9887167;3766,838712,0.848943;6876,729769,0.546154;7250,847404,0.757715;8171,744717,0.540486;9685,859514,0.802609
19661,9887321;3501,840216,0.851462;7025,721407,0.554071;7353,840365,0.753891;8271,730043,0.535852;9089,844763,0.802429
19908,9887293;3704,844421,0.856275;6702,706347,0.534503;7041,831420,0.760234;8592,731471,0.539946;9476,832174,0.799235
19718,9886401;3505,844708,0.854251;6609,679785,0.562573;7301,801729,0.771345;7883,704863,0.536572;8877,815016,0.805803
20007,9887033;3477,843014,0.8426;5854,671891,0.554926;6959,789885,0.762348;7748,693762,0.551912;8234,808189,0.803374
19927,9887018;3748,844099,0.854656;6151,645711,0.550967;6163,758722,0.763383;7486,666952,0.554971;8137,771209,0.803149
20046,9886943;3511,845958,0.853216;5643,614816,0.55821;6216,734628,0.764957;7585,645018,0.562843;8038,748753,0.804858
19910,9884224;3594,840248,0.852362;5499,575110,0.564148;5875,697859,0.773459;6738,604860,0.559919;7533,707697,0.805848
19760,9879001;3489,844413,0.85776;4828,514394,0.599415;5354,618523,0.780387;6284,526278,0.568106;6780,639316,0.810976
19453,9682169;3504,842883,0.856275;3221,332949,0.635628;3643,404837,0.795277;3544,334139,0.580477;4146,428850,0.812191
17946,8375908;3770,847464,0.857895;2068,182382,0.665362;2049,221861,0.809492;1645,176670,0.597121;2082,241168,0.820963
11240,5596549;3544,847997,0.856275;1036,81084,0.679082;1215,101067,0.818534;594,73142,0.603464;812,106028,0.823572
4349,2201716;3533,844550,0.848538;633,29900,0.684975;627,34492,0.821907;206,25079,0.606118;266,36628,0.823617
1676,851216;3549,844555,0.858659;445,8408,0.687135;451,10994,0.822762;66,7303,0.605623;79,10732,0.824202
666,321479;3507,847580,0.85803;308,2840,0.688124;243,3796,0.822987;22,2294,0.605623;29,3565,0.824157
