14515,9881235;2109,844160,0.858165;5718,1117729,0.524247;6491,1262484,0.768421;8169,1135497,0.526766;8640,1265186,0.809132
16444,9243019;2059,845966,0.854116;3171,358636,0.566352;3279,434855,0.769456;3892,382775,0.547323;4374,449965,0.79883
16187,9192396;2032,841948,0.853126;3614,355630,0.581736;3658,427427,0.765812;3908,378217,0.555286;4486,446497,0.797661
16436,9247442;2113,842820,0.852991;3584,360112,0.586055;3378,439870,0.77103;4258,383493,0.559604;4560,454361,0.80027
17026,9085465;2223,838194,0.854386;3358,347365,0.581601;3924,427121,0.761493;3945,370552,0.561314;4408,445893,0.797211
17325,9172311;2081,843787,0.855601;3495,360663,0.591903;3619,424579,0.760909;3773,374938,0.560144;4760,443763,0.79865
17093,9233812;2067,844136,0.854386;3444,353281,0.591183;4028,435944,0.769726;4114,383571,0.553891;4838,454875,0.796806
17466,9275002;2860,846276,0.862888;2693,352536,0.588574;2978,435021,0.765857;3245,369112,0.554431;3819,451149,0.795996
17579,9238526;3126,845266,0.853711;2747,349356,0.58664;3064,432831,0.762483;4111,374993,0.553621;4851,445990,0.797526
17750,9198288;2641,843246,0.859694;3192,354659,0.588124;3176,433986,0.764013;3266,371467,0.552317;3526,442063,0.798785
17556,9187723;3108,839755,0.859154;2616,350550,0.592578;3103,426026,0.763653;4081,377312,0.549888;3463,441485,0.795412
17490,9119121;2649,841898,0.855691;3308,351334,0.592758;3821,427786,0.766397;4017,371329,0.547773;4408,440485,0.796716
17727,9264144;2575,843575,0.854116;3301,352273,0.588844;3850,436286,0.767296;4077,378310,0.544534;4082,444332,0.795816
17829,9156814;2308,842104,0.853441;2729,356722,0.588709;3142,431643,0.768061;3177,372812,0.552272;3412,441659,0.802204
17803,9179607;2237,841492,0.852452;2593,354991,0.591633;2760,431256,0.765092;3146,378756,0.55623;3745,444201,0.799865
17920,9208692;2168,848545,0.860729;3641,343985,0.594872;3803,424420,0.759694;4243,375906,0.551012;4628,442847,0.805083
17666,9275159;2950,842616,0.852632;3492,361041,0.59946;3963,430127,0.759604;4310,381144,0.550382;4633,446664,0.795232
18234,9243031;2964,847023,0.850697;3557,359620,0.598785;3881,432094,0.758075;4148,380432,0.555061;4514,449432,0.793702
17820,9213452;3899,847736,0.854701;3439,352566,0.595457;3971,435707,0.763878;4363,382560,0.554206;4814,456728,0.793387
18448,9235087;3987,843903,0.851327;3654,364767,0.588214;4070,436412,0.766802;4788,384419,0.554206;5273,454053,0.795682
17701,9151943;3967,840206,0.849438;3925,347962,0.588934;4220,424924,0.764372;4421,371870,0.547323;4719,445290,0.795547
18201,9220297;3960,843798,0.859109;3602,358930,0.595592;4174,426156,0.765677;5057,375436,0.550517;5572,444256,0.801215
18256,9222483;3896,841830,0.848403;4027,349273,0.596131;3950,429342,0.765272;3300,374146,0.552047;3585,444961,0.792218
18321,9251969;3937,845922,0.854386;2872,355491,0.597436;3180,441350,0.765542;3470,378322,0.553981;3830,449316,0.793837
18231,9241884;4145,841807,0.853036;3025,354853,0.583266;3173,433651,0.767251;4309,373960,0.566892;4811,451257,0.796536
18004,9269675;4491,841325,0.8565;3929,361731,0.58475;4045,436777,0.765362;4124,371645,0.553756;4842,449127,0.797031
18414,9238469;4353,846345,0.859784;3650,357050,0.587314;3619,439931,0.77238;4396,384108,0.567251;4754,450123,0.797571
18272,9206531;4617,838783,0.854476;3445,349397,0.585515;3831,438878,0.766532;4363,376235,0.569411;4746,455446,0.802114
18317,9137640;4142,846911,0.855511;3553,348724,0.592263;3819,420600,0.762618;4129,367122,0.566622;4927,438526,0.805038
17937,9236190;3850,844261,0.847503;3892,355045,0.589699;4048,435827,0.758345;4480,367182,0.562033;4969,452354,0.8009
18213,9242897;2996,843847,0.840441;4043,358877,0.588169;4214,432366,0.757895;4295,379973,0.567521;4897,446467,0.795861
18419,9228275;2959,843928,0.853351;3621,353590,0.587314;4087,429083,0.757715;3746,366532,0.559694;4184,447757,0.798965
18893,9110592;3125,842867,0.857085;4335,359806,0.588979;4285,435201,0.75614;4416,375939,0.561628;4057,443741,0.799055
18355,9191161;3284,844087,0.860099;3327,351667,0.588304;4153,432709,0.77103;4797,365776,0.553936;5232,437833,0.803194
18588,9259819;2804,842907,0.856815;4192,360516,0.585245;4466,442737,0.766352;4805,379580,0.55614;4081,449875,0.801619
18118,9185362;2816,845328,0.853486;3501,357513,0.58493;3554,429431,0.765047;3863,374606,0.553576;4593,443607,0.796851
18879,9307636;2807,839909,0.850517;3969,358754,0.592038;4656,435703,0.761583;4815,375324,0.559334;5292,452542,0.797481
18803,9183182;2839,845817,0.850697;3853,355247,0.579487;3645,435868,0.767117;3654,380114,0.55776;4544,442773,0.793297
18658,9149715;2826,842117,0.849888;3680,359767,0.582816;3836,438899,0.764777;3918,370718,0.547413;4297,447498,0.792937
18741,9194799;3859,839647,0.853036;3869,359004,0.581646;4529,433734,0.760279;4765,376468,0.545704;5562,450202,0.796086
18996,9159364;3618,845198,0.852272;3829,354457,0.582681;3733,429972,0.762708;4252,371508,0.544265;4673,444625,0.796941
19651,9258761;3435,840998,0.851867;3674,347623,0.584435;4013,436316,0.762483;3556,374378,0.551147;3622,445374,0.796446
19540,9227049;3638,840073,0.852002;2874,359890,0.587135;3797,428468,0.759874;3232,374804,0.552272;3331,446121,0.78682
19752,9253253;3338,841827,0.848853;2817,363345,0.593972;2947,444892,0.760639;3229,373551,0.550562;3679,451703,0.791678
19730,9112932;3442,840856,0.845884;3088,348534,0.586415;3866,424932,0.753306;4244,364172,0.550787;4559,440535,0.792308
19600,9254281;3190,842917,0.850202;3696,355522,0.582456;4060,432208,0.753441;4580,377734,0.558839;4756,446364,0.796941
19364,9245358;3152,845745,0.851462;3725,358243,0.589069;4455,438936,0.762888;4412,374700,0.55632;4734,448940,0.790238
19577,9180528;3227,845078,0.850382;3780,346133,0.587404;3819,429540,0.759199;4209,370770,0.564507;4528,447430,0.796446
19721,9129001;3021,836808,0.851012;3677,350602,0.589609;3897,429839,0.762753;4317,363682,0.562708;4420,437413,0.795951
19575,9142445;3110,838406,0.859199;3344,348562,0.593432;4002,433120,0.760909;3927,375189,0.561808;4433,443724,0.794827
19710,9204178;3077,842806,0.852047;3434,352624,0.592218;3682,436047,0.756545;4006,372898,0.567386;3779,447473,0.800405
19438,9176045;2991,839098,0.851552;3174,355367,0.589159;3024,432394,0.766082;4287,376780,0.555331;4432,446180,0.79919
19690,9228388;3498,844755,0.853441;3642,356198,0.585245;3817,433882,0.765722;4077,380812,0.551552;4658,448987,0.796806
19687,9158009;3560,838829,0.849213;3566,351554,0.586145;3921,430045,0.768916;3981,372960,0.554431;4578,445406,0.795142
19663,9212182;4315,843765,0.852362;3805,355475,0.590688;3854,425100,0.772964;3927,371127,0.560504;4127,446624,0.791183
19839,9231473;4467,841344,0.850832;3331,353607,0.592578;3819,434793,0.768151;4826,378020,0.563158;5204,445835,0.793297
19671,9223562;4079,847311,0.851732;3736,354456,0.597211;3881,430496,0.769906;4270,373167,0.564912;4716,443795,0.79901
19369,9198298;4228,842376,0.853261;3639,356674,0.591273;3800,431016,0.769411;3348,377291,0.562438;3792,446999,0.797301
19736,9201874;3877,846215,0.854566;2942,351050,0.590688;3120,425029,0.771165;3261,374621,0.565092;3503,438515,0.79892
19838,9180555;3907,839805,0.855691;2840,350052,0.582186;2880,429304,0.764148;3271,374402,0.572695;4750,443756,0.79874
19506,9176987;3709,845425,0.847908;3610,352761,0.591183;4128,426484,0.768826;3913,368153,0.575124;4014,445420,0.79892
19866,9142328;3711,840756,0.850112;3533,353617,0.58664;3517,423020,0.75785;3199,371155,0.570085;3762,438921,0.790778
19349,9181684;3988,837181,0.852857;3236,355214,0.590688;3119,431514,0.77067;3343,366467,0.570355;3654,443378,0.794962
19637,9072744;3647,842043,0.855331;2633,348655,0.59865;2949,419832,0.77067;3131,358474,0.566082;3687,436246,0.798021
19908,9270652;3676,841469,0.8565;3063,354367,0.585965;4123,436671,0.777373;4513,375002,0.565137;4464,446300,0.797211
19905,9176829;3698,842608,0.854521;3158,346753,0.58583;3629,424358,0.767161;3294,370220,0.564372;4339,438627,0.797796
19868,9276057;3827,846456,0.852497;3367,344152,0.591453;3279,420944,0.767386;3901,360815,0.566757;4184,436980,0.797571
19744,9147006;3805,839928,0.85605;2634,348306,0.587224;2818,421066,0.755421;3454,366759,0.566712;3705,435353,0.797031
19466,9132383;3884,839626,0.847368;3344,339684,0.594152;3324,413079,0.757355;2818,352621,0.564013;3140,427561,0.791228
19606,9193343;3264,838361,0.835807;2469,355354,0.590058;2894,420548,0.763518;3502,369367,0.566802;4319,438280,0.794557
20052,9286954;3235,840591,0.848988;3453,347601,0.598111;3722,425934,0.77229;3851,368316,0.562528;4412,436636,0.793207
19749,9166100;3346,840904,0.841565;3271,336885,0.592713;3669,416382,0.77247;4261,355759,0.562168;4981,428193,0.797616
20028,9266014;4806,838657,0.852227;3898,335841,0.589294;4340,419643,0.773909;4021,356944,0.559919;4583,433374,0.795816
19678,9173281;4595,840831,0.852991;3545,341321,0.600225;3836,414445,0.771525;4582,361354,0.564507;4947,425809,0.796446
19549,9137148;3176,846533,0.857175;3964,337738,0.598201;4376,406409,0.768646;3413,355932,0.563653;4592,423341,0.791048
19621,9242562;3179,841591,0.846469;3515,335941,0.60009;3777,418135,0.770805;3715,356216,0.562123;4328,429031,0.793387
20011,9348057;3143,842685,0.845974;3785,346929,0.605983;4133,427711,0.77283;4488,371927,0.57004;4909,445485,0.801664
19859,9195408;3100,843689,0.861044;3532,329468,0.595277;3985,407810,0.773549;4341,354358,0.577508;4600,426483,0.801484
19782,9157441;3068,842944,0.853666;3420,325856,0.591678;3751,400764,0.770085;3990,343770,0.573639;4230,413346,0.80036
19794,9200936;3063,840640,0.855286;3765,340186,0.603869;3985,405311,0.769051;4100,347686,0.572515;4351,423524,0.804184
19643,9165687;3158,842605,0.851102;3795,333040,0.607917;3947,401888,0.773189;3287,347534,0.579532;3433,421051,0.808817
19645,9211522;3241,840911,0.850022;2929,333155,0.611426;3015,406347,0.774089;3148,349800,0.582861;3537,420807,0.803419
19621,9058123;3083,840921,0.85596;2845,319269,0.610841;3000,384482,0.770805;3619,327776,0.577148;3936,401027,0.79892
20015,9257851;3779,844205,0.854521;3298,322440,0.61516;3788,394915,0.773684;3923,337253,0.579847;4406,415840,0.797436
19606,9201924;3973,843918,0.855646;3253,316505,0.612955;3580,386242,0.777598;3961,326067,0.582321;4265,405416,0.800675
19959,9234127;4513,846288,0.850472;3555,319544,0.611246;3988,400933,0.773369;3932,340895,0.581287;4294,413635,0.794467
19950,9239706;4067,846547,0.853351;3446,311572,0.616509;3679,392199,0.775124;3847,331181,0.582186;4284,407837,0.804813
19753,9124241;3169,838981,0.855061;3669,303311,0.621817;4093,367554,0.779712;4154,314515,0.584345;4740,387194,0.811246
19574,9146086;2986,843547,0.852182;3935,305437,0.627305;3479,376001,0.783041;3401,317604,0.592713;3185,390348,0.813405
19451,9171236;2866,840352,0.854161;2428,293398,0.62825;3167,371669,0.785425;3319,309435,0.596941;3832,386762,0.804453
19598,9142307;2965,841054,0.85812;3282,282452,0.636572;3427,360645,0.794107;2959,291411,0.597976;4121,374864,0.813315
19250,9167466;2908,837254,0.853396;2958,283175,0.654746;3422,354068,0.797481;3209,292964,0.594602;3761,376390,0.821907
19801,9249249;3348,843669,0.855735;3066,280142,0.669141;3413,346729,0.796401;3125,286475,0.597796;3767,374085,0.821413
19102,9206857;3929,844779,0.855376;2722,259267,0.678228;2992,323880,0.804004;2771,262300,0.604903;3367,356259,0.816869
18919,8658308;4384,846335,0.857625;2435,209830,0.695142;2515,266379,0.809762;2147,206803,0.614035;2663,293319,0.819613
15331,7358575;4359,843630,0.853171;1815,136541,0.71345;1952,176350,0.824067;1292,136911,0.621098;1725,197434,0.824606
11709,5712783;4636,843419,0.860999;1512,87948,0.728025;1291,115502,0.833243;703,81328,0.624202;1050,125842,0.827395
7370,3659549;4622,840955,0.850652;1188,47376,0.731039;973,64266,0.837112;369,42348,0.624291;560,69348,0.827755
4230,2146687;4825,840242,0.847593;808,23252,0.737832;1003,31084,0.840891;186,21280,0.625506;251,33528,0.82969
2056,1045440;4559,839652,0.853441;802,10117,0.739136;679,14501,0.84179;92,9514,0.627126;134,16120,0.829465
938,473709;3654,843863,0.852812;777,4096,0.740216;572,6495,0.84278;41,4020,0.627485;56,6461,0.829645
373,185586;3022,842128,0.855241;574,1433,0.740801;428,2549,0.84332;17,1044,0.627755;26,2042,0.82969
163,79764;2817,843220,0.846244;495,835,0.741026;375,1294,0.84377;13,413,0.628025;21,1013,0.829735
157,75314;2890,847740,0.860099;741,701,0.741296;434,1197,0.84323;16,661,0.62771;21,1492,0.829195
