26774,9881235;9650,2213739,0.999415;6011,534022,0.902137;6402,658667,0.975214;13194,491909,0.846086;11149,640217,0.973819
26060,9799332;9941,2218374,0.999213;6223,235961,0.894714;5624,337161,0.967544;8189,250781,0.87843;8795,381363,0.961876
26439,9805768;9853,2225803,0.999348;5984,233256,0.892623;5688,338633,0.966734;7891,252142,0.884503;8934,385125,0.954993
26811,9802492;9899,2228910,0.999618;6826,236391,0.891386;5936,340953,0.967926;8108,252572,0.888147;9513,389399,0.95713
26825,9799092;9837,2221446,0.99946;6916,234918,0.890576;6233,338860,0.966824;8430,250118,0.885875;9355,383103,0.955758
27136,9811486;9893,2225975,0.999348;7301,235505,0.893095;6207,338909,0.967656;7063,252140,0.892195;9252,384317,0.955263
26464,9783929;9897,2222181,0.99955;7518,232902,0.887809;6113,334792,0.965857;8486,247522,0.893725;9112,382810,0.955331
27403,9786883;9998,2225557,0.999438;7375,234905,0.894489;6260,336927,0.968106;8575,247734,0.891071;9054,381100,0.955893
27717,9806222;9859,2223125,0.999393;7036,233132,0.888731;6312,339449,0.966442;8687,251395,0.887539;9433,384970,0.954116
26980,9772724;9942,2224135,0.999483;7143,234537,0.889901;6262,334954,0.967229;8739,249119,0.890801;9170,380463,0.953014
27311,9794905;9952,2220818,0.99901;7369,236016,0.892218;6605,338720,0.967027;8914,247433,0.888979;9552,384906,0.957422
27475,9803689;9905,2219926,0.999573;7327,236953,0.887742;5938,338168,0.96516;8488,252445,0.887697;8929,382425,0.951799
27983,9794770;9966,2228864,0.999303;7089,234259,0.892015;6161,336309,0.966172;8402,248699,0.883221;9199,384335,0.951844
28137,9820958;9937,2225546,0.99937;6977,237163,0.893905;6356,340629,0.966149;8592,252774,0.887877;9426,390455,0.952227
27899,9781926;9988,2218751,0.99955;7102,234527,0.892195;6269,336360,0.966937;8234,249258,0.888259;7887,382988,0.955511
27791,9795147;9900,2219680,0.99937;7238,235874,0.896064;6146,339053,0.968129;8724,250254,0.890868;9458,386053,0.955353
28952,9785008;10015,2225788,0.99946;7169,235845,0.89368;6455,338761,0.967296;8213,248791,0.887562;9239,385307,0.954678
28116,9792363;9897,2221759,0.99946;6925,233981,0.89161;6185,338988,0.965834;7946,249981,0.887404;9268,383918,0.951125
28762,9805222;9910,2219127,0.999325;7560,236284,0.894242;5998,335665,0.967791;7579,250402,0.892015;8475,386668,0.952092
28854,9811304;9940,2222172,0.999303;5327,237600,0.893702;4599,342393,0.967072;7635,250522,0.883041;9509,390932,0.951799
29094,9803638;9939,2222036,0.999505;7039,235589,0.889631;6272,337383,0.966599;8405,249099,0.883086;9283,386785,0.954071
28710,9812257;9951,2224304,0.999573;7942,238647,0.895592;6534,340358,0.966667;8504,251680,0.884638;9601,384388,0.950292
29989,9790733;9921,2227278,0.999235;7627,235991,0.896716;6000,339690,0.962438;8739,250373,0.880612;9386,385086,0.949753
30084,9803193;10050,2226915,0.999393;7261,235684,0.893432;6418,337591,0.967386;8415,247368,0.885628;9476,387090,0.951709
30032,9788168;9887,2224066,0.999438;7995,235367,0.887472;6242,337872,0.966149;8816,248762,0.88466;9686,382903,0.953554
30019,9791927;9420,2221220,0.99955;7027,234778,0.890036;6218,335026,0.965655;8819,249294,0.889226;9439,383747,0.953756
29796,9791058;9763,2219175,0.999393;7956,234389,0.894557;6203,337834,0.965227;8697,246778,0.884998;9766,383506,0.95126
30310,9784038;9762,2224577,0.999505;7565,234166,0.896604;6284,337271,0.967611;7836,246470,0.884953;9154,381125,0.951507
29901,9784981;9769,2221868,0.999505;7366,234685,0.891251;6207,336327,0.964665;8772,251672,0.881871;9116,386973,0.956005
30850,9810623;9780,2222758,0.999528;7081,237724,0.89332;6162,341369,0.966082;8862,253455,0.882614;9571,387503,0.953464
28087,9794883;9599,2225437,0.999393;7151,235022,0.893882;6254,342562,0.966554;8460,250985,0.885403;8884,384055,0.951687
28262,9782660;9435,2222516,0.999393;7174,233433,0.894647;6251,336253,0.965407;8594,248750,0.891745;8195,381207,0.955533
27841,9807389;9708,2222452,0.999505;6498,233051,0.891633;5903,338495,0.966464;8127,248574,0.886865;6826,387293,0.954566
29143,9813350;9737,2217981,0.999348;6180,239769,0.895749;6501,343580,0.967184;8572,250821,0.888731;9217,390034,0.954633
29024,9798899;9775,2228647,0.99919;7235,234329,0.893252;6027,338477,0.969073;7312,249317,0.892285;8211,383256,0.95713
29971,9782382;9757,2215102,0.999595;6776,236924,0.892128;6141,339159,0.965767;7882,251214,0.891341;6894,385525,0.955668
29790,9813770;9814,2224257,0.999618;5529,235987,0.892105;4489,338767,0.967094;6311,251700,0.883243;7932,388088,0.956298
29659,9799522;9422,2226211,0.999438;7126,236228,0.891835;6178,336701,0.965789;8571,248231,0.877126;9111,383116,0.953464
31368,9816126;9501,2232015,0.99946;5784,237141,0.896446;5507,341101,0.968758;8719,254776,0.888259;9564,391509,0.954026
30817,9791947;9784,2226349,0.99955;7695,233580,0.892353;6544,335088,0.965565;8484,249090,0.89161;9076,383638,0.954071
31640,9783303;9760,2219291,0.998808;7518,235154,0.892758;6149,336172,0.967746;8430,249626,0.887179;9149,382541,0.952474
30846,9799747;9790,2225386,0.999168;6800,234852,0.887719;5098,340316,0.967926;8630,251605,0.89296;8319,385893,0.955353
30960,9806217;9780,2218795,0.999303;7311,237827,0.890463;6304,340823,0.968556;8685,251102,0.889361;9414,387346,0.955713
31991,9798735;9653,2222725,0.999663;7261,235983,0.895794;6401,339514,0.966914;8684,250717,0.888079;9388,384706,0.952497
31900,9799055;9411,2224353,0.999303;7624,236072,0.895614;6161,336590,0.967364;8250,250417,0.888124;9059,385010,0.95099
32515,9789213;9684,2231955,0.99946;7572,236145,0.897796;6433,339179,0.967206;8144,250512,0.888057;9175,380423,0.948875
31117,9785808;9770,2221921,0.999573;7105,235803,0.894287;6095,339426,0.966329;8414,246921,0.88682;9202,385352,0.955083
32136,9787801;9778,2223393,0.999348;7295,236805,0.895749;6082,340502,0.968196;8395,249885,0.886977;9294,384927,0.952632
30700,9804897;9817,2231200,0.998943;6887,235434,0.894467;5101,338637,0.966824;8547,251286,0.890418;9233,383720,0.951417
30846,9808036;9815,2222518,0.999573;7053,236572,0.893095;6294,340031,0.968106;8557,249241,0.886392;9385,385420,0.950112
31458,9794339;9420,2223797,0.99919;7617,234184,0.889249;6087,337483,0.96435;7266,248895,0.885717;9371,384479,0.951642
31137,9807323;9453,2228501,0.99937;7362,236858,0.896694;6061,340208,0.966577;8712,252932,0.883648;9334,384852,0.947503
31769,9782392;9811,2235808,0.999415;7049,235866,0.893185;6348,338545,0.966307;8988,249970,0.88682;9247,384305,0.952609
30845,9811248;9810,2226136,0.99937;7426,235819,0.891475;6364,341538,0.968196;8668,250545,0.886617;9590,389335,0.953329
31774,9784960;9777,2223313,0.99919;7171,237505,0.895412;6331,337379,0.966104;8565,249511,0.891093;9152,386656,0.953914
31246,9794394;9747,2212070,0.999438;7224,232617,0.893005;5953,337329,0.965677;8497,249081,0.886527;9230,384106,0.955016
30689,9819011;9631,2223078,0.999505;7392,237939,0.895659;6344,343660,0.967521;8615,253210,0.889766;9375,387881,0.954791
31336,9822089;9421,2218923,0.999123;5654,237699,0.895929;6148,342987,0.966127;8835,256813,0.886325;9318,390796,0.952969
30961,9806294;9713,2222666,0.999483;6887,236583,0.895479;6314,339030,0.965767;7954,250031,0.880049;8295,388628,0.955083
31549,9780324;9748,2219817,0.999483;7187,233528,0.891138;6323,337722,0.967184;8395,248473,0.887607;9264,379776,0.955106
32209,9791706;9801,2225735,0.99955;7334,235918,0.890013;6168,337484,0.967724;8508,252765,0.893837;8373,385950,0.953711
31435,9799802;9817,2223361,0.999325;5336,235610,0.893815;5253,338777,0.967027;9198,250330,0.893252;9683,383825,0.951395
30367,9792550;9833,2226204,0.999078;7172,235514,0.888686;6404,338611,0.966757;8597,247770,0.890846;9104,382115,0.950427
32330,9791898;9398,2219246,0.999258;7155,235109,0.894534;6699,339133,0.967589;8659,248851,0.889361;9228,387045,0.954049
31503,9811678;9430,2214097,0.999235;7605,238093,0.888709;6430,341292,0.966734;8494,250568,0.889294;9608,388672,0.952272
30965,9794082;9782,2224766,0.99928;6907,238156,0.892937;6408,340286,0.968826;8551,249783,0.886595;8586,387390,0.951642
30970,9814172;9759,2224566,0.999168;7165,237424,0.896806;6239,340316,0.967409;8990,252840,0.890103;7240,387363,0.952654
31328,9807650;9789,2229688,0.999415;6061,237150,0.891138;6310,341832,0.966487;8703,252942,0.890441;9320,391227,0.953104
31509,9807374;9754,2220505,0.999438;6911,234714,0.895794;6170,341199,0.964867;8165,252712,0.885695;6762,388217,0.951327
31162,9807720;9561,2225421,0.999573;5533,237630,0.890486;5155,341650,0.966037;7158,251714,0.890216;8344,388329,0.950607
28823,9805688;9420,2221985,0.999235;6440,234116,0.89143;4405,336706,0.966059;6520,249918,0.89152;8479,386913,0.952429
28052,9810653;9748,2223075,0.999438;7618,236479,0.893747;5236,342357,0.9657;8743,254275,0.89233;9312,390544,0.954318
28054,9784628;9742,2219262,0.99946;7531,235072,0.892645;6077,335512,0.965947;7444,249503,0.887697;9303,383222,0.954184
29234,9805503;9757,2222694,0.999348;7883,235034,0.890823;6387,337595,0.965632;8594,249293,0.891993;9391,383747,0.953014
28877,9810933;9768,2226897,0.999528;6976,235122,0.888979;6500,341400,0.968196;8816,252353,0.891475;9340,390276,0.958367
27245,9774885;9793,2223179,0.999505;7097,232153,0.897054;6068,334526,0.966239;8450,246386,0.885448;9231,378661,0.955151
26677,9780539;9386,2221943,0.999573;7082,233890,0.894399;6105,335246,0.967949;8400,249006,0.884885;8956,382395,0.954633
27668,9789874;9458,2218895,0.999438;6858,234244,0.89242;6005,335759,0.966667;8460,250759,0.886932;9083,385711,0.953531
27741,9797789;9789,2220929,0.999235;6925,235422,0.896131;6313,337887,0.966734;8567,249644,0.887157;9118,385381,0.951912
27008,9810333;9782,2219773,0.999303;7249,234898,0.89368;6160,341028,0.968151;8462,252882,0.884998;9181,387638,0.951732
26759,9796021;9789,2222704,0.999325;7046,235205,0.890711;6316,336859,0.964777;8731,254047,0.892308;9084,385687,0.954206
26548,9791153;9780,2219268,0.999438;6856,231913,0.889631;6134,334720,0.965947;8343,247014,0.890306;8976,382027,0.954971
27055,9794418;9597,2225292,0.999325;7239,234294,0.889519;6274,338216,0.966262;8595,248192,0.880319;9187,382407,0.948763
26446,9815089;9430,2223987,0.99946;7067,235263,0.890328;6490,341102,0.968129;8870,251629,0.882006;9349,387514,0.954116
26160,9806549;9723,2229813,0.999348;7333,237868,0.893095;6401,341770,0.969141;8800,251037,0.885043;9315,385109,0.952002
26626,9796386;9694,2214315,0.999123;7189,235366,0.890981;6242,339870,0.967994;9028,251850,0.894467;9405,384175,0.953149
26852,9791961;9760,2227099,0.99955;7371,235489,0.896019;6146,336408,0.964327;8765,246240,0.883716;9487,383386,0.948898
26450,9803345;9870,2225115,0.9991;7322,232534,0.890216;6225,338202,0.964575;8582,248520,0.884525;9658,386950,0.95126
26504,9813405;9818,2221422,0.999393;7543,237979,0.892533;6416,341415,0.96543;8672,251221,0.882614;9346,391546,0.951664
26082,9789451;9857,2232083,0.999438;7500,233544,0.887922;6249,337862,0.965295;8642,249725,0.879352;9274,385331,0.95135
26618,9807610;9825,2227404,0.999168;7503,236212,0.897976;6405,338443,0.967139;8830,252090,0.892758;9099,382348,0.953419
26463,9811745;9843,2231130,0.99937;7334,235432,0.896761;6493,341330,0.96498;8807,251036,0.886505;9400,389928,0.957175
26512,9805692;9857,2229665,0.999325;7268,238446,0.897391;6069,338127,0.965205;8788,248483,0.883941;9402,382618,0.954498
26364,9817182;9785,2222601,0.9991;7214,237054,0.895861;6191,343840,0.965789;8580,251553,0.887944;9715,390325,0.955533
26715,9811982;9799,2223334,0.999303;7355,237149,0.893927;6578,343657,0.965475;8590,252223,0.887022;9326,388955,0.952654
26675,9807726;9800,2230893,0.999325;7710,235504,0.895097;6324,339107,0.968174;8510,250939,0.88574;9168,386206,0.952901
26594,9805492;9753,2216493,0.99928;7389,237027,0.892892;6396,339683,0.965902;8778,251491,0.885875;9233,386791,0.950742
26528,9809360;9808,2227210,0.999325;7087,237265,0.895592;6438,341529,0.965362;8815,249853,0.888057;9398,390233,0.952789
27015,9773154;9811,2229083,0.99946;7021,234323,0.895816;6163,335142,0.966284;8818,248564,0.887877;9302,381263,0.951844
26230,9783802;9798,2217801,0.999505;7076,234992,0.895367;6068,337075,0.965947;8519,249932,0.890621;9600,385858,0.954881
26130,9777195;9772,2217838,0.999258;7022,233258,0.894399;6192,336644,0.965677;8397,246371,0.887877;9184,381064,0.954251
26976,9794575;10239,2229007,0.999505;7108,235365,0.890576;6199,338504,0.967656;8391,249548,0.887562;9235,387434,0.955556
26605,9809896;9921,2230622,0.999168;7042,237930,0.895389;6001,341383,0.967836;8431,251941,0.889001;9048,387472,0.950067
27214,9802621;9460,2222687,0.999505;6992,236994,0.893545;6024,338387,0.967072;8606,253210,0.889699;9154,390134,0.955443
26903,9800824;9854,2223385,0.999303;6925,234716,0.891925;6021,337961,0.967341;8265,250537,0.892623;8972,384168,0.953869
27255,9796716;9839,2213615,0.999505;6972,237820,0.893275;5993,339274,0.965744;8635,251790,0.893117;8919,382986,0.95686
28443,9789620;9456,2221827,0.999235;6787,233499,0.895861;5997,335781,0.968354;8154,247926,0.889811;8790,378097,0.952294
28589,9801206;9660,2218743,0.999618;6931,237836,0.89278;6011,338540,0.966014;8721,251455,0.883873;9064,386993,0.955533
27693,9811208;9884,2226859,0.999505;6964,235570,0.894017;6138,338140,0.965227;8501,253608,0.885717;8929,387321,0.951844
26838,9805008;9713,2229160,0.999348;7113,235115,0.892892;6246,338788,0.968578;8374,248963,0.890733;8902,383525,0.951372
26974,9801318;9407,2224688,0.99937;6852,235309,0.894894;5932,338885,0.96561;8337,251680,0.89341;8941,387876,0.95135
26837,9809536;9781,2225485,0.999235;6891,237204,0.894017;6221,341726,0.966487;8449,250945,0.889609;9172,391312,0.952901
26486,9792929;9832,2223371,0.999505;6781,233943,0.891768;5940,336501,0.966329;8322,249479,0.884525;8977,384319,0.954656
26583,9805716;9398,2226189,0.999573;7048,237129,0.894152;6117,339297,0.966959;8415,250924,0.883603;8999,386037,0.951664
28189,9810604;9786,2220063,0.999528;6890,233738,0.893432;6157,336468,0.963923;8308,249424,0.882794;8913,384526,0.952654
27028,9815402;9821,2226741,0.99937;7457,238949,0.894309;6348,344825,0.969028;8522,255570,0.881377;9324,388698,0.952654
27356,9787873;9481,2218261,0.999213;7083,233949,0.893747;6517,336740,0.967386;9037,249283,0.889586;9171,382958,0.953981
25768,9802792;9376,2219607,0.99937;7482,234301,0.895299;6558,338373,0.968376;8448,250043,0.891925;9514,385527,0.955646
24997,9805479;9763,2225320,0.999213;7007,234974,0.894714;6241,337378,0.967634;9033,249018,0.88556;9422,385563,0.954318
24891,9818837;9726,2222851,0.999573;7599,238331,0.891813;6889,343919,0.967814;8595,253284,0.887517;9542,388067,0.95117
24454,9792035;9750,2227617,0.99937;7231,236126,0.892848;6294,339623,0.966847;8848,250707,0.888462;9147,383636,0.954588
24793,9810154;9750,2227303,0.999325;7535,235332,0.894557;6961,341272,0.966847;8541,250973,0.881219;9664,384307,0.951822
25211,9798352;9639,2223459,0.999303;7480,235470,0.89206;6119,340485,0.965744;8814,251028,0.886527;9356,389163,0.954229
24897,9792799;9620,2221177,0.999438;7466,235419,0.894939;6411,333885,0.96498;8464,249674,0.89242;9510,384435,0.955061
24516,9805444;9661,2227111,0.999258;7224,233088,0.89143;6218,337286,0.96534;8932,250829,0.892308;9501,385522,0.954386
24934,9834125;9613,2223593,0.999528;7266,239723,0.889721;6577,345058,0.968061;8713,256251,0.889114;9602,394747,0.954611
25151,9824746;9617,2226766,0.999393;7136,237805,0.89224;6175,339886,0.96525;8916,253695,0.892173;9768,393117,0.952429
26264,9794253;9637,2232132,0.999415;7517,233903,0.890553;6593,336010,0.963585;8759,250863,0.8917;9132,383461,0.952789
24693,9772772;9619,2220765,0.999145;7248,232987,0.896019;5842,333164,0.963945;8454,245909,0.891723;9067,378487,0.953486
25211,9786751;9637,2223228,0.999325;7824,234145,0.895794;6514,336851,0.966667;8507,247824,0.883401;9144,382547,0.95108
25668,9810606;9636,2220533,0.999303;7334,234813,0.894782;6249,341538,0.966734;8501,251346,0.887809;9178,385283,0.952946
25437,9811966;9669,2220758,0.99955;7388,237383,0.895119;6191,341281,0.965677;8413,249581,0.884345;9422,388520,0.955061
25253,9813345;9648,2228426,0.999235;7172,235585,0.894265;6234,341558,0.967859;8510,251622,0.883693;9447,389137,0.952519
25145,9804932;9068,2217237,0.999078;7180,236128,0.89278;6355,342703,0.969501;8703,253959,0.891026;9401,386449,0.952519
28413,9804441;9187,2224440,0.999078;7165,236587,0.895479;6334,337791,0.966914;8518,250131,0.887854;9309,383939,0.953959
28518,9815471;9016,2231935,0.999573;7139,235074,0.891093;6506,341239,0.967521;8547,251355,0.881984;9514,391819,0.952407
30695,9821622;9248,2226206,0.999078;7800,237850,0.891296;6452,342146,0.966577;8682,254471,0.890193;9291,391202,0.95641
30931,9795252;9282,2230259,0.999663;7254,235771,0.892128;6393,337501,0.9639;8393,248508,0.890688;9315,381770,0.954206
30792,9787704;8957,2230632,0.999505;7051,233068,0.89188;6076,336483,0.964417;8420,247714,0.88547;9315,384063,0.953351
31723,9795628;9213,2227962,0.999505;7087,235138,0.895277;6279,337858,0.965205;8646,250259,0.889181;9133,383201,0.951215
29941,9803651;8980,2228032,0.999393;7557,237754,0.89332;6096,340945,0.965969;8758,249217,0.885965;9344,385932,0.951754
32005,9786270;9251,2230952,0.999168;7751,234811,0.890486;6368,339173,0.967724;8567,250185,0.895277;9592,385655,0.953261
30648,9810996;9286,2230023,0.999573;6796,237868,0.894894;6287,339802,0.966419;8830,251346,0.889249;9302,388344,0.955578
31853,9808813;8974,2226188,0.999123;8171,236391,0.891475;6299,341149,0.967814;8586,252737,0.89251;9292,389581,0.95605
29981,9816818;9218,2227856,0.999415;7277,236565,0.894197;6040,343713,0.966599;8694,252538,0.890936;9323,388012,0.953981
30046,9807875;9039,2224424,0.999415;7095,237975,0.893747;6180,339442,0.964777;8665,254634,0.896941;9214,388753,0.954633
31112,9808030;9261,2233197,0.999505;7545,236584,0.893477;6362,336683,0.964845;8933,249254,0.891318;9262,379767,0.953981
30681,9793107;9248,2215655,0.999528;7288,235234,0.890058;6371,338720,0.966082;8410,248353,0.893387;9308,384890,0.958457
30979,9811482;8981,2221042,0.99937;7313,236802,0.893815;6260,337933,0.967566;8814,251560,0.890958;9544,385454,0.954251
29813,9808269;9194,2222195,0.999348;7384,234653,0.897908;6529,336269,0.965587;8789,248751,0.887247;9302,385572,0.953374
30255,9813061;8980,2221589,0.999258;7704,236635,0.892623;5975,341147,0.967341;8718,252663,0.886145;9463,387598,0.953441
29814,9796902;9201,2215658,0.999325;7255,235374,0.89224;6386,339010,0.965475;8737,252234,0.887045;9265,385683,0.952114
31056,9807854;9270,2226132,0.99928;7104,234794,0.892982;6572,338928,0.967027;8612,249290,0.886437;9246,383473,0.952182
29693,9813519;8950,2225165,0.999595;7068,235239,0.889744;6163,340105,0.966464;8706,250662,0.888349;9311,384903,0.951844
30840,9799474;9209,2229803,0.999348;7166,235544,0.891633;6107,339446,0.967521;8594,248552,0.885515;9292,387182,0.951282
30265,9797482;9014,2222806,0.99964;7522,237138,0.890283;6287,339573,0.966892;8629,251576,0.889586;9510,389246,0.956388
29323,9796344;9252,2224895,0.999415;7215,237224,0.893905;6250,339668,0.964935;8586,251131,0.888821;9406,388603,0.954971
28751,9797304;9270,2220386,0.999618;6981,233761,0.894692;6401,335264,0.967431;8461,249679,0.890576;9267,383175,0.954948
28172,9808146;8998,2231479,0.999033;7207,236691,0.895322;6265,341650,0.966104;8514,251103,0.89161;9436,389566,0.956118
27534,9777506;9231,2220681,0.99901;7192,232100,0.888934;6087,334658,0.966779;8406,246625,0.890148;9093,378937,0.956478
27507,9801999;9032,2233196,0.999123;7122,234658,0.891228;6250,338698,0.968039;8629,250049,0.887607;9113,381451,0.952991
27960,9785206;9259,2223275,0.999528;7098,233706,0.894579;6066,337907,0.968556;8453,248327,0.888169;9114,383634,0.953621
27103,9811589;9261,2213695,0.999213;7173,235705,0.892398;6377,338303,0.968983;8453,249705,0.889114;9271,385620,0.954341
26380,9807350;8973,2224421,0.999618;7270,237297,0.892758;6201,339343,0.96516;8755,253259,0.89314;9427,387449,0.951102
26501,9807898;9180,2234871,0.999303;7307,238306,0.892105;6377,341025,0.965497;8534,251436,0.888327;9299,384720,0.952789
25239,9791181;8833,2227504,0.999078;7775,236038,0.889901;6169,339048,0.96498;8679,250160,0.890396;9225,384660,0.95108
25406,9789750;8948,2230065,0.999573;7144,234635,0.890823;6191,336871,0.966352;8884,250287,0.882546;9552,386347,0.950967
24533,9816580;9133,2225056,0.999258;7300,236223,0.890351;6438,341357,0.966779;8676,251947,0.883626;9274,387933,0.952654
24542,9794439;8921,2229486,0.99928;7458,236127,0.893387;6346,341715,0.968893;8610,252104,0.887;9217,385454,0.952249
24842,9795211;8876,2229524,0.999483;7429,237018,0.893387;6441,336173,0.96354;8607,248728,0.883378;8985,383076,0.951732
24353,9802762;9194,2226780,0.99955;7768,238701,0.892848;6218,340482,0.963225;8515,251050,0.882951;9337,386840,0.951237
25282,9802350;9084,2228459,0.999393;7299,236235,0.894714;6029,335972,0.9648;8635,250005,0.885133;9156,385767,0.952519
24679,9796125;8897,2224979,0.99901;7267,237300,0.897458;6263,340956,0.967611;8556,251418,0.87915;9317,383785,0.950675
24136,9795423;9453,2233356,0.999438;7040,234452,0.892713;6038,337791,0.965632;8739,251252,0.887629;9204,384257,0.953486
23881,9813684;8877,2223225,0.999348;7076,235887,0.894669;6391,340515,0.967881;8680,250860,0.890688;9089,386988,0.955331
24436,9789526;9053,2231823,0.999618;7451,234668,0.897368;6330,336171,0.966509;8342,247263,0.89224;9212,381009,0.953891
25035,9788705;9008,2222699,0.99928;7195,235373,0.895029;6037,336761,0.967251;8666,248483,0.888889;9095,384144,0.951147
25359,9822719;8976,2222361,0.999033;6945,235558,0.892308;6491,340185,0.967094;8625,254247,0.893342;9166,389045,0.953396
25313,9803364;9002,2227596,0.999528;7471,234469,0.89242;6060,338381,0.966014;8332,246308,0.888574;9489,385616,0.953194
25099,9791397;9022,2227556,0.999595;7397,236307,0.895906;6058,336824,0.966059;8604,248509,0.892015;9013,383059,0.953419
27108,9811767;8924,2221318,0.99955;7285,236902,0.896874;6226,339421,0.964462;8510,250469,0.886932;9336,385963,0.95126
26251,9783490;9037,2224185,0.999325;7050,233478,0.89242;6126,336633,0.965587;8515,247607,0.891341;9165,383556,0.95632
25981,9809657;9036,2234079,0.999393;6988,235178,0.894287;6391,339941,0.966172;8667,250291,0.887742;9023,385091,0.954881
25419,9798268;8974,2221953,0.999235;7593,233583,0.892398;6066,336683,0.965992;8381,248477,0.88583;9215,383145,0.954116
25856,9813436;9480,2230147,0.999483;7009,233710,0.890148;6250,337183,0.969118;8523,250614,0.889924;9218,382029,0.950832
25274,9812748;8918,2225708,0.999258;6939,234028,0.893972;6193,338043,0.966172;8753,250969,0.88457;9209,388322,0.951912
25384,9800823;9087,2224897,0.99946;7277,233279,0.893252;6380,336401,0.967341;8567,249683,0.886662;9085,384104,0.950922
26958,9800147;8997,2229189,0.999303;7162,237390,0.894557;6136,340630,0.96561;8889,251967,0.890306;9554,382251,0.952744
27176,9794489;9071,2231153,0.999483;7231,233998,0.896514;6265,336683,0.965272;8458,251151,0.888057;9159,384255,0.951754
26798,9780282;9009,2219529,0.999618;7089,233493,0.895794;6514,335524,0.965497;8752,246748,0.890891;9321,383927,0.953014
27157,9789845;9446,2222653,0.999415;7111,235029,0.895164;6148,336161,0.966172;8429,247941,0.887314;9280,380540,0.952407
27052,9813253;8918,2227772,0.999483;7435,236363,0.897751;6298,340847,0.967611;8699,250127,0.886752;9137,388468,0.953441
28177,9774795;9043,2232835,0.999393;7217,231912,0.896199;5981,332655,0.968601;8583,246027,0.888147;9335,374591,0.953599
27842,9796922;9066,2235102,0.999528;7266,236145,0.898088;6354,339687,0.966127;8395,249587,0.892285;9124,384525,0.954318
28243,9800923;9027,2228956,0.99937;7223,234533,0.900877;6477,337469,0.963945;8825,248602,0.89296;9242,381606,0.954161
28240,9801731;9453,2235889,0.99928;6961,234213,0.898898;6296,337180,0.966037;8129,246229,0.887697;8935,383541,0.954993
27630,9775565;8971,2229382,0.998943;6973,231134,0.896356;5969,334517,0.968106;8198,244523,0.895816;9001,378533,0.954453
27008,9817625;9006,2228638,0.999123;7119,235906,0.897458;6350,339935,0.969478;8445,250516,0.893342;9301,389787,0.953194
25019,9814819;9040,2224492,0.999348;7473,233449,0.898673;6083,336054,0.966374;8485,247844,0.89386;9411,381074,0.951597
25904,9781322;9053,2222028,0.999618;7376,232560,0.895682;6636,335380,0.967904;8595,246647,0.891296;9452,382836,0.953126
24866,9800092;9038,2216372,0.999663;7533,233153,0.892937;6191,337388,0.966667;8709,247640,0.892218;9301,383719,0.951867
24859,9810614;9530,2228896,0.999145;7306,236776,0.89377;6291,339908,0.965587;8590,249900,0.890103;9116,385027,0.950877
25067,9806695;8910,2219879,0.99928;7471,233163,0.89359;6144,335873,0.965812;8455,246837,0.8861;9109,382131,0.951012
24547,9813446;9101,2233319,0.999213;7158,234718,0.897076;6695,338500,0.966622;8691,250503,0.88691;9176,386518,0.952114
23974,9795125;9054,2220965,0.999618;7195,230697,0.894872;6167,334469,0.96525;8478,247063,0.887967;9389,384688,0.953329
23392,9813513;9089,2231537,0.9991;7356,232302,0.89224;6116,338409,0.965879;8470,249995,0.89206;9545,386305,0.953666
23181,9793125;9067,2224024,0.999438;7073,227701,0.896446;6153,331829,0.965969;8367,241709,0.890553;9125,374590,0.951507
23131,9791187;9500,2230487,0.999505;7007,232546,0.894422;5975,331882,0.966532;8687,247428,0.893927;9051,377957,0.951664
23221,9804274;8980,2220833,0.999595;6963,231026,0.892398;6431,333028,0.967117;8509,245024,0.884143;8979,377466,0.951889
23186,9793594;9116,2225195,0.999303;6945,231392,0.888911;6488,331201,0.96336;8381,244875,0.884413;9090,378737,0.95126
23045,9788746;9045,2216949,0.99937;7245,230687,0.894152;6158,330478,0.967521;8072,242873,0.889339;8690,378608,0.952272
22343,9819187;9039,2218749,0.999348;7083,231906,0.891543;6179,334747,0.966262;8563,248913,0.891273;9056,384495,0.951462
24994,9781289;9560,2226841,0.99919;7327,228849,0.892083;6323,327791,0.965047;8353,244386,0.890621;8894,376799,0.952339
24523,9799198;8980,2224173,0.99937;7825,230786,0.894332;6443,331006,0.965789;8191,242324,0.883018;8878,376644,0.95072
26032,9821015;9098,2226724,0.999258;7536,231417,0.895074;6207,332479,0.966082;8404,246476,0.889744;9020,382476,0.949573
26675,9784149;9083,2229206,0.999303;7285,227411,0.894917;6317,324281,0.965969;8268,243161,0.887629;8749,370430,0.949078
26329,9802801;9057,2225319,0.999303;7365,229555,0.892937;6160,333779,0.968803;8324,245023,0.885493;8925,380786,0.95126
26232,9802977;9031,2221171,0.999708;7354,227190,0.892488;6221,327319,0.967769;8214,244007,0.888034;8835,375789,0.951642
26126,9808626;9471,2220892,0.999505;7493,230436,0.893072;6046,331564,0.967049;8329,246741,0.885515;8941,380011,0.954588
25873,9808333;8950,2230605,0.999438;7320,225415,0.893095;6226,328307,0.966959;8288,244840,0.885807;8968,378005,0.952609
24370,9799378;9065,2229921,0.999483;7539,227719,0.894287;6008,328012,0.966509;8322,243581,0.887989;9030,373185,0.951844
24156,9789244;9048,2224359,0.999325;7236,225753,0.898493;6302,323854,0.966037;8063,239924,0.887022;8921,370388,0.951305
23934,9798687;9062,2230525,0.99946;6998,227331,0.89386;6137,326064,0.966307;8128,242177,0.888282;9136,378432,0.951597
24350,9783884;9193,2222282,0.999528;6910,225764,0.896514;6084,325851,0.964912;7953,238222,0.887494;9058,373547,0.950585
23401,9794932;8997,2219760,0.99946;7000,227159,0.892285;6427,328530,0.967184;8121,243358,0.884278;9311,377795,0.948965
24382,9823570;9001,2224530,0.99946;7104,230074,0.89883;5931,329753,0.967746;8281,245432,0.886257;9357,378000,0.949393
24028,9800447;9056,2226464,0.999483;6995,226582,0.897458;6282,325397,0.967971;8255,242390,0.887449;9222,369070,0.948628
23913,9807582;9033,2228448,0.999145;7123,228218,0.896941;5905,325162,0.967386;8270,242751,0.891453;9281,375237,0.947346
25611,9813073;9024,2225019,0.999685;7031,227710,0.896199;5950,328242,0.967881;8324,242788,0.890103;9183,373028,0.948111
27015,9818480;9510,2227215,0.999258;6808,226460,0.900202;6188,328978,0.967544;8324,242768,0.890126;9111,376874,0.947054
26971,9783234;8935,2226621,0.999235;6623,220194,0.90045;5982,316134,0.966239;7901,236107,0.895119;8941,366638,0.948201
28373,9807373;9078,2225517,0.999415;6640,223819,0.893455;5982,325190,0.969208;8220,242061,0.894354;9032,373330,0.948943
29052,9785191;9060,2220567,0.999393;6876,219468,0.894624;5808,316942,0.969591;8036,233090,0.888799;8776,364110,0.948201
28750,9809084;9047,2222630,0.99955;7021,223428,0.896986;5884,322837,0.968354;8202,239162,0.887314;9073,375805,0.946694
29184,9823129;9053,2225172,0.999595;6987,223373,0.896694;5822,321721,0.967296;8299,239471,0.885852;8958,373078,0.948246
30703,9813326;9501,2223510,0.999483;6715,219349,0.900675;5907,317894,0.967161;8098,236160,0.884975;8901,368921,0.947346
30275,9819445;8953,2222647,0.999663;7218,221452,0.89883;6096,315133,0.966194;7906,235522,0.886842;8352,366459,0.94377
31899,9809783;9084,2227707,0.999483;6374,218303,0.89937;5751,312086,0.967094;7853,233607,0.891296;8543,364783,0.945951
32268,9810916;9035,2219634,0.999483;6280,219345,0.899685;5801,317641,0.968466;7776,234862,0.885223;8653,366308,0.943207
33094,9790588;9050,2222581,0.999505;6407,214549,0.901417;5758,313647,0.968421;7735,232833,0.880589;8539,359324,0.942758
31246,9806055;9556,2222849,0.999145;6311,215026,0.90036;5766,311773,0.967971;7739,231751,0.881759;8654,363289,0.940036
29925,9775682;8942,2221201,0.999033;6603,207911,0.902182;5736,303527,0.969366;7593,226100,0.884413;8558,359362,0.940283
26802,9792979;9035,2225582,0.999325;6368,209056,0.90587;5620,306494,0.969028;7431,225819,0.881714;8526,358967,0.938169
26098,9805855;9054,2226640,0.999505;6621,211634,0.902497;5582,309318,0.967589;7634,228761,0.877103;8577,363662,0.936077
26369,9790069;9036,2223050,0.999573;6358,208303,0.907242;5687,305784,0.968219;7367,221440,0.879735;8363,351530,0.932141
26974,9803504;9001,2219067,0.999303;6280,206549,0.90659;5667,301461,0.965497;7410,222852,0.875371;8541,354351,0.932973
27191,9806530;9506,2229141,0.999393;6211,203447,0.913428;5409,298696,0.967656;7641,220767,0.879082;8922,351293,0.930454
28891,9787493;8924,2224497,0.999393;6117,195275,0.914417;5750,288375,0.969591;7556,211194,0.878992;8612,340538,0.925664
34803,9587453;9075,2226927,0.999505;5535,160837,0.921255;5129,242084,0.971817;6170,175084,0.878587;7035,288618,0.925326
34800,9338905;9040,2219501,0.999573;5068,137570,0.927688;4503,205251,0.972627;4943,149847,0.883581;6290,250480,0.924651
33777,8759430;9060,2232777,0.999348;4516,108165,0.935268;3592,165105,0.974899;3978,118864,0.878992;4962,198748,0.92112
29151,7741293;9009,2219020,0.999325;4103,83211,0.939924;3771,125584,0.976788;3477,92219,0.883221;3602,151940,0.921008
26086,7014156;9149,2224527,0.999213;3744,68452,0.946536;3063,103538,0.978093;2788,75378,0.88475;3351,127420,0.918938
20062,5842049;9088,2220894,0.999415;2491,49762,0.950472;2370,75844,0.97906;1889,57203,0.887157;2165,91966,0.920153
15291,4557575;9096,2220771,0.999348;2168,35255,0.951867;2058,55488,0.979667;1300,40462,0.888574;1538,64049,0.921188
11900,3585724;9076,2225663,0.99919;1716,23756,0.952587;1546,36874,0.980364;759,28003,0.887967;969,46220,0.92058
8141,2386416;9078,2225326,0.99928;1627,15018,0.955016;1480,24287,0.980409;442,16587,0.890328;516,27941,0.921188
5311,1536891;9062,2224281,0.999033;1594,10028,0.955466;1176,15061,0.980184;311,11464,0.889676;356,18439,0.92112
3859,1099066;9087,2222642,0.998988;1818,6693,0.956028;1018,9929,0.980972;156,6631,0.890598;190,11166,0.92157
2353,650110;9679,2224205,0.99946;1212,4430,0.956725;938,7439,0.980994;152,5940,0.890958;162,9064,0.921615
1697,486346;9780,2220822,0.999483;994,2316,0.956928;958,3343,0.981039;61,2682,0.890576;72,4218,0.921368
563,154731;9890,2226298,0.999483;1413,1251,0.956523;1027,1960,0.980859;33,1014,0.890486;41,1999,0.92148
