6151,4140003;1404,381790,0.981793;1783,438496,0.985268;1823,467445,0.997498;2032,425170,0.95622;2164,422964,0.978249
5643,3832880;1422,387747,0.981445;1121,127844,0.967616;1155,150730,0.986588;1036,135964,0.911953;1131,139788,0.93155
5074,3825233;1406,389907,0.97665;1281,132074,0.927519;1232,160105,0.969771;1104,140442,0.874357;1229,151064,0.901529
5247,3891372;921,396681,0.978666;1479,139418,0.911049;1280,166438,0.957748;1234,145882,0.849409;1262,160469,0.887422
5294,3838321;975,402986,0.970188;1678,139656,0.905837;1367,168829,0.959764;1172,144051,0.833634;1326,162579,0.892703
5212,3853590;961,406506,0.972967;1450,135792,0.900069;1343,169874,0.949757;1271,146774,0.847116;1369,162098,0.892703
5712,3873574;963,412095,0.971369;1605,139674,0.885407;1461,171673,0.942321;1279,148860,0.838846;1407,166528,0.892842
5561,3852828;967,413038,0.975191;1610,138940,0.884225;1403,174297,0.943989;1315,150079,0.836831;1401,172269,0.899097
5683,3856370;1021,417337,0.974149;1253,140350,0.887144;1402,174659,0.951077;1346,149357,0.845726;1398,169909,0.901807
5255,3872508;1047,414368,0.975261;1538,142205,0.881237;1508,176771,0.942738;1451,151726,0.839055;1446,175018,0.905559
5552,3878293;1039,417812,0.968867;1336,141775,0.862474;1539,180680,0.937804;1517,154787,0.838916;1632,183473,0.896942
5666,3867335;989,418270,0.966921;1554,141061,0.859347;1575,180691,0.928978;1479,153446,0.824809;1179,181606,0.898471
5782,3839610;974,425528,0.970118;1601,140297,0.849965;1332,181095,0.938221;1562,153893,0.82599;1754,184703,0.902293
5392,3845604;979,426392,0.962474;1635,141621,0.834121;1195,183740,0.926338;1217,153605,0.825156;1336,187906,0.900278
5749,3817230;981,428526,0.961571;1065,142175,0.818972;1144,179664,0.911744;1111,153075,0.805976;1469,184684,0.886727
5843,3855330;1016,433064,0.952189;1661,146954,0.826963;1581,186493,0.908548;1649,154868,0.804934;1782,190776,0.896247
5595,3843821;1012,431256,0.951008;1702,148624,0.822238;1614,191149,0.909659;1720,159530,0.814315;1745,195296,0.899444
6117,3890292;983,432588,0.947672;1913,149598,0.811675;1633,194002,0.908339;1668,158985,0.798958;1886,197043,0.895761
5603,3803550;959,436046,0.948992;1798,143719,0.816192;1581,188302,0.895483;1652,156078,0.795691;1843,193779,0.893259
5729,3834740;1002,435365,0.939819;1884,145420,0.79722;1469,189911,0.893329;1961,159211,0.797776;2017,196737,0.889507
5719,3855094;1008,438120,0.93155;1847,147623,0.802571;1674,189241,0.90417;1635,154290,0.788951;1794,198666,0.89312
5584,3801790;984,436734,0.940236;1497,146633,0.79722;1721,190311,0.89458;1729,156595,0.785059;1882,193425,0.894302
5999,3905159;1007,437827,0.937318;1716,147068,0.795066;1635,194858,0.893329;1765,161815,0.783878;1937,205753,0.901181
5837,3811520;1024,434766,0.933912;1652,149995,0.791939;1697,191654,0.889507;1805,157504,0.785198;1951,198057,0.888742
5565,3855102;1021,434544,0.928423;1596,149328,0.789576;1693,191580,0.894788;1857,158553,0.78624;2013,203074,0.89173
5934,3816365;1014,436977,0.932036;1672,148223,0.783391;1540,189989,0.889993;1296,155461,0.7836;1386,198574,0.885129
5679,3843700;1003,436579,0.929673;1443,149145,0.784851;1291,190438,0.89319;1529,156931,0.767825;1597,202996,0.884851
5845,3865581;1394,436776,0.928492;1145,146855,0.784851;1169,190896,0.890202;1361,157497,0.767547;1581,201543,0.888881
5869,3864827;1550,438285,0.928075;1629,148978,0.792912;1675,194519,0.889437;1892,163567,0.777345;1891,201348,0.89319
5653,3793613;1504,433764,0.924878;1644,147451,0.785198;2041,190496,0.886449;1806,156754,0.789507;1976,197475,0.896456
5693,3858662;1488,437301,0.932314;1634,147573,0.792564;1575,190044,0.899305;1710,158197,0.79319;1852,195800,0.897151
5701,3804890;1445,433908,0.936692;1471,144740,0.8;1608,188253,0.894371;1680,154061,0.798332;1394,193157,0.899166
5822,3911728;1475,434932,0.934468;1693,146999,0.822307;1553,186589,0.901598;1710,158941,0.790966;1927,193175,0.896247
5645,3812863;1462,432279,0.940375;1280,136475,0.818624;1339,176759,0.901042;1183,146050,0.792703;1203,184786,0.896108
5678,3791804;1397,429454,0.931202;1150,137196,0.815844;1422,176924,0.899305;1214,149356,0.792356;1326,182225,0.893607
5693,3843811;1402,430885,0.934121;1496,144910,0.819527;1445,187582,0.901459;1278,155148,0.798193;1229,192604,0.896317
5543,3805708;1413,426913,0.94107;1421,136773,0.82057;1194,175674,0.905212;1386,147687,0.800417;1316,180200,0.9041
5722,3764597;1406,428187,0.947255;1309,132476,0.81911;1262,166818,0.903753;1333,139985,0.810007;1483,173910,0.907436
5719,3815416;1406,422442,0.943641;1324,133701,0.825434;1476,170085,0.91237;1383,141961,0.812995;1529,174542,0.903753
5306,3796110;1411,422026,0.943641;1484,133297,0.826338;1540,165394,0.906671;1454,140227,0.815983;1464,167775,0.9
5755,3843491;1433,421185,0.950243;1468,130152,0.820431;1428,165548,0.911536;1391,139000,0.822307;1457,165668,0.90132
5610,3797007;1420,417509,0.941209;1435,129472,0.823419;1488,162643,0.901042;1377,139734,0.816053;1541,167000,0.883947
5731,3792847;1397,416885,0.949618;1439,125900,0.828631;1193,159128,0.907783;1044,135017,0.829465;1127,165818,0.88353
5771,3737585;1503,409612,0.946004;949,116709,0.818694;945,150955,0.908965;1050,127475,0.836345;1160,153817,0.889993
5562,3799165;1511,412474,0.95893;1325,123041,0.830855;1215,149140,0.90688;1174,127649,0.831758;1338,154342,0.893051
5713,3824186;1497,405748,0.948575;1191,117726,0.824183;1209,149114,0.909659;1197,123168,0.830994;1360,150890,0.907714
5751,3752577;1406,402565,0.952259;1406,115680,0.845101;1351,141903,0.915288;1222,122179,0.833495;1275,146785,0.90549
5406,3716615;1386,401697,0.951494;1250,112227,0.847047;1248,137587,0.921821;1145,116780,0.841348;1184,138292,0.899861
5981,3584628;1412,402694,0.95476;1330,103949,0.856845;1140,125430,0.918833;998,111629,0.845726;1158,125779,0.900695
5727,3656875;1393,396760,0.952606;1426,103522,0.84927;1228,129193,0.932245;1106,114626,0.843363;1173,130307,0.904587
5241,3635949;1494,393817,0.950174;1174,98027,0.852814;1180,121375,0.92189;1035,108905,0.851494;1231,121863,0.900973
5731,3443160;1503,396000,0.951633;1003,92051,0.853787;1059,109651,0.922585;615,95727,0.846699;657,105378,0.901459
5386,3465169;1453,391120,0.944475;884,83346,0.844545;865,104370,0.92606;593,90324,0.845031;661,104018,0.901251
5991,3408154;1488,390395,0.945309;1083,81296,0.83704;714,97937,0.913134;560,87896,0.850869;634,97017,0.902015
5408,3237074;1506,388184,0.951425;787,71708,0.842946;636,88664,0.922446;483,78718,0.850382;530,87952,0.90417
4635,2565564;1462,386724,0.944892;767,47916,0.845657;576,58939,0.917443;283,50856,0.847533;313,55230,0.903614
3216,1693103;1488,387618,0.951494;534,27674,0.852745;412,31467,0.925504;158,27952,0.854482;185,32541,0.902571
1731,939977;1530,387066,0.948228;349,13185,0.856359;393,16561,0.925434;76,15920,0.857262;86,16356,0.905212
778,409089;1525,386266,0.955038;231,5347,0.85747;201,7116,0.926129;28,6600,0.856637;35,7145,0.906115
439,232342;1491,385369,0.953509;253,3142,0.858652;129,3690,0.925921;15,3197,0.857262;17,4113,0.907922
143,74427;968,385676,0.951564;211,1221,0.859347;248,1387,0.926129;6,1078,0.857123;9,1361,0.910076
