82016,4498500;23281,1185531,1;6426,245762,0.9872;6486,287043,0.998133;8004,236220,0.989467;8936,258087,0.998
83132,4503012;25313,1266720,0.999533;6949,141897,0.9432;6663,189397,0.978;6411,141564,0.892633;7836,182761,0.9182
82750,4503623;26072,1297455,0.9982;7125,154859,0.921567;7957,212438,0.973467;7226,154849,0.882133;6574,211983,0.9244
82435,4503720;26842,1343968,0.9992;5910,157309,0.912;5776,220628,0.976967;5615,158811,0.881;6277,223869,0.924433
82421,4504086;26285,1363110,0.9979;5342,163364,0.900367;5669,232171,0.9675;5612,162230,0.874633;6783,232078,0.924633
82207,4504119;26060,1370777,0.9978;5109,159460,0.879467;6883,230750,0.969433;6868,161460,0.862233;8591,234161,0.925867
82025,4503838;26453,1396798,0.998467;6319,157677,0.880233;7176,228228,0.968067;7008,159246,0.852933;8337,238056,0.924767
81563,4503434;27287,1404145,0.997433;6231,153399,0.878067;7603,221847,0.958367;8024,158010,0.850933;8425,231429,0.9188
81333,4503058;25298,1411335,0.9981;6319,148169,0.872067;7154,217918,0.958567;6378,155502,0.849667;8192,229809,0.912533
81052,4502940;27151,1418932,0.996767;6078,148570,0.882633;7854,214841,0.960733;8724,154123,0.836367;10159,227153,0.909
81185,4502942;23269,1413619,0.997967;7051,146613,0.886233;7891,211934,0.957333;8575,154287,0.840633;10342,226838,0.899033
80815,4502671;28251,1412610,0.9976;6911,143687,0.8903;7669,205093,0.962367;7066,151081,0.833067;7738,221092,0.896933
80477,4502605;27464,1399705,0.996833;5694,141885,0.8925;6004,204529,0.956533;5536,152467,0.8235;6276,222440,0.8936
79901,4502348;27569,1390386,0.998667;5715,138586,0.883067;6055,200462,0.9552;6241,149220,0.8428;7427,221043,0.907067
78207,4502122;27709,1382037,0.9975;5670,134419,0.8938;6250,195124,0.961633;6340,147573,0.8574;7521,213921,0.907867
79322,4501387;21804,1372667,0.998067;5362,129032,0.8895;6426,185145,0.965333;5818,141767,0.8612;6917,207738,0.906
79240,4501579;26805,1365827,0.9973;5184,128505,0.8976;5407,180413,0.965067;5851,139565,0.869733;6540,205197,0.908467
78536,4500645;25839,1356183,0.998567;5192,119361,0.8892;6403,169693,0.967533;5919,130797,0.873367;6045,194296,0.919667
78313,4499807;25638,1344503,0.9978;5677,112189,0.895733;5758,156483,0.973133;6052,123631,0.877533;7404,182049,0.9238
78453,4498718;25299,1324657,0.998867;5751,103912,0.909433;4326,141756,0.9759;4252,114208,0.894633;5051,165769,0.928833
78975,4496309;25102,1310863,0.9977;3098,91077,0.905933;3202,124565,0.973167;3321,105784,0.902733;3774,148886,0.937067
79132,4494353;25953,1299237,0.998367;3123,78684,0.909967;2993,106762,0.969467;2728,92323,0.895533;3154,129333,0.932867
79501,4447458;26289,1294940,0.999133;2765,57782,0.9213;2500,78161,0.973533;1977,70045,0.897767;2416,98422,0.928933
75247,4213762;26149,1289601,0.998433;1926,37180,0.930533;1854,49878,0.9763;1535,44065,0.890467;1994,64571,0.930567
56916,3201764;22304,1290408,0.9987;1644,19830,0.938767;2612,27228,0.976833;749,23381,0.8917;996,34566,0.9307
25237,1433551;23680,1289331,0.998767;1615,7608,0.942867;2319,9794,0.9757;273,8559,0.893533;347,12207,0.931867
12538,708679;24791,1291955,0.998933;1034,3315,0.945;1126,4068,0.9769;90,3796,0.893333;125,5722,0.931867
3607,204095;24546,1295347,0.998833;121,617,0.9451;164,665,0.9772;18,840,0.8933;25,1200,0.931933
