82843,4498500;22815,1184627,1;6562,243552,0.988933;7291,285660,0.998633;8232,234163,0.999233;7941,257285,0.995133
81163,4458142;22531,1216028,0.999833;5075,96777,0.9726;4679,129897,0.9923;4438,113127,0.920967;5512,141684,0.941
81429,4481579;24386,1259388,0.9996;4781,111849,0.947267;5258,155131,0.983767;5814,131860,0.8578;6324,171877,0.901167
81167,4463369;24192,1291379,0.9992;4789,110659,0.929667;5494,159055,0.977467;6118,131958,0.855067;7041,183300,0.890933
81075,4459938;24539,1316210,0.998833;5293,113637,0.922967;5644,163318,0.973533;6433,133344,0.846167;7667,190612,0.8915
81116,4465240;23964,1326653,0.9974;5347,115247,0.910967;6262,169602,0.971767;6947,135792,0.8493;7954,195623,0.8928
81039,4461516;26389,1336648,0.998967;5291,116772,0.9155;6205,171110,0.9721;6638,133816,0.853533;7896,198587,0.899733
81288,4467868;25663,1351165,0.998467;5286,119296,0.9097;6364,176223,0.969633;6834,137475,0.852333;8113,203895,0.900933
81275,4465163;26205,1353191,0.998067;5429,119018,0.9106;6054,173994,0.970533;6841,136138,0.852267;8270,204517,0.908567
80989,4466227;27972,1354440,0.998433;5642,118625,0.916033;6143,175354,0.969733;6634,135703,0.8582;7937,203051,0.910833
80933,4470547;24750,1352394,0.998433;5629,118489,0.906367;6123,173444,0.9692;6613,135700,0.853833;8021,204968,0.9158
81027,4459407;27704,1361597,0.9985;5242,117396,0.912967;6143,170672,0.9692;6584,134556,0.856767;8186,203908,0.917467
80637,4471152;28051,1362744,0.997567;5453,116902,0.9107;5893,171380,0.9679;6635,135866,0.8706;7846,205312,0.921633
80614,4469028;27595,1356960,0.9988;5420,112986,0.916433;6373,168041,0.972967;6396,132924,0.8794;7711,198088,0.925033
80307,4450147;26863,1351615,0.9984;5282,110443,0.916567;6626,161892,0.970567;6124,126700,0.8851;7484,190898,0.928233
80693,4449831;27961,1349782,0.997767;4956,108807,0.9136;6095,158682,0.9727;6069,124658,0.888833;7366,188262,0.9316
78898,4456659;27741,1341142,0.997767;5132,106773,0.917267;5488,154628,0.973467;5962,124367,0.885567;7273,185933,0.926633
78673,4464081;27730,1340913,0.998833;4802,104207,0.9086;6325,151203,0.968867;5719,120098,0.883867;6933,180830,0.925867
76936,4465902;25723,1337763,0.997933;4830,103474,0.9116;5326,148332,0.968433;5339,120844,0.887367;6877,178867,0.924067
77895,4433714;23582,1343497,0.999067;4716,98671,0.911333;5245,141394,0.9724;5178,112424,0.892667;6160,165959,0.932667
79758,4423989;25908,1334364,0.998667;5094,97281,0.917533;5409,138608,0.9733;5102,110494,0.8919;6209,163019,0.933
80906,4439639;26477,1332804,0.999333;4685,90648,0.922833;5208,128383,0.976;4782,103344,0.8968;5849,153782,0.936767
80260,4412047;25378,1330865,0.9982;4651,88026,0.924067;4788,123431,0.9759;4658,99249,0.904733;5550,146665,0.939833
79641,4397163;21284,1328576,0.9984;5218,85125,0.919733;5158,116916,0.978667;4318,93956,0.902533;5232,137467,0.943233
79855,4374575;21633,1319300,0.9977;4083,79759,0.921567;4360,108879,0.9767;4020,88929,0.899267;4796,128413,0.944533
79266,4388178;22612,1310626,0.998333;3755,74614,0.927167;3770,101392,0.973067;3787,84418,0.906167;4515,121543,0.949667
78728,4339974;21234,1299370,0.998267;3445,68779,0.923033;3747,94468,0.977867;3390,77367,0.9105;4036,110434,0.950167
78894,4319231;23492,1294650,0.998833;3328,63262,0.927033;3578,84912,0.975667;3057,71566,0.911833;3612,99099,0.953967
76953,4297702;24987,1292052,0.999433;3084,55334,0.931633;3013,72210,0.979033;2580,62330,0.917867;3098,87661,0.9575
74205,4202565;26149,1288856,0.998867;3781,48615,0.9334;3238,64318,0.9796;2155,54551,0.914367;2769,79165,0.959
67973,3844176;25155,1294633,0.998767;2207,33953,0.9427;2829,43934,0.982367;1544,39761,0.910833;1892,56053,0.959533
49338,2783330;25371,1291851,0.9986;1631,17281,0.946533;1626,22932,0.981767;762,20430,0.910767;983,30324,0.962833
22968,1313764;26110,1288060,0.998767;1365,6160,0.9491;963,8424,0.985133;252,7063,0.912067;348,10980,0.963633
