76536,4140003;20542,1123630,1;6037,224373,0.987769;7375,268052,0.999027;8276,216376,0.997637;7490,244052,0.999757
77193,4146797;20941,1252624,0.999375;5678,163274,0.932036;6396,218122,0.97811;7120,159306,0.855907;6920,206191,0.926546
77034,4146264;28104,1277520,0.998888;6878,158699,0.917825;7540,219950,0.9754;7323,158959,0.857714;7927,222346,0.919215
75846,4146452;28404,1293543,0.996873;7440,161491,0.905733;6948,228307,0.971022;7094,157769,0.847985;8075,223610,0.919875
75963,4146208;23375,1309842,0.998784;6875,163502,0.901355;7958,230922,0.968798;7823,160949,0.855003;8813,230692,0.927415
76013,4146353;27162,1311515,0.997707;6910,165716,0.903579;6280,232348,0.972516;7252,161148,0.857957;8753,232476,0.924913
76069,4146114;28800,1296990,0.998367;6323,159058,0.899861;6846,220611,0.970361;6678,155877,0.868346;9647,224991,0.92672
72110,4145698;28828,1290671,0.998819;6808,150260,0.89173;7314,208616,0.9705;6824,152095,0.878284;8440,218975,0.941869
75130,4144745;28527,1273403,0.998054;6622,140332,0.89378;6663,195035,0.969249;5606,142148,0.887769;7474,199749,0.941452
75787,4143644;27825,1269348,0.998541;5641,126638,0.896803;6299,171694,0.958304;5599,127302,0.893815;6763,183530,0.941661
75501,4141849;27248,1251497,0.998784;4827,107421,0.902988;5319,146638,0.966296;4910,114818,0.899548;6066,162745,0.949062
75603,4139164;26989,1237510,0.998853;4263,85847,0.892669;4288,114453,0.973593;4227,96389,0.894788;5124,136621,0.95681
75944,4121373;26688,1227220,0.999375;2726,59939,0.921543;3228,76558,0.978214;2859,69385,0.904795;3193,98279,0.959382
70490,3811783;24338,1229437,0.998471;2186,32566,0.929048;2173,43067,0.980125;1504,38794,0.907366;1800,57210,0.957192
40320,2198968;25141,1228144,0.999548;1455,11191,0.937457;2213,15933,0.982314;541,14759,0.910841;670,20543,0.958513
13766,759301;26498,1225732,0.999131;650,2699,0.940549;424,4084,0.981689;146,3911,0.910459;196,6093,0.958582
