9212,4140003;3464,1129253,1;2969,224814,0.98902;2778,266717,0.998819;4624,218551,0.995483;4104,246611,0.999687
9288,4098399;4543,1138642,1;2142,84317,0.97665;2209,112755,0.994093;2381,101249,0.923141;2369,121212,0.941765
9289,4107500;4987,1154519,0.999792;2808,93867,0.957922;1843,128036,0.990549;2198,109387,0.876963;2247,140221,0.902224
9128,4107073;5028,1184060,0.99927;3405,100052,0.944163;2966,138791,0.985059;3314,117850,0.872863;3325,157338,0.898992
9643,4113703;5056,1198789,0.99927;3094,100930,0.933843;2944,143357,0.978805;3536,120656,0.85212;3466,163761,0.8836
9437,4099709;5263,1206794,0.999792;3309,99071,0.922898;3021,144705,0.979708;3555,119391,0.863621;3738,171153,0.880646
9447,4092144;5092,1208837,0.999618;2976,100789,0.925191;2279,144766,0.977345;2768,121446,0.855108;2772,172151,0.895205
9267,4103349;5222,1226551,0.999792;2602,102330,0.909521;2581,150448,0.976477;3790,122498,0.863864;3736,175779,0.900556
9819,4110838;4994,1226362,0.999722;4522,103569,0.916644;3302,154308,0.978978;3359,123179,0.867338;3407,179956,0.903058
9401,4112310;4776,1238331,0.999027;3260,103490,0.914837;3059,156180,0.972446;3789,124785,0.872863;4104,184077,0.908826
9320,4096513;4696,1236184,0.999479;3461,104209,0.900834;2866,154296,0.970917;3818,120613,0.866574;4197,182082,0.908374
9512,4095197;4565,1235909,0.999375;3609,105563,0.897741;2900,157981,0.966956;4063,123825,0.869388;4136,186602,0.915045
9966,4106823;4845,1244444,0.998819;3465,109173,0.906324;3235,163513,0.969632;4299,126664,0.867165;4178,187916,0.913343
9318,4109983;4775,1247202,0.998054;3528,108183,0.890653;3159,164800,0.965219;4486,128335,0.859069;4569,193444,0.914454
9761,4104929;4911,1251085,0.99788;3217,108753,0.889541;2924,167418,0.95747;4692,127714,0.85549;4585,194700,0.916539
9538,4103831;4787,1253521,0.997151;3567,110333,0.878874;3222,170253,0.955142;4726,127955,0.848819;4774,195308,0.915949
9840,4089451;4691,1257524,0.996004;4208,110103,0.874288;3419,167565,0.949027;4816,125539,0.844024;4855,195323,0.913134
10022,4104251;4819,1268093,0.997568;3136,112315,0.871022;2548,170410,0.946143;4247,127044,0.829256;4329,197251,0.903857
9513,4089666;4790,1271504,0.997151;3304,110863,0.866887;3161,171347,0.952015;5249,126059,0.823697;5234,196952,0.899514
9629,4090250;4956,1270279,0.996734;3572,112199,0.870987;3505,171762,0.95139;5145,127616,0.809972;4080,199002,0.895657
10268,4113686;4814,1273818,0.997533;2710,115897,0.872307;2504,179012,0.946699;4834,134439,0.816609;4305,204229,0.896039
9640,4098330;4767,1269817,0.99729;2984,115805,0.871161;3039,178097,0.946213;5563,129695,0.808652;5341,197524,0.896664
10033,4103094;4802,1276975,0.996456;3259,113302,0.862613;3225,176881,0.940549;5873,130920,0.807262;5217,203632,0.886831
9852,4106696;4788,1279597,0.997116;2814,114003,0.85747;3024,176829,0.941904;4116,130004,0.809659;5527,205140,0.888221
9899,4098984;4865,1281778,0.99583;3277,111845,0.860632;3216,175833,0.93902;5306,128985,0.804934;5220,197898,0.896386
10003,4108812;4913,1280279,0.995448;4078,117155,0.862022;3090,178168,0.939611;5357,130911,0.808478;5363,206056,0.894858
10110,4112111;5593,1282633,0.996143;3433,115355,0.860493;3124,178012,0.942182;5407,131123,0.810354;5594,204819,0.896247
9987,4113089;5204,1286186,0.995935;3554,113618,0.863447;3384,175873,0.941626;5575,129619,0.813169;5457,201270,0.897846
10208,4111189;4779,1278266,0.996108;3289,115609,0.863655;3782,179129,0.941835;5472,130944,0.819319;4782,205579,0.89722
9749,4103773;4781,1270931,0.997394;2862,112128,0.859451;3127,173798,0.93909;4151,128319,0.812787;4272,203831,0.895622
9702,4090347;4778,1280904,0.996352;3250,109563,0.865532;2561,168378,0.939958;4232,125153,0.821126;4156,196850,0.902467
9761,4102594;4632,1276776,0.995935;2855,110930,0.865323;3706,168786,0.941974;5311,124476,0.818798;5292,195836,0.899687
9807,4099162;4644,1274333,0.996491;2757,109158,0.862787;2978,168829,0.947325;4445,123999,0.8082;4924,194626,0.898297
9603,4087711;4832,1272475,0.996699;4376,108823,0.868589;3479,164364,0.947359;5243,125377,0.818346;5241,193204,0.898193
9828,4097317;4764,1267074,0.996664;3794,109553,0.869944;3247,165870,0.946352;4657,124339,0.820605;4077,193565,0.909659
9823,4094667;5280,1264863,0.996491;3141,103640,0.873072;2867,158074,0.95271;4401,118274,0.832523;4000,184607,0.913864
9784,4097279;5037,1269089,0.997186;3616,104442,0.880785;3228,156570,0.953961;4457,117805,0.831411;4783,184414,0.912752
9776,4105888;5056,1265628,0.99729;3721,106468,0.882905;2860,157145,0.954587;4699,121099,0.840792;4738,189527,0.915323
10342,4106563;5063,1260212,0.997081;3743,102385,0.889958;3426,152562,0.953231;4536,117529,0.84663;4508,180603,0.912092
9906,4106136;5125,1262287,0.997255;3231,97101,0.89173;3271,147072,0.95476;4365,113292,0.84378;3716,176910,0.915671
9861,4078456;5246,1255737,0.996595;2606,96942,0.890584;2861,147535,0.959208;4333,111928,0.849375;4223,172506,0.919076
9411,4073140;5056,1240738,0.997429;3477,94555,0.889472;2702,140679,0.961015;3831,107536,0.856115;3937,165002,0.91918
9579,4078591;5077,1244481,0.997116;3473,93128,0.900035;3629,136194,0.958617;3773,105728,0.86237;3828,161586,0.923732
9773,4070386;5149,1238208,0.997116;3526,89418,0.896456;3171,134084,0.962265;3750,106751,0.876372;3688,160123,0.927067
9195,4039759;5189,1232865,0.996873;2736,85368,0.897151;3252,125244,0.962543;2757,97992,0.877797;2643,148351,0.924183
8913,4022505;5145,1222443,0.996803;3246,84129,0.892738;2995,123580,0.95893;3355,95961,0.875782;2615,146203,0.927172
9532,4045717;5228,1216904,0.996803;2859,80171,0.902259;2412,116502,0.963482;2663,94220,0.865045;2421,138970,0.922516
8840,4018537;5081,1212983,0.996873;2573,76278,0.901181;2783,110813,0.955837;2339,88002,0.871577;2736,134694,0.931202
9473,4024391;4311,1202923,0.996803;3477,73598,0.906949;2501,106019,0.96296;2907,86797,0.881862;2906,129102,0.932279
9322,4025059;3130,1184060,0.995865;3296,70051,0.900486;2378,98328,0.959486;2858,83320,0.883426;2714,121506,0.928839
9581,3999414;3267,1179920,0.995309;2993,67028,0.898471;2717,92979,0.958026;1950,77487,0.883009;1921,113181,0.934329
10539,3916695;3196,1168884,0.9959;2483,61103,0.895935;2205,85771,0.961397;2307,71900,0.892599;2532,104468,0.936067
9862,3906547;3408,1164603,0.994753;2290,59683,0.899444;2055,82588,0.960493;1725,70590,0.88214;1759,100875,0.941939
9880,3877291;4981,1155391,0.994927;2054,53665,0.891765;2008,79257,0.960737;2115,65657,0.884329;2146,94627,0.93353
10516,3928881;4944,1150976,0.995205;2814,51614,0.900625;1796,71660,0.958582;1386,60437,0.888951;1601,87550,0.937387
8928,3141561;4890,1144506,0.994614;1955,29886,0.897707;2218,43489,0.964489;1088,36764,0.884712;1260,54238,0.940862
6874,2400156;4999,1148728,0.994302;3189,19576,0.910146;2835,28049,0.962752;599,21423,0.885407;723,33745,0.94312
4325,1531424;4847,1143031,0.994475;1541,10030,0.911501;1249,14943,0.965115;311,12500,0.885407;352,18506,0.943363
2526,890615;4909,1137935,0.994892;1142,4763,0.915323;1076,7340,0.966366;143,6927,0.885198;166,10645,0.942321
1139,403136;4932,1144663,0.994441;869,2111,0.917825;545,2440,0.966817;38,2765,0.885407;47,4074,0.942738
219,74348;4922,1149456,0.994788;669,482,0.91845;507,702,0.967443;14,575,0.885476;18,873,0.942703
