15,20706;87,18965,0.989216;49,8495,0.936275;66,12282,0.986275;86,9574,0.967647;76,10553,0.976471
15,18825;85,18708,0.994118;23,2988,0.893137;29,4808,0.961765;33,3997,0.927451;37,5156,0.94902
15,18962;83,18134,0.996078;24,3276,0.915686;34,5647,0.956863;38,4368,0.907843;40,5510,0.905882
15,19082;88,19027,0.995098;26,3529,0.916667;36,5890,0.965686;39,4351,0.891176;41,5755,0.872549
15,19215;84,18271,0.987255;24,3203,0.910784;36,5782,0.963725;38,4241,0.872549;42,5860,0.921569
14,18808;87,18881,0.984314;24,3032,0.90098;32,5085,0.986275;38,4266,0.884314;39,5445,0.931373
15,19209;85,18312,0.989216;25,3243,0.898039;33,5219,0.962745;40,4437,0.893137;41,5536,0.929412
15,18930;84,18490,0.995098;26,3510,0.870588;36,5627,0.972549;39,4371,0.883333;42,5765,0.914706
15,19745;84,18452,0.994118;27,3706,0.907843;38,6053,0.979412;45,4931,0.876471;46,6322,0.906863
14,18279;86,18498,0.992157;22,2954,0.886275;30,4738,0.935294;34,3904,0.889216;35,4824,0.908824
15,19154;87,18846,0.976471;29,3525,0.897059;41,6296,0.964706;41,4501,0.908824;45,6101,0.913725
15,19281;85,18544,0.994118;29,3731,0.917647;40,6146,0.981373;44,4820,0.90098;45,5974,0.919608
15,18961;84,18538,0.992157;25,3171,0.934314;33,5148,0.973529;38,4171,0.915686;40,5415,0.932353
15,19486;86,18458,0.996078;27,3650,0.923529;38,6020,0.979412;43,4787,0.89902;45,6087,0.921569
20,18035;87,18673,0.995098;24,3153,0.930392;30,4830,0.977451;34,3919,0.90098;36,4960,0.928431
14,19034;85,18454,0.993137;26,3417,0.94902;32,5076,0.978431;37,4067,0.901961;47,5191,0.916667
14,19383;85,18426,0.996078;25,3315,0.95098;34,5459,0.97549;38,4409,0.928431;39,5392,0.932353
15,18822;84,17901,1;27,3536,0.938235;34,5370,0.976471;38,4315,0.909804;36,4977,0.922549
14,18531;86,18388,0.993137;23,3012,0.919608;32,5039,0.977451;38,4311,0.907843;38,5087,0.919608
15,18916;84,17871,0.996078;26,3177,0.917647;36,5480,0.985294;37,4243,0.902941;37,5085,0.92549
15,18898;87,18328,0.99902;27,3457,0.912745;35,5326,0.984314;38,4305,0.915686;38,5102,0.914706
15,18646;84,17857,0.997059;26,3263,0.914706;33,4919,0.970588;34,3925,0.882353;33,4460,0.898039
15,19163;82,17456,0.99902;24,3187,0.918627;38,5472,0.982353;34,3999,0.887255;36,4824,0.914706
14,18263;83,17769,0.99902;25,3203,0.893137;33,5212,0.97549;35,4126,0.893137;35,4784,0.892157
15,19593;84,17852,0.99902;27,3365,0.937255;35,5442,0.971569;38,4471,0.898039;37,4972,0.881373
15,19025;83,17541,0.990196;26,3204,0.915686;37,5381,0.962745;36,4330,0.9;38,5170,0.923529
14,17549;84,17707,0.983333;28,2680,0.871569;30,4573,0.962745;31,3651,0.883333;31,4332,0.934314
15,19237;85,17897,0.983333;24,2913,0.909804;33,5141,0.959804;38,4063,0.901961;34,4577,0.92549
15,19240;83,17484,0.996078;26,3152,0.92549;35,5345,0.966667;36,4260,0.882353;38,5209,0.901961
15,19375;85,17804,0.985294;29,3371,0.917647;36,5530,0.969608;38,4318,0.883333;40,5459,0.926471
15,19657;85,17959,0.993137;30,3757,0.955882;37,5738,0.979412;41,4683,0.931373;41,5202,0.944118
15,18964;84,17456,0.989216;26,3113,0.917647;37,5183,0.97549;34,3854,0.904902;37,5035,0.931373
14,17498;84,17544,0.997059;25,3160,0.880392;35,5259,0.970588;31,3666,0.847059;32,4492,0.922549
15,19601;83,17315,0.996078;26,3432,0.927451;38,5724,0.985294;42,4826,0.90098;39,5304,0.927451
15,18909;84,17580,0.996078;29,3230,0.941176;36,5238,0.980392;35,4090,0.919608;36,4775,0.92451
14,17671;86,17900,0.995098;24,3005,0.921569;33,4890,0.940196;32,3708,0.897059;36,4461,0.90098
15,19371;85,17545,0.997059;27,3508,0.887255;39,5743,0.954902;39,4503,0.909804;40,5215,0.927451
15,19070;85,17713,0.992157;26,3111,0.905882;33,5103,0.978431;35,4114,0.908824;37,4916,0.942157
15,18932;86,18036,0.996078;25,3091,0.940196;35,5149,0.980392;36,4140,0.895098;35,4640,0.931373
21,18943;87,17531,0.993137;26,3163,0.937255;33,4840,0.943137;33,3876,0.884314;33,4333,0.92451
13,18083;85,17424,0.994118;25,3097,0.884314;34,5104,0.941176;35,4072,0.904902;35,4651,0.930392
15,19381;85,17336,0.99902;30,3706,0.908824;44,5744,0.955882;38,4463,0.92549;39,5176,0.906863
14,19124;86,17713,0.997059;27,3085,0.885294;35,5184,0.94902;36,4128,0.892157;36,4799,0.916667
15,18492;88,18063,0.995098;26,3061,0.911765;33,4719,0.918627;33,3800,0.847059;33,4366,0.87451
15,19252;85,17378,0.996078;26,3029,0.887255;36,5386,0.978431;33,3938,0.889216;37,4903,0.922549
15,19463;88,17722,0.997059;27,3437,0.947059;36,5522,0.979412;37,4281,0.904902;35,4683,0.910784
16,19290;85,17386,1;30,3433,0.944118;37,5383,0.969608;37,4275,0.902941;37,4888,0.910784
16,19692;84,17127,1;29,3574,0.942157;40,5827,0.986275;40,4539,0.906863;42,5520,0.911765
24,19017;87,17666,0.997059;23,2745,0.872549;38,5033,0.979412;32,3816,0.857843;35,4636,0.909804
14,19165;86,17615,0.997059;29,3390,0.912745;37,5449,0.954902;34,3939,0.839216;37,4825,0.904902
14,18918;87,17637,0.998039;26,3344,0.95098;33,5024,0.971569;36,4182,0.913725;33,4446,0.903922
14,18373;85,17200,0.991176;28,3334,0.935294;34,5215,0.982353;36,4260,0.917647;36,4859,0.937255
14,19368;85,17290,0.99902;30,3507,0.942157;29,5257,0.983333;26,4023,0.904902;28,4809,0.929412
14,19013;86,17573,0.99902;28,3307,0.95;35,5085,0.976471;34,3907,0.896078;35,4657,0.941176
14,19064;86,17569,0.99902;29,3245,0.926471;39,5538,0.972549;37,4245,0.904902;35,4639,0.896078
14,19106;87,17968,1;26,3059,0.910784;33,4813,0.959804;34,4031,0.85098;33,4498,0.934314
14,19224;85,17342,1;25,3046,0.898039;34,4943,0.964706;35,4102,0.838235;36,4788,0.918627
14,19398;87,17606,0.995098;24,2950,0.911765;36,5107,0.957843;36,4141,0.881373;35,4604,0.884314
18,19078;85,17535,0.99902;26,3055,0.909804;34,4961,0.97451;37,4313,0.909804;35,4610,0.892157
15,18710;83,17079,0.985294;25,2962,0.888235;33,4887,0.976471;34,3899,0.883333;35,4729,0.931373
15,19971;85,17327,0.987255;28,3581,0.911765;38,5414,0.978431;39,4527,0.930392;37,4976,0.934314
16,18893;85,17267,0.991176;27,2958,0.881373;35,4790,0.972549;32,3684,0.910784;34,4546,0.930392
16,18780;84,17176,0.992157;24,2913,0.90098;30,4399,0.934314;31,3639,0.894118;34,4520,0.929412
17,19673;85,17273,0.994118;27,3091,0.894118;34,4851,0.956863;34,3963,0.897059;33,4356,0.927451
14,18438;83,16778,0.978431;22,2550,0.860784;31,4378,0.97451;28,3374,0.935294;29,3867,0.929412
14,18435;83,17032,1;24,2813,0.880392;30,4174,0.95;31,3609,0.908824;31,4133,0.915686
14,18659;83,17210,0.99902;27,3145,0.892157;33,4510,0.945098;31,3652,0.933333;31,4172,0.941176
15,19804;83,17146,1;27,3225,0.908824;35,5306,0.979412;36,4276,0.934314;36,4716,0.918627
13,18179;84,17461,0.998039;23,2814,0.914706;30,4556,0.982353;31,3735,0.929412;33,4437,0.922549
14,18340;85,17727,0.987255;22,2738,0.908824;30,4393,0.969608;32,3709,0.921569;31,4120,0.912745
15,19771;86,18046,0.996078;28,3172,0.913725;36,5430,0.990196;37,4371,0.904902;37,4958,0.917647
14,19103;83,17364,0.994118;24,2985,0.859804;33,5047,0.970588;35,3981,0.876471;35,4606,0.888235
14,19051;84,17637,0.994118;24,2967,0.887255;28,4429,0.968627;32,3823,0.897059;32,4362,0.904902
18,18938;86,18071,0.992157;29,3295,0.907843;33,5210,0.971569;36,4128,0.920588;37,4980,0.922549
15,19523;84,17502,0.99902;28,3330,0.935294;33,4966,0.962745;36,4173,0.908824;38,4991,0.948039
15,19786;83,17739,0.998039;27,3220,0.927451;36,5343,0.97549;37,4249,0.907843;34,4500,0.929412
15,19459;85,17897,0.992157;25,3119,0.922549;34,5275,0.985294;36,4199,0.889216;35,4752,0.916667
16,19797;84,17985,0.99902;25,3256,0.907843;37,5724,0.980392;35,4129,0.906863;38,5162,0.934314
15,18627;83,17557,0.984314;24,3023,0.956863;31,4683,0.969608;30,3643,0.921569;31,4239,0.943137
15,19679;85,18034,0.984314;27,3522,0.947059;36,5457,0.979412;36,4289,0.920588;35,4884,0.940196
15,19306;85,17848,0.996078;21,2817,0.937255;32,4785,0.977451;32,3788,0.929412;33,4565,0.937255
15,19608;85,17906,0.99902;24,3079,0.940196;33,5189,0.958824;36,4190,0.910784;38,5310,0.918627
14,18693;86,17859,0.99902;23,2754,0.920588;29,4570,0.986275;29,3587,0.942157;29,4132,0.945098
14,18017;84,17746,0.997059;23,2936,0.897059;31,4558,0.971569;30,3706,0.941176;29,4081,0.941176
15,19585;86,18489,0.99902;26,3107,0.933333;33,4866,0.958824;34,4080,0.921569;35,4808,0.931373
14,18897;85,18334,0.996078;22,2748,0.928431;31,4719,0.968627;29,3491,0.910784;30,4169,0.945098
14,19099;85,17958,0.998039;23,2933,0.933333;31,4641,0.962745;32,3798,0.926471;32,4497,0.935294
14,19574;85,18140,0.990196;23,2821,0.916667;31,4801,0.976471;33,3928,0.912745;34,4659,0.939216
13,17392;84,18091,0.998039;21,2426,0.895098;26,3717,0.971569;25,3023,0.9;26,3671,0.939216
14,18450;85,18362,0.998039;22,2729,0.880392;28,4298,0.952941;29,3390,0.915686;29,4071,0.933333
14,18275;85,18200,0.995098;24,2761,0.926471;31,4165,0.976471;27,3264,0.923529;27,3844,0.926471
13,17832;84,17971,0.991176;21,2577,0.894118;30,4300,0.945098;28,3261,0.912745;30,4061,0.931373
21,18916;86,18371,0.998039;22,2789,0.909804;30,4391,0.959804;30,3541,0.9;35,4831,0.919608
14,18872;87,18766,0.998039;29,2927,0.887255;30,4606,0.952941;31,3618,0.904902;34,4655,0.907843
13,17300;85,18559,0.993137;19,2432,0.889216;26,3806,0.954902;28,3317,0.87451;27,3833,0.909804
13,17207;85,18535,0.990196;20,2467,0.9;27,4022,0.968627;27,3261,0.894118;30,4251,0.913725
13,17426;86,18792,0.989216;21,2545,0.893137;29,4448,0.952941;29,3383,0.879412;32,4530,0.906863
12,16437;87,18998,0.992157;21,2397,0.922549;24,3802,0.966667;25,2904,0.880392;26,3775,0.92451
13,18200;85,18515,0.990196;20,2560,0.893137;26,4240,0.960784;33,3656,0.876471;35,4948,0.914706
12,16405;87,19254,0.996078;17,2119,0.884314;22,3412,0.954902;21,2576,0.84902;27,3921,0.904902
11,15025;88,19411,0.990196;17,2149,0.861765;26,3557,0.956863;23,2541,0.865686;26,3602,0.896078
10,14224;88,19185,0.990196;15,1548,0.848039;19,2822,0.94902;22,2366,0.870588;24,3376,0.887255
8,10708;88,19372,0.992157;14,1368,0.889216;15,2059,0.965686;16,1719,0.879412;18,2524,0.882353
6,8194;89,19486,0.987255;10,901,0.884314;13,1549,0.965686;10,1154,0.860784;13,1869,0.881373
3,4178;87,19267,0.992157;6,439,0.896078;7,671,0.959804;4,505,0.84902;5,724,0.877451
1,1779;89,19506,0.995098;5,139,0.889216;6,315,0.960784;1,162,0.85;2,290,0.882353
0,814;88,19495,0.989216;7,167,0.890196;5,271,0.959804;1,192,0.85098;1,237,0.882353
1,1770;86,19135,0.988235;4,164,0.882353;5,282,0.962745;1,136,0.85;1,209,0.880392
