932,56953;2094,99486,1;413,18445,0.962426;446,24213,0.995562;438,17939,0.95858;644,24255,0.994379
939,55972;1957,101153,1;219,8623,0.938757;290,13668,0.981065;333,11272,0.91568;454,19104,0.969822
945,56109;1772,102566,0.999112;188,9138,0.949112;350,15044,0.981361;402,12857,0.926036;513,20791,0.954438
923,55800;2121,103541,0.999112;166,8624,0.934911;337,13741,0.981657;294,11410,0.904734;434,19199,0.940828
939,56061;2096,103681,0.999704;209,9344,0.934024;307,14573,0.986391;403,12629,0.913905;512,20280,0.942604
937,55786;2079,102811,1;169,8601,0.92426;299,13765,0.984615;329,11570,0.909763;458,19180,0.948225
930,55722;2026,103316,0.999704;210,8030,0.924556;310,12892,0.980473;347,11196,0.918935;523,19109,0.945858
942,55818;1843,103136,1;203,8055,0.942308;304,12413,0.980769;352,10822,0.902663;466,17519,0.932544
984,56110;2115,102783,0.999112;234,9124,0.936391;347,14451,0.986391;353,12162,0.907692;479,19823,0.92929
959,55804;2082,101536,0.999704;173,7901,0.937278;225,12488,0.981361;255,10767,0.914201;451,17981,0.936391
983,55299;1740,104166,1;199,8004,0.936095;279,12095,0.978994;353,10910,0.909467;457,17314,0.93432
964,55653;2098,101569,0.999408;191,6962,0.930178;236,11507,0.976923;253,10143,0.906805;437,16899,0.92574
958,54324;1986,100999,1;205,7405,0.925444;246,11733,0.98787;255,9196,0.890533;396,14981,0.926627
1034,56022;2035,99549,0.998225;171,6476,0.926036;260,10651,0.985799;316,9940,0.887574;374,16747,0.91568
960,52898;2053,99069,0.999704;148,4847,0.950888;216,7750,0.983136;244,7246,0.896746;278,11957,0.921006
587,31718;2070,100396,1;81,2284,0.953254;103,3745,0.977811;99,3262,0.88284;150,5681,0.91213
335,18112;1707,99843,0.999112;42,1025,0.960651;52,1794,0.981953;40,1313,0.892012;67,2794,0.913609
206,11237;1910,98865,0.999704;35,460,0.959172;31,855,0.983728;25,743,0.888462;39,1411,0.910059
