760,46056;731,35752,0.919079;331,15566,0.667105;525,25106,0.850658;374,16575,0.625658;535,25336,0.871053
742,46429;667,32546,0.972368;229,10794,0.878947;321,16655,0.931579;290,13006,0.828947;350,16488,0.896053
739,46441;533,31484,0.988158;214,10210,0.884868;322,15797,0.946711;265,11332,0.796711;273,14925,0.884868
743,46436;454,31376,0.980263;208,9933,0.884211;320,15961,0.951974;273,11769,0.877632;336,14247,0.884868
758,46421;597,30735,0.976974;225,9917,0.863158;334,15275,0.95;276,11428,0.810526;349,14359,0.915789
780,46205;667,32798,0.980921;227,9824,0.873684;327,15045,0.929605;262,10605,0.813158;296,13923,0.9125
759,45032;635,32156,0.985526;200,8715,0.828289;287,13021,0.932237;266,10642,0.815132;295,12773,0.920395
741,43265;656,32107,0.978289;154,6736,0.801974;237,11016,0.919737;186,7618,0.744079;242,10629,0.916447
639,36619;666,32161,0.976974;64,3851,0.791447;133,7041,0.908553;125,5197,0.815132;143,6871,0.923026
432,24304;651,31769,0.980263;64,2653,0.777632;94,4249,0.884211;78,3267,0.801316;103,4367,0.925
305,18148;653,32038,0.982237;34,1312,0.795395;49,2057,0.894737;36,1512,0.801316;52,2366,0.919737
162,9610;652,31966,0.974342;16,525,0.801316;27,1011,0.900658;19,803,0.794737;27,1228,0.9125
25,1497;656,31951,0.980921;5,49,0.804605;5,68,0.907237;2,93,0.799342;2,103,0.918421
