35,46056;92,33283,0.984868;36,15265,0.856579;47,22199,0.960526;76,17340,0.8375;69,21447,0.958553
38,46549;88,32466,0.980921;34,12017,0.876974;41,18293,0.9625;76,13575,0.792105;68,17630,0.928289
37,46518;91,32164,0.991447;45,11326,0.864474;59,17165,0.964474;78,13854,0.857895;73,16151,0.934868
37,46515;95,31360,0.988158;45,11336,0.861842;55,16627,0.967763;74,13383,0.895395;68,15470,0.929605
37,46499;93,31303,0.992105;43,11221,0.921053;57,17026,0.975658;71,13025,0.895395;67,15213,0.943421
37,46497;88,30408,0.976974;49,11067,0.896053;67,17200,0.980263;81,13109,0.925658;76,15548,0.948684
37,46478;90,30427,0.991447;48,10977,0.925;59,16112,0.975658;69,12242,0.932237;65,14123,0.961184
37,46483;90,30381,0.990789;45,10843,0.924342;58,15998,0.973684;72,12335,0.915789;68,14637,0.959868
37,46457;88,29489,0.989474;46,10739,0.926974;58,16015,0.978289;68,12030,0.898684;68,14562,0.963816
38,46448;89,30351,0.992763;45,10499,0.919079;56,15933,0.985526;68,12086,0.934211;62,13861,0.956579
43,46478;89,30032,0.995395;43,10506,0.930921;58,15485,0.982895;67,12075,0.907237;64,14240,0.959868
36,46409;88,29751,0.994737;44,10281,0.925;55,15418,0.977632;63,11476,0.926974;41,13291,0.944737
36,46437;88,29200,0.982895;49,10448,0.935526;55,14965,0.988816;65,11703,0.935526;62,13656,0.960526
37,46438;89,29959,0.980263;30,9914,0.911184;38,15526,0.978289;42,11173,0.898026;42,13356,0.959211
45,46444;87,29392,0.992763;32,10114,0.934868;57,15098,0.981579;64,11385,0.935526;64,13581,0.961842
39,46425;86,28690,0.991447;45,10028,0.946053;56,14601,0.967763;63,11042,0.905263;60,12656,0.956579
39,46406;90,29639,0.994737;43,9555,0.921053;55,14420,0.976316;60,11683,0.934868;64,13352,0.947368
39,46425;88,29616,0.992763;44,9940,0.921053;58,15375,0.983553;68,11873,0.917763;62,13285,0.946053
39,46439;90,29864,0.995395;46,9964,0.929605;55,15068,0.983553;44,11452,0.928289;42,13468,0.952632
43,46431;90,30186,0.992763;28,9393,0.910526;36,14740,0.974342;45,11583,0.925658;42,13601,0.964474
36,46427;80,29475,0.991447;30,9835,0.916447;36,15186,0.986184;47,12005,0.941447;41,13304,0.952632
36,46399;80,29890,0.997368;28,9719,0.920395;35,14618,0.984868;44,11530,0.938158;42,13666,0.957237
36,46399;81,30191,0.992105;29,9367,0.926974;35,14502,0.9875;43,11151,0.927632;40,12905,0.953947
36,46415;81,29795,0.994079;30,9597,0.913158;36,14806,0.986184;45,11432,0.944737;41,13227,0.953289
36,46369;81,30210,0.990132;28,9582,0.923026;36,14579,0.970395;43,11020,0.906579;41,13007,0.9375
36,46313;83,30080,0.988816;28,9354,0.919079;36,14180,0.969079;56,11536,0.905263;61,12860,0.932237
36,46346;82,30177,0.988158;42,9284,0.888816;55,14466,0.990789;67,11639,0.900658;61,13133,0.932237
36,46375;79,29302,0.997368;29,9377,0.923684;56,14618,0.9875;65,11152,0.932237;60,12969,0.945395
43,46381;82,30204,0.996711;45,9523,0.910526;56,14407,0.981579;65,11505,0.921053;61,13598,0.941447
36,46353;83,30233,0.985526;41,9166,0.926974;54,14208,0.980263;46,11098,0.921711;42,13191,0.959868
36,46042;83,30063,0.986842;26,8759,0.920395;34,13502,0.953289;40,10318,0.865132;41,12606,0.936184
36,46030;81,30027,0.991447;27,8747,0.906579;51,13447,0.966447;56,10676,0.902632;61,12421,0.95
36,45559;83,29804,0.994079;41,8475,0.928289;52,12963,0.965132;60,10363,0.894079;56,11833,0.925658
36,45927;84,30161,0.992763;36,8133,0.916447;48,12648,0.971053;53,9740,0.906579;51,11422,0.919737
36,44971;84,30402,0.992105;33,7317,0.902632;44,11745,0.982895;52,9357,0.892763;50,11009,0.914474
35,44895;81,29822,0.990132;34,7593,0.917763;42,11288,0.963158;47,8628,0.892763;44,10104,0.924342
36,44717;84,29776,0.988158;32,7170,0.900658;44,11498,0.976974;48,8808,0.888816;48,10457,0.930921
35,44463;83,30276,0.991447;32,6760,0.892763;39,10599,0.968421;46,8397,0.883553;45,9952,0.929605
34,43100;85,30588,0.988816;31,6327,0.902632;39,10245,0.977632;42,7670,0.892105;45,9794,0.925658
33,41754;84,30257,0.996053;28,5780,0.903289;34,8825,0.971053;38,7033,0.864474;39,8639,0.926974
33,41527;84,30338,0.996053;23,5485,0.920395;33,8586,0.965789;40,7206,0.869079;39,8751,0.926316
32,39788;85,30559,0.990132;25,4995,0.913816;31,7698,0.959868;36,6550,0.894079;36,7829,0.932237
31,39324;80,29209,0.988158;28,5220,0.909868;32,8201,0.958553;35,6393,0.865132;35,7703,0.922368
31,39114;100,31254,0.995395;24,4735,0.905263;30,7783,0.964474;31,5800,0.843421;32,7063,0.915132
27,33366;95,30957,0.989474;22,3791,0.892105;27,6423,0.954605;28,4982,0.848684;22,6220,0.917763
26,33918;96,30904,0.992763;21,3867,0.884868;27,6351,0.947368;29,5080,0.842763;27,6020,0.917105
28,35439;94,30179,0.973684;23,3612,0.888158;28,5831,0.955921;24,4245,0.832895;26,5526,0.914474
25,31707;88,30613,0.988158;20,2893,0.890132;21,4546,0.960526;20,3634,0.828289;22,4619,0.911184
22,28511;85,30110,0.988816;16,2397,0.892763;21,3909,0.95;18,3222,0.821711;19,4048,0.909211
17,22263;85,30587,0.986842;12,1618,0.898684;16,2801,0.957895;12,2214,0.823026;13,2809,0.910526
17,22023;86,30543,0.988816;13,1684,0.905263;13,2463,0.952632;11,2034,0.830263;12,2694,0.901974
13,17250;95,30549,0.982895;11,1065,0.9;11,1793,0.954605;8,1607,0.823026;9,2077,0.894737
9,11808;94,30369,0.984211;9,885,0.894079;11,1353,0.959211;7,1308,0.817105;6,1777,0.896053
10,12289;91,30423,0.990132;6,707,0.901316;7,1220,0.963158;4,1148,0.820395;4,1525,0.897368
6,7258;86,30576,0.988816;6,616,0.907237;5,888,0.963816;2,789,0.814474;2,1008,0.892763
6,7800;104,30520,0.982237;5,485,0.890132;4,866,0.963816;2,807,0.815132;3,1142,0.893421
13,7799;94,30465,0.9875;3,288,0.899342;6,999,0.965789;2,797,0.804605;3,1244,0.889474
6,7780;95,30739,0.995395;4,379,0.896711;5,858,0.961842;2,705,0.801316;3,1243,0.896053
5,6682;94,30335,0.976974;6,388,0.896711;3,706,0.965789;2,644,0.801316;2,902,0.898026
6,7508;92,30383,0.990789;3,343,0.894737;3,627,0.963816;2,698,0.804605;2,842,0.901316
4,5555;94,30476,0.978289;4,367,0.898026;3,564,0.9625;1,518,0.802632;2,690,0.905263
3,4407;97,31327,0.990132;5,322,0.898684;3,479,0.961842;2,520,0.793421;1,460,0.903947
