67,56953;236,87914,1;91,15947,0.986982;80,20036,0.998225;157,15715,0.99497;105,18269,0.999112
60,56603;353,89539,1;23,3623,0.951183;31,5754,0.98284;37,6615,0.96716;44,8733,0.970118
61,56695;294,89478,1;49,4438,0.95503;40,6636,0.992604;58,7408,0.938757;65,10189,0.941124
60,56697;250,90544,1;43,4699,0.955621;39,6632,0.989053;49,7794,0.924556;55,10999,0.926331
62,56749;364,90607,1;35,5244,0.953846;46,7761,0.986982;72,8383,0.909172;80,11876,0.914793
62,56833;353,90938,1;38,5723,0.953254;57,8363,0.988757;89,9137,0.890237;99,13259,0.898521
62,56833;359,90855,1;54,5962,0.959763;69,8960,0.98787;87,9294,0.885503;94,13560,0.886686
63,56878;288,91312,1;52,6167,0.935799;71,9642,0.989645;97,9612,0.882544;109,14734,0.886982
63,56880;220,93274,1;55,6590,0.944083;79,10079,0.981657;98,9829,0.874852;76,14776,0.867751
63,56968;277,94156,1;46,7150,0.93787;53,10724,0.981065;78,10265,0.876331;101,16283,0.87929
62,56959;349,94452,1;41,6961,0.936095;76,10897,0.990533;107,9967,0.869822;115,15204,0.877219
62,57033;363,94855,1;69,7530,0.945562;77,10858,0.989349;100,9931,0.856805;112,14825,0.879586
58,56979;373,94386,1;66,7420,0.944379;77,11110,0.994083;109,10134,0.890237;117,15481,0.890533
58,56979;347,94774,1;41,7368,0.943491;53,10984,0.98787;91,10206,0.894675;102,15453,0.897041
58,56931;330,94623,1;64,7543,0.961243;84,11167,0.99142;119,10416,0.881361;120,15887,0.9
57,56968;325,92832,1;58,7371,0.938166;79,11444,0.984615;91,10307,0.890237;81,15681,0.898817
57,56984;362,95014,1;52,7738,0.949408;58,11694,0.986095;78,10355,0.891716;81,15830,0.895858
57,57009;369,95079,1;48,7524,0.944675;63,11545,0.986686;92,9999,0.887278;89,15869,0.892604
58,56982;375,95765,1;56,7600,0.95503;55,11848,0.989053;79,10221,0.886095;82,15734,0.889053
57,57051;384,96672,1;45,8022,0.944675;54,11928,0.993787;79,10206,0.884024;85,16241,0.889645
57,57027;366,93854,1;46,7680,0.944675;79,11986,0.994083;110,10441,0.88787;120,16528,0.895858
58,57023;362,96209,1;69,7910,0.940828;79,11804,0.970118;122,10709,0.884615;102,16303,0.891716
56,57024;265,94602,1;44,7930,0.952959;81,11547,0.986982;112,10266,0.88787;121,16079,0.884615
57,57012;363,97032,1;61,7899,0.931361;79,12134,0.990533;114,10437,0.897041;120,16521,0.898521
57,57027;374,95329,1;68,8149,0.948817;76,11696,0.991716;98,10564,0.88284;89,16447,0.898225
57,57022;310,93580,1;65,7496,0.954142;81,11229,0.99497;116,10440,0.89142;120,15819,0.897633
57,56998;376,94114,1;73,7617,0.943787;81,11461,0.988462;99,10648,0.888166;121,16163,0.892012
57,56977;370,94635,1;58,7445,0.935503;60,11123,0.986982;94,10349,0.882249;122,15984,0.881953
57,57023;376,95159,1;70,7688,0.945266;82,11295,0.986095;115,10188,0.881953;128,16037,0.883136
57,56979;305,93839,1;67,7657,0.951183;86,11379,0.984911;105,10243,0.884911;81,15608,0.885207
57,57022;375,95832,1;43,7569,0.939645;57,11788,0.989053;80,10263,0.890533;86,16161,0.892899
58,56972;439,94744,1;46,7685,0.950888;52,11293,0.990237;77,10228,0.894083;91,15904,0.895858
58,57001;434,94290,0.999408;46,7443,0.942899;55,11146,0.985503;111,10216,0.894379;111,15496,0.898225
58,56953;383,96449,1;44,7425,0.943787;54,10924,0.98787;108,10281,0.885799;101,15782,0.893491
58,56995;380,95484,1;45,7669,0.948817;78,10916,0.987574;115,10262,0.888462;123,15952,0.888462
58,57007;379,94999,1;60,7393,0.94645;80,11097,0.986391;115,10390,0.888757;128,16219,0.891124
57,56998;368,94237,1;49,7664,0.95;57,11450,0.986391;80,10229,0.885503;89,16052,0.890237
57,57005;374,94013,1;44,7406,0.945858;55,10874,0.988757;80,10492,0.885207;99,15901,0.891124
58,56937;374,94859,1;54,6853,0.937278;62,11072,0.990237;110,9944,0.886982;120,15719,0.88787
59,56912;374,95305,1;61,7388,0.945858;74,11063,0.992012;114,10293,0.876331;124,16048,0.88284
58,56980;372,94566,1;48,7863,0.959763;57,11665,0.989941;84,10532,0.889349;89,16449,0.892604
59,56989;375,95293,0.999704;45,7387,0.937278;56,11038,0.985207;83,10245,0.891124;85,16160,0.898817
57,56995;373,95172,1;45,7427,0.930769;56,11457,0.988757;81,10471,0.907101;85,16151,0.907396
58,56971;371,93821,1;44,7321,0.944379;54,11188,0.993195;112,10157,0.898817;122,15840,0.897337
59,56913;378,94825,1;67,6826,0.93787;58,10649,0.989349;94,9849,0.885799;119,15514,0.888462
59,56896;367,93813,1;63,6611,0.929882;72,10178,0.983728;104,10015,0.886982;98,15304,0.892308
59,56903;324,94249,1;46,6652,0.938757;74,10564,0.991124;103,10033,0.877219;119,15330,0.88432
59,56871;222,93007,1;54,6569,0.936686;72,10125,0.98787;107,9748,0.877515;81,15088,0.885503
59,56905;255,91576,1;43,6950,0.938757;52,10298,0.992012;99,9875,0.876923;89,15636,0.877219
60,56945;364,92952,1;42,6990,0.94645;54,10146,0.990533;75,9794,0.870118;110,15297,0.880178
59,56862;268,91910,1;64,6897,0.948817;81,9932,0.986982;112,10008,0.870414;116,15136,0.881361
59,56856;310,93254,0.999704;59,6460,0.934911;74,10001,0.989941;102,9833,0.866864;79,14980,0.873669
59,56836;275,93149,1;53,6762,0.944083;52,9919,0.985503;72,9592,0.856509;89,14854,0.868639
59,56833;366,91718,1;64,6347,0.931065;70,9470,0.984911;90,9662,0.854734;80,15068,0.865976
59,56855;366,92141,1;53,6286,0.935799;51,9716,0.990237;71,9494,0.851183;80,14929,0.855325
60,56766;372,92040,1;40,6055,0.951479;50,8927,0.990237;71,9407,0.850888;77,14133,0.854438
59,56626;373,93036,0.999704;50,5664,0.948817;61,8302,0.984911;86,9029,0.851183;109,13811,0.854438
59,56459;371,92119,1;44,5115,0.942012;40,7564,0.985207;66,8631,0.85503;70,12930,0.859172
59,56305;367,91632,1;35,4753,0.934024;39,7435,0.989941;85,8131,0.849112;102,12837,0.85503
60,56162;360,91900,1;51,4579,0.955621;50,6609,0.979586;58,7613,0.844379;68,12262,0.854142
59,56011;359,90844,1;43,3889,0.94497;59,6252,0.985207;61,7374,0.854734;60,11051,0.851479
60,55763;362,91268,1;32,3671,0.951183;37,5818,0.985503;48,6168,0.842604;55,10053,0.84645
61,55446;362,91312,0.999704;29,3297,0.942012;48,5538,0.991124;69,6494,0.845266;56,10327,0.84497
59,54248;360,90364,1;33,2983,0.943491;38,5075,0.986686;64,5907,0.842012;54,9546,0.84645
58,53699;363,92113,0.999704;34,2928,0.946746;58,4615,0.989053;45,5216,0.836686;46,8239,0.845858
57,52115;360,90516,0.999704;26,2551,0.958284;31,4016,0.989645;31,4225,0.842308;37,7125,0.848225
54,50611;357,90941,1;26,2475,0.957692;27,3832,0.987278;33,4420,0.843195;37,6873,0.848521
52,48769;339,91448,0.999704;20,2059,0.961834;25,3234,0.98432;30,4044,0.846746;34,6476,0.848521
49,46996;361,91281,1;26,1982,0.963018;27,3130,0.986391;27,3664,0.842899;32,5902,0.845266
40,37206;360,91510,1;28,1680,0.966272;25,2822,0.986982;21,2873,0.840237;32,4750,0.843787
37,35410;352,89589,0.999704;30,1587,0.957101;25,2597,0.990828;27,2660,0.847041;32,4260,0.849112
37,34384;358,91036,1;25,1461,0.961538;24,2389,0.988757;31,2920,0.84645;36,4724,0.848521
33,30954;360,91160,1;31,1506,0.961538;25,2404,0.991716;28,2614,0.843195;32,4226,0.849408
38,31543;355,89425,1;28,1502,0.965976;25,2294,0.985799;29,2621,0.843787;33,4319,0.847633
35,32982;317,91701,1;37,1582,0.956509;31,2432,0.979882;33,2905,0.844083;38,4791,0.849112
35,31882;359,90380,0.999408;28,1378,0.962722;30,2263,0.982544;29,2560,0.842308;35,4310,0.851775
38,34603;328,89772,1;28,1377,0.966864;34,2415,0.988757;31,2726,0.846154;36,4594,0.851183
37,30091;367,91670,1;24,1295,0.97071;24,1947,0.98787;27,2431,0.844083;31,4059,0.847337
32,28749;351,91323,1;24,1339,0.962722;36,2349,0.985503;25,2301,0.842308;30,3877,0.845858
28,25912;218,90058,1;27,1201,0.966272;34,2018,0.990237;22,2013,0.845562;26,3431,0.848817
34,30769;221,91161,1;42,1376,0.968047;27,2270,0.992308;23,2413,0.85;20,3879,0.852959
38,34133;365,90246,1;20,1512,0.972485;22,2444,0.992604;22,2769,0.853846;27,4911,0.853846
34,30726;373,91815,0.999704;24,1302,0.96568;32,2355,0.98787;29,2460,0.843491;33,4225,0.847929
26,24947;364,90591,0.999704;27,1043,0.954142;32,1931,0.988462;23,1985,0.844379;28,3525,0.847929
20,18173;364,90305,0.999704;22,847,0.96568;27,1724,0.991124;19,1659,0.845266;21,2719,0.849704
20,18437;366,90792,1;27,983,0.971893;21,1468,0.987278;15,1380,0.848521;19,2587,0.848225
16,15141;368,91583,1;23,851,0.969231;39,1627,0.992308;18,1554,0.847633;19,2493,0.848225
20,18416;367,90595,1;30,793,0.968047;26,1281,0.988757;11,1414,0.849112;11,2186,0.850296
23,21344;349,89938,1;13,674,0.976923;12,1332,0.992012;11,1454,0.846746;13,2503,0.850296
22,20516;327,90399,1;13,700,0.975444;12,1266,0.989941;10,1302,0.848225;12,2276,0.850888
16,14490;365,91286,1;8,359,0.96716;13,849,0.989645;7,941,0.85;9,1681,0.850592
14,12472;333,89503,1;21,449,0.977811;10,795,0.990828;6,859,0.848521;7,1376,0.851183
11,10117;368,91748,1;8,307,0.97426;10,588,0.99142;3,496,0.848225;4,900,0.850592
12,10971;367,89864,0.998817;21,319,0.976331;12,526,0.990237;5,444,0.846154;6,770,0.85
12,11262;370,91671,0.999408;8,308,0.971598;12,541,0.988166;8,703,0.847337;8,1058,0.849408
5,4537;341,91266,1;20,198,0.976627;13,354,0.99142;3,259,0.847929;4,492,0.850888
5,3898;327,90763,1;6,124,0.971893;8,269,0.992012;2,216,0.848817;3,382,0.851479
