71,56953;388,97219,1;105,19046,0.96716;126,24310,0.992604;203,17590,0.943491;184,24609,0.994675
70,55561;392,99188,0.999704;64,7322,0.936686;79,11575,0.976331;117,9673,0.905325;88,15905,0.948817
70,55916;389,97917,1;46,7662,0.943787;54,12283,0.981361;87,9846,0.878107;100,17470,0.94645
69,55909;379,97722,1;70,7483,0.927811;72,12601,0.988166;94,10093,0.895858;98,16802,0.942899
70,55849;393,99210,1;50,7837,0.929882;59,12471,0.98284;135,10014,0.894083;148,16591,0.930473
72,55903;396,99736,1;65,7657,0.944379;72,12348,0.984911;130,10735,0.876036;109,18141,0.934615
72,55836;400,101294,1;50,7606,0.915089;55,12279,0.970414;141,10597,0.874556;153,16976,0.926627
73,55960;398,100983,0.999408;67,8092,0.926627;86,12646,0.981657;138,10382,0.889941;146,16759,0.928107
71,55725;397,100862,0.999704;72,7851,0.917751;88,13198,0.986686;155,10923,0.88284;154,17544,0.933728
71,55523;399,102006,1;45,7563,0.914201;61,12573,0.983432;101,10383,0.872485;154,17490,0.946154
71,55769;391,99261,1;66,7638,0.92426;89,12357,0.977515;140,10227,0.878994;150,16884,0.937278
72,55978;391,99079,1;73,8366,0.934615;86,12926,0.981657;153,11018,0.905917;165,17916,0.945858
70,55529;391,100164,0.999408;71,7717,0.937278;85,12529,0.985799;143,10501,0.913905;154,17232,0.942604
72,55691;387,98301,1;67,7838,0.92929;83,12387,0.98432;143,10469,0.909763;151,17148,0.941124
71,55429;391,99741,1;64,7596,0.926627;80,12173,0.982249;125,9738,0.905917;146,16462,0.942308
72,55657;385,97742,1;68,8141,0.923669;75,12676,0.983432;95,9913,0.883432;100,16341,0.945858
72,55954;388,98847,0.999408;55,7727,0.926923;84,12322,0.982544;142,10474,0.885503;149,16888,0.93284
72,55748;391,99220,0.999408;64,7664,0.938166;79,12015,0.978107;128,10120,0.871893;99,17010,0.930473
71,54993;388,98505,0.999408;44,7442,0.939941;54,11798,0.981657;131,9528,0.860355;150,16754,0.935503
72,55674;377,98750,1;66,7069,0.938757;78,10877,0.973373;118,8942,0.833136;130,15390,0.926036
70,53765;390,99191,1;58,7021,0.951479;73,10944,0.985207;100,8491,0.860947;88,14511,0.93432
71,55147;391,99572,1;43,6485,0.941124;54,10794,0.984615;83,8957,0.876627;96,16036,0.936095
68,55707;386,97174,0.999704;62,6598,0.945562;55,10343,0.986982;107,8763,0.878994;129,15096,0.929882
69,55758;393,97255,0.999408;59,6191,0.940237;73,9944,0.988462;80,8203,0.859172;87,14793,0.919527
68,55558;387,97349,1;41,5402,0.947041;68,8729,0.98284;94,7377,0.865089;109,13243,0.927219
67,54459;332,97300,1;45,4891,0.955917;58,7689,0.98432;78,6743,0.860651;102,12493,0.911834
62,50249;342,97225,1;34,2921,0.941716;29,4906,0.98284;46,3804,0.863609;63,7668,0.909467
48,38572;345,97573,0.999408;25,2027,0.954438;20,3134,0.981657;22,2616,0.85503;43,5515,0.895858
27,22043;343,97108,0.999112;17,1141,0.957101;19,2130,0.988462;9,1097,0.854438;12,2279,0.900296
21,17002;347,97796,1;16,752,0.958876;19,1481,0.986686;9,752,0.858876;12,1617,0.905917
15,12726;345,98274,0.998521;13,474,0.955325;16,919,0.982544;5,483,0.856509;13,1652,0.904734
