64,46056;310,95188,0.999671;104,20929,0.903618;128,28565,0.965789;328,19196,0.75625;345,31281,0.926645
70,46866;305,90792,1;64,14774,0.9;74,20971,0.964474;205,16003,0.815132;178,23729,0.919737
68,46875;322,88764,0.999342;69,14587,0.916118;78,20734,0.972039;231,15075,0.844079;165,23134,0.938487
68,46842;268,88247,1;90,14092,0.919408;114,20048,0.972697;172,14229,0.867763;151,22240,0.924671
68,46666;205,90526,0.999671;63,13077,0.887829;74,19280,0.978947;159,14378,0.871711;151,22305,0.938158
60,46722;257,89107,0.999671;64,13044,0.914145;75,19103,0.982895;156,14233,0.867434;143,21172,0.944737
61,46551;309,89133,1;90,12536,0.921382;111,18152,0.972039;219,14162,0.842434;222,22839,0.936513
61,46553;309,90012,1;91,12509,0.913487;111,18447,0.976645;217,13892,0.830921;197,21526,0.931579
60,46520;307,87547,0.999342;82,12111,0.891118;107,17940,0.973684;162,13916,0.859868;137,20591,0.935526
60,46494;314,88908,1;61,12116,0.902961;72,17688,0.96875;167,14245,0.826316;144,20805,0.914803
60,46403;311,88631,1;53,10762,0.896711;79,16202,0.969079;153,12998,0.798355;202,20680,0.915461
60,46339;310,88419,0.999671;56,10627,0.886513;67,15490,0.959211;199,12734,0.785855;157,20666,0.914474
59,46163;309,87503,1;50,9803,0.905263;61,14088,0.965461;190,11994,0.785526;182,19161,0.917105
58,45776;305,87586,1;67,8777,0.890132;86,13713,0.964803;176,10810,0.749013;178,18360,0.909539
55,43285;309,88049,0.999671;51,6630,0.901645;73,10732,0.970066;132,8261,0.796053;136,14005,0.8875
47,36730;308,87705,0.999342;33,5038,0.893421;35,7868,0.964474;66,5806,0.775;78,10480,0.875658
48,37810;300,87121,1;29,4259,0.915789;36,6902,0.963816;61,5179,0.775987;68,9859,0.879934
37,28864;269,87052,0.999342;26,2801,0.903947;25,4481,0.964803;49,4115,0.775329;50,6687,0.868092
38,29712;209,87795,0.999671;28,2156,0.920066;27,3542,0.96875;45,2818,0.770395;50,5266,0.868092
25,19611;211,88329,0.999342;17,1201,0.915789;23,2237,0.975658;31,1824,0.764803;32,3108,0.860197
16,12863;212,88892,1;24,958,0.916447;21,1669,0.974013;17,1023,0.759868;23,2301,0.859539
9,7074;241,87895,0.999671;9,361,0.911513;11,778,0.971382;12,693,0.757566;11,1122,0.856908
12,9207;346,88153,0.999342;18,402,0.915461;16,694,0.974671;11,648,0.755263;10,967,0.855263
