89,46056;451,105253,0.997368;124,20799,0.868092;161,29245,0.956579;390,20250,0.705592;356,31030,0.891776
88,45064;422,103608,0.999342;85,9222,0.8875;95,14873,0.949013;191,10612,0.791776;178,17659,0.908224
89,45306;435,100124,0.999013;79,10159,0.920395;109,16187,0.967105;220,11876,0.831908;207,18251,0.912171
88,45059;446,99031,0.999342;76,9459,0.913158;109,15180,0.967434;211,11631,0.858882;220,18317,0.926316
89,45264;434,95964,0.999342;81,9391,0.91875;106,15423,0.967763;217,11832,0.847039;223,19637,0.932566
89,45173;450,96719,0.999671;78,8740,0.920066;91,14065,0.965789;186,11116,0.854934;187,17969,0.911842
89,45117;411,93839,1;75,8244,0.903289;99,13719,0.979934;188,10881,0.860197;184,17009,0.920066
89,44950;424,92787,0.999671;74,8173,0.928289;97,13467,0.975658;173,10575,0.876645;191,17322,0.926974
89,45378;391,92567,0.999671;78,8956,0.917105;105,14194,0.976316;193,11356,0.876974;200,18273,0.931579
89,45285;385,92208,1;84,8886,0.921053;101,13841,0.974342;187,11070,0.874013;184,17485,0.936184
88,44655;372,91125,1;72,8240,0.932566;97,13394,0.988487;171,10381,0.882237;182,16666,0.936842
88,44471;361,89599,0.999671;74,8204,0.932895;96,12971,0.979276;159,10007,0.902632;172,16547,0.949342
89,45004;379,90366,1;80,8459,0.920724;102,13678,0.975658;170,10349,0.887829;180,17326,0.929934
89,44952;387,89491,0.999671;74,8284,0.928289;100,13385,0.980263;169,10465,0.886513;181,17369,0.933553
90,45195;387,90054,1;76,8504,0.930263;105,13731,0.982895;184,11335,0.902961;186,18212,0.942105
90,45133;393,89935,0.999342;79,8382,0.921053;101,13413,0.983224;159,10610,0.903618;188,18130,0.946711
90,45242;412,91224,0.999671;79,8440,0.944079;90,13686,0.988158;167,10594,0.900658;172,17662,0.933882
88,44522;393,89379,1;73,7857,0.927303;92,11965,0.979605;140,9599,0.899671;152,16106,0.944408
89,45157;373,89093,1;79,7965,0.946053;82,12563,0.981908;157,10374,0.902632;166,16220,0.935855
89,45325;401,89182,1;80,8066,0.940461;98,12609,0.984211;172,11019,0.929934;175,17980,0.946382
89,45335;405,88770,0.999342;72,7851,0.952632;85,13004,0.985197;175,10766,0.916776;171,16580,0.948355
89,45116;408,88714,0.999671;79,7726,0.944079;89,12373,0.975987;174,10428,0.908882;169,16939,0.944737
88,44948;382,88716,0.999671;74,7654,0.946711;93,12019,0.986184;152,9939,0.915461;174,16176,0.950987
90,45246;405,89321,1;69,8173,0.946053;100,12822,0.982566;164,10349,0.910526;188,16831,0.943092
91,44971;369,91329,1;82,7511,0.930592;98,11923,0.979605;167,10483,0.907237;166,16320,0.935855
91,45270;344,90335,0.999342;81,8008,0.940132;99,12918,0.985197;157,10269,0.891776;156,15454,0.938816
92,45349;402,88957,1;78,8147,0.934539;104,13276,0.984211;169,10777,0.918421;173,17089,0.942763
89,45023;404,89933,0.999671;72,7406,0.932566;107,12382,0.988487;160,10269,0.924671;159,16128,0.940789
88,45151;389,90767,1;73,7618,0.947697;89,11621,0.981579;157,10154,0.921053;161,16032,0.939474
91,45339;390,89354,0.999671;79,7991,0.954276;101,12710,0.987171;170,11047,0.919408;167,16803,0.941118
89,44408;383,87634,0.999671;67,6864,0.922697;85,10873,0.983553;128,9092,0.93125;145,14910,0.940461
90,45297;434,88069,0.999342;76,7633,0.939803;88,12024,0.974671;143,9853,0.927303;152,16274,0.938487
92,45228;364,87219,0.999671;69,7254,0.950658;86,11718,0.986842;135,9709,0.934868;138,14873,0.948355
91,44550;416,89075,0.999342;77,7112,0.934868;90,11553,0.985855;140,9548,0.936513;151,15532,0.952303
92,45074;409,88507,1;87,7319,0.943092;94,11122,0.982895;133,9188,0.905263;149,15214,0.943092
93,45153;377,88587,1;70,7140,0.95625;85,11626,0.989145;140,9577,0.908553;152,15404,0.938158
99,45133;391,89391,1;69,7361,0.946053;94,11719,0.981579;148,10138,0.930921;152,15822,0.947697
93,45231;408,88318,0.999671;74,7128,0.945724;85,11304,0.984539;134,9561,0.929934;140,15426,0.945395
90,44569;427,88731,0.999671;63,6764,0.941776;78,11013,0.988816;115,8489,0.927303;123,13916,0.944737
90,44802;392,87573,0.999342;75,7307,0.950987;89,11277,0.984211;131,9571,0.934868;134,15047,0.947039
91,45291;400,88524,0.999342;68,7141,0.945724;80,11210,0.986184;130,9619,0.930921;151,16103,0.944737
90,45229;411,90018,0.999671;71,7260,0.949671;91,11865,0.986184;143,9884,0.921382;149,16136,0.934211
90,44791;383,89359,1;62,6515,0.933224;78,10538,0.987829;125,8857,0.911184;149,15121,0.934211
90,45003;397,87631,1;69,6749,0.941447;84,10733,0.984211;137,9320,0.904934;152,15318,0.924342
91,45286;363,89261,0.999671;72,7114,0.938816;90,11721,0.987171;150,10174,0.911842;161,16592,0.937171
98,45247;369,89563,1;66,6853,0.941118;95,11481,0.9875;138,9299,0.913158;149,15342,0.930592
98,45186;372,87618,0.999342;65,6801,0.942434;83,11084,0.979934;136,8971,0.90625;146,15387,0.931908
100,45122;409,89509,1;71,7284,0.937829;92,11770,0.983224;145,9784,0.917763;154,15789,0.937829
91,44364;392,89479,1;61,6422,0.931579;85,10897,0.9875;120,9016,0.911842;145,14884,0.936842
94,44567;352,90035,0.999342;68,7082,0.924671;86,11137,0.974342;139,9132,0.903618;142,14722,0.928947
94,45189;387,91404,0.999671;74,7588,0.94375;92,11435,0.981908;142,9987,0.903947;155,15451,0.930592
94,44958;402,89397,0.999671;83,6950,0.945066;76,10801,0.977961;129,8818,0.894079;144,14671,0.934539
94,44927;407,90032,1;58,6714,0.944408;81,10894,0.982237;138,9270,0.90625;151,15824,0.936513
94,44887;375,90326,0.999671;66,6851,0.942105;88,11107,0.988158;117,9143,0.905921;151,15212,0.938816
97,44007;381,89014,0.999013;58,6128,0.919408;79,10037,0.981579;121,8510,0.906579;151,13747,0.934539
101,44774;405,90030,0.999671;57,6069,0.925329;76,10288,0.985526;122,8682,0.908553;126,13628,0.928947
102,45204;407,90030,0.999013;66,6596,0.951974;86,10654,0.988487;134,9400,0.908882;147,15244,0.927303
109,45257;422,90418,0.999342;67,6791,0.950329;86,11006,0.986513;136,9454,0.900329;148,15673,0.915132
99,45239;405,89941,1;72,7107,0.944737;92,11531,0.988487;137,9486,0.902303;150,15563,0.921382
100,45170;404,89192,0.999342;68,6625,0.940132;87,10491,0.982566;133,8990,0.892434;126,15058,0.921382
99,44999;383,89835,1;66,6488,0.936842;86,10937,0.981908;131,9059,0.889145;150,15008,0.920724
99,45130;381,88887,0.999671;67,6934,0.938816;85,11082,0.985197;145,9485,0.886184;148,15181,0.910855
98,44975;384,90629,0.999342;57,5865,0.920066;83,10377,0.984211;143,8845,0.890461;150,14039,0.915789
100,44955;419,90629,0.998684;70,7142,0.930592;89,11492,0.982895;152,9878,0.880263;152,15589,0.911513
100,44931;401,90134,0.999671;70,7027,0.926316;89,11459,0.980921;146,9578,0.867105;155,15432,0.910197
101,44969;398,89607,0.999342;74,7033,0.937171;85,11299,0.980592;138,9005,0.878618;172,14981,0.914474
91,45009;358,89847,0.999671;66,6799,0.917105;90,11486,0.984868;138,9190,0.863487;158,15519,0.915789
91,45078;405,89343,0.999671;65,6956,0.924013;92,11394,0.985526;149,9759,0.850329;161,15769,0.913816
93,44775;409,89783,0.998684;62,7016,0.951316;81,10722,0.985197;135,9140,0.870724;153,15302,0.925987
93,44915;407,88632,1;74,7322,0.952632;86,11367,0.976645;157,10134,0.875329;157,15919,0.923684
101,45082;405,88954,0.998355;64,6728,0.934211;79,10880,0.980592;143,9515,0.890132;152,15561,0.934868
92,44922;404,90250,0.998355;70,6717,0.940132;85,10741,0.979605;142,9402,0.865789;150,15376,0.915789
93,45174;405,90374,0.998355;68,6640,0.927632;89,11166,0.985197;137,9082,0.856908;150,15135,0.918421
94,44701;400,89718,0.999342;67,6917,0.925987;89,11244,0.978618;143,9286,0.853618;152,15049,0.916118
95,44576;425,89434,0.999013;66,6851,0.936842;73,10610,0.979605;143,9154,0.865461;146,14197,0.917105
98,44972;411,88923,0.999671;66,6719,0.920066;85,10784,0.969408;141,9583,0.837829;152,15280,0.903289
93,44671;385,90047,0.999342;66,6373,0.928289;87,10950,0.980263;138,9181,0.853947;152,14968,0.905592
96,44897;408,90576,0.999671;61,6520,0.930592;81,10780,0.976974;125,8624,0.859539;140,14567,0.90625
95,43990;416,90099,0.999671;56,6037,0.928947;79,9916,0.982895;105,8479,0.853618;113,13505,0.895724
96,44915;427,91679,0.999671;62,6500,0.939474;81,10920,0.979605;143,9245,0.839145;138,14796,0.896053
93,44112;408,88839,0.999671;52,6045,0.929605;70,9884,0.984868;105,8194,0.854605;133,13373,0.902632
93,43697;383,91295,0.999342;58,5805,0.925329;72,9228,0.981579;116,7552,0.840132;122,12556,0.893421
98,44674;402,90487,1;62,6363,0.929276;81,10201,0.985855;150,8851,0.842434;130,14144,0.896711
97,44826;425,88730,1;61,6491,0.94375;81,9981,0.987829;130,8628,0.838158;145,14271,0.89375
96,43882;389,88816,0.999671;64,5894,0.947368;77,9545,0.9875;122,8091,0.867105;126,12765,0.895724
90,43683;388,90184,0.999342;61,6292,0.929276;76,10523,0.984539;126,8564,0.855592;126,14370,0.891447
89,43071;403,89187,0.999342;68,5593,0.938816;69,8779,0.981579;114,7647,0.843092;122,12536,0.897368
91,44084;415,91395,0.999671;55,5548,0.920066;74,9239,0.983553;116,8019,0.848026;125,13212,0.895724
89,43615;412,90674,1;55,5759,0.940132;82,9251,0.985855;121,7920,0.850658;130,12912,0.902632
88,42273;421,90525,0.999013;61,6260,0.941118;76,9589,0.978618;97,7552,0.831579;112,12801,0.905921
91,43735;413,88751,0.999342;58,5953,0.933553;69,9436,0.985855;122,7842,0.858882;127,12519,0.898026
89,42820;389,90248,0.999671;48,5766,0.925329;80,9663,0.976974;117,7843,0.869408;124,12796,0.897697
95,42532;382,89681,1;59,6011,0.945395;68,8629,0.98125;113,7430,0.864803;124,12682,0.907237
96,43278;373,90715,0.999671;62,6033,0.932566;83,9434,0.981908;118,7793,0.870395;125,12485,0.903618
92,41716;349,90545,0.999671;56,5643,0.920395;74,8678,0.979934;105,7428,0.849013;119,12041,0.899342
96,42981;391,91103,0.999671;55,5329,0.926974;67,8630,0.980921;105,7092,0.847368;117,11836,0.905592
96,43931;376,91431,0.999671;56,5879,0.927632;72,9498,0.979605;123,8036,0.839145;130,12852,0.899671
90,40242;389,90486,0.999342;49,4820,0.917105;65,8074,0.971053;93,6394,0.852632;88,10197,0.900658
92,41359;380,90800,0.999342;60,5440,0.922368;67,8466,0.977961;99,6672,0.847368;112,11258,0.897697
94,43030;411,90047,0.998355;52,5457,0.931579;66,8693,0.981908;101,6982,0.847039;120,11591,0.890461
91,41129;415,92941,1;52,4810,0.918421;57,8236,0.982566;95,6387,0.855592;103,10547,0.901316
97,40539;410,90909,0.999671;62,5277,0.929934;70,8523,0.982566;102,6661,0.846711;105,10969,0.901645
84,38291;417,91245,0.999671;46,4500,0.910197;62,7464,0.975658;89,6208,0.847039;92,9896,0.893092
89,40244;393,89980,0.999013;49,4498,0.930263;57,7203,0.979605;91,5945,0.840461;98,9868,0.892763
83,37658;414,92493,1;45,4156,0.9125;52,6617,0.974342;70,5133,0.838158;71,8786,0.889474
87,39248;366,92206,1;49,4280,0.917763;57,6699,0.977632;83,5318,0.835197;90,9075,0.889145
81,37837;368,92088,0.999671;50,4222,0.923026;58,6753,0.978947;81,5070,0.814803;91,8879,0.877961
84,38080;351,92707,0.999342;43,3633,0.926316;53,5911,0.975658;73,4666,0.8125;81,8061,0.866447
67,30327;343,92205,1;44,2826,0.929276;43,5031,0.979605;62,4007,0.813816;67,6809,0.871382
73,32794;392,92023,0.997697;32,2226,0.936842;40,3882,0.979934;49,3297,0.811184;59,5816,0.865132
46,20799;425,92628,0.999013;27,1635,0.935197;30,2565,0.975658;33,2318,0.811184;34,3687,0.86875
51,24587;362,90214,0.999013;29,1618,0.934868;33,3019,0.976645;39,2360,0.809868;44,4337,0.86875
48,22076;401,91911,0.998684;30,1252,0.944079;26,2227,0.977303;28,1833,0.813487;36,3553,0.867105
36,16324;409,91022,0.998684;18,987,0.938158;25,1961,0.975658;30,1926,0.799342;26,3383,0.857237
38,17437;417,91970,0.999671;13,807,0.937171;13,1363,0.979605;18,1283,0.804276;22,2437,0.855592
32,14819;341,91846,0.999342;12,608,0.941776;19,1577,0.978289;19,1297,0.803618;22,2467,0.854934
30,11126;399,91868,0.999671;19,569,0.944079;14,981,0.979276;14,1007,0.80625;20,1900,0.857566
20,9835;373,91876,0.999013;13,462,0.938158;13,883,0.978947;12,885,0.809539;16,1745,0.861184
19,8793;412,90460,1;14,487,0.941118;13,884,0.980921;11,832,0.807566;12,1300,0.859868
23,10911;304,91650,0.999013;16,614,0.938487;16,1038,0.975987;19,975,0.805263;18,1895,0.859868
23,11092;373,91238,0.998684;14,639,0.942105;17,1063,0.978947;13,891,0.80625;16,1727,0.862171
18,8459;360,91155,0.999671;20,435,0.940132;20,763,0.980263;9,659,0.805263;9,1029,0.8625
21,9206;414,91593,0.999342;9,313,0.935855;9,557,0.98125;7,515,0.80625;9,998,0.864145
20,8729;359,91336,0.999013;14,276,0.934539;13,705,0.979605;12,809,0.807237;13,1383,0.863816
11,5202;357,91372,0.997697;14,411,0.941118;16,606,0.978947;8,547,0.803289;8,916,0.863816
16,6763;385,91235,0.999342;18,312,0.941776;18,625,0.977961;7,476,0.802303;10,1013,0.861842
