940,56953;665,33685,0.990533;281,15236,0.948521;340,21363,0.985799;322,15919,0.923077;293,17709,0.972781
802,51179;650,33822,0.984615;73,4841,0.917751;105,7224,0.946746;92,6075,0.899408;107,7228,0.936686
824,52597;688,34333,0.995858;70,4482,0.891124;114,7711,0.946154;95,6232,0.894083;108,7236,0.892899
811,51954;666,34655,0.992899;71,4440,0.864497;111,7526,0.940237;95,5978,0.857988;109,7121,0.871006
826,52608;715,35565,0.989349;104,4922,0.878107;160,7966,0.946154;139,6774,0.860947;161,8293,0.885799
821,52530;636,34477,0.997633;104,4925,0.878107;168,8486,0.966864;150,7042,0.894083;157,7614,0.878698
858,54616;641,34488,0.992308;106,5050,0.879882;150,8197,0.960355;109,6762,0.878698;138,7848,0.871598
838,53015;658,34515,0.991124;99,4785,0.882249;135,8207,0.955621;130,6683,0.86213;163,7989,0.871598
851,53745;687,35341,0.997633;103,5101,0.871598;171,8613,0.959172;146,7028,0.871006;162,7824,0.842604
861,52936;680,34348,0.988166;106,5377,0.895858;163,8074,0.931953;140,6692,0.86568;175,8577,0.88284
886,52554;678,34952,0.990533;108,5011,0.884615;174,8775,0.954438;146,6823,0.873964;178,8543,0.888166
871,52318;676,34818,0.988757;108,5032,0.887574;149,7986,0.957396;133,6354,0.87574;153,7593,0.881065
872,51505;671,34852,0.992899;90,5148,0.908284;129,8115,0.946154;110,6926,0.879882;128,8346,0.902959
919,53017;669,34158,0.994083;72,4491,0.849704;115,7711,0.950296;103,6446,0.875148;155,7818,0.885799
939,53560;659,33805,0.992308;101,4766,0.86213;154,7744,0.943787;133,6371,0.86568;141,7700,0.901183
897,51872;681,34304,0.991716;88,4333,0.857396;153,7688,0.933728;123,6036,0.854438;109,7101,0.887574
907,52395;676,34292,0.98284;74,4611,0.849112;114,7608,0.950888;106,6660,0.863314;119,7791,0.878107
904,51861;672,34132,0.990533;81,4969,0.880473;125,7669,0.95858;129,6271,0.871598;112,7221,0.87929
959,53613;656,33832,0.988757;91,4361,0.891124;137,6856,0.953254;128,6101,0.851479;134,7551,0.880473
952,54283;659,33546,0.989349;102,4797,0.914201;135,7034,0.949704;105,6610,0.871006;120,7765,0.89645
908,53435;661,34466,0.994083;95,4551,0.895858;118,6961,0.946154;100,6349,0.868639;128,7854,0.877515
879,51408;672,34573,0.989941;84,4215,0.911243;135,6757,0.939645;117,5694,0.859763;109,7388,0.890533
913,53454;650,33620,0.993491;65,4175,0.91716;104,7045,0.96568;92,5470,0.849112;133,6941,0.873373
885,52891;679,34270,0.988757;87,4034,0.907692;131,6604,0.948521;88,5603,0.863905;106,7015,0.876331
906,53284;671,34171,0.985207;66,4122,0.934911;111,6584,0.955621;115,5782,0.872189;137,7327,0.879882
853,50195;651,33437,0.998225;61,3144,0.924852;108,5414,0.949704;99,4868,0.864497;116,6030,0.875148
676,39122;669,34073,0.988166;48,2393,0.946154;62,3445,0.951479;62,3244,0.857988;84,4225,0.859172
559,32622;663,34135,0.995266;39,1730,0.955621;56,2772,0.962722;49,2393,0.859763;61,3077,0.863905
361,20500;675,34507,0.989941;22,972,0.957396;25,1420,0.96213;25,1221,0.860947;36,1792,0.866864
205,11719;632,34044,0.994083;11,447,0.957988;18,773,0.966272;16,832,0.851479;19,998,0.859763
151,8671;623,33796,0.994675;6,201,0.95503;8,334,0.965089;7,406,0.852663;9,509,0.860355
23,1331;617,33519,0.990533;1,25,0.954438;1,24,0.964497;0,35,0.853254;0,38,0.860355
