972,56953;1911,98750,1;321,18486,0.97071;389,23736,0.992604;388,17659,0.967456;504,24509,0.989941
908,55625;1826,99617,1;140,5729,0.94142;186,9464,0.983728;243,8638,0.931953;289,14448,0.959172
920,55643;1971,100171,1;108,5604,0.938166;184,9371,0.984615;179,8469,0.919527;249,13650,0.934911
919,55485;1939,98001,0.999704;145,5777,0.92929;226,9290,0.979586;257,8930,0.904734;322,14278,0.931657
928,55506;1873,101078,1;152,6234,0.934024;204,9796,0.97574;246,8458,0.906509;363,14490,0.926923
925,55611;1892,99935,1;150,5816,0.943195;237,9872,0.98787;265,9003,0.911834;282,14548,0.928402
941,55832;1982,99681,0.999704;112,5681,0.930473;171,9487,0.984024;197,8858,0.904734;294,14730,0.92929
941,55354;1962,101446,0.999704;152,6142,0.928107;186,10112,0.982544;224,9122,0.902071;306,14316,0.918343
926,55099;1994,100401,0.999704;165,6255,0.952663;248,10206,0.983432;262,8730,0.889053;362,14490,0.92071
955,55392;1733,99155,0.999704;150,6035,0.950592;233,9534,0.988757;252,8384,0.896154;349,13652,0.91568
944,55814;1701,100783,0.999704;119,5715,0.932249;233,9576,0.986391;267,8786,0.895266;367,14277,0.914201
911,55717;1781,99554,0.999408;142,5434,0.931953;202,9180,0.986982;252,8367,0.899112;362,13996,0.909172
980,55845;1922,101456,1;157,6490,0.934911;250,10098,0.980178;242,9134,0.883728;355,14993,0.904142
939,55821;1990,100653,1;131,5837,0.937574;172,9369,0.986095;192,8601,0.893491;275,14327,0.901183
981,55880;2000,101699,1;118,5683,0.944379;218,9553,0.988462;252,8825,0.893195;317,14881,0.900296
962,55212;1991,100535,1;132,5997,0.952071;173,9406,0.980178;190,8535,0.897929;316,14283,0.905917
968,55386;1952,99818,1;114,5375,0.940828;187,8830,0.985799;208,8149,0.890237;342,13617,0.899408
991,55548;1969,100482,1;136,5215,0.940237;211,8868,0.985207;237,8045,0.889941;335,13489,0.895858
989,55576;1919,100783,1;151,5947,0.949704;183,9360,0.987278;202,8875,0.880178;295,14351,0.892604
1009,55720;1785,99945,1;104,5513,0.946154;192,9120,0.992012;216,8274,0.891716;250,13561,0.893491
978,55506;1887,99953,1;128,4762,0.954734;179,7797,0.987574;207,7456,0.871893;279,13021,0.890828
991,55616;1775,98639,1;127,4940,0.928402;195,8415,0.985503;243,8435,0.89497;336,13392,0.900592
977,55408;1785,100163,1;141,5392,0.94645;168,8424,0.978698;220,7798,0.879882;252,13564,0.894379
988,55428;1740,100547,0.999704;123,4730,0.947929;194,7903,0.984911;193,7629,0.87426;236,12668,0.88432
985,55132;1806,98700,1;84,4277,0.956509;121,6703,0.982544;142,6542,0.871893;211,11401,0.888166
1003,54143;1960,100182,1;86,3943,0.957988;166,6640,0.985207;194,6555,0.874852;268,11030,0.883728
866,47608;1807,97813,0.999704;69,2446,0.960651;103,4043,0.98787;118,3992,0.872485;180,7115,0.878994
673,37441;1905,99890,0.998817;48,1425,0.967751;54,2501,0.986095;60,2763,0.868047;92,4948,0.87574
591,32597;2006,99641,1;39,1238,0.966272;53,2021,0.984024;63,2203,0.871893;93,3810,0.878107
396,22304;1810,99434,0.999704;23,724,0.962722;40,1317,0.989349;40,1386,0.868639;61,2492,0.878402
368,20467;1853,98590,1;24,605,0.97071;28,979,0.989349;33,1170,0.871598;49,2068,0.879882
246,13582;1861,97807,1;13,291,0.972485;19,614,0.990828;17,634,0.870118;26,1109,0.877811
