74,46056;515,95229,0.999013;175,21122,0.888816;214,28346,0.961842;610,20071,0.764474;520,30522,0.928618
78,46880;510,91659,0.999671;142,15061,0.904605;186,21648,0.971053;411,15301,0.803618;378,23065,0.91875
76,46781;495,88490,1;141,14040,0.902961;177,20212,0.970395;417,15937,0.827961;370,23670,0.935526
76,46744;496,88183,1;147,14126,0.906908;182,20456,0.974342;378,15043,0.846711;354,22987,0.936184
75,46724;508,90443,1;140,13487,0.896711;177,19643,0.965789;356,14421,0.848026;350,22891,0.935526
75,46805;503,88737,0.998026;144,13869,0.907566;180,19980,0.974342;357,14917,0.780592;349,22987,0.924671
78,46650;499,88521,0.999671;132,12700,0.894408;176,19295,0.973026;338,13902,0.798355;332,22283,0.920724
72,46611;502,88577,0.999342;134,12340,0.913158;165,18018,0.976316;340,14245,0.846053;338,22385,0.919408
72,46612;507,90529,1;133,12329,0.895395;165,18191,0.976974;347,13765,0.787171;338,22336,0.925987
71,46435;500,88094,1;125,11346,0.896382;154,16304,0.962829;327,12793,0.752303;311,20567,0.922368
71,46445;500,87362,0.999671;120,11297,0.910526;156,17069,0.980263;375,14532,0.760526;333,21651,0.916118
71,46221;499,86847,1;111,9835,0.872368;147,15381,0.969737;302,12457,0.801645;283,18913,0.917434
69,45694;507,88396,1;107,9432,0.884868;141,14828,0.967105;289,11905,0.828289;277,18555,0.919408
68,44276;500,87636,0.999671;102,8064,0.878618;126,12740,0.963158;215,9052,0.817763;227,15137,0.907895
65,43687;507,88539,1;87,6525,0.914474;106,10372,0.967105;188,7740,0.8;198,13349,0.907566
61,39962;503,88043,1;76,5598,0.908882;89,8553,0.960526;157,6303,0.796711;179,11825,0.89375
48,31750;500,87656,1;61,4083,0.896711;74,6460,0.961184;127,4957,0.781908;128,8330,0.877632
45,29685;504,88271,1;59,2903,0.909211;60,4983,0.966447;97,3810,0.790132;105,6727,0.877961
45,30197;503,87890,0.999671;50,1914,0.908553;51,3937,0.966776;81,3199,0.796053;86,5523,0.873355
43,27797;504,88261,1;48,2043,0.916776;54,3696,0.969079;75,2834,0.779934;83,5109,0.879276
24,16271;505,88488,0.999671;38,1082,0.913487;36,2140,0.966118;46,1675,0.774671;47,2814,0.877632
17,11232;504,87215,0.999671;26,632,0.910197;28,1256,0.969079;30,1022,0.772368;31,1827,0.873026
