106,56953;375,88732,1;101,15905,0.988462;133,20500,0.997633;175,15717,0.993195;175,17604,0.999704
103,55734;406,88980,1;20,2115,0.975444;36,3231,0.994083;40,4295,0.978107;48,5600,0.98432
103,55023;429,89080,1;44,2169,0.983432;36,3172,0.992308;41,4091,0.96213;58,5465,0.971006
103,55484;444,87832,1;29,2101,0.977811;38,3279,0.994083;42,4288,0.952071;41,5412,0.961243
104,55545;416,88167,1;27,2191,0.970118;35,3360,0.986686;45,4560,0.944379;49,5907,0.943195
104,55765;413,87424,1;26,2347,0.972781;29,3543,0.984024;47,4582,0.941124;51,6207,0.936391
104,55493;385,89014,0.993787;33,2421,0.970414;42,3826,0.990533;42,4505,0.926627;39,6231,0.924852
104,55340;394,89008,1;22,2265,0.963905;38,3671,0.987278;42,4427,0.917751;51,6289,0.916568
104,55793;403,89788,1;31,2616,0.972189;40,4091,0.989053;53,5284,0.908876;63,7402,0.906213
103,55773;436,89947,1;31,2590,0.966272;41,4317,0.989349;52,5060,0.890533;61,7462,0.895266
102,54117;451,90984,0.999704;36,2453,0.95858;42,4045,0.991716;55,5038,0.897929;67,7271,0.894083
105,55479;449,90437,1;38,2680,0.967456;44,4078,0.988462;69,4898,0.895562;67,7518,0.89645
105,55555;427,90497,1;26,2908,0.958876;47,4700,0.988166;57,5371,0.887278;67,7932,0.890828
104,55334;425,90807,1;42,3077,0.968047;51,4770,0.987574;57,5169,0.886391;68,7891,0.890237
105,55203;403,91015,1;33,2722,0.960947;47,4317,0.983728;62,5360,0.885799;72,8115,0.888757
106,55518;392,91899,1;50,3363,0.943491;59,5470,0.982249;78,6048,0.874556;79,9279,0.878402
105,54917;396,91516,1;37,2961,0.946746;48,4623,0.986982;57,5331,0.877515;86,8186,0.880178
105,55483;400,90226,0.999704;39,3206,0.954142;50,5223,0.985503;68,5794,0.873669;72,9238,0.877811
106,55462;394,92220,1;29,3291,0.955621;42,5492,0.987278;68,5887,0.877219;81,9311,0.876331
106,55407;426,93247,1;33,3118,0.95355;45,5269,0.987574;69,5919,0.871893;81,9369,0.871302
105,55477;405,91827,1;41,3389,0.952071;54,5410,0.986686;66,5845,0.87071;71,9551,0.875148
107,55728;407,93296,1;39,3221,0.947633;50,5442,0.983432;76,6243,0.863609;90,9901,0.866568
106,55731;410,94517,1;41,3350,0.950592;56,5711,0.983432;73,6088,0.862426;85,9681,0.868935
107,55772;401,94070,1;46,3605,0.952959;50,5336,0.981953;87,6265,0.853846;94,10233,0.860355
107,55323;399,93512,1;40,3471,0.949408;49,5439,0.982544;74,6278,0.85858;86,9942,0.861538
107,55520;411,93359,1;37,3194,0.953846;48,5313,0.988166;69,5880,0.859763;85,9875,0.860947
111,55502;413,93930,1;41,3526,0.942899;57,6036,0.988462;82,6587,0.855917;96,10446,0.854142
112,55400;412,94343,1;59,3738,0.946746;55,5851,0.989941;79,6129,0.849704;92,10101,0.845858
112,55672;424,93686,1;55,4094,0.963905;57,6322,0.98432;80,6810,0.856213;94,10725,0.854142
111,55852;400,94088,1;47,3864,0.963314;57,6485,0.990533;77,6441,0.855917;93,10608,0.855325
108,55321;406,93237,0.999408;40,3371,0.956805;51,5675,0.990828;58,6091,0.856509;90,9788,0.855621
110,55142;412,93464,0.999704;43,3743,0.960355;61,6001,0.986686;79,6449,0.85;97,10519,0.852959
111,55560;430,94348,0.999704;42,3680,0.949408;46,6065,0.986095;87,6777,0.846746;105,10760,0.850296
108,55029;431,93488,1;46,3738,0.965089;57,5733,0.989941;80,6170,0.848521;92,9975,0.847041
106,54996;400,92161,0.999112;44,3845,0.968047;60,6207,0.989053;85,6535,0.847337;98,10602,0.842604
109,55570;406,93311,1;41,3446,0.956805;54,5608,0.986095;81,6488,0.847633;97,10402,0.841716
109,55613;416,94987,1;58,4161,0.959467;61,6710,0.990533;87,6870,0.84645;105,11342,0.844379
109,55492;429,94649,0.994083;42,3925,0.942308;62,6798,0.992604;90,6873,0.854734;105,11406,0.852959
108,55636;406,94488,1;46,3878,0.957988;56,6016,0.99142;89,6807,0.852071;104,10908,0.851775
109,55710;409,94133,1;48,3739,0.965976;56,6311,0.99142;87,6728,0.854142;104,11068,0.852367
109,55452;411,95164,0.999704;49,4038,0.960651;60,6473,0.992012;79,6389,0.86213;105,10239,0.861538
109,55218;399,94057,1;43,3874,0.96213;58,6372,0.989349;86,6525,0.857396;99,10389,0.859763
109,55659;411,95221,1;50,3846,0.953254;60,6325,0.988462;80,6501,0.85858;99,10485,0.857692
109,55756;425,94756,1;51,3702,0.948817;60,6316,0.993787;83,6462,0.854734;101,10583,0.854734
109,55510;436,94242,1;45,3697,0.940828;60,6198,0.991124;86,6592,0.861538;100,10459,0.863314
109,55511;395,94218,1;44,3956,0.947041;58,6335,0.989941;86,6752,0.857988;98,10402,0.860651
108,55394;407,95881,1;45,3861,0.949408;57,6286,0.987574;83,6757,0.860355;102,10817,0.86213
108,55465;409,94130,1;44,3800,0.956805;60,6393,0.993195;82,6429,0.854734;100,10661,0.856805
108,55434;435,94086,1;47,3691,0.953846;56,5710,0.986982;75,6407,0.849704;76,10590,0.856805
109,55633;464,95154,1;55,3791,0.957692;62,6340,0.987278;88,6664,0.850592;101,10708,0.857101
108,55735;396,94597,1;54,3908,0.959763;63,6575,0.993491;86,6698,0.844675;108,10990,0.850592
110,55575;455,94199,1;50,3862,0.961834;60,6118,0.987278;91,6295,0.844083;97,10404,0.850296
109,55324;442,94067,1;42,3625,0.960059;55,6033,0.99142;74,5908,0.842604;86,9604,0.849408
109,55875;414,94163,1;45,3817,0.958876;62,6346,0.986391;89,6915,0.844675;110,11238,0.847633
109,55149;414,94715,1;42,3676,0.959763;55,5969,0.983432;81,6400,0.840828;93,10020,0.845266
108,55868;387,94200,1;44,3888,0.963018;56,6147,0.992899;88,6803,0.842899;102,10988,0.848225
109,55104;399,94209,1;46,3595,0.962426;56,5702,0.986095;79,6253,0.842012;94,10002,0.847633
109,55660;442,94314,1;43,3966,0.95858;57,6414,0.988166;83,6577,0.839349;98,10494,0.849408
106,55559;448,95783,1;41,3498,0.962426;54,5717,0.985503;76,6165,0.842308;90,9905,0.852071
107,55703;448,92159,0.999408;43,3946,0.967456;61,6190,0.990828;81,6608,0.843195;107,10804,0.85
107,55831;441,93437,1;50,3917,0.954438;64,6591,0.989053;91,7154,0.848225;119,11361,0.856805
106,55662;413,94628,1;48,3644,0.961243;61,6049,0.989053;83,6477,0.851775;97,10443,0.863609
107,55490;429,94846,1;49,3902,0.964793;59,6308,0.986982;84,6791,0.850888;91,11292,0.859467
106,55419;458,94805,1;48,3848,0.951775;60,6665,0.991124;80,6625,0.839941;92,10643,0.853254
107,55803;404,95042,1;52,4077,0.955621;64,6897,0.992899;86,7008,0.843787;105,11410,0.855621
107,55728;417,93457,1;50,3840,0.955621;56,6245,0.989941;82,6511,0.838757;98,10623,0.857692
107,55819;416,94536,1;43,3943,0.95503;60,6542,0.992308;90,6904,0.84142;101,11089,0.85858
107,55473;412,94188,1;43,3668,0.956805;53,5809,0.994379;79,6364,0.842308;97,10156,0.859172
107,55656;380,92481,1;49,3924,0.956509;60,6117,0.98787;88,6688,0.84142;104,10728,0.859172
107,55686;406,92638,1;42,3703,0.953846;58,6133,0.994675;82,6476,0.849408;95,10348,0.857988
108,55630;397,92476,1;40,3657,0.964497;52,5872,0.989941;73,6278,0.846154;91,9907,0.852367
106,55367;404,91341,1;44,3560,0.957101;59,5870,0.986982;86,6572,0.841716;100,10877,0.853254
107,55002;391,93162,1;39,3225,0.950592;52,5603,0.985799;75,6212,0.848225;84,9668,0.854734
105,54443;338,92521,1;42,3496,0.961538;49,5615,0.984615;72,5840,0.838462;86,9408,0.84497
105,54332;427,94888,1;42,3516,0.950888;54,5952,0.987574;80,6262,0.837574;92,10186,0.843787
107,55529;461,94332,1;42,3819,0.954734;54,6204,0.988757;78,6312,0.844083;93,10277,0.85
107,55495;442,93742,1;39,3701,0.95;58,6275,0.992308;80,6759,0.847929;95,10524,0.854142
107,55628;450,95056,1;48,3785,0.961538;57,6137,0.99142;83,6593,0.847337;100,10849,0.857101
107,55275;441,91868,1;41,3468,0.955325;63,5709,0.991124;83,6675,0.852071;96,10249,0.861243
107,55451;444,93266,1;45,3577,0.957396;54,5412,0.987574;99,6541,0.856805;100,10359,0.861538
108,55699;443,93346,0.999408;49,3910,0.955325;65,6305,0.993491;86,6650,0.845266;100,10668,0.85503
107,55834;450,93717,1;49,3848,0.95355;62,6258,0.992012;89,6877,0.843195;103,10851,0.856509
106,55390;441,94267,0.999704;51,3934,0.95355;64,6315,0.990237;86,6988,0.851183;98,11003,0.860355
108,55772;426,95002,1;42,3741,0.951183;54,5819,0.989053;84,6875,0.836095;104,11182,0.843195
111,55778;447,93532,1;43,3814,0.954142;55,6295,0.98787;82,6780,0.833728;102,11046,0.845858
114,55609;445,93255,1;44,3567,0.947041;58,6059,0.98787;87,6805,0.83787;112,11199,0.849704
113,55677;453,94026,1;43,4020,0.952663;62,6472,0.98284;96,7039,0.842899;107,11300,0.851775
109,55677;442,93973,1;50,4017,0.968047;59,6314,0.987278;88,6788,0.835799;104,10976,0.847929
112,54726;453,93756,1;47,3763,0.954734;62,6175,0.986391;88,6700,0.841716;103,10425,0.849112
112,55046;450,92468,1;43,3488,0.954142;54,5668,0.989053;81,6291,0.837574;93,9934,0.843491
112,54754;453,92782,1;37,3350,0.954734;50,5175,0.980178;77,6011,0.836686;90,9799,0.84645
111,55037;445,93908,1;40,3393,0.950888;58,5527,0.988757;83,6468,0.832249;99,10458,0.842308
109,55668;432,93224,0.999408;41,3361,0.947633;57,5756,0.983136;83,6649,0.831361;92,10316,0.843787
109,55511;435,92330,1;39,3589,0.957396;58,5997,0.990828;88,6675,0.831953;97,10271,0.842308
106,53436;471,93525,0.999704;50,3124,0.959763;56,5273,0.990237;76,5418,0.832249;79,8822,0.837278
109,55405;459,92984,1;38,2991,0.951775;50,5003,0.991124;74,5918,0.828402;89,9316,0.836982
109,55247;468,94248,1;38,3141,0.957988;49,5103,0.986982;80,6146,0.827811;90,9675,0.833432
109,55623;419,89799,1;48,3302,0.972189;59,5182,0.993787;76,6081,0.830769;88,9489,0.834911
109,55386;428,92421,1;42,2924,0.955621;48,4958,0.992012;70,5887,0.828994;76,9017,0.831953
109,55469;415,92203,1;43,3410,0.952959;66,5406,0.990828;75,6106,0.826627;83,9548,0.833136
109,55351;431,92620,1;36,3080,0.964201;45,4667,0.985207;62,5451,0.822781;76,8431,0.828994
108,54916;441,92603,1;36,2867,0.951479;45,4570,0.981657;61,5474,0.820414;71,8445,0.824852
108,55419;445,92658,1;47,3195,0.946746;49,5107,0.986982;65,5788,0.824556;85,9166,0.826627
110,55769;442,92167,1;38,3090,0.954734;51,4861,0.989349;69,5884,0.819231;86,9303,0.82426
109,55134;445,90299,1;32,2762,0.949408;47,4366,0.989941;73,5833,0.82071;87,9220,0.827515
109,55710;448,92135,0.999704;42,2987,0.945562;51,4925,0.988166;71,5808,0.825148;85,8889,0.830178
108,55603;449,91444,1;39,3315,0.959467;54,5000,0.986095;70,5901,0.830769;86,9085,0.826627
108,55367;461,91785,1;39,3035,0.955325;51,4836,0.988757;73,5948,0.830769;81,8785,0.827515
110,55460;432,91305,0.999704;51,3237,0.973669;50,4736,0.990533;64,5461,0.82929;81,8476,0.827811
109,55714;400,92709,0.999408;42,3139,0.968343;50,5064,0.985503;74,6203,0.831065;91,9517,0.829882
117,55542;437,91596,1;27,2844,0.961834;56,4660,0.988166;63,5265,0.831361;74,8116,0.831657
110,55792;462,93342,0.999704;40,3132,0.971302;49,4981,0.986982;72,5889,0.823669;87,9317,0.827219
108,55574;447,92466,1;36,3064,0.965385;47,4688,0.985207;69,5579,0.825444;80,8558,0.830473
109,55492;425,92416,1;39,3119,0.953254;55,5288,0.985503;90,6135,0.828698;103,9267,0.830473
109,54684;385,91853,1;36,2857,0.951479;47,4703,0.985207;66,5256,0.834615;77,8185,0.835799
109,55169;377,91721,1;45,3260,0.96568;53,5028,0.99142;85,6050,0.840533;87,9493,0.841716
110,55560;453,91136,1;35,2941,0.950888;49,5013,0.98787;75,6064,0.841716;90,9381,0.839349
109,55306;462,92702,1;38,3151,0.956213;52,5097,0.988166;68,5635,0.840533;83,9053,0.837574
109,55584;426,91067,1;45,3292,0.963609;60,5342,0.990533;80,6217,0.847041;94,9787,0.843195
107,55486;433,91921,0.999704;34,2796,0.954142;48,4609,0.989349;67,5701,0.841716;82,8893,0.83787
106,55794;448,91450,1;37,3004,0.959763;51,4804,0.991124;67,6175,0.838757;94,9969,0.839941
106,55503;438,91320,1;35,2840,0.959172;46,4701,0.990237;69,5664,0.838757;82,8893,0.836095
107,55197;430,92078,1;39,2859,0.960651;48,4533,0.990237;70,5619,0.831065;83,8891,0.829586
106,55280;419,91308,1;43,2999,0.961538;54,4690,0.986982;73,5758,0.826331;90,9195,0.826036
107,55607;448,91052,1;54,3102,0.964497;52,4924,0.992012;76,6115,0.824556;90,9471,0.824852
106,55546;380,91261,1;41,3060,0.963314;48,4803,0.990828;76,5979,0.82071;87,9202,0.82426
106,54942;369,91063,1;32,2901,0.960651;51,4473,0.986686;70,5473,0.819822;80,8286,0.823373
107,55259;402,90905,0.999408;45,2988,0.959763;59,4613,0.979586;65,5478,0.821302;78,8511,0.828107
107,55297;390,90509,1;43,3059,0.960651;72,4810,0.989645;69,5703,0.824556;81,8684,0.828994
107,55510;405,91049,1;35,2946,0.965976;47,4556,0.985207;69,5789,0.829882;82,8619,0.833728
107,55424;427,90569,1;42,3033,0.970414;49,4846,0.992308;67,5627,0.824852;81,8765,0.828107
105,55384;364,89614,1;42,3034,0.976331;41,4570,0.989941;74,5868,0.827811;86,8955,0.827219
105,55135;426,90635,1;40,2783,0.963314;48,4566,0.987574;65,5354,0.821893;64,8389,0.824852
108,55681;436,91246,1;29,3181,0.966272;54,4841,0.987278;74,6045,0.82071;86,9073,0.821598
107,55407;453,90603,1;37,2748,0.967456;49,4546,0.994083;71,5757,0.819527;84,8778,0.819527
106,54474;439,90260,0.999704;36,2489,0.964793;42,3842,0.990533;58,4893,0.814497;70,7764,0.816864
106,55787;438,89831,1;36,2911,0.977515;46,4419,0.992604;69,5674,0.815385;77,8408,0.816864
106,55443;371,90157,1;42,2569,0.971006;44,3976,0.989645;61,5148,0.814793;70,7700,0.816864
107,55552;414,90139,1;33,2437,0.968935;39,3681,0.984615;62,5081,0.814201;67,7752,0.818935
106,54689;425,89977,0.999704;31,2748,0.958284;47,4652,0.989645;69,5853,0.813609;81,8795,0.818639
108,55605;395,91630,1;38,2809,0.97426;47,4161,0.990828;65,5504,0.810059;72,7887,0.811834
108,55652;387,90494,1;36,2817,0.968047;58,4484,0.993195;69,5622,0.806805;78,8437,0.813609
108,55518;418,90744,1;31,2550,0.973964;44,4049,0.992899;63,5361,0.809467;70,7527,0.81716
112,54879;438,90495,1;33,2379,0.970414;39,3581,0.989349;59,5156,0.80858;70,7833,0.817456
106,55040;394,90339,1;34,2431,0.976036;41,3954,0.992604;57,4932,0.80858;68,7313,0.815089
107,55558;390,90229,1;32,2637,0.973373;42,4038,0.990533;64,5548,0.811834;77,8248,0.816864
107,55580;303,89891,1;28,2382,0.978107;40,3650,0.992604;57,4852,0.818343;68,7242,0.822189
107,55660;349,90821,1;28,2280,0.971893;39,3764,0.989349;58,5157,0.804438;71,7705,0.809763
106,55489;417,89818,1;34,2564,0.972485;40,3908,0.988166;65,5438,0.807101;74,8017,0.80858
113,55247;375,89379,1;59,2372,0.96213;44,4076,0.991716;60,5230,0.811834;69,7717,0.815385
106,54512;338,89016,0.999704;35,2266,0.971006;50,3401,0.988462;51,4523,0.813905;59,6587,0.817456
108,55604;353,88184,1;32,2458,0.973373;39,3526,0.987278;53,4678,0.815089;67,7051,0.816272
108,55436;261,88845,1;66,2492,0.973077;45,3913,0.990828;67,5223,0.806805;81,7983,0.808284
107,54385;263,89612,1;30,2118,0.963314;42,3498,0.989941;55,4488,0.809467;66,6845,0.808284
107,54274;261,89311,1;34,2060,0.957101;39,3412,0.992899;58,4484,0.806805;66,6787,0.811834
101,51659;265,90289,1;32,1921,0.965385;37,3074,0.993491;53,4179,0.80858;63,6486,0.812426
99,50766;261,88692,1;34,1774,0.972485;35,2639,0.991716;48,3855,0.806805;56,5719,0.813314
98,49859;265,89812,1;33,1679,0.973077;34,2724,0.993787;45,3552,0.807396;50,5148,0.814201
104,51012;265,90833,1;25,1525,0.96568;34,2484,0.992899;44,3436,0.807101;54,5379,0.812722
91,48180;266,90690,0.999408;34,1472,0.976036;43,2093,0.98787;39,3043,0.804142;47,4633,0.812426
91,47051;265,90587,1;20,1214,0.973077;25,1841,0.990828;37,2900,0.804438;44,4499,0.810059
92,48253;265,90719,1;25,1312,0.976627;31,1954,0.993195;35,2735,0.805621;39,4125,0.812426
86,44884;259,89163,1;20,1037,0.983432;21,1719,0.994675;31,2479,0.80858;37,3795,0.813018
84,44591;258,88597,0.999704;21,1015,0.978402;38,1692,0.989645;28,2349,0.807692;33,3648,0.814201
87,46255;265,90591,1;16,940,0.975444;34,1741,0.995562;28,2287,0.808284;33,3703,0.814497
86,45243;259,88947,1;19,1032,0.980473;21,1485,0.99497;29,2283,0.807101;34,3517,0.813018
87,45367;259,88780,1;38,969,0.976331;24,1542,0.993195;28,2373,0.808876;33,3686,0.813609
82,42625;265,90443,1;17,824,0.978994;25,1521,0.995266;35,2080,0.808284;31,3359,0.813314
78,40522;262,90090,1;14,825,0.980178;25,1386,0.993787;21,1852,0.806805;26,3050,0.81213
75,39320;261,89637,1;17,829,0.983728;22,1342,0.991716;24,1906,0.809763;28,2897,0.813609
70,37098;259,88941,1;14,659,0.978698;18,1256,0.995266;17,1491,0.813609;24,2608,0.818047
65,34521;263,89850,1;17,708,0.982544;17,1201,0.993787;22,1862,0.812722;23,2738,0.818343
54,28881;264,89868,1;13,627,0.980178;13,1066,0.99497;25,1405,0.813314;19,2087,0.818935
52,27250;260,89080,1;10,525,0.981953;16,791,0.993787;12,1146,0.813314;16,1863,0.818935
54,28201;267,91447,1;13,592,0.97929;16,1018,0.997041;14,1262,0.813905;17,1980,0.820414
59,28685;260,89564,1;16,493,0.985799;13,863,0.995858;13,1205,0.812722;16,1805,0.817751
50,24119;264,90015,1;11,552,0.986982;12,751,0.99497;11,993,0.811834;15,1638,0.81716
48,23371;261,89002,1;9,403,0.983432;11,696,0.994379;10,899,0.811834;13,1514,0.818047
40,19763;259,88402,1;8,353,0.98432;20,520,0.995266;7,704,0.811538;9,1161,0.817751
36,17557;263,89646,1;8,300,0.985207;11,524,0.99645;5,510,0.813905;15,859,0.819527
37,17842;263,89340,1;9,306,0.986391;8,451,0.994379;6,576,0.816272;9,1017,0.821006
34,17011;260,89434,1;9,273,0.984911;12,545,0.996746;5,550,0.813905;8,951,0.818935
29,15331;261,89632,1;7,231,0.981657;10,447,0.994675;7,658,0.815089;8,978,0.818047
21,11278;258,89119,1;7,192,0.985799;7,262,0.99645;3,330,0.81568;5,605,0.818343
20,10375;262,89944,0.999408;5,136,0.985207;5,179,0.99645;3,280,0.815385;4,502,0.819527
14,7038;261,89886,1;4,92,0.985207;4,132,0.99645;2,179,0.81568;3,354,0.819231
7,3904;261,89012,1;5,71,0.985503;6,133,0.996746;2,188,0.816568;2,269,0.818935
6,3267;259,89317,1;4,64,0.982249;6,128,0.99645;2,177,0.816272;3,324,0.818935
