40,46056;84,32672,0.972368;71,15373,0.829605;72,23431,0.955921;127,17640,0.7;131,23830,0.944079
43,46513;102,31536,0.986184;50,11445,0.885526;63,16002,0.948026;92,13422,0.841447;84,16387,0.919737
40,46516;103,31533,0.982895;51,11048,0.873684;66,17028,0.966447;86,13200,0.870395;92,17294,0.9375
40,46550;101,31049,0.989474;58,11362,0.856579;72,17280,0.970395;99,13957,0.901316;101,17542,0.938158
40,46430;101,30774,0.986184;44,10539,0.891447;69,16477,0.955263;79,12288,0.849342;74,15981,0.932895
40,46419;101,30921,0.990132;52,10700,0.903289;58,16429,0.963816;88,12744,0.851974;83,15303,0.951974
39,46020;100,30714,0.990132;46,9098,0.873684;59,14390,0.955921;73,11333,0.844079;73,13789,0.936184
38,44611;89,31649,0.985526;39,8016,0.842105;54,12673,0.942105;65,10173,0.848684;73,12699,0.936842
31,36081;102,30973,0.985526;26,4735,0.840789;34,7726,0.938158;61,6483,0.858553;42,7932,0.944737
24,27845;100,30600,0.986842;22,3270,0.821053;36,5156,0.95;27,4030,0.838816;29,5553,0.934211
15,17711;100,30870,0.984868;12,1201,0.830921;12,1867,0.941447;9,1414,0.830263;12,2528,0.932237
7,8577;103,30993,0.992105;6,544,0.832237;6,762,0.936184;4,606,0.834868;5,995,0.930263
7,8547;100,30279,0.986184;9,663,0.851974;7,770,0.943421;5,791,0.845395;5,1079,0.932237
4,5205;101,30390,0.982237;2,164,0.852632;2,204,0.944079;1,146,0.846711;1,291,0.932237
