70,46056;396,94701,1;143,20519,0.897368;147,26416,0.975658;387,19693,0.798355;323,28471,0.96875
73,46846;393,92632,0.999671;105,14674,0.917105;129,20495,0.965461;269,14786,0.837829;260,23394,0.932237
72,46838;377,90117,1;106,14934,0.917434;136,21702,0.975987;292,15738,0.842434;270,24585,0.943092
69,46927;367,87485,1;108,14710,0.925;132,21178,0.978289;289,16131,0.845724;272,24616,0.949013
68,46792;367,88240,1;119,13766,0.921711;126,20515,0.985855;253,14764,0.879934;239,22483,0.964474
68,46801;368,88407,0.998355;104,13531,0.921053;127,19468,0.98125;246,14682,0.892763;234,22509,0.969737
68,46822;361,86981,0.999671;105,13363,0.935197;132,19107,0.987829;231,13958,0.928289;211,20582,0.966447
68,46713;357,85794,0.999013;105,13085,0.939474;140,19132,0.992434;221,13962,0.930592;204,20591,0.9625
71,46649;348,84089,1;111,12621,0.932237;118,17914,0.988158;200,13198,0.923355;199,20247,0.956908
71,46636;346,85209,1;97,12310,0.943421;113,17765,0.989474;220,14000,0.915132;222,22395,0.951645
71,46646;325,85158,0.999671;99,12522,0.935855;122,18181,0.985526;208,14061,0.913816;163,20003,0.948684
71,46655;366,87355,1;98,12464,0.931908;101,18146,0.988487;204,13386,0.935197;193,21034,0.959211
75,46608;345,85366,0.999671;100,12277,0.954934;118,17000,0.990132;194,12845,0.941447;193,19819,0.958224
70,46573;361,86931,1;104,11602,0.925329;120,17132,0.989803;206,13319,0.935855;198,19942,0.958553
70,46550;358,86491,1;96,11882,0.942763;121,17157,0.988816;194,12842,0.934211;184,19716,0.953289
70,46631;361,86166,1;91,11948,0.933224;113,17097,0.989474;207,13801,0.935526;186,19565,0.958882
75,46612;308,84358,1;99,11666,0.948355;118,16529,0.987171;195,12555,0.925329;193,18965,0.954934
70,46599;334,85126,1;99,12031,0.940789;112,16936,0.990132;196,13075,0.930921;191,20058,0.958882
69,46563;362,86952,1;98,11853,0.939145;124,16826,0.985855;187,12924,0.931908;190,19858,0.957895
69,46547;339,86613,0.999671;87,11218,0.936513;117,16809,0.98125;191,12960,0.922368;203,20417,0.955592
71,46665;338,85242,0.999342;94,11849,0.946382;117,16598,0.987829;209,13391,0.917763;193,19613,0.949013
71,46537;375,86614,0.999671;100,11166,0.927632;112,16371,0.982566;186,12638,0.908224;191,19471,0.942763
71,46546;362,85640,1;91,11543,0.934539;115,16835,0.985526;192,12497,0.885855;196,20141,0.9375
71,46534;356,86440,1;99,10805,0.933553;116,16280,0.989145;188,12484,0.895724;181,19353,0.940132
71,46573;361,85483,0.999013;97,11427,0.930592;122,16554,0.987829;208,13191,0.907237;205,20237,0.939803
72,46574;361,85612,0.999671;96,12022,0.926974;138,16538,0.985197;171,12901,0.901645;192,19834,0.938816
72,46505;367,86545,1;92,11715,0.936842;119,16913,0.987829;215,13202,0.892105;213,19974,0.942434
71,46504;368,86709,1;91,11087,0.920066;110,16288,0.978618;208,13507,0.856579;201,20189,0.926645
71,46491;384,87715,1;94,11568,0.933882;120,16754,0.981908;207,13205,0.854276;196,20599,0.944408
68,46494;366,86204,1;89,11006,0.932237;112,15879,0.982566;210,13184,0.846382;192,19660,0.935855
68,46415;366,86268,0.999013;107,10568,0.924671;113,15761,0.979276;207,12703,0.824013;192,18983,0.913487
68,46365;369,85257,1;89,9993,0.936184;121,14859,0.979605;201,12736,0.842763;182,18301,0.922697
68,46355;357,86085,1;79,10389,0.909211;105,15020,0.977961;217,13488,0.85;191,19331,0.933224
68,46340;365,86192,0.999671;87,10874,0.927961;124,15909,0.973684;199,12803,0.840132;173,18573,0.923684
68,46317;342,85839,0.999671;87,10531,0.918421;106,15109,0.979605;199,12423,0.842434;207,18921,0.9375
68,46204;355,85823,0.999671;87,9754,0.934539;93,14985,0.985855;171,11131,0.859211;180,17879,0.93125
68,46095;343,86293,0.999013;80,9839,0.932237;87,14899,0.979276;170,10672,0.8625;172,17555,0.926316
66,45701;353,88226,0.999013;82,9035,0.93125;91,13414,0.984868;159,10299,0.837171;159,16186,0.915132
63,44531;331,86879,0.998684;76,7836,0.9375;88,12261,0.979605;138,9199,0.819408;148,14503,0.901316
62,43069;375,87384,0.998684;68,6802,0.938487;88,10864,0.980921;128,7934,0.818421;135,13064,0.905592
64,45009;348,86369,0.999013;68,7018,0.944408;86,10889,0.981579;131,8053,0.830921;132,13038,0.915132
61,41709;349,87396,0.999013;64,6239,0.933882;75,9860,0.981908;131,7129,0.8375;119,12171,0.914145
62,43465;369,88632,0.998684;62,6563,0.936513;99,10226,0.983224;120,7408,0.826645;136,12571,0.908224
62,42507;377,88249,1;62,5275,0.932895;65,8520,0.986513;110,6824,0.831908;113,11103,0.914803
58,40132;373,87328,0.999671;59,5477,0.943092;69,8539,0.986184;109,6715,0.822039;121,11304,0.909868
58,40458;370,88499,0.999671;58,4855,0.938816;73,8068,0.982566;102,6176,0.822697;105,10236,0.897368
59,40781;372,87202,0.999342;51,4300,0.950329;58,6933,0.986842;86,5435,0.815132;89,9025,0.889803
53,36058;370,88859,0.999342;35,3399,0.940789;54,6043,0.984539;69,4462,0.823684;68,7476,0.896053
53,37142;366,87528,0.999013;56,3582,0.945724;48,5700,0.979934;74,4789,0.813158;69,7547,0.877303
47,32103;383,89674,0.999671;45,2561,0.937829;43,4176,0.986184;59,3687,0.805263;63,6147,0.878618
49,33024;367,87222,0.999013;53,2793,0.939145;45,4336,0.982895;54,3488,0.790789;57,5904,0.865132
47,31897;375,87688,0.999342;40,2208,0.957237;34,3435,0.981579;48,3013,0.775658;52,5148,0.855263
30,20213;379,88503,0.999342;28,1161,0.947039;28,2075,0.979605;29,1806,0.780592;30,2975,0.860526
23,15627;378,88391,0.998684;30,1045,0.95;40,2107,0.982237;24,1564,0.777303;27,2786,0.857237
27,18625;377,88235,0.999342;22,1031,0.955263;20,1890,0.982895;25,1626,0.775329;31,2973,0.854934
19,13401;380,89068,0.999342;30,963,0.958882;26,1531,0.985197;21,1318,0.770724;23,2302,0.850658
17,12128;380,89365,0.998684;14,493,0.956579;18,942,0.984539;15,906,0.770395;17,1756,0.851645
15,10366;382,89631,1;31,785,0.957566;24,1095,0.984211;15,1005,0.772039;17,1745,0.854934
16,11095;378,87883,0.998684;22,660,0.952961;22,961,0.985526;16,1006,0.771053;19,1843,0.852632
15,10007;380,88281,1;35,542,0.950987;21,888,0.983882;14,854,0.773355;11,1114,0.852632
10,7131;379,87782,0.999342;10,214,0.953289;13,668,0.985526;10,621,0.775;11,1028,0.854934
12,8207;387,87442,0.999013;18,375,0.954605;15,711,0.984539;12,755,0.773684;13,1329,0.85625
9,6531;376,88151,0.999671;44,394,0.959211;15,603,0.983882;8,489,0.773026;8,810,0.852303
