71,56953;390,89540,1;81,15923,0.992012;120,20163,0.999408;197,14934,0.997633;171,17483,0.999112
65,56638;381,88907,1;64,4083,0.963609;65,6037,0.988166;67,6874,0.964497;72,8694,0.967456
60,56676;403,89474,1;49,4097,0.949704;61,6160,0.986391;68,7121,0.931657;76,9504,0.935503
60,56712;395,90121,1;68,4649,0.931361;65,6677,0.973964;83,7941,0.919527;89,10415,0.911243
61,56731;395,90750,0.999704;62,5276,0.944675;76,7523,0.971006;85,8326,0.904142;100,11810,0.891124
61,56800;384,90345,1;58,5624,0.945562;72,8287,0.969822;95,8613,0.889645;109,13085,0.900888
61,56868;395,93085,1;63,5743,0.931065;76,8839,0.980769;110,9254,0.880473;121,13937,0.893787
62,56886;393,92123,1;64,6304,0.944083;77,9730,0.986391;120,9794,0.874852;132,14772,0.884615
62,56896;393,92952,1;89,6801,0.930473;95,10716,0.992012;128,10024,0.861538;138,15195,0.883432
62,56915;401,95656,1;66,6849,0.940533;86,10381,0.98787;127,10168,0.861538;136,15295,0.878994
62,56939;410,95033,1;78,7350,0.960651;89,10688,0.989053;135,10009,0.867751;138,15389,0.877219
63,57011;394,94483,0.999704;74,7687,0.944379;85,11466,0.98432;140,10663,0.888757;148,16273,0.892899
63,57045;397,95709,1;74,7469,0.930473;93,11455,0.990828;131,10079,0.881065;151,15721,0.885799
63,57007;397,93293,1;77,7328,0.942012;97,11394,0.989645;138,10616,0.881657;126,15919,0.88432
63,57017;434,97002,1;84,7935,0.949112;97,11732,0.986391;134,10376,0.889053;151,16291,0.895266
62,57013;434,96829,1;75,7497,0.948521;105,11196,0.985799;126,10013,0.894675;138,15680,0.899408
63,57036;424,94419,1;72,7545,0.947929;92,11540,0.986982;131,10347,0.883136;140,15826,0.88787
63,57049;381,95797,1;78,7791,0.940533;104,11713,0.992604;137,10750,0.893491;145,16641,0.894083
63,57032;391,94995,1;71,7703,0.949704;91,11631,0.98787;140,10865,0.890533;161,16273,0.899704
63,57010;390,94262,1;69,7698,0.946154;94,12049,0.991716;135,10533,0.880178;147,16674,0.9
63,57028;400,97355,1;74,7941,0.94645;96,11800,0.989349;146,11128,0.889053;141,16541,0.900592
64,57041;402,96979,1;69,7886,0.949112;92,12037,0.990237;134,10589,0.899704;144,16241,0.903254
64,57027;388,95199,1;69,7760,0.937574;94,12224,0.989941;140,10592,0.878698;142,15939,0.894379
50,57026;391,94528,1;71,7810,0.939053;93,12039,0.987278;137,10633,0.888166;148,16047,0.895266
68,56989;396,95870,1;76,7872,0.954438;88,10984,0.986095;133,10362,0.892012;146,15873,0.902663
65,56968;391,94326,1;68,7280,0.946746;81,10974,0.988462;128,10071,0.889053;142,15560,0.897041
64,56990;401,96014,1;72,7632,0.949112;92,11197,0.992604;133,10412,0.885799;143,15883,0.9
64,56977;432,96273,1;71,7336,0.929586;87,11058,0.987574;126,10152,0.892308;136,15432,0.895562
65,57002;433,95600,1;69,7645,0.93284;90,11786,0.985799;133,10407,0.895562;133,16473,0.903846
65,57022;420,95812,1;74,7770,0.939941;96,11735,0.989645;135,10535,0.888757;142,16143,0.896746
67,57008;401,96898,1;77,7722,0.936982;91,11452,0.989349;133,10538,0.889941;147,16366,0.904142
65,56986;432,96161,1;85,7905,0.94497;96,11325,0.98787;135,10483,0.891716;142,16058,0.902367
65,57002;424,94374,1;95,7958,0.943787;100,11939,0.990533;139,10621,0.892604;147,16336,0.899704
69,57016;426,95050,1;67,7365,0.935799;87,11493,0.990237;137,10391,0.885207;146,16030,0.894083
73,56972;420,94221,0.999704;69,7120,0.935207;89,10808,0.984911;134,10201,0.882249;146,15876,0.894379
69,56971;426,94850,1;73,7275,0.929882;91,10548,0.983728;133,10132,0.877515;139,15511,0.887278
69,56964;418,93715,1;71,7480,0.953254;82,11208,0.986982;127,10134,0.880178;129,15940,0.882249
68,56984;424,94104,1;71,7022,0.944379;86,10523,0.986391;121,10209,0.88432;140,15820,0.889941
68,56964;410,94378,1;75,6986,0.950296;79,10338,0.987574;121,9891,0.881953;130,14968,0.88432
64,56961;424,94017,1;77,7184,0.934024;86,10771,0.981361;127,10202,0.870414;136,15454,0.872189
68,56921;412,92483,0.999408;66,6854,0.945562;82,9811,0.988757;118,9844,0.872485;128,14618,0.87426
69,56914;424,93252,1;70,6696,0.951479;82,10072,0.990237;124,9754,0.871598;135,14748,0.872781
69,56890;426,93285,1;67,6616,0.939941;88,9620,0.980769;119,9482,0.865089;128,14842,0.873077
68,56862;424,93245,1;67,6713,0.939941;86,9773,0.977219;127,10045,0.86568;133,15512,0.876036
67,56879;424,93236,0.999704;66,6566,0.946746;81,9476,0.975148;127,9934,0.859467;135,14887,0.868935
69,56900;425,93381,1;68,6350,0.923669;84,9965,0.957692;125,10047,0.859467;137,15511,0.873373
69,56880;422,92489,1;66,6773,0.944675;87,10440,0.983136;121,9817,0.855917;138,14853,0.866568
69,56889;428,92454,0.999704;63,6577,0.944379;77,9600,0.98787;119,9960,0.852959;142,14415,0.868935
69,56854;424,92448,1;69,6566,0.942308;88,9713,0.986982;115,9378,0.839053;119,14851,0.860651
69,56891;428,93936,1;69,6448,0.913905;86,9992,0.986686;123,9952,0.834024;144,14853,0.855621
69,56824;437,93930,1;71,6570,0.952959;81,9131,0.990533;140,9877,0.842308;132,14513,0.863314
69,56808;424,93597,1;87,6022,0.949704;78,9043,0.989349;113,9493,0.847337;127,13856,0.859763
69,56819;426,93574,1;78,6181,0.937574;78,8890,0.986391;100,9501,0.855621;108,14441,0.867751
69,56771;417,91567,0.999704;64,5993,0.948521;101,8902,0.988166;110,9167,0.849704;118,13492,0.861538
70,56764;412,90406,1;64,5728,0.95503;78,8317,0.982249;105,8534,0.84645;112,12519,0.852959
71,56625;418,92550,1;70,5693,0.952071;80,8366,0.990828;104,8892,0.853254;110,13295,0.85858
71,56548;431,92726,0.999408;56,5238,0.93787;67,8221,0.986982;102,8432,0.845266;134,12979,0.854438
71,56421;424,92020,0.999408;66,4759,0.950592;76,7046,0.987278;91,8103,0.850296;93,11296,0.851479
65,55875;416,91051,1;60,4152,0.939349;61,6772,0.992604;80,7405,0.845266;81,11031,0.853254
66,55487;417,91792,1;47,4330,0.95858;64,6154,0.981361;81,6688,0.834911;89,10157,0.842012
64,54351;398,91478,0.999408;53,3816,0.956213;57,5650,0.983728;77,6386,0.835799;91,9516,0.843491
63,55071;402,90220,1;58,3490,0.940237;71,5441,0.981361;78,6217,0.838757;85,9582,0.84497
64,55639;434,92334,1;44,3548,0.954142;55,5674,0.98787;75,6176,0.830178;88,9576,0.836982
74,54578;411,91757,1;43,3084,0.960651;48,4688,0.986686;65,5366,0.828698;76,8545,0.839053
65,54849;415,90800,0.999112;45,2902,0.957692;49,4644,0.994675;62,5071,0.830178;75,8217,0.835207
68,54447;404,90186,1;44,3036,0.960355;50,4807,0.990533;65,5294,0.830178;76,8348,0.83787
64,54572;417,91034,0.999112;50,2822,0.959172;48,4423,0.983136;64,5186,0.829586;71,8057,0.838166
64,54729;414,91236,1;54,2727,0.953254;51,4202,0.988462;62,5007,0.826331;67,7736,0.834911
63,54225;421,91967,0.999704;46,2511,0.952071;44,4111,0.981953;63,4946,0.831953;72,7793,0.836095
62,53396;422,91725,0.999408;51,2354,0.960947;39,3766,0.990533;58,4601,0.832249;66,7280,0.835799
61,53398;425,91630,1;37,2121,0.965385;39,3622,0.992899;55,4537,0.834911;61,6792,0.839053
60,51286;425,91624,1;38,2098,0.976923;41,3193,0.992308;47,3771,0.834024;54,5985,0.83787
57,48802;413,90648,1;43,1953,0.97071;46,3207,0.986095;40,3344,0.833136;46,5309,0.83787
51,44495;415,92066,1;34,1929,0.960355;47,3072,0.989941;43,3435,0.833432;51,5582,0.840533
47,39631;436,91138,0.998521;34,1620,0.955917;32,2770,0.990237;38,3003,0.830769;43,4718,0.842012
51,43978;426,91703,0.999408;36,1586,0.95503;39,2850,0.990237;36,2893,0.831065;45,4885,0.838757
46,38995;423,91218,1;36,1352,0.96213;28,2143,0.986982;34,2734,0.831361;41,4573,0.838166
47,39959;418,90778,1;30,1362,0.971893;33,2221,0.987574;33,2610,0.832544;38,4296,0.840533
46,39054;406,90852,0.999704;36,1383,0.969822;39,2413,0.988757;33,2576,0.831361;39,4290,0.838757
41,35227;422,91992,0.999112;33,1402,0.981953;32,2156,0.988462;30,2272,0.826036;36,3851,0.838462
39,33608;414,90489,0.999408;29,1208,0.971006;25,1974,0.989645;24,1969,0.827811;29,3322,0.836391
33,28530;422,91679,1;33,1062,0.966864;31,1977,0.99142;23,1810,0.827811;26,3152,0.836686
36,27053;420,91195,1;26,983,0.966272;30,1607,0.989349;24,1871,0.825148;26,2859,0.838462
37,31595;423,91794,1;28,1008,0.964497;26,1905,0.992012;26,2036,0.833432;33,3488,0.838462
28,24384;423,92695,0.999704;26,853,0.968935;26,1565,0.992012;25,1907,0.834024;28,2946,0.837574
22,18737;397,90851,0.999112;18,781,0.963018;37,1378,0.986982;21,1587,0.831065;21,2390,0.835799
16,14260;425,91836,0.999704;53,816,0.971598;31,1063,0.989941;13,1056,0.831361;14,1557,0.839941
21,17885;415,90182,1;18,538,0.965385;21,1035,0.990533;13,1107,0.83284;16,1804,0.840237
23,20274;407,90864,1;23,621,0.973373;20,1033,0.990237;15,1219,0.828994;17,1944,0.838462
26,22547;376,92880,1;21,650,0.97426;17,1010,0.987574;12,1014,0.829586;15,1795,0.837278
20,17251;424,91508,1;23,432,0.970118;20,1008,0.988166;16,1222,0.827515;17,1895,0.838166
10,8314;418,90532,1;16,315,0.963609;16,620,0.989053;8,612,0.828402;9,1010,0.836982
10,8921;421,90514,1;25,374,0.977515;24,710,0.992899;10,768,0.827219;11,1229,0.838462
10,8283;422,91772,0.999704;20,372,0.971598;18,623,0.991124;9,671,0.828107;11,1216,0.841124
10,8281;423,91316,0.999704;12,230,0.976627;12,542,0.991124;5,422,0.828107;8,943,0.839941
8,7050;426,92474,1;16,245,0.977811;14,471,0.990533;8,601,0.826627;11,1276,0.83787
