34,46056;104,32937,0.976974;41,14860,0.858553;79,21858,0.961184;108,16616,0.789474;97,19866,0.911842
36,46412;102,32704,0.990132;46,10081,0.851316;65,16247,0.940789;73,12304,0.843421;80,15225,0.907895
36,46490;101,32153,0.975;46,10763,0.8875;63,16503,0.951974;79,12335,0.832237;77,15574,0.919079
36,46419;100,31920,0.971053;47,10629,0.882895;68,16795,0.955921;79,12280,0.855921;83,15964,0.935526
36,46456;88,31827,0.990132;48,10496,0.842105;64,16433,0.961184;79,12738,0.851974;78,15302,0.928947
36,46469;88,32090,0.994079;32,10741,0.891447;65,16666,0.957895;82,12906,0.875;80,15801,0.958553
36,46460;85,31236,0.991447;46,10172,0.901974;63,15857,0.968421;77,11942,0.873684;77,15237,0.938816
36,46453;85,31576,0.992763;44,10671,0.892105;65,16137,0.968421;77,12179,0.882895;64,14487,0.946053
36,46392;83,30210,0.989474;46,10147,0.908553;61,15406,0.969079;71,11587,0.903947;71,14056,0.964474
36,46297;93,30609,0.994737;45,9423,0.901316;54,15272,0.968421;70,11576,0.917763;66,13618,0.967763
35,46355;91,30734,0.996711;62,9272,0.901316;56,14537,0.979605;67,11346,0.944737;56,12632,0.953289
35,46387;92,30783,0.990789;45,9598,0.921711;57,14189,0.970395;63,10721,0.913816;62,13489,0.951316
35,46387;88,29797,0.996711;43,9548,0.901974;59,15334,0.982237;67,11387,0.909211;66,13331,0.944079
35,46404;90,29999,0.994079;44,9410,0.944079;56,14416,0.986842;66,10886,0.905921;65,12907,0.945395
35,46357;89,30151,0.989474;43,9309,0.900658;54,14519,0.981579;67,11217,0.924342;63,12862,0.934211
42,46345;88,29807,0.996053;48,9578,0.942105;56,14213,0.990789;65,11035,0.918421;62,12985,0.957895
36,46353;102,30601,0.996053;42,9281,0.941447;56,14135,0.980921;65,11128,0.926974;61,12466,0.949342
36,46353;88,29784,0.9875;42,9027,0.907895;56,14205,0.982895;64,10684,0.896053;66,13008,0.938158
36,46308;95,30827,0.993421;41,8923,0.930921;54,13489,0.971711;61,10456,0.903947;61,12274,0.936842
37,46331;84,30669,0.993421;45,9014,0.932895;64,13790,0.978289;60,10389,0.886842;60,12399,0.920395
48,46319;81,29857,0.9875;43,9050,0.909868;50,13688,0.975;65,11006,0.865789;63,12641,0.923684
35,46377;84,30747,0.994079;44,9281,0.934868;57,14101,0.977632;63,10989,0.898684;51,12522,0.941447
36,46385;81,29982,0.989474;44,9242,0.916447;45,14238,0.978289;45,11141,0.936842;61,12556,0.95
35,46292;81,30015,0.992763;40,8843,0.932895;53,13353,0.966447;60,10230,0.917105;57,11665,0.932237
35,46350;91,30040,0.998684;40,8438,0.907895;46,13381,0.988816;61,10615,0.908553;60,12304,0.953289
35,46278;92,29989,0.995395;41,8466,0.911842;57,13522,0.981579;57,9777,0.916447;58,11786,0.938816
36,46333;91,30021,0.998026;41,8423,0.910526;44,13662,0.984868;60,10116,0.892763;64,11837,0.938816
35,46287;91,29652,0.995395;40,8388,0.923684;52,12610,0.975658;46,9910,0.884211;38,11771,0.942105
38,46314;94,29795,0.996711;42,8387,0.917763;54,12950,0.966447;54,10427,0.907237;56,11538,0.907895
38,46348;95,30770,0.994737;40,8311,0.894737;53,13256,0.977632;61,10139,0.881579;55,11889,0.936184
38,46299;89,29313,0.996053;40,8302,0.930263;43,12127,0.955921;40,10254,0.927632;56,11519,0.947368
38,46300;90,29768,0.998684;37,7893,0.916447;53,13167,0.981579;63,10502,0.914474;73,11885,0.923684
38,46296;89,29771,0.994079;37,8149,0.913816;50,12748,0.985526;59,10118,0.888158;59,11856,0.926974
36,46274;81,29509,0.992105;39,8385,0.932895;43,12864,0.976316;61,10131,0.880921;58,11757,0.923684
37,46135;90,29549,0.9875;37,8061,0.898026;53,12866,0.979605;59,10022,0.906579;58,11891,0.929605
36,46274;94,30793,0.995395;34,8058,0.901316;54,13208,0.959211;60,10105,0.889474;59,12025,0.925658
36,46273;93,30557,0.996711;41,8173,0.921711;51,12795,0.970395;47,10541,0.905921;43,11946,0.941447
36,46312;93,30000,0.990789;38,8223,0.895395;53,12860,0.973026;61,10685,0.909211;61,12096,0.911184
36,46339;93,30382,0.997368;40,8765,0.930263;53,12962,0.978947;60,10460,0.919737;61,12311,0.942763
43,46290;93,30825,0.990789;41,8547,0.926316;44,13151,0.979605;62,10264,0.915789;59,12097,0.934211
37,46281;94,30138,0.993421;40,8460,0.910526;47,12922,0.978289;63,10421,0.921711;63,12314,0.936842
36,46261;92,29822,0.990789;44,8479,0.911842;49,13066,0.973684;51,10198,0.904605;64,12301,0.957237
36,46267;91,29876,0.995395;40,8377,0.930921;54,12867,0.980921;66,10512,0.921053;61,12197,0.942105
36,46294;92,29719,0.989474;39,8048,0.905263;50,12567,0.971711;56,9839,0.901974;56,11397,0.910526
36,46277;95,30070,0.992105;42,8171,0.906579;52,12215,0.953947;59,9746,0.868421;57,11612,0.932895
36,46299;93,30091,0.985526;37,7883,0.899342;52,12926,0.976974;59,10156,0.898684;53,11723,0.928947
37,46272;93,29947,0.997368;54,8333,0.928289;53,13009,0.976316;59,10112,0.917105;57,11557,0.925658
36,46236;93,30121,0.992105;36,7734,0.923026;49,12104,0.979605;57,9665,0.911842;43,11524,0.927632
39,46327;90,29053,0.990789;38,8359,0.896711;52,13117,0.980263;59,10238,0.902632;59,12180,0.930921
39,46266;92,29956,0.994079;59,8203,0.938816;53,12410,0.966447;57,9984,0.874342;55,11918,0.910526
39,46264;90,29609,0.988816;38,8226,0.909211;48,12623,0.967763;62,10442,0.896053;56,12745,0.932895
39,46218;95,30553,0.988158;38,7767,0.919737;50,12127,0.969737;58,9830,0.854605;51,11879,0.906579
39,46254;93,29660,0.992105;40,7745,0.919079;49,11881,0.976974;60,9848,0.891447;57,11482,0.906579
39,46277;91,29183,0.982895;38,7715,0.898684;44,11951,0.973684;60,10078,0.901974;58,11519,0.919737
36,46186;92,29662,0.995395;37,7533,0.904605;46,11575,0.968421;52,9030,0.888816;55,11219,0.923684
36,46260;92,29704,0.995395;42,7850,0.908553;53,12172,0.976974;51,9327,0.876316;57,11333,0.921053
37,46247;94,30296,0.994079;38,7517,0.907895;51,11939,0.982237;58,9798,0.888816;56,11495,0.927632
36,46150;91,29590,0.986842;37,7655,0.917763;51,12414,0.974342;56,9712,0.891447;57,11674,0.924342
37,46194;92,30070,0.994079;39,7948,0.911842;49,11984,0.973684;57,9708,0.893421;59,11717,0.915789
36,46259;97,30177,0.993421;43,8231,0.905263;54,12733,0.967763;61,10046,0.899342;58,11791,0.924342
36,46187;93,29982,0.997368;37,7470,0.911184;51,12016,0.956579;54,10008,0.884211;67,11339,0.911842
35,46170;96,30902,0.989474;36,7417,0.894737;51,11832,0.965789;58,9558,0.898684;53,10872,0.915132
35,45694;93,29988,0.996053;33,6819,0.9;59,10823,0.953289;52,8727,0.892105;52,10816,0.927632
36,46204;95,30507,0.994079;39,7922,0.910526;48,11886,0.963816;56,9464,0.853947;73,10953,0.910526
35,46125;94,30086,0.995395;41,7289,0.903289;49,11792,0.973026;57,9564,0.876316;53,10821,0.915789
35,45989;93,29628,0.990789;35,7091,0.901316;47,11006,0.957895;52,8785,0.846711;52,10332,0.913816
35,45362;93,29627,0.988158;32,6475,0.877632;37,10324,0.967105;41,8465,0.865132;50,9917,0.908553
35,45042;95,30507,0.990132;32,6279,0.890132;43,10239,0.980921;45,7890,0.8375;47,9578,0.907895
38,45350;91,29308,0.986184;33,6812,0.893421;46,10861,0.963816;49,8839,0.863816;49,10352,0.925
37,45452;95,30266,0.994737;32,6487,0.926974;43,10298,0.980263;41,7946,0.883553;49,10069,0.915132
36,44647;94,30488,0.988816;29,5777,0.913158;41,9448,0.968421;35,7247,0.865789;34,9271,0.923026
26,44740;95,30708,0.9875;31,6150,0.916447;41,9931,0.973684;45,7618,0.867105;41,9439,0.920395
38,44008;96,30685,0.996053;31,5512,0.916447;41,8605,0.970395;50,7092,0.866447;43,8941,0.921711
37,42690;95,30341,0.992763;28,5250,0.923026;35,8171,0.976316;40,6715,0.882895;40,8131,0.924342
36,42140;96,30208,0.985526;29,5215,0.909211;35,8298,0.969737;40,6712,0.878947;41,8389,0.921053
37,42812;95,30402,0.986184;25,4568,0.904605;35,8146,0.975658;38,6524,0.883553;38,7709,0.921711
35,41418;90,29842,0.996711;27,4685,0.932895;33,7690,0.973026;33,6298,0.861184;32,7598,0.906579
35,40296;96,30303,0.995395;27,4703,0.905263;35,7495,0.975;35,5881,0.892763;36,7313,0.913158
36,42144;97,30533,0.993421;24,4302,0.909211;32,7029,0.971711;39,5764,0.873026;34,6943,0.882237
34,39938;97,30806,0.990132;26,4531,0.919737;32,7037,0.958553;32,5477,0.876316;33,6924,0.901974
34,39638;98,30936,0.994737;33,4194,0.890132;32,7541,0.968421;34,5940,0.891447;37,7589,0.911842
34,40057;98,30991,0.991447;24,4482,0.921711;31,7041,0.981579;32,5481,0.882895;35,7171,0.916447
34,39471;96,30428,0.990132;25,4577,0.914474;32,6864,0.971711;35,5884,0.889474;40,7231,0.919079
34,39176;94,30047,0.986842;21,3965,0.921053;28,6599,0.965789;29,5028,0.869079;31,6571,0.910526
32,37245;88,30835,0.992105;25,4224,0.922368;31,6890,0.971053;31,5318,0.859868;33,6924,0.925658
30,38839;87,30643,0.992763;23,3916,0.917763;33,6509,0.971053;30,4955,0.865789;33,6599,0.893421
30,38220;88,30603,0.996053;21,3576,0.910526;27,6179,0.979605;30,5026,0.881579;28,5887,0.919737
29,36232;87,30603,0.988158;20,3371,0.911842;26,5823,0.960526;27,4671,0.875;27,5654,0.903947
29,37014;85,29578,0.991447;22,3476,0.901974;22,5166,0.955921;25,4463,0.870395;34,5527,0.904605
28,35470;88,30610,0.990132;20,3278,0.902632;30,5612,0.961842;25,4129,0.865132;28,5673,0.918421
28,34826;87,30446,0.988158;17,2578,0.915789;21,4109,0.965789;21,3819,0.865132;24,4952,0.911184
24,30536;88,30799,0.992763;14,2331,0.907237;19,4126,0.960526;19,3414,0.861184;20,4112,0.891447
24,30507;88,30326,0.986842;14,2197,0.897368;22,4247,0.975;16,3131,0.859868;18,3913,0.892763
21,26842;85,29932,0.982895;14,1806,0.913816;17,3229,0.973684;15,2751,0.871053;17,3665,0.908553
22,27963;89,30869,0.991447;17,2160,0.909211;19,3726,0.969737;17,3080,0.865789;17,3704,0.896711
19,25168;86,30025,0.988816;10,1506,0.919079;13,2500,0.974342;7,2046,0.864474;7,2510,0.898684
14,17792;105,30646,0.982237;10,1213,0.905263;14,2221,0.968421;10,1904,0.857895;10,2261,0.898026
16,20948;97,30373,0.989474;10,1160,0.905921;16,2326,0.966447;10,1881,0.846711;12,2536,0.909211
17,22003;98,30435,0.981579;11,1155,0.918421;12,1972,0.973026;9,1607,0.852632;10,2211,0.901974
12,15585;99,30648,0.995395;9,1019,0.918421;11,1602,0.965132;8,1553,0.850658;8,1890,0.905921
11,14861;100,30826,0.994737;8,760,0.918421;9,1382,0.972368;7,1254,0.858553;8,1722,0.920395
13,17243;96,30302,0.988816;11,952,0.915789;9,1451,0.973684;6,1245,0.857237;7,1732,0.919079
9,12083;98,30143,0.988158;8,717,0.918421;8,1308,0.967763;6,1130,0.851316;6,1472,0.924342
14,17255;96,30118,0.991447;8,943,0.907895;13,1533,0.972368;7,1347,0.857895;8,1842,0.921053
11,14073;99,30962,0.986842;6,697,0.922368;8,1201,0.976974;6,1201,0.860526;6,1351,0.925
14,12338;98,30403,0.992763;8,841,0.921711;11,1445,0.975658;6,1169,0.857237;4,1470,0.925
13,16973;97,30176,0.988816;9,788,0.922368;9,1372,0.976974;6,1077,0.863158;7,1571,0.925658
10,13320;98,30235,0.990789;7,719,0.920395;10,1246,0.976316;6,1057,0.851974;7,1424,0.923026
9,11518;101,31424,0.981579;7,560,0.924342;7,937,0.974342;4,761,0.851974;4,1054,0.926974
7,8600;99,30875,0.990132;6,454,0.931579;11,847,0.973026;4,812,0.853289;4,941,0.925
6,8078;99,31298,0.993421;9,573,0.924342;6,820,0.969079;4,760,0.853289;4,947,0.925658
7,9406;98,30466,0.994737;6,419,0.925;7,742,0.969737;3,899,0.850658;4,909,0.925
7,8568;99,30976,0.993421;5,274,0.922368;5,559,0.974342;3,691,0.844079;3,793,0.919079
3,4124;95,29949,0.991447;3,205,0.917763;4,311,0.975658;2,455,0.846053;2,546,0.919737
4,5258;97,30224,0.982895;6,202,0.921053;7,559,0.975658;3,586,0.848684;3,725,0.920395
7,9084;96,30248,0.989474;3,395,0.936842;4,602,0.978289;1,463,0.847368;2,757,0.923684
6,7203;99,30978,0.993421;2,240,0.940132;3,386,0.978289;1,444,0.848684;2,618,0.924342
6,7222;100,31204,0.985526;4,337,0.9375;6,630,0.976316;2,535,0.848026;2,702,0.923026
4,5267;97,30201,0.976974;5,365,0.936842;5,452,0.976316;2,481,0.846053;2,615,0.923026
5,5838;96,29826,0.976316;4,322,0.938158;7,576,0.969079;3,581,0.844079;3,644,0.919079
5,6684;98,30708,0.978289;7,531,0.936184;7,636,0.971711;3,517,0.833553;2,582,0.925658
5,6653;100,30572,0.992105;4,303,0.943421;4,388,0.974342;1,224,0.842763;2,505,0.924342
