1697,101475;997,48451,0.992905;533,23747,0.952993;690,31350,0.97561;621,24385,0.921064;629,27052,0.971619
1491,92234;981,47921,0.991574;205,8538,0.921951;283,13018,0.960089;248,10467,0.878049;279,12354,0.904213
1447,91272;977,47832,0.997339;184,7745,0.884701;279,12360,0.915743;239,9890,0.84745;276,11802,0.908647
1461,92083;974,47035,0.9898;210,8692,0.910865;298,13102,0.938803;260,10676,0.862971;275,11580,0.840355
1454,91976;940,45787,0.98714;206,8425,0.90643;308,12885,0.963193;249,10147,0.86031;289,12181,0.879823
1518,95776;940,45893,0.984922;215,8911,0.931707;297,13459,0.960089;263,10816,0.875388;306,12714,0.901109
1476,93266;945,47356,0.990687;204,8361,0.903769;308,13304,0.96408;249,9973,0.864745;281,11632,0.876718
1498,93746;932,46442,0.990244;214,8605,0.918847;309,13209,0.977827;267,10916,0.873614;289,12173,0.85765
1529,94132;955,48058,0.978714;221,8841,0.901996;320,13822,0.968071;260,10585,0.859424;297,12512,0.903326
1570,95001;943,47402,0.993792;208,8541,0.908204;296,12776,0.962749;247,9974,0.862528;295,12313,0.890909
1566,95144;938,46385,0.994235;209,8452,0.920177;294,12665,0.964523;258,10492,0.861641;281,11702,0.882927
1618,95226;940,45456,0.989357;217,8556,0.873171;305,13344,0.979157;272,10781,0.862971;282,11965,0.876275
1572,91804;925,45890,0.990687;190,7759,0.868736;266,11554,0.954767;239,9653,0.881596;255,10709,0.876718
1669,94924;960,46060,0.981818;198,8388,0.884701;300,13125,0.959202;245,10057,0.868736;273,11581,0.879823
1638,94978;949,45965,0.980488;186,7620,0.90643;258,11107,0.937916;237,9439,0.907761;247,10344,0.9051
1643,92526;963,46055,0.991574;165,6611,0.887805;245,11129,0.968071;205,8567,0.890909;234,9908,0.917517
1575,92402;956,46498,0.976053;171,6971,0.892683;244,10697,0.959645;192,8520,0.875388;222,9861,0.902439
1566,92029;955,46489,0.977827;164,7260,0.89357;233,10344,0.965854;212,8906,0.901552;236,9948,0.917073
1530,89576;968,47245,0.981375;162,6597,0.908647;217,9683,0.951663;182,7737,0.896231;223,9609,0.937029
1541,90728;959,46566,0.982705;167,6562,0.907317;228,9851,0.960976;182,7666,0.894457;206,8963,0.935255
1569,91664;977,47761,0.992905;147,6002,0.922838;194,8627,0.934812;167,7262,0.9051;212,8523,0.943237
1567,89914;982,47551,0.985809;138,5664,0.909978;184,8279,0.962749;155,6760,0.898891;180,7949,0.940133
1509,88276;940,46260,0.991131;130,5381,0.884701;180,8120,0.97561;162,7087,0.912639;188,8165,0.950776
1516,88760;949,47284,0.996009;121,4961,0.913525;158,6903,0.975166;129,5836,0.923282;152,6925,0.955211
1425,83510;952,46870,0.9898;113,4741,0.933925;155,6924,0.971619;122,5553,0.928603;144,6650,0.955211
1408,80255;926,46899,0.991574;80,3191,0.925942;111,4847,0.976497;91,3916,0.92816;114,5100,0.957428
771,46202;899,47089,0.9898;46,1383,0.941463;55,2061,0.983592;40,1745,0.933481;48,2188,0.961419
