76,101475;143,43748,0.994235;81,20864,0.982262;103,27521,0.994235;105,20334,0.958758;104,21533,0.984479
77,101673;141,43469,0.996452;53,10408,0.948559;71,15228,0.986696;63,11812,0.898891;65,12727,0.92949
92,101565;143,43801,0.996009;61,11433,0.938803;73,16497,0.978714;76,13432,0.903769;69,13879,0.923725
83,101822;145,44435,0.996009;68,12249,0.946341;89,16808,0.97561;83,13880,0.84878;76,14426,0.894013
83,101778;147,45033,0.985809;68,12132,0.941463;78,17996,0.972062;78,13872,0.867849;77,15222,0.909534
83,101868;127,45698,0.995565;68,12955,0.965854;85,18643,0.988914;84,14854,0.876275;83,16200,0.902882
84,101862;92,45306,0.997339;72,12569,0.946341;94,18624,0.981375;88,14345,0.881596;71,15792,0.937916
84,101827;90,43995,0.992461;46,12607,0.94102;87,18250,0.989357;88,14489,0.908204;56,15241,0.924612
83,101796;91,44178,0.994235;50,12067,0.930377;52,16747,0.977384;62,13614,0.90643;83,15310,0.914412
86,101796;117,44765,0.984035;67,12317,0.946785;61,17544,0.980044;56,13993,0.914856;61,14749,0.917073
79,101805;132,44748,0.99867;64,12497,0.933925;81,17778,0.978714;74,14357,0.877162;55,15513,0.926829
79,101707;131,44481,0.996896;50,12022,0.91663;69,17516,0.956984;72,14674,0.895787;85,15776,0.899778
79,101849;130,44446,0.98847;74,13318,0.942794;85,18532,0.980931;84,14334,0.886475;78,15056,0.914412
78,101795;131,44288,0.986696;49,12365,0.924612;56,18182,0.977827;57,14154,0.883814;70,14897,0.888248
78,101816;134,45078,0.988027;72,12380,0.924169;86,17663,0.981375;82,13985,0.904213;78,15125,0.917517
84,101736;132,44913,0.987583;66,11973,0.892239;84,18096,0.980488;83,14019,0.85898;83,15509,0.920177
84,101791;132,44928,0.989357;69,12452,0.935255;87,17979,0.961863;78,13371,0.857206;81,15215,0.92816
84,101824;132,45269,0.996009;63,12334,0.934368;55,17958,0.968071;56,14009,0.853215;54,15279,0.911308
84,101771;133,45181,0.997783;45,12053,0.923725;55,17824,0.975166;57,14304,0.876275;55,15568,0.904656
84,101712;130,44137,0.997339;66,11149,0.913525;76,16877,0.984035;74,13188,0.871397;71,13981,0.918847
90,101687;132,44678,0.996896;57,10876,0.92816;81,16295,0.960532;73,13010,0.876275;65,14595,0.907317
84,101728;143,44733,0.988914;47,11458,0.92949;72,16410,0.954324;66,13230,0.838581;65,14605,0.91929
84,101665;139,44598,0.999557;53,10721,0.924169;71,15850,0.978714;62,13195,0.899335;64,13831,0.907317
85,101662;129,44126,0.981818;47,10601,0.947672;64,15955,0.984035;64,12993,0.889579;60,14073,0.908647
86,101696;139,44421,0.981818;39,10781,0.956098;72,15862,0.981818;71,13286,0.868736;69,14666,0.885144
86,101627;134,44632,0.993348;53,10047,0.894457;71,15032,0.983592;72,12743,0.881153;71,13567,0.901552
86,101569;132,44183,0.992461;38,10337,0.912639;45,15003,0.979601;48,12949,0.88204;46,13799,0.908647
86,101369;134,44057,0.992018;35,9471,0.945455;41,13158,0.962306;42,11532,0.885588;41,12434,0.903326
86,101374;133,45253,0.992905;34,9353,0.94235;43,13588,0.963193;41,11333,0.87184;45,12214,0.894457
86,101118;130,43908,0.996896;56,8018,0.933925;53,11515,0.977384;50,10431,0.889579;38,11206,0.88204
84,99477;126,42814,0.996009;26,5816,0.932594;30,8324,0.989357;35,8124,0.884257;29,9053,0.886475
77,89162;131,44333,0.986253;18,3725,0.953437;18,5168,0.9898;16,5161,0.882483;17,5921,0.88337
52,62276;130,43311,0.987583;12,1588,0.976053;16,2423,0.986696;10,2320,0.886031;12,2773,0.885144
31,36926;129,43698,0.996009;12,913,0.980044;15,1150,0.987583;5,1099,0.886918;6,1418,0.882483
25,11721;118,43739,0.998226;5,247,0.981818;4,252,0.98714;1,333,0.886475;1,392,0.88204
