1682,101475;951,47920,0.986253;509,23316,0.957428;671,31528,0.989357;575,24261,0.921064;612,27122,0.985809
1461,91408;895,46480,0.985809;191,8453,0.951663;274,12522,0.965854;221,9980,0.847007;232,10590,0.910421
1506,95526;934,46891,0.980931;213,9429,0.934812;308,14450,0.956098;264,11315,0.864302;286,12722,0.910421
1494,94705;876,45701,0.990244;206,8951,0.91663;305,14092,0.983149;250,10575,0.861197;273,11941,0.894013
1512,95040;892,45677,0.990687;209,8893,0.895787;300,13104,0.951663;253,10589,0.822616;268,11647,0.88337
1467,91950;954,47069,0.991574;201,8363,0.891353;271,12291,0.955654;237,10074,0.837694;266,11437,0.878936
1490,93252;889,46840,0.986253;198,8578,0.905987;283,12882,0.962749;232,10016,0.881153;272,11998,0.900665
1437,90245;929,46648,0.979157;181,7581,0.903326;257,10971,0.964523;204,8577,0.873171;221,10040,0.902882
1546,96546;924,46484,0.995565;179,7551,0.917073;241,10962,0.960532;207,8792,0.877605;242,10635,0.917073
1471,89908;920,46737,0.993792;153,6778,0.903326;229,10203,0.957871;188,8003,0.885588;214,9267,0.931707
1539,92498;921,46045,0.991131;164,6787,0.872727;217,9612,0.945011;195,8307,0.906874;223,9839,0.943237
1513,92139;932,46739,0.979157;142,5880,0.896231;189,8291,0.949446;154,6625,0.921951;184,8186,0.958315
1502,89437;921,47254,0.986253;134,5403,0.919734;174,7558,0.965854;136,6015,0.935255;165,7460,0.943237
1507,90545;882,46905,0.992461;122,5024,0.925499;156,6974,0.961863;131,5834,0.936142;152,7043,0.972506
1493,88751;878,47366,0.992905;112,4654,0.941907;139,6086,0.97694;118,5454,0.94102;139,6537,0.956098
1443,84746;883,47203,0.992018;84,3451,0.945898;98,4345,0.978271;93,4228,0.957871;105,4930,0.97561
603,35859;899,47593,0.992461;24,808,0.944124;28,1103,0.981818;21,1010,0.957428;31,1473,0.978714
