81,101475;158,43674,0.998226;104,21501,0.968958;136,28751,0.996896;151,22611,0.938359;136,23231,0.951663
78,92611;162,44745,0.992905;60,8229,0.947228;65,11459,0.977384;63,9474,0.888248;69,11187,0.917073
84,94246;164,44124,0.994678;59,8323,0.932594;74,12393,0.972506;67,9744,0.891796;72,11386,0.904213
91,94057;180,45124,0.98714;64,8919,0.922838;80,13429,0.974279;69,9857,0.867849;74,11467,0.895344
85,95253;165,44149,0.986696;61,8855,0.93082;77,13383,0.974723;76,10711,0.873614;77,11842,0.908204
83,91060;167,45253,0.990244;62,8015,0.926386;71,11886,0.974723;63,9099,0.855876;67,10418,0.899778
85,92938;166,44810,0.983149;60,8676,0.909978;72,12799,0.972062;71,10129,0.834146;75,11545,0.875388
86,94275;168,45004,0.997339;61,8838,0.938803;73,12785,0.97694;75,10378,0.847007;77,11771,0.885144
86,94474;180,45872,0.992905;66,8850,0.933481;78,12902,0.976497;72,10403,0.855876;73,11523,0.901109
83,92887;177,44519,0.991574;62,8374,0.917073;71,12587,0.977827;68,9570,0.862528;65,10782,0.884701
87,96974;153,44028,0.988914;70,9613,0.954767;74,13413,0.970732;77,11318,0.890909;74,12228,0.9051
87,95286;165,44030,0.991131;56,8305,0.931264;78,13413,0.972949;70,10004,0.862084;76,11934,0.906874
83,91395;162,43671,0.989357;59,8078,0.914856;66,11659,0.949889;65,9482,0.858093;65,10273,0.882927
80,92473;166,44490,0.996896;56,7534,0.908647;63,10688,0.948115;58,8542,0.862084;63,10051,0.882927
80,92380;165,44138,0.992461;60,8095,0.899335;65,11390,0.939246;62,9053,0.856319;65,10301,0.888692
81,92588;164,44447,0.992905;56,8007,0.9051;65,11331,0.98847;59,8554,0.839911;57,9579,0.902439
82,96807;164,44794,0.993792;52,7264,0.937472;59,10191,0.97561;55,8479,0.852328;53,8903,0.897561
82,94238;173,45047,0.995122;52,7254,0.915743;61,10745,0.940576;59,9024,0.873614;59,9864,0.916186
82,94093;182,45777,0.980044;46,6824,0.91796;51,9234,0.923725;50,7923,0.88337;55,9281,0.923725
78,90065;179,45180,0.99867;47,6862,0.896674;54,9869,0.957871;48,7665,0.870067;54,9027,0.934812
79,90546;178,45374,0.996009;52,6434,0.920621;51,8742,0.976053;47,7400,0.912639;50,8398,0.940576
86,92564;178,45368,0.996896;41,5567,0.898891;58,8176,0.984922;44,6805,0.933925;43,7324,0.953437
84,89262;177,45934,0.994235;35,4780,0.914856;47,6529,0.983149;34,5665,0.927716;37,6600,0.93969
83,89187;170,46460,0.984479;39,5627,0.94235;50,7652,0.971619;38,6158,0.923282;39,6923,0.942794
78,85495;166,45340,0.988027;35,4525,0.939246;40,6571,0.980488;26,5375,0.921064;38,6557,0.964967
65,71229;178,45218,0.9898;38,3466,0.957428;28,4276,0.979157;25,3886,0.927273;25,4638,0.969401
38,42557;179,46157,0.989357;20,1665,0.963193;18,1954,0.978271;10,1701,0.933038;12,2153,0.956984
16,18320;175,44913,0.997339;7,470,0.971175;13,639,0.980488;3,465,0.933481;3,623,0.967627
