153,101475;837,130531,1;228,23703,0.978492;267,30324,0.995122;459,22899,0.939468;417,29516,0.988914
154,102112;850,129620,1;168,12746,0.944124;212,18026,0.978714;296,15275,0.899557;287,20351,0.925055
155,102154;848,130202,1;219,14374,0.937916;242,19888,0.986475;342,16978,0.866962;325,22870,0.932816
155,102218;839,129026,0.999778;193,14528,0.918182;247,20577,0.974279;341,17314,0.864745;323,23397,0.935477
155,102213;837,128908,0.999778;211,15486,0.950554;247,21117,0.994235;332,17016,0.9051;330,23445,0.944789
156,102234;848,131086,1;211,14798,0.9051;259,21710,0.96918;336,16935,0.855432;333,23340,0.941463
155,101991;839,129109,0.999778;201,14347,0.941907;238,19333,0.985588;310,15964,0.914856;312,22535,0.943459
155,101961;850,128952,0.999557;199,13412,0.926386;225,18986,0.982262;308,16207,0.915965;294,21445,0.951663
153,101672;852,131290,1;161,11250,0.915299;183,16026,0.970067;251,13991,0.942794;264,21015,0.951885
165,101485;845,132431,0.99867;138,10065,0.914634;158,13742,0.958758;224,12733,0.911086;244,19140,0.956098
169,100512;851,133676,1;118,6858,0.923282;114,9328,0.981818;150,8882,0.926386;162,13213,0.966075
161,92289;849,132843,1;76,3299,0.951441;69,4138,0.986918;75,4591,0.936142;79,6655,0.974279
85,50854;854,134026,0.999557;61,1002,0.961197;38,1078,0.992683;18,1176,0.934812;24,2072,0.975166
