196,101475;568,127420,0.999557;107,23421,0.981818;115,28905,0.996896;195,22456,0.987583;179,27189,0.997783
191,101388;577,129651,1;52,7467,0.939024;77,11652,0.984035;91,12229,0.921729;100,16769,0.942129
191,101455;571,128995,0.999557;96,8331,0.936142;108,12133,0.984922;148,12946,0.904435;125,17512,0.919069
192,101575;575,130663,0.999335;107,9274,0.948337;110,12854,0.973171;163,13571,0.896452;179,19015,0.909978
193,101513;577,131949,1;97,9236,0.940355;136,13424,0.962528;167,13608,0.88204;176,19519,0.898226
195,101634;579,131182,0.999778;104,9802,0.945676;133,14567,0.982705;175,14190,0.881818;185,19565,0.898004
194,101572;589,134370,1;109,10111,0.946563;118,15189,0.987805;181,14081,0.883814;193,19879,0.903326
192,101566;587,132871,1;93,9954,0.955211;127,14731,0.986475;181,14091,0.888248;180,20273,0.903769
195,101585;581,133530,1;111,10412,0.960532;130,14915,0.987805;184,14318,0.889135;188,20245,0.894013
195,101626;584,133520,1;104,10306,0.961863;125,15091,0.992239;178,14125,0.870732;188,20299,0.885366
194,101556;580,132467,1;107,10200,0.95898;133,15219,0.992683;169,14142,0.884257;183,19896,0.888248
194,101572;579,132352,1;113,10449,0.953215;133,15438,0.988027;176,14348,0.88204;196,20713,0.895344
201,101628;582,133522,1;112,10716,0.94612;132,15366,0.980488;190,14553,0.874279;198,21247,0.890909
201,101622;627,131214,1;105,10515,0.949002;141,15818,0.990687;185,14526,0.88714;136,21302,0.89357
203,101637;653,131802,0.999335;109,10291,0.948337;137,15378,0.986253;180,14249,0.880488;183,20300,0.884479
202,101622;647,133171,1;111,10262,0.951663;120,15134,0.990687;193,14838,0.883814;183,20726,0.892683
201,101619;647,133225,1;108,10063,0.937029;135,15312,0.987583;188,14550,0.889135;186,20848,0.894457
197,101591;643,132324,1;106,9958,0.948559;93,14242,0.981596;153,14116,0.872506;129,20499,0.888248
197,101557;645,131924,1;75,9796,0.950998;88,14613,0.989357;129,14385,0.860089;155,20267,0.885809
197,101565;648,132119,1;81,9982,0.947228;122,14516,0.991131;175,13806,0.874945;188,19894,0.889135
195,101475;630,129979,1;67,9254,0.943902;127,13936,0.98847;161,13855,0.870067;182,19703,0.884922
195,101546;653,133317,0.999778;110,9931,0.939024;101,15697,0.989357;122,14226,0.86408;137,21238,0.884479
213,101447;638,132900,0.999778;73,9743,0.945455;83,14342,0.990687;116,13964,0.859202;125,19945,0.875388
196,101518;618,132404,1;74,9955,0.946785;81,14130,0.986253;166,13749,0.851441;145,20467,0.86541
196,101492;647,131371,0.999557;107,9129,0.944568;118,13315,0.988027;122,13894,0.85122;181,19758,0.859867
196,101489;656,132412,0.999778;123,9214,0.945676;129,13277,0.976053;152,13780,0.84102;122,19726,0.857206
196,101460;588,131235,1;70,9036,0.94102;78,12989,0.964967;144,13716,0.847007;181,19201,0.850776
195,101534;632,132663,0.999778;103,9521,0.940798;114,14540,0.980044;149,13760,0.835033;188,20113,0.861197
195,101550;613,132003,1;109,9430,0.947672;140,13857,0.98337;125,13919,0.850554;181,19918,0.866519
195,101479;620,130996,1;106,10042,0.955211;95,14400,0.98714;118,13954,0.876718;164,20117,0.885366
196,101460;632,131096,1;100,9153,0.951885;131,13860,0.990909;160,13309,0.865854;174,18968,0.878492
196,101458;609,131176,0.998448;99,9096,0.954989;134,13619,0.990909;110,13272,0.852993;113,18980,0.862306
197,101472;589,130993,0.999113;70,9258,0.94612;84,13625,0.988248;112,13494,0.852328;120,18870,0.868071
198,101488;602,131810,0.999778;98,9530,0.938803;112,14178,0.98204;115,13708,0.854102;124,19796,0.864523
196,101509;640,132547,0.999113;72,9467,0.937916;92,13948,0.96408;166,13940,0.833481;188,20371,0.858758
197,101599;621,130855,0.999113;106,9927,0.94745;129,14538,0.984701;160,14254,0.847007;150,20346,0.858315
197,101520;628,130546,1;112,9408,0.950998;144,13880,0.986696;152,13870,0.85898;129,20031,0.866519
197,101521;632,132257,0.999778;112,9941,0.955876;121,14041,0.983149;171,13939,0.858093;166,20244,0.862528
197,101559;623,130564,1;113,9861,0.954324;134,14463,0.984035;175,13774,0.861197;174,19768,0.873171
196,101620;641,131169,1;100,10301,0.956984;135,14714,0.990687;169,14515,0.870732;150,20803,0.879157
198,101512;657,131703,1;94,9938,0.955432;124,14313,0.983149;121,14145,0.872506;181,20850,0.876718
197,101601;646,133030,1;111,9835,0.935033;132,14835,0.981596;184,14195,0.878271;197,20857,0.884257
195,101503;637,131928,1;91,9901,0.946563;134,15103,0.989357;171,13830,0.881375;183,19890,0.881153
198,101525;602,134409,1;97,9792,0.940355;128,14913,0.989579;182,14154,0.86408;183,20795,0.886031
198,101469;637,131914,1;99,9554,0.943681;118,14195,0.990244;139,14378,0.868293;189,20447,0.881153
198,101459;632,130819,1;89,9265,0.953659;99,13699,0.983592;157,13502,0.864302;146,19054,0.878271
198,101414;634,131182,1;83,8656,0.953659;115,12919,0.990909;153,13030,0.859424;159,18138,0.865632
198,101407;632,131476,1;92,8722,0.959202;123,12799,0.98337;155,13559,0.863636;118,19210,0.873171
196,101368;637,131036,1;86,8363,0.939468;88,12711,0.986475;143,12817,0.851663;133,18415,0.858537
194,101336;638,130384,1;82,8077,0.952772;101,11795,0.986253;151,12662,0.842572;163,18192,0.852993
193,101274;617,130774,0.999557;90,8127,0.958315;105,11875,0.98714;131,12505,0.840798;149,18159,0.845455
196,101272;633,131238,1;76,7491,0.949889;98,11738,0.985588;143,12317,0.822395;112,18036,0.840133
198,101248;635,131761,1;62,7541,0.938137;71,11771,0.984257;104,12473,0.830599;112,18287,0.843016
199,101243;657,131077,1;70,7391,0.943681;82,11033,0.987361;150,12418,0.832816;152,17306,0.835698
197,101248;659,130737,1;83,7384,0.953215;89,10464,0.978936;134,12016,0.831264;135,17306,0.839246
197,101154;601,128620,1;76,6862,0.945676;93,10231,0.983149;115,11189,0.83082;107,16064,0.835477
194,101001;614,130275,1;52,6559,0.941242;63,9532,0.975831;95,10919,0.823282;147,16081,0.827494
193,100606;619,128646,0.999335;74,5356,0.942794;85,8230,0.984922;102,9268,0.825942;119,13579,0.82306
193,99920;624,130183,1;61,4468,0.94612;64,6512,0.980266;80,7551,0.822838;97,11342,0.821951
191,98986;655,129286,1;53,3544,0.953215;61,5561,0.98847;64,6669,0.828825;79,10453,0.82949
183,94964;589,129471,1;41,2580,0.953215;54,4348,0.990687;63,5018,0.829712;69,7853,0.83082
173,89334;627,130003,1;49,1737,0.964745;26,2661,0.992018;37,3798,0.827494;55,5900,0.828825
129,67933;627,129174,1;22,880,0.96031;28,1753,0.990466;24,2100,0.825277;31,3373,0.826386
105,54519;633,130696,1;35,780,0.965632;21,1123,0.993126;15,1353,0.822838;17,2100,0.824612
89,45712;623,129426,1;21,542,0.968071;16,841,0.992905;11,965,0.822838;13,1563,0.823725
62,32289;626,129536,1;28,396,0.97561;10,427,0.993348;7,566,0.82306;9,1048,0.829268
