151,101475;216,45035,0.996009;93,21455,0.96408;140,27349,0.991574;98,21365,0.971619;114,22540,0.981375
154,101486;216,44700,0.996452;60,8309,0.946341;79,12326,0.967627;71,9969,0.897118;76,10927,0.921951
155,101565;215,44260,0.996452;64,8957,0.932151;83,13244,0.968071;79,11285,0.88071;82,11920,0.898448
155,101596;220,45409,0.99867;68,9345,0.940133;94,14325,0.980931;85,11409,0.855432;87,12521,0.891796
157,101605;218,45216,0.992905;74,9336,0.915743;92,14422,0.970732;63,11653,0.864302;85,12822,0.893126
157,101376;218,45452,0.997339;77,9444,0.913082;83,14055,0.962749;88,11731,0.84878;73,12566,0.893126
157,101602;218,45263,0.996896;49,10042,0.936142;62,15270,0.982262;61,12781,0.890466;66,13402,0.908647
156,101630;221,46078,0.994678;75,10039,0.921951;97,15084,0.966741;90,12423,0.864745;91,13710,0.888692
157,101735;216,44816,0.999557;78,10627,0.938359;87,15997,0.962749;97,12631,0.850998;99,13967,0.889579
157,101530;220,46066,0.996452;78,10235,0.936142;97,15348,0.958758;91,12098,0.843902;93,13412,0.876275
157,101644;136,45769,0.994678;82,10976,0.940576;102,16155,0.96408;102,13178,0.88337;77,14144,0.9051
157,101661;221,45884,0.987583;78,10667,0.931707;107,15990,0.973836;90,13175,0.873614;104,14812,0.911308
157,101694;221,45648,0.994235;73,10881,0.932594;111,16113,0.988027;84,12928,0.885588;78,14223,0.905543
157,101572;219,45213,0.992905;57,10427,0.939246;73,14855,0.989357;92,12217,0.881153;93,13185,0.907317
157,101584;217,44358,0.998226;74,9893,0.948115;96,14272,0.978271;88,12409,0.900222;86,13086,0.909091
158,101698;219,45256,0.996009;51,10582,0.95388;63,15394,0.987583;59,12303,0.852328;62,14008,0.908204
158,101658;191,45766,0.995122;47,9872,0.876718;64,15592,0.965854;80,12499,0.873171;96,13571,0.910865
158,101666;127,45161,0.979157;76,10028,0.917073;102,15603,0.972949;96,12635,0.892683;94,13523,0.907761
158,101473;128,45391,0.9898;71,9460,0.926829;92,13904,0.971175;87,11620,0.884701;87,12436,0.902882
171,101569;126,44703,0.99867;72,9286,0.921064;96,14304,0.955211;53,11184,0.839911;56,12601,0.888692
176,101591;129,45846,0.983592;72,9550,0.901996;95,14412,0.947672;81,12450,0.870067;93,13208,0.888248
159,101574;128,45683,0.986253;59,9797,0.944124;92,14225,0.970288;91,12181,0.877162;82,13077,0.891796
159,101540;125,44344,0.994235;76,9899,0.937029;89,14596,0.971619;90,11903,0.875388;90,12828,0.886475
159,101552;128,45215,0.996452;73,9713,0.933925;91,14355,0.973836;87,11829,0.841242;90,12894,0.86918
158,101514;128,45616,0.990244;71,9715,0.925499;90,14402,0.973392;92,12193,0.864302;92,13042,0.85765
158,101540;127,44711,0.981818;70,9085,0.92816;92,13717,0.975166;85,11413,0.846563;86,12308,0.875831
159,101531;128,45371,0.986253;69,9342,0.926829;78,13793,0.973392;88,11648,0.861197;88,12402,0.848337
157,101545;129,45708,0.992018;63,8927,0.93082;92,13723,0.956098;56,11760,0.859424;57,12701,0.877605
158,101507;137,45304,0.993792;75,9641,0.940133;86,14258,0.966741;84,11473,0.86918;89,12681,0.873614
159,101565;217,44980,0.99867;76,9875,0.952993;93,14041,0.969845;86,11374,0.85765;79,12247,0.869623
158,101621;218,44828,0.993348;75,9741,0.925499;94,14543,0.938359;95,12430,0.864745;97,13629,0.879823
159,101560;218,45111,0.988027;71,9548,0.946785;94,14285,0.97561;86,11526,0.865632;88,12431,0.875388
163,101642;218,45595,0.992905;77,10197,0.937472;80,15025,0.973836;95,12493,0.870067;94,13482,0.878492
158,101621;220,45745,0.984922;71,10049,0.934368;99,15140,0.97694;91,12171,0.881153;95,13345,0.890466
159,101609;203,45193,0.993348;77,10144,0.937029;95,14994,0.974723;90,12220,0.88204;91,13095,0.893126
159,101626;169,45242,0.985809;57,10307,0.930377;99,15402,0.970732;95,12587,0.858093;96,13813,0.885588
160,101643;128,45891,0.996009;74,10142,0.938359;96,14923,0.973836;96,12690,0.867406;97,13723,0.889579
160,101613;127,45680,0.981375;73,9892,0.905987;98,15026,0.963193;95,12457,0.849224;97,13733,0.890909
159,101617;127,45328,0.988027;75,10185,0.950776;99,15003,0.968958;91,12155,0.845233;87,12490,0.855432
160,101551;126,44951,0.993792;70,9489,0.908647;83,14214,0.975166;94,12541,0.877605;83,13557,0.888248
161,101572;128,45596,0.9898;44,9165,0.907761;61,13692,0.970288;58,12088,0.878049;72,13581,0.884257
164,101541;128,45670,0.995122;81,9933,0.91796;69,14377,0.942794;57,11713,0.83592;61,13538,0.876275
169,101593;128,45979,0.992905;47,9735,0.927716;62,14965,0.983592;55,11510,0.818182;58,13274,0.884701
167,101497;128,45720,0.993348;71,9503,0.914856;70,13915,0.968514;64,11823,0.845233;87,12474,0.869623
166,101534;129,46160,0.988914;71,9448,0.929047;93,14313,0.973836;89,11788,0.83592;91,13125,0.868293
170,101471;131,46389,0.99867;71,9167,0.927716;116,13871,0.980488;118,12399,0.836364;115,13374,0.851441
170,101578;127,45098,0.985809;87,9156,0.909091;114,13620,0.970732;115,12001,0.828381;105,13280,0.876718
170,101498;125,44739,0.994678;45,9098,0.931707;55,13247,0.974279;55,11602,0.827494;55,12196,0.86031
166,101484;129,45400,0.992018;44,8651,0.927273;53,12924,0.969845;55,11575,0.849667;54,12094,0.860754
170,101484;126,44768,0.990687;43,8808,0.932151;52,12335,0.939246;52,11108,0.845233;53,12227,0.861197
170,101361;126,44567,0.994678;43,8331,0.922838;78,12609,0.969845;54,10673,0.853215;53,12125,0.87051
169,101473;125,44336,0.989357;42,8423,0.935255;52,12430,0.984922;51,11007,0.84745;51,11514,0.861641
166,101430;127,45000,1;40,8018,0.92949;75,12088,0.98847;80,10955,0.853659;65,11800,0.858537
160,101424;127,44874,0.995565;62,7833,0.918404;79,11928,0.97561;80,11007,0.858093;83,11982,0.847894
161,101324;127,44413,0.983592;58,7718,0.948115;70,10762,0.968514;71,9941,0.850998;75,11061,0.839024
159,101397;127,44669,0.976053;69,7394,0.93082;96,11245,0.971175;89,9916,0.844789;98,11190,0.84878
155,101300;126,44951,0.994235;78,7036,0.947672;43,10453,0.977384;69,9629,0.828825;73,10640,0.842572
154,100907;209,44043,0.994678;43,5847,0.945898;42,8968,0.985366;54,8440,0.831929;72,9429,0.831929
152,98622;211,43806,0.994235;43,4944,0.956984;50,6852,0.987583;43,6666,0.832816;52,7554,0.838581
144,92647;213,43913,0.996452;37,3732,0.956984;43,5238,0.986253;41,5610,0.832373;43,6363,0.843016
127,82049;215,44318,0.987583;28,2811,0.955211;35,3915,0.979157;29,4066,0.827938;32,4766,0.838137
105,68357;215,44282,0.994678;22,1970,0.957871;25,2858,0.983149;21,3029,0.829712;22,3466,0.839468
64,41494;216,44556,0.994235;14,1013,0.959202;13,1339,0.988027;10,1397,0.829268;10,1662,0.841242
30,19530;126,44435,0.99867;10,408,0.962306;9,644,0.992905;4,589,0.829712;4,634,0.842129
13,8331;125,44005,0.992905;5,203,0.959202;7,189,0.992461;1,192,0.830599;1,215,0.844346
