1751,101475;2517,137805,0.999557;428,25522,0.96918;595,33276,0.995122;796,25567,0.93969;844,33099,0.986475
1668,100017;2497,134744,1;263,9598,0.962084;363,14701,0.986475;410,13756,0.892018;536,20643,0.902882
1721,100090;2498,132963,0.999778;301,10606,0.94878;398,15767,0.981375;433,14038,0.858093;482,20194,0.904213
1649,99474;2511,134647,1;309,10836,0.937916;410,16016,0.97561;469,14547,0.86918;552,20734,0.901996
1662,100297;2472,132209,0.998004;248,10683,0.927051;332,16386,0.984035;419,15051,0.886253;537,22988,0.909534
1663,99774;2601,132858,1;283,10209,0.928381;353,15696,0.987583;428,14449,0.8898;460,20743,0.918404
1688,98961;2455,131727,1;247,9070,0.909091;358,13647,0.976053;403,12935,0.88714;471,19198,0.91796
1702,100041;2626,133657,1;210,8548,0.927273;235,12470,0.978936;292,11748,0.904878;397,17112,0.927716
1653,99376;2548,134370,1;197,7829,0.939024;247,11619,0.985809;291,11373,0.898448;393,16460,0.933259
1640,99146;2664,132644,0.999335;161,7242,0.92306;216,10611,0.985366;233,10157,0.904213;297,13779,0.94102
1654,98385;2646,135440,1;170,7058,0.940576;204,9969,0.985588;237,9752,0.92306;330,14119,0.945011
1705,98843;2641,136805,0.996674;170,7045,0.904878;216,10216,0.978492;214,9138,0.931264;285,13290,0.936807
1680,97773;2674,137368,0.999335;136,6380,0.934146;191,9051,0.978271;190,8360,0.925721;258,12912,0.933038
1674,97753;2716,136856,0.999778;118,5003,0.934812;181,7350,0.986918;188,7261,0.947894;237,11098,0.97561
1608,97505;2587,138665,0.999557;151,5303,0.943237;140,7165,0.989579;161,6533,0.950554;228,10227,0.976718
1616,96957;2544,136357,0.999778;78,3246,0.945676;104,4716,0.992239;120,4557,0.955432;133,6837,0.969623
1052,62388;2598,135720,0.999778;35,899,0.959867;37,1240,0.990466;32,1248,0.951663;45,1881,0.971175
