129,101475;799,125314,0.999778;219,23132,0.983592;249,28693,0.998226;415,22402,0.994235;385,27447,0.999335
124,101344;810,126822,0.999557;132,7911,0.955654;177,11557,0.989135;195,12275,0.925942;198,15956,0.947007
125,101505;822,128561,1;135,8698,0.952106;173,12702,0.988914;210,12878,0.902661;213,16993,0.921729
127,101595;826,128761,1;160,9678,0.958758;195,13599,0.991131;255,13191,0.899335;236,17758,0.910865
117,101594;827,130346,1;149,9605,0.949667;189,14158,0.990022;236,13666,0.88714;241,18573,0.902882
117,101620;832,130483,1;143,9725,0.943237;173,14242,0.992683;228,13421,0.886475;240,19130,0.904435
117,101613;832,131903,1;157,10314,0.959867;184,14947,0.987805;249,13901,0.85765;260,20323,0.898004
118,101696;828,129996,1;146,10330,0.943237;176,15188,0.991131;270,14751,0.858537;272,21139,0.901996
118,101640;831,131104,0.999113;151,10422,0.954545;182,15462,0.991574;265,14580,0.871619;264,20394,0.907982
118,101728;832,131083,1;145,10492,0.956763;187,15430,0.990022;255,14262,0.858758;261,20437,0.891574
118,101558;840,131603,0.999778;136,10156,0.955432;183,14896,0.990244;248,13899,0.861419;257,19865,0.893792
119,101556;826,129347,0.999778;146,10411,0.945898;181,15381,0.98714;265,14370,0.858315;266,20280,0.897339
118,101691;836,131073,0.999557;152,11179,0.945676;187,15919,0.980488;266,14586,0.842572;279,21242,0.896452
119,101665;833,130751,0.999557;171,10926,0.957428;183,15422,0.980266;270,14752,0.875166;276,21023,0.901774
119,101675;826,130164,1;162,10653,0.937694;188,15692,0.981596;268,14777,0.879379;270,20888,0.896896
119,101689;828,130004,1;156,11267,0.949002;191,16387,0.991796;266,14821,0.879157;274,21409,0.906208
119,101643;827,129901,1;158,10479,0.943016;189,15533,0.990022;263,14893,0.892905;268,20838,0.904435
119,101764;828,130436,1;156,10774,0.946563;186,15734,0.991796;262,14684,0.892018;267,20924,0.899557
119,101649;827,129376,1;154,10504,0.944568;184,15239,0.99357;257,14474,0.892239;260,19940,0.901109
119,101591;826,129407,1;153,10315,0.934812;183,14923,0.989579;250,14299,0.8898;253,19355,0.90133
119,101580;822,129478,1;162,10548,0.949002;182,15044,0.987583;257,14505,0.89357;258,20055,0.901109
120,101587;794,130258,0.998226;153,10406,0.945898;210,15646,0.989357;243,13726,0.881153;254,20023,0.895122
120,101612;796,131554,1;169,10811,0.943237;184,15574,0.984922;260,14455,0.872062;282,21822,0.900443
120,101545;801,129708,1;158,10112,0.932373;179,15146,0.982483;255,13969,0.827938;272,20434,0.891131
121,101606;815,132130,1;161,10061,0.93459;181,14944,0.986696;268,14492,0.871619;274,20389,0.897783
122,101623;805,129432,0.999778;167,10345,0.939246;172,14766,0.985144;256,14133,0.852106;268,20181,0.884701
121,101517;808,130003,1;142,9675,0.947228;178,14424,0.986475;248,13707,0.850333;263,20167,0.866519
121,101520;804,129684,1;164,9876,0.93459;183,14590,0.989357;253,14009,0.847672;272,20844,0.88337
120,101552;806,129369,0.998004;142,10115,0.956098;177,14657,0.982705;240,13813,0.85122;254,20344,0.886253
120,101558;813,129263,0.998448;139,9268,0.949889;187,14195,0.986253;242,14061,0.826608;247,19699,0.871175
123,101462;811,130003,0.999778;138,9046,0.944568;156,13120,0.982262;239,13737,0.810643;233,18133,0.859424
129,101503;804,127011,1;180,9276,0.926164;183,13490,0.984257;275,14320,0.859867;280,19191,0.870067
125,101505;812,130653,0.999778;159,9452,0.92949;201,14100,0.984701;275,13530,0.849446;285,19685,0.859424
129,101486;791,128179,0.999778;171,9617,0.936364;185,13559,0.975831;237,13023,0.847007;272,18836,0.864745
129,101552;773,129678,0.999335;158,10032,0.94745;206,14898,0.972949;248,14059,0.83459;267,20876,0.868071
131,101604;806,129343,0.999778;142,10239,0.954989;172,14923,0.984479;257,14344,0.847228;272,21060,0.879601
130,101596;804,129599,1;140,9988,0.945676;174,14715,0.988248;248,14107,0.861419;262,20589,0.882483
128,101615;808,131651,0.999778;118,10456,0.943016;173,15671,0.986253;248,14581,0.851663;271,21418,0.879601
130,101661;806,129669,1;141,10388,0.933259;180,15127,0.991131;254,15016,0.865188;251,20613,0.883592
126,101634;806,129827,0.999778;149,10017,0.935698;175,14834,0.984922;233,14115,0.87561;250,20783,0.882262
130,101544;806,130077,1;148,9598,0.94235;165,14529,0.988248;237,13968,0.864523;246,20072,0.889135
123,101523;803,129600,1;137,10070,0.951441;163,14487,0.989135;237,14105,0.870732;240,19751,0.884701
131,101534;799,128623,1;125,9398,0.947007;157,14036,0.988692;232,13854,0.84878;243,19854,0.878714
131,101450;807,130718,1;135,9337,0.945898;158,13619,0.98337;236,13796,0.858758;241,19726,0.882705
131,101495;801,128174,1;136,10031,0.95898;170,14230,0.989357;223,13468,0.859867;231,18764,0.880931
131,101525;802,129394,1;138,9708,0.957871;190,14035,0.991131;226,13634,0.864523;232,19205,0.878492
121,101485;810,129387,1;147,9025,0.950998;176,13621,0.988248;228,13325,0.858093;241,18846,0.881375
121,101405;801,128598,1;150,9060,0.94235;169,13180,0.986253;229,13600,0.849446;229,18676,0.873171
125,101446;803,129253,1;118,8626,0.947007;150,12787,0.9898;207,12547,0.846563;211,17693,0.86918
120,101370;800,129477,1;138,8383,0.949667;166,12415,0.989579;205,12458,0.837916;219,17755,0.863193
121,101336;798,128769,0.997783;135,8188,0.94745;150,12276,0.984479;204,12575,0.834368;218,17878,0.858315
121,101377;798,128877,0.999335;117,8680,0.952328;153,12740,0.985366;207,12382,0.817517;220,18241,0.854767
117,101333;800,129861,1;117,8016,0.946785;140,11958,0.987805;211,12606,0.827273;221,18012,0.845676
126,101297;767,129427,1;131,7511,0.928825;145,11559,0.979157;207,12428,0.81286;216,17888,0.826386
124,101299;796,128711,0.999557;120,7923,0.936364;136,11180,0.979601;199,12431,0.819956;220,18023,0.839024
122,101223;796,129736,1;125,7426,0.941463;139,10904,0.984922;189,11747,0.807982;202,17075,0.840576
115,101011;815,128929,0.999557;128,6680,0.94235;130,10180,0.986696;183,11070,0.816851;201,16094,0.84102
120,100540;797,126894,0.999557;104,5645,0.961419;112,8033,0.986031;151,9297,0.828381;164,13504,0.837694
121,99916;797,127230,1;104,4746,0.958093;89,6863,0.98847;129,8059,0.819734;150,12528,0.839024
116,97583;803,128718,1;67,3534,0.96541;83,5380,0.98847;106,6428,0.821508;122,10034,0.839246
108,91125;800,127391,1;68,2839,0.97561;70,4192,0.990022;79,4691,0.82306;95,7760,0.833925
99,81776;795,126729,1;57,1883,0.974058;54,2876,0.991796;55,3379,0.821508;60,5065,0.837029
84,71285;810,128987,1;44,1125,0.97561;38,1973,0.991574;33,2004,0.823282;44,3661,0.837916
61,51470;768,129353,1;27,691,0.97561;24,1116,0.992461;22,1326,0.822838;30,2419,0.836807
42,35900;743,127173,1;16,385,0.976497;23,606,0.992905;12,773,0.822173;16,1315,0.836364
30,24790;743,126690,1;26,283,0.976053;35,506,0.993126;11,607,0.82306;13,1024,0.837029
