1799,101475;2734,139203,1;611,25122,0.965854;791,33007,0.993792;818,24921,0.948115;949,32948,0.983592
1706,100057;2722,138707,0.999778;294,9900,0.939468;397,15490,0.985144;484,14581,0.911973;528,23447,0.932151
1725,99705;2726,137774,0.999557;284,10149,0.914412;431,16266,0.979157;482,13920,0.867406;610,21095,0.908426
1711,100037;2774,134751,1;325,10339,0.916851;463,16377,0.977827;523,14587,0.888027;639,21516,0.920843
1722,99567;2730,136451,0.999557;345,9822,0.938137;437,15200,0.983592;515,14433,0.868071;602,20263,0.898891
1691,99686;2711,135955,0.998891;312,9764,0.931707;430,15231,0.981596;526,14451,0.886253;649,21664,0.907761
1707,100350;2701,135822,1;335,10268,0.955432;438,14995,0.968514;517,14565,0.88714;645,22119,0.871619
1687,99741;2702,135114,0.999778;301,8920,0.881596;440,15286,0.964745;496,14291,0.904213;648,21745,0.916408
1692,99679;2522,134797,0.999557;319,10132,0.93082;430,14831,0.970953;487,13457,0.905765;613,20732,0.878714
1737,99266;2676,134667,0.999778;331,9525,0.945676;424,14429,0.981596;461,12833,0.880931;612,20101,0.882705
1697,100079;2616,135450,0.999557;328,10388,0.947672;444,15691,0.988914;505,13761,0.905765;638,21633,0.925942
1684,98859;2617,133590,0.999778;300,8832,0.92949;414,13931,0.986918;411,12399,0.917073;543,18958,0.909978
1700,99341;2531,134233,1;250,8433,0.948559;358,13041,0.977384;443,12926,0.91929;541,19427,0.919734
1802,99680;2589,134251,0.999778;231,7889,0.912195;365,13144,0.97561;387,12026,0.897339;548,18818,0.920177
1812,100166;2596,135410,1;264,8368,0.922838;371,13039,0.984701;420,12479,0.913969;526,19013,0.930155
1764,99982;2638,135536,0.999557;269,8787,0.945455;371,13021,0.972727;425,12700,0.922395;541,19036,0.917738
1749,99436;2708,134584,0.999557;256,7879,0.934146;326,11947,0.96408;378,11556,0.923282;473,17655,0.935698
1754,98749;2672,134517,1;222,7371,0.930599;324,11585,0.982262;343,10409,0.925055;438,16085,0.937251
1815,98851;2590,134098,0.999778;209,7413,0.931707;245,10515,0.979601;327,10501,0.916851;419,15766,0.947007
1783,98425;2594,133821,1;223,7510,0.936585;291,11150,0.979157;330,10935,0.926386;460,16562,0.950111
1807,99039;2656,134773,0.999557;164,6173,0.937029;237,9334,0.981153;274,8873,0.927494;346,14156,0.947672
1757,98262;2560,136253,0.999557;197,6169,0.913082;269,9951,0.980266;267,9231,0.926608;336,13966,0.944124
1735,96553;2611,135836,0.999557;177,5679,0.935477;220,8112,0.983149;230,7766,0.933481;330,12718,0.950554
1780,97405;2647,136960,0.998891;174,5691,0.950998;225,8363,0.979601;235,7817,0.930377;301,11535,0.948115
1744,94629;2722,137310,0.999335;153,5027,0.952772;192,7171,0.988027;215,6994,0.934146;304,11315,0.953215
1758,96321;2529,136501,0.999557;119,3728,0.962084;151,5363,0.992018;141,5187,0.933481;217,8463,0.954545
1129,63664;2703,136754,0.999778;61,1164,0.967849;59,1642,0.992239;50,1689,0.938137;74,2854,0.956319
189,9941;2578,136000,0.999557;48,331,0.968958;32,514,0.992018;10,366,0.934368;14,736,0.956319
