152,101475;112,43388,0.993792;111,21201,0.97561;89,28371,0.996009;88,20571,0.944568;111,22616,0.984922
156,101696;115,44612,0.986696;71,10834,0.927716;90,16072,0.96408;86,12244,0.899335;84,13205,0.915743
177,101779;114,44939,0.990687;86,11351,0.92816;117,16755,0.974279;85,12632,0.870953;93,14321,0.899335
171,101789;115,45139,0.996452;82,11842,0.941463;102,17217,0.967184;99,13847,0.899778;94,14425,0.913525
169,101747;114,44774,0.985809;71,12237,0.940133;68,17894,0.988027;67,14046,0.911308;69,15257,0.922838
170,101756;117,45985,0.989357;60,12652,0.935698;75,18810,0.980044;75,13913,0.904213;99,14934,0.920621
170,101781;114,44388,0.995122;83,12641,0.931264;102,17894,0.973392;94,13959,0.872727;93,15393,0.922395
170,101792;116,45568,0.992018;79,12450,0.950776;101,18321,0.981375;91,14010,0.89357;88,14950,0.90643
169,101843;115,45151,0.991574;75,12202,0.920177;95,18393,0.968071;91,13699,0.881153;96,15209,0.933925
170,101817;114,45094,0.983149;79,12591,0.922395;106,19443,0.979601;98,14423,0.884701;98,15484,0.928603
182,101810;115,45125,0.996896;83,12566,0.945455;101,17975,0.977384;94,13871,0.901552;87,14405,0.907761
170,101753;115,44838,0.996452;76,12379,0.93082;100,18299,0.972949;86,14083,0.877605;63,14932,0.913525
187,101680;116,45805,0.994235;51,11967,0.936585;65,17918,0.986696;60,13477,0.859424;61,15066,0.878492
169,101720;146,44895,0.996896;48,11261,0.910865;61,16688,0.982705;59,13206,0.84745;60,14719,0.910421
171,101697;190,45567,0.991131;79,11716,0.922395;64,16796,0.976497;60,13428,0.86031;60,14614,0.923282
171,101701;146,45387,0.999113;51,11643,0.920621;61,17084,0.985366;58,13143,0.873614;61,14592,0.91663
171,101812;114,45594,0.993348;53,12293,0.941907;68,18230,0.983592;61,13786,0.891796;60,14905,0.913525
173,101725;116,45899,0.980931;54,12185,0.945455;62,18016,0.977827;62,13641,0.850554;61,14584,0.907317
171,101762;113,44466,0.995122;56,12062,0.913082;65,18103,0.982705;93,13685,0.872284;100,15831,0.915299
172,101720;115,45845,0.983149;74,11500,0.91929;90,17148,0.983149;58,13108,0.859867;61,14999,0.909091
171,101763;115,45478,0.990244;65,11580,0.92949;86,17440,0.989357;61,13400,0.841242;61,14515,0.872727
171,101650;115,45464,0.998226;52,11410,0.933925;61,16785,0.988914;62,13725,0.901109;56,13641,0.889579
171,101734;114,44913,0.985809;51,11514,0.927273;60,16767,0.978271;63,13970,0.922395;64,15014,0.923725
159,101640;117,46332,0.98714;71,10678,0.933481;90,15889,0.984479;84,12509,0.884701;85,13649,0.913525
169,101615;188,45332,0.993348;66,10062,0.915743;88,15164,0.984922;82,12310,0.889135;81,12764,0.907761
169,101635;185,44269,0.995122;75,10415,0.92949;97,15815,0.96408;83,12615,0.860754;83,13360,0.889579
168,101591;191,45254,0.980488;70,9807,0.930377;94,14674,0.974279;80,12183,0.879823;85,13495,0.892239
169,101300;185,44073,0.995565;66,9506,0.933038;77,13044,0.968958;74,11477,0.887361;74,12248,0.891353
168,101454;187,44411,0.996009;40,8567,0.945898;49,12731,0.981375;73,11125,0.875831;72,11705,0.886918
167,100549;182,43482,0.987583;51,7141,0.940133;67,10555,0.968958;62,9614,0.859424;60,10003,0.876718
157,96172;187,44546,0.995565;42,5294,0.94102;33,7654,0.982262;30,7224,0.86031;34,8322,0.886031
149,89220;185,43973,0.996896;25,3948,0.948115;28,6070,0.98847;23,5530,0.860754;25,6448,0.881596
126,75553;186,44313,0.993348;15,2523,0.955211;18,3727,0.991131;19,3300,0.866519;23,4153,0.885144
70,42237;185,43318,0.981375;18,1396,0.95388;24,2167,0.995122;11,1933,0.86918;13,2240,0.889135
36,21930;187,44479,0.995565;13,481,0.963193;11,1057,0.994235;5,886,0.87184;6,1154,0.887805
23,13803;130,44002,0.985809;6,282,0.961863;5,457,0.994678;2,458,0.87184;3,508,0.886918
