42,22791;244,56557,1;61,10764,0.963551;75,14218,0.986916;133,10705,0.969159;111,14664,0.995794
40,22015;220,56216,0.998598;17,3079,0.943925;23,5004,0.981308;39,4885,0.950467;43,7983,0.964019
40,21949;220,56692,0.999065;20,3229,0.937383;26,5677,0.977103;39,4796,0.929439;44,8128,0.945794
40,21976;220,56065,0.999065;19,3313,0.947664;26,5377,0.983645;40,4843,0.914486;69,8442,0.928505
40,22072;223,56335,0.999533;29,3354,0.952804;35,5247,0.984579;55,4903,0.907944;63,8292,0.925701
40,21962;226,55588,0.999533;27,3190,0.936916;34,5164,0.976636;60,5133,0.888785;65,8199,0.903738
41,21977;247,56070,0.999533;29,3433,0.941121;39,5703,0.984112;63,5132,0.896262;69,8418,0.913551
41,22048;230,54382,1;31,3450,0.935514;40,5537,0.981308;62,5109,0.891589;54,8675,0.908411
40,21965;151,56691,1;32,3327,0.937383;39,5429,0.97243;64,5189,0.877103;68,8282,0.890187
40,21908;144,56077,1;32,3672,0.93785;42,5858,0.97757;67,5190,0.868224;73,8386,0.880841
41,22112;171,56171,1;33,3724,0.950467;44,5741,0.98271;67,5255,0.868224;76,8702,0.876168
41,22109;143,55578,0.999533;29,3408,0.942056;40,5520,0.986449;63,4886,0.864019;77,8732,0.891121
41,21995;145,56431,1;34,3589,0.946262;58,5947,0.985047;85,5432,0.854673;85,8269,0.882243
41,21980;143,55875,0.999533;26,3512,0.936916;29,5939,0.981308;51,5476,0.865888;53,8838,0.880374
46,21990;170,57025,0.999533;24,4174,0.945327;31,6559,0.983178;54,5679,0.850467;72,9337,0.876168
46,21921;161,56864,0.999533;31,3559,0.923364;41,5954,0.980841;68,5292,0.86028;76,9008,0.888318
41,21785;234,56934,0.999533;31,3889,0.934579;44,6418,0.977103;72,5283,0.838785;83,9131,0.872897
41,22031;249,57753,1;34,4165,0.947196;46,6569,0.978505;73,5644,0.814486;82,9656,0.865421
34,21842;236,56823,1;31,3448,0.938785;40,5820,0.985981;77,5497,0.847196;81,8701,0.868224
41,21968;221,57097,0.999065;25,3948,0.931308;32,6612,0.985047;56,5569,0.840654;60,9302,0.869626
41,22161;220,57198,0.999065;25,4351,0.941589;35,7178,0.985514;82,6126,0.849533;88,10067,0.87243
46,21937;220,57256,1;35,4047,0.951402;41,6439,0.985047;61,5737,0.842523;61,9673,0.875234
46,22042;220,56474,1;24,4223,0.93785;34,7389,0.982243;88,6123,0.849065;91,9876,0.87243
42,22042;225,58057,1;35,3972,0.941589;33,6435,0.984112;57,5765,0.847664;62,9805,0.870561
43,22061;223,57155,0.999533;24,3899,0.950467;30,6474,0.98271;54,5612,0.83785;61,9813,0.875234
44,21862;221,56825,1;34,3825,0.936916;45,6206,0.978972;69,5699,0.826168;59,9406,0.870093
44,22144;225,57692,1;26,4298,0.943458;34,7167,0.981776;84,6126,0.849533;96,10275,0.876168
42,21975;224,58240,0.999065;34,3831,0.926168;43,6047,0.981776;81,5703,0.852804;88,9545,0.880374
42,21977;221,57214,1;38,4219,0.939252;47,6830,0.984579;69,5742,0.866822;57,9031,0.88271
42,22170;218,56397,1;27,4198,0.92757;32,7040,0.985047;59,6257,0.879907;63,10328,0.891121
42,22100;224,57778,0.999533;35,4111,0.943925;47,6834,0.981308;78,6005,0.882243;78,9631,0.900467
43,22207;222,57240,0.998131;34,4373,0.938785;43,6862,0.981776;79,6163,0.876168;61,10279,0.887383
42,22070;226,58293,0.999533;24,3970,0.935981;32,7249,0.985047;56,5811,0.866355;62,10036,0.88785
42,22077;221,56534,0.999533;25,4271,0.942991;31,6907,0.981308;55,5865,0.877103;83,9712,0.899065
46,22174;217,56994,0.999533;38,4249,0.937383;50,7472,0.979907;84,6256,0.867757;94,10540,0.898598
50,22197;249,57715,0.999533;28,4656,0.952804;35,8158,0.988318;64,6779,0.877103;74,10935,0.906542
42,22094;237,58709,1;27,4655,0.949533;34,7392,0.990654;59,6229,0.871028;61,10126,0.893458
42,22087;219,58806,1;25,4216,0.933645;32,6963,0.980374;60,6278,0.878972;62,10267,0.898131
42,21855;225,58151,1;26,4508,0.933178;31,7087,0.981776;56,5854,0.875701;59,9750,0.904206
47,22188;225,58529,0.999533;26,4556,0.928505;33,7351,0.984112;60,6152,0.885047;62,10094,0.9
49,21985;227,58661,0.999533;27,4579,0.950467;32,7323,0.972897;80,5828,0.884112;77,9416,0.905607
42,21874;224,57690,1;24,4155,0.937383;32,6771,0.976168;55,5784,0.869159;58,9546,0.898131
42,22090;243,58202,1;25,4307,0.947664;33,7340,0.983178;59,6150,0.890654;90,10101,0.897664
42,22131;225,58538,1;33,4074,0.941589;50,7062,0.981776;79,5849,0.88972;81,9852,0.89486
42,22095;223,57850,1;24,4306,0.933178;31,6880,0.982243;56,5926,0.871495;60,9864,0.891121
43,22193;222,58333,1;28,4724,0.945327;52,7776,0.978505;72,6579,0.879439;95,10654,0.89486
42,22163;224,59227,0.999533;36,4391,0.941121;47,7002,0.981308;84,6235,0.888318;93,10311,0.9
43,22171;222,58636,1;34,4261,0.945794;47,7441,0.981308;90,6474,0.894393;94,10452,0.908411
42,22062;221,58550,1;38,4589,0.940654;45,7366,0.98271;89,6431,0.869626;96,10565,0.896729
43,22234;223,58835,1;39,5049,0.932243;51,7905,0.982243;97,6840,0.891589;95,10422,0.902336
43,22082;224,59060,1;37,4648,0.945327;45,7186,0.986916;80,6035,0.898598;81,9562,0.913084
42,22123;148,59441,1;36,4781,0.93972;48,7665,0.979907;73,5699,0.887383;82,9748,0.904206
43,22091;199,60008,1;36,4486,0.942056;46,7221,0.985514;79,6095,0.888785;71,9672,0.908879
43,22067;222,59514,1;26,4578,0.927103;35,7919,0.98785;65,6540,0.886449;66,10735,0.919159
43,22059;222,59394,1;26,4645,0.926636;32,7380,0.98785;87,6409,0.9;93,10423,0.918224
46,21923;219,58617,1;36,4368,0.93972;46,6780,0.977103;79,5995,0.894393;85,10028,0.916355
46,22068;217,58352,1;34,4509,0.92757;33,7657,0.98271;59,6155,0.89486;61,9949,0.91215
43,22049;222,60010,1;26,4648,0.920093;37,7850,0.979439;83,6255,0.885047;91,10622,0.914486
46,22212;220,59138,1;37,5090,0.938318;49,8052,0.984112;94,6888,0.899533;95,10923,0.914953
45,21678;202,59505,0.999533;25,4138,0.90514;30,6840,0.978972;52,5449,0.908879;56,9168,0.920561
46,22200;148,58876,1;27,4687,0.929439;35,7712,0.983645;63,6212,0.896262;64,10591,0.922897
46,22183;233,58729,1;33,4712,0.93972;34,7919,0.982243;64,6564,0.898598;64,10403,0.912617
44,22127;246,58706,1;38,4983,0.931776;52,7669,0.976636;95,6717,0.89486;100,10995,0.92243
46,22134;245,59165,1;41,5085,0.941121;49,7990,0.985981;87,6722,0.91215;89,10567,0.934112
46,22147;247,59520,1;36,4712,0.914019;35,7859,0.979907;88,6773,0.911215;102,10666,0.930841
46,22243;251,60160,1;37,4892,0.935514;49,7949,0.977103;84,6451,0.909813;92,10983,0.931308
45,22162;229,58719,1;36,4640,0.929439;47,7384,0.977103;82,6276,0.911682;88,10489,0.934579
47,22018;242,60383,0.999533;32,5137,0.914019;36,8290,0.975701;100,6782,0.902804;100,10575,0.933178
47,22172;247,59208,1;40,4995,0.897664;56,8518,0.979907;95,6560,0.911682;102,10890,0.939252
47,22156;251,59807,1;38,4869,0.929907;50,7632,0.983178;93,6592,0.903271;101,11041,0.924766
46,22183;249,59676,0.998598;32,5118,0.942991;35,8085,0.973832;66,6575,0.9;69,10970,0.929439
47,22183;227,59423,0.999065;27,4773,0.938318;36,7630,0.97757;64,6534,0.885047;69,11068,0.920561
44,21977;224,59736,1;26,4596,0.93972;34,7760,0.978972;57,5873,0.9;60,9941,0.923364
44,22129;225,60700,1;28,4619,0.928037;34,7820,0.978972;64,6624,0.914953;65,10622,0.936916
51,21578;223,59850,1;27,4491,0.915421;32,7218,0.97243;57,5857,0.903738;62,9975,0.933645
44,21974;226,60574,1;28,4817,0.935514;35,7612,0.975234;64,6439,0.88972;65,10455,0.925234
45,21845;243,60558,0.999533;39,4896,0.926168;51,7748,0.973832;95,6591,0.908411;96,10501,0.934579
46,22105;228,60502,1;46,5208,0.925234;57,8006,0.970093;98,6677,0.906542;101,10555,0.929907
44,21937;229,61258,1;41,4919,0.93785;52,7779,0.977103;84,5918,0.911215;95,10383,0.936916
45,22138;223,60458,0.999533;39,4760,0.93271;55,8117,0.983178;91,6537,0.917757;100,10806,0.937383
46,22101;224,59807,0.999533;47,5326,0.936916;42,8215,0.980841;68,6697,0.894393;105,11206,0.933645
46,22078;223,60253,1;42,4849,0.928972;54,8296,0.986449;90,6278,0.882243;98,10500,0.925701
45,22044;172,59471,1;44,5261,0.921495;39,9011,0.979439;76,7025,0.872897;71,10860,0.918692
44,21997;149,60655,1;29,5078,0.920093;35,8204,0.98271;71,6797,0.870561;71,10972,0.928972
45,22032;150,61586,1;28,5224,0.928972;35,8275,0.983645;69,6784,0.903738;64,10094,0.928505
45,21935;151,61602,1;26,4577,0.908411;35,7900,0.969159;73,6183,0.91215;101,10788,0.93271
45,22115;150,60813,0.999533;26,4884,0.916355;38,8522,0.978037;67,6530,0.892991;72,11109,0.924766
44,22177;147,59574,1;30,5403,0.948131;39,8836,0.987383;92,6484,0.893458;95,10642,0.925234
45,22219;252,60383,1;43,5331,0.935047;53,8454,0.977103;99,6962,0.904673;116,11895,0.929907
45,22158;251,59874,1;30,5168,0.934112;39,8789,0.981776;72,7042,0.912617;69,10782,0.931776
45,22028;250,59165,1;41,4994,0.922897;56,8436,0.979907;100,6717,0.902336;103,10866,0.934579
46,22218;253,60138,1;42,5205,0.936916;59,8942,0.974766;100,6994,0.914486;110,11727,0.92757
45,21987;252,59638,1;41,4871,0.934579;52,7776,0.98271;92,6378,0.908411;102,10878,0.928037
45,22170;251,59264,1;40,5026,0.92243;55,8138,0.979907;103,7013,0.912617;103,10808,0.931776
45,22136;249,59089,1;39,4985,0.936449;56,8169,0.978972;88,6720,0.911215;72,10920,0.930841
45,22130;255,60460,1;28,4657,0.907944;38,8400,0.981776;65,6473,0.895327;77,10844,0.918224
45,22189;251,58960,1;30,4921,0.906075;42,8367,0.976636;85,6910,0.888785;98,11266,0.925234
52,22206;249,60168,0.998598;31,4995,0.917757;40,7980,0.972897;70,6691,0.893925;69,10721,0.92243
45,22250;226,59612,0.999533;30,5278,0.916355;37,8522,0.982243;95,7087,0.899065;107,11253,0.921028
50,22184;242,60192,1;43,5265,0.897196;58,8688,0.972897;102,7041,0.906075;108,11395,0.928505
43,22113;256,59759,1;35,4683,0.921963;36,8114,0.979907;93,6831,0.904673;102,10965,0.919159
43,22179;256,59165,1;41,5062,0.946729;57,8665,0.982243;101,6942,0.893458;110,11793,0.930374
43,22014;246,57411,0.999065;37,4651,0.928505;54,7771,0.979907;96,6520,0.881776;100,10608,0.909346
43,21992;254,59049,1;38,4690,0.920093;45,7723,0.974299;64,6320,0.896729;69,10828,0.922897
43,22076;255,58991,0.999533;26,4784,0.920561;38,8058,0.984112;70,6940,0.899065;73,11026,0.93271
57,22078;268,59247,0.999065;37,4630,0.916355;52,7728,0.969159;94,6848,0.89486;95,10903,0.935514
46,21959;251,59550,0.999065;36,4736,0.925701;46,7418,0.979439;82,6087,0.912617;96,10195,0.928505
43,22174;268,59752,0.999065;44,5047,0.943925;59,8399,0.985981;71,6643,0.913551;99,10740,0.936916
43,22093;189,59882,0.999533;43,5145,0.931776;41,8294,0.986449;77,6507,0.895794;70,10876,0.921963
43,22119;149,59314,1;30,4977,0.921028;57,8480,0.981776;93,6426,0.881308;106,11388,0.92243
43,22235;177,59313,1;44,5209,0.941121;50,8199,0.978505;69,6785,0.889252;72,11397,0.926636
43,22204;259,60409,1;29,5377,0.920561;40,8643,0.98271;68,6696,0.896729;109,11238,0.916822
45,22217;262,61262,0.999533;47,5180,0.944393;52,8154,0.985981;89,6602,0.898598;98,11194,0.919626
44,21936;249,59651,0.997196;40,4724,0.920093;54,7687,0.978037;94,6582,0.899533;70,10780,0.928037
45,22082;150,59678,1;39,4893,0.918692;54,8419,0.979907;101,6909,0.917757;103,10931,0.93972
42,21939;173,60929,1;43,4882,0.921028;55,7819,0.971963;86,5942,0.910748;77,10000,0.93271
43,22094;218,59584,0.999533;28,5043,0.924299;37,7892,0.984579;89,6386,0.91028;100,10824,0.934579
43,22219;150,60380,0.999533;41,5167,0.927103;36,8300,0.981308;70,6774,0.890654;73,11185,0.930841
56,22195;229,60120,0.999533;29,5050,0.912617;37,8392,0.980374;75,6904,0.894393;76,11121,0.919626
43,22132;256,59879,0.998598;28,5027,0.92243;58,8656,0.984579;103,6815,0.902804;98,10826,0.930374
43,22029;196,60395,1;29,5009,0.925234;35,7866,0.978505;95,6451,0.873364;100,10898,0.926636
42,22021;248,60016,1;28,4984,0.925234;37,8168,0.979907;94,6502,0.865888;102,10727,0.921495
43,22119;250,59912,1;42,5196,0.938318;46,8161,0.981308;74,6989,0.892523;99,11053,0.924299
43,22195;229,60848,1;33,5286,0.916355;38,8897,0.987383;89,6777,0.905607;86,11193,0.929907
42,21943;253,60995,1;27,4458,0.935047;35,7490,0.973832;64,6137,0.880841;96,10420,0.921028
43,22119;256,60058,0.999065;39,4649,0.926636;53,8766,0.979907;102,6927,0.884579;87,11039,0.919159
43,22221;253,59987,1;29,5153,0.935514;54,8790,0.983178;103,6831,0.886916;101,11514,0.916822
42,21745;258,61463,0.999533;26,4403,0.928037;34,7376,0.981776;63,5994,0.881308;65,9917,0.912617
57,22196;253,58993,0.999533;30,5271,0.937383;38,8472,0.982243;75,6969,0.894393;77,11381,0.921963
42,21733;258,60361,1;29,4570,0.928505;35,7306,0.971495;68,6222,0.880841;94,10518,0.925701
48,21591;254,59237,1;42,4666,0.921963;39,7753,0.980841;91,6458,0.880374;91,10073,0.926168
43,22175;265,60489,0.999065;41,4893,0.921028;57,8353,0.979439;96,6457,0.873832;87,11274,0.910748
43,22081;251,58639,0.999533;41,4603,0.942056;53,7709,0.985047;89,6326,0.86215;75,10802,0.915421
42,21752;244,60637,1;40,4671,0.923364;52,7390,0.980374;92,6068,0.853271;100,10446,0.913551
42,22014;224,60327,1;41,4821,0.931776;54,7910,0.97757;94,6340,0.861215;99,10422,0.920561
56,22000;260,60020,0.999533;43,4851,0.925701;53,7928,0.973364;92,6257,0.869159;75,9670,0.92243
43,22181;260,59936,1;31,5152,0.93972;36,8235,0.979439;70,6700,0.875701;74,11332,0.917757
43,22198;257,59886,0.999533;28,4977,0.923832;37,8374,0.98972;69,6694,0.874766;71,11113,0.91729
43,22120;260,60344,1;26,4580,0.915421;36,8013,0.983645;70,6728,0.88785;72,11298,0.926636
43,22052;269,60026,1;30,5170,0.918692;40,8576,0.974766;72,6770,0.889252;74,11265,0.921495
42,21636;259,60039,0.999065;28,4652,0.923364;32,7269,0.984112;59,5855,0.899533;64,10205,0.928505
42,22010;258,59415,1;26,4611,0.905607;36,7949,0.981776;68,6727,0.897196;91,11496,0.929907
42,21817;216,59053,0.999533;26,4715,0.920093;35,7577,0.972897;87,6495,0.898131;79,9907,0.929907
53,22128;220,59251,0.999533;29,4977,0.946729;35,7896,0.984579;68,6759,0.911215;93,10788,0.928972
47,22143;234,60228,1;47,4729,0.926168;56,7832,0.97243;72,6518,0.901869;70,10885,0.922897
46,21819;233,58649,0.999065;25,4324,0.915888;41,7196,0.968692;84,5822,0.874766;84,9950,0.909813
47,22167;260,59114,1;39,4799,0.92757;35,7970,0.980374;67,6777,0.885514;79,10904,0.919159
47,22201;255,58263,1;40,5039,0.926168;37,8031,0.980374;67,6635,0.88271;66,10379,0.923364
47,22083;256,58283,0.999533;29,4863,0.94486;35,7689,0.980841;63,6239,0.896729;70,10860,0.923364
47,22039;254,58140,1;31,5078,0.933645;47,7697,0.966822;78,6631,0.879907;71,10950,0.920093
47,22121;239,57927,1;26,4307,0.924299;33,7117,0.979439;79,6231,0.887383;96,10314,0.914486
47,22046;225,56957,1;27,4883,0.920561;36,7770,0.975234;76,6545,0.88972;102,10788,0.918224
46,22123;228,58127,0.999065;42,4734,0.942991;52,7654,0.981308;66,6464,0.870093;100,10681,0.915421
46,22216;258,59105,0.999533;28,4991,0.941589;36,8006,0.978972;73,6779,0.878972;72,10902,0.924766
48,22226;251,57913,1;30,4957,0.95;47,8019,0.986449;79,6645,0.900935;65,10375,0.928037
51,21890;247,56862,1;27,4532,0.898598;35,7375,0.980374;82,6411,0.885981;84,9958,0.924299
46,22198;252,58145,0.999065;40,5177,0.914019;55,8389,0.981776;98,6879,0.87243;91,11328,0.916822
46,21905;249,56725,1;28,4647,0.931308;40,7417,0.984579;70,6147,0.876636;81,10092,0.916822
46,22222;254,58458,0.999533;31,4978,0.933178;38,8163,0.989252;69,6769,0.88972;73,11305,0.922897
46,22262;242,55156,1;32,4897,0.942523;38,8301,0.98972;71,6986,0.908411;100,11118,0.931308
46,22181;254,57881,0.999065;45,4867,0.945794;53,7437,0.981776;100,6778,0.878037;98,10624,0.922897
46,22192;250,56937,1;42,4696,0.925701;56,7893,0.979907;94,6392,0.891589;99,10568,0.918692
46,22189;247,55866,1;41,4534,0.923364;37,7383,0.976636;93,6511,0.899533;99,10392,0.928037
46,22214;253,57172,1;42,4957,0.956542;36,7768,0.987383;68,7030,0.914019;67,10804,0.929439
46,22211;248,55754,1;29,4835,0.932243;36,7554,0.978972;63,6581,0.906075;75,10729,0.932243
46,22226;250,56694,1;39,4727,0.928505;55,7972,0.98785;93,6652,0.904206;94,10248,0.928972
46,22292;245,55745,1;44,5150,0.929439;60,8329,0.984579;92,6554,0.91729;102,11152,0.933645
46,22118;254,56568,1;45,4979,0.933645;54,7893,0.979439;89,6667,0.904673;94,10627,0.933178
46,22033;219,54836,1;38,4524,0.930841;54,7443,0.979907;85,6174,0.921028;92,10090,0.929907
44,22144;232,58069,1;38,4449,0.938785;54,7586,0.977103;85,6175,0.897196;99,10584,0.920093
44,22204;225,56804,1;42,4856,0.947196;56,7564,0.978037;82,6656,0.898131;66,10364,0.928037
49,21823;217,55035,1;26,4041,0.91729;33,6809,0.980841;57,6076,0.908879;58,9550,0.931308
44,22169;218,54774,1;26,4394,0.935047;35,7092,0.992991;60,6425,0.904673;57,9522,0.936449
43,22157;225,55609,1;28,4576,0.957009;35,7016,0.985981;85,6345,0.885047;89,9719,0.93271
43,22079;219,54793,0.999533;40,4258,0.939252;54,6868,0.984579;78,5843,0.874766;86,9349,0.920561
44,22177;219,54909,0.999065;40,4179,0.938785;54,6912,0.984579;64,6197,0.891589;61,9740,0.921495
43,22216;217,53885,0.999533;28,4360,0.949065;56,7351,0.985981;88,6402,0.842991;97,10597,0.926636
44,22152;224,56160,0.999533;43,4768,0.957009;56,7332,0.976636;89,6547,0.918692;96,10199,0.935981
44,21990;222,54969,0.999533;41,4165,0.920561;53,6552,0.981776;81,5923,0.899533;85,9396,0.932243
44,22271;225,56132,1;43,4692,0.940654;57,7359,0.98271;89,6676,0.9;93,10367,0.911215
43,22143;227,56780,1;42,4563,0.945794;58,7272,0.987383;90,6522,0.931308;93,9970,0.935514
45,22147;222,55606,1;40,4179,0.943458;37,7082,0.981776;58,6123,0.918692;78,9736,0.933178
31,21992;228,57136,1;48,4718,0.928505;53,7139,0.982243;85,6274,0.899065;89,9996,0.93972
49,22060;228,56061,1;28,4631,0.96028;52,7253,0.991121;89,6429,0.901869;87,9722,0.918692
48,22089;222,54811,0.999533;42,4400,0.942991;56,7504,0.990187;88,6476,0.896262;99,10576,0.926636
48,22078;250,54386,1;37,4486,0.93271;35,7260,0.984112;62,6591,0.912617;62,10158,0.926636
48,21985;247,55625,1;27,4447,0.942991;35,7030,0.985047;59,6335,0.908411;58,9550,0.933645
49,22131;246,55345,1;39,4637,0.942523;53,7426,0.989252;88,6659,0.919159;87,10097,0.928505
49,22177;245,55831,1;37,4738,0.951402;46,7510,0.991121;70,6299,0.905607;84,10117,0.938785
44,21920;250,56137,1;27,4433,0.948131;41,7433,0.990654;68,6194,0.909346;85,9492,0.942991
44,22119;246,55631,1;41,4615,0.950935;56,7706,0.980841;87,6361,0.920561;93,10068,0.945327
45,22082;225,55868,1;40,4320,0.934112;53,6887,0.985514;80,5935,0.903738;94,9625,0.939252
44,21901;220,55388,1;42,4175,0.920093;56,7102,0.990187;78,5830,0.892523;90,9976,0.934579
43,22110;268,56182,0.999533;37,4329,0.940654;51,6663,0.974299;82,6034,0.897664;82,9379,0.925234
43,22203;252,56146,0.999533;41,4770,0.957944;59,7633,0.974299;89,6408,0.886916;98,10564,0.920561
44,22127;252,56777,1;39,4354,0.920093;55,7309,0.989252;83,6217,0.914019;90,9872,0.928972
43,21900;231,55130,1;41,4585,0.942056;53,6994,0.989252;84,6165,0.921028;91,9768,0.934579
43,22069;223,55364,1;45,4632,0.961215;57,7244,0.984112;85,6122,0.920561;94,10103,0.933645
44,22035;225,55278,1;41,4156,0.954673;53,6628,0.985981;81,6152,0.919626;82,9508,0.935047
44,22226;226,56177,0.999533;45,4865,0.945794;59,8047,0.982243;92,6893,0.927103;92,10632,0.937383
46,22032;225,55802,1;38,4146,0.930841;51,6860,0.98271;79,6020,0.907477;85,9615,0.930841
47,22209;223,55124,0.999065;42,4703,0.940187;52,7214,0.98785;86,6522,0.933645;86,9728,0.93271
46,22185;221,54965,1;42,4385,0.941589;54,7287,0.993458;87,6418,0.878037;88,9975,0.932243
46,22111;221,54760,1;41,4404,0.943925;54,7001,0.986449;82,6346,0.920093;88,9844,0.943458
45,22137;226,56527,1;40,4636,0.940654;59,7529,0.983645;88,6434,0.919159;94,10615,0.95
43,21913;224,55672,0.999533;37,4219,0.938318;50,6553,0.983178;79,6093,0.921028;82,9537,0.932243
44,22069;225,56422,0.999065;41,4618,0.945794;57,7260,0.985514;87,6610,0.91215;95,10872,0.933178
44,22101;225,56884,1;40,4403,0.928037;54,7474,0.983178;84,6359,0.921028;93,10656,0.93271
45,22236;222,55804,0.999533;41,4500,0.948131;55,7227,0.986916;84,6500,0.923832;83,9806,0.930374
45,22166;220,55030,1;42,4640,0.945327;55,7236,0.986916;83,6445,0.918224;84,9944,0.939252
45,22174;225,55942,1;40,4751,0.95;55,7709,0.988785;83,6363,0.911682;89,10049,0.936916
45,22050;215,53531,1;39,4556,0.954673;54,7281,0.991589;84,6396,0.921028;86,9650,0.936449
46,22142;217,53780,0.999533;39,4119,0.933178;51,6868,0.986449;77,5874,0.913551;89,9781,0.934579
46,22067;220,54714,1;37,4307,0.938318;54,7095,0.986449;86,6248,0.907944;93,10065,0.93271
45,22237;178,54628,0.999533;41,4606,0.935514;56,7369,0.980841;88,6646,0.916822;79,10739,0.931776
46,22102;147,55868,1;28,4810,0.947664;37,7535,0.980374;58,6209,0.914019;61,9976,0.93271
43,22040;146,55282,1;26,3954,0.929907;34,6875,0.98972;54,5812,0.893458;58,9513,0.914953
44,22155;149,56656,1;43,4610,0.928037;53,7176,0.969626;93,6631,0.881308;89,10255,0.903738
44,22194;251,56773,1;39,4523,0.885514;55,7744,0.98972;84,6369,0.882243;95,10728,0.933645
43,22159;249,55953,1;45,4361,0.892523;51,7188,0.983645;83,6333,0.921028;85,9788,0.933645
44,21919;245,56177,1;37,4520,0.929907;48,6920,0.985514;77,5828,0.914953;83,9543,0.931308
44,21939;223,56611,1;39,4571,0.930374;33,6801,0.983178;58,6075,0.915421;57,9266,0.925234
47,21976;217,55069,1;27,4110,0.914486;52,6610,0.98271;79,5811,0.909813;87,9349,0.927103
47,22236;220,55888,1;39,4566,0.929439;55,7462,0.992991;91,6533,0.921028;91,10059,0.919159
46,21777;219,55395,1;39,4121,0.88785;49,6672,0.988318;77,5931,0.912617;79,9036,0.934579
46,21960;223,56169,1;42,4586,0.933645;51,6966,0.994393;79,5892,0.9;83,9328,0.932243
47,22227;221,55757,1;42,4583,0.943458;53,7260,0.985047;82,6320,0.883178;86,9811,0.929907
47,22047;226,56008,1;35,3972,0.928505;50,6664,0.981776;78,6017,0.914486;79,9214,0.941589
46,22036;222,55828,1;37,4168,0.949065;48,6967,0.986916;75,5849,0.90514;85,9752,0.942523
47,22172;239,56260,1;37,4175,0.921028;49,6708,0.991121;72,5792,0.931308;77,9177,0.942523
47,22253;250,55951,1;37,4572,0.918692;53,7272,0.981308;83,6458,0.901869;91,10604,0.920561
46,22041;256,56997,1;38,4313,0.936449;50,7059,0.987383;79,5995,0.921963;88,9917,0.933645
46,22162;251,56845,1;36,4400,0.943925;50,7097,0.981776;82,6388,0.91215;88,10353,0.928505
44,22074;251,57061,0.999065;39,4670,0.948598;51,7390,0.98785;78,6180,0.925234;82,9776,0.938785
47,22200;251,56853,0.999065;36,4338,0.94486;37,7237,0.984579;58,6196,0.93271;59,10090,0.945794
47,22088;250,56273,1;28,4346,0.926168;34,7136,0.986449;57,6432,0.92757;59,10128,0.94486
46,22228;249,56080,1;25,4224,0.907477;34,6880,0.983645;55,6176,0.923832;61,10563,0.942523
46,22115;254,56913,1;28,4284,0.947196;34,6695,0.986916;54,5992,0.925701;55,9465,0.933645
45,22122;246,55441,1;26,4097,0.937383;34,6815,0.985514;57,6306,0.913551;59,9925,0.930841
47,22220;251,56510,1;28,4223,0.93271;35,6972,0.987383;56,6088,0.911682;58,9843,0.935981
46,22060;236,56339,1;25,3933,0.936449;32,6487,0.985981;57,6155,0.92757;57,9565,0.935047
47,22165;250,56227,1;26,4263,0.940654;35,7219,0.983645;57,6071,0.91729;61,10257,0.927103
47,22189;251,56268,1;25,4479,0.939252;35,7156,0.98972;61,6534,0.914019;66,10728,0.928972
44,21966;257,57238,1;27,4472,0.92757;34,6783,0.97757;61,6376,0.911215;61,10184,0.931776
47,22112;258,58226,0.999065;26,4306,0.93785;36,7193,0.985981;58,6200,0.909346;61,10214,0.913551
47,22116;255,57237,1;27,4175,0.941589;33,6833,0.991121;57,6051,0.908879;58,9732,0.914953
47,22207;257,57685,1;29,4621,0.956075;36,7370,0.987383;62,6492,0.921028;59,9733,0.925234
47,22221;257,57878,1;29,4630,0.952336;36,7613,0.991121;62,6534,0.912617;65,10772,0.929439
47,22171;255,57251,1;30,4751,0.94486;37,7461,0.987383;61,6363,0.879907;65,10312,0.914019
48,22161;255,57466,1;30,4438,0.943458;36,7309,0.974766;59,6248,0.876636;63,10383,0.911682
48,22027;254,57345,1;36,4404,0.938318;51,7041,0.989252;83,6009,0.903271;95,10376,0.925234
48,22171;253,57119,1;32,4669,0.950935;35,7522,0.990187;65,6694,0.917757;65,10711,0.928972
48,21967;254,57646,1;27,4226,0.942056;33,6899,0.985514;55,5919,0.914019;61,10190,0.929907
44,22057;254,57450,1;24,4173,0.951402;34,6730,0.989252;54,5778,0.909813;59,9815,0.927103
44,22155;237,57017,1;29,4764,0.959346;35,7211,0.983645;59,6468,0.926168;61,10104,0.933178
44,22057;226,57251,0.999533;27,4176,0.921963;33,6950,0.979439;58,6128,0.915888;60,9774,0.928505
44,22001;228,58220,0.999065;28,4234,0.944393;52,6843,0.988318;81,5985,0.892991;88,9936,0.921028
57,22198;255,57777,1;37,4207,0.921028;53,7073,0.988785;88,6510,0.913551;96,10610,0.916822
44,22160;242,56921,1;40,4533,0.95;51,7239,0.98785;84,6158,0.921495;87,9741,0.921495
56,21738;248,57115,1;41,4446,0.935981;49,6651,0.983178;73,5532,0.894393;81,9137,0.906075
43,21839;226,57355,0.999533;36,3531,0.930374;30,6025,0.98271;51,5496,0.892056;54,8719,0.916355
43,21675;226,57442,1;23,4128,0.928037;31,6800,0.985514;56,5598,0.892523;57,9214,0.913084
48,22052;229,58435,1;40,4752,0.958411;49,7443,0.987383;87,6536,0.906542;86,9880,0.922897
47,22171;219,56204,1;37,4252,0.954206;49,7058,0.986916;73,6335,0.912617;61,10015,0.923364
46,22212;235,59137,0.999065;29,4542,0.953271;34,7570,0.98271;64,6459,0.914953;87,9973,0.923364
46,22181;225,57439,0.999065;36,4470,0.951402;50,7122,0.988318;78,6274,0.896262;80,9636,0.914486
47,22229;223,57724,1;41,4446,0.949065;51,6897,0.982243;84,6441,0.899533;90,10349,0.907944
47,22233;222,57338,1;40,4310,0.942056;49,7109,0.984112;86,6681,0.901869;92,11123,0.906542
47,22079;224,57553,1;37,4229,0.933178;48,6686,0.987383;91,6485,0.921963;95,10654,0.918224
47,22158;253,58098,1;37,4199,0.945794;49,6816,0.985981;79,5980,0.91215;87,9757,0.915421
55,22155;248,56823,1;37,4035,0.944393;47,6507,0.983178;78,5956,0.894393;85,9834,0.908411
47,22182;253,58264,1;41,4501,0.93271;50,6803,0.986449;92,6647,0.908411;90,10339,0.919159
47,22154;250,57913,0.999533;38,4340,0.936449;49,6931,0.984579;77,6146,0.909813;90,10210,0.920561
47,22074;255,58544,1;36,4160,0.918692;51,6884,0.980841;84,6047,0.915421;93,9718,0.921028
47,21904;252,58420,1;43,4311,0.951869;54,6861,0.981308;84,5943,0.909813;73,9334,0.923364
47,22130;252,57818,1;29,4342,0.919626;38,7282,0.984579;77,6569,0.91028;64,10086,0.918224
47,22080;253,58440,1;30,4628,0.938785;37,7351,0.986916;66,6381,0.913551;69,10974,0.925701
55,22204;251,57539,1;30,4493,0.94486;68,7211,0.98271;112,6445,0.91028;118,10339,0.915421
45,22125;246,56068,1;53,4413,0.935047;69,7202,0.990187;109,6438,0.901869;105,10121,0.917757
45,22070;251,57590,0.999065;35,4152,0.947664;52,6707,0.978037;81,6158,0.907477;89,10236,0.914019
46,22143;249,56723,1;29,4403,0.948598;34,6875,0.98785;66,6279,0.907009;66,9724,0.914953
46,22136;249,56985,0.999533;32,4639,0.929907;38,7309,0.98271;58,6020,0.902336;92,10168,0.915888
46,22185;229,56856,1;53,4802,0.94486;72,7754,0.987383;97,6408,0.898131;97,10417,0.918692
46,22223;227,57759,1;43,4617,0.933645;56,7276,0.988785;91,6439,0.913084;95,10323,0.923364
46,22064;248,56446,1;35,3997,0.938318;53,6923,0.98972;79,5766,0.91729;83,9496,0.924299
46,22124;248,56222,1;40,4392,0.939252;35,6977,0.985047;63,6330,0.909813;64,10084,0.921963
46,22141;254,58070,0.999533;27,4097,0.928972;34,6603,0.976168;60,6232,0.907477;62,10055,0.921028
47,22142;248,56478,1;28,4322,0.951402;34,6832,0.981776;58,6069,0.91028;62,10079,0.916355
47,22166;236,57245,1;28,4717,0.933645;36,7466,0.987383;61,6301,0.89486;68,10508,0.919159
47,22205;226,57420,0.999533;29,4605,0.947664;38,7516,0.990654;63,6379,0.90514;68,9957,0.915888
47,22047;225,56981,0.999533;36,3840,0.938785;49,6693,0.980374;73,5829,0.885047;80,9511,0.901402
47,22076;220,55617,1;37,4077,0.931776;51,6440,0.978972;81,5985,0.89486;86,9765,0.908411
47,22208;221,56079,0.999065;40,4465,0.928037;54,7251,0.981308;84,6370,0.885514;91,10604,0.902336
46,21963;227,57225,1;41,3974,0.919626;50,6740,0.983178;83,6226,0.881308;91,10315,0.907944
46,22030;226,57008,1;36,3918,0.923832;46,6421,0.983178;78,5901,0.904673;81,9416,0.913551
47,22234;216,55713,1;35,4409,0.952804;50,6982,0.98785;76,6235,0.899065;82,10106,0.912617
44,22114;174,55799,1;38,4021,0.942991;48,6487,0.990654;75,5953,0.904206;80,9645,0.915421
43,21627;149,56466,1;35,3866,0.935981;47,6186,0.983178;68,5263,0.88271;75,9063,0.906542
44,22173;149,57278,1;38,4313,0.942056;49,6790,0.987383;81,6335,0.881776;85,10324,0.908879
44,22086;146,55996,1;33,3933,0.916355;52,6684,0.983645;80,5926,0.907944;86,9594,0.915421
44,22103;145,55350,1;39,4598,0.953738;55,7160,0.986916;83,6092,0.907944;87,9579,0.909346
45,22153;145,55270,0.999533;38,4255,0.948131;54,6960,0.986449;78,5745,0.909813;87,9733,0.925234
44,22194;143,54694,0.999533;40,4109,0.964953;53,6750,0.988785;79,6227,0.907944;76,9528,0.916355
45,22194;182,55436,0.999533;35,4108,0.943925;48,7163,0.992056;76,6098,0.893925;82,10060,0.913084
45,22126;208,55087,1;36,4362,0.948598;49,7113,0.982243;79,6266,0.909813;82,10003,0.92243
44,22118;175,55192,0.999533;34,3902,0.953738;51,6536,0.982243;76,5888,0.914953;81,9466,0.922897
44,22209;229,56683,0.998131;36,4077,0.921963;47,7058,0.984112;77,6259,0.912617;85,10354,0.923364
44,22152;224,56709,0.998598;35,4329,0.933178;48,6959,0.989252;74,6020,0.911215;85,9767,0.923832
43,22023;244,58022,1;34,4036,0.943925;48,6588,0.984579;80,6203,0.910748;80,9582,0.919626
43,21843;244,57546,1;33,3985,0.913084;46,6594,0.981776;73,5789,0.910748;75,9119,0.923364
44,22142;230,57834,0.999065;38,4495,0.935981;51,7272,0.988318;84,6271,0.914019;89,10207,0.926636
48,22066;246,56970,1;36,4212,0.934579;49,6849,0.968692;80,6065,0.916355;83,9412,0.924766
44,22082;235,56798,1;37,4131,0.954206;48,6843,0.984579;81,5896,0.914486;88,9939,0.922897
47,21917;208,57091,1;34,3992,0.953738;32,6543,0.989252;49,5428,0.913551;52,8957,0.925234
47,22095;218,57341,0.999533;23,4125,0.955607;30,6499,0.985514;54,5932,0.919626;55,9254,0.929907
51,22138;230,55615,1;27,4330,0.939252;35,7374,0.987383;60,6482,0.907477;60,10211,0.92243
44,22153;222,55432,0.999065;28,4138,0.95;34,6661,0.986449;55,6026,0.914019;59,10053,0.935047
44,22241;236,55993,1;30,4543,0.95;37,7129,0.984112;58,6293,0.90514;63,10468,0.927103
47,22134;229,56659,0.999533;26,4343,0.96215;32,6366,0.978037;54,5888,0.890654;54,9076,0.916355
47,22163;236,57366,0.999533;28,4487,0.942056;33,7064,0.978972;57,6095,0.886916;59,9983,0.919159
47,22071;228,56413,1;26,4245,0.91729;34,6915,0.983645;82,6310,0.903738;83,9629,0.922897
47,22008;228,54779,1;37,4305,0.922897;48,7145,0.970561;79,6094,0.885981;81,9690,0.92757
47,22218;235,56141,1;37,4455,0.916355;45,7377,0.984112;57,6132,0.907009;64,10700,0.918224
47,22159;239,56298,1;25,4196,0.945327;53,7113,0.990187;81,5978,0.904206;86,9744,0.918692
47,22088;200,56684,1;36,4223,0.934579;48,6760,0.985981;72,5864,0.893458;81,9320,0.910748
47,22104;247,56807,1;35,4160,0.943458;52,6773,0.984579;80,6102,0.902804;84,9704,0.912617
47,22202;241,56175,1;35,4140,0.936449;50,6805,0.98785;85,6368,0.909346;81,10137,0.915421
47,22179;236,57363,1;41,4742,0.951402;52,7531,0.991589;63,6715,0.91028;63,10502,0.915888
46,22101;245,56866,1;30,4210,0.928972;49,6907,0.985981;75,5813,0.901869;84,9802,0.909346
47,22229;236,56142,1;35,4448,0.94486;49,7056,0.98972;80,6185,0.904673;93,10678,0.912617
47,22102;244,55086,0.999533;36,4138,0.928505;45,6663,0.980841;76,6046,0.896729;77,9456,0.913551
46,21932;247,56314,1;34,4247,0.939252;48,6635,0.98271;71,5789,0.906075;74,9120,0.917757
45,22154;167,55346,1;35,4293,0.939252;48,6692,0.97757;63,6114,0.898598;57,9683,0.906075
45,22041;181,55972,1;26,4271,0.945327;34,6664,0.985514;55,5944,0.903271;60,10007,0.91729
48,22178;149,56626,1;26,4264,0.950467;32,6600,0.988785;54,5927,0.910748;55,9465,0.916822
48,22182;147,56672,1;25,3952,0.935047;34,6838,0.990187;52,5875,0.898131;59,10048,0.917757
48,22155;147,56695,1;27,4502,0.93785;36,7309,0.98972;59,6301,0.896729;60,10112,0.928972
48,22206;200,57380,1;26,4602,0.94486;35,7155,0.983178;55,6010,0.907944;58,9644,0.925701
48,22180;216,57832,1;26,4230,0.923364;34,7089,0.981776;60,6328,0.914019;61,10261,0.921963
48,22113;254,57514,1;26,4357,0.941589;32,6649,0.985981;75,6153,0.921028;72,9594,0.93271
48,22217;248,57705,0.999533;28,4421,0.940654;33,6939,0.98785;57,6231,0.907009;61,10349,0.92243
47,21990;240,58530,1;24,4150,0.949533;31,6722,0.986916;76,5785,0.91028;86,9935,0.928037
44,22027;231,59098,1;35,4480,0.949065;51,7053,0.987383;83,6131,0.915888;83,9886,0.928972
44,22066;219,58469,1;36,4355,0.941589;49,6993,0.988785;78,5999,0.92757;82,9696,0.931776
44,21906;150,57477,1;32,3884,0.940654;46,6524,0.979439;65,5427,0.920561;72,9036,0.927103
44,22040;152,57818,1;33,4226,0.935981;55,7085,0.978505;79,5898,0.920093;72,9548,0.92757
43,22132;151,57131,1;26,4238,0.949065;34,7182,0.988318;53,5809,0.917757;55,9443,0.927103
47,22176;152,57973,1;28,4379,0.934112;37,7467,0.989252;59,6285,0.914953;78,10261,0.92243
46,22203;230,58304,0.999533;35,4688,0.93271;46,7327,0.976168;87,6415,0.90514;88,10651,0.923364
48,22149;248,58549,1;34,4224,0.928505;46,7098,0.990187;58,6162,0.889252;76,9914,0.909346
48,22050;252,58268,1;32,4230,0.946729;48,6942,0.98972;83,6196,0.908879;85,9882,0.916822
56,22047;231,58387,1;33,3987,0.942056;45,6754,0.983178;71,5822,0.904673;57,9683,0.916822
45,22177;228,57254,1;24,4284,0.952336;32,7026,0.98972;58,6366,0.914019;64,10864,0.920561
47,22122;262,56980,1;28,4471,0.95;34,6967,0.981776;58,6318,0.915421;60,10266,0.921028
47,22119;251,56979,1;30,4293,0.93785;48,7104,0.974766;54,6010,0.903738;58,10042,0.922897
46,21977;252,57424,0.999533;35,4172,0.938785;48,6507,0.983645;53,5894,0.914486;57,9938,0.92757
44,21960;252,57368,1;27,3962,0.943458;45,6529,0.97757;69,5640,0.912617;66,9063,0.926168
45,22057;247,55949,1;30,4139,0.937383;36,6491,0.979907;70,5906,0.907944;57,9338,0.921963
47,22172;247,56413,1;25,4331,0.944393;52,7056,0.98785;64,6392,0.898598;90,10633,0.91729
60,22155;224,56429,1;29,4000,0.929907;41,6579,0.98785;62,5849,0.889252;68,9848,0.919626
47,22022;260,56778,0.999533;34,4339,0.957009;34,6560,0.988785;60,6048,0.888318;72,9526,0.914019
53,22079;250,55898,1;26,4155,0.952336;33,6688,0.983645;58,6102,0.908879;59,9559,0.924299
44,22154;252,57037,1;25,4293,0.961215;31,6673,0.984112;74,6074,0.893458;73,9918,0.915421
44,22060;213,56084,1;29,4037,0.942991;34,6831,0.985981;57,5788,0.891589;79,9562,0.906075
43,21966;190,55619,1;28,3687,0.942523;37,5863,0.983178;52,5751,0.89486;53,9147,0.911682
44,22041;235,57567,1;35,4223,0.957009;36,6694,0.985981;70,5736,0.896729;67,9355,0.905607
42,21520;253,57523,1;22,3638,0.946729;27,5529,0.984579;48,5013,0.890187;54,8526,0.903738
44,22123;254,58010,1;28,4051,0.946729;31,6455,0.982243;53,5629,0.887383;63,9634,0.899065
44,22080;255,57969,1;31,4132,0.94486;38,6808,0.988318;55,5831,0.886449;61,10118,0.909813
44,22189;255,58113,1;26,4720,0.963084;34,7223,0.983178;62,6241,0.889252;62,10567,0.904673
44,22121;252,58571,1;24,4058,0.942523;32,6955,0.982243;55,5806,0.905607;55,9472,0.916355
44,22030;178,57890,1;26,4640,0.956075;34,7510,0.988318;68,6126,0.909813;64,10113,0.919159
44,22017;248,56317,1;28,4169,0.951869;49,6840,0.992991;75,5805,0.900467;81,9768,0.913551
43,21525;250,57215,1;32,3566,0.92757;29,6134,0.988785;54,5278,0.907009;50,8445,0.924766
44,22014;249,57071,1;32,4393,0.945794;42,7121,0.993458;63,5736,0.907477;55,9209,0.928037
44,22177;259,57605,1;31,4330,0.954673;36,7238,0.985981;73,6341,0.914019;66,10241,0.924299
44,22006;251,57410,1;32,4398,0.93271;33,7092,0.990187;59,5794,0.918692;57,9625,0.929907
43,21771;265,59149,1;27,4277,0.930841;33,6835,0.986916;65,5824,0.918224;53,8948,0.93271
44,22150;248,57636,1;28,4552,0.942056;46,7079,0.98785;71,6461,0.914486;65,10389,0.92243
44,21887;254,58017,0.999533;30,4120,0.948598;34,6888,0.98785;54,5800,0.910748;61,10133,0.924766
43,21243;240,56078,1;23,3568,0.951869;37,6068,0.987383;62,5192,0.917757;61,8139,0.923832
44,22000;249,56937,1;31,4127,0.940187;41,7011,0.987383;67,6084,0.918224;73,9894,0.924766
44,21957;239,58731,1;33,4269,0.941121;41,6975,0.980841;62,5748,0.900935;73,9909,0.911215
44,22056;251,58013,1;31,4292,0.941121;47,7311,0.980841;65,6090,0.911215;60,9735,0.916355
44,22032;249,57015,1;26,4269,0.952804;32,6625,0.986916;57,6055,0.90514;58,9817,0.915421
44,21924;240,57097,1;29,3806,0.935981;29,6397,0.986916;76,5696,0.902804;71,8694,0.918692
44,21984;235,56053,1;34,4142,0.942523;40,6201,0.979907;60,5941,0.901869;61,9556,0.919626
44,21895;248,56079,1;31,3759,0.94486;30,5856,0.981308;54,5943,0.901869;60,9488,0.914953
44,22120;251,56877,1;37,4030,0.944393;44,6377,0.986449;50,5574,0.892056;54,9326,0.916355
44,22085;240,57310,1;22,3574,0.942523;30,5907,0.980841;51,5775,0.88785;66,9636,0.914953
44,21994;246,57147,1;29,3919,0.928972;31,6332,0.98271;52,5720,0.892056;53,9141,0.906542
44,21644;251,57553,1;23,3790,0.93972;29,5917,0.983178;49,5454,0.906542;53,8950,0.918692
45,21837;250,56787,0.999065;24,3787,0.953271;31,6047,0.983645;51,5599,0.917757;51,8888,0.926636
51,21397;233,57486,0.999533;30,3804,0.934579;48,6395,0.98972;54,5854,0.921495;56,8944,0.926168
44,21366;256,58818,0.999533;21,3391,0.930374;29,5557,0.983178;47,5352,0.914953;47,8337,0.920561
45,21686;252,57671,1;22,3997,0.940187;32,6217,0.988785;51,5584,0.916355;55,9030,0.925701
44,21343;248,56596,1;35,4144,0.949065;40,6282,0.986449;74,5745,0.918224;77,8999,0.928505
44,21301;256,58399,1;28,3422,0.92757;44,5754,0.98972;52,5165,0.91729;45,8070,0.923832
53,22107;252,57670,1;23,4073,0.922897;34,6962,0.985047;57,6216,0.907944;61,10570,0.93271
46,21745;247,57762,1;24,3903,0.949533;30,6301,0.985514;45,5212,0.916355;70,8755,0.928037
45,21767;252,57468,1;33,4157,0.944393;33,6723,0.986449;51,5759,0.921028;52,9125,0.92757
45,21515;254,57904,1;30,4154,0.940654;45,6470,0.986449;67,5596,0.918692;71,8989,0.931308
49,21525;250,56807,1;29,3715,0.957944;41,5754,0.98271;67,5422,0.900935;71,8473,0.92757
45,21884;247,56611,1;32,3657,0.953738;41,5776,0.980374;69,5447,0.900935;74,8789,0.918692
44,21059;246,57644,1;33,3488,0.942523;42,5538,0.986916;60,4928,0.895794;55,7901,0.913084
59,19955;245,57271,1;32,3428,0.95;38,5127,0.988785;56,4653,0.898598;58,7253,0.91028
42,19993;244,56998,1;26,3595,0.943458;30,6012,0.988785;40,4546,0.911682;40,7065,0.925701
45,21664;244,56588,1;31,3581,0.93271;32,5963,0.986916;46,5128,0.892523;50,8722,0.92243
42,20630;251,58587,1;21,3248,0.930374;36,5044,0.969626;60,4862,0.891121;59,7594,0.924299
44,20764;243,57004,1;33,3977,0.928972;43,6253,0.984112;68,5193,0.901869;75,8329,0.934112
44,20827;217,56959,1;38,3936,0.916355;48,6261,0.984579;73,5567,0.905607;77,8825,0.930841
45,21590;213,56694,1;38,4152,0.933178;47,6596,0.985981;69,5337,0.914953;79,9412,0.927103
41,20159;249,56689,1;30,3477,0.947664;41,5189,0.985047;60,4812,0.914486;61,7384,0.928505
43,21252;248,57159,1;35,4010,0.926636;48,6416,0.979439;75,5765,0.911215;78,9428,0.929439
42,20727;238,56663,1;31,3619,0.933178;40,5651,0.984579;60,4725,0.913084;50,7765,0.938318
43,20860;248,57044,1;32,3717,0.942991;41,5793,0.983178;63,4919,0.916355;46,8125,0.930374
42,20586;249,56585,1;21,3433,0.935514;36,5205,0.981776;63,5023,0.913551;65,7722,0.92757
42,20739;257,57905,1;32,3707,0.950467;30,5558,0.984112;46,5023,0.894393;47,8185,0.928037
41,19915;248,57211,0.999065;28,3483,0.93271;29,5434,0.978505;43,4673,0.911682;43,7394,0.924299
38,18501;249,57156,0.999533;20,3266,0.916355;25,5049,0.967757;37,4117,0.899065;36,6378,0.920561
38,18839;259,59449,1;24,3444,0.945794;25,5063,0.969159;37,4178,0.884579;40,7035,0.924766
42,20741;252,57096,0.999533;24,3923,0.93271;32,6061,0.975234;47,5146,0.89486;48,8106,0.921028
37,18066;252,58263,1;23,2958,0.939252;24,4817,0.987383;37,4241,0.891121;37,6445,0.926168
42,20363;250,57638,0.996729;23,3604,0.953738;26,5605,0.985047;45,4938,0.911215;47,7883,0.936916
43,21403;247,56907,1;22,3661,0.951869;29,5937,0.981776;51,5361,0.901402;53,8710,0.925234
41,19960;253,58042,0.999533;20,3242,0.942056;25,5251,0.984579;45,4825,0.89486;45,7640,0.924766
40,19931;251,58295,1;23,3291,0.954673;26,5137,0.980841;45,4734,0.891589;48,8093,0.922897
39,19740;252,58145,1;22,3231,0.948598;26,5133,0.98271;45,4850,0.885981;46,7630,0.920561
40,19768;247,57434,0.999533;20,3157,0.946262;25,4877,0.981308;43,4392,0.880841;44,7169,0.913551
28,14262;253,58856,1;18,2226,0.930374;20,3399,0.981776;25,2870,0.87757;28,5017,0.91729
35,17533;255,59220,1;21,2297,0.932243;30,3841,0.978505;44,3321,0.885981;45,5186,0.921495
34,17044;252,58719,1;25,2423,0.93271;32,3950,0.986449;36,3017,0.880374;35,5773,0.920561
25,12681;252,59063,1;19,1920,0.935514;22,3086,0.985514;39,2811,0.878037;38,4589,0.924766
28,14103;249,58085,1;15,1362,0.942056;24,2593,0.985047;31,2392,0.892056;36,4094,0.914953
21,10415;247,57123,1;17,1097,0.934112;17,1842,0.987383;20,1593,0.888785;16,2857,0.914486
19,9803;250,57737,1;11,984,0.936916;11,1605,0.980374;9,1096,0.886449;12,2171,0.913084
16,8095;251,58625,1;12,902,0.928037;14,1552,0.983178;11,1299,0.895794;12,2172,0.916822
16,7999;249,58003,1;9,746,0.931776;9,1228,0.983645;11,1178,0.897196;15,2019,0.918692
13,6305;247,58163,1;10,551,0.928972;12,1046,0.984112;11,800,0.890187;24,1729,0.916822
10,5059;249,58401,1;13,465,0.929439;16,939,0.977103;7,567,0.892523;12,1294,0.920561
12,6089;252,58896,1;8,283,0.921963;10,540,0.983178;5,376,0.894393;6,718,0.919626
0,216;262,59648,1;3,35,0.921963;4,61,0.983178;0,46,0.89486;0,61,0.920093
0,214;253,58175,0.999065;1,11,0.921028;2,38,0.983178;0,41,0.89486;0,51,0.919626
