34,22791;127,53558,1;65,10561,0.962617;81,13669,0.988318;141,10462,0.978505;127,14325,0.998131
24,22022;127,52648,1;39,3935,0.963084;48,6351,0.992056;74,5553,0.966822;79,9101,0.978505
25,21993;128,53577,1;46,3841,0.94486;50,5962,0.983178;74,5564,0.941121;81,9360,0.955607
24,21814;128,53520,1;37,4106,0.950467;49,6319,0.984112;73,5403,0.925234;81,9078,0.945794
25,22087;206,52139,1;36,4200,0.949065;49,6721,0.990187;81,5679,0.915421;86,9402,0.936916
25,22141;210,53698,1;39,4263,0.950467;54,6637,0.985047;88,6309,0.907944;87,9668,0.929439
25,21854;206,53431,0.999533;44,4525,0.951869;53,7003,0.992056;80,5657,0.889252;85,9349,0.915888
25,21992;209,54118,0.999533;47,4219,0.956542;52,6480,0.989252;80,5739,0.896262;82,9173,0.919159
25,21979;211,54345,1;39,4373,0.921028;57,7147,0.983645;93,6242,0.900935;97,10208,0.921495
25,22143;209,54392,1;44,4453,0.925234;59,7280,0.978972;93,6431,0.900467;98,10498,0.916355
25,22174;210,54452,0.999533;42,4679,0.940654;59,7509,0.985514;89,6224,0.890654;96,10331,0.916355
25,22094;209,54618,1;47,4860,0.940187;56,7668,0.974766;99,6506,0.878972;102,10768,0.919626
24,21610;205,53733,1;33,4016,0.952804;48,6631,0.985047;78,5356,0.878505;85,9040,0.90514
25,22034;209,54879,1;48,4750,0.940654;57,7739,0.986449;98,6593,0.888785;107,10861,0.912617
25,22207;210,54726,1;29,4815,0.942523;35,7492,0.991589;102,6761,0.899065;114,11136,0.91215
25,22153;208,54860,0.999065;57,4865,0.934112;63,8019,0.985981;92,6041,0.879439;107,11014,0.911215
25,22213;205,54190,1;49,5187,0.942056;59,8302,0.987383;104,6734,0.86729;74,11456,0.908411
25,22243;228,55600,1;44,5169,0.942523;49,8284,0.985047;118,7015,0.881308;113,11272,0.921028
26,22229;228,55839,1;52,5655,0.930841;68,8892,0.985981;119,7172,0.879439;116,11872,0.926636
25,21469;228,55955,1;44,4801,0.936916;53,7427,0.981776;102,6593,0.904206;94,9914,0.924766
26,22177;199,54686,1;32,5261,0.953271;39,8373,0.985047;71,6761,0.916355;77,11922,0.93972
25,22219;130,56040,1;46,5193,0.936449;60,8446,0.983645;106,6931,0.91215;111,11587,0.935514
25,22152;130,55831,1;47,5319,0.948598;57,8337,0.98972;100,6541,0.899065;97,11146,0.932243
26,22164;134,56052,1;30,5104,0.916822;38,8174,0.981776;72,6859,0.902336;108,11097,0.924299
26,22196;228,56200,1;52,5467,0.943925;59,8582,0.981776;96,6880,0.891121;110,11345,0.921963
25,22161;228,56072,1;46,5068,0.958411;54,7738,0.976168;114,6447,0.898131;95,10927,0.926636
26,22280;229,56477,1;47,5338,0.930374;60,8659,0.985981;106,6749,0.9;111,11545,0.920093
26,22229;225,54444,1;56,5470,0.939252;67,8492,0.977103;128,7438,0.907009;133,12387,0.937383
25,22085;230,56344,1;43,4808,0.943458;59,8049,0.979439;100,6735,0.914019;99,10400,0.935981
28,22184;231,56699,1;44,5192,0.941589;36,8162,0.984579;71,6700,0.902804;73,10991,0.932243
28,21954;227,55440,0.999533;47,5073,0.935981;60,8328,0.986449;95,6330,0.914019;90,10617,0.93972
31,22026;226,55530,1;47,4997,0.934112;57,8137,0.985514;104,6646,0.904673;110,10718,0.929907
29,22250;226,55768,1;41,5997,0.939252;71,9327,0.981308;109,7557,0.905607;120,12333,0.94486
26,22136;130,56492,1;47,5463,0.942056;61,8606,0.981308;110,7024,0.923832;115,11853,0.945327
26,22130;230,56850,0.999533;50,5670,0.931776;49,9019,0.981308;110,7169,0.915888;119,12481,0.948131
26,22251;233,57286,0.999533;38,5619,0.925234;54,8940,0.985981;105,6765,0.924766;101,11652,0.947664
26,22179;222,56263,1;54,5882,0.942056;61,8949,0.982243;115,7361,0.926168;111,11747,0.947664
29,22166;211,55106,0.999533;45,5414,0.918692;61,8897,0.983178;119,7117,0.93271;113,11618,0.958411
28,21871;227,55757,1;32,5254,0.93271;40,7975,0.986449;103,6947,0.932243;79,10568,0.951402
28,22020;230,56856,1;47,5111,0.929439;61,8348,0.985981;109,7035,0.905607;115,11744,0.945327
29,22144;224,54981,0.999533;47,5824,0.936916;38,8825,0.980374;112,7087,0.927103;112,11654,0.949533
27,22092;226,55861,0.999533;48,5284,0.930841;50,8692,0.978505;99,7264,0.920561;78,12044,0.951402
28,22169;228,56016,1;31,5290,0.928505;39,8549,0.985514;75,7293,0.933178;89,11505,0.962617
28,22035;211,56284,0.999533;48,5416,0.937383;54,7905,0.973832;98,6747,0.913084;87,11241,0.940654
27,22097;229,56982,1;48,4959,0.925701;42,8266,0.978505;84,6964,0.934112;106,11040,0.954206
27,22140;233,56966,1;49,5888,0.949533;65,9218,0.989252;104,7282,0.913551;122,12308,0.950935
27,22247;225,55961,1;47,5579,0.919626;61,9157,0.984112;82,7588,0.920093;80,12210,0.95514
27,22131;230,57659,1;50,5603,0.932243;69,9027,0.98785;121,7312,0.906075;122,12280,0.946729
27,22179;229,56695,1;48,5378,0.940654;56,8366,0.987383;106,7396,0.928505;86,11398,0.946262
26,22074;228,57024,1;32,5429,0.930374;55,8741,0.978505;120,6823,0.925234;114,11616,0.945794
26,21660;213,56411,1;43,5499,0.942523;39,8265,0.985981;71,6464,0.930374;79,10580,0.95
27,22218;228,55853,1;49,5349,0.934579;59,8738,0.983178;99,6860,0.932243;106,12145,0.957477
26,21977;228,56446,1;48,5219,0.923832;58,8461,0.978037;103,6609,0.92243;108,11167,0.949533
27,22111;155,57519,0.999533;47,5545,0.928972;62,9031,0.978037;115,7266,0.928505;112,11805,0.954206
26,22114;129,56687,1;51,5397,0.943458;56,8291,0.980841;101,6762,0.903738;100,10808,0.929907
27,22267;131,57654,1;50,5562,0.921028;63,9186,0.98271;119,7649,0.916822;136,13828,0.951402
26,21850;129,56670,1;45,5287,0.923832;54,8108,0.983178;75,6698,0.914019;103,10753,0.946262
27,22144;129,56250,0.998131;39,5675,0.933645;57,8845,0.983178;112,7150,0.920561;115,11809,0.948598
26,21790;131,57635,1;48,5629,0.931776;59,8550,0.983178;102,6349,0.908411;111,11226,0.947664
27,22332;130,56815,1;52,6139,0.943925;66,9779,0.982243;129,8070,0.915421;136,13574,0.955607
27,22268;167,57793,1;43,5811,0.938785;64,9207,0.981308;112,7273,0.911215;121,12843,0.960748
27,22292;228,56341,1;49,5582,0.940187;61,8926,0.985514;116,7344,0.920561;117,11873,0.959813
26,22302;226,55395,1;47,5866,0.931776;57,9102,0.977103;113,7177,0.907944;123,12472,0.952804
26,22126;227,55991,1;43,5094,0.935981;57,8442,0.98271;69,6565,0.908879;98,11630,0.943458
26,22250;205,55765,1;49,5340,0.931776;61,8682,0.985047;93,7045,0.916822;98,11307,0.944393
26,22266;232,55329,1;54,5722,0.925234;64,9108,0.986916;110,7395,0.919626;121,12354,0.949533
26,21950;225,54667,1;46,5289,0.920561;54,8238,0.987383;114,7263,0.917757;115,11312,0.946262
26,22269;240,56049,0.999065;50,5653,0.943925;59,8530,0.980841;99,7319,0.900467;111,11891,0.934579
26,21928;217,55817,1;43,5204,0.921495;52,8061,0.98271;90,6569,0.920093;103,10788,0.942056
26,22302;129,56194,0.999533;48,5660,0.924766;62,8877,0.981308;112,7450,0.921495;120,12730,0.943458
31,22226;130,55291,0.999533;47,5635,0.945327;61,9156,0.98785;96,7279,0.935514;112,11738,0.949065
28,22037;129,55562,1;48,5644,0.942056;62,9037,0.97757;113,7582,0.9;116,12616,0.95514
27,21958;130,56327,0.999533;34,5155,0.921963;40,8362,0.983645;103,6768,0.888785;74,10679,0.950935
27,22247;206,55406,1;40,5383,0.941121;40,8572,0.98785;87,7106,0.901402;113,11580,0.956075
27,22277;228,56049,1;43,5858,0.934112;60,9074,0.987383;118,7629,0.89486;118,12062,0.951402
28,22303;228,55876,1;50,5770,0.925234;58,9256,0.985047;110,7171,0.928037;119,11986,0.949065
28,22282;229,56249,1;49,5559,0.941121;62,9018,0.977103;118,7432,0.911215;109,11799,0.94486
28,22259;226,55972,1;48,5610,0.942523;47,9052,0.986916;108,7191,0.919626;106,12344,0.945327
28,22188;226,55187,1;48,5646,0.943458;65,8837,0.980841;123,7810,0.919159;117,11969,0.945794
27,21955;157,57029,1;47,5378,0.927103;59,8531,0.981308;106,6989,0.903271;110,11199,0.958879
27,22126;204,55225,1;46,5384,0.937383;61,8889,0.974299;96,7172,0.915888;114,11824,0.951869
27,22249;210,55565,1;50,5766,0.934579;59,8585,0.982243;109,7368,0.896262;120,12582,0.948598
27,22129;206,54167,1;46,5517,0.926168;62,9114,0.981776;117,7416,0.907009;97,11875,0.947196
27,22227;210,54654,1;48,5615,0.934112;59,8707,0.982243;127,7473,0.907944;111,11788,0.957944
27,22342;192,54087,1;51,5754,0.949533;63,8978,0.994393;112,7416,0.928972;109,11445,0.960748
28,22128;210,53999,1;51,5494,0.93785;61,8613,0.992523;104,6764,0.925234;113,11631,0.959813
27,22115;223,54137,1;55,5332,0.917757;68,8737,0.985981;114,7335,0.93972;109,11152,0.958411
28,22248;223,53898,1;54,5703,0.935981;62,8761,0.991121;117,7144,0.942056;114,11027,0.970561
27,22317;208,54417,1;57,5777,0.956075;59,8614,0.981308;79,7491,0.924766;74,11798,0.958411
30,22334;177,54455,1;50,5378,0.946262;59,8352,0.978505;89,7278,0.920561;90,11349,0.959346
29,22059;128,54811,1;45,5246,0.953738;49,8416,0.987383;97,6662,0.920093;108,11098,0.954206
29,22321;223,54630,1;48,5430,0.947196;62,8795,0.98972;84,7006,0.939252;96,10912,0.949065
27,22103;210,54272,1;50,5526,0.941121;59,8358,0.98271;84,6620,0.958411;103,11097,0.966355
27,22248;207,53837,1;50,5585,0.957477;41,8641,0.988318;99,7476,0.937383;115,12037,0.966822
27,22317;215,53571,0.999533;46,5566,0.941121;65,8549,0.991121;94,7179,0.948598;107,11183,0.962617
27,22066;225,53788,1;45,4845,0.944393;64,7807,0.98972;98,6549,0.935981;95,9901,0.953738
27,22284;226,53853,0.999065;47,5109,0.961682;59,8058,0.992991;106,7237,0.938785;111,11533,0.958879
27,22261;224,53270,1;46,5059,0.957009;60,8061,0.979439;104,7192,0.954673;98,10611,0.962617
27,22003;275,52558,0.999065;44,5040,0.947664;58,7940,0.991589;101,6942,0.886449;100,10899,0.962617
27,22221;296,53574,1;44,4770,0.94486;61,8011,0.992056;94,6642,0.902336;97,10468,0.952804
26,22051;292,52109,1;51,4828,0.947664;65,7844,0.991121;86,6431,0.895794;98,10531,0.961215
27,22211;263,51696,1;50,5075,0.952336;60,7675,0.985981;98,6798,0.917757;106,10296,0.958411
27,22256;295,52687,1;47,5060,0.919159;64,8303,0.985047;91,6904,0.942991;101,10740,0.957944
26,21869;227,52545,1;47,5093,0.939252;56,7780,0.989252;85,6058,0.923364;94,10267,0.959346
27,22005;222,53355,1;46,5042,0.928505;60,7914,0.960748;93,6633,0.921028;91,10029,0.955607
27,22141;225,53911,1;55,5606,0.934579;60,8496,0.986449;95,6835,0.929439;97,10599,0.950935
27,22339;145,53779,1;50,5645,0.951402;51,8629,0.974299;111,7819,0.935981;112,12172,0.953271
27,22294;128,53826,1;48,5420,0.954673;58,8329,0.981308;95,6820,0.934579;101,11026,0.957944
27,22200;129,54216,1;55,5376,0.948131;58,7899,0.985047;103,7008,0.939252;101,10961,0.965421
27,22250;126,52752,1;48,5166,0.947196;61,8414,0.98785;90,6934,0.941589;105,11056,0.956075
27,22231;128,54147,1;48,5335,0.916822;63,8960,0.988785;113,7375,0.935047;107,11460,0.952804
27,22242;128,54737,1;48,5411,0.928037;56,8140,0.98972;108,7202,0.902804;103,11126,0.946262
27,22270;130,55387,1;45,5248,0.938318;57,8424,0.988318;117,6728,0.925701;104,10835,0.942056
27,21976;129,54856,1;46,5001,0.935981;55,7779,0.986449;99,6605,0.936449;105,10831,0.956542
27,22227;128,53790,1;46,5154,0.938318;60,8095,0.98972;104,7245,0.930841;111,11524,0.945794
27,22255;128,53590,1;47,5265,0.949533;43,8079,0.98972;69,7052,0.952804;90,10449,0.961215
27,22313;128,54171,1;47,5386,0.941589;60,8664,0.990187;101,7032,0.91215;112,11744,0.959813
27,22171;128,52829,1;46,4985,0.945327;57,7728,0.98972;103,6949,0.922897;101,10791,0.952804
27,22222;129,54234,1;46,5064,0.938785;58,8040,0.985981;96,6812,0.940187;97,10654,0.956542
27,22214;176,55025,1;53,5044,0.920561;59,7804,0.991121;100,6776,0.942523;98,10335,0.953738
27,22109;218,53609,1;50,4860,0.925234;58,8109,0.983178;90,6367,0.922897;90,10541,0.945327
27,22213;217,53429,1;48,5366,0.943458;58,8486,0.985514;105,7088,0.941589;105,11015,0.956542
27,22302;209,54635,1;46,5133,0.938785;60,8306,0.992056;106,7300,0.945327;101,10871,0.951402
27,22113;212,54374,1;48,5386,0.907009;61,8223,0.982243;104,7069,0.936916;105,10966,0.949065
27,22321;212,55089,1;58,5397,0.946262;61,8540,0.985514;105,7240,0.924766;108,11900,0.95
27,22285;228,54999,1;33,5524,0.942991;56,8709,0.992523;113,7505,0.93972;102,10821,0.949533
27,22298;223,54276,1;45,5056,0.930841;61,8280,0.991589;96,6950,0.945327;97,11419,0.949533
27,22225;212,54360,1;50,5290,0.956542;60,8097,0.987383;87,7067,0.939252;97,10597,0.95514
27,22321;209,54883,1;52,5369,0.943925;71,8401,0.990654;104,7260,0.92757;107,11594,0.957009
27,22265;207,54235,1;47,5245,0.948131;61,8132,0.984579;107,7058,0.946729;110,11424,0.954673
27,22251;210,55178,1;46,4962,0.962617;59,7704,0.98271;104,6960,0.938785;102,11571,0.949065
27,22073;206,53840,1;43,5144,0.93972;58,8141,0.991121;103,7083,0.921495;90,11292,0.954206
27,22036;214,56354,1;41,5410,0.93972;56,8728,0.987383;111,7256,0.941589;108,11288,0.953738
27,21919;217,56695,1;42,5146,0.953738;55,8003,0.984579;91,7031,0.943925;98,10345,0.961215
26,21926;209,54677,1;44,4622,0.958879;45,7447,0.988785;87,6235,0.948131;90,10205,0.964953
27,21907;210,55080,1;51,5365,0.959346;55,7745,0.981308;91,6391,0.942523;80,10139,0.954673
27,22125;130,55677,1;53,5493,0.948131;54,8209,0.985514;89,6997,0.943458;92,10893,0.959346
27,22322;131,56195,1;50,5539,0.947196;61,8684,0.991121;101,6994,0.935047;74,11603,0.952804
27,22066;128,54697,1;31,5165,0.937383;56,8275,0.988318;89,6388,0.940654;95,10688,0.956075
28,22112;130,55393,1;51,5145,0.938785;55,7745,0.990187;99,6946,0.924766;100,10478,0.956542
29,22319;129,55698,1;48,5591,0.953271;62,8420,0.988785;111,7440,0.928972;101,11005,0.951402
29,21898;130,55557,1;50,4790,0.921963;54,7273,0.983178;96,6479,0.936449;98,10402,0.945794
29,21970;130,55715,1;42,4788,0.945327;54,7632,0.988785;92,6224,0.919626;97,10548,0.940654
26,22307;130,55225,1;48,5259,0.949065;61,8445,0.990187;106,7005,0.945327;111,11368,0.954673
27,22195;129,54512,1;53,5373,0.947664;60,8350,0.990187;98,7068,0.951402;106,11931,0.961215
27,22301;134,54141,1;47,5284,0.94486;66,8956,0.992991;102,7354,0.953738;112,12477,0.959813
27,22090;210,54140,1;49,4992,0.936449;56,7962,0.988785;86,6441,0.947196;90,10355,0.962617
27,22221;209,53878,1;48,5054,0.936449;62,7752,0.980841;97,6762,0.947196;105,11452,0.965421
28,22299;208,53384,1;50,5468,0.957009;61,8457,0.990187;91,6939,0.949533;79,10925,0.957009
30,22213;214,55485,1;49,5122,0.943458;59,7926,0.991121;99,6795,0.953271;98,11686,0.961682
30,22247;212,55179,1;45,5347,0.926168;61,8470,0.988785;105,7092,0.942056;73,11686,0.957477
27,21986;209,54391,0.999533;46,5465,0.936449;46,8492,0.992056;69,6658,0.941589;71,11359,0.958411
27,22290;209,54110,1;44,5562,0.946729;45,8373,0.98785;89,7003,0.93271;105,11436,0.950935
27,22256;214,55603,1;49,5330,0.945327;37,8050,0.98785;72,7355,0.95;69,11274,0.958879
27,22265;211,54877,1;32,5330,0.958879;39,8043,0.985514;78,6607,0.923832;109,11079,0.949065
27,21855;210,54392,1;45,4962,0.948598;54,7996,0.993458;98,6421,0.942056;100,10485,0.953271
27,22228;211,54985,1;50,5464,0.958879;69,8221,0.991121;103,6866,0.93972;114,11633,0.952804
27,22270;214,55537,1;48,5524,0.950935;60,8485,0.986449;107,6995,0.908879;108,11534,0.944393
27,22102;228,55150,1;54,4986,0.925701;61,7727,0.98271;106,7323,0.931308;100,10912,0.943458
26,21687;229,55462,1;44,5276,0.943925;57,8177,0.985047;81,6620,0.942056;65,10563,0.957009
27,22213;227,55359,1;36,4832,0.946262;59,8147,0.98271;99,6738,0.935981;96,10886,0.952804
34,22235;224,54094,1;47,4953,0.945794;57,7911,0.986449;86,6504,0.931308;101,11209,0.94486
28,22258;225,54422,1;45,5507,0.953738;42,8294,0.990654;81,7133,0.917757;95,11599,0.93785
28,22292;225,54298,1;46,5081,0.933645;60,8413,0.985047;108,7152,0.923364;115,12297,0.949065
27,22241;227,54960,1;48,4985,0.937383;59,8170,0.992991;106,7056,0.940187;106,11371,0.954206
27,22201;224,53583,1;43,4865,0.944393;59,8028,0.994393;81,6721,0.946729;62,10303,0.952336
28,22333;227,54864,1;39,5041,0.943458;67,8358,0.990654;103,6925,0.911682;111,11699,0.941589
27,22291;231,55985,1;52,5317,0.945327;62,8371,0.990654;100,6955,0.924766;71,11601,0.943458
27,22258;227,55579,1;34,5197,0.946729;42,7929,0.983645;63,6533,0.929907;63,10467,0.95
27,21761;227,54883,1;41,4953,0.953738;52,7180,0.988785;89,6237,0.941121;90,9828,0.95
27,22276;214,55455,1;52,5323,0.942523;41,8296,0.991121;94,7507,0.948598;95,11800,0.958411
27,22139;210,54777,1;36,5126,0.946729;37,7921,0.982243;94,6548,0.945327;95,10211,0.957477
27,22101;212,56224,0.999533;55,5400,0.953738;62,8875,0.986449;108,7226,0.95;100,11062,0.957009
27,22320;206,54873,1;49,5416,0.938785;61,8463,0.985514;102,6881,0.940187;106,11168,0.94486
27,22022;208,55587,1;43,4913,0.955607;56,8096,0.992056;86,6604,0.949533;101,10518,0.95514
27,21783;209,55418,1;44,4579,0.946262;53,7417,0.988318;91,6452,0.945794;76,10608,0.955607
27,22324;210,56170,1;47,5731,0.957477;56,8457,0.985047;111,7532,0.951402;101,11531,0.95514
27,22203;211,56311,1;44,5266,0.960748;61,8236,0.987383;99,6636,0.920561;91,10539,0.950467
27,22086;212,57430,1;42,4680,0.949533;54,7127,0.989252;91,6351,0.921028;88,10791,0.947196
27,22104;181,54848,1;31,5220,0.942523;39,8390,0.990654;68,6894,0.934112;64,10399,0.944393
27,22088;129,55097,1;43,5281,0.94486;57,7861,0.989252;102,6903,0.928037;102,11338,0.956542
27,21987;129,54923,0.999065;44,4877,0.955607;37,7571,0.989252;96,6576,0.938318;82,9994,0.953738
28,22306;128,54499,1;41,5231,0.941121;63,8170,0.98271;82,6759,0.931308;105,11342,0.958879
27,22278;161,56119,1;43,4953,0.938318;58,7779,0.988318;102,6918,0.917757;99,10875,0.938318
27,21819;209,55530,1;40,4415,0.921028;54,7226,0.985047;93,6419,0.910748;79,9272,0.947196
28,22163;209,55407,1;43,4971,0.921028;57,8135,0.985047;93,6576,0.930841;102,11987,0.95
27,21920;132,55427,1;45,4916,0.928505;61,8128,0.98972;95,6418,0.925701;102,10975,0.942056
27,22151;129,56087,1;44,4776,0.925234;58,7944,0.990654;102,6650,0.928972;106,11501,0.944393
27,22326;134,57579,1;47,5259,0.942523;62,8453,0.983645;102,7238,0.941589;107,12146,0.948598
27,21933;132,56827,1;41,4741,0.948598;52,7351,0.984579;83,6145,0.93972;100,10501,0.951869
27,21840;133,56535,1;50,5066,0.935514;61,7742,0.990654;103,6635,0.942523;107,10126,0.948131
27,22040;131,55338,1;47,5027,0.952336;59,7722,0.983645;100,6487,0.94486;103,10763,0.949533
27,22194;154,55765,1;48,4901,0.961682;56,7758,0.990187;91,6841,0.932243;102,11042,0.93972
26,21620;211,55088,1;42,4781,0.936449;57,7410,0.968692;87,6252,0.938785;87,9937,0.952336
26,22208;168,56451,1;40,4761,0.937383;53,8025,0.984579;93,6678,0.944393;99,11048,0.954206
27,22181;155,56572,1;45,5482,0.948598;57,8245,0.982243;99,6879,0.930374;102,11193,0.94486
26,21882;206,55399,1;46,4976,0.952804;55,7397,0.98972;86,6408,0.939252;99,10643,0.943458
26,20646;204,56460,1;41,4460,0.952804;46,6140,0.983178;78,5433,0.932243;76,8373,0.947664
40,21509;211,55894,1;50,4986,0.95;55,7467,0.984112;87,6003,0.946729;94,10163,0.954206
27,22161;226,55224,1;44,4943,0.928972;55,7985,0.985981;103,7071,0.938318;99,10724,0.943925
27,21786;212,56081,1;44,4804,0.943925;57,7481,0.98785;87,6028,0.91729;93,10226,0.940654
26,20878;214,56534,1;39,4039,0.929907;47,6344,0.989252;76,5380,0.912617;75,8473,0.933178
26,20393;221,55459,1;42,4533,0.948131;47,6595,0.984579;84,5784,0.92243;79,8999,0.93972
27,21528;233,57150,1;42,4670,0.944393;52,7383,0.987383;91,6257,0.935514;81,9612,0.945794
28,21811;197,56285,1;46,4776,0.946729;53,7040,0.985981;89,6013,0.93271;95,10350,0.947664
28,21307;129,55783,1;42,4493,0.933645;50,6798,0.970561;84,5877,0.945327;82,9085,0.953271
28,21873;128,55398,1;42,4578,0.927103;45,7309,0.978037;79,5926,0.926636;97,10224,0.946729
28,21274;130,56138,1;38,4172,0.911682;52,7034,0.980841;83,5637,0.927103;87,9327,0.946262
27,21321;132,55806,1;38,4190,0.935047;49,6737,0.98785;83,5718,0.934112;71,8660,0.947664
23,19049;207,55063,1;40,3676,0.937383;45,5645,0.976168;57,4641,0.925701;47,7640,0.940187
27,21420;208,54707,1;39,4087,0.924766;51,6701,0.980841;87,5830,0.920093;73,8953,0.940654
25,19507;167,54957,1;35,3967,0.954673;42,5971,0.981308;78,5261,0.931776;75,8018,0.946729
23,18283;130,55945,1;34,3309,0.922897;41,5200,0.978972;60,4498,0.914953;64,6845,0.945794
27,21365;212,56143,1;40,4278,0.938785;48,6842,0.985981;82,5769,0.915888;67,9488,0.931308
26,20087;208,55350,1;48,4055,0.925234;44,5918,0.983178;72,4805,0.921495;80,8304,0.942056
23,17323;211,56250,1;34,3289,0.919159;40,5199,0.983178;67,4439,0.922897;66,7098,0.943925
26,19451;208,55087,1;36,3259,0.903738;46,5809,0.985047;66,4429,0.921495;68,7173,0.941121
26,19297;212,56631,1;32,3063,0.912617;27,4942,0.983645;47,3986,0.901869;66,7002,0.930374
18,13877;211,56576,1;28,2375,0.925701;30,3427,0.98972;34,2385,0.898131;41,4395,0.936449
18,14204;213,56362,1;38,2227,0.934579;38,3459,0.990654;49,2654,0.904673;58,4873,0.934579
10,8454;129,55925,1;22,1233,0.922897;27,1849,0.981776;26,1707,0.908411;15,2653,0.934579
13,10600;129,55879,1;24,1164,0.943458;23,1852,0.990187;27,1840,0.91028;29,3049,0.935981
15,11335;129,56301,1;21,1090,0.946262;20,1787,0.990654;21,1397,0.913551;25,2628,0.934112
4,3166;129,55857,1;8,175,0.947664;6,298,0.990654;3,248,0.914953;4,463,0.934112
1,629;195,56176,1;17,130,0.949065;6,158,0.991121;1,86,0.914953;1,202,0.935047
1,830;229,56908,1;10,102,0.95;11,207,0.990187;1,75,0.916355;2,240,0.935047
1,1029;230,56669,1;5,43,0.944393;9,192,0.991121;3,215,0.918692;2,288,0.935047
1,830;223,57344,1;13,92,0.951402;8,162,0.991589;2,148,0.919626;2,248,0.935047
