380,22791;969,61520,0.999533;267,12559,0.88972;374,17690,0.975701;417,13039,0.880374;472,18917,0.96215
363,22258;1171,60979,1;135,6350,0.934112;190,9344,0.977103;230,7796,0.858879;317,12706,0.928037
355,22002;1177,60667,1;143,6200,0.907009;198,9234,0.969159;241,8087,0.848131;312,12856,0.904206
357,22338;1197,62153,0.998131;148,6723,0.908411;226,10654,0.970561;268,8361,0.804673;363,13953,0.894393
362,22285;1208,62802,0.999065;142,6144,0.909346;221,10152,0.970093;268,8170,0.792991;353,13528,0.885981
370,22254;1211,62295,1;153,6536,0.908879;229,10385,0.954673;264,8668,0.786916;269,13934,0.899533
382,22080;1223,61785,0.999533;103,5905,0.907477;157,9650,0.957009;202,8300,0.821028;313,12613,0.89486
391,22280;1194,61387,1;148,6298,0.931308;201,9956,0.964953;181,7642,0.831308;244,12677,0.903738
383,22127;1219,61875,0.999533;98,5703,0.900467;154,9532,0.964486;164,6973,0.806542;226,11766,0.890654
395,22283;1204,59900,0.999533;148,6289,0.931776;216,9708,0.971028;197,7359,0.854206;240,12655,0.913084
390,22062;1188,60234,0.999065;103,5977,0.91215;153,9364,0.966355;169,7185,0.846262;226,11365,0.885981
387,22009;1185,61241,0.999533;112,5901,0.932243;177,9106,0.963084;174,7456,0.851402;237,12468,0.900467
408,22267;1149,61570,0.999065;109,6262,0.928972;174,10839,0.972897;192,8046,0.879439;240,12685,0.913551
424,22272;1136,61197,0.997664;107,6241,0.907477;166,10370,0.965888;176,7526,0.84486;244,12837,0.900467
407,22153;1130,62271,0.999533;102,5968,0.918224;163,10173,0.979439;174,7432,0.824299;278,12648,0.903271
403,22156;1075,60002,0.998598;127,6463,0.918224;206,10555,0.977103;193,7639,0.826636;324,12873,0.921495
409,22164;922,61136,0.999065;130,5849,0.918224;214,10072,0.973832;236,7537,0.828972;295,13449,0.938785
407,22205;1226,61456,1;145,6595,0.899065;232,10612,0.968224;258,8203,0.823832;332,12823,0.921963
413,22324;1198,60513,0.999065;154,6534,0.93271;221,10812,0.978505;254,7986,0.812617;349,13042,0.921963
416,22289;1181,60496,1;179,6871,0.92243;232,10430,0.969159;271,8078,0.848131;367,13255,0.933645
399,22137;1124,60351,0.998131;146,6012,0.909346;226,10121,0.969159;238,7488,0.869159;279,11491,0.924766
388,22179;1122,60722,0.999533;110,6129,0.920561;171,9675,0.97757;250,7927,0.892991;252,12574,0.921963
389,22173;1083,61096,1;102,5836,0.926636;158,9828,0.975234;186,7258,0.843925;313,12380,0.935981
395,22164;1220,59888,1;125,5552,0.92243;192,9197,0.981776;226,7333,0.868224;293,11694,0.930374
412,22209;1132,57944,1;129,5857,0.917757;196,9588,0.978972;215,7219,0.88972;293,11695,0.933645
402,22289;1196,60176,1;111,6199,0.926636;192,9864,0.971963;190,7776,0.898131;312,12764,0.931776
391,22039;1143,58681,0.999065;139,5806,0.916822;193,9399,0.978505;194,6721,0.892523;288,11533,0.933178
393,22075;1043,59202,1;138,5961,0.928505;193,8968,0.978972;225,7423,0.876168;292,11895,0.932243
389,21846;1183,59374,0.999065;134,5872,0.914019;161,8889,0.97757;148,6745,0.903271;208,11421,0.942523
390,21470;1101,59336,0.999065;131,5621,0.917757;184,8819,0.981308;146,6673,0.913551;177,9754,0.951869
390,21336;1174,59099,0.998598;102,5845,0.920561;157,8941,0.975701;206,6862,0.922897;265,10692,0.957944
399,21417;1078,57487,0.999533;131,5540,0.917757;184,8402,0.971495;145,6137,0.921495;208,10111,0.948131
383,20430;1198,60079,0.998598;106,4968,0.901869;130,7935,0.964486;125,5846,0.923832;181,9096,0.943925
378,20477;1180,58717,0.998131;120,5191,0.911682;163,7898,0.960748;129,5720,0.903738;170,9249,0.946729
377,19972;1201,60253,0.998598;95,5100,0.892991;127,7593,0.952804;133,5976,0.89486;169,8899,0.943925
363,19869;1167,57697,0.997664;111,4789,0.873832;141,8103,0.955607;127,5637,0.892991;169,8880,0.940187
360,19690;1182,58752,0.998598;87,4702,0.881308;129,7440,0.969626;128,5565,0.894393;166,8684,0.946729
306,17069;1195,58845,0.998598;71,3730,0.847196;104,5859,0.949533;114,4255,0.867757;155,5955,0.932243
279,16172;1196,59201,0.998598;109,4084,0.833645;137,5593,0.962617;125,4051,0.886916;160,6459,0.958411
235,13586;1110,60672,0.998598;62,3130,0.789252;83,4643,0.93785;83,3759,0.838318;111,5900,0.951402
181,10373;1247,63122,0.999065;50,2492,0.743925;77,4261,0.916355;65,2937,0.800935;90,4937,0.953271
87,4732;1217,61615,0.999065;28,1214,0.721028;58,2145,0.899065;44,1449,0.824299;52,2046,0.940654
41,2327;1235,62117,0.999065;30,778,0.720093;32,1069,0.901869;16,563,0.824766;23,954,0.937383
16,879;1170,62330,0.999065;16,293,0.726636;15,415,0.90514;8,252,0.831308;10,405,0.941589
