32,22791;307,57319,0.999065;97,12529,0.916822;123,17365,0.978972;313,12569,0.876168;277,18648,0.96215
33,23349;312,58399,1;86,10031,0.901869;110,14692,0.971963;280,10939,0.861215;263,16775,0.92243
32,23355;309,58074,0.998131;92,10390,0.904206;114,14741,0.970093;286,10954,0.866355;262,16733,0.936916
32,23282;308,56617,0.999533;91,9696,0.897196;109,13910,0.97243;283,11032,0.884112;248,15916,0.949533
29,23280;309,56197,1;95,9243,0.905607;112,13605,0.982243;239,9887,0.870561;221,14628,0.930841
29,23295;305,53656,0.999533;86,8877,0.93972;106,12318,0.97757;208,9153,0.833645;195,13828,0.933178
29,23282;314,55600,0.999533;89,8955,0.925234;106,12381,0.978505;214,9422,0.865421;198,14174,0.924299
30,23298;313,54466,0.999065;83,8639,0.940187;107,12001,0.98271;184,8859,0.885047;179,13446,0.917757
29,23286;313,54275,1;87,8493,0.943925;105,12066,0.98785;163,8648,0.935047;152,12268,0.943458
32,23254;312,53726,1;85,8246,0.944393;97,10950,0.98271;162,8419,0.933645;150,11984,0.931776
32,23223;312,53901,1;82,8362,0.932243;107,12035,0.986916;179,8870,0.93271;172,13014,0.95
32,23248;311,53746,0.999533;83,8224,0.947196;102,11590,0.988785;156,8103,0.937383;150,11813,0.954673
30,23121;312,54425,1;82,7928,0.900467;99,10959,0.976168;163,8130,0.880841;141,10999,0.957009
28,22207;312,55350,1;70,6502,0.808411;91,9777,0.927103;148,7416,0.885047;133,10294,0.948131
28,20698;308,55691,1;65,5851,0.724766;86,9514,0.930374;122,6129,0.823364;125,9628,0.918692
24,17551;309,56594,0.999533;48,4015,0.606075;66,6703,0.865888;98,5029,0.767757;98,7754,0.903738
17,12891;309,57899,1;43,3285,0.557944;54,5233,0.862617;78,3606,0.696262;72,5319,0.869159
9,7008;321,61096,0.999065;29,1729,0.521028;37,2763,0.827103;46,2108,0.676636;42,3280,0.886916
3,2568;321,61091,1;28,1108,0.528037;23,1373,0.833645;20,923,0.68972;14,1111,0.886916
1,882;315,60236,1;16,300,0.528505;22,594,0.836449;7,296,0.677103;4,356,0.884579
