15332,937765;15829,540480,0.998978;3923,107803,0.938321;4953,137772,0.983358;5937,105610,0.921168;6156,142326,0.982336
14218,940436;15885,537995,0.999781;2586,60450,0.935839;3269,84189,0.982263;3654,65425,0.895182;4319,96012,0.928613
14923,940652;15907,536099,0.999927;2937,64877,0.927299;3603,91503,0.982847;3766,67416,0.89927;4394,97344,0.932701
15195,940651;15922,542745,0.999854;3053,65426,0.924015;3710,92656,0.982336;3842,69089,0.911095;4441,99125,0.939854
15224,940552;15855,541639,0.999781;2956,65370,0.925766;3740,94063,0.984891;4008,69058,0.917153;4482,99149,0.94562
12519,940498;16066,536831,0.99927;3000,65453,0.931314;3714,94353,0.986058;3880,69444,0.925766;4416,98696,0.948029
12002,940735;15802,536045,0.999562;3054,65641,0.931533;3717,93519,0.980949;3907,69952,0.919708;4353,98592,0.944307
11911,940644;16060,538269,0.999927;3023,64962,0.927226;3701,94041,0.983066;3939,69077,0.917518;4502,97726,0.947445
11929,940499;15939,541047,0.999562;2913,65234,0.925474;3589,93017,0.981752;3834,68957,0.921825;4552,97598,0.953431
11903,940471;16204,542075,0.999489;3035,63457,0.907591;3742,92913,0.979489;3874,68768,0.924453;4431,96379,0.953139
11857,940389;15866,538208,0.999708;2972,63426,0.910073;3880,93188,0.98;3954,67713,0.921533;4567,96281,0.95146
11872,940306;15816,535509,0.998321;2976,61789,0.900073;3714,91113,0.982482;3832,67569,0.925912;4513,94294,0.951168
11887,940361;15998,533231,0.999854;2957,61752,0.909635;3717,89844,0.983212;3737,66521,0.924599;4268,93637,0.948978
12817,940326;15763,533198,0.999927;2935,60980,0.905693;3792,90745,0.983431;3894,66026,0.926642;4327,93679,0.952044
15010,940412;15953,533300,0.999562;2983,63396,0.921679;3654,90498,0.983139;3692,66557,0.924891;4397,93390,0.952044
14903,940376;15582,527294,0.999489;2998,61175,0.914599;3751,89295,0.984307;3692,64657,0.927956;4236,92346,0.952482
14954,940453;15872,533026,0.998394;2961,61820,0.916934;3721,88754,0.983869;3799,65022,0.934161;4194,91160,0.954964
14350,940407;15825,531486,0.999343;2968,61104,0.929416;3670,88494,0.987883;3662,64486,0.94073;4175,91097,0.957153
15048,940353;15530,524545,0.999051;3015,60169,0.922701;3629,86506,0.984015;3547,63716,0.934891;4091,90651,0.956277
14914,940378;15754,523215,0.999489;2873,60397,0.921606;3590,86977,0.985474;3567,62854,0.936131;3971,87756,0.951971
12637,940358;15511,525388,0.998978;2877,60023,0.916642;3518,85603,0.981168;3524,63958,0.943504;3986,89377,0.957299
11760,940216;15816,523965,0.998467;3006,59830,0.938832;3526,84997,0.988832;3388,62137,0.943431;3891,88290,0.955693
11794,940236;15550,523092,0.999124;2844,59478,0.935182;3574,85079,0.987737;3412,61858,0.937737;3985,86825,0.95146
14843,940327;15342,519481,0.999854;2870,59424,0.938832;3448,83973,0.988613;3330,61727,0.938102;3863,87341,0.951533
11859,940259;15675,518764,0.998321;2796,58238,0.940365;3559,82962,0.987737;3464,61553,0.936131;3969,88531,0.949197
14957,940177;15437,519665,0.998102;2842,57990,0.92146;3508,84569,0.988978;3397,61983,0.931095;4004,87758,0.949197
13157,940209;15794,523151,0.999051;2746,58220,0.928248;3364,82824,0.98781;3282,61635,0.934161;3881,88318,0.953796
11845,940321;15473,521582,0.999489;2873,58670,0.908905;3553,83770,0.990438;3563,62242,0.937664;3970,87380,0.952628
13355,940386;15302,516289,0.999416;2871,59913,0.926131;3533,85577,0.987956;3395,62027,0.923431;3951,87930,0.949124
14920,940360;15684,517833,0.999781;2973,59434,0.918905;3589,86449,0.984964;3464,61857,0.935328;4066,89534,0.952701
11776,940356;15378,516836,0.999708;2831,58857,0.918978;3459,83261,0.989416;3433,62082,0.93781;4038,88279,0.958248
11892,940413;15717,520938,0.999562;2894,58975,0.933066;3438,82741,0.979051;3355,61268,0.932628;3870,86564,0.946496
11749,940468;15366,516961,0.999562;2826,59263,0.936496;3580,83562,0.985401;3400,61878,0.935985;3971,88283,0.954015
11790,940541;15427,518308,0.999489;2927,60295,0.933942;3599,85418,0.987591;3487,62960,0.934088;3996,88102,0.957591
11791,940500;15576,517617,0.999708;2981,60453,0.942555;3565,84384,0.986934;3383,61319,0.939927;3867,88405,0.954599
11812,940398;15430,519331,0.99927;2856,59769,0.931898;3449,84196,0.988905;3352,61795,0.93635;3858,88227,0.953942
13885,940449;15643,517688,0.999124;3054,59852,0.936496;3512,85022,0.988175;3364,62778,0.944088;3839,87753,0.959051
11772,940514;15410,516984,0.999635;2816,59729,0.931095;3412,83573,0.989124;3312,61193,0.947664;3756,85750,0.961898
12879,940501;15450,516208,0.999927;2824,59893,0.932628;3760,85203,0.991533;3397,61874,0.952336;3880,87893,0.967007
13556,940447;15526,517185,0.999927;2866,60231,0.940657;3439,83735,0.983723;3324,61213,0.952774;3875,88101,0.963285
15180,940527;15471,520057,0.999562;2862,59977,0.931095;3712,84292,0.991971;3398,61408,0.947445;3842,87536,0.962044
14995,940380;15684,519383,0.999635;2988,58970,0.927226;3466,83453,0.99073;3323,61085,0.951606;3940,89230,0.963358
15057,940523;15583,523653,0.999635;2986,60419,0.926204;3612,85870,0.988905;3578,61775,0.944526;3922,88816,0.960803
15039,940412;15745,521739,0.99927;2909,60295,0.940146;3459,83889,0.989562;3309,61133,0.946715;3864,88473,0.967007
15066,940462;15475,521160,0.999489;2804,60278,0.931752;3435,84607,0.99;3413,61497,0.951971;3912,86717,0.96365
15284,940352;15348,517537,0.999781;2784,58901,0.922847;3448,83324,0.986496;3334,61015,0.941971;3801,86902,0.959416
15158,940458;15657,518087,0.99927;2867,60254,0.935912;3420,83699,0.98781;3299,60794,0.948175;4019,87625,0.960438
15084,940509;15454,519447,0.998321;2869,59840,0.941752;3561,85237,0.989343;3295,60851,0.951241;3832,87756,0.964307
14422,940378;15611,518441,0.999562;2796,58847,0.941752;3462,83825,0.990584;3275,60436,0.943504;3924,87028,0.964964
11841,940401;15407,518008,0.999854;3017,59506,0.941241;3425,82652,0.98927;3224,60445,0.941241;3711,85269,0.95438
11801,940281;15271,514606,0.999781;2871,58477,0.933358;3470,82213,0.988978;3273,60321,0.950584;3814,86904,0.959051
11861,940296;15557,514063,0.99927;2820,58264,0.942774;3477,80343,0.983285;3261,59598,0.948102;3792,86578,0.961971
14090,940305;15433,518425,1;2845,58709,0.932336;3467,82250,0.987226;3382,60511,0.943723;3807,86594,0.959489
15152,940303;15170,511609,0.999708;2751,57133,0.916058;3341,81509,0.990803;3323,60031,0.944964;3779,85600,0.962044
15227,940278;15713,518658,0.999635;2825,58486,0.942482;3477,81503,0.983869;3382,60117,0.941022;3822,85887,0.95438
15154,940251;15345,515255,0.999489;2816,57409,0.931533;3403,81211,0.988905;3264,59668,0.941533;3800,83869,0.961825
11821,940300;15714,521682,0.999708;2747,57129,0.920803;3422,81960,0.987737;3307,59950,0.937956;3868,85159,0.950365
13717,940340;15389,517591,0.999416;2898,58432,0.925912;3477,82452,0.989562;3252,60389,0.94146;3773,84721,0.955839
14911,940285;15431,519833,0.999854;2855,58776,0.935547;3363,81736,0.985912;3227,60065,0.940073;3759,84838,0.956496
14973,940332;15661,517774,1;2835,56601,0.918905;3353,80623,0.987445;3259,60143,0.941752;3756,85656,0.957153
11776,940227;15352,516405,0.999781;2889,57496,0.930511;3473,81697,0.989562;3267,60412,0.944234;3782,86161,0.958759
15438,940174;15347,516361,0.999927;2690,55994,0.915036;3466,80833,0.983139;3229,60016,0.945839;3739,84983,0.959051
15471,940238;15689,519460,0.999927;2710,57746,0.933869;3426,81686,0.981606;3193,60473,0.947956;3733,85845,0.961022
15379,940338;15387,516978,0.999562;2944,57587,0.919051;3506,82250,0.987153;3420,60318,0.946204;3831,86765,0.960803
15262,940311;15582,515749,0.999635;2801,58454,0.931095;3377,82250,0.981314;3432,61218,0.941971;3850,87160,0.95781
15132,940346;15222,512389,0.999854;2766,58494,0.920365;3410,82715,0.990511;3282,60271,0.948613;3875,85824,0.959562
15158,940365;15271,512122,0.999781;2880,57610,0.930949;3555,80875,0.985693;3239,59359,0.951898;3746,84676,0.959562
15160,940203;15494,511530,0.999416;2888,56907,0.932263;3466,79226,0.983066;3276,59286,0.948759;3750,84388,0.963139
15066,940291;15271,512306,0.999708;2898,56979,0.917445;3474,80941,0.985036;3332,60419,0.948832;3776,85446,0.95927
15122,940245;15339,516505,0.99927;2849,58206,0.94365;3360,79939,0.989562;3543,59654,0.945766;4441,85827,0.960365
15096,940229;15645,517311,0.999708;2836,57718,0.934234;3576,82933,0.987445;3224,59409,0.952263;3810,85435,0.963358
11745,940360;15377,517385,0.999416;2996,57486,0.926715;3526,81869,0.990365;3305,59449,0.951387;3816,84717,0.960146
11809,940317;15357,514672,0.999708;2967,58430,0.952555;3291,80750,0.990584;3271,60156,0.947445;3807,85303,0.962628
11706,940417;15565,515761,0.999927;2899,57696,0.931971;3497,82097,0.989927;3280,60098,0.946934;3837,85863,0.962482
11768,940233;15378,515670,0.999124;2776,57476,0.936131;3494,81529,0.986934;3211,59996,0.952117;3743,84708,0.96292
15056,940375;15479,512010,0.999635;2929,57546,0.93292;3497,82041,0.98854;3291,59612,0.950657;3790,85606,0.957956
15002,940457;15251,510517,0.999927;2807,57958,0.93562;3390,81304,0.990146;3288,60063,0.946569;3761,85460,0.958686
14946,940343;15294,514045,0.999708;2878,58688,0.941898;3467,82316,0.991241;3495,59106,0.951752;4375,85313,0.960292
14866,940314;15596,516498,0.998759;2961,57514,0.926204;3421,81197,0.986058;3229,59074,0.953577;3851,85675,0.958905
14984,940401;15371,516285,0.999854;2900,57948,0.939197;3519,82815,0.990219;3244,59069,0.947299;3855,86340,0.96219
15046,940430;15368,517273,0.999781;3041,58593,0.940146;3541,82097,0.991606;3122,58961,0.956569;3732,84506,0.964307
14981,940279;15514,513029,0.999708;2797,56836,0.940584;3453,81716,0.987956;3205,58971,0.954307;3768,85196,0.965036
15014,940287;15403,517904,0.999562;2936,56865,0.941752;3437,80988,0.989562;3179,58677,0.952482;3710,84955,0.962628
12188,940342;15373,515695,0.999781;2924,57373,0.927007;3540,81891,0.988759;3261,59329,0.954088;3807,86435,0.963796
11723,940279;15514,512943,0.999635;2811,55696,0.921898;3444,81193,0.987445;3221,58902,0.952263;3789,85499,0.961825
13873,940234;15310,513266,0.999635;2774,56463,0.929197;3442,80697,0.991168;3207,58834,0.949343;4286,85371,0.957518
14725,940263;15452,513771,0.999635;3192,56529,0.939489;3488,79878,0.986934;3314,59897,0.950219;3809,84897,0.958394
15477,940226;15257,510947,0.999051;2892,56608,0.933577;3559,80886,0.987664;3311,58985,0.952044;3778,83965,0.959854
15372,940220;15259,512944,0.999708;2821,55695,0.932117;3384,78599,0.98708;3123,58477,0.95;3626,83136,0.960876
14899,940239;15509,511582,0.997883;2749,55719,0.930365;3333,78909,0.98854;3237,59483,0.948321;3792,85152,0.956788
14911,940155;15226,510113,0.999781;2804,55796,0.931022;3277,78720,0.99;3088,58516,0.950876;3623,83720,0.96
14819,940207;15281,513269,0.999854;2801,56364,0.938102;3337,79470,0.98854;3119,58468,0.949708;3679,83571,0.961241
14897,940232;15517,511642,0.999635;2780,56260,0.942117;3392,78785,0.991387;3150,58150,0.949854;3685,83930,0.956788
14942,940174;15283,511718,0.999854;2975,55937,0.92854;3425,78990,0.989635;3192,59057,0.951679;3726,82824,0.961533
12797,940211;15286,512994,0.999854;3199,55462,0.937299;4022,78889,0.988321;3222,59175,0.954161;3749,83203,0.964161
14843,940309;15558,512400,1;2858,56719,0.938613;3457,79509,0.990949;3226,58348,0.956569;3764,83575,0.96365
13490,940221;15120,505652,0.99927;2868,55981,0.941241;3408,78100,0.992336;3191,57914,0.956496;3658,83810,0.962847
11276,940287;15226,511103,0.999927;2830,56347,0.949562;3375,77956,0.988759;3142,57951,0.944088;3696,84222,0.96
12866,940212;15554,511623,0.999854;2782,55743,0.923796;3390,78266,0.989197;3123,58334,0.958832;3627,82533,0.967153
11628,940276;15325,514405,0.999854;2805,56462,0.94635;3423,79969,0.991022;3115,57928,0.952117;3605,82604,0.964161
11601,940216;15423,513854,0.999927;2814,56282,0.945328;3253,78547,0.991168;3132,58075,0.954088;3659,83509,0.963066
11563,940319;15373,511861,0.999854;2770,56360,0.924015;3297,78700,0.986788;3159,59077,0.954161;3662,83397,0.960803
11645,940173;15325,514015,0.999781;2732,55661,0.942701;3825,79189,0.987883;3638,57986,0.953942;3827,83635,0.959051
11656,940344;15569,511573,0.999854;2829,55973,0.928029;3470,80217,0.991241;3196,58079,0.949635;3698,83011,0.961314
11613,940252;15295,513941,0.999708;2789,56130,0.934307;3355,78759,0.989416;3211,58414,0.952701;3816,84972,0.959489
12444,940172;15287,513522,0.999343;2752,55458,0.934891;3367,79130,0.989635;3203,58769,0.952701;3710,83849,0.961971
14948,940227;15412,509070,0.999635;2694,55466,0.932628;3288,78051,0.986277;3171,58379,0.952336;3609,83204,0.964234
14879,940027;15356,515181,0.999635;2783,55621,0.943358;3294,77495,0.989416;3130,57843,0.957153;3665,83275,0.965182
14927,940308;15395,517163,0.999927;2768,56257,0.942263;3370,78663,0.983942;3198,58278,0.953431;3648,83221,0.961825
11700,940129;15520,513151,1;2754,54522,0.921679;3392,77449,0.972993;3144,57690,0.955985;3703,82347,0.964453
11610,940172;15373,515312,0.999927;2704,55020,0.927518;3278,77146,0.989708;3297,57239,0.954599;4217,83688,0.962847
11630,940175;15550,512624,1;2986,56040,0.951314;3336,77161,0.960949;3217,58083,0.955693;3685,82792,0.96146
11598,940172;15188,510055,1;2815,55248,0.93438;3474,79587,0.984234;3173,57039,0.953869;3724,83360,0.961679
13470,940094;15295,513580,0.999781;2869,55411,0.933504;3418,78930,0.987445;3091,57932,0.951314;3655,83283,0.95927
12631,940060;15557,513987,0.999562;2731,54474,0.925474;3321,77624,0.990657;3140,57991,0.948978;3695,83453,0.960219
14745,940222;15204,508462,0.999635;2767,54913,0.919562;3201,77703,0.987372;3051,57969,0.94073;3580,82816,0.955328
11624,940226;15356,515780,0.999854;2683,55224,0.923285;3340,78792,0.991533;3138,57692,0.947299;3737,84328,0.959854
11535,940180;15607,515183,0.999927;2740,55154,0.924161;3399,79097,0.984307;3124,58131,0.951387;3593,82491,0.961241
11617,940156;15274,511960,0.999927;2722,55253,0.925474;3432,79053,0.989927;3175,58707,0.955036;3986,83711,0.962993
11624,940242;15474,513911,1;3208,56371,0.932774;3670,79347,0.99;3154,58422,0.96;3688,83230,0.96635
12765,940219;15377,512995,0.999927;2754,56029,0.929708;3400,79359,0.990511;3226,58304,0.953577;3756,84052,0.961971
14718,940233;15384,516312,0.999197;2861,56193,0.937518;3431,79803,0.987518;3222,57864,0.956204;3610,83626,0.96365
14849,940162;15543,511422,0.999708;2772,55415,0.940365;3314,78578,0.986058;3139,57876,0.955985;3619,82195,0.963577
14818,940270;15352,513617,0.999927;2863,56672,0.952263;3454,78665,0.984964;3103,57908,0.954526;3635,83225,0.96365
11666,940212;15135,507381,0.999854;2754,56256,0.928467;3351,79039,0.986058;3124,57608,0.953139;3648,83100,0.960949
14998,940281;15550,513246,0.999781;2729,55413,0.919635;3298,79073,0.984234;3182,58632,0.942701;3721,84012,0.956058
14716,940217;15369,516304,0.999562;2934,55539,0.920803;3348,79727,0.990073;3055,57943,0.953212;3651,83639,0.963577
14803,940129;15420,512159,0.998613;2992,56174,0.945328;3898,78191,0.99146;3483,58643,0.95708;3709,83447,0.962336
14726,940306;15351,512306,0.999562;2978,55789,0.925109;3571,80478,0.991168;3324,59113,0.947445;3785,84243,0.962993
11562,940157;15455,517293,0.999781;2889,55758,0.920219;3492,78869,0.989416;3247,58206,0.953723;3744,83903,0.959051
11547,940156;15541,512711,0.999635;2739,55981,0.930438;3424,79605,0.986204;3155,57296,0.954526;3693,83901,0.962847
11580,940276;15301,511540,0.999708;2934,56448,0.93635;3416,79490,0.991752;3184,58486,0.950438;3610,83178,0.963431
11524,940134;15144,508837,0.999051;2775,56145,0.93635;3358,79718,0.989416;3101,57613,0.948905;3643,84119,0.960438
11643,940279;15529,510848,0.999489;2762,56360,0.933504;3418,79073,0.986496;3123,57738,0.951387;3622,83118,0.959197
11662,940285;15307,514933,0.999343;2766,56044,0.916277;3324,79379,0.992993;3190,59286,0.952336;3693,84477,0.959489
11580,940309;15412,516640,0.999854;2774,55935,0.933869;3649,78375,0.990511;3644,58253,0.946934;3968,83498,0.958175
11629,940234;15524,514557,0.999781;2761,56109,0.935328;3360,78801,0.988613;3270,59254,0.95365;3788,83919,0.960146
11615,940180;15264,511916,0.998759;2702,54432,0.910584;3346,78900,0.984088;3144,58254,0.950657;3723,83666,0.959635
11608,940224;15609,514941,0.999635;2749,54828,0.931314;3258,79434,0.986496;3089,57521,0.948686;3751,84275,0.958394
11535,940107;15304,513984,0.999927;2778,54970,0.922774;3390,78104,0.986496;3164,58139,0.949927;3700,83456,0.95854
11680,940231;15266,511568,0.999051;2787,55796,0.937883;3276,78051,0.989051;3173,59197,0.946277;3623,83573,0.957153
12355,940181;15445,509980,0.999854;2688,55320,0.936569;3337,79204,0.988321;3176,58382,0.951533;3688,84280,0.96073
12768,940306;15297,510943,0.999854;2764,55207,0.950438;3318,77555,0.987518;3162,58236,0.944088;3598,82250,0.958759
11545,940229;15250,508901,0.999927;2715,54499,0.913577;3545,79722,0.98708;3377,58847,0.948978;4324,84289,0.95854
11597,940208;15437,509973,0.999927;3082,55300,0.931971;3413,77824,0.989927;3196,58104,0.947737;3724,83453,0.962044
11549,940199;15698,507804,0.999708;2892,55214,0.938102;3396,78418,0.989635;3221,58205,0.945912;3625,81996,0.958686
11507,940141;15742,510313,0.999489;2783,55188,0.936496;3311,76683,0.986423;3116,58542,0.948613;3604,82166,0.954088
11573,940185;15722,511882,0.999708;2815,55549,0.934818;3405,78822,0.987591;3184,58214,0.947591;3656,82854,0.958978
14845,940250;15950,509845,0.999635;2798,55770,0.939343;3317,77774,0.98781;3134,57868,0.953577;3604,82815,0.96
14693,940126;16190,506748,0.999854;2701,54662,0.925474;3326,77880,0.991752;3172,58646,0.94219;3599,82213,0.956277
13306,940195;15816,510991,0.999489;2680,55306,0.942409;3279,78496,0.988686;3072,57873,0.944672;3666,84045,0.95562
11694,940165;15698,508216,0.999927;2770,55132,0.937737;3337,78104,0.990438;3135,58145,0.95365;3593,81253,0.966569
11559,940003;15681,507130,0.999416;3202,53413,0.929051;3829,76034,0.990365;3218,57751,0.949562;3620,82068,0.96
11602,940178;15697,510569,0.999708;2795,55051,0.929635;3452,78574,0.989854;3219,58218,0.946642;3717,83049,0.957956
11590,940143;16289,509751,0.999854;2770,54713,0.938613;3402,77625,0.989489;3239,58195,0.941679;3595,81725,0.962847
11554,940247;16022,511841,0.999927;2628,53840,0.937007;3242,76804,0.98927;3056,57411,0.945328;3565,81703,0.95781
11604,940078;15674,507413,0.999708;2691,53928,0.929197;3266,76318,0.985474;3093,57718,0.941752;3502,81061,0.957956
11582,940135;15732,508378,0.999854;2870,54404,0.934891;3310,77867,0.990876;3095,58060,0.943358;3594,82656,0.960803
11561,940243;15658,508810,1;2794,55588,0.938613;3335,77724,0.990511;3115,58319,0.946496;3571,82195,0.958248
11619,940168;16316,514286,0.999781;2755,54316,0.928467;3362,78860,0.988686;3184,59072,0.95;3770,84053,0.962336
11583,940143;15986,508671,0.999708;2700,54563,0.933577;3570,77881,0.978613;3564,57694,0.947153;4010,81897,0.958759
11560,940183;15723,508032,0.999781;2754,54643,0.929489;3359,76898,0.984307;3157,57955,0.948686;3623,81582,0.958905
11533,940187;15632,507778,0.999708;2817,54417,0.94073;3478,77938,0.988613;3189,57649,0.949854;3676,81600,0.960365
11485,940221;15649,508141,0.999927;2846,55523,0.947007;3280,77757,0.987883;3128,58113,0.954891;3672,82071,0.963212
11520,940133;15906,509044,0.999781;2752,54539,0.931606;3261,77203,0.988832;3089,57570,0.950365;3647,81948,0.959562
11547,940059;16385,511663,0.999854;2653,53482,0.925036;3266,75632,0.987445;3101,57843,0.948613;3610,82051,0.960584
11575,940128;15802,512011,0.999635;2715,55285,0.945401;3308,76205,0.990876;3192,58194,0.948467;3608,80992,0.957445
11544,940144;15727,507694,0.999708;2818,55020,0.940073;3339,76468,0.988467;3205,58167,0.950073;3685,81535,0.957007
11581,940116;15765,510206,0.999708;2833,54153,0.934891;3376,76432,0.981825;3318,57408,0.94292;4333,82082,0.955474
11655,940136;15953,513013,0.999416;3161,55483,0.936861;3408,77837,0.988759;3315,58479,0.950073;3826,82380,0.957664
11650,940176;16177,508739,1;2851,54432,0.920584;3478,77316,0.985839;3219,57427,0.945985;3773,81624,0.959124
11592,940104;15741,506620,0.999197;2853,54406,0.931898;3514,78106,0.989051;3111,58397,0.950876;3679,81286,0.958832
11594,940220;15786,510371,0.999489;2781,54371,0.932993;3309,76528,0.990365;3163,57550,0.947153;3720,81560,0.959051
13144,940107;15611,507456,0.999708;2806,54298,0.934453;3223,76782,0.992336;3146,58324,0.951168;3558,80442,0.957153
12249,940090;15622,506979,0.999854;2693,54526,0.939343;3328,76581,0.990146;3088,56929,0.946131;3724,83048,0.957372
11565,940159;16113,506069,1;2629,53132,0.929343;3270,76372,0.988175;3182,58416,0.945766;3605,80429,0.954599
13336,940268;15965,507176,0.998686;2896,54757,0.932847;3335,76260,0.988978;3232,58371,0.944599;3832,80529,0.952409
11616,940110;15636,505541,0.999781;3217,53951,0.933066;3662,75825,0.987372;3193,57628,0.939562;3690,80902,0.952847
12626,940140;15646,505205,0.999489;2801,53783,0.947372;3410,76268,0.988905;3261,58159,0.939708;3752,81044,0.956423
12273,940223;15548,504456,0.999781;2866,54601,0.936861;3457,75615,0.991022;3272,57242,0.939635;3487,80743,0.951752
11615,940192;15667,501357,0.999781;2604,52755,0.919927;3269,75540,0.992993;3153,57822,0.942263;3643,80595,0.955693
12081,940066;16072,503223,0.999927;2638,52950,0.945182;3149,72815,0.99;3026,56850,0.943869;3539,79817,0.957372
11532,940009;15607,502053,0.999708;2653,53034,0.943066;3179,73377,0.985547;3057,57208,0.949927;3551,78164,0.95781
13081,940055;15670,505486,0.999708;2658,51788,0.92635;3153,72831,0.971387;3066,56404,0.945109;3469,78348,0.954672
12579,940054;15565,502949,0.999781;2644,52687,0.925839;3240,74308,0.988102;3130,57417,0.947445;3553,78918,0.956642
11893,939930;15497,502835,0.999562;2694,52316,0.94365;3532,73595,0.991241;3455,55814,0.94438;3869,77806,0.956934
11572,939827;15997,503414,0.999854;2645,51485,0.937737;3215,72831,0.981387;3005,55730,0.953212;3546,77353,0.962847
11504,939924;15869,499366,0.999562;2705,51337,0.935839;3266,72878,0.986131;3108,56582,0.947372;3644,78881,0.962701
11530,939920;15524,501291,0.999562;2744,51155,0.926277;3073,71385,0.986642;3074,56643,0.953358;3474,77880,0.958321
11526,939857;15658,505603,0.999562;2713,51976,0.929343;3203,71809,0.98781;3036,55224,0.952409;3503,76780,0.962409
14839,939811;14594,506418,0.999854;2573,50489,0.931752;3107,71162,0.984453;2979,55299,0.946934;3465,77332,0.953869
11536,939560;14570,501722,0.999927;2543,50429,0.926058;3104,70529,0.986788;2958,55136,0.933796;3490,76596,0.951168
11530,939207;14554,504173,0.999562;2621,48890,0.918467;3034,68666,0.977153;2866,53929,0.945036;3425,76196,0.952847
11560,939073;14650,504785,0.999781;2556,48926,0.93781;3016,69021,0.983796;2926,54493,0.939927;3391,75054,0.943358
12257,938929;14576,504130,0.999197;2835,47206,0.908029;3560,67935,0.980365;3137,53260,0.941752;3479,74785,0.952336
14679,938863;14675,506027,0.999854;2555,48055,0.927445;3021,67457,0.984015;2924,53791,0.941825;3494,75568,0.954234
11474,937144;14848,502818,0.999854;2760,48287,0.928978;3089,66910,0.983723;2857,52856,0.937591;3405,73478,0.947591
11516,937797;15088,503001,0.999854;2458,47107,0.941022;2750,66335,0.98;2816,53357,0.934088;3265,74316,0.949927
11990,936428;15022,502941,1;2380,47292,0.933504;2999,67224,0.972482;2787,52744,0.917883;3346,73690,0.951241
11533,935478;15190,506550,0.999781;2404,46692,0.929708;2822,67885,0.982701;2712,52080,0.931898;3269,73665,0.950365
11343,929703;15038,507090,0.999708;2316,45406,0.923577;2818,65692,0.974745;2660,50626,0.938102;3179,71808,0.947956
11355,931607;15046,508004,0.999635;2312,45885,0.930949;2767,65852,0.986934;2695,51347,0.937883;3149,72522,0.948394
11392,930227;15242,508123,1;2223,44253,0.925036;2782,63942,0.981606;2599,50266,0.934745;3110,71606,0.949343
11436,930212;15136,509334,0.999635;2212,44770,0.925766;2844,64408,0.985109;2964,50486,0.930584;3615,70911,0.946058
11280,920517;14697,509025,0.999343;2319,42314,0.914161;2564,61352,0.987226;2587,48400,0.931898;3114,69996,0.949854
11271,919384;15051,513001,1;2133,41479,0.922993;2563,59200,0.982482;2630,48936,0.923504;3157,69984,0.947226
11197,914785;14617,511459,0.999416;2015,38467,0.916569;2541,57447,0.98219;2495,46463,0.915182;3084,69501,0.94438
10850,892995;14866,514448,1;1687,33977,0.917518;2025,50773,0.981168;2193,43464,0.905766;2780,64403,0.936058
13409,880765;15109,517252,0.999416;1608,30565,0.90219;1994,46825,0.980803;2047,39783,0.897007;2584,60181,0.933942
10376,859345;14826,519873,0.999489;1530,27929,0.90146;1775,42184,0.97365;1853,35972,0.885912;2367,54404,0.927518
10034,828991;14944,521087,0.999927;1307,25715,0.896496;1641,39775,0.976569;1721,34138,0.879416;2123,50730,0.923942
9812,812930;15125,520474,1;1254,23412,0.894672;1554,37300,0.974307;1573,31407,0.868248;2029,47921,0.921971
9337,775575;14972,526065,0.999562;1168,21449,0.88365;1481,34955,0.974015;1491,29286,0.861241;1948,45336,0.925182
8827,721666;15045,527199,0.99927;1119,19901,0.887737;1455,32945,0.969854;1386,27042,0.859197;1835,42849,0.923869
9303,720810;15432,531233,0.999781;1006,17292,0.884818;1290,28865,0.973942;1266,23995,0.858613;1693,39261,0.922336
8838,568625;15186,533403,0.999708;837,12776,0.873796;1037,23031,0.973139;987,19114,0.865109;1250,29681,0.926277
9750,624736;15357,537482,0.999854;810,14093,0.898394;1145,25334,0.969124;1071,20350,0.863139;1452,33496,0.930876
6041,487869;15570,536280,0.999562;765,10806,0.904599;855,17569,0.965109;775,14515,0.861606;1039,23848,0.930657
5003,403828;15266,539141,0.999635;648,8021,0.901095;691,12905,0.963285;590,11315,0.857591;834,19342,0.93073
4652,378738;15474,541388,0.999854;573,7573,0.898321;750,12746,0.962847;628,10319,0.862701;885,17849,0.93438
5285,432821;15739,542018,0.999343;809,8365,0.898978;893,13878,0.958613;691,11199,0.859051;991,19662,0.935839
4853,391937;15403,542937,0.999854;687,7239,0.904891;814,12937,0.966496;607,10248,0.860803;789,18067,0.936642
3314,267011;15348,540372,0.999489;631,5298,0.910657;520,8459,0.966861;402,7391,0.86292;545,12484,0.935693
1949,157870;15918,547849,0.999781;410,3026,0.911971;366,4662,0.968248;207,3946,0.861095;267,6101,0.935036
1944,156584;15350,542607,0.997956;331,2667,0.909781;330,4478,0.967445;196,3712,0.863723;269,6249,0.935985
1401,113672;15420,540779,0.999854;352,1852,0.911606;263,2782,0.967299;160,2980,0.863358;204,4699,0.935109
784,63077;15830,545533,0.999416;294,1211,0.90854;268,2022,0.96708;99,1880,0.864161;123,2849,0.936277
1107,89197;15449,543828,0.999416;381,1971,0.910876;287,2832,0.967299;118,2214,0.860803;169,3826,0.936788
1294,104622;15601,547780,0.999635;289,1995,0.914307;294,2927,0.967372;103,1916,0.86146;166,3787,0.937445
455,36504;15747,543662,0.999854;205,438,0.913577;174,576,0.967007;37,723,0.861679;50,1189,0.937737
370,29775;15458,542702,0.999708;172,459,0.91365;156,683,0.967153;33,621,0.862336;45,1032,0.937737
318,25745;15548,544829,0.999489;193,509,0.913796;328,1014,0.967445;42,764,0.861387;60,1327,0.937664
318,25700;15720,544094,0.999416;179,443,0.914015;251,895,0.967445;42,727,0.861168;60,1286,0.937518
