1068,937765;671,174639,0.979562;663,123479,0.950365;746,146904,0.984526;830,125216,0.917372;827,131286,0.96438
1080,938899;686,176997,0.983358;502,61470,0.916788;542,81576,0.967007;531,64652,0.834745;558,72304,0.890657
1091,939155;694,179958,0.976788;533,65279,0.903066;609,87690,0.957664;591,70440,0.849343;626,76737,0.907153
1097,938730;685,178603,0.981898;586,67142,0.91781;602,88963,0.972263;662,72315,0.867299;645,80271,0.92146
1116,939047;698,182340,0.987445;575,68920,0.898832;622,92846,0.966569;627,74381,0.866861;662,82772,0.911095
1110,939418;714,183394,0.985109;597,70789,0.913139;673,94835,0.973431;677,74886,0.870949;691,83891,0.927591
1103,939377;694,182192,0.980438;672,73119,0.906715;673,95358,0.969635;736,77157,0.885985;696,84957,0.923358
1113,939398;699,183635,0.98;658,72060,0.894307;692,96960,0.95562;698,76906,0.87927;710,86531,0.939854
1102,939416;700,182808,0.984526;699,71553,0.90073;721,97272,0.956058;707,76795,0.889927;709,84800,0.939416
1119,939484;710,183288,0.984818;677,73851,0.892263;706,98936,0.96365;717,78037,0.883212;719,88537,0.932993
1113,939590;721,186617,0.984088;672,75227,0.892555;663,100506,0.960876;723,81845,0.878686;702,89694,0.924964
1104,939118;727,185143,0.981606;671,73598,0.894161;711,99254,0.965547;707,76755,0.87708;710,88028,0.937664
1111,939422;727,187036,0.98219;654,74159,0.892847;719,102225,0.962774;742,80065,0.877372;752,89331,0.933139
1113,939389;713,184622,0.976204;660,75446,0.90438;729,102444,0.971095;735,80127,0.886131;727,90871,0.938832
1100,939635;718,183196,0.983212;670,74350,0.909635;706,98381,0.964672;712,77528,0.887153;729,87172,0.939416
1103,939423;706,185009,0.977372;671,74718,0.909927;731,100918,0.959708;738,78330,0.884964;738,88756,0.931679
1098,939504;706,184051,0.972847;683,74175,0.904818;717,98757,0.966861;712,76930,0.867591;696,87190,0.928029
1102,939237;714,183127,0.988029;628,72400,0.903066;701,97893,0.964234;719,76564,0.875474;706,85904,0.933869
1101,939423;721,186263,0.980438;668,72775,0.89781;712,98955,0.96365;714,78254,0.870365;721,87509,0.937226
1106,939361;689,180775,0.978832;723,71912,0.908467;744,96713,0.965255;734,77143,0.896058;731,86615,0.944526
1096,939430;699,182015,0.985255;652,71944,0.895182;685,97621,0.963796;705,75485,0.869927;698,84702,0.933869
1101,939255;715,182547,0.977226;639,70770,0.914599;686,95796,0.969927;691,75073,0.889343;706,83996,0.944818
1097,939235;692,182771,0.982044;649,69861,0.908321;734,95133,0.967007;673,73212,0.873139;685,81510,0.934891
1102,939117;687,180732,0.988613;637,67661,0.906277;704,93184,0.964234;685,72458,0.896642;677,78938,0.933139
1098,939076;691,179581,0.979708;648,67221,0.894891;677,91953,0.961168;658,72060,0.900584;727,79146,0.922044
1100,939394;698,181635,0.980876;801,68143,0.908905;823,94307,0.964964;843,72923,0.898978;824,80233,0.945693
1103,939115;720,181460,0.974453;743,68644,0.904672;669,93611,0.965839;682,73208,0.876642;670,79368,0.94
1096,939103;733,182558,0.976788;656,66430,0.905547;723,91993,0.965693;696,72713,0.906569;702,78589,0.937956
1097,939317;700,180593,0.97781;671,66892,0.899124;706,92622,0.970657;689,71810,0.897518;685,79494,0.945109
1124,939217;726,178977,0.978832;692,68709,0.909489;720,91678,0.964088;677,69873,0.87927;684,78002,0.935474
1130,938999;745,180735,0.983358;639,66437,0.892409;675,91768,0.972409;666,70527,0.881606;641,76093,0.937664
1098,939096;715,181312,0.984672;670,66269,0.906423;681,92308,0.960438;631,69037,0.894453;641,77255,0.937518
1099,939310;694,180471,0.976642;633,66144,0.914453;677,92966,0.965839;640,69434,0.89562;637,77186,0.943066
1104,939182;714,181778,0.979854;614,65795,0.907153;648,91247,0.960584;584,69678,0.887153;589,76905,0.933139
1097,939206;677,179965,0.980584;569,65900,0.909489;620,90573,0.959708;602,70205,0.899562;609,76228,0.947153
1093,939258;688,181077,0.975912;563,66241,0.905401;608,90734,0.965109;612,70720,0.906131;565,76290,0.929781
1097,939100;683,179571,0.98292;536,66637,0.924234;601,92157,0.966131;558,69342,0.893869;400,75952,0.929197
1095,939107;683,181945,0.984672;391,65710,0.917956;408,90997,0.969197;399,68819,0.869635;417,75983,0.930803
1107,939224;701,181732,0.982044;418,66429,0.907445;428,90341,0.964672;413,69854,0.907153;415,76817,0.938832
1097,939125;695,180639,0.982628;388,65167,0.903066;416,90496,0.973723;402,69463,0.895182;404,75358,0.942044
1093,939304;696,180595,0.986131;404,65348,0.92;429,90396,0.966861;407,69333,0.917664;407,75159,0.940876
1103,939004;684,177093,0.98219;386,66181,0.924526;421,91608,0.971825;400,67714,0.902044;395,75569,0.931679
1099,939266;703,180733,0.989635;375,63799,0.901752;405,89817,0.974015;402,67919,0.898102;412,74278,0.94
1098,939194;705,180878,0.981898;411,65070,0.914599;424,89488,0.971825;412,68931,0.918832;391,74679,0.921752
1104,938962;693,178803,0.985401;386,64367,0.919854;435,88077,0.970657;407,67586,0.925693;409,74822,0.937518
1098,938917;692,180912,0.984818;390,62842,0.898978;424,88278,0.977518;381,66445,0.890511;385,73171,0.934599
1095,938499;685,178924,0.983212;389,64697,0.916788;450,88442,0.968905;442,68778,0.906131;429,74022,0.930511
1091,939226;682,178518,0.984672;419,64208,0.910365;467,89447,0.970365;404,67971,0.905401;389,73444,0.933577
1095,939124;696,177990,0.986423;398,64618,0.912847;418,89319,0.972117;396,68148,0.907153;396,73626,0.942336
1096,939194;710,179425,0.982774;400,64350,0.914307;413,89559,0.975036;385,65985,0.906277;396,73678,0.946715
1093,939071;691,179022,0.982628;382,61902,0.92146;426,87453,0.978686;412,67334,0.915766;407,72673,0.948905
1103,939218;690,177374,0.981314;409,64758,0.910657;434,90121,0.97781;406,67185,0.911241;415,75008,0.944088
1095,939176;694,176737,0.978978;413,64792,0.936058;406,89527,0.977956;388,66149,0.892555;401,73731,0.933431
1091,939115;774,178763,0.98438;390,64366,0.924234;416,88800,0.978686;393,67069,0.911387;444,74120,0.945109
1099,938972;547,179003,0.980146;590,63089,0.932117;610,86261,0.975474;415,66889,0.907445;406,71132,0.931533
1098,938802;492,178030,0.984088;386,62842,0.912263;413,86098,0.970365;407,67213,0.905547;399,70653,0.936058
1089,939157;866,177818,0.985255;451,63333,0.913139;432,87966,0.979416;389,66266,0.912847;389,72247,0.947299
1087,939308;749,179122,0.978394;388,65979,0.931095;407,87815,0.976204;398,67291,0.895912;411,73200,0.946423
1095,939107;754,176499,0.990803;398,64170,0.913285;422,87490,0.972263;412,67643,0.926569;396,71780,0.94365
1090,939264;474,176688,0.98292;397,63412,0.911533;431,89327,0.980438;409,66980,0.890219;417,73710,0.946569
1092,939053;501,178162,0.986569;408,64471,0.923066;421,89006,0.975766;405,68202,0.928029;391,71994,0.945255
1094,939313;474,177660,0.983942;408,64079,0.91635;435,88580,0.969343;409,66831,0.908613;402,73058,0.948759
1094,939147;463,177164,0.986423;403,62668,0.925255;417,87804,0.972847;394,66718,0.907737;400,73162,0.942336
1099,939059;467,175860,0.98073;400,63506,0.921314;428,86759,0.974891;399,65492,0.90146;409,71220,0.951533
1097,938914;471,177564,0.98438;406,62600,0.910219;424,87207,0.973577;390,65817,0.896058;394,71439,0.932701
1098,938690;465,177102,0.98365;394,63119,0.909635;405,85753,0.970511;382,65636,0.913139;389,71210,0.939562
1091,939148;478,179768,0.974453;391,63198,0.904818;435,84583,0.970219;423,65687,0.912993;431,71588,0.940292
1097,938997;472,177710,0.982044;425,63036,0.934015;615,86251,0.974891;596,66040,0.911533;600,70133,0.930219
1092,939171;466,177607,0.982044;621,62538,0.904818;636,87320,0.973577;560,65111,0.916934;567,71164,0.939562
1090,938949;461,177199,0.98365;553,60700,0.921022;616,86554,0.980146;574,65783,0.912117;557,69606,0.938686
1094,939059;464,175194,0.985547;606,62273,0.929197;627,86214,0.979854;564,65359,0.903358;570,70292,0.944672
1107,938771;481,177144,0.987445;580,62370,0.923358;597,85917,0.976204;550,66046,0.904088;546,69066,0.943504
1093,939029;473,174730,0.985839;577,62486,0.921168;613,85268,0.972409;564,65733,0.89854;564,70414,0.945109
1092,938757;467,178472,0.985693;584,61913,0.923066;619,84565,0.969197;557,64688,0.902482;569,70178,0.943504
1094,939201;472,177330,0.986423;595,62942,0.924526;641,87974,0.982336;579,67014,0.910219;565,70959,0.933285
1094,939003;485,179683,0.989635;608,63557,0.932555;646,85869,0.977956;565,65726,0.91854;570,71003,0.942628
1099,938744;464,177315,0.988613;584,61380,0.903796;629,85438,0.973285;577,65746,0.919124;587,70627,0.933285
1095,939090;476,177937,0.991387;570,63347,0.933139;609,86239,0.973139;579,65792,0.908175;614,70739,0.945693
1090,939208;457,176081,0.977956;638,62460,0.937226;640,84895,0.977518;551,64329,0.889343;570,70236,0.935474
1097,938964;460,176552,0.981898;578,61992,0.925985;613,83680,0.970657;531,63203,0.879416;549,68860,0.94365
1093,938946;468,176772,0.98365;558,61919,0.933723;608,84829,0.962044;576,67124,0.88438;590,70633,0.929781
1096,939101;466,175616,0.984088;568,62452,0.923212;614,85221,0.98;573,65504,0.900876;580,71007,0.932847
1102,939219;475,176692,0.982336;585,63589,0.936058;616,85124,0.978394;572,66888,0.893723;550,69842,0.930073
1090,939198;471,175418,0.987883;571,61829,0.920876;609,85414,0.972409;576,66536,0.914307;566,70502,0.935328
1095,938271;484,177586,0.986131;593,62055,0.917372;617,83939,0.970073;566,64017,0.904526;557,68586,0.924672
1092,939128;473,176866,0.98146;583,62403,0.931241;609,83646,0.977372;551,64494,0.911095;557,68759,0.927591
1100,938743;463,175458,0.98365;582,61196,0.926423;605,83061,0.974599;590,64469,0.910949;475,69657,0.928613
1103,938823;465,174093,0.984818;400,61915,0.927591;419,84066,0.97854;379,64598,0.919708;374,67447,0.928759
1096,939172;471,174579,0.984234;400,62582,0.929489;417,83977,0.97781;386,65622,0.912701;385,68622,0.924234
1105,938933;471,174334,0.989197;420,61646,0.938394;421,83013,0.981752;371,63811,0.908321;366,67358,0.930803
1093,939261;479,173895,0.984818;415,62554,0.929927;424,84583,0.979562;386,64719,0.918832;383,69146,0.935182
1095,938983;483,174854,0.989051;411,61388,0.91781;428,82562,0.976642;365,62312,0.901022;391,67750,0.942044
1102,938809;463,173117,0.989197;404,61017,0.94146;408,81606,0.982336;376,63603,0.897518;370,66896,0.941752
1092,939094;687,173869,0.988905;390,60880,0.933285;401,82040,0.974745;352,62832,0.900438;356,65860,0.939416
1097,939140;683,172756,0.986715;394,61870,0.931679;403,82765,0.98365;372,62002,0.905985;378,67772,0.941168
1110,939206;688,172789,0.987591;430,62791,0.945547;431,84428,0.979562;369,64039,0.895328;375,67778,0.922774
1098,939110;686,173387,0.986423;402,61303,0.931679;419,82768,0.978832;378,63435,0.894599;380,66534,0.910949
1092,938931;721,174593,0.984672;404,62666,0.945109;417,84306,0.975328;369,65327,0.914599;376,67747,0.931241
1090,939126;715,173477,0.988029;400,60352,0.930949;410,82770,0.983942;367,62848,0.910073;377,66821,0.926423
1093,939122;723,175529,0.991533;417,60880,0.932847;416,83420,0.973431;370,63262,0.914307;375,67671,0.932263
1090,939062;701,172908,0.985839;423,61697,0.928321;415,82194,0.973869;367,63145,0.915474;378,67459,0.944672
1095,939108;707,172477,0.986131;401,61704,0.928613;423,83254,0.976934;393,63241,0.912555;384,67505,0.943504
1090,939262;462,175044,0.979416;404,61317,0.935766;420,81857,0.987299;384,62806,0.898248;392,68210,0.942628
1094,938943;470,175072,0.978978;396,61066,0.921606;408,83409,0.979708;371,64136,0.930949;368,67420,0.94219
1099,938517;459,174223,0.989051;372,60055,0.941168;467,81439,0.970219;533,61473,0.914891;378,65524,0.937956
1093,938967;463,173811,0.98146;385,60601,0.93635;430,82801,0.974599;386,62768,0.901022;384,67813,0.932847
1091,939138;458,172299,0.989051;390,60859,0.936934;409,82722,0.977664;384,64036,0.925839;379,66987,0.932847
1092,939206;465,175219,0.986277;394,61533,0.942336;411,81745,0.979708;367,62996,0.910219;380,67807,0.946569
1091,939183;466,173850,0.983212;460,61279,0.933869;482,83393,0.979562;410,63011,0.898394;413,67685,0.937956
1092,939091;461,174552,0.978248;641,61595,0.924672;654,81886,0.98292;632,63667,0.918248;625,66868,0.938686
1091,939192;461,176269,0.987445;632,63210,0.929635;663,84432,0.986423;606,64462,0.928613;621,69415,0.944818
1097,939141;731,174547,0.987153;662,60497,0.931095;666,83102,0.969197;534,62643,0.913869;585,66343,0.93635
1091,939140;700,174331,0.985109;614,62129,0.934307;626,83727,0.98219;566,62877,0.894015;565,68534,0.948175
1088,939018;689,173572,0.98365;587,62075,0.935182;603,82645,0.978832;567,63155,0.888613;558,67308,0.926277
1092,938953;673,171584,0.986423;573,59393,0.921168;600,82047,0.976788;557,63286,0.895036;543,66922,0.933285
1105,939031;695,174657,0.994307;588,61848,0.94438;619,82906,0.98292;574,64293,0.916788;567,66660,0.910365
1089,939104;697,174146,0.98219;572,60777,0.930657;620,83040,0.974891;554,63880,0.907299;548,67368,0.925401
1089,939042;694,174957,0.991095;602,59837,0.934891;608,81566,0.979416;541,62985,0.903796;555,66613,0.927299
1099,938945;679,172028,0.981898;560,58926,0.924526;625,81062,0.966131;564,63566,0.909781;562,67458,0.939124
1095,939178;694,175149,0.983212;596,61434,0.926569;599,82351,0.969781;522,62138,0.904672;564,66934,0.934453
1096,938804;680,172279,0.986423;583,60683,0.935036;628,83460,0.984672;554,63452,0.902336;567,68452,0.938394
1105,939098;686,173586,0.983942;583,60517,0.93927;617,82414,0.972555;564,63387,0.906277;558,66110,0.936496
1089,938990;681,174211,0.988759;567,59180,0.922774;598,80448,0.964818;552,62045,0.907737;556,66156,0.927883
1095,939100;689,174850,0.994891;592,60101,0.923504;613,81536,0.984818;511,63319,0.914307;374,67118,0.939124
1086,939239;682,172634,0.985985;395,61642,0.938102;426,81367,0.988175;369,61087,0.883358;367,66217,0.936058
1093,939062;699,175200,0.993431;409,59952,0.946715;424,81280,0.975036;384,62294,0.904526;382,65697,0.942482
1088,939064;689,172727,0.989197;393,61136,0.937226;412,80682,0.969489;374,63021,0.912263;382,67137,0.927299
1092,938634;594,173665,0.989197;395,59630,0.923358;449,81468,0.984672;526,62032,0.898248;419,65560,0.922336
1092,939015;479,172876,0.984526;558,62191,0.94438;600,83163,0.977956;501,64704,0.911533;438,68661,0.934307
1091,939221;513,175089,0.984964;398,61810,0.942774;393,82280,0.986277;360,61775,0.888613;368,66733,0.93781
1091,938983;488,174528,0.983212;383,60203,0.941314;394,82179,0.979708;353,62223,0.917664;369,67104,0.932409
1094,938937;507,173355,0.98438;380,60223,0.915474;394,81636,0.962628;366,63850,0.914745;373,67165,0.940292
1091,939011;491,173587,0.989051;374,61398,0.929051;411,82146,0.981314;370,63545,0.914745;368,68660,0.932263
1091,939077;490,174197,0.986277;597,60793,0.942628;623,82359,0.970949;527,62539,0.892993;536,66697,0.939416
1098,938959;480,173448,0.977518;544,59513,0.936204;593,82100,0.982044;525,62908,0.916788;502,64865,0.93927
1093,939124;503,173914,0.984234;553,61819,0.928759;579,81425,0.973577;515,63946,0.910073;525,66639,0.91781
1093,938962;478,174384,0.992263;548,60248,0.924818;600,82946,0.976934;530,62739,0.893723;542,67115,0.933139
1099,939049;483,173445,0.983212;561,61499,0.936642;592,83268,0.977372;530,63510,0.906861;543,66350,0.934161
1090,938642;473,174023,0.981752;557,59808,0.930511;596,81543,0.973431;515,61641,0.906131;540,66480,0.928467
1096,939133;460,174720,0.992263;567,61542,0.924526;617,83768,0.97781;540,62952,0.882628;537,66306,0.934745
1124,939021;737,173473,0.985547;559,59990,0.94073;593,81996,0.980584;526,63018,0.881168;544,67269,0.924964
1093,939217;745,172217,0.986569;580,61308,0.952993;584,83153,0.986569;529,64230,0.904672;547,68065,0.931533
1088,939200;749,174952,0.989051;573,61513,0.936058;632,82261,0.975766;567,64555,0.911095;565,67462,0.948759
1095,939162;730,173751,0.989197;554,60861,0.933431;583,82265,0.978686;548,62456,0.903796;552,66676,0.93781
1089,939106;746,175831,0.984526;560,61820,0.944964;566,81834,0.97927;567,63695,0.89708;586,67570,0.943504
1094,939009;745,175075,0.990949;601,60102,0.911971;617,82273,0.980584;582,64283,0.911971;571,68128,0.93562
1095,939078;749,175293,0.980876;598,61286,0.936788;625,81516,0.971387;552,62726,0.911387;535,66865,0.946569
1086,939104;733,173822,0.984818;570,60068,0.927153;595,82207,0.972263;552,63814,0.909051;462,67835,0.935912
1086,939025;764,175106,0.980876;423,61652,0.921168;443,84278,0.983504;414,64508,0.923504;409,69582,0.94292
1088,939177;737,173120,0.983504;414,61171,0.940146;455,83670,0.977518;400,64493,0.910949;396,68594,0.941314
1094,939033;724,173282,0.988613;410,61780,0.929927;430,84524,0.98073;406,66440,0.915036;391,70308,0.951825
1088,939156;719,173414,0.988321;402,60597,0.923504;416,83702,0.980292;396,65113,0.923504;393,68627,0.947299
1093,938981;727,173933,0.98146;410,60867,0.942628;418,84267,0.979854;415,65605,0.922044;408,69517,0.942774
1085,939114;748,174773,0.989489;417,61266,0.935766;418,82684,0.977664;411,64641,0.921022;397,68209,0.932263
1090,939090;744,172884,0.981898;413,61465,0.927445;417,83639,0.976204;392,63931,0.90073;380,68924,0.941314
1088,939149;734,175752,0.987883;639,61245,0.936642;679,83182,0.971825;598,65089,0.896496;600,68828,0.92219
1110,938630;694,173892,0.983796;629,59981,0.924088;643,82249,0.974891;570,62646,0.918832;586,66856,0.935182
1089,939205;754,174577,0.984672;590,62118,0.941022;622,83320,0.980876;558,63782,0.910073;556,67950,0.928175
1094,939071;735,173008,0.984088;586,61490,0.944818;600,82667,0.971095;596,64429,0.924234;588,68428,0.948321
1095,939095;765,174642,0.990657;615,60934,0.920438;653,83100,0.980584;576,63939,0.916496;578,67016,0.934599
1090,938954;761,174642,0.984234;632,61270,0.940438;607,81273,0.982628;533,63266,0.893139;397,67615,0.944818
1093,938253;755,172186,0.978102;427,60216,0.934161;433,82306,0.984672;390,62582,0.891679;394,67223,0.938394
1094,939014;750,174342,0.987737;423,60912,0.935474;435,81922,0.982482;453,63472,0.897518;534,67822,0.939854
1092,939097;743,172069,0.987153;572,60082,0.945985;623,83163,0.979124;559,63912,0.912555;548,66507,0.933139
1089,939144;749,172257,0.990073;579,60605,0.933577;616,82840,0.972993;539,62400,0.890219;553,67442,0.929927
1089,939138;748,174230,0.986277;572,59699,0.930219;609,82578,0.981314;561,63559,0.923942;567,68100,0.931679
1094,938824;748,174071,0.988321;572,60489,0.927445;598,82216,0.975328;559,63594,0.909051;563,67851,0.921314
1096,939004;739,173615,0.98292;604,60367,0.930219;606,82489,0.981314;550,64441,0.93854;556,66898,0.928467
1093,938979;747,171301,0.990511;583,59136,0.926131;621,80999,0.983066;541,61395,0.909781;573,67317,0.949927
1095,938897;736,174297,0.986715;625,61413,0.943212;604,82388,0.978686;534,62474,0.907883;560,68591,0.945109
1096,938677;760,173773,0.983212;576,59805,0.947445;599,80576,0.977664;544,61476,0.891971;558,65281,0.948613
1093,938812;732,172196,0.98073;576,59682,0.952555;604,81835,0.975766;555,62626,0.910803;551,66657,0.944088
1103,939150;731,174474,0.991095;554,60579,0.948905;625,81904,0.978394;586,62412,0.88438;589,66135,0.935474
1084,939129;729,172858,0.987299;629,60530,0.94;608,82240,0.982628;540,63739,0.926861;526,65525,0.938102
1097,938794;724,172718,0.990365;567,60250,0.939416;606,81324,0.982044;538,60686,0.875474;549,66446,0.93927
1090,939274;735,172047,0.990949;574,60064,0.937664;596,81617,0.984088;550,63502,0.908467;558,66229,0.936496
1083,939162;737,171866,0.986861;583,59717,0.930657;629,81666,0.97927;546,61407,0.89708;555,65134,0.931241
1090,939138;764,173587,0.986131;570,59914,0.940292;630,82480,0.985547;557,63070,0.926423;543,65888,0.930949
1091,938974;721,171827,0.987007;589,59619,0.941898;622,79464,0.970803;552,61348,0.907299;557,65104,0.947299
1093,939073;730,170735,0.990073;569,58809,0.925401;596,79678,0.974307;527,60839,0.923066;540,64097,0.936934
1096,939032;681,171779,0.985693;607,60210,0.921606;619,80049,0.969927;524,60721,0.884526;533,63596,0.92219
1088,939000;748,173331,0.987445;570,59597,0.934599;604,81257,0.988321;536,61086,0.923066;540,64603,0.930657
1092,939061;767,172754,0.987737;589,60109,0.931387;617,80485,0.975912;523,60747,0.900438;530,64857,0.940438
1090,938828;724,171332,0.993285;572,59929,0.942336;584,79553,0.973139;543,61817,0.880146;557,64379,0.909051
1087,939221;739,173308,0.986861;629,60231,0.943358;629,81282,0.974453;566,62485,0.905839;577,66032,0.931825
1092,939076;736,170765,0.987299;607,60227,0.938978;638,81751,0.985547;412,62629,0.913139;372,65278,0.927153
1094,938832;766,173306,0.991825;400,59733,0.932263;412,79732,0.973869;381,61682,0.912409;380,66513,0.941314
1093,938961;788,174762,0.989051;392,59858,0.928175;427,80071,0.973285;374,61623,0.88;383,65842,0.935036
1146,939075;759,174169,0.983504;395,60519,0.945839;425,80522,0.983212;379,61344,0.888321;381,65511,0.922336
1098,939153;728,172865,0.986569;408,60328,0.947883;419,82527,0.986131;390,64617,0.916496;388,66755,0.936496
1088,939191;737,173900,0.992555;396,60048,0.953139;414,81285,0.98146;476,61842,0.900584;527,66119,0.931679
1096,939045;747,175104,0.989781;558,59232,0.943504;598,81618,0.980584;525,62317,0.915766;536,65898,0.943504
1091,938893;755,174714,0.993285;552,59311,0.934453;582,80187,0.971241;537,62487,0.911241;524,66157,0.939854
1089,938991;737,170435,0.984964;534,59637,0.94365;560,80173,0.972701;524,60590,0.902336;535,64395,0.934891
1092,938505;717,171864,0.988029;570,58037,0.92219;557,79307,0.988613;506,61290,0.928175;530,65128,0.93562
1087,939150;741,173869,0.992117;576,60778,0.936788;596,80824,0.974891;507,61114,0.88292;534,66847,0.929489
1093,938853;751,173233,0.988613;560,60499,0.921752;589,81955,0.976204;539,63360,0.916058;518,66464,0.945547
1095,939098;741,173763,0.984672;539,60438,0.94;563,82506,0.983942;517,63149,0.913139;516,66163,0.947153
1088,939070;738,172359,0.985693;534,58280,0.910803;567,79894,0.982774;516,61636,0.896788;546,63907,0.939854
1094,938905;726,172764,0.985255;529,59227,0.936642;590,79729,0.978394;509,62068,0.909051;536,65831,0.930365
1093,938896;757,174489,0.987153;574,60686,0.936058;584,81107,0.978978;535,62471,0.902044;556,66977,0.929489
1096,938541;744,174272,0.981168;575,59065,0.932847;604,81346,0.98146;510,61230,0.902044;504,64213,0.922044
1088,939143;751,172965,0.983212;555,59733,0.93708;587,81281,0.981168;534,61519,0.899124;525,65034,0.938248
1095,938822;746,173372,0.985547;537,58545,0.935182;600,79182,0.97927;517,61063,0.880146;532,64743,0.923066
1091,939159;728,173523,0.988175;614,60003,0.93562;670,81535,0.973869;561,62055,0.915036;552,65468,0.937226
1093,938799;746,174827,0.990073;538,58899,0.929927;569,80330,0.981022;514,62578,0.921022;527,65080,0.942774
1089,938926;743,173910,0.985839;558,59698,0.931533;557,80177,0.982482;508,60446,0.911679;532,65176,0.92438
1096,939125;732,173888,0.988321;562,58989,0.934453;603,80109,0.984818;522,61437,0.895766;527,65677,0.933723
1090,938854;724,172225,0.993285;561,58163,0.928905;580,79634,0.987299;535,61343,0.870657;511,64998,0.935912
1093,939031;736,173707,0.989635;575,59618,0.933869;573,80388,0.977226;499,62179,0.908029;519,64427,0.908175
1094,939011;746,171806,0.97854;577,58823,0.936496;595,80025,0.975912;548,60331,0.901314;572,64994,0.930073
1086,939070;725,171175,0.982336;561,58840,0.938978;623,79620,0.973577;535,60893,0.911387;546,65100,0.935474
1095,938977;782,173393,0.988613;580,59865,0.93562;596,80202,0.981752;536,61401,0.881752;535,64579,0.904818
1100,938915;772,170643,0.988467;555,57814,0.939708;592,78834,0.979854;523,61409,0.92365;520,63559,0.91854
1093,939128;774,171059,0.985839;565,58682,0.933139;605,80077,0.985839;518,60332,0.89854;528,63612,0.933139
1107,939006;791,173695,0.988905;588,59996,0.942336;588,78618,0.984088;553,62134,0.922044;562,65625,0.932117
1093,938867;777,171956,0.988175;577,58297,0.935182;594,77780,0.961168;521,59675,0.903942;527,63111,0.941898
1091,939086;727,171317,0.989343;571,58044,0.935766;596,78911,0.985839;512,59560,0.881168;531,63561,0.945547
1095,939111;758,172850,0.991679;584,58690,0.937956;591,79174,0.984818;536,60432,0.911533;538,64137,0.929051
1103,938975;758,170978,0.992993;564,58202,0.934161;606,78074,0.985839;538,60058,0.918248;550,63839,0.930219
1089,938839;740,169610,0.986131;615,58697,0.934161;608,76866,0.975766;526,59420,0.893431;547,61184,0.936934
1089,939062;727,169570,0.984234;580,57422,0.923796;590,77680,0.974453;525,61372,0.915328;546,63759,0.94219
1084,939168;739,171005,0.986861;592,60280,0.952409;613,80125,0.978102;507,59822,0.895766;539,64366,0.943066
1100,938854;736,170578,0.985839;554,58112,0.939854;586,78572,0.981022;508,59830,0.905839;556,63657,0.915912
1097,939128;729,172589,0.994015;626,59552,0.952409;633,79202,0.978394;552,61230,0.908467;555,63565,0.905547
1119,939158;724,170687,0.987299;589,59075,0.938832;608,79901,0.97927;524,59805,0.91927;520,63300,0.945255
1095,938818;723,171347,0.978248;558,58208,0.931387;579,78564,0.974307;490,60606,0.895328;500,63671,0.92365
1094,939087;731,171825,0.990365;524,59075,0.937518;562,78890,0.988467;502,60072,0.918978;495,64001,0.947299
1092,938553;731,170237,0.986423;523,57738,0.942628;533,77170,0.980584;495,60419,0.912993;494,62915,0.940876
1093,939056;726,171058,0.993139;526,58288,0.931095;557,80228,0.987445;489,60542,0.911825;510,64663,0.941898
1093,938818;736,172016,0.986861;546,58244,0.92438;554,78120,0.97635;498,60089,0.905839;499,63438,0.930949
1094,939027;730,172667,0.991533;536,58691,0.936642;560,78389,0.976642;508,61013,0.914307;502,64463,0.939416
1089,939114;744,172773,0.983504;547,59610,0.938248;549,79744,0.97781;508,61544,0.904088;519,63306,0.905839
1096,938819;722,173515,0.985401;584,58300,0.930949;615,79311,0.978248;589,61048,0.906131;530,64371,0.923796
1090,939057;703,172783,0.984088;510,59300,0.933285;543,79982,0.971095;494,61390,0.901022;508,66272,0.948905
1092,938786;684,171149,0.980292;529,58014,0.949635;563,79464,0.984672;501,61249,0.920876;511,63587,0.935766
1092,938953;680,172450,0.986423;557,58628,0.942628;608,78906,0.984672;521,61483,0.906423;499,65594,0.943942
1091,939058;683,174208,0.984818;514,58708,0.938248;566,79798,0.979854;524,62501,0.908175;527,65998,0.947883
1094,938982;698,173462,0.978978;578,58948,0.93781;605,79911,0.977664;534,62067,0.9;553,65739,0.936934
1097,938882;546,174377,0.990949;572,57759,0.923066;584,78664,0.975182;525,61385,0.90365;531,64284,0.931095
1089,939133;502,172481,0.986131;607,61053,0.939854;583,80140,0.976642;528,61642,0.900438;544,65471,0.927299
1086,939017;501,172388,0.983796;572,59964,0.938394;600,82192,0.979708;539,62967,0.909197;540,65060,0.922628
1086,939104;475,171135,0.981022;600,58780,0.937226;409,80118,0.972847;366,62334,0.913869;363,66947,0.944818
1096,938924;494,173306,0.988759;387,59551,0.939416;399,80218,0.988175;357,60791,0.899416;361,64127,0.932263
1095,939036;489,173733,0.982336;389,58304,0.933577;396,79518,0.970949;366,61994,0.910657;358,63181,0.910803
1090,939065;482,174570,0.983066;372,58982,0.926423;403,80280,0.983796;345,60253,0.908467;361,64343,0.914307
1090,939134;474,171910,0.990949;371,58855,0.943358;402,79429,0.981314;357,60984,0.89927;368,65654,0.931679
1089,939067;504,173758,0.98;396,58516,0.933431;386,78221,0.979854;349,60928,0.885985;351,64351,0.922628
1090,938998;515,171616,0.988759;373,58005,0.924234;379,79734,0.982774;351,62191,0.928759;356,64980,0.941314
1087,938671;692,172576,0.990803;374,57905,0.915182;403,78261,0.97854;368,60725,0.907153;368,64326,0.923796
1092,938912;677,172612,0.985547;396,58623,0.930365;416,80642,0.985547;381,62252,0.925693;381,65280,0.937956
1090,939026;681,172165,0.98146;376,58476,0.933723;393,79453,0.983942;357,61459,0.902774;365,64045,0.925255
1093,939007;706,172905,0.987883;383,58616,0.93708;398,79022,0.978978;358,61024,0.894161;362,64989,0.919854
1091,939146;710,172921,0.981314;388,59795,0.953723;391,80423,0.987883;358,61194,0.911533;363,65611,0.94
1090,939064;684,172058,0.988613;374,58317,0.936058;408,80018,0.987445;371,61756,0.920876;376,65453,0.93927
1087,939074;730,171517,0.98365;394,58483,0.939708;406,79936,0.984672;356,60721,0.91635;367,65103,0.93635
1087,938923;742,172356,0.987007;394,57727,0.938102;406,78940,0.981022;345,59291,0.864818;363,64126,0.930365
1097,938574;726,171397,0.97854;394,56527,0.918978;406,78593,0.974745;360,61608,0.904088;358,63183,0.935766
1093,939005;474,170369,0.982628;755,58836,0.933285;568,79427,0.98146;378,61048,0.907591;464,64303,0.924234
1094,939049;471,174037,0.988029;573,58776,0.940584;458,78902,0.977226;483,60192,0.891825;497,62765,0.918248
1096,938733;463,173742,0.991095;526,57758,0.928759;564,78671,0.981606;485,60389,0.908029;507,63946,0.926569
1091,938765;458,172758,0.986131;545,57990,0.93635;621,77840,0.973285;512,60652,0.927591;553,63728,0.942336
1087,939000;471,171705,0.994307;602,58834,0.94365;616,79253,0.98292;548,60463,0.924818;540,63499,0.931387
1087,939053;471,172587,0.989781;576,58837,0.945401;610,78820,0.972847;541,61132,0.881752;529,63774,0.94219
1095,938590;456,171033,0.992409;578,58165,0.941606;591,77970,0.983504;517,59584,0.893431;530,63432,0.928175
1089,939115;448,171292,0.989343;589,58991,0.949197;617,78953,0.972701;549,61360,0.892409;550,64785,0.931387
1089,938808;459,169657,0.982628;635,58376,0.944526;622,78581,0.979562;510,58702,0.87562;532,62692,0.926569
1094,938877;484,173990,0.985109;571,57721,0.938686;592,76666,0.973869;605,58874,0.891387;647,64238,0.941898
1093,939063;487,173291,0.986423;635,58420,0.936204;636,78822,0.98292;549,60621,0.913577;554,63852,0.941898
1100,938921;469,171911,0.988467;570,58123,0.948759;572,77826,0.979124;510,60403,0.915766;519,63882,0.93562
1101,938997;472,170100,0.984672;565,58691,0.927153;591,79325,0.989489;512,60092,0.872409;545,64890,0.936934
1088,938910;471,172734,0.991679;584,58563,0.937226;555,77057,0.972263;527,60500,0.872263;555,64105,0.924526
1088,938986;463,173163,0.983942;578,58625,0.928467;636,80511,0.984234;530,61029,0.918686;536,63587,0.933285
1092,939094;526,171899,0.985839;565,58435,0.936642;601,78194,0.971095;536,59966,0.89854;552,64380,0.932701
1089,939068;742,171924,0.987299;574,58656,0.932993;617,79175,0.985547;523,60002,0.901606;535,63031,0.920584
1089,939196;731,172765,0.983796;594,59239,0.931825;608,79387,0.982628;537,61383,0.90219;554,65144,0.938102
1090,939166;732,171558,0.987883;601,58791,0.947591;622,79675,0.976204;528,60271,0.916934;538,63701,0.930219
1085,939108;715,173304,0.976496;636,59250,0.941314;694,80104,0.979124;494,60080,0.896934;562,65941,0.937226
1088,938996;896,171565,0.991095;563,58416,0.932409;603,78235,0.978978;530,61932,0.90292;520,62845,0.919708
1093,938833;890,172797,0.988905;567,58547,0.934453;591,79123,0.986423;523,59871,0.936496;538,64503,0.93927
1094,939067;914,172854,0.987299;562,58494,0.950073;591,77981,0.98438;515,58849,0.90146;530,63490,0.914745
1091,938132;945,173052,0.985255;551,56596,0.928029;570,76088,0.98073;507,59727,0.897518;544,63250,0.942044
1086,939124;718,173401,0.982482;564,58689,0.928467;585,79874,0.980876;519,61550,0.921168;531,64382,0.931971
1093,938869;739,172004,0.988029;562,57868,0.925693;574,77127,0.975912;506,59689,0.904234;514,62790,0.93781
1091,939134;748,172107,0.982774;577,59239,0.945255;599,79853,0.983504;512,59372,0.901314;529,63730,0.917518
1088,938784;736,171184,0.992117;542,56609,0.930365;573,77245,0.976642;510,59658,0.893869;526,63390,0.933431
1093,938504;724,170942,0.991825;550,57736,0.947299;561,76236,0.977518;498,60570,0.910365;395,64305,0.930803
1092,938863;744,171421,0.988029;376,57040,0.938394;372,76828,0.971679;345,60660,0.913139;352,63286,0.935912
1089,939107;748,174185,0.990073;370,57408,0.930365;390,78865,0.979562;356,60960,0.906861;358,64169,0.931825
1091,938988;699,172330,0.988759;380,58592,0.949051;395,79207,0.98365;354,60319,0.894453;368,63061,0.919854
1089,938993;683,172388,0.986861;392,57306,0.944088;399,78601,0.982628;365,59756,0.918832;363,64523,0.938978
1089,938755;690,172433,0.992409;383,57831,0.941314;410,79248,0.981314;388,61805,0.921752;361,62247,0.922628
1087,938768;698,173343,0.988175;393,58646,0.91927;412,79194,0.97927;343,59866,0.886715;367,64828,0.936058
1088,938889;692,172995,0.980292;399,58270,0.938686;406,78111,0.976204;354,59808,0.891825;364,64077,0.933431
1089,938958;697,173894,0.987737;376,57428,0.928759;398,78019,0.980292;356,59848,0.901314;364,63330,0.927591
1088,939096;695,172412,0.992555;383,59382,0.940438;394,78751,0.980292;367,60779,0.903358;371,65620,0.929635
1089,938908;674,171323,0.988321;409,58058,0.952409;414,78546,0.98219;390,60383,0.910657;390,61542,0.912409
1090,938921;698,173417,0.981752;429,57110,0.908759;462,77808,0.978978;397,60806,0.895474;386,63636,0.944818
1092,938879;670,171917,0.98292;375,57744,0.932847;386,77899,0.969197;341,59373,0.898832;347,62415,0.932847
1092,938767;453,172460,0.982774;384,58714,0.93781;398,78592,0.980438;355,60698,0.909489;361,64723,0.926423
1087,939054;474,173771,0.987007;376,58271,0.946423;402,78302,0.983504;348,60466,0.919124;355,63208,0.929927
1088,938997;454,170415,0.983358;362,56512,0.933285;398,76349,0.975474;401,59877,0.923212;397,62472,0.938394
1091,938740;461,171192,0.984964;423,57513,0.930219;438,77113,0.98073;376,58905,0.887299;381,62514,0.931679
1105,938537;463,170437,0.986423;435,57661,0.932409;435,77554,0.974161;397,59419,0.877518;397,62710,0.937664
1090,938901;469,171552,0.989489;419,57212,0.942044;387,77161,0.971095;344,58924,0.880584;363,62133,0.930511
1105,939069;551,170164,0.989927;400,58841,0.936058;394,78242,0.984526;354,59834,0.887737;357,63398,0.929051
1088,938836;721,174435,0.987591;388,57490,0.94;411,78688,0.987883;361,60439,0.894453;371,63171,0.935328
1092,939129;744,171426,0.988029;387,57620,0.938978;408,79184,0.986715;351,58629,0.883358;360,63128,0.940584
1093,938733;748,170471,0.989051;381,57544,0.94146;399,77111,0.980584;343,59437,0.904818;357,62267,0.945985
1086,939119;737,170865,0.984964;382,57618,0.933577;385,77614,0.988613;349,59394,0.898978;356,63360,0.938102
1099,938964;743,170352,0.990803;384,58017,0.94438;400,78256,0.980584;403,60141,0.891095;538,64445,0.938832
1117,938666;782,170822,0.989197;571,57871,0.942044;575,76892,0.974891;495,57565,0.905693;512,62243,0.92073
1093,938940;779,171049,0.980438;547,57002,0.931387;566,77940,0.980438;495,59114,0.873285;528,62645,0.926277
1094,939142;654,170996,0.990511;543,58599,0.941898;680,79146,0.987445;527,59285,0.911241;533,62406,0.925401
1104,938768;832,170854,0.984526;572,57587,0.932117;599,77751,0.986861;507,59247,0.898686;541,63189,0.935912
1091,938950;779,170840,0.989489;560,57902,0.945985;571,78440,0.983504;497,59896,0.884672;525,62009,0.923796
1094,938983;756,172139,0.992117;593,58027,0.938394;582,78294,0.984964;520,61002,0.902044;526,63838,0.941752
1103,939176;727,169014,0.991241;536,56498,0.920584;573,78316,0.984088;497,58926,0.888759;511,61796,0.912847
1088,939148;725,169191,0.983796;579,58731,0.942774;582,78448,0.977956;511,59901,0.911387;524,63330,0.914745
1091,938930;737,170652,0.990073;550,57552,0.942044;584,77605,0.974307;498,59072,0.902336;519,62921,0.931825
1090,939002;736,169673,0.985985;559,57465,0.927737;577,77708,0.97854;489,58781,0.915036;524,61379,0.933431
1089,938997;729,169881,0.98146;556,57211,0.933139;570,77487,0.980438;488,58631,0.902482;512,62408,0.930511
1100,939028;693,168813,0.986569;560,57415,0.939708;571,77407,0.974891;504,58712,0.887737;489,62222,0.934453
1095,938841;802,170424,0.986861;683,56947,0.937664;599,77459,0.983212;515,58872,0.896204;531,62541,0.919708
1093,939169;742,170406,0.988467;582,58850,0.950219;614,79159,0.987299;531,61313,0.908759;520,63939,0.946131
1089,939060;741,171350,0.98146;546,57517,0.937518;556,79193,0.98365;463,58411,0.883942;478,61842,0.931971
1087,938884;742,171966,0.991241;511,57986,0.932847;562,78156,0.988467;487,59568,0.902044;509,62140,0.927007
1097,938146;729,169511,0.981898;523,56232,0.934891;551,76539,0.990219;472,58577,0.903796;510,61492,0.936204
1099,938913;725,168826,0.987299;559,57140,0.933431;601,78008,0.985693;470,58958,0.897956;489,62788,0.950073
1093,938872;741,171702,0.981898;517,57342,0.946569;532,76335,0.982044;487,59662,0.90292;517,62229,0.937372
1092,938733;731,168506,0.990657;542,56256,0.936934;552,76680,0.982774;471,57466,0.875036;509,61604,0.932409
1089,939097;732,170698,0.980876;616,57323,0.94219;711,77591,0.975912;546,59881,0.901022;562,62327,0.907445
1089,939078;820,169792,0.983796;588,57530,0.930219;543,77768,0.983504;466,58286,0.87562;490,62667,0.916058
1096,939098;744,170507,0.986131;543,58675,0.933431;554,78835,0.98;496,60420,0.909927;514,64039,0.923212
1093,938791;756,171228,0.981314;526,58302,0.94292;525,76770,0.977226;483,59290,0.890365;491,62679,0.925693
1086,938958;739,169998,0.983358;541,56408,0.914015;533,75841,0.977664;483,59031,0.897518;505,62818,0.909343
1087,939040;750,171208,0.985547;519,58328,0.930803;583,77612,0.989635;509,59197,0.906861;499,62093,0.920292
1087,939003;723,170190,0.987737;570,58514,0.929197;548,77842,0.974307;492,59238,0.903942;509,62387,0.93781
1088,938907;593,170667,0.986715;539,58066,0.929489;566,78149,0.981022;482,57985,0.890949;506,63206,0.930511
1082,939092;591,170438,0.989051;523,57439,0.939562;562,76375,0.964234;487,57566,0.882336;566,62597,0.929927
1095,939009;529,171436,0.988321;505,57773,0.940876;539,78304,0.97635;462,59866,0.918832;469,61825,0.933869
1091,939028;611,172128,0.992409;510,57357,0.951095;585,77821,0.983504;524,60064,0.910511;525,61740,0.927153
1090,938820;698,168920,0.987299;580,56449,0.947445;611,77170,0.978978;511,57442,0.908759;513,60759,0.937226
1088,938900;900,170948,0.985401;588,57781,0.932409;567,77935,0.98365;473,58616,0.887883;493,61867,0.923504
1104,938890;766,169798,0.984526;498,57060,0.924234;569,77579,0.977226;492,59347,0.899562;473,61576,0.934891
1095,938121;768,169659,0.989927;520,56893,0.935912;528,76301,0.982044;487,58368,0.89562;501,61620,0.918978
1094,938751;760,169572,0.985109;522,57379,0.934015;541,77705,0.979708;478,60930,0.892993;506,63539,0.937664
1090,939111;775,170588,0.985255;537,58138,0.944088;562,77263,0.972263;478,59814,0.870365;489,62480,0.926569
1098,938926;729,169870,0.988905;523,55575,0.925693;569,77735,0.97781;493,59928,0.914453;479,62329,0.916058
1088,939136;732,170544,0.984234;504,58082,0.944088;523,78638,0.965547;487,59513,0.922628;507,63175,0.927007
1091,938995;716,169382,0.991095;513,57122,0.934453;550,78488,0.98438;472,59610,0.910949;500,64063,0.939562
1093,939095;715,168740,0.986569;496,56721,0.933285;546,76607,0.986423;480,59309,0.901752;541,61525,0.925693
1089,938965;722,170700,0.983066;494,57519,0.949635;548,78505,0.989051;466,57788,0.907153;482,61674,0.928321
1101,939100;698,168479,0.988175;524,56939,0.908467;554,76913,0.969927;492,58470,0.909489;511,62298,0.928613
1092,938789;696,170130,0.987591;541,56844,0.936058;578,76704,0.98073;485,58222,0.896058;487,62440,0.918102
1095,938849;733,170434,0.986277;511,57332,0.937956;530,76130,0.978248;449,57390,0.872263;477,61509,0.932993
1090,939063;737,168285,0.990365;502,57210,0.941898;541,76485,0.982336;468,58667,0.895182;472,61015,0.929781
1083,939041;745,171010,0.987299;534,57139,0.945109;549,76608,0.981898;483,58556,0.895328;496,61769,0.916934
1087,938872;738,170589,0.981752;515,57159,0.937956;527,77132,0.98073;470,59130,0.913431;473,61938,0.910657
1099,939013;727,169823,0.986569;529,57122,0.928467;526,77073,0.98365;467,58984,0.908759;510,62096,0.925693
1099,938672;733,170161,0.992409;548,56772,0.944672;551,76396,0.976642;481,57481,0.906715;508,61921,0.929635
1090,939053;722,169877,0.989927;525,57179,0.931095;533,76644,0.988759;470,58853,0.896496;485,60866,0.91562
1089,939097;726,170723,0.98438;529,57911,0.95781;585,76209,0.978102;498,58168,0.89562;518,60956,0.93562
1087,939000;722,169752,0.990949;560,56626,0.937518;573,77189,0.97854;481,58794,0.918832;523,60841,0.92146
1085,938893;726,171240,0.987007;498,57385,0.930511;526,77803,0.981898;458,57844,0.890219;475,61385,0.907737
1091,938970;705,171203,0.987299;537,58427,0.954453;557,76999,0.976204;490,59680,0.893431;498,62577,0.919124
1095,938850;671,171716,0.98073;572,56897,0.933139;597,77665,0.979562;503,58200,0.90292;519,62643,0.934161
1088,938969;663,170052,0.990365;507,58301,0.936496;547,76848,0.984234;468,59032,0.893723;467,61888,0.906423
1091,938889;673,170790,0.990073;504,55888,0.932847;531,76039,0.981022;466,58529,0.9;498,61597,0.928321
1088,939063;690,168262,0.985693;526,56623,0.933431;564,77987,0.978394;487,58772,0.898248;509,62832,0.94073
1086,939037;669,169793,0.983796;549,57767,0.932555;555,77438,0.98365;485,59713,0.889927;506,63817,0.934307
1086,939058;686,169550,0.982482;545,58286,0.946569;536,76820,0.982336;482,59426,0.912409;495,62480,0.930803
1094,938884;715,170399,0.986131;522,57839,0.938978;551,76840,0.974891;492,59704,0.904818;507,62456,0.931971
1093,939081;708,170627,0.981022;540,55947,0.922774;553,77126,0.975182;473,58404,0.914307;490,62616,0.918248
1091,938743;717,171001,0.986569;531,57101,0.937664;530,75018,0.977372;472,57935,0.901606;482,61828,0.938102
1096,938801;752,171103,0.987007;564,56962,0.930803;518,75902,0.983066;345,59520,0.923796;348,62602,0.944964
1089,939130;727,171456,0.984526;390,57484,0.939708;419,78151,0.985401;347,59165,0.912263;343,63359,0.942044
1097,938776;488,169838,0.984526;360,55875,0.930219;385,78295,0.981168;346,59319,0.909197;356,61727,0.935036
1106,939120;474,170236,0.986715;382,58892,0.932701;389,78928,0.987153;349,59496,0.892409;346,62927,0.927445
1090,938841;472,170333,0.982044;374,57848,0.93781;378,77315,0.97854;331,59459,0.896788;329,61783,0.920584
1094,938681;450,168985,0.984672;380,57444,0.938394;432,77741,0.975766;387,60317,0.919124;375,63499,0.928905
1099,938674;450,170275,0.985985;467,55836,0.935766;399,76359,0.984234;356,57273,0.886277;377,62497,0.937956
1088,938986;467,172742,0.983212;415,57485,0.950511;416,76774,0.970219;373,59744,0.894161;370,62686,0.945985
1096,938634;458,171059,0.987445;358,56592,0.93854;377,75946,0.981314;337,59257,0.910803;346,62168,0.922336
1095,938804;449,170156,0.983066;369,56143,0.934161;376,75534,0.971971;342,58306,0.873723;358,61790,0.929489
1087,939088;452,171538,0.987591;393,57596,0.934891;397,77518,0.977956;346,59696,0.899854;362,62848,0.946569
1090,938882;460,169933,0.992117;392,58130,0.932409;376,76897,0.981752;345,60529,0.919416;347,63023,0.941606
1094,938826;452,169566,0.992263;372,56435,0.921314;394,77540,0.983796;349,60656,0.908467;351,62778,0.947299
1087,939092;475,172553,0.988029;401,57018,0.935912;377,77491,0.98219;347,60624,0.922336;358,62759,0.931679
1093,938804;463,170904,0.991533;373,57064,0.941168;371,75658,0.971387;344,59401,0.910365;344,61814,0.948321
1087,938961;463,169988,0.980438;379,57542,0.947591;388,77275,0.977664;349,60514,0.902628;351,62049,0.940292
1089,939058;453,172720,0.985109;364,57392,0.942336;378,75875,0.969927;348,59495,0.909489;344,61632,0.921168
1098,938899;456,172651,0.984964;381,56938,0.930949;377,77033,0.987299;504,59724,0.910365;523,61988,0.936204
1092,938803;457,171916,0.980876;519,56393,0.942774;561,75835,0.964964;521,60201,0.894599;514,61879,0.936496
1088,939046;460,171636,0.981022;380,56682,0.944964;372,76189,0.984088;332,59574,0.92146;347,61993,0.935912
1088,938971;481,170365,0.983942;378,56609,0.947737;377,76813,0.973723;338,58066,0.872409;349,62698,0.925839
1085,939132;474,171962,0.972263;548,57558,0.955036;545,75532,0.98365;497,59994,0.889635;493,62154,0.932993
1096,938934;467,170772,0.986569;534,55979,0.924088;588,76032,0.979854;478,57641,0.880292;567,61649,0.931825
1091,938572;469,171778,0.97927;523,56006,0.928467;586,75411,0.976788;529,58409,0.921606;525,59769,0.934307
1088,938977;453,168570,0.989051;608,56928,0.935474;583,76631,0.98073;480,58523,0.90438;493,61578,0.931533
1097,939044;475,170800,0.989489;530,55734,0.935912;395,75015,0.970657;332,57502,0.910949;333,60553,0.918686
1092,938972;727,170896,0.990219;368,56906,0.936204;380,76596,0.982628;324,58348,0.885839;339,62682,0.936642
1091,938823;738,170343,0.984964;353,55185,0.919562;374,74643,0.973285;336,58548,0.910657;348,62562,0.944672
1088,938980;728,169546,0.986277;375,55964,0.939854;385,76190,0.986131;329,58584,0.895474;326,59943,0.927591
1092,938691;705,168616,0.992409;367,56227,0.940146;379,76196,0.981606;317,57983,0.882336;344,60933,0.930803
1088,938965;702,169496,0.995912;378,56328,0.930803;380,74967,0.974161;336,58977,0.906423;341,62620,0.927737
1089,938816;458,171158,0.990365;380,56204,0.942774;383,75351,0.979854;331,57183,0.902044;352,61252,0.923066
1088,939082;748,170403,0.984964;393,56957,0.944526;389,76209,0.980146;337,58242,0.88146;348,61061,0.91635
1102,938621;734,169789,0.984672;374,55354,0.92;385,76272,0.979416;331,58137,0.898394;340,61103,0.925547
1096,939020;758,169726,0.976058;378,55605,0.930511;388,76224,0.982482;340,58768,0.881168;347,60516,0.892409
1092,938837;762,170009,0.985547;374,56642,0.94365;379,75934,0.974599;331,59083,0.892993;350,62638,0.908029
1090,938970;773,169893,0.991971;372,56806,0.934745;387,76165,0.984964;344,58774,0.918686;342,61342,0.931095
1097,938851;762,169330,0.990365;363,56197,0.934307;385,75474,0.982044;325,57811,0.916934;336,61256,0.926277
1095,938770;752,169325,0.983796;369,56972,0.945839;372,76681,0.990073;327,58148,0.901314;332,61088,0.917956
1089,938825;730,168008,0.983504;368,56550,0.93927;389,75725,0.979708;328,58380,0.895036;332,60355,0.927153
1090,938959;720,165757,0.989197;381,56403,0.929927;384,76774,0.98365;320,57391,0.899416;334,61094,0.937226
1101,938977;712,169354,0.977518;368,56966,0.934161;375,77546,0.970365;327,59165,0.915912;329,61122,0.932993
1100,938802;687,169393,0.987883;342,55957,0.942482;353,74804,0.98146;317,57004,0.904964;335,60894,0.908905
1095,938997;659,169976,0.991971;371,56207,0.93854;368,75003,0.971095;329,58255,0.918102;340,61005,0.933285
1092,938982;613,169481,0.988759;383,57058,0.920584;389,75527,0.982336;335,57909,0.881168;339,60742,0.914453
1096,938950;511,170133,0.988321;377,56440,0.934599;387,75251,0.976642;329,57296,0.882774;345,61772,0.928613
1096,939022;546,169655,0.990073;362,56620,0.947299;386,76996,0.991095;328,57702,0.888905;335,61636,0.92
1088,939009;553,170216,0.995182;376,55782,0.94;373,75682,0.981314;335,58632,0.901314;330,61059,0.914015
1097,938698;467,169742,0.993577;384,57111,0.943796;370,75396,0.976788;329,56538,0.86438;333,60573,0.921898
1091,938947;456,168879,0.988029;373,57084,0.918102;401,77188,0.987007;338,58855,0.920438;353,61526,0.92365
1093,938813;503,168180,0.990657;374,56991,0.929489;376,75312,0.975912;326,57466,0.905401;338,60488,0.919416
1094,938417;461,169407,0.990511;382,57168,0.935912;380,75624,0.973431;339,58309,0.912993;335,60997,0.928029
1090,938965;458,169305,0.985255;372,57041,0.943504;385,75035,0.972555;338,58537,0.889781;332,60837,0.931679
1088,939111;448,168669,0.984526;381,56920,0.93635;392,76535,0.985839;359,58705,0.917956;362,61003,0.929343
1093,938865;454,167811,0.990949;376,56940,0.947883;385,76735,0.984088;337,58339,0.926131;343,60962,0.892847
1091,938912;471,169880,0.988029;373,57717,0.948321;387,78182,0.983942;335,58771,0.89854;338,62087,0.934015
1105,939045;453,169399,0.980584;369,58007,0.947299;376,78462,0.990657;320,58753,0.898832;338,62757,0.925401
1089,938929;452,170214,0.987153;401,57144,0.923942;421,76641,0.988029;350,58131,0.880146;365,61895,0.923796
1092,938556;461,169326,0.986131;409,56373,0.938394;419,76907,0.986423;353,56941,0.889197;358,61556,0.938978
1089,938990;441,167732,0.993285;417,57517,0.945693;408,76261,0.974453;359,57656,0.881898;365,60519,0.905109
1097,938977;461,168774,0.983942;554,57161,0.938102;572,75903,0.988175;498,58086,0.890073;532,62476,0.93854
1089,939073;468,171041,0.987737;567,56924,0.92365;590,76955,0.97854;520,60068,0.888321;512,61265,0.914891
1096,939051;458,167828,0.983212;570,57176,0.934599;574,75931,0.977372;489,58392,0.910803;513,61240,0.939416
1090,938837;458,169048,0.989635;567,56271,0.936642;601,75753,0.974745;507,57855,0.904964;524,61828,0.928321
1101,938961;470,171246,0.988175;591,56221,0.928321;593,76309,0.969635;507,57086,0.888029;519,61345,0.924234
1089,938792;466,169446,0.986423;557,56422,0.929197;554,76221,0.978102;574,57931,0.879416;570,60894,0.926861
1090,939027;473,169764,0.985693;654,58121,0.947153;640,77717,0.981314;529,59016,0.919562;530,61191,0.925985
1092,939098;467,169976,0.989489;594,57672,0.948613;615,75990,0.982628;482,56254,0.874891;505,59750,0.907299
1100,939052;458,171207,0.990219;572,56780,0.925985;592,75736,0.976204;510,59042,0.894453;501,61806,0.929927
1087,938891;447,169400,0.986715;557,56433,0.945839;591,76433,0.978978;492,58428,0.906423;520,61968,0.931241
1094,938767;444,169063,0.993431;549,55634,0.943358;570,75044,0.987299;483,56646,0.895036;504,60168,0.931825
1087,938983;456,169007,0.984818;536,55642,0.929197;567,75948,0.97927;507,58416,0.911679;518,60526,0.912555
1091,938942;464,171380,0.991679;572,56231,0.92073;583,76169,0.973577;502,58367,0.909343;512,61429,0.915474
1091,938993;456,170498,0.991241;554,56578,0.950803;567,75599,0.972117;477,56769,0.879562;505,60558,0.906277
1090,938621;475,170078,0.98365;500,55778,0.934307;638,73613,0.965693;522,56510,0.893431;525,60079,0.907153
1095,938810;479,168023,0.994161;570,55950,0.948613;586,75053,0.981314;500,57572,0.91635;525,60537,0.92219
1087,939095;489,171361,0.989781;564,58066,0.938686;568,76788,0.975474;499,59886,0.888029;521,62261,0.932117
1091,938728;478,168856,0.988175;554,54728,0.920584;563,75150,0.981752;478,56670,0.872701;509,59733,0.922336
1086,939007;475,168268,0.990803;561,55958,0.939124;570,74853,0.985693;497,57359,0.87927;505,60152,0.936934
1100,939102;515,169318,0.98219;570,57421,0.94219;562,74638,0.984088;484,57829,0.913723;509,60654,0.922628
1085,938876;915,169052,0.989781;527,55044,0.944818;531,72142,0.97927;471,54984,0.874161;498,58818,0.926277
1102,939014;774,168484,0.988321;533,55848,0.932993;580,74919,0.977664;491,56978,0.910657;514,60471,0.922628
1090,938968;743,169887,0.987737;537,54938,0.928613;555,74303,0.976496;487,56926,0.911679;504,60155,0.915036
1091,938759;731,165270,0.984672;552,55223,0.944526;572,73563,0.979854;472,54873,0.876058;489,58788,0.896642
1090,938786;740,168742,0.983212;552,54997,0.918686;636,72101,0.968905;488,57152,0.888905;506,58649,0.895912
1088,938772;716,168940,0.981898;559,55764,0.933139;563,73772,0.985839;480,56582,0.895474;503,59840,0.918832
1090,938717;739,168110,0.985401;536,54465,0.921314;539,73709,0.979416;473,56565,0.881168;504,59498,0.915182
1089,938706;743,169116,0.988759;530,55171,0.932993;384,73866,0.968467;348,57200,0.890073;350,59869,0.902482
1101,938834;775,169750,0.97927;366,55154,0.933285;377,73278,0.981606;327,56276,0.911971;341,60019,0.925839
1097,938849;736,168345,0.986277;372,54547,0.940584;388,74058,0.983066;323,55432,0.894453;336,59196,0.937956
1091,938636;464,167918,0.987445;385,54482,0.930657;381,73152,0.98219;330,56236,0.883504;325,57922,0.905109
1094,938881;464,169670,0.987737;355,56032,0.941898;372,73588,0.979708;339,56676,0.869635;354,59124,0.917956
1095,938757;462,168652,0.990949;390,54891,0.937518;370,73149,0.977372;333,56730,0.913869;345,59567,0.931825
1093,938208;472,168970,0.979854;362,53400,0.919124;369,71457,0.968321;325,54484,0.874307;338,57839,0.898686
1085,938892;746,168808,0.984234;374,54806,0.939708;371,74020,0.985839;316,56198,0.89635;334,59857,0.923504
1085,938843;742,168584,0.982628;524,55306,0.94219;694,73378,0.978686;507,56978,0.889197;516,59241,0.922482
1086,938901;702,168117,0.989343;554,54716,0.934015;573,74141,0.968759;493,57078,0.90146;489,58859,0.929781
1087,938907;723,166072,0.988029;561,54030,0.934307;511,70544,0.970073;455,55744,0.881606;504,57881,0.896934
1102,938626;721,168504,0.986131;599,55608,0.941022;575,73400,0.983358;507,57396,0.904818;516,58374,0.923212
1093,938880;709,167307,0.98438;568,53974,0.938394;601,73218,0.972555;498,55329,0.859854;516,59246,0.936642
1089,938602;723,167277,0.983066;564,54037,0.943942;552,72976,0.990511;493,57091,0.904672;495,57608,0.931825
1091,938941;470,168746,0.986715;556,54185,0.923358;554,73653,0.980438;477,56416,0.908905;492,58426,0.908321
1088,938848;468,167600,0.988175;525,51651,0.924818;541,69912,0.971825;474,54795,0.884672;483,58105,0.925839
1088,938562;460,166301,0.986277;514,53307,0.926423;538,71399,0.975182;463,55503,0.878978;496,57435,0.912263
1084,938571;461,169202,0.988029;532,52902,0.931825;553,71286,0.961606;482,56120,0.902774;465,56933,0.906423
1097,938935;471,167859,0.987299;516,53135,0.952701;537,71039,0.973431;466,55512,0.898394;463,58088,0.927299
1083,938978;462,167415,0.985839;532,54412,0.939708;554,72493,0.98438;470,57103,0.915766;489,58928,0.928467
1109,938878;696,167492,0.983212;513,53459,0.944234;535,72036,0.976934;476,56666,0.915328;476,57085,0.907007
1086,938933;454,165897,0.981898;556,54635,0.93708;550,71661,0.978102;458,56154,0.91562;484,57526,0.930073
1089,938416;455,168180,0.984818;525,52789,0.922482;537,70644,0.973139;462,54637,0.878248;483,57741,0.909635
1094,938881;450,167980,0.988759;532,53608,0.924088;534,71913,0.98146;457,55651,0.891971;481,57899,0.903358
1096,938926;459,168650,0.992555;553,54426,0.937372;563,72027,0.981898;461,54674,0.878248;497,58332,0.919708
1091,938460;470,167444,0.991387;550,52515,0.919854;542,70843,0.970657;459,54848,0.90365;477,57002,0.926715
1084,938879;499,166939,0.990511;535,53036,0.931825;525,71589,0.978978;305,55788,0.895912;307,58148,0.927153
1090,938902;493,169554,0.979124;337,53445,0.928175;546,72659,0.972263;424,54946,0.890365;309,58253,0.926277
1089,938755;492,168910,0.986861;356,53624,0.935328;350,71716,0.983504;316,56075,0.901168;312,57676,0.920146
1084,938681;720,165866,0.991241;346,52557,0.932993;360,71924,0.981168;315,55204,0.886715;328,58102,0.936058
1085,938589;728,168751,0.987153;341,52823,0.924526;367,72338,0.981314;309,55720,0.902774;322,58745,0.915766
1099,938644;729,169871,0.986131;350,52642,0.945985;366,71866,0.981168;301,53086,0.894745;317,57045,0.938832
1080,938844;712,169085,0.988321;354,53671,0.952117;360,70324,0.975766;307,55298,0.883358;302,56872,0.910219
1091,938431;676,166957,0.987591;344,51590,0.939854;352,70955,0.987299;305,54715,0.903796;320,57133,0.934891
1094,938787;689,168669,0.991095;423,53562,0.934599;368,71496,0.974161;319,54935,0.885693;325,57510,0.911825
1086,938688;678,166552,0.989197;354,54014,0.943358;355,71712,0.976934;314,55765,0.906715;313,57504,0.927883
1091,938566;738,168044,0.987153;358,51773,0.934307;375,71631,0.984672;308,54454,0.901606;306,56078,0.942044
1088,939025;739,166645,0.984234;352,54140,0.948175;371,72372,0.983066;322,56245,0.881898;322,58364,0.920438
1089,938621;739,167609,0.988467;364,52627,0.935328;357,71378,0.981022;313,55100,0.909051;317,56901,0.912847
1087,937956;728,168117,0.987153;353,51985,0.934015;378,71180,0.984672;318,55410,0.907737;328,58139,0.935912
1094,937378;736,168842,0.985401;333,52347,0.935766;357,70533,0.983358;311,54983,0.922774;309,56741,0.93781
1092,937996;730,167789,0.990365;336,52876,0.952847;350,70983,0.979124;291,53462,0.905255;307,57754,0.945547
1087,938093;730,167172,0.986861;338,52630,0.93562;369,71692,0.984964;306,55016,0.895474;324,57573,0.943066
1096,936309;740,170449,0.983796;576,52657,0.930073;669,71560,0.988759;576,55367,0.912117;515,58289,0.94438
1092,937738;711,167595,0.979708;485,53037,0.933577;524,71728,0.987591;458,54930,0.920292;469,58289,0.942628
1091,937074;731,169089,0.992117;504,52369,0.943066;508,69651,0.98146;438,54627,0.910511;452,57135,0.913285
1096,936996;733,167987,0.988029;491,53038,0.936496;600,71567,0.982044;517,56281,0.915766;490,58278,0.920292
1092,936644;724,167422,0.98146;586,51797,0.927153;583,70180,0.968029;472,54537,0.920292;473,56490,0.929197
1088,936972;679,168758,0.990073;584,51852,0.937518;553,70750,0.976204;476,55888,0.936204;513,57832,0.933723
1094,934239;622,170319,0.988321;574,51714,0.948175;592,70817,0.981606;495,53754,0.908759;508,57070,0.936496
1094,935656;475,169554,0.991825;565,52907,0.954307;559,70817,0.984818;503,55538,0.938394;320,58319,0.950073
1098,933685;479,170289,0.986569;326,50707,0.939124;347,69774,0.984818;303,54071,0.899854;304,56854,0.933869
1098,935159;461,168165,0.984526;330,51505,0.937372;338,70131,0.98;308,55114,0.905839;321,59068,0.93854
1101,928620;465,169189,0.985255;324,49873,0.930657;338,67710,0.98;301,53623,0.902044;311,55872,0.927299
1090,933274;457,169096,0.981022;366,50949,0.928905;377,68763,0.978686;334,54083,0.902628;337,57649,0.933577
1089,931854;527,168831,0.985401;376,50996,0.939854;382,68712,0.979124;317,53875,0.913431;332,57555,0.936058
1089,927528;506,169075,0.989343;497,49846,0.929051;528,67918,0.973285;449,52746,0.888759;458,56285,0.935182
1094,930824;454,169511,0.989051;481,50964,0.923066;497,69377,0.983796;441,53907,0.9;450,57077,0.916642
1087,924252;451,169642,0.98365;495,49697,0.942774;492,66551,0.975036;420,52246,0.879708;444,56842,0.942044
1086,925732;467,170282,0.984088;477,50052,0.94;494,67441,0.98;448,54805,0.923066;460,58187,0.926423
1083,917837;498,173493,0.98438;482,47627,0.933139;490,65063,0.979854;410,50374,0.899708;437,55408,0.933869
1086,921988;800,169733,0.989197;471,47834,0.934015;532,65734,0.97781;423,52751,0.910803;459,56292,0.926861
1079,916545;623,169344,0.988613;452,46022,0.920438;461,62717,0.971825;422,51410,0.895182;448,54945,0.923942
1074,907735;721,171636,0.989781;467,46105,0.930073;503,60774,0.969635;399,49571,0.917956;411,52443,0.931387
1071,904617;706,169794,0.986277;414,44905,0.912993;443,59401,0.954453;382,48678,0.882774;409,52549,0.91781
1066,899179;707,172381,0.991241;424,43812,0.910219;494,58322,0.961752;469,48153,0.892263;440,52042,0.910657
1058,897719;674,170911,0.988321;483,43808,0.919124;443,58815,0.967737;413,48605,0.907445;441,52066,0.918686
1041,884445;663,168878,0.97854;438,41649,0.909051;448,56264,0.974015;380,45524,0.894745;403,49917,0.919124
1039,878694;659,170274,0.982774;396,39635,0.912263;413,55162,0.969635;312,45776,0.872117;276,50172,0.911095
1036,867740;705,172407,0.988905;259,36498,0.892117;278,52490,0.957664;231,43230,0.869489;248,46388,0.909343
1027,860269;696,171993,0.983504;227,35631,0.897518;243,47822,0.958978;220,40134,0.878832;230,44136,0.902336
1001,824963;708,173686,0.989927;223,32496,0.881314;357,43826,0.952701;316,38163,0.86438;345,42303,0.899562
1003,822921;731,173137,0.981022;370,32605,0.899416;365,44521,0.959854;317,38538,0.865109;333,41843,0.88219
975,798145;753,173573,0.98292;326,32033,0.893577;348,44246,0.95708;278,36363,0.877664;299,41396,0.890949
937,774296;747,175053,0.98438;276,29261,0.885547;309,40412,0.958832;275,34823,0.872409;291,39162,0.899124
885,734833;737,174133,0.98219;291,26937,0.875912;298,37241,0.943942;234,30553,0.872409;255,34130,0.892117
835,699566;775,176036,0.980438;260,23878,0.879124;259,32853,0.943066;227,28140,0.882628;250,32661,0.899416
797,661581;738,174415,0.985401;233,22470,0.875328;286,33189,0.94292;225,27396,0.876058;234,31170,0.900876
720,607855;736,174435,0.981168;213,20385,0.880146;240,28767,0.948905;200,24343,0.88;199,26764,0.893723
691,581250;759,176368,0.983358;217,19277,0.876496;215,26464,0.931971;185,23083,0.871679;182,25322,0.90365
676,573528;761,173574,0.983796;185,18451,0.884088;228,25774,0.938978;169,21635,0.877518;178,24379,0.902336
615,523209;758,176533,0.982628;194,17277,0.881314;242,23908,0.946131;172,21230,0.885401;178,22654,0.918686
551,470598;762,176940,0.978832;194,14617,0.878978;230,21193,0.949635;150,17530,0.881752;152,20012,0.919124
485,416992;740,176662,0.982628;159,11889,0.883504;189,18230,0.946131;123,14526,0.887299;130,17173,0.919416
470,404546;759,177171,0.981314;150,11664,0.890365;159,16326,0.943942;115,14369,0.886861;110,16136,0.914599
424,360358;752,177057,0.97854;136,10098,0.879562;192,15110,0.955328;111,12688,0.898102;118,14838,0.925401
399,339732;754,176327,0.980438;128,9152,0.886569;136,14117,0.953139;76,12962,0.896204;79,14792,0.923358
376,320962;760,175636,0.981752;104,9263,0.894745;107,12939,0.953431;67,11790,0.889051;70,13309,0.917956
311,266532;753,176307,0.983504;161,8061,0.897372;136,10986,0.950219;55,9297,0.887299;61,11127,0.915766
260,225367;757,177184,0.974599;104,6220,0.901752;87,7963,0.950949;43,7360,0.886423;46,8617,0.920584
216,186685;775,176071,0.983212;99,5292,0.898394;83,7070,0.953577;36,6627,0.888321;38,7550,0.919124
194,168182;811,179081,0.97927;50,4415,0.898394;60,6867,0.947007;29,5980,0.882044;29,6454,0.916204
166,144452;849,176726,0.983942;58,3984,0.902044;53,5429,0.957226;25,5028,0.887007;25,5531,0.918394
118,102422;824,177688,0.980292;43,2801,0.901314;35,3561,0.956058;17,3634,0.886861;19,4108,0.92
124,108837;799,178372,0.979562;55,3057,0.902044;42,4089,0.954307;17,3570,0.88219;20,4321,0.91781
107,93302;773,174918,0.978394;46,3139,0.902044;56,3776,0.954015;13,2681,0.883066;20,4287,0.917956
114,98477;764,176334,0.973723;55,2530,0.907299;52,3232,0.954891;14,2900,0.886131;19,3876,0.917372
91,78944;764,175440,0.979416;59,2174,0.905255;48,3059,0.956496;14,2745,0.88438;14,2998,0.915328
44,37911;753,177355,0.981752;40,725,0.904526;33,1145,0.956788;6,1234,0.884234;6,1403,0.914891
31,27158;690,177469,0.980292;27,676,0.903504;31,1069,0.954891;5,1039,0.883796;6,1241,0.916642
17,14985;787,175336,0.98438;24,212,0.903066;18,455,0.957372;3,597,0.884672;4,738,0.916788
8,6832;724,176775,0.97927;16,79,0.90365;25,276,0.958102;2,271,0.882482;2,320,0.916496
8,6835;776,178052,0.982044;43,199,0.905547;17,282,0.958394;1,115,0.88438;2,333,0.916934
11,9552;803,176605,0.982774;35,312,0.903358;16,356,0.956788;2,434,0.883942;2,481,0.915912
10,8192;658,177498,0.983212;22,216,0.903942;28,399,0.95854;2,409,0.882628;2,388,0.916934
27,23098;472,178849,0.972847;32,525,0.905255;35,936,0.958102;2,449,0.885109;4,958,0.917518
22,19039;465,177003,0.985547;20,541,0.903358;23,749,0.958248;4,774,0.883066;5,899,0.916788
