229,106953;650,154581,0.999352;199,30925,0.938229;248,40801,0.983585;519,29306,0.807991;561,45060,0.944708
238,107834;642,151755,0.99892;179,17647,0.938661;186,24309,0.975378;334,19291,0.902376;364,28075,0.930238
237,107785;655,149703,0.999784;207,18823,0.921814;249,27037,0.98121;354,19524,0.882721;375,29537,0.921382
235,107681;610,148004,0.999784;216,18756,0.923326;253,27355,0.974298;372,20136,0.8473;392,31603,0.938229
237,107739;643,149182,0.99892;229,19082,0.918359;253,28012,0.97581;385,20774,0.832613;442,32887,0.919654
234,107651;654,148619,0.999784;214,17624,0.918359;244,27051,0.981425;386,19653,0.844924;452,30771,0.915119
232,107716;648,147712,0.998488;208,17471,0.926998;251,26142,0.983801;364,19232,0.874082;382,30132,0.930886
231,107572;638,146567,0.999352;229,16907,0.941469;243,24586,0.982721;341,18815,0.887473;358,28718,0.930022
233,107639;621,145544,0.998488;213,17375,0.939741;247,24777,0.982073;340,18134,0.909935;340,28142,0.943844
230,107666;584,144234,0.99892;195,16476,0.958315;231,23943,0.987041;308,17886,0.924622;325,26303,0.939525
233,107548;579,142724,0.999784;191,15755,0.95378;229,22818,0.990497;324,17864,0.922894;318,26565,0.935637
233,107528;512,142749,0.999568;231,15881,0.945788;240,22768,0.985529;310,17446,0.93067;309,25734,0.94406
236,107601;580,142846,0.999352;214,15983,0.949244;240,22961,0.986825;318,17532,0.931749;305,26208,0.946004
235,107641;600,144571,0.998488;181,16266,0.946004;177,23785,0.987905;270,18077,0.938229;325,26857,0.946652
236,107612;643,141651,0.999784;214,16494,0.942117;248,24071,0.992009;285,18180,0.941901;328,26311,0.946868
235,107719;634,142787,0.999568;211,16011,0.939957;228,23864,0.991793;316,18375,0.938661;337,27362,0.947084
238,107721;638,142495,1;223,16755,0.956156;248,24377,0.993521;337,18643,0.939741;323,26848,0.944276
236,107701;634,143301,0.999784;217,16542,0.935205;250,23502,0.987041;313,17782,0.934341;343,26431,0.943413
237,107628;631,141079,1;223,16660,0.939525;229,23448,0.987473;325,18535,0.938229;344,27075,0.947948
240,107703;614,143855,1;242,17043,0.950972;203,23432,0.989417;312,17918,0.9473;333,26435,0.950324
240,107628;636,144257,1;216,16362,0.957883;264,23392,0.993521;312,17606,0.940821;295,25461,0.947732
237,107622;650,144699,1;197,16366,0.958963;261,23202,0.992009;303,17750,0.946436;288,25606,0.951836
242,107620;622,144371,1;197,15254,0.932613;233,22945,0.993952;295,17397,0.940605;298,26063,0.950972
236,107575;641,145204,1;206,16051,0.966739;234,23059,0.988121;292,17218,0.938013;312,25890,0.954212
240,107653;633,143418,1;206,16289,0.945572;246,22910,0.992225;290,17266,0.953132;298,25578,0.959827
236,107596;630,142983,0.998704;211,15555,0.940605;252,22709,0.992009;288,17239,0.95486;288,25110,0.961555
236,107558;541,141079,1;222,16274,0.960475;240,22790,0.993952;301,17407,0.95378;295,25790,0.959827
238,107548;646,143026,0.999568;200,15094,0.937797;260,22283,0.991145;292,17426,0.943413;289,25952,0.949028
235,107588;648,143484,1;188,15394,0.957451;245,22326,0.99676;304,16987,0.946004;296,24967,0.94838
237,107530;625,142826,0.999352;184,15032,0.936717;242,22012,0.992225;297,16957,0.949892;283,24739,0.95486
240,107518;622,144942,1;202,14934,0.946004;237,21665,0.984665;275,16619,0.945788;275,24869,0.951404
241,107523;640,144618,1;194,15520,0.951836;225,22529,0.994816;278,17034,0.954212;264,24924,0.955724
249,107552;644,144678,1;193,15561,0.951404;229,22453,0.991793;288,16943,0.947732;301,25489,0.954644
241,107564;632,143878,1;186,15713,0.966955;224,22043,0.987689;305,17018,0.939957;293,25251,0.951188
244,107496;554,140749,1;180,14758,0.94406;221,21764,0.993521;286,17237,0.955292;279,25092,0.958747
244,107570;590,143923,1;196,15398,0.948164;198,22390,0.992441;288,17085,0.954212;289,25471,0.958747
245,107573;628,145051,1;183,15367,0.9473;231,21932,0.994168;292,17169,0.938877;313,25280,0.957451
244,107493;634,143076,1;200,15292,0.944492;235,22154,0.991145;270,16627,0.931749;297,25086,0.955724
241,107580;650,144183,1;214,15939,0.949244;231,21997,0.993089;275,17132,0.947516;291,25012,0.958963
242,107548;635,141001,1;213,15758,0.955724;236,22836,0.993952;286,17435,0.939093;314,25777,0.959611
244,107555;633,142454,0.999568;195,15455,0.943197;218,22328,0.989849;284,17467,0.944492;301,25624,0.953996
239,107585;592,143694,1;204,15484,0.960043;231,22537,0.992009;270,16967,0.94622;294,25483,0.955508
242,107587;626,144585,1;187,15929,0.945788;239,22689,0.989849;278,17277,0.944492;294,25888,0.956803
242,107587;601,142890,1;207,15866,0.949244;274,23603,0.993089;293,17711,0.955076;297,25982,0.959827
246,107579;622,144538,1;194,15324,0.942333;226,22688,0.991145;273,17264,0.95054;286,25088,0.954428
249,107629;597,142090,1;211,16357,0.959395;245,22778,0.993305;300,17517,0.946004;294,25590,0.95594
246,107551;637,143379,0.999784;205,15761,0.938229;275,23011,0.991793;304,17863,0.947084;299,25748,0.959827
239,107569;636,144278,1;234,15847,0.948596;244,22720,0.992441;286,17477,0.950756;300,25477,0.954428
245,107604;631,145514,1;222,16087,0.938445;258,23415,0.992657;287,18074,0.95162;321,25826,0.947732
244,107561;645,144575,1;217,16098,0.948596;246,22940,0.988769;302,17289,0.947948;307,25706,0.950972
245,107569;641,142817,1;207,15794,0.958531;219,22370,0.991793;283,17031,0.94838;280,25247,0.95378
239,107573;626,140994,0.999784;200,15589,0.950108;229,22101,0.991793;281,17563,0.944492;300,26001,0.951188
242,107589;644,141836,1;199,15300,0.935853;237,21999,0.990713;300,17311,0.940821;311,25268,0.947948
244,107522;648,141574,1;181,15201,0.949676;228,22035,0.994384;309,17102,0.931102;296,25197,0.94946
247,107554;638,142770,1;222,15157,0.949892;243,21687,0.990713;309,17838,0.940605;286,24892,0.947516
245,107564;636,142512,1;202,15564,0.936501;233,22560,0.992657;304,17431,0.935637;295,25205,0.94406
255,107488;642,143116,1;217,15831,0.958315;257,22149,0.993305;306,17356,0.941469;300,25287,0.946436
259,107664;567,139542,1;252,15580,0.951188;226,22268,0.989633;309,17226,0.940173;315,25385,0.948812
258,107647;599,141725,1;189,15096,0.950756;253,21995,0.995032;307,17452,0.936069;280,24767,0.940821
251,107607;576,140654,1;203,14819,0.951188;236,21576,0.994384;273,17172,0.941685;290,25422,0.946436
245,107545;569,139037,1;208,14581,0.945788;219,20692,0.985961;258,17039,0.939093;261,24270,0.942981
240,107579;580,140962,1;176,14786,0.95594;214,21001,0.989417;252,16823,0.942549;274,24719,0.942333
243,107587;566,139622,0.999784;200,15378,0.961123;234,21567,0.993305;261,16759,0.947732;275,24438,0.950324
244,107537;577,140924,1;162,14919,0.953996;205,21308,0.992657;252,16789,0.944276;257,24198,0.949676
243,107554;593,139853,1;205,14981,0.971706;213,20969,0.990929;255,16916,0.933693;271,24164,0.939957
240,107529;576,139134,1;203,14511,0.965227;228,21257,0.993521;280,16686,0.949892;300,24007,0.954428
240,107522;575,138883,1;207,14791,0.965227;214,20641,0.991577;274,16427,0.949244;291,23868,0.952268
240,107505;568,139361,1;216,14211,0.957883;216,20423,0.995464;265,16482,0.940821;261,23535,0.944492
244,107496;576,137666,1;192,14293,0.972354;259,20307,0.992441;268,16343,0.943197;264,23681,0.943413
242,107512;580,139158,1;189,14006,0.953996;228,20660,0.99568;253,16213,0.947516;280,23530,0.95162
239,107566;605,140320,1;220,14181,0.95594;214,20651,0.994168;254,16540,0.946652;268,23963,0.951188
240,107479;583,138661,0.999568;192,14253,0.959395;224,20494,0.9946;272,16649,0.948164;284,23714,0.950972
247,107561;580,137980,1;194,14324,0.95054;218,20814,0.993305;305,16467,0.946868;279,23895,0.950108
242,107549;573,137402,1;226,14452,0.956156;210,20669,0.992009;257,16450,0.946004;294,24223,0.950108
245,107575;584,138802,1;229,14727,0.954644;222,20893,0.992441;259,16579,0.939093;273,23685,0.944708
238,107552;575,137437,1;209,14387,0.957451;238,20621,0.993089;267,16837,0.946652;279,23424,0.950324
239,107590;611,137270,1;189,14304,0.954428;240,20515,0.993089;296,16819,0.939525;269,23855,0.949244
242,107634;632,139446,1;184,15048,0.964147;212,21271,0.99676;261,16156,0.942333;273,23632,0.950972
243,107580;621,139598,1;193,14909,0.960907;226,20613,0.992657;293,16590,0.942981;285,24266,0.95054
238,107557;637,139456,1;198,14511,0.95054;219,20051,0.991361;270,16372,0.949028;278,23400,0.949892
242,107538;643,138871,1;200,14028,0.968251;206,19737,0.994384;244,16074,0.944924;259,22834,0.94838
249,107500;574,138125,1;179,14094,0.944492;218,19840,0.992225;264,16614,0.9473;294,23126,0.950972
251,107502;583,140033,1;195,13770,0.964579;203,19566,0.993521;247,15846,0.941901;278,22927,0.944276
246,107465;582,139489,1;176,13379,0.953996;225,19250,0.991361;250,15941,0.939957;265,22367,0.944492
255,107425;577,138542,1;191,13513,0.961771;211,19192,0.993089;244,16160,0.944492;241,22601,0.950324
251,107505;579,139207,1;190,13640,0.962419;198,19425,0.989417;210,15956,0.944492;234,22625,0.94838
258,107549;578,139036,0.999784;192,13992,0.965659;196,19803,0.990497;259,16095,0.937797;278,23001,0.95162
246,107530;583,139310,1;199,14748,0.960907;238,20221,0.993952;283,16218,0.941685;274,23410,0.94946
249,107506;582,138265,0.999784;180,13997,0.954212;217,19936,0.994384;272,15924,0.92203;278,23119,0.948596
240,107582;586,140140,1;217,14418,0.964147;226,19951,0.993737;272,15988,0.946652;271,23335,0.953132
242,107503;562,139380,1;201,14192,0.956587;237,20026,0.99568;257,16199,0.946004;264,23118,0.94838
245,107505;577,138009,1;209,14003,0.953348;229,20399,0.985745;260,16357,0.933045;290,23153,0.940173
245,107548;587,140337,1;182,13943,0.956156;227,19995,0.988553;275,16403,0.938013;288,23438,0.941469
243,107457;587,141098,0.999784;189,14381,0.957883;238,20392,0.993521;266,16357,0.938013;283,23584,0.944276
242,107522;592,139148,0.999352;182,14125,0.962851;222,20401,0.993089;275,16244,0.930886;282,23280,0.949676
242,107464;582,139263,0.999784;214,14262,0.961771;227,19923,0.988985;275,16687,0.944492;292,23444,0.952484
246,107463;579,138853,1;208,13936,0.963499;254,19751,0.991361;269,15989,0.934989;275,22961,0.947516
244,107512;585,140268,1;203,13557,0.956587;240,19715,0.992657;263,16153,0.937365;290,23094,0.940173
243,107516;579,138544,1;214,14002,0.952484;208,20077,0.993305;291,16418,0.94514;279,22958,0.9473
242,107464;583,137883,1;176,13805,0.965011;211,19549,0.993737;276,16039,0.944492;249,22309,0.94622
244,107549;571,137650,1;185,13819,0.957019;233,19271,0.989849;274,16119,0.936717;266,22489,0.938013
245,107516;580,138373,1;197,14025,0.95486;237,19998,0.9946;253,15831,0.936933;270,22617,0.939525
244,107535;574,136930,1;188,13803,0.970194;227,19659,0.994168;263,15908,0.939093;258,22465,0.941037
244,107515;578,137464,0.999784;204,13567,0.957883;221,18912,0.986393;256,15898,0.941901;244,21557,0.940173
242,107482;571,137345,1;192,13593,0.957451;232,20640,0.996544;264,15809,0.934773;282,22831,0.941901
245,107528;580,140153,1;195,13491,0.962635;218,19530,0.993305;264,15780,0.937581;270,22302,0.941901
246,107533;577,137985,1;175,13570,0.964363;200,19292,0.995248;261,15743,0.942549;266,22286,0.944924
247,107506;642,137681,0.999784;177,13806,0.961987;211,18975,0.994168;253,15734,0.942981;262,21981,0.947732
246,107531;635,137144,1;222,13057,0.961123;225,19123,0.991793;257,16113,0.934125;280,22546,0.941253
252,107490;639,138748,1;181,13223,0.962851;223,18965,0.993737;247,15819,0.939309;268,22231,0.944708
246,107498;638,137317,1;205,13632,0.956803;221,19581,0.992657;274,15939,0.945788;261,22317,0.946004
255,107488;633,136663,1;191,13481,0.965659;221,19295,0.992441;267,15617,0.934125;258,22431,0.939309
245,107462;642,137725,1;174,13152,0.959179;239,18753,0.993305;245,15651,0.939093;249,22194,0.942981
246,107512;624,138541,1;204,13984,0.961987;217,19657,0.992873;257,16132,0.941685;272,22550,0.953132
242,107555;617,139090,1;216,13975,0.961339;221,19624,0.991145;278,16265,0.944276;299,22663,0.951836
244,107462;641,139521,1;190,13577,0.9473;213,19916,0.991577;273,16389,0.939741;276,22607,0.942765
246,107528;644,138512,1;204,14266,0.964147;218,20376,0.993305;283,16511,0.942549;281,23270,0.952052
245,107526;635,136917,1;185,13645,0.942549;215,20124,0.995464;295,16566,0.950972;298,23305,0.954212
246,107459;632,138796,0.999784;189,14043,0.961987;273,20218,0.9946;299,15809,0.94622;277,22981,0.951188
246,107511;636,141133,1;182,13605,0.949892;247,20447,0.9946;285,16211,0.941685;275,23570,0.943629
248,107533;550,140065,1;196,14317,0.953132;229,20506,0.995032;287,16262,0.934125;278,23412,0.9473
257,107506;548,138908,0.999784;174,13838,0.957019;244,19959,0.994384;297,16221,0.942981;275,22976,0.94946
250,107460;568,137125,1;196,14430,0.955724;242,20578,0.993952;270,15976,0.939309;282,23759,0.949892
251,107572;569,138108,1;209,14330,0.957883;260,21042,0.996976;288,16656,0.942333;279,23588,0.950108
242,107560;589,141047,1;216,14744,0.960043;255,20350,0.991793;321,16840,0.941685;297,23222,0.946436
244,107516;567,138717,1;196,14431,0.963499;227,20238,0.9946;297,16330,0.949244;297,23738,0.950108
242,107586;580,139667,1;178,13757,0.958531;207,20039,0.99568;297,16065,0.954212;290,23176,0.954428
244,107550;587,137814,1;202,13888,0.953348;228,20192,0.9946;281,16041,0.954212;293,23505,0.958315
245,107540;585,138347,1;207,14008,0.955292;237,20555,0.994384;306,16458,0.952484;271,23329,0.960259
243,107489;570,138143,1;212,13849,0.950108;248,19950,0.993952;269,16215,0.955292;254,22853,0.957451
243,107442;582,141082,1;180,14018,0.962851;240,20610,0.990713;297,16188,0.949244;305,23537,0.955508
253,107538;584,140463,1;200,14103,0.957667;236,20026,0.995248;292,16374,0.94946;294,23583,0.952916
252,107556;590,140864,0.999568;215,14424,0.953564;230,20713,0.9946;272,16261,0.946436;265,24052,0.954644
254,107524;641,139983,0.999784;204,13855,0.94514;235,20171,0.992009;292,16166,0.954644;261,23231,0.960475
249,107435;576,139808,0.999568;187,13499,0.961771;237,19444,0.993737;268,16050,0.933477;271,23031,0.95162
245,107434;644,139422,1;187,13296,0.955292;220,19440,0.987905;252,16000,0.943413;274,22596,0.947516
242,107471;635,139690,1;195,13554,0.95594;215,20048,0.993089;267,16202,0.950108;266,22938,0.951836
253,107509;620,139581,1;176,13907,0.958963;224,19529,0.994384;282,16059,0.940605;266,23231,0.953564
251,107483;633,139891,1;194,13729,0.958315;219,19111,0.994168;290,15793,0.932829;268,22820,0.94514
245,107463;641,140297,1;190,13621,0.955076;225,19257,0.992441;265,15953,0.942117;270,23057,0.9473
241,107463;626,139198,1;222,13607,0.962203;243,19466,0.991361;277,15961,0.95054;264,22492,0.953132
245,107521;629,140761,1;190,13945,0.960043;228,20019,0.996544;278,16101,0.941901;275,23076,0.947516
246,107484;598,139814,1;177,14016,0.962851;216,19207,0.9946;269,16091,0.942549;269,22879,0.95378
243,107457;635,138530,1;184,13641,0.956803;237,19595,0.994384;265,15991,0.933477;253,22798,0.947084
243,107504;636,139788,0.9946;177,13022,0.955724;212,18363,0.992657;278,15829,0.936717;264,22411,0.940605
240,107462;645,137120,1;180,13268,0.950108;213,18395,0.994384;274,16271,0.927862;275,22191,0.946436
249,107386;642,136482,1;207,12951,0.958099;233,18531,0.992441;271,15776,0.940173;269,21649,0.946004
244,107463;643,137958,1;184,12874,0.943844;224,19404,0.993521;275,16104,0.926566;278,23235,0.936069
248,107451;638,136755,1;173,13032,0.947948;233,18868,0.989633;278,16302,0.932397;270,22686,0.937149
243,107452;637,138330,1;215,13127,0.949244;222,19011,0.993952;262,15911,0.935853;275,23128,0.939525
245,107514;639,139250,0.999568;208,13367,0.943413;264,19700,0.993089;286,16331,0.937365;301,23037,0.940389
244,107504;637,136742,1;197,13867,0.960691;231,19614,0.992873;267,16214,0.943844;288,22945,0.946436
245,107435;639,136773,0.999784;223,13660,0.962635;218,19192,0.988553;269,15987,0.946436;280,22703,0.951836
246,107525;632,136150,0.999568;216,13943,0.944924;253,19898,0.992657;270,16225,0.941469;285,22786,0.953348
244,107531;626,136942,0.999784;203,13439,0.955292;189,19369,0.989417;279,16159,0.947084;285,22560,0.953996
246,107508;622,137935,0.999784;248,13897,0.950108;238,20298,0.993737;269,16155,0.941685;278,23875,0.951836
248,107506;627,136566,1;210,13549,0.948596;243,19657,0.992873;284,16427,0.938229;287,22743,0.948596
252,107455;619,138556,1;181,13686,0.962851;201,18779,0.987257;251,16075,0.936069;273,22415,0.95594
249,107520;652,137263,1;188,13953,0.965011;240,20128,0.994384;266,16216,0.944924;270,22602,0.951404
246,107497;610,136977,1;185,13994,0.9527;249,20131,0.990065;298,16421,0.945572;293,22811,0.95162
249,107559;606,138535,1;195,14308,0.957883;230,20172,0.991145;264,16249,0.94622;305,23197,0.94946
243,107490;622,137461,1;197,13596,0.963715;224,19782,0.989417;261,16102,0.94514;259,22803,0.950108
252,107479;616,134980,1;187,13801,0.961123;225,19834,0.992441;265,16204,0.944492;255,22345,0.953348
247,107500;634,137753,1;184,13904,0.958747;216,20223,0.991793;296,16117,0.937365;280,23258,0.95054
245,107560;630,138200,1;188,14129,0.940389;214,20217,0.994168;263,16334,0.942549;294,23554,0.948164
249,107538;626,135695,1;194,14141,0.963499;240,19691,0.992009;272,16256,0.941253;263,22984,0.953996
250,107500;580,135760,1;202,13469,0.949028;233,19280,0.993089;269,15830,0.941469;248,22369,0.94946
246,107529;615,137834,1;170,13725,0.952052;218,19736,0.991793;271,16260,0.941901;272,22997,0.949892
246,107421;626,138473,0.999784;196,13575,0.965011;214,19556,0.995248;263,15989,0.947732;267,22871,0.953132
245,107487;644,138836,1;190,13535,0.952916;234,19633,0.9946;273,16628,0.946868;263,22571,0.951836
247,107430;636,137670,0.999784;179,13543,0.955076;201,19591,0.993952;271,16037,0.939741;273,22925,0.949244
251,107420;639,139061,1;194,13455,0.94514;200,19320,0.989849;268,16335,0.933909;276,23005,0.939525
256,107458;608,138893,1;189,13300,0.952268;236,19763,0.993305;287,15995,0.936717;275,22688,0.94838
241,107500;640,139170,0.999784;187,13731,0.967387;215,19614,0.992873;265,15956,0.934989;267,22761,0.944276
241,107440;630,138351,1;180,13256,0.94406;231,18826,0.989417;248,16050,0.936717;246,22572,0.939741
246,107478;611,137875,0.999784;175,13746,0.953348;246,20155,0.994168;278,16006,0.939525;283,22888,0.941901
249,107382;638,139954,0.999784;170,13177,0.954644;205,19393,0.992441;255,15852,0.931317;278,23098,0.937581
247,107488;626,138887,1;195,13704,0.958315;236,19798,0.9946;269,15779,0.935421;262,22814,0.940389
245,107419;639,139232,0.999568;214,13374,0.95162;247,19136,0.985961;261,15616,0.923542;257,22251,0.939957
252,107506;632,139105,1;174,13300,0.956156;218,19520,0.992441;269,16183,0.935637;280,23055,0.938877
252,107511;637,140016,1;185,13573,0.952484;205,19545,0.994384;249,15949,0.930454;259,22858,0.939741
253,107534;635,138373,0.999568;227,13772,0.947732;240,19904,0.994168;249,15645,0.938877;252,21875,0.94514
257,107505;646,140072,0.999784;220,14031,0.954212;260,19995,0.993089;298,16055,0.934773;274,23480,0.945356
266,107522;624,140730,0.999568;215,14022,0.958963;225,20584,0.996328;249,16240,0.936933;262,23354,0.94406
263,107568;645,141151,0.999784;219,14588,0.959395;244,20612,0.992873;284,16581,0.947084;289,23780,0.946436
268,107485;643,139103,0.999352;201,14268,0.94514;222,20563,0.989417;272,16123,0.939093;280,23317,0.94406
265,107598;646,142991,0.999352;205,14244,0.95054;251,20799,0.986609;292,16772,0.937365;308,23403,0.942765
252,107561;640,140477,0.999568;210,14655,0.944708;222,20624,0.987689;280,16916,0.925486;275,23661,0.938229
243,107553;640,142162,0.999784;204,15300,0.941253;258,22345,0.987905;277,16666,0.930454;299,25024,0.938877
250,107560;641,140955,1;188,15141,0.949028;228,21757,0.987473;281,17348,0.917927;322,25165,0.929158
257,107535;643,142528,0.999784;201,15127,0.948164;232,21764,0.986393;288,17031,0.909503;319,24602,0.942765
255,107568;650,142797,1;201,15121,0.954644;221,21457,0.983585;282,17375,0.898488;303,24939,0.942117
245,107506;625,141021,0.996544;199,14810,0.948596;257,21026,0.984449;334,17251,0.885529;294,24214,0.92851
246,107564;640,142888,0.996976;207,14829,0.938013;237,21627,0.982073;306,17251,0.901512;303,24877,0.936501
248,107419;647,142230,0.999568;205,14935,0.942333;219,21335,0.984881;286,16944,0.89568;302,24387,0.935637
248,107361;641,142134,1;251,14882,0.942981;212,20495,0.980346;286,16883,0.887473;299,24245,0.925702
242,107194;638,142212,1;232,14090,0.939741;239,20529,0.982937;272,16855,0.873866;287,24111,0.92527
250,107107;587,141433,1;200,14581,0.926566;234,21272,0.985097;308,17068,0.875378;324,24770,0.927646
242,107148;631,142882,0.999784;216,15545,0.933693;246,21920,0.990281;316,16953,0.901728;305,24333,0.937797
247,106897;646,142141,0.999784;198,14619,0.930454;234,20461,0.97257;272,15829,0.889849;292,23444,0.938013
241,106557;613,139885,0.999568;232,14610,0.928726;285,20224,0.974514;279,15553,0.875162;287,23070,0.937797
246,106149;629,140491,0.999568;213,14353,0.926134;236,20522,0.986825;283,16760,0.871274;273,23576,0.941037
240,105983;644,142911,1;196,14859,0.920734;247,21276,0.985313;305,16589,0.865875;300,23711,0.931102
244,105668;633,143132,1;197,14182,0.912527;244,20793,0.976674;298,15981,0.865011;323,24396,0.932397
241,105481;632,143155,0.99892;223,14702,0.904536;214,20289,0.952484;285,16101,0.870842;325,23814,0.897192
242,104725;623,143753,0.999568;232,14371,0.913175;222,19872,0.97905;268,15353,0.886393;289,23532,0.921814
240,103250;649,142580,0.999784;192,13069,0.874298;234,18612,0.94946;244,14561,0.892009;271,21802,0.915335
230,101098;615,139659,0.999784;174,12888,0.867603;239,18684,0.957883;247,14214,0.85378;272,21040,0.943413
231,99715;644,140033,0.999568;175,12143,0.861123;189,17284,0.962635;264,13801,0.854212;238,19332,0.936717
224,97099;638,143531,0.999352;183,11278,0.816631;183,16635,0.960475;232,13639,0.838445;243,20729,0.927214
214,94132;651,142096,0.999568;170,10688,0.82527;185,15765,0.963283;219,12476,0.863715;190,17450,0.929806
208,91556;636,143918,0.998704;152,10629,0.79676;164,15430,0.960907;205,12029,0.837365;204,17346,0.928078
195,86643;650,143687,0.999352;150,9354,0.775594;170,13515,0.941037;206,11501,0.828078;199,16695,0.924622
185,81805;658,142829,0.999784;119,8307,0.762419;139,11725,0.927214;155,10527,0.829158;140,13222,0.917711
172,77458;653,144017,0.999568;135,7865,0.741901;127,10848,0.910367;139,8692,0.822246;146,12701,0.919222
162,71257;640,144179,0.998704;120,7090,0.705616;130,10268,0.879482;132,8485,0.817711;128,11822,0.923974
145,63820;657,144763,0.998056;102,5700,0.664147;114,9159,0.886825;118,7406,0.811015;121,10856,0.926998
125,55664;601,144855,0.999784;87,4481,0.641685;100,7288,0.886177;90,5809,0.811231;84,8499,0.921166
119,51032;587,145619,0.999568;83,4505,0.642981;85,6668,0.890929;75,5406,0.798704;74,7458,0.925702
102,45110;581,145211,0.999784;78,3868,0.65054;78,5120,0.890065;64,4537,0.781857;62,6242,0.913607
93,40749;586,144783,0.999568;71,3026,0.632397;89,4943,0.889849;59,4108,0.796544;53,5326,0.911015
83,36610;584,147160,0.999568;76,3108,0.630454;72,4247,0.887905;49,3518,0.771274;51,4828,0.914471
69,30420;591,147658,0.999352;76,2302,0.633693;68,3405,0.888121;46,3159,0.789633;40,4158,0.916631
63,25650;575,145934,0.999352;57,1880,0.629158;60,2837,0.892225;30,2239,0.788337;34,3486,0.912959
52,22355;606,147973,0.999136;64,1905,0.628726;66,2458,0.893521;30,2121,0.795896;27,2941,0.917063
43,17736;594,148048,0.999568;53,1184,0.62851;47,1517,0.893952;19,1522,0.796328;23,2281,0.920734
35,14718;584,148515,0.999352;22,590,0.626134;32,1008,0.893737;13,1044,0.797192;13,1561,0.921814
33,15156;581,146746,0.999352;64,1194,0.624406;61,1750,0.89568;15,1170,0.797624;16,1704,0.92311
29,13401;580,147983,0.999136;53,638,0.619222;49,1280,0.894384;22,1089,0.789849;16,1559,0.921598
28,12063;588,146963,0.999352;51,743,0.624406;38,958,0.894816;11,794,0.788553;12,1103,0.921814
20,8545;606,148583,0.999784;34,352,0.624838;32,493,0.896976;6,497,0.788769;7,725,0.922462
19,7643;601,148883,1;13,122,0.624406;13,226,0.896328;4,335,0.789201;4,498,0.923326
18,7201;597,148616,0.999568;16,134,0.620518;32,290,0.891361;4,305,0.789633;5,465,0.923326
14,5397;609,149127,0.99892;8,49,0.620734;8,79,0.891145;1,70,0.789849;1,90,0.923542
12,4515;600,148901,0.999568;15,99,0.619438;17,257,0.891361;2,214,0.790281;3,303,0.92419
