140,106953;597,150846,0.999136;179,29405,0.924838;223,39305,0.989201;505,29361,0.907775;445,41019,0.990929
147,107935;582,145683,0.999568;160,19305,0.950108;182,26513,0.986825;322,19541,0.916631;305,28177,0.935853
133,107944;594,146871,1;175,20121,0.944276;206,28676,0.988769;318,20052,0.928726;328,30710,0.940605
133,107933;579,148305,0.999568;174,19783,0.938229;217,29653,0.986177;364,21044,0.915551;348,31562,0.950324
131,107910;608,150124,1;188,21087,0.928078;223,30501,0.983153;361,20896,0.926134;356,31988,0.954212
131,107909;591,150901,0.998704;182,20610,0.938661;216,29086,0.987689;334,20009,0.923974;329,30386,0.954428
132,107805;601,149806,0.998704;181,19792,0.926134;218,28770,0.982505;331,19841,0.933261;323,30130,0.953132
131,107929;622,151222,0.999568;185,20652,0.930886;220,29565,0.985313;352,20629,0.931102;354,31137,0.959395
132,107901;606,149992,1;194,19362,0.933045;226,28280,0.986825;341,19380,0.943844;338,29578,0.962203
133,107844;607,151462,1;199,20367,0.924838;227,29217,0.987473;353,20036,0.944276;321,30029,0.963283
132,107772;607,150083,1;221,19182,0.938013;215,27725,0.987905;318,19196,0.918143;311,28898,0.960907
132,107853;606,149291,1;188,20037,0.947084;213,28403,0.986177;327,19547,0.948596;317,29492,0.966955
130,107841;603,148193,1;178,19075,0.946868;209,27456,0.988985;309,18796,0.945356;323,29442,0.966307
131,107837;603,147776,1;189,19840,0.938013;217,28232,0.990497;310,19592,0.95378;316,29217,0.968898
132,107833;605,148700,1;191,19248,0.935853;210,27324,0.986825;319,19496,0.946868;312,29336,0.969546
130,107800;602,148837,0.999568;183,19615,0.924622;211,28527,0.988769;323,19508,0.942117;314,29482,0.968251
131,107803;608,150817,1;174,19020,0.935421;205,26983,0.984233;311,19246,0.953348;308,28714,0.963931
131,107830;587,147533,1;174,18730,0.934341;204,27182,0.989633;318,19128,0.930022;312,28215,0.965011
130,107766;571,148207,1;179,19035,0.941901;207,27545,0.984449;316,19350,0.9527;325,29236,0.964363
131,107777;621,150167,1;185,19091,0.936933;206,27155,0.990065;323,19080,0.934125;315,28723,0.956587
131,107853;609,148436,1;180,19708,0.920518;215,28310,0.992873;353,20167,0.951188;329,29660,0.960691
131,107770;606,147798,0.999784;191,18750,0.941469;202,26582,0.988985;309,18594,0.936717;308,28057,0.959611
132,107792;608,145933,1;183,18346,0.938229;201,26460,0.990929;299,18546,0.916631;303,28236,0.951836
133,107748;607,144800,1;179,18742,0.94838;204,26443,0.988553;304,18961,0.939309;307,28536,0.953348
132,107780;585,146745,1;169,17987,0.942333;194,26360,0.987689;301,19042,0.941901;299,28033,0.95162
134,107779;615,145316,1;164,17584,0.946004;207,26064,0.990713;300,18247,0.943844;280,27242,0.953564
143,107681;595,145370,1;167,17588,0.957019;188,24762,0.985529;286,18394,0.931965;299,27918,0.947516
135,107729;553,144130,1;166,16723,0.949244;186,24745,0.992873;233,17799,0.937365;261,26814,0.951404
145,107707;585,146119,1;167,16628,0.944276;191,24459,0.990497;280,17829,0.94514;268,26491,0.95594
144,107720;610,144253,1;159,16866,0.95162;197,24287,0.991361;279,17416,0.950756;280,25836,0.959827
145,107668;582,143384,1;184,17192,0.942765;232,24957,0.992225;268,18025,0.946436;275,26991,0.958963
145,107728;598,144460,1;201,17661,0.945788;220,25373,0.987689;294,17842,0.95162;303,27204,0.960907
143,107632;596,143504,1;166,16616,0.947084;195,24583,0.991577;271,17820,0.956803;281,26524,0.961987
144,107766;588,141598,1;172,17279,0.953348;191,24487,0.992225;270,17426,0.946004;271,26103,0.961771
145,107763;592,141810,1;165,16805,0.957883;206,24824,0.994384;276,17791,0.941253;265,26285,0.95378
143,107711;600,144171,1;162,16996,0.941469;212,24465,0.994168;292,17913,0.945572;273,26064,0.957019
149,107673;590,141175,0.999568;165,17186,0.954644;190,23801,0.988769;272,17697,0.938013;266,26301,0.952268
146,107670;610,142833,1;160,17079,0.948164;186,24290,0.983369;263,17728,0.940389;271,27185,0.950108
148,107709;600,144622,1;181,17835,0.941901;221,25361,0.990281;278,18038,0.944492;275,26773,0.953564
133,107651;598,143098,1;166,16542,0.928942;197,24174,0.989417;279,18531,0.942765;265,26385,0.950324
134,107770;602,143466,0.999784;173,16935,0.946436;198,24968,0.988769;268,18114,0.94622;271,26760,0.951188
133,107639;591,142733,1;162,16404,0.92851;184,23510,0.991577;275,17990,0.941037;263,26261,0.956803
133,107682;586,142490,1;166,16175,0.918143;204,24569,0.992873;260,17340,0.943197;268,25854,0.948812
134,107695;585,141896,1;166,17071,0.934125;192,24169,0.990281;265,17412,0.936501;267,25778,0.959827
135,107701;552,142692,1;163,16910,0.943197;189,23956,0.992225;311,17870,0.958531;265,25865,0.963931
135,107719;581,143809,1;174,16807,0.956587;202,24285,0.992009;259,17404,0.95378;256,25807,0.965011
135,107728;601,143109,1;165,16177,0.932181;202,23451,0.991793;254,16986,0.95162;259,26284,0.959395
134,107593;588,139605,1;161,15902,0.947516;190,22696,0.989633;244,16725,0.954428;246,25268,0.960907
135,107675;523,142385,0.999784;162,16494,0.94946;186,24106,0.993521;265,17642,0.956156;259,25691,0.959395
142,107744;539,141191,1;164,16898,0.960691;190,23748,0.992009;258,17342,0.942549;256,25891,0.959611
148,107709;574,142047,1;166,16758,0.954428;188,23761,0.992873;249,16719,0.947948;248,25046,0.95162
145,107727;549,141150,0.999784;167,16353,0.953564;188,23600,0.983369;262,17340,0.938013;255,25987,0.941685
142,107712;576,142935,1;155,16149,0.957019;192,23379,0.990281;249,17042,0.953564;245,25632,0.956156
145,107657;554,140908,1;162,16077,0.944492;209,23094,0.993521;247,16681,0.9473;244,24380,0.939093
143,107672;563,141832,1;164,16013,0.939309;213,23204,0.990713;246,16909,0.94838;297,26241,0.963499
144,107704;561,142914,1;167,16630,0.960475;193,23484,0.994168;259,16907,0.920518;265,25412,0.957019
144,107693;562,142283,0.999784;167,16260,0.959179;205,23388,0.988553;258,16549,0.936069;267,25467,0.951188
141,107699;552,141093,1;180,15873,0.944924;202,23034,0.990713;258,16816,0.92203;258,25044,0.95486
148,107647;595,141766,1;171,16412,0.947516;183,23131,0.993521;260,16995,0.947084;258,25532,0.960043
150,107672;596,142067,1;161,16198,0.965227;199,22639,0.992225;251,16919,0.946652;241,24466,0.956371
150,107609;595,140725,1;157,15649,0.948164;188,22287,0.993952;241,16372,0.946652;268,25059,0.960043
149,107667;594,141091,1;161,15898,0.956371;198,22470,0.989417;231,16674,0.949676;250,24982,0.951188
149,107724;591,140722,1;154,15876,0.946004;185,22804,0.990929;246,17189,0.947948;246,25341,0.952052
151,107675;592,141109,1;159,16190,0.953132;184,23006,0.990497;244,16619,0.948596;319,25070,0.960475
150,107616;596,142811,1;179,16543,0.94946;197,23647,0.990713;260,17345,0.932829;255,25437,0.955292
135,107605;593,141913,1;171,16025,0.936069;188,23196,0.990065;258,17211,0.928294;266,25575,0.960907
136,107669;595,141828,0.999784;161,16730,0.93067;185,23132,0.993305;254,17162,0.94514;255,25292,0.956803
135,107662;598,143246,1;167,17057,0.952484;194,24062,0.994816;251,17117,0.942765;257,25592,0.94946
135,107686;593,142819,1;168,17109,0.954428;197,24204,0.993089;265,17646,0.94514;261,26350,0.95054
136,107628;590,141181,0.999784;170,17069,0.947084;195,24032,0.985313;273,17201,0.927214;275,26372,0.935637
137,107661;592,142697,1;170,16782,0.935637;197,24541,0.980778;288,17786,0.916199;289,26424,0.939309
137,107654;588,141423,1;177,17469,0.939957;213,24906,0.991577;285,17972,0.913823;278,26598,0.938229
136,107492;601,140968,1;170,17253,0.935853;195,23747,0.979914;282,17695,0.893305;265,25536,0.928294
136,107254;593,141640,1;166,16818,0.909503;199,24349,0.985313;298,18071,0.873434;282,26489,0.908639
136,106896;605,143274,0.999784;178,17658,0.893737;182,23863,0.943844;304,17765,0.831102;271,25857,0.861771
134,105967;570,141817,1;160,16399,0.901944;176,22601,0.915551;270,16838,0.827214;254,24865,0.859611
136,105308;596,142113,0.999784;163,16626,0.909719;194,23789,0.930886;277,16752,0.848596;269,24921,0.876026
133,103557;596,141586,0.999136;158,15072,0.898704;182,21757,0.934557;240,14567,0.79568;251,23497,0.897408
130,101643;601,141505,1;164,15646,0.900216;176,21109,0.943197;248,15806,0.838445;227,22342,0.903672
124,97231;595,141873,1;146,13074,0.88121;150,18274,0.942117;224,14431,0.800432;216,20960,0.905184
118,92287;598,143338,1;143,12301,0.885961;137,16534,0.946652;193,13140,0.826782;184,18632,0.910799
110,86322;601,144312,0.999784;132,10349,0.844924;130,14732,0.940389;167,11231,0.815767;160,16690,0.916631
97,76068;602,144527,1;106,8798,0.840389;110,12113,0.938877;134,9250,0.811447;128,13395,0.915983
82,64695;603,146801,1;97,6252,0.828078;95,9262,0.935421;112,7350,0.815335;98,10339,0.909935
73,57407;599,145083,1;94,6487,0.803024;97,9301,0.933693;105,6853,0.823758;97,9813,0.920086
56,44892;591,144856,0.999568;86,4722,0.747948;89,7727,0.92635;77,5165,0.815119;76,7756,0.92635
42,32946;602,146354,0.999784;67,3743,0.755508;64,4692,0.922246;52,3582,0.808639;50,5185,0.926566
31,24065;602,147371,1;56,2207,0.751836;48,3118,0.921814;33,2267,0.80432;33,3473,0.926134
25,19472;603,148003,0.999568;50,1695,0.750756;42,2357,0.92203;28,1906,0.80216;24,2508,0.92419
21,15179;604,148180,1;46,1200,0.745788;45,1975,0.92419;19,1337,0.801728;19,1992,0.92635
16,11626;599,146241,1;38,432,0.739309;45,866,0.923758;10,736,0.800648;9,1023,0.924838
13,10318;605,147533,1;34,544,0.742117;41,857,0.922246;10,714,0.79892;11,1221,0.924622
