1731,106953;3116,170746,0.99892;740,33291,0.883153;745,44687,0.962851;930,31270,0.802808;1317,46134,0.953348
1661,105898;2909,163381,0.997624;368,14581,0.923326;511,22340,0.97041;607,17451,0.841469;743,26688,0.89784
1682,105881;2866,157815,0.99892;387,14685,0.923326;563,23416,0.970626;595,17534,0.859395;770,27643,0.893089
1629,105037;2851,156356,0.999568;372,13693,0.915551;411,22104,0.98121;432,17104,0.871274;545,26132,0.903888
1620,104490;2829,154360,0.998056;290,13934,0.917063;390,21562,0.973434;424,16773,0.857235;717,26549,0.913175
1663,105756;2843,154581,0.999784;393,14656,0.914903;537,22249,0.97473;611,18233,0.86933;836,29779,0.922462
1649,105218;2780,150601,0.998704;391,14075,0.930886;553,22022,0.978618;602,17610,0.884449;820,28571,0.918143
1650,105523;2778,151291,0.99892;393,14106,0.931317;568,22418,0.973434;558,18415,0.904968;625,30236,0.925918
1655,105670;2789,151773,0.996544;393,13974,0.936717;541,21580,0.97905;612,18200,0.908639;810,29604,0.938013
1673,105672;2809,152264,0.999136;377,14007,0.937365;560,22262,0.974298;605,18021,0.906048;823,29744,0.933693
1644,105386;2784,151728,0.999136;313,13896,0.920086;507,22455,0.979482;654,18951,0.915335;822,29602,0.938661
1661,105516;2780,151344,0.998704;410,14529,0.933045;520,22146,0.979698;621,18578,0.927862;729,27757,0.947732
1690,104830;2809,151629,0.998704;364,13652,0.929806;528,21411,0.970842;508,18372,0.927862;627,29834,0.946652
1707,105267;2806,151598,0.998488;298,14101,0.942333;413,21926,0.979266;459,17957,0.925702;630,29394,0.948812
1729,105740;2751,149905,0.999136;301,14093,0.942981;424,22295,0.984017;484,18764,0.932397;632,30530,0.953348
1777,105703;2780,151780,0.999352;298,13836,0.943629;424,22192,0.983153;490,19005,0.931533;644,31038,0.948812
1797,105762;2814,152194,0.999136;294,13764,0.938877;418,22349,0.982937;602,17733,0.933693;831,29435,0.949676
1798,105243;2798,151426,0.999352;395,13632,0.934341;553,21425,0.974514;599,17301,0.931317;784,28191,0.947948
1821,105325;2751,149428,0.998704;391,13930,0.945788;558,22243,0.986177;614,17452,0.928294;802,29054,0.948812
1770,105420;2768,149703,0.999784;402,14228,0.945788;560,22373,0.986177;598,17723,0.939309;786,28820,0.94946
1805,104213;2742,148824,0.999136;366,12979,0.942117;516,20513,0.983369;542,16777,0.942117;750,27116,0.957019
1798,105534;2781,150327,0.999784;381,13603,0.930238;541,21805,0.982721;584,17934,0.937581;815,29045,0.953564
1825,105072;2770,149196,0.999784;381,13353,0.938661;536,20888,0.988121;586,16556,0.939525;788,28503,0.958747
1767,105667;2715,147981,1;377,13392,0.938877;529,20723,0.984665;587,17439,0.925486;763,27818,0.954644
1785,105497;2738,148338,1;355,12535,0.936285;514,20658,0.984017;562,16888,0.938661;774,28518,0.959611
1819,105865;2741,147514,1;374,13277,0.929374;556,21529,0.988985;607,18199,0.946652;803,29778,0.967603
1876,105889;2741,148140,1;267,12963,0.942333;382,21059,0.990281;436,18023,0.934773;582,27752,0.953348
1835,105463;2710,146820,1;371,13011,0.938661;548,20024,0.988337;616,17366,0.941253;779,27720,0.960475
1842,104739;2711,146306,1;382,12444,0.938229;501,19708,0.986825;549,16852,0.943844;723,25807,0.956371
1850,105495;2870,148179,1;379,13135,0.942333;543,20986,0.987257;597,17707,0.944276;779,27329,0.961555
1906,105897;2352,147735,1;387,12940,0.941685;576,20948,0.988553;616,17507,0.944492;819,27540,0.956156
1819,104775;2664,147526,1;385,12654,0.941253;526,19388,0.985961;573,17065,0.941253;562,27118,0.957019
1809,105103;2516,146222,1;272,12651,0.942981;394,19605,0.983801;431,17102,0.94622;529,25565,0.95486
1848,104213;2750,144070,1;263,12243,0.943629;375,19223,0.986825;507,16391,0.943844;701,24461,0.95486
1879,105922;2527,146233,0.999352;398,12636,0.941685;538,19716,0.986609;625,17742,0.931533;810,27870,0.947732
1838,105352;2831,144068,1;362,12022,0.943413;513,18930,0.990497;570,16386,0.918143;703,24582,0.940821
1892,105878;2841,144752,1;387,12240,0.941901;520,19302,0.985313;583,17009,0.92419;768,26902,0.946436
1855,105439;2739,145089,0.999784;371,12197,0.935853;508,19039,0.981425;576,16961,0.92959;714,25866,0.940389
1892,105406;2706,145089,1;365,11900,0.942117;511,19052,0.986393;573,16680,0.940389;814,27465,0.94838
1837,105665;2728,146530,1;384,12645,0.947948;530,19761,0.988985;590,17665,0.933909;746,26721,0.946004
1787,105052;2728,145867,0.999784;283,12711,0.939309;541,20236,0.987257;570,16578,0.936717;697,27002,0.955724
1828,105727;2667,144581,1;261,12463,0.937797;372,19759,0.985097;428,17560,0.936285;562,27278,0.9527
1796,104448;2636,142276,1;270,12558,0.950108;408,19331,0.987473;560,16632,0.935853;684,24728,0.956156
1807,105067;2658,144875,1;357,12387,0.957451;489,19233,0.986177;548,16394,0.946652;689,24970,0.957667
1830,105355;2663,144869,0.999568;359,12113,0.939093;519,19910,0.987257;573,16869,0.941253;774,27439,0.95486
1790,105758;2683,144950,0.999568;382,12403,0.935853;558,20465,0.989417;621,17943,0.923542;784,27685,0.953564
1833,105502;2677,143266,1;371,12782,0.9473;515,19427,0.987257;599,17372,0.935637;741,26213,0.950756
1746,104737;2800,142655,0.999784;355,11712,0.926134;500,18906,0.989201;546,16068,0.946436;691,24519,0.95054
1895,105212;2807,142607,0.999568;391,12886,0.94946;508,19201,0.988553;414,16716,0.943197;543,26266,0.951836
1881,105497;2829,143629,0.999784;359,12852,0.942981;516,19975,0.989633;570,16997,0.948596;694,25571,0.957883
1907,105780;2842,144499,1;265,12224,0.94514;365,18963,0.983369;416,17246,0.94514;544,26855,0.945356
1827,105355;2859,145708,1;269,12736,0.938445;379,19527,0.985745;416,17042,0.940389;547,26966,0.951188
1886,105082;2763,144068,1;258,12397,0.934125;362,18902,0.988121;439,16932,0.934989;718,26128,0.956587
1790,105836;2632,143256,0.999352;291,12847,0.943413;404,20214,0.989201;447,17194,0.934989;568,27013,0.95594
1894,105445;2639,142249,0.999352;271,12245,0.943197;387,19435,0.990929;447,16930,0.947732;557,26235,0.958531
1911,105055;2667,143253,1;257,11928,0.941685;362,18468,0.986609;400,16511,0.945356;665,26033,0.956803
1764,105778;2654,143265,1;360,12522,0.948596;372,19344,0.988121;451,16250,0.953996;748,26949,0.960691
1798,105364;2643,143553,1;347,12022,0.928726;490,19158,0.983801;561,17416,0.943413;741,26733,0.954212
1719,103638;2641,142526,0.999784;351,11986,0.939957;452,18150,0.989633;497,15887,0.943197;649,24793,0.957019
1780,105711;2671,144207,0.999784;345,12528,0.933909;501,20185,0.986609;482,17160,0.933909;619,27324,0.958531
1771,105514;2654,143067,0.999568;358,12960,0.938229;497,19942,0.985313;563,17456,0.94622;727,27001,0.962851
1809,105850;2661,143782,0.999352;355,12865,0.939525;506,19577,0.986393;556,17129,0.943844;695,26010,0.956371
1781,105455;2657,143256,0.99892;324,12860,0.934341;385,20658,0.989201;409,16926,0.951404;535,26647,0.957019
1778,105565;2634,142891,0.999784;281,12988,0.937797;374,19862,0.985313;424,17215,0.938229;636,26163,0.953132
1808,105796;2674,144188,0.999784;363,12821,0.9473;409,20383,0.994384;423,17431,0.948596;560,27152,0.961987
1765,104399;2667,144328,0.999136;273,12192,0.941469;364,18704,0.984881;404,16440,0.944492;520,25124,0.957451
1797,105489;2657,143471,0.999784;278,12748,0.932829;390,20347,0.979482;514,17171,0.937797;532,26484,0.956587
1888,105426;2662,143667,0.99892;276,12958,0.941685;405,19992,0.988553;503,17829,0.934989;735,27916,0.959611
1895,105582;2689,144574,1;375,12804,0.932613;421,20733,0.989201;553,17614,0.922246;701,27961,0.946436
1932,105561;2684,144248,0.999784;383,13070,0.943844;409,19763,0.988121;501,17318,0.92743;700,27067,0.953132
1882,104889;2639,142731,0.999136;372,12676,0.944492;498,19102,0.986825;548,16537,0.926782;713,25571,0.944708
1882,105175;2651,143043,1;366,12520,0.933693;522,19703,0.986393;567,17055,0.92743;767,27698,0.95486
1906,105275;2645,143397,1;372,12701,0.936933;528,19585,0.982721;596,17307,0.915767;770,26711,0.946004
1906,105419;2637,141494,0.999784;376,12359,0.930886;532,20045,0.980562;593,17511,0.895248;756,26900,0.943629
1885,104837;2640,143844,0.999568;368,12543,0.935205;512,19325,0.975378;600,17641,0.908639;732,26064,0.935421
1926,105833;2664,143755,0.999352;374,12676,0.930238;566,20350,0.976026;601,17580,0.909935;725,26546,0.93067
1873,104502;2642,143039,0.999784;365,12301,0.939957;500,19084,0.981641;578,16553,0.889849;675,26569,0.920734
1881,104186;2667,143830,1;264,12591,0.945572;376,19408,0.987689;411,16408,0.887041;555,25298,0.938013
1858,104337;2673,144070,1;373,12628,0.933693;521,19644,0.986177;497,16920,0.890713;523,25004,0.941469
1877,103310;2675,143794,1;258,12054,0.925918;373,19010,0.984665;435,17113,0.888769;582,25922,0.923326
1866,103526;2668,142021,1;269,12228,0.915983;388,18720,0.984449;558,15834,0.899568;690,24243,0.912743
1869,104688;2791,143963,0.998272;387,12697,0.924406;529,19921,0.985961;554,16100,0.871922;769,26392,0.90108
1876,103038;2779,143167,0.999352;355,11922,0.912743;503,18567,0.980994;530,15451,0.885745;654,24112,0.898272
1910,104338;2806,145220,0.999784;346,13020,0.929158;511,19593,0.984017;576,16965,0.907991;734,25569,0.886393
1866,102787;2830,146439,1;351,12256,0.927646;451,18690,0.979482;525,15718,0.908423;665,24806,0.873434
1705,101250;2854,145069,0.999784;371,11841,0.930238;416,18055,0.983585;521,15746,0.898272;707,24204,0.873866
1783,103022;2723,143854,0.999352;375,12028,0.921814;508,18160,0.978402;567,16392,0.914039;694,24448,0.895248
1825,102338;3131,144928,0.999568;355,11790,0.913823;476,18519,0.97581;408,15682,0.893952;507,24389,0.886177
1774,99836;2958,146403,0.999352;261,11801,0.89784;434,18176,0.976026;535,15199,0.897408;650,22513,0.902592
1809,100885;2832,145445,0.999136;287,12456,0.909071;422,18292,0.97365;391,14896,0.879266;580,22745,0.872354
1720,97457;2854,146673,1;300,11315,0.902592;455,17389,0.979482;382,14205,0.897624;516,21829,0.913607
1712,98488;2818,144745,0.999352;288,11166,0.897624;366,17723,0.970194;358,14268,0.911015;460,21302,0.910367
1727,97097;2860,147154,0.999784;262,11217,0.879482;349,17146,0.96933;354,13598,0.889849;469,21039,0.914471
1745,95555;2827,144902,0.999784;279,11350,0.87581;427,16695,0.959611;355,13601,0.90216;495,20306,0.916199
1638,92001;2727,145720,0.999352;332,10603,0.883585;420,15643,0.950108;421,12605,0.902592;504,18412,0.924406
1609,91200;2834,146007,0.999352;245,10434,0.868035;312,15244,0.957451;306,12650,0.896544;481,18633,0.920734
1575,89269;2887,147193,0.999568;223,10026,0.867387;291,14791,0.954428;283,11358,0.874082;425,18031,0.917927
1538,86422;2899,148849,0.999784;300,10285,0.85378;410,15144,0.953132;399,11583,0.861339;476,17175,0.923758
1487,83714;2889,148849,0.999784;304,10005,0.849028;387,14141,0.947516;370,10934,0.858747;448,15557,0.920086
1449,80468;2920,149996,0.999136;318,9871,0.839525;351,14091,0.939525;254,10308,0.835205;318,15282,0.909071
1381,75414;2909,150052,0.999784;288,8951,0.835421;344,12859,0.942981;301,9100,0.812743;400,14143,0.914687
1228,68816;2924,150691,0.999352;249,7919,0.824622;275,11172,0.934125;215,8719,0.795896;249,12047,0.912311
1093,61036;2964,152865,0.999784;243,7247,0.806911;304,10083,0.929374;256,7808,0.771058;288,10622,0.912527
955,54032;2983,154610,0.999568;192,6206,0.797192;215,9347,0.928078;230,7299,0.776458;268,9762,0.906048
818,45932;3004,155531,0.998488;162,4840,0.734341;236,8029,0.915551;191,5907,0.743629;232,8436,0.888769
580,32518;3082,159112,0.999352;138,3900,0.731965;158,5536,0.916415;125,3917,0.726566;164,6065,0.894168
344,25681;3054,158781,0.999568;111,2834,0.717279;150,4507,0.912527;98,2927,0.736933;119,4425,0.8946
331,19446;2839,159229,0.99892;78,1774,0.71987;105,3140,0.911663;64,2030,0.728078;94,3547,0.890713
221,16444;3042,159079,0.998704;77,1432,0.711447;109,2658,0.912311;66,2016,0.720302;75,2754,0.890497
199,10765;3061,160300,0.99892;98,1198,0.719006;88,1578,0.910367;34,1071,0.721382;48,1819,0.886393
117,6327;3093,161884,0.999568;35,523,0.720086;36,691,0.910799;17,570,0.716631;22,838,0.888337
132,7207;3060,159949,0.99892;51,479,0.720734;37,659,0.909935;14,444,0.717063;29,1122,0.882721
