1829,106953;3356,168550,0.998704;785,32853,0.887689;1014,44177,0.959395;975,31892,0.860259;1416,46650,0.962851
1733,105731;3163,163259,0.999136;342,13086,0.919654;493,20619,0.962203;573,16744,0.860043;773,26776,0.912527
1742,105498;3227,159778,0.999352;375,13461,0.906263;520,21766,0.963067;614,16875,0.859179;769,26981,0.893089
1712,104425;2961,158378,0.999568;365,12710,0.91879;516,20138,0.965659;430,15514,0.874514;702,25000,0.904968
1712,105447;3022,155541,0.999136;363,12961,0.917495;391,20903,0.973002;523,16398,0.86933;610,26342,0.913391
1775,105727;3080,156400,0.999784;295,14206,0.914255;570,21970,0.97257;542,17657,0.882505;669,26587,0.905832
1785,105760;3173,156264,0.999136;394,13499,0.936717;564,21548,0.98013;541,17114,0.893089;801,27496,0.917711
1772,105196;2745,151660,0.999784;391,13310,0.923542;547,20828,0.980346;610,16604,0.895464;590,25895,0.923542
1758,104374;2751,152799,0.99892;355,12161,0.928726;533,19786,0.980778;619,16044,0.881857;790,26281,0.922894
1787,105372;2639,151876,0.999136;384,12735,0.934773;545,20767,0.979266;627,16697,0.896112;751,27044,0.93067
1834,105592;3007,149501,0.998056;383,12856,0.931965;533,20243,0.984449;579,16446,0.908423;778,26381,0.939093
1813,105679;3098,151804,0.99892;393,13145,0.929374;553,20788,0.978618;613,16831,0.915335;800,27299,0.932613
1864,105631;3082,150539,0.99892;389,12780,0.927214;559,20754,0.983153;608,16727,0.909071;832,28435,0.941037
1820,104224;3055,151435,0.99892;363,12135,0.920302;481,18714,0.982073;512,15446,0.902592;721,24949,0.941253
1772,105357;3033,150816,0.999568;364,12618,0.917711;528,20224,0.977322;568,16332,0.913391;755,26047,0.943197
1778,104959;3086,153193,0.999784;372,12733,0.930454;523,20197,0.979698;588,16340,0.917927;728,25363,0.941901
1901,105539;3098,152921,1;375,12786,0.934557;549,20038,0.982289;576,16750,0.907991;681,26668,0.934989
1898,105242;3050,151604,0.999136;369,12100,0.920086;507,20039,0.983585;588,16452,0.92311;789,26287,0.94406
1915,105750;2683,152111,0.99892;410,13145,0.936717;439,20602,0.981425;532,16564,0.918575;805,28320,0.942333
1845,104164;2949,151411,0.999784;262,11829,0.924838;407,18820,0.982721;560,15574,0.914255;736,25615,0.948596
1773,105036;3086,151189,0.999352;339,12169,0.922678;543,20009,0.983801;592,16280,0.934341;734,25339,0.943629
1834,105269;3127,153334,0.999568;329,12627,0.933693;535,20137,0.985097;608,16810,0.937365;797,27014,0.949892
1966,105760;3119,152836,0.999136;364,12472,0.927214;534,20366,0.985529;584,16171,0.933693;804,26979,0.95054
1910,105202;3102,152120,0.999568;344,12069,0.915983;443,19144,0.978834;416,16539,0.930886;756,26523,0.947732
1913,105355;3106,150738,0.999568;356,12597,0.937797;483,19137,0.984017;559,16134,0.926134;583,25189,0.939957
1916,105342;3150,154042,0.999136;374,12432,0.939741;522,19843,0.980778;550,16286,0.923974;666,26301,0.94514
1920,105569;3098,151585,0.999568;253,11929,0.931102;354,19442,0.983369;404,15958,0.926566;729,25841,0.947732
1891,105362;3074,150474,1;356,12297,0.923326;517,19648,0.985313;588,16819,0.938877;680,25435,0.9527
1886,104576;2559,151737,1;380,12361,0.936501;514,19478,0.982721;529,15276,0.929806;687,25485,0.950324
1950,105687;2338,151252,1;350,12239,0.942765;490,19070,0.981425;558,16257,0.923326;788,25666,0.942117
1838,104934;2479,151165,0.999784;374,11851,0.936717;494,19176,0.977106;446,16075,0.937581;670,25077,0.946868
1948,105681;2670,152510,1;258,12108,0.936285;373,20306,0.981425;566,16765,0.936285;764,26548,0.948596
1925,105187;3249,153319,0.999568;335,11741,0.934125;496,18825,0.976026;526,15573,0.934557;709,25364,0.951404
1899,105183;3982,153501,0.999568;335,11785,0.933693;444,19615,0.986609;558,15583,0.936501;643,24078,0.95162
1934,105028;3127,152336,0.999784;326,11200,0.928726;407,18107,0.986393;520,15339,0.932613;722,23956,0.947084
1960,105585;3024,150969,1;367,12079,0.942549;517,18979,0.983153;556,15523,0.929374;753,25143,0.94622
1955,105599;3018,150676,0.999784;371,11782,0.938661;526,18878,0.979914;581,15930,0.923758;768,25371,0.938445
1945,104774;3039,152270,1;367,11499,0.947516;518,18228,0.984665;546,14887,0.92851;742,24250,0.946004
1924,105575;3063,151727,1;375,11962,0.946004;513,18571,0.981857;569,15472,0.934773;760,25052,0.945356
1919,105464;3040,152064,0.999784;253,11648,0.932829;410,18817,0.983801;579,15505,0.926566;746,24576,0.942981
1869,105281;2980,149263,1;376,11822,0.929806;547,19367,0.983801;563,15419,0.91987;748,24513,0.936285
1893,105812;3000,150781,1;388,12372,0.939309;534,19901,0.983801;621,16656,0.92095;813,26572,0.937797
1925,105445;3097,151527,0.999568;334,11584,0.92959;390,18089,0.984233;590,15652,0.91879;757,24728,0.938661
1924,104817;3065,148466,1;336,10811,0.933693;511,17883,0.980778;558,15116,0.924406;654,23153,0.936933
1828,104915;3069,149867,1;351,11255,0.934773;515,18217,0.984665;554,15302,0.922678;722,24088,0.940605
1818,105811;3039,148738,1;389,12320,0.934989;551,19447,0.983369;507,16301,0.924838;806,25737,0.947948
1874,105027;2671,149087,1;326,11046,0.928294;469,18331,0.987689;576,15178,0.933045;723,23614,0.951188
1950,105509;2261,149298,1;351,11841,0.9473;436,18227,0.984665;558,15326,0.929806;736,24550,0.949892
1881,104741;3019,147478,1;347,10721,0.937365;528,17932,0.984017;478,14784,0.91879;723,24009,0.942981
1891,105529;2196,148238,0.999784;266,11183,0.929374;375,18784,0.982073;583,15797,0.930022;752,24562,0.947084
1957,105454;2130,147498,0.999784;341,11921,0.939525;532,18691,0.988121;556,14977,0.931749;716,23858,0.942981
1930,105190;2132,147633,0.999784;366,11493,0.933909;515,18361,0.987257;585,15906,0.929158;726,24328,0.946868
1938,105573;2730,147812,1;359,11314,0.937365;528,18053,0.984233;525,14816,0.926998;633,24624,0.940173
1975,105697;3033,147426,0.999352;342,11375,0.933045;506,18575,0.986393;492,15099,0.924406;673,24932,0.936501
1917,104686;2995,145644,1;344,10827,0.943197;464,16744,0.984665;512,14392,0.921382;676,22948,0.934773
1949,105670;3053,147739,1;348,10992,0.939309;498,17758,0.983585;408,15259,0.919006;607,24431,0.941037
1908,104861;3054,148027,1;342,10880,0.930238;483,17260,0.986393;544,15300,0.927646;681,23202,0.941901
1954,105581;3050,147858,0.999784;351,11243,0.939741;530,18206,0.984881;556,15383,0.926566;720,24581,0.935205
1965,105389;3070,149072,1;335,10982,0.929158;471,17387,0.981857;552,15220,0.918575;719,24092,0.934341
1894,104923;3025,146841,1;327,10514,0.926782;490,17703,0.985529;538,14674,0.923326;724,23544,0.939957
1913,105550;2403,146274,0.999352;376,11561,0.936717;501,18592,0.986609;551,15149,0.92203;745,24336,0.940821
1860,105627;2114,146155,1;365,11431,0.935637;513,18328,0.987905;575,15529,0.929374;755,24347,0.937149
1918,105632;2137,147740,0.999784;373,11520,0.947084;507,18129,0.984881;541,15042,0.936285;707,23980,0.941685
1953,105679;2134,147687,0.999568;340,11156,0.948596;399,17635,0.986825;485,15326,0.929374;701,24231,0.939525
1944,105153;2989,145680,0.999568;334,10742,0.952052;475,16973,0.993305;530,14363,0.930886;625,22322,0.940821
1916,104848;2894,144323,1;319,10172,0.944492;572,16589,0.991145;636,14511,0.934341;669,22717,0.94514
1913,104867;2527,145393,0.999784;275,10389,0.942981;479,16493,0.985313;367,14221,0.930022;560,22558,0.942333
1849,103997;2284,145489,1;260,9960,0.94622;423,15903,0.981641;469,13767,0.92851;638,22015,0.939309
1949,105251;2989,145546,0.999352;327,10574,0.940821;471,16754,0.987473;531,14786,0.922678;682,22786,0.931533
1924,104960;3016,146687,1;263,10831,0.943413;432,16879,0.990497;518,14162,0.928294;676,22505,0.935853
1968,105349;2851,146582,1;341,10697,0.931533;485,17268,0.986393;528,14679,0.924838;685,22992,0.933909
1893,105514;2120,146362,0.999568;356,11191,0.94406;471,17198,0.986177;548,15405,0.929806;687,23953,0.939741
1891,105270;2834,145527,1;331,10892,0.941037;481,17073,0.990065;533,14855,0.931749;672,23021,0.942117
1827,105273;2984,145307,0.999784;235,11060,0.947516;420,17244,0.984665;520,14846,0.929374;686,23385,0.940389
1910,104181;3113,147384,1;325,10829,0.938661;476,17477,0.986825;518,14465,0.92743;635,23309,0.939525
1850,105029;3038,147729,1;343,11411,0.94622;487,17906,0.988337;543,15170,0.931102;636,22972,0.941253
1951,104359;2203,146412,1;334,10343,0.940605;454,16290,0.985313;488,13975,0.92203;601,22156,0.936501
1982,105612;2098,144682,1;252,11675,0.95054;433,18109,0.986393;387,15426,0.920734;718,24231,0.930022
2004,105610;2096,144644,1;282,11185,0.956371;481,17733,0.989849;395,15310,0.927214;714,24306,0.933045
1924,104784;2362,145303,0.999784;333,10451,0.945356;471,16815,0.987257;520,14474,0.92851;599,23117,0.942117
1988,105619;2886,145168,1;269,11302,0.95162;500,17819,0.987041;550,15080,0.923974;698,23578,0.937365
1920,104896;2900,145181,1;342,11035,0.941037;482,17413,0.990281;516,14721,0.933261;679,23162,0.94406
1832,104881;2905,145787,1;342,10944,0.942981;482,17178,0.984017;526,14764,0.939957;693,23308,0.9473
1837,104267;2866,143656,1;337,10541,0.935853;470,17092,0.985745;508,14411,0.942981;677,22693,0.95486
1904,104350;2894,144900,1;325,9978,0.942117;460,16428,0.988985;501,13877,0.936285;658,22131,0.948164
1873,105685;2850,142434,0.999784;347,11160,0.954212;493,17776,0.987473;550,15648,0.937149;701,24192,0.950972
1793,104827;2833,142381,1;330,10758,0.951836;470,16807,0.992009;531,14979,0.933045;615,23094,0.948164
1927,104681;2857,144393,1;313,10155,0.935853;452,16506,0.985961;517,14720,0.943197;660,22814,0.9527
1890,104309;2788,145043,1;345,10838,0.938445;507,17326,0.987905;528,14408,0.943197;677,22952,0.949892
1951,105253;2422,143923,1;340,10632,0.936285;416,17091,0.984449;366,14600,0.938661;495,23752,0.946004
1867,105795;2079,143604,0.999784;347,11398,0.948596;532,18193,0.982937;510,15614,0.943197;523,24967,0.951188
1873,104641;2981,144996,1;281,10155,0.941901;437,15875,0.97797;543,14853,0.925702;655,22304,0.941253
1876,105367;2876,144732,1;341,11060,0.940173;496,17650,0.987041;553,15245,0.923974;742,24579,0.945572
1851,105324;2860,144021,0.999352;357,11198,0.94838;499,17849,0.988985;570,15460,0.923542;677,23092,0.935205
1865,105121;2712,143461,0.999784;362,11296,0.939741;485,17649,0.985529;549,14883,0.922462;702,23880,0.935853
1950,104374;2970,143957,1;333,10877,0.949892;456,16971,0.990281;505,14322,0.935205;643,22195,0.946436
1926,104997;2971,143959,1;332,10868,0.939741;465,16688,0.988553;509,14435,0.92527;705,23106,0.941901
1842,105117;2956,143362,1;349,11233,0.939525;470,17175,0.985745;511,14357,0.928942;678,23128,0.941037
1848,105421;2943,143329,0.999568;339,10551,0.947948;481,17134,0.991793;513,15002,0.928942;675,23770,0.939309
1864,105446;2948,142866,0.999784;347,10865,0.947732;487,17426,0.983153;557,15036,0.925054;708,23419,0.940173
1876,105677;2934,142747,0.999568;348,10581,0.943197;529,17437,0.98121;541,14845,0.92959;697,23169,0.945572
1907,105862;2955,143744,0.999784;364,10924,0.94514;507,16862,0.988553;544,15297,0.933045;528,23415,0.942549
1859,105314;2949,143126,1;233,10098,0.942333;325,16395,0.987689;361,14396,0.931317;654,23366,0.942981
1826,105241;2962,142970,1;347,10771,0.942117;444,16648,0.986609;537,14733,0.931533;504,23249,0.94406
1873,105667;2955,143755,1;340,10825,0.940821;462,17089,0.986393;507,14847,0.932181;685,23115,0.936717
1920,105218;2967,144345,1;329,10380,0.936501;459,16430,0.986177;369,14378,0.933477;535,22522,0.942765
1938,105565;2951,143849,0.999784;355,11152,0.930238;511,18121,0.985961;534,14757,0.933045;662,22912,0.940389
1917,104970;2949,143700,1;337,10589,0.943844;459,16615,0.990497;508,14796,0.933045;693,23323,0.946868
1961,105083;2949,143612,1;311,10267,0.944276;457,16460,0.990281;522,15025,0.940821;639,22357,0.954428
1978,105106;2949,143086,0.999568;318,10026,0.937581;447,16019,0.98013;486,14074,0.943629;648,22343,0.955076
1909,104789;2950,143237,1;320,10261,0.927862;450,16338,0.985313;496,14457,0.947084;647,22282,0.95594
1858,105287;2705,140809,1;348,10647,0.944708;545,16646,0.988769;449,14454,0.934557;479,23211,0.957883
1845,105660;2288,142408,0.999568;250,11115,0.952052;343,17194,0.988121;533,15150,0.9473;676,23365,0.962203
1908,105388;2827,144469,0.999784;338,10533,0.92635;481,17105,0.991145;521,14828,0.944492;690,23734,0.958531
1950,104696;2661,144046,0.999784;341,10710,0.941469;468,16503,0.986609;509,14617,0.934773;679,23220,0.95486
1958,105280;2647,144436,0.999568;337,11039,0.950324;483,17095,0.98121;515,14583,0.933477;672,22849,0.952268
1984,104961;2263,143686,1;321,10058,0.946436;459,16169,0.977106;507,14242,0.934341;663,22663,0.94622
1940,105699;2499,142415,1;327,10408,0.936501;482,17063,0.988553;528,14793,0.931965;697,24026,0.941253
1871,105735;2926,144847,1;348,11184,0.946868;472,17372,0.986825;523,15301,0.934557;697,24410,0.954212
1964,105553;2865,144256,1;331,11213,0.940605;472,17298,0.985961;526,15341,0.940173;660,23870,0.953348
1986,105699;2855,143391,1;349,11062,0.951188;460,17133,0.988553;515,15138,0.940605;655,23322,0.94838
1991,105865;2844,142600,1;339,11047,0.955292;352,17329,0.985529;400,15249,0.942981;534,23757,0.95054
1995,105437;2874,144593,1;271,10700,0.940821;469,16590,0.990065;521,14706,0.932829;698,23675,0.943629
1951,105475;2863,144184,0.999136;332,10614,0.957019;348,16178,0.989633;361,14229,0.933045;526,22758,0.940605
1945,105488;2831,144479,1;344,10999,0.94946;474,17220,0.987041;554,15506,0.941469;696,23768,0.9473
1835,104447;2832,141749,0.999784;310,9791,0.948164;438,15670,0.990497;384,14042,0.942117;455,22025,0.946868
1837,105114;2915,141789,1;233,10298,0.936933;314,15855,0.978618;453,14436,0.932397;705,23166,0.939957
1860,105358;2967,144706,1;328,10355,0.94946;475,17346,0.991793;488,14235,0.932397;516,23077,0.936717
1946,105498;2958,144024,1;231,10486,0.939093;346,17114,0.988769;360,14464,0.931317;484,23015,0.940821
1969,105788;3001,146932,1;249,10945,0.934557;524,17940,0.986825;552,14864,0.932829;689,23841,0.943629
1929,105296;2892,146142,0.999784;269,11181,0.951188;455,16781,0.983585;482,14169,0.942765;655,23114,0.947732
1953,105789;2902,145067,1;342,11145,0.955724;496,18108,0.988769;514,14795,0.94514;696,23844,0.955076
1942,104654;2874,144593,1;333,10798,0.945356;454,16394,0.985961;512,14485,0.933477;660,23028,0.94838
1977,105603;2860,143824,1;267,10899,0.943844;501,17603,0.988769;538,15432,0.934125;700,24182,0.945572
1939,105042;2901,144062,0.999784;336,10862,0.942117;495,17435,0.990065;547,15161,0.946652;687,23006,0.950756
1919,105548;2953,143452,1;353,10843,0.944708;482,17497,0.990281;527,14721,0.94946;656,22273,0.955724
1927,105675;2945,143356,0.999352;321,10425,0.942981;479,17261,0.988985;440,14593,0.943844;626,23096,0.950756
1909,105402;2953,144020,1;337,10431,0.941253;481,16865,0.991145;499,14426,0.929158;668,22957,0.949676
1889,105491;2071,143330,1;345,10700,0.947948;487,16914,0.992873;507,14337,0.924406;669,22606,0.952268
1905,105406;2577,144480,1;331,10215,0.942765;434,16770,0.985097;531,14646,0.939957;695,23163,0.948596
1875,105123;2863,144444,1;343,10817,0.939309;484,16873,0.980562;504,14120,0.937365;648,22419,0.948164
1844,105164;2869,144510,1;333,10584,0.926782;470,16624,0.984233;512,14624,0.935637;659,22383,0.944924
1901,105724;2788,144380,1;357,11314,0.951836;498,17625,0.988769;519,14713,0.948164;671,23325,0.95594
1922,105172;2955,143934,0.999784;318,10262,0.938445;463,16818,0.990713;502,14453,0.930022;656,21964,0.95054
1969,105365;2925,142125,0.999784;341,10607,0.958747;481,16761,0.989849;463,14608,0.933477;595,23069,0.949892
1888,104321;2902,140857,0.999568;314,9910,0.941469;449,16225,0.990929;343,13858,0.940389;606,21162,0.948164
1913,105305;2942,143015,0.999568;342,10471,0.936285;483,17006,0.982937;502,14291,0.935853;676,23226,0.945788
1935,105899;2936,142321,0.999784;337,10972,0.951836;534,17186,0.988121;506,14937,0.932181;647,23353,0.938661
1997,104889;2931,142686,0.999568;315,10279,0.949244;422,16394,0.986609;477,13775,0.925486;623,21415,0.938013
1933,105130;2958,143759,1;328,10721,0.944708;418,16579,0.982721;350,14310,0.923542;471,22727,0.946652
1951,104994;2961,143667,0.999352;237,10772,0.946436;391,16751,0.982073;454,14374,0.926782;652,22374,0.950972
1927,105738;2938,143108,1;351,10772,0.931533;486,17528,0.984881;551,15162,0.930454;692,23912,0.945356
1945,105623;2919,142257,0.999136;349,11386,0.950108;490,17588,0.986177;531,14930,0.931965;657,23547,0.95054
1951,104943;2907,141049,1;345,10240,0.942117;470,16579,0.989633;504,14503,0.940605;652,22275,0.957019
1902,105419;2941,143394,1;336,10990,0.949028;475,17388,0.989849;506,14892,0.930454;666,23459,0.9527
1879,105222;2940,143095,0.999136;332,10784,0.929806;459,16968,0.984449;517,14954,0.941253;676,23118,0.956803
1909,104747;2935,143163,0.999784;337,10485,0.932181;471,16629,0.986177;510,14164,0.924406;630,22231,0.947732
1980,105948;2972,144407,1;256,11254,0.942549;370,18167,0.993305;406,15986,0.920518;682,24683,0.942333
1969,105045;2950,143725,0.999136;282,11084,0.943197;470,17412,0.985745;524,15325,0.927214;628,22486,0.942549
1965,105520;2940,143058,1;327,11091,0.95162;470,17278,0.986177;526,15251,0.912311;672,23900,0.939525
1948,104725;2974,144561,0.999784;323,10811,0.939957;327,17159,0.982937;431,14359,0.912095;664,23092,0.938877
1982,105123;2976,144945,0.999784;348,10522,0.938661;483,16612,0.976674;511,14168,0.901944;609,22513,0.92527
1984,105310;2933,142860,0.999784;223,10242,0.926566;463,16347,0.977322;599,15543,0.897408;755,23826,0.92851
1952,105005;2942,142330,0.999784;363,10804,0.932829;470,17029,0.987041;498,14744,0.910367;655,22594,0.921598
1954,104373;2954,142953,0.999352;317,10275,0.928726;431,15929,0.980778;536,14616,0.909503;686,23206,0.927646
1963,105481;2947,142948,0.999568;346,11044,0.942117;482,17360,0.978402;543,15240,0.915335;702,24024,0.926566
1916,103100;2650,144544,1;323,10211,0.933909;460,16307,0.970194;500,13734,0.891361;643,21662,0.925486
1946,102942;2093,144291,0.999784;323,10074,0.946004;470,16241,0.964795;513,13996,0.889849;632,21443,0.909719
1952,104425;2095,144576,0.999784;345,10421,0.942765;409,16026,0.959395;365,14528,0.917279;554,22094,0.927862
1953,104090;2088,144316,1;332,10111,0.949244;431,15756,0.965011;485,13885,0.908423;638,22141,0.915983
1947,104633;2053,142111,1;307,10525,0.944924;427,16053,0.958099;486,14198,0.913823;638,22357,0.91879
1945,104257;2722,143832,1;302,10465,0.938877;385,16536,0.963283;502,14084,0.916631;657,22362,0.920518
1948,104821;2938,142293,1;327,10398,0.924622;460,16468,0.950324;411,14689,0.903672;472,22684,0.924622
1928,104368;2973,144024,1;284,10545,0.926998;489,16887,0.963499;502,14117,0.887905;659,22004,0.930238
1984,103790;2939,143424,1;354,10844,0.931965;461,16287,0.966091;513,14148,0.889201;651,21659,0.924838
1919,102821;2961,142813,1;341,10521,0.927862;456,15697,0.960475;521,14371,0.883369;521,21599,0.913823
1943,103863;2836,143444,1;291,10295,0.931749;474,16176,0.956371;364,13634,0.87473;477,21627,0.911231
1957,103825;2166,143717,0.99892;361,11474,0.94514;473,16934,0.953348;519,14829,0.884233;643,22581,0.927862
1894,103651;2884,142544,1;310,10163,0.937797;479,16873,0.955724;502,13986,0.896328;639,21563,0.915335
1870,102753;2093,143485,0.999784;328,10350,0.931749;471,16363,0.961123;489,13675,0.881641;631,21323,0.910151
1838,101849;2092,143615,1;334,10394,0.921166;451,15969,0.958747;484,13527,0.886393;646,21665,0.907991
1879,101797;2084,143088,1;349,10826,0.933909;466,16430,0.960043;495,13809,0.887041;634,21701,0.885313
1786,101245;2261,145065,0.99892;325,10135,0.925918;459,16098,0.968251;487,13627,0.857667;625,21127,0.884017
1773,101436;2972,144739,1;319,10059,0.92743;446,15851,0.968467;475,13719,0.844276;419,20385,0.877754
1777,101080;2947,142901,0.999784;224,9935,0.906263;319,15900,0.968035;405,13682,0.858315;602,20343,0.877322
1765,100299;2944,143488,0.998704;334,10399,0.903024;457,16040,0.969114;458,13607,0.853564;641,20308,0.868467
1857,100206;3008,145785,0.999568;312,10825,0.902808;331,16626,0.968467;326,13131,0.831102;631,20824,0.854212
1839,96852;3034,147622,1;310,9778,0.881641;436,14642,0.962203;478,12991,0.839093;605,19869,0.858531
1833,98648;2991,145869,0.999784;322,9859,0.887257;454,15485,0.961987;475,12787,0.834341;441,19580,0.89676
1846,97570;3051,148291,0.999784;235,10614,0.90108;325,16055,0.960475;321,12670,0.806263;409,19703,0.894384
1828,97288;2867,147482,0.999136;235,10032,0.882289;439,15401,0.961771;468,13234,0.823974;571,19425,0.89784
1818,95771;3065,149746,0.998488;306,9699,0.870626;424,15048,0.959611;424,12020,0.801512;544,18546,0.899784
1790,94923;3038,148368,1;308,9657,0.868467;430,15325,0.955076;416,11656,0.790065;510,18219,0.874946
1762,93804;3037,147943,1;291,9209,0.874082;386,13584,0.967387;385,11206,0.79784;526,17739,0.904968
1747,92200;3043,148858,0.999784;288,9042,0.867819;428,14216,0.960043;398,11215,0.79676;517,17531,0.883369
1769,92752;3054,149421,0.999784;319,10064,0.874082;425,14547,0.967171;428,12060,0.795896;528,18007,0.904104
1691,90385;3059,149538,0.999784;290,9550,0.875378;370,13359,0.966307;389,11438,0.795464;484,16711,0.909503
1631,88524;3023,148611,0.999568;279,8771,0.876458;378,13088,0.961555;364,10347,0.79568;455,15597,0.907343
1653,87432;3037,147933,0.998704;297,9105,0.866739;383,13197,0.960475;372,10585,0.800216;462,15390,0.90324
1594,85666;3055,149409,1;286,9066,0.85054;392,13428,0.959179;368,10354,0.760475;410,15616,0.891577
1532,82034;3069,150466,1;260,8418,0.851836;361,12780,0.958963;338,9525,0.765875;429,14785,0.909071
1502,79601;3085,151813,0.999568;282,8235,0.85162;336,12007,0.958963;325,9742,0.768467;411,14286,0.908639
1447,76264;3063,150920,0.99892;243,7589,0.839093;317,11325,0.952268;366,8830,0.761339;453,13041,0.899568
1287,73003;3050,150568,0.998704;316,7614,0.840173;386,11081,0.952052;342,8234,0.753564;443,12753,0.8946
1220,70020;3112,152139,0.999784;267,6978,0.837149;308,10186,0.947732;286,7949,0.741037;357,11864,0.893089
1170,66456;3084,152286,0.999784;174,6885,0.827862;192,9507,0.942333;178,7448,0.732397;216,10876,0.895896
1102,62422;3144,154197,0.999136;152,6450,0.822894;188,9341,0.930022;171,7185,0.712959;298,10739,0.898056
1025,57239;3146,154878,0.999568;197,5547,0.77149;272,9150,0.932397;243,7038,0.710367;284,10014,0.896544
877,49609;3157,155938,0.999136;172,4741,0.76933;199,6810,0.929158;185,5685,0.695032;221,7827,0.893952
768,42599;3165,155705,0.99892;127,3949,0.75378;183,5989,0.927646;152,4886,0.698704;160,6872,0.893521
648,36683;3164,156601,0.998704;140,3548,0.756156;165,5227,0.92527;128,3858,0.688985;169,6100,0.880778
539,30853;3195,157555,0.998272;112,2717,0.746652;130,3870,0.916415;107,3256,0.698488;131,4749,0.883801
470,25198;3220,158798,0.99892;81,1798,0.736717;105,2950,0.917711;95,2565,0.6946;102,3785,0.885745
400,21481;3207,158904,0.999136;95,1919,0.736501;114,3022,0.915983;73,2209,0.688769;88,3246,0.886393
310,16829;2804,158381,0.999352;68,1188,0.735205;80,2015,0.919438;47,1423,0.686177;59,2348,0.887041
259,13826;2762,158407,0.999568;61,966,0.725918;65,1473,0.910367;43,1284,0.684665;54,1932,0.885529
184,9882;3271,160664,0.999784;54,769,0.730886;63,1095,0.908855;28,833,0.683153;37,1358,0.883369
177,9433;3183,156567,0.998272;46,579,0.720734;64,1251,0.910367;27,884,0.680346;28,1238,0.883369
