118,106953;560,148498,0.999784;184,28219,0.957883;214,35617,0.990929;452,27313,0.94946;404,37414,0.996976
116,105701;567,146067,1;116,11757,0.955292;135,17359,0.985961;213,13655,0.87689;240,23250,0.890713
115,105367;370,145999,0.999784;112,11598,0.929158;145,18029,0.977754;253,14494,0.859827;272,24229,0.901512
115,105122;336,144645,1;137,11346,0.939093;150,17593,0.982937;190,13889,0.841253;161,23354,0.908855
118,105514;348,144806,1;85,12053,0.914687;99,18424,0.974946;173,14915,0.840173;219,25055,0.894384
116,104593;583,145849,0.999568;139,11428,0.904104;154,18096,0.977538;263,14269,0.830022;271,24566,0.897624
117,105039;584,146026,0.999352;89,11945,0.922246;105,18619,0.972786;203,13955,0.82095;282,24997,0.897408
118,105314;576,143382,0.999568;126,11522,0.923758;162,18496,0.97581;251,14437,0.801728;257,23655,0.896328
119,105271;575,144228,0.999136;128,11542,0.928726;144,18086,0.970842;270,14522,0.804968;275,25088,0.896328
118,105549;581,144820,0.99892;112,10755,0.90324;151,18043,0.971058;261,14368,0.815335;269,24259,0.885313
117,105067;580,144632,1;134,11734,0.910367;151,18029,0.97365;233,14725,0.816199;262,23925,0.886825
118,105313;440,144629,0.999352;120,11173,0.920518;105,17236,0.974082;242,14117,0.82743;275,24455,0.886609
121,104803;333,143532,0.998704;122,10685,0.928942;97,17109,0.980778;166,13957,0.821814;168,22780,0.886609
119,105516;336,144623,0.999568;76,10680,0.921814;106,17089,0.972354;241,14286,0.842981;174,23882,0.886177
119,105449;587,143810,0.997192;121,10964,0.911231;128,17908,0.979266;253,14682,0.842981;260,24089,0.902808
118,105177;526,142911,0.999352;113,10721,0.913823;118,17656,0.975162;233,13594,0.85054;190,23187,0.89892
116,105250;483,143558,0.999352;106,11101,0.933477;145,17784,0.984017;158,13790,0.868683;169,23741,0.907127
115,105203;332,140895,0.997192;110,10141,0.930886;153,16394,0.977322;225,13722,0.866091;251,23119,0.902592
116,104916;337,143700,0.99784;120,9575,0.924406;147,15759,0.977106;218,13184,0.880994;234,22266,0.912743
114,103496;333,142365,0.992873;124,10197,0.908855;157,16431,0.985745;211,12823,0.886825;230,21794,0.915551
119,105330;405,142795,0.998056;128,10773,0.934557;153,16225,0.97905;223,14001,0.893521;211,22708,0.917711
118,105621;590,141343,0.997408;116,10175,0.92743;149,16880,0.984665;223,14148,0.9;240,23535,0.923974
118,105035;590,140926,0.998704;126,9707,0.928942;147,16096,0.988985;204,13481,0.905616;236,22625,0.925918
116,105191;590,140811,0.999136;127,10479,0.935421;152,16483,0.985529;201,13506,0.918143;202,21728,0.92959
116,104689;592,141160,0.999136;110,9843,0.935637;133,15550,0.986609;192,13142,0.92311;234,22186,0.931965
116,104926;592,141410,0.999784;113,10363,0.949028;140,16352,0.988985;219,14154,0.920518;157,23095,0.934341
116,105148;588,140226,0.999784;156,10344,0.949244;160,16552,0.982289;233,14650,0.925054;286,22629,0.931533
117,105441;594,142184,0.999568;123,10457,0.949028;117,17171,0.984881;145,13880,0.924838;242,23395,0.937581
118,105611;587,142280,0.999784;125,10683,0.950108;91,16235,0.978402;166,14269,0.922894;210,23764,0.937365
116,105192;548,142091,0.999568;85,10160,0.942981;102,16402,0.990065;180,13784,0.913607;232,22530,0.92959
117,104713;547,141445,0.999784;116,9535,0.933477;125,14971,0.988985;201,13227,0.908639;214,21914,0.924622
117,105280;550,141104,0.999568;132,10356,0.938229;147,15681,0.986825;220,14092,0.914471;228,22128,0.926566
120,105543;550,140261,1;116,9799,0.931533;151,15874,0.990929;207,14110,0.922678;219,22208,0.929158
118,105457;551,142489,1;127,9927,0.944708;135,15504,0.992873;198,13335,0.926782;221,22025,0.931317
117,105048;544,140176,1;120,10174,0.948164;156,15971,0.988769;167,14094,0.923974;148,22586,0.932829
121,105395;546,140434,1;118,10287,0.942549;141,15941,0.981857;211,14513,0.92743;180,23123,0.934989
117,105386;548,140904,1;132,10186,0.939957;170,16428,0.987257;256,14985,0.928294;238,23007,0.934773
117,105170;548,139907,1;141,9934,0.940173;139,15572,0.988337;216,14061,0.920086;232,22318,0.931102
118,105295;543,139279,0.999784;109,9396,0.922894;138,14911,0.989417;201,13764,0.92527;144,22147,0.933261
117,103238;533,138134,1;122,9451,0.932829;157,14770,0.989849;170,12968,0.931533;202,19827,0.933693
129,105057;333,140614,1;171,10237,0.940173;149,15303,0.989201;213,14184,0.923326;229,22926,0.934125
122,105435;332,140349,1;128,10018,0.938661;144,15555,0.989417;202,13749,0.92743;224,22602,0.935421
119,104922;333,140653,1;126,10432,0.957019;146,16049,0.985745;229,14116,0.92743;261,23297,0.935205
122,105697;333,141243,1;140,10600,0.934125;156,16856,0.988985;215,14287,0.928726;245,24407,0.932613
121,105488;333,141266,1;128,10522,0.954212;142,15821,0.989417;220,14201,0.923974;222,22280,0.925486
121,105093;586,141685,1;123,10046,0.940605;148,16083,0.990065;244,14267,0.926134;256,22576,0.934341
124,105121;583,141145,1;149,10854,0.944276;170,16380,0.990281;210,14445,0.933045;157,23398,0.941469
121,104965;582,140813,1;80,10201,0.942765;91,15973,0.982937;148,14614,0.931102;145,22648,0.937581
119,104136;494,142062,0.999784;115,10091,0.95162;130,15544,0.989201;203,13754,0.930022;215,21822,0.939525
124,105050;331,140753,1;121,10572,0.958099;185,16387,0.986177;219,14065,0.922246;241,23901,0.936285
121,105854;332,140936,1;109,10309,0.94946;96,16862,0.991577;215,14591,0.924622;246,24257,0.935853
122,105514;531,140266,1;123,10449,0.944924;137,16419,0.987257;185,14732,0.932397;219,22570,0.942549
121,105496;588,142209,1;124,10353,0.965659;127,16614,0.990713;222,14165,0.923326;237,23452,0.940173
121,104857;583,140544,1;136,9822,0.938229;165,15657,0.989417;221,13871,0.932181;213,22308,0.938661
121,105561;595,141693,1;125,10738,0.958747;150,16500,0.991361;207,13804,0.932613;199,22135,0.940821
120,105031;580,140123,1;114,9540,0.9473;147,15741,0.990281;201,13503,0.935205;216,21660,0.943844
123,104460;582,140872,1;120,10071,0.940389;135,15558,0.986393;195,13174,0.937365;216,21364,0.944276
122,104601;592,140427,1;114,10019,0.934989;127,15658,0.984449;206,13684,0.935205;206,21952,0.938229
123,105550;585,140956,1;127,9762,0.946004;150,15767,0.989633;198,13536,0.937581;214,21495,0.938877
123,105641;586,141910,1;119,10481,0.946004;141,16074,0.992657;218,14679,0.940821;230,23142,0.943844
120,104356;600,143122,0.995464;109,9694,0.950756;148,14453,0.988121;207,12987,0.937797;212,19949,0.938661
118,105719;586,140911,1;133,9837,0.938013;135,15646,0.990497;200,13779,0.936717;210,23159,0.940821
120,105587;588,141842,1;114,9901,0.934125;136,15498,0.980562;209,13862,0.942333;227,22425,0.942981
119,105127;591,141194,1;125,9897,0.941469;147,15721,0.990497;194,13744,0.933909;220,21282,0.937365
122,105434;591,142785,1;125,9729,0.956803;152,15486,0.990713;192,13692,0.936933;222,21212,0.935637
122,105571;589,142765,1;118,10065,0.941901;168,16693,0.990713;223,14492,0.934557;225,22199,0.938229
121,104979;590,143242,1;122,9836,0.943197;148,15293,0.991145;203,13811,0.944708;219,21735,0.946436
124,105631;594,140719,1;127,9739,0.94514;150,15669,0.989849;203,14364,0.946004;213,21874,0.949244
121,104703;579,139437,1;104,8649,0.92527;141,14423,0.989633;192,13125,0.937581;200,20495,0.945572
123,105636;587,141811,1;119,10151,0.945356;143,15922,0.988553;206,14433,0.934773;200,21996,0.942765
121,105722;594,141123,1;119,10120,0.9527;143,16262,0.993305;196,13926,0.934989;220,22622,0.938877
122,105543;582,139469,1;116,10198,0.943629;149,16124,0.988985;210,14272,0.940173;213,22404,0.943629
119,104254;577,140448,1;127,10045,0.947732;151,15537,0.984881;196,13425,0.942981;207,20979,0.94514
120,105015;558,141585,1;111,9694,0.960907;143,14839,0.991145;198,12932,0.940605;208,20921,0.943629
121,104975;587,141406,1;112,9467,0.95378;134,15240,0.985961;192,13135,0.939093;189,20883,0.941685
121,105352;589,142699,1;120,9437,0.943844;152,15118,0.989633;200,13468,0.942765;207,21961,0.945572
121,105641;575,142071,0.999784;116,9894,0.934125;133,15303,0.990497;135,13571,0.936717;145,22236,0.940821
119,105329;546,142076,1;146,9697,0.940389;144,15113,0.987905;185,12958,0.937365;198,20591,0.938877
120,103746;541,140447,1;106,9064,0.938661;133,14466,0.985529;186,13204,0.940173;196,20826,0.941253
122,105537;548,143503,1;111,9765,0.936285;140,15425,0.988985;188,13649,0.935853;206,21221,0.943844
123,105621;553,142902,1;144,10421,0.935421;140,15593,0.991361;204,14366,0.939525;215,22636,0.94406
123,105653;554,142612,1;146,10275,0.94946;144,16036,0.992225;209,14059,0.943197;217,22169,0.944708
123,105643;549,142633,1;119,10211,0.947948;146,16207,0.988769;195,13794,0.939957;209,22068,0.945356
123,105213;550,143020,1;114,9686,0.952268;137,14960,0.991145;198,13806,0.932181;208,21623,0.942981
130,104988;544,140994,1;121,9230,0.939309;126,14417,0.990713;183,12966,0.941253;202,20423,0.943197
134,105453;546,141026,1;127,9557,0.952484;146,15381,0.986609;205,13862,0.943413;209,21652,0.945788
133,105748;552,142355,1;95,9678,0.948812;127,15908,0.991361;216,14464,0.939309;221,22575,0.944492
134,105719;548,141532,1;114,9403,0.946652;145,15344,0.993952;200,13578,0.936717;230,22676,0.941469
132,104799;548,142722,1;112,9344,0.949028;129,14423,0.987257;194,13041,0.927214;204,20533,0.938229
132,104974;548,143168,1;129,9692,0.958099;150,15487,0.989633;196,13226,0.923542;214,21253,0.937149
131,105209;541,140358,1;114,9431,0.943413;156,15885,0.990929;212,13985,0.938877;221,22303,0.945572
132,105826;551,142601,1;118,10029,0.939741;147,15370,0.987041;216,14245,0.931102;225,22772,0.934989
130,105309;553,142254,1;119,9749,0.959611;136,14781,0.994384;199,13156,0.932613;178,21241,0.937365
135,105042;545,140008,1;80,8953,0.934989;99,14883,0.990281;197,13054,0.936717;190,20366,0.942981
134,105388;544,140149,1;79,9505,0.926134;97,15515,0.990497;151,13477,0.92959;226,22291,0.942117
138,105405;539,140642,1;133,9754,0.932181;153,15718,0.991793;213,14104,0.933045;218,22221,0.937581
136,105497;539,138568,1;154,9397,0.946436;140,15051,0.990497;197,13489,0.939741;216,21381,0.941901
121,104628;547,139338,1;122,9159,0.947948;143,14656,0.985529;192,12952,0.939309;213,20299,0.944276
122,105602;544,139145,1;121,9164,0.937365;142,14758,0.984665;167,13233,0.935853;138,21702,0.941685
122,104877;544,139993,1;92,9645,0.940605;89,15273,0.985745;133,13451,0.940821;148,21313,0.94514
122,105470;544,139923,1;112,9645,0.946004;148,15243,0.989849;185,13343,0.936933;214,21664,0.940173
122,105258;546,141363,1;121,9479,0.936285;143,14921,0.992441;206,13589,0.936933;226,21950,0.941685
123,105519;547,140854,1;114,9924,0.94406;162,15679,0.990713;220,14320,0.939957;224,21964,0.940389
122,105764;552,142251,1;127,10113,0.9527;161,15877,0.991793;214,13762,0.941901;209,21808,0.942549
123,105315;547,141914,1;119,9655,0.935205;144,15083,0.988553;202,13141,0.936285;219,21448,0.941901
122,105359;542,140345,1;115,9685,0.938661;130,15523,0.992441;204,13842,0.945356;212,22242,0.947516
122,104851;552,141704,1;89,10259,0.955076;98,15730,0.989417;141,14080,0.941901;196,22173,0.946652
120,103707;548,141582,1;70,8619,0.931317;88,14477,0.991145;159,12525,0.937365;127,19508,0.946436
121,104190;552,141200,1;90,9674,0.945788;90,14771,0.990497;127,13107,0.937149;132,20793,0.938877
121,103923;546,140036,1;82,9170,0.947948;91,14554,0.987473;123,12506,0.930886;206,19865,0.933693
121,105182;542,139986,1;132,10187,0.95162;155,15655,0.990929;211,13989,0.935853;206,22212,0.939957
123,105426;546,141815,1;95,10404,0.939525;151,16467,0.989633;211,14191,0.929374;230,23098,0.935421
122,105270;547,143197,1;114,9843,0.943413;149,16097,0.992441;221,14669,0.932397;228,22683,0.939093
122,104446;546,140832,1;153,9597,0.94406;148,15127,0.986825;203,13128,0.942333;197,20333,0.944492
124,105688;555,142550,0.999568;120,9911,0.950972;158,16039,0.991361;221,13997,0.938229;213,21910,0.940173
126,105808;542,139490,1;122,10225,0.946436;140,16212,0.988769;221,14794,0.931533;223,22493,0.933693
123,105495;544,140801,1;120,9732,0.933909;162,15985,0.990713;207,13870,0.934989;227,22478,0.938445
122,103878;547,141076,1;119,9329,0.923542;132,14833,0.988553;179,13023,0.92635;204,20388,0.932397
123,105043;542,139233,1;118,9474,0.928942;151,14869,0.987905;194,14039,0.926782;170,21653,0.938013
122,104890;405,139829,1;80,9591,0.951404;97,14621,0.987257;120,12627,0.926782;126,19700,0.936069
124,104353;334,139988,1;91,9407,0.963067;90,13706,0.989633;124,12764,0.929806;129,20512,0.939957
130,104238;475,140168,1;101,8997,0.950108;142,13926,0.986177;191,12863,0.92851;196,20085,0.933261
136,104359;581,139217,1;166,9805,0.940605;140,14767,0.981641;192,12635,0.923326;208,20700,0.931533
134,105305;397,141650,1;123,9595,0.923326;159,15715,0.991793;200,13791,0.932829;228,22204,0.935853
132,105375;333,139138,1;116,9744,0.953348;152,15124,0.988985;210,14340,0.928726;160,20943,0.931749
134,105420;385,138177,1;113,9057,0.930238;147,14735,0.990929;192,13228,0.931317;227,21459,0.933045
134,105461;590,138635,1;145,9569,0.933909;147,14942,0.975594;211,13721,0.912311;217,21296,0.929374
132,105117;586,140192,1;126,9014,0.933045;140,14839,0.982073;190,12383,0.917063;201,19913,0.920302
129,104881;588,139904,1;119,9437,0.94622;97,15026,0.988121;128,12977,0.929158;130,20263,0.913823
134,105657;591,139184,1;80,9409,0.946436;100,14990,0.987905;142,14152,0.926998;145,22265,0.930238
133,105086;582,139068,1;77,9481,0.938445;95,14707,0.986825;134,13405,0.923758;175,21496,0.92959
137,105400;586,139961,1;126,9579,0.948596;143,15402,0.99568;212,13796,0.927862;217,21730,0.92959
137,105255;574,137764,1;152,10273,0.952268;167,15661,0.987473;207,14046,0.931317;216,22208,0.932829
136,104810;591,138042,1;119,9075,0.941469;125,14275,0.983801;191,12690,0.931533;199,20572,0.933477
126,105445;587,139634,1;133,9640,0.961555;133,15120,0.990929;198,13473,0.924838;213,21003,0.929158
123,105345;580,139315,1;118,8863,0.933045;138,14264,0.993952;192,12919,0.925702;208,21316,0.928726
133,105450;588,138248,1;122,9751,0.951836;149,15479,0.993305;213,14178,0.933261;237,22798,0.936501
133,105291;581,137727,1;114,9274,0.95378;135,14795,0.990065;187,12911,0.933045;201,20831,0.934125
136,105667;585,138811,1;120,9742,0.956156;140,15081,0.993305;210,14216,0.933477;227,23260,0.936501
125,105142;585,138004,1;115,9068,0.941685;136,14346,0.987041;192,12950,0.928726;208,21086,0.932829
126,105249;577,137462,1;119,8954,0.933261;143,13850,0.982721;202,13451,0.92203;216,20948,0.92743
139,103345;584,138986,1;107,8537,0.944924;136,13751,0.988985;185,12587,0.921382;192,19461,0.926566
141,105321;573,136075,0.999784;123,8722,0.933909;150,14097,0.989849;191,13198,0.916199;206,21335,0.920734
132,105254;590,137687,1;102,8921,0.953996;128,13849,0.990929;180,12693,0.915767;178,19730,0.92095
132,105590;579,137760,1;123,8762,0.932829;102,14392,0.991361;189,13182,0.920518;204,20689,0.92311
131,103893;578,137278,1;81,8729,0.932829;89,13539,0.985097;114,12091,0.926998;121,19009,0.927862
123,103007;578,136746,0.999568;92,8662,0.941037;123,13531,0.989849;163,12044,0.931749;179,18782,0.933909
131,105459;576,136757,1;129,9358,0.95378;128,14446,0.986177;196,13283,0.927862;205,20401,0.931102
143,105149;577,136279,1;106,9049,0.951188;141,14757,0.991793;205,13704,0.922894;199,20540,0.928726
133,105224;574,136020,1;130,9408,0.938661;143,14432,0.992225;205,13837,0.925054;216,21311,0.931317
140,104932;572,135400,1;139,9227,0.947516;150,14028,0.988553;193,13041,0.924838;205,19539,0.926566
136,104491;575,135831,1;116,8610,0.929806;137,13857,0.992441;176,11922,0.930454;193,19064,0.933909
125,105280;579,137267,1;115,9036,0.92527;149,13964,0.987905;180,12966,0.922462;208,20574,0.927214
128,105285;579,137986,0.999784;134,9036,0.92959;159,14631,0.991361;198,13040,0.919654;209,20587,0.922246
134,105299;579,136123,1;107,8301,0.925054;129,13621,0.99568;136,12891,0.922462;130,20041,0.928294
135,105700;576,135886,0.999784;82,9352,0.928942;95,14623,0.994816;169,12853,0.928942;205,19747,0.934773
134,105339;580,137405,1;108,9020,0.960691;136,13697,0.989849;179,12597,0.925918;200,19861,0.932181
131,104944;570,134612,1;101,8317,0.943413;145,13640,0.993737;186,12796,0.930022;167,19028,0.934341
128,105449;576,136915,1;134,8807,0.941685;157,14263,0.988769;180,13090,0.927862;132,20400,0.935421
125,104533;575,137332,1;98,8594,0.961987;135,13505,0.983801;188,13025,0.932613;194,19010,0.935421
131,105716;575,136554,1;83,8902,0.958099;94,14514,0.991145;191,13228,0.925918;199,19943,0.930454
131,105041;577,137396,1;132,8455,0.938445;131,13454,0.994816;185,12874,0.926998;190,19110,0.930022
132,104114;581,137728,1;111,8649,0.952484;124,13487,0.988337;179,12466,0.932613;170,18385,0.938013
131,105328;574,136537,1;118,9073,0.944708;136,14636,0.993305;132,13549,0.925486;134,20073,0.92959
138,104691;581,138085,1;117,8817,0.947732;129,13552,0.992441;179,12369,0.925702;188,19154,0.930022
127,105634;574,135770,1;158,9355,0.953564;142,14035,0.994384;167,12595,0.933909;193,19174,0.938013
125,105181;579,137676,0.999784;98,8700,0.954428;89,13725,0.990713;123,12925,0.93067;122,19104,0.936285
134,105532;578,136632,1;74,8253,0.936285;91,13433,0.991145;171,12739,0.927214;181,19516,0.930454
135,105615;575,136170,1;106,8464,0.95378;86,13279,0.985313;119,12687,0.920086;134,19861,0.926566
133,105699;580,137663,0.999784;75,8528,0.931317;93,14013,0.981425;172,13377,0.923326;197,19965,0.930238
129,105305;582,137493,1;119,8822,0.952268;131,13420,0.979914;184,13136,0.934341;192,19865,0.936717
147,105080;574,135476,1;102,8197,0.931533;132,13720,0.992657;174,12553,0.921814;188,19622,0.931102
126,105612;576,136539,1;116,8750,0.940389;138,13539,0.989849;186,12926,0.917927;184,19346,0.924406
132,105232;578,137348,1;110,8755,0.961555;135,13496,0.990929;196,12982,0.924622;186,19510,0.930238
135,105174;582,138035,1;114,8669,0.951404;118,13297,0.991361;197,13034,0.925486;186,18664,0.92743
147,105566;582,138756,1;126,8189,0.939309;128,13646,0.989201;184,13093,0.921598;198,20195,0.922678
135,105615;580,137345,1;116,8858,0.961987;145,13795,0.985745;187,12959,0.925054;203,20365,0.92851
132,104903;581,138016,1;165,8540,0.949028;155,13822,0.988985;199,12389,0.923758;205,18580,0.92527
133,105090;579,137014,1;125,8666,0.947084;131,13925,0.985745;120,12509,0.929806;131,19508,0.927214
137,105741;581,138212,1;123,8823,0.961987;138,13805,0.993521;178,12783,0.926566;164,19691,0.925918
135,105406;583,138005,1;72,8598,0.934557;84,13471,0.989633;138,12658,0.922678;224,20255,0.923326
133,105165;578,137240,1;146,8647,0.95162;158,13126,0.990929;194,11971,0.92635;205,19004,0.925702
134,105431;579,137810,1;127,9114,0.953132;113,14355,0.99568;118,12767,0.92527;125,19961,0.927214
135,105636;580,137495,1;73,8937,0.953996;95,13848,0.993952;137,12989,0.935637;196,20085,0.935205
134,104650;577,136573,1;112,8746,0.945356;126,13762,0.989201;173,12364,0.935637;177,19414,0.936501
134,104891;581,137699,1;111,8711,0.934341;129,13851,0.993089;182,13116,0.928078;187,19761,0.929374
136,105657;580,137863,1;129,8815,0.955508;140,13560,0.990281;177,12923,0.928078;174,18915,0.926782
137,105478;577,136061,1;111,8714,0.958747;129,13442,0.991361;173,13180,0.92527;197,19950,0.927646
134,105150;575,136769,1;115,8988,0.950756;152,13868,0.988553;184,13221,0.932181;189,19912,0.934125
135,105308;580,138266,1;114,9035,0.945788;133,13916,0.989417;195,13479,0.939525;191,20190,0.939309
135,105483;576,137637,1;124,8988,0.954428;135,13836,0.987257;173,13377,0.942765;195,19460,0.94406
134,104170;583,138353,1;108,8496,0.963715;88,12950,0.991361;164,12368,0.943413;188,18896,0.943629
136,105697;575,136954,1;119,8831,0.949028;143,14170,0.990497;192,13505,0.940389;201,19586,0.942333
138,105391;580,137012,1;120,8612,0.951188;142,13933,0.989849;187,12894,0.936717;200,19600,0.938229
135,105739;566,138620,1;114,8679,0.939741;152,14528,0.991145;204,13444,0.938013;206,19846,0.942117
136,105420;330,138366,1;118,9038,0.948812;133,13856,0.990929;182,12893,0.938661;193,19916,0.940173
135,105321;330,138266,1;117,8851,0.945788;141,14208,0.993089;193,13019,0.935637;205,20178,0.937365
134,105192;331,138793,1;109,8692,0.934989;140,13747,0.995032;142,13023,0.932181;188,19535,0.934341
135,104747;334,136979,1;108,8627,0.957451;130,13526,0.988985;184,12967,0.936933;192,19178,0.936285
137,105087;333,136790,1;113,9160,0.965875;154,14213,0.994816;191,13190,0.9473;195,19259,0.946652
139,105549;328,136443,1;112,8393,0.936501;146,14074,0.987257;190,13111,0.940605;202,19967,0.942981
137,105436;331,137140,1;118,8540,0.949676;136,13502,0.9946;181,12946,0.942333;184,18715,0.943413
133,105610;326,135612,1;112,8668,0.952484;117,13933,0.989849;119,13034,0.937581;119,18642,0.937365
136,105635;331,137553,1;78,8460,0.936501;94,13928,0.992657;178,13089,0.930238;193,19701,0.935853
134,105282;335,138667,1;122,8912,0.947732;139,13746,0.990065;187,13271,0.939093;197,19804,0.941037
135,105586;331,137354,1;117,9509,0.962419;159,14407,0.984449;192,13364,0.946868;129,18880,0.946652
134,104825;332,138289,1;73,8364,0.950324;86,12688,0.977538;167,11914,0.945356;172,17971,0.946868
139,105569;332,138242,1;105,8620,0.945356;139,13421,0.985097;178,12850,0.937797;186,19106,0.940605
134,105344;477,137494,1;104,8264,0.932397;132,13805,0.993089;188,13070,0.937581;211,19457,0.938661
136,105528;333,138400,1;119,8854,0.951404;147,13800,0.991793;211,13429,0.936717;213,19849,0.939525
132,105202;335,139829,1;107,8751,0.931533;129,13809,0.990929;179,12919,0.942549;182,18755,0.945572
136,105762;330,137857,1;115,9182,0.959395;144,14178,0.988121;182,13158,0.938229;183,19154,0.940605
132,105380;578,136555,1;102,8597,0.931533;136,13848,0.992441;182,13323,0.938661;140,19738,0.941253
131,102781;584,138267,1;106,7998,0.925702;122,12763,0.982721;165,11680,0.942765;167,17013,0.945572
124,105280;588,139703,1;117,8895,0.948596;153,13579,0.990065;115,12550,0.937581;171,19106,0.942549
122,105514;582,137399,1;109,8758,0.947732;144,13845,0.992657;144,12737,0.941037;167,18983,0.944276
125,105507;582,138003,1;114,8778,0.946436;109,13761,0.989849;121,13001,0.939525;123,19454,0.942117
123,104687;585,139495,1;125,8283,0.938445;128,12953,0.97905;164,12400,0.935205;184,18237,0.936501
123,104667;584,137994,1;117,8532,0.941901;132,13516,0.989633;173,12139,0.925918;183,18399,0.929158
125,105457;582,138871,1;109,8439,0.936069;135,13888,0.991145;201,13342,0.935421;173,19728,0.937149
123,104731;398,139830,1;92,9331,0.955076;144,14222,0.990497;144,12416,0.933909;150,19281,0.936069
123,105168;332,138986,1;142,8529,0.95486;117,13302,0.986609;187,12439,0.934989;118,18875,0.936933
125,105480;330,136905,1;80,8839,0.942549;132,13773,0.992009;178,12860,0.944708;172,19343,0.946868
125,105105;331,138231,1;110,8895,0.949892;153,13840,0.988121;182,12738,0.933693;193,19266,0.935421
125,104893;332,138435,1;110,8824,0.955292;131,13159,0.986609;177,12402,0.937365;187,18690,0.940821
132,104302;332,137900,1;111,8727,0.94622;134,13264,0.988769;176,12201,0.930886;180,18293,0.937149
131,104129;328,136895,1;117,8628,0.94514;129,13176,0.992873;177,12016,0.933261;181,17851,0.940821
136,104904;331,138696,1;114,8337,0.945572;130,12928,0.982937;167,12595,0.924838;163,18014,0.936285
132,105330;328,137099,1;102,8301,0.941469;132,13715,0.994384;176,12824,0.934989;181,19071,0.934125
136,105016;331,138073,1;109,7985,0.941037;121,12762,0.992009;160,12103,0.933909;169,18479,0.934989
137,104755;326,135478,1;123,8892,0.935853;126,13266,0.989417;171,12711,0.936501;179,18606,0.938013
134,105693;330,138171,1;120,8823,0.954212;147,13611,0.988985;173,12845,0.934557;194,19383,0.934341
132,102816;331,137870,1;108,7874,0.950972;122,12342,0.989417;158,11317,0.937149;167,16907,0.936933
133,105478;505,137400,1;104,8850,0.957883;145,14015,0.993952;188,12892,0.935205;204,19874,0.935421
140,104906;526,136236,1;113,8743,0.930454;135,13780,0.985745;183,12478,0.931749;196,19389,0.933045
138,105343;333,138728,1;121,8998,0.953996;135,13501,0.992657;183,12771,0.937149;191,19096,0.936501
124,105033;356,136729,1;124,9187,0.954212;144,14189,0.987041;193,12902,0.938445;207,19727,0.941469
123,105126;578,137911,1;115,8425,0.937365;143,13293,0.984017;184,12923,0.922894;188,19379,0.936285
122,105353;578,137313,1;114,8608,0.945572;133,13723,0.988337;176,12760,0.899784;189,19554,0.934773
122,105121;570,135484,1;129,8976,0.950108;142,13380,0.989849;175,12441,0.91879;178,18711,0.934125
122,105313;575,135386,1;112,8563,0.941685;142,13643,0.991145;193,13366,0.92635;199,20112,0.92203
122,104481;576,136773,1;114,8281,0.934989;133,13207,0.989633;140,12703,0.92635;118,18196,0.927646
122,105344;572,135556,1;75,8311,0.944492;89,13139,0.991577;134,12957,0.924406;188,19080,0.930454
122,104017;577,137071,1;126,8962,0.955508;143,13129,0.986177;172,12138,0.919222;179,18290,0.931533
124,105011;574,136182,1;104,8878,0.958531;141,13975,0.988985;172,12398,0.930238;184,18863,0.932181
124,105272;574,136785,1;113,8944,0.931965;132,13705,0.990713;173,12581,0.930886;176,18901,0.933477
123,105359;572,135789,1;115,8936,0.95054;131,13671,0.989417;180,12763,0.926998;175,17946,0.92959
124,105287;584,138663,1;127,8697,0.958099;140,13907,0.990065;190,13420,0.932613;189,19312,0.934125
126,105636;575,136974,1;108,8617,0.938877;133,14094,0.992225;175,13101,0.928942;193,19360,0.932397
124,105307;580,137742,1;118,8630,0.948596;161,13632,0.978402;195,13087,0.927646;199,18902,0.926782
125,105100;574,137484,1;123,8548,0.943197;151,13823,0.989201;190,12757,0.924622;172,18769,0.920518
128,105386;584,139136,1;118,9188,0.95162;133,14317,0.988985;184,12967,0.927214;195,19570,0.922462
140,105406;575,136923,1;118,8884,0.953348;134,13863,0.993089;179,13185,0.927862;196,19757,0.927862
137,104384;585,139614,1;154,8961,0.951188;150,13537,0.987257;181,13240,0.927862;184,18669,0.929374
136,105560;581,138695,1;116,8815,0.935421;128,13945,0.989201;183,13171,0.930886;193,19967,0.933693
137,104501;584,140072,1;136,9057,0.95054;133,13834,0.990929;175,12521,0.926998;188,19469,0.928726
137,105764;584,140133,1;109,9408,0.953132;138,14454,0.992873;197,14005,0.932397;198,20828,0.933045
134,105784;576,137430,1;128,9395,0.957451;144,14558,0.993952;181,13317,0.925702;207,20900,0.929158
133,105495;576,136147,1;115,9160,0.953564;150,14156,0.992225;188,13096,0.925702;199,20298,0.927214
132,105321;580,138476,1;70,8429,0.947732;94,13617,0.994816;162,12212,0.918359;173,19417,0.925702
140,105515;576,137620,1;111,8355,0.937581;130,13577,0.990713;181,12877,0.929374;191,18747,0.928294
139,105101;582,138542,1;108,8354,0.942549;142,13170,0.986393;182,12961,0.926134;194,19342,0.927214
126,104552;578,137061,1;117,7992,0.941253;130,12882,0.990281;136,12075,0.924406;180,18338,0.92419
126,104922;579,137591,1;109,8761,0.95054;121,13737,0.995464;181,12638,0.914471;187,19114,0.916847
128,104327;580,138147,1;79,8467,0.951404;87,12897,0.987689;117,12624,0.921166;120,19127,0.921166
125,104441;585,138721,1;109,8592,0.94406;140,13762,0.992873;173,12338,0.93067;184,18723,0.931533
125,105280;577,137074,1;104,8397,0.942981;140,13384,0.991361;176,12907,0.929158;153,19486,0.932397
124,103024;576,137500,1;69,8159,0.940389;89,12907,0.988337;162,11698,0.933477;171,17452,0.936069
123,105342;572,135233,0.999784;127,8931,0.950324;148,13577,0.990497;185,13065,0.928942;184,18897,0.933909
123,105262;572,135125,1;115,8758,0.957883;134,13532,0.985745;187,13184,0.927862;190,18834,0.931317
122,105270;581,138046,1;110,8808,0.957019;138,13528,0.992441;190,13307,0.931533;182,18444,0.932397
123,104947;579,137413,1;117,8263,0.918575;123,13517,0.990929;179,12574,0.924838;167,18339,0.933477
128,105455;579,137592,1;122,9323,0.949892;130,14300,0.992873;193,13551,0.935853;193,19591,0.938445
125,105597;581,137487,1;115,8624,0.950756;141,13177,0.990713;122,13266,0.928078;124,19526,0.937365
123,105295;574,135794,1;68,7848,0.933693;92,13445,0.989417;171,12847,0.937581;177,18588,0.941685
127,105479;577,136805,1;73,8802,0.950756;94,14387,0.992441;185,12936,0.940605;190,19059,0.939957
124,105360;577,137708,1;105,8578,0.957019;137,13224,0.990065;179,12675,0.936933;157,18457,0.939093
125,104810;581,138068,1;75,8082,0.938877;89,12846,0.991793;174,11699,0.935421;190,17915,0.938229
131,104687;572,135276,1;129,8450,0.92851;143,13596,0.990281;193,12755,0.935205;183,19036,0.937365
133,105526;575,135753,1;108,8553,0.946652;121,13681,0.993737;184,13200,0.933477;183,19189,0.936501
138,105740;570,134237,1;108,8486,0.964795;141,13590,0.994384;184,13044,0.927646;189,19173,0.933909
131,104731;578,136717,0.999784;122,8028,0.950108;142,13279,0.991577;171,12409,0.935637;183,18024,0.938013
134,104645;581,138206,1;109,8138,0.946868;134,13299,0.992009;171,12310,0.933045;186,18921,0.936501
134,105259;576,136777,1;101,7992,0.949244;132,12740,0.990497;181,12767,0.938229;184,18889,0.941253
133,104310;574,135750,1;120,8413,0.945356;135,13201,0.984881;176,12314,0.936501;180,17975,0.939957
135,105652;576,137143,1;128,9097,0.948596;148,14702,0.991145;197,13751,0.938013;207,20025,0.940605
132,105409;581,137611,1;111,8941,0.938877;137,14100,0.986177;189,13489,0.935421;184,19219,0.939741
139,105377;584,138758,1;107,8680,0.952052;161,14745,0.993305;187,13113,0.939309;195,19723,0.942117
140,105230;574,136544,1;116,9049,0.958963;136,13391,0.987041;194,13160,0.934125;195,19775,0.936069
125,105515;574,136205,1;109,8549,0.967603;130,13172,0.990713;179,12533,0.936717;184,18940,0.937365
123,105119;581,138658,1;111,8874,0.938445;135,13626,0.980562;182,12905,0.934341;186,19434,0.937797
124,105248;578,137911,1;113,8554,0.942333;135,13373,0.992009;178,12931,0.931965;185,19287,0.931102
124,104129;575,136822,1;123,8382,0.949676;131,13307,0.994384;168,12253,0.937797;175,18098,0.939957
125,105188;575,137108,1;108,8742,0.952916;132,13556,0.987905;178,12599,0.936933;186,19239,0.939309
125,104355;575,137237,1;112,8240,0.941685;129,13281,0.985097;174,12155,0.937149;177,18482,0.939525
133,104833;579,138343,1;110,8607,0.962203;121,13573,0.990065;123,12887,0.935421;128,19782,0.937581
123,105306;578,137076,1;79,8417,0.939093;91,13729,0.988985;120,12858,0.940173;118,19366,0.941253
122,104843;574,136076,1;76,8879,0.942333;92,14084,0.990281;119,12605,0.943413;118,19066,0.944708
122,104357;580,137679,1;74,8522,0.940821;134,13057,0.994384;173,12485,0.940821;187,19572,0.943413
122,103918;575,136608,1;123,8907,0.947084;143,13681,0.990497;203,12466,0.938013;213,18896,0.942981
123,105305;581,138296,1;132,8885,0.951188;141,13902,0.991361;192,13037,0.935421;182,20135,0.942117
122,105367;588,139117,1;117,9368,0.94406;132,14442,0.987041;192,13392,0.939741;194,20000,0.944708
121,105258;578,137542,0.999784;111,9074,0.950756;127,14321,0.989417;186,13025,0.943197;192,20074,0.945572
121,105296;580,137846,1;118,9170,0.957019;138,13888,0.985745;196,13211,0.94514;220,20050,0.94514
123,105021;487,138382,1;127,8965,0.953996;154,14136,0.980778;201,12287,0.941685;217,19587,0.944276
126,105640;330,136207,1;129,9062,0.95594;159,14243,0.988337;210,13430,0.938013;224,20220,0.936717
125,105437;329,136773,1;143,9256,0.959179;170,14666,0.986609;210,13182,0.936501;224,20493,0.936069
124,105522;330,137535,1;144,8869,0.943844;162,14573,0.986609;213,13191,0.935637;198,20418,0.942981
124,105648;332,138224,1;128,9433,0.955724;159,14194,0.991361;126,12691,0.906263;153,20508,0.938013
122,105344;330,137620,1;112,9151,0.953348;142,14335,0.988337;181,13063,0.931533;193,19539,0.94406
122,104896;331,137454,1;111,8610,0.959179;120,13324,0.995032;182,12600,0.942765;194,19341,0.942765
126,104397;331,137126,1;111,8519,0.948812;137,13615,0.987473;184,12711,0.935205;187,19222,0.938013
138,105168;330,137962,1;114,8817,0.958315;139,13951,0.991793;197,13207,0.934557;199,19866,0.938445
135,105498;329,138050,1;115,9317,0.952052;146,14662,0.991577;190,13225,0.931102;184,20408,0.938445
137,105106;329,137266,0.999784;112,8759,0.940173;142,14553,0.987905;177,12942,0.940389;189,19606,0.943844
136,105399;393,136929,1;108,8877,0.960907;130,13895,0.990929;176,12359,0.938229;181,19196,0.941685
135,105598;552,138377,1;110,9429,0.957667;133,14293,0.992657;190,13274,0.941901;205,20517,0.941901
133,103876;537,139807,1;107,8200,0.935853;129,13318,0.989201;180,12427,0.938013;184,18936,0.940389
137,105657;537,137829,1;121,9183,0.955292;137,14046,0.988337;196,13352,0.931749;212,20902,0.938661
130,105003;543,138937,1;110,8919,0.956156;130,13185,0.990929;174,12271,0.936501;204,19260,0.939309
134,105497;538,138743,1;127,9120,0.951836;159,14265,0.988769;196,12874,0.936717;204,20112,0.941901
135,105152;533,137464,1;133,8618,0.940605;151,14095,0.992009;211,13500,0.934341;206,20331,0.938445
129,105049;578,138170,1;114,8622,0.936933;134,13509,0.988553;185,12588,0.935205;189,19515,0.937797
133,105284;579,139292,1;133,9024,0.946868;152,13931,0.992873;184,12660,0.936501;190,19943,0.939309
133,105329;579,139558,1;116,9428,0.95054;137,14203,0.986609;192,13374,0.938445;201,20805,0.941469
125,104861;580,139205,1;131,8892,0.949892;140,13324,0.986609;180,12212,0.939741;195,19220,0.942765
137,105409;583,140173,1;122,9164,0.948596;140,14139,0.989417;192,13124,0.935421;196,20269,0.942765
133,104679;579,138716,1;112,8114,0.940821;128,13115,0.988553;168,12228,0.932397;189,19198,0.937149
137,105524;574,137730,1;107,9032,0.943413;139,14435,0.987473;191,13134,0.931102;188,20174,0.935853
133,104370;581,139503,1;112,8810,0.939525;143,13785,0.990929;177,12007,0.927214;190,18818,0.938013
135,105722;581,139465,1;119,8898,0.948596;145,14281,0.991145;189,13223,0.910367;205,20740,0.937365
132,105016;578,139253,1;111,8522,0.929374;138,13822,0.986609;180,12503,0.925054;209,20408,0.937365
132,104978;585,140122,1;113,9198,0.938877;146,13669,0.990713;199,12813,0.931317;203,19616,0.935637
131,105535;581,139574,1;146,8701,0.954428;136,13618,0.992441;200,13068,0.934557;206,19814,0.937149
135,105545;583,139780,1;117,8962,0.949244;144,13706,0.993952;197,13000,0.932397;210,20168,0.933909
123,104649;577,138165,1;130,8747,0.935205;134,13482,0.991793;176,11998,0.937797;197,19275,0.941253
121,104547;579,138541,1;120,8567,0.957451;146,13551,0.993521;191,12373,0.936285;202,19155,0.938877
122,105032;582,139517,0.996976;128,8634,0.947516;147,13759,0.99568;188,12641,0.939525;200,19180,0.940605
121,105689;582,139708,1;120,9178,0.952484;151,14244,0.993089;204,13178,0.943197;206,20327,0.94514
124,105146;574,137238,1;121,8304,0.935205;144,13284,0.995896;188,12439,0.932397;201,19124,0.933261
122,105243;579,139263,1;123,9169,0.962203;155,13721,0.990497;191,12526,0.932613;200,19340,0.934125
125,105389;582,139363,1;123,8306,0.942765;133,13178,0.985313;169,12612,0.934773;177,19354,0.936717
122,104578;584,140280,1;108,8146,0.946436;126,12939,0.988553;152,11405,0.933261;149,17699,0.934341
123,105478;577,138668,1;113,8694,0.94514;139,13734,0.989201;182,13242,0.927646;190,19626,0.934557
121,104776;580,139282,1;109,8631,0.95162;125,13118,0.989849;164,12009,0.930454;175,18359,0.939093
121,104372;579,138751,1;111,8544,0.953132;122,13088,0.990713;108,11736,0.92419;114,17984,0.942117
120,104598;506,136742,1;82,8398,0.937797;84,13090,0.984665;117,12210,0.926782;116,18436,0.940389
121,104670;331,139521,1;80,8508,0.930886;85,13728,0.988553;115,12394,0.933477;116,18820,0.936069
121,103899;583,138926,1;82,8993,0.952916;91,13557,0.991145;115,12358,0.935205;166,18515,0.938013
121,104842;581,138278,1;95,8212,0.935637;130,13179,0.986393;175,12679,0.935853;170,18116,0.938013
121,104957;580,137827,1;112,8259,0.934773;130,12649,0.992873;144,11822,0.921166;176,18182,0.936501
123,105644;580,137176,1;93,8609,0.942549;142,13467,0.993089;191,12998,0.926134;183,19302,0.933477
123,105479;580,136308,1;126,8576,0.954428;141,13155,0.989849;171,12579,0.922894;189,19423,0.92959
123,105591;576,136031,1;119,8274,0.9527;130,13018,0.986825;179,12626,0.924622;183,19054,0.930238
124,105491;582,138524,1;100,8587,0.959827;133,12761,0.983153;183,12709,0.919222;187,19469,0.924622
121,105171;582,139042,1;104,8547,0.941253;141,13911,0.986177;174,12560,0.92851;191,19366,0.932181
125,105457;583,139016,1;120,8800,0.937365;146,14363,0.993089;184,12800,0.93067;192,19680,0.934773
123,104827;584,139136,1;116,8576,0.951188;134,13610,0.990065;183,12727,0.931965;187,19136,0.935205
126,105336;577,137150,1;118,8905,0.94838;151,14085,0.989417;185,12876,0.933477;196,19883,0.936501
125,105443;580,137525,1;104,8312,0.956803;126,12864,0.991577;175,12015,0.933045;193,19492,0.937149
125,105461;586,139645,1;114,8941,0.95378;130,13651,0.987905;186,12883,0.929806;196,19451,0.932181
122,105310;580,138272,1;118,8700,0.951404;142,13525,0.990497;184,12950,0.922678;192,19984,0.925702
121,104955;579,137410,1;120,8560,0.951188;137,12749,0.990929;173,12203,0.933909;181,18710,0.936933
125,105505;578,136740,1;137,8587,0.957883;89,12984,0.988337;114,12499,0.933693;115,18753,0.939093
125,104675;576,136031,1;98,7710,0.939093;86,12436,0.987905;106,11877,0.928078;113,18271,0.933693
125,105597;577,136690,1;126,8082,0.936501;95,13024,0.988553;117,12679,0.930022;121,19488,0.935637
122,104654;584,139175,1;72,7842,0.936501;84,12863,0.987041;108,11706,0.929806;111,18010,0.932181
122,105496;584,139047,1;104,8394,0.943413;128,13700,0.993737;169,12307,0.934557;177,19013,0.935637
123,104993;575,136569,1;117,8522,0.947948;135,13225,0.992009;175,12523,0.933477;192,18939,0.933909
121,104742;579,138166,1;123,8350,0.94514;129,12896,0.993305;169,12549,0.929158;176,18679,0.933909
125,105431;587,139384,1;128,8767,0.943413;134,13710,0.987905;174,12498,0.933477;182,19359,0.938445
122,105218;584,140230,1;109,8781,0.948596;131,13441,0.989417;182,12977,0.92959;187,19498,0.933477
121,105126;580,137955,1;106,8462,0.945788;113,13631,0.984449;123,12840,0.934341;123,19334,0.939957
122,105679;578,138318,1;82,8695,0.95378;95,14015,0.988769;119,12822,0.934125;135,19883,0.936501
125,105619;581,138624,1;117,8763,0.94838;132,13517,0.991577;181,13006,0.934341;188,19743,0.937149
122,105492;578,137450,1;126,8750,0.944924;133,13734,0.993521;170,12667,0.941037;171,18950,0.942765
122,105298;575,136589,1;112,8814,0.945356;136,13680,0.989849;169,12414,0.941685;181,18858,0.942981
124,105671;328,137188,1;106,8723,0.952484;140,13894,0.989633;177,12762,0.937581;185,19419,0.939525
136,105410;330,138471,1;113,8902,0.930022;139,13864,0.992009;188,13011,0.941685;187,18969,0.941901
138,105639;415,137810,1;116,8781,0.950108;134,14058,0.990281;173,12476,0.940173;181,18803,0.942117
135,104893;574,136738,1;118,8087,0.940821;134,12422,0.991577;116,11849,0.939741;109,17838,0.943197
135,105228;572,136039,1;90,8626,0.947084;89,13365,0.992009;129,12221,0.938877;179,18461,0.941469
134,105137;576,136985,1;99,8216,0.946436;130,12907,0.990065;166,12207,0.935637;172,18490,0.939525
135,104166;572,136274,0.999784;109,8461,0.954428;130,12999,0.987905;165,11743,0.937581;171,17917,0.938877
134,104728;575,136269,1;120,8621,0.961771;130,13397,0.990929;168,12300,0.940605;176,18306,0.94514
135,105666;575,136688,1;114,8684,0.958531;133,13539,0.991145;187,13053,0.939525;195,19487,0.942549
137,105721;575,137614,1;122,8297,0.931749;142,13997,0.992009;182,12931,0.934125;194,19526,0.945356
136,105352;576,136726,0.999784;121,8664,0.953132;92,14109,0.993521;120,12752,0.944276;119,18864,0.945788
135,105533;575,138097,1;122,8049,0.931533;128,13064,0.988121;178,12520,0.935421;186,18819,0.941685
134,104617;574,136388,1;118,8831,0.949892;138,13380,0.989201;167,12126,0.935637;176,18526,0.943413
133,105020;575,137555,1;105,8274,0.946868;138,13460,0.987473;170,12181,0.933693;178,17940,0.941253
126,105263;579,137892,1;105,8393,0.933477;138,13539,0.990065;184,12671,0.933693;185,18796,0.941253
136,105030;572,136454,0.996976;131,8895,0.95378;140,13633,0.991793;173,12362,0.935853;194,18394,0.941037
135,105221;573,135851,1;139,8541,0.937149;141,13355,0.985745;175,12187,0.936501;185,18999,0.937365
139,105542;571,135539,1;120,9032,0.960259;139,13987,0.992225;183,12821,0.939309;186,19532,0.940389
135,105117;574,136647,1;114,8188,0.930238;135,13117,0.985529;171,12075,0.936933;170,18948,0.940821
137,104824;476,135335,0.999568;119,8725,0.932613;145,13837,0.992009;188,12702,0.941685;179,18883,0.943197
134,103565;327,135969,1;104,8113,0.927214;135,12353,0.986825;160,11490,0.934773;161,17781,0.941037
137,105167;326,135553,1;93,8841,0.950108;108,13608,0.991793;124,12990,0.934125;144,19534,0.941037
122,105204;329,137301,1;121,8670,0.94946;137,13222,0.985745;193,12985,0.926782;201,18893,0.936717
125,105376;326,135720,1;148,8965,0.943844;126,14049,0.992009;161,12565,0.932613;182,19203,0.940173
122,105257;326,135607,0.999784;106,8340,0.937365;129,13568,0.990929;174,12313,0.933909;178,18073,0.936285
121,105334;324,136197,1;114,8385,0.937149;163,13767,0.989417;180,12819,0.932613;180,18830,0.933261
122,104489;325,136020,0.999784;113,8286,0.946868;129,13144,0.991361;169,12307,0.934557;178,18849,0.938877
126,105468;328,137048,0.999784;115,8941,0.954212;133,13961,0.994168;186,13468,0.939093;192,20203,0.941685
124,105397;326,136315,0.999784;105,8635,0.944708;130,13705,0.993737;177,12971,0.931533;182,19561,0.938661
120,104005;325,135977,1;113,8005,0.938877;129,12619,0.989417;152,11285,0.910799;156,17023,0.934989
122,104641;327,137146,1;121,8357,0.959179;133,13083,0.988769;165,11854,0.92743;175,18258,0.934773
121,104795;328,136761,0.999784;107,8637,0.94946;141,13438,0.987905;165,12638,0.939957;193,19325,0.945788
122,104374;325,134892,1;129,8462,0.942981;129,12827,0.9946;163,12018,0.939093;165,17670,0.943197
131,105083;329,137667,0.999784;108,8379,0.921598;131,14003,0.989849;161,12141,0.930238;172,19030,0.938661
127,105528;330,138832,1;118,8730,0.927862;143,14452,0.993521;178,12591,0.932397;182,19894,0.94406
124,104770;327,136645,1;122,8718,0.949028;145,13558,0.989417;181,12636,0.938013;183,18933,0.941469
124,103727;327,136846,1;105,7857,0.933261;130,12748,0.987257;161,11517,0.939525;168,17614,0.942765
125,104663;328,136211,1;116,8560,0.939525;139,13469,0.988985;174,12249,0.943844;229,18361,0.945788
126,104429;328,136908,0.999784;135,8463,0.937365;130,12949,0.990713;157,11481,0.935421;167,18115,0.940389
129,105583;325,135821,0.999784;112,9070,0.949892;146,14062,0.983585;183,12702,0.934557;203,19876,0.937797
126,104937;325,136291,1;114,8059,0.92311;140,13119,0.986825;176,12087,0.931533;182,18699,0.938877
128,105308;326,136106,1;118,8946,0.954644;140,13756,0.988121;184,12407,0.927862;165,18862,0.931317
137,105430;328,137369,1;116,8424,0.939525;142,13652,0.990713;182,12474,0.92635;180,19234,0.928294
136,104916;327,136655,0.999784;145,8822,0.955508;153,13587,0.987689;167,12613,0.923974;190,19130,0.927862
131,104557;453,137145,0.999784;119,8302,0.946004;141,13274,0.992009;180,12408,0.926134;169,18536,0.931965
134,105460;532,136234,1;72,8741,0.953348;98,13745,0.9946;119,12752,0.926134;131,19668,0.929806
130,104282;531,134658,0.999568;73,8033,0.938661;96,13068,0.990281;122,12115,0.935205;170,18570,0.940821
129,105018;545,136900,0.999352;71,8482,0.951404;83,12923,0.984449;113,12358,0.929158;133,18628,0.934341
127,104817;535,136241,0.999784;117,8748,0.95594;138,13188,0.985961;194,12810,0.930886;210,19476,0.934341
126,105137;539,136639,0.999784;111,8251,0.949244;148,13030,0.990065;192,12511,0.934125;200,18351,0.935421
126,104628;544,137034,0.999784;139,8325,0.952052;154,13047,0.989849;193,12085,0.938229;202,18275,0.941253
127,104994;537,136336,0.999568;124,8323,0.941469;123,12852,0.992657;122,12044,0.931533;117,18332,0.934557
126,105193;528,135380,0.999784;106,7920,0.934341;128,12855,0.992657;165,12148,0.935205;173,18348,0.938013
126,104883;530,135596,0.999352;104,8627,0.926998;132,13541,0.992441;165,12892,0.939309;187,19216,0.944708
127,105157;538,137501,0.999784;120,8905,0.947948;145,13596,0.993521;177,12749,0.934773;186,19404,0.939309
127,105792;532,136588,1;106,8951,0.964795;159,14052,0.990929;185,12922,0.922462;199,20274,0.934341
125,105334;530,135519,0.999784;100,8328,0.945788;131,13344,0.993305;176,12746,0.933477;183,19325,0.937365
126,104701;534,135535,0.999784;102,8514,0.933477;131,13414,0.992873;177,12363,0.934773;179,18419,0.934125
129,105525;544,137942,1;109,8327,0.942765;133,13390,0.990929;187,13093,0.926998;190,19737,0.932397
130,105659;547,137442,1;114,9064,0.953564;128,14260,0.991793;192,13048,0.932397;175,19713,0.933693
130,104389;459,136440,1;104,8298,0.939741;131,13244,0.994168;160,11425,0.931317;173,17568,0.933261
125,103208;533,136456,1;115,8392,0.945356;128,12729,0.986609;163,11704,0.936285;169,18025,0.938445
125,103248;539,137744,0.999784;127,8089,0.935853;137,12640,0.991577;161,11594,0.928942;167,18182,0.932181
129,105508;538,138190,1;114,8098,0.935853;117,12862,0.989417;170,12660,0.921382;172,18895,0.92203
128,104880;532,137423,1;101,8098,0.930454;127,12905,0.991145;161,11732,0.923326;169,18037,0.925486
130,105681;532,136387,1;108,8689,0.955508;128,13821,0.991793;172,12707,0.933045;181,19511,0.934557
127,105190;536,136811,0.999784;98,8078,0.932613;124,12654,0.983801;165,12443,0.930454;154,18985,0.932397
128,105211;536,136116,1;111,8593,0.92743;140,13459,0.986393;179,12380,0.924622;187,19186,0.931102
126,103812;547,139121,0.999568;107,8534,0.944276;122,13380,0.986393;169,11814,0.924838;173,18357,0.930454
128,105280;548,139404,1;110,8785,0.941469;131,13846,0.983153;170,12683,0.934773;179,19433,0.936933
126,105372;545,137676,1;109,8520,0.942117;130,13618,0.99568;161,12123,0.932829;169,18630,0.934773
125,105189;550,137340,0.999784;113,8317,0.937581;128,13506,0.988553;129,12511,0.927646;170,18656,0.930022
125,104667;545,138068,0.999784;119,9205,0.946436;147,14071,0.984233;187,13054,0.925054;198,20125,0.929374
124,105293;544,138609,0.999784;108,8681,0.935205;125,13764,0.990713;168,12558,0.932181;182,19498,0.933909
122,102878;543,137579,0.999352;102,8924,0.956587;119,13025,0.990281;150,11572,0.933909;138,18650,0.934773
124,104500;541,137480,0.999136;83,8268,0.942117;92,13262,0.988985;113,12186,0.930886;183,18858,0.933045
125,104506;548,138974,0.999568;124,8622,0.932181;145,13693,0.988121;170,12455,0.925702;177,18457,0.928078
123,103062;549,140790,0.999784;117,8778,0.937581;119,13499,0.986177;172,12463,0.920302;167,18238,0.92635
126,104022;539,138006,0.999784;110,8776,0.929374;125,14348,0.987473;183,13092,0.921166;199,20318,0.929806
127,105179;546,139817,0.999568;114,8778,0.931533;138,14387,0.992873;188,13245,0.929374;198,19917,0.931965
125,105168;542,138810,0.999136;113,9182,0.956156;130,14077,0.986825;188,13265,0.928294;201,20265,0.931102
127,105487;540,138743,0.999136;106,8538,0.932613;154,14460,0.985961;186,13099,0.931102;190,19247,0.933261
125,105485;555,139371,0.999352;106,8678,0.931965;129,13693,0.989201;176,12790,0.912959;183,19414,0.925486
129,105641;579,140081,0.999136;115,9658,0.937581;142,15336,0.986825;201,13932,0.924838;200,20887,0.930886
129,105701;580,139272,0.999136;141,9970,0.936285;132,15038,0.986825;190,13260,0.92851;198,20660,0.936285
126,105278;574,138021,0.998704;102,8938,0.923326;131,14056,0.983801;172,12362,0.918359;186,19435,0.930886
127,105513;573,138505,0.997408;124,9692,0.909935;150,15020,0.987689;195,13490,0.919654;199,20805,0.931317
126,104222;581,139364,0.998272;124,9509,0.931533;152,15176,0.979698;164,12931,0.906479;127,19768,0.921814
126,105279;577,139439,0.997624;121,9361,0.929806;160,15188,0.988337;204,13852,0.908207;201,20713,0.92419
129,105544;581,140267,0.997624;112,9921,0.930454;128,14974,0.975162;137,13803,0.906479;140,21565,0.927862
126,105675;576,138909,0.999136;112,9633,0.942117;145,15361,0.990065;195,13329,0.903672;201,20512,0.92851
129,104712;583,140241,0.999136;120,9352,0.938661;147,14650,0.988121;190,12874,0.905832;192,19574,0.926134
130,105110;575,138522,0.999568;115,9472,0.947732;138,15136,0.988553;190,12713,0.902592;194,19843,0.92203
135,103684;569,136876,0.999352;124,9825,0.947732;165,15018,0.988985;200,12706,0.895032;214,20523,0.918359
129,105321;576,137856,0.998056;135,9859,0.933477;152,15490,0.990065;213,13487,0.90216;222,21127,0.921814
135,105209;582,139945,0.99676;124,9398,0.941037;159,15679,0.989201;228,14278,0.890065;232,21961,0.915335
132,104852;582,138410,0.999784;123,9522,0.927862;145,14191,0.984449;201,12646,0.882073;184,19999,0.903888
131,104786;583,140561,0.999784;136,9933,0.946868;152,15243,0.991361;197,13490,0.87581;203,20433,0.90108
130,105572;578,138435,1;111,9443,0.923974;136,15211,0.97905;201,13879,0.878402;211,21863,0.891793
127,105213;571,136623,0.999352;129,9444,0.922246;140,15263,0.988985;210,13700,0.882289;197,20404,0.916199
127,104196;579,138905,0.999136;110,9211,0.913391;138,14125,0.987905;195,13627,0.885313;178,19868,0.931102
127,103958;578,138604,0.999568;117,9408,0.936285;132,14417,0.983153;189,13002,0.891145;184,19592,0.91879
127,105011;586,140983,0.999568;103,9413,0.943629;138,14925,0.986609;205,13523,0.885961;164,20422,0.909935
127,104550;579,139964,0.999352;113,9596,0.934341;133,15251,0.983153;203,13790,0.886609;206,21380,0.926998
127,104462;576,138453,0.999784;115,9079,0.898056;149,14780,0.989849;204,13595,0.886609;209,20596,0.932181
126,103491;576,139383,0.999784;119,9535,0.936933;128,14194,0.984665;201,13253,0.884017;208,20771,0.928942
127,104575;575,137558,0.999784;119,9294,0.946868;138,14582,0.987257;202,13271,0.879266;209,20680,0.926998
127,104434;577,139994,1;113,8847,0.930454;140,14543,0.989849;190,13070,0.852052;208,20308,0.928726
127,104889;577,138499,0.999784;127,9442,0.93067;141,14907,0.988985;199,13297,0.849028;206,21140,0.931749
127,104040;573,137494,0.999568;125,9419,0.938445;138,14533,0.991361;208,13534,0.858747;196,20092,0.928294
130,103497;577,138341,0.999784;123,8883,0.939957;137,13958,0.987257;195,12788,0.857019;193,19631,0.919222
127,103266;578,138820,1;114,8530,0.923974;134,13707,0.992009;191,12671,0.858315;186,19378,0.913823
127,103090;575,138685,1;113,9685,0.92851;127,14684,0.982073;201,12840,0.858747;197,19546,0.919438
128,104294;577,138133,0.999568;108,9316,0.932613;136,14616,0.981425;222,14170,0.859179;203,20433,0.934773
126,103854;572,137683,0.999352;135,9496,0.932181;143,14925,0.982505;204,13218,0.847084;199,19909,0.923758
128,103458;572,136783,1;112,9133,0.904536;132,14818,0.983153;202,13048,0.858531;152,19558,0.931533
126,103278;572,137684,0.999568;99,8942,0.905616;138,14235,0.987041;196,12800,0.864147;191,19101,0.942765
128,103727;571,135701,0.99892;119,9619,0.915983;143,14805,0.989201;189,12584,0.848596;192,19987,0.930454
127,102366;579,138408,0.99892;126,9110,0.92203;150,14113,0.981425;196,13165,0.866307;189,19885,0.92635
127,103052;501,136997,0.99676;107,8636,0.922462;123,13399,0.974946;186,12647,0.873218;173,18087,0.941901
125,102609;328,137331,0.999568;120,9101,0.911015;129,13963,0.964795;179,12516,0.868898;167,18959,0.933045
123,101310;330,137615,0.999352;117,8696,0.9;128,13831,0.974298;176,12280,0.86933;170,18432,0.92743
121,101488;325,136231,0.999784;103,8428,0.90432;116,13372,0.97149;173,11981,0.881857;179,18124,0.929806
121,100895;328,137420,1;122,8664,0.905184;148,13665,0.969762;172,11883,0.875594;170,17977,0.917063
120,101616;324,135694,1;113,8346,0.918359;111,12868,0.956371;162,11687,0.873434;178,18696,0.907991
121,102154;327,137070,1;126,8759,0.895896;139,13180,0.956803;176,11932,0.867819;176,18796,0.899784
124,101128;329,137258,1;106,8987,0.911015;164,14837,0.984233;183,12700,0.871922;195,19290,0.904104
121,101180;330,137633,1;141,9182,0.916199;142,13612,0.985313;183,12003,0.867171;189,18931,0.900864
121,100431;328,136548,0.998488;136,8702,0.905616;84,13609,0.968898;118,11729,0.857235;145,18547,0.90108
121,100661;328,136497,0.998056;151,8957,0.908639;129,13967,0.965443;188,12450,0.865227;181,18328,0.889633
121,101181;325,136074,1;125,9297,0.906695;133,14298,0.979914;172,12060,0.868035;184,18313,0.894384
119,100251;330,138836,1;86,9256,0.898056;91,14284,0.978186;172,12185,0.882289;182,18281,0.899136
119,98920;329,138236,0.999352;133,8979,0.899568;130,13177,0.978402;180,11759,0.877754;178,18082,0.894816
119,100580;328,137230,0.999784;129,9701,0.917711;140,14449,0.981641;174,11913,0.867387;162,18009,0.879266
119,99039;328,136840,1;100,8779,0.911231;124,13623,0.97689;176,11493,0.869978;180,18049,0.901728
119,98671;328,137524,0.999784;110,8759,0.915983;136,14062,0.979482;185,11815,0.888337;185,17738,0.9054
121,98682;329,137159,1;126,9448,0.909719;130,13912,0.985745;167,11521,0.878618;170,17812,0.89892
122,98368;330,138999,1;107,8798,0.92419;132,13454,0.980778;165,11476,0.88121;167,17670,0.900648
123,97697;328,138172,0.999784;98,8720,0.909503;130,13439,0.977538;161,11242,0.882289;135,16900,0.896544
123,98395;328,138421,1;80,8871,0.892009;85,13328,0.972138;112,11262,0.86933;181,18638,0.876026
122,96833;524,138325,0.999568;118,8421,0.884449;138,13683,0.978402;172,11760,0.86933;191,18908,0.887041
119,94807;578,139830,0.99892;99,8139,0.886609;121,12917,0.970842;174,11189,0.87473;174,17009,0.891793
120,95293;582,140447,1;129,8507,0.880994;128,13591,0.978618;173,10948,0.86933;179,17448,0.884017
127,95922;577,139029,1;125,9019,0.896544;127,13099,0.959827;170,11224,0.869546;177,18051,0.876674
132,95089;574,137938,0.999784;92,7824,0.883369;127,12934,0.969762;168,10955,0.874298;173,16900,0.888769
124,94211;580,138317,0.999568;115,8710,0.893089;126,12672,0.976026;167,10555,0.861339;153,15989,0.89676
122,92474;575,138202,0.999784;107,8028,0.893952;129,12704,0.979482;156,10325,0.877754;153,15795,0.884665
121,90795;582,140395,0.999568;112,8614,0.889633;122,12418,0.97041;156,10435,0.868035;147,16526,0.909719
116,89546;581,140085,0.999784;107,7662,0.870842;130,12224,0.973218;150,9966,0.893305;140,14951,0.89676
113,89393;582,140781,1;137,8398,0.866523;115,12815,0.979482;148,9938,0.878186;149,15546,0.892225
110,87169;587,142555,1;148,8682,0.870842;130,12585,0.976458;142,9538,0.87257;155,15708,0.884665
109,86468;587,142103,0.998704;122,8220,0.874946;117,11768,0.977106;141,9442,0.884449;147,14943,0.87257
105,85338;581,141052,0.999784;98,7642,0.857451;117,11613,0.977538;142,9493,0.885745;149,15241,0.868898
102,82841;586,140412,1;107,7477,0.859827;112,10649,0.979914;124,8719,0.871922;137,14176,0.900216
102,82626;578,139622,0.999784;110,7567,0.864363;134,11384,0.976026;140,8915,0.877106;139,13739,0.909071
96,79662;580,138905,1;125,7112,0.869762;139,10430,0.976674;120,8268,0.883585;122,12613,0.901944
95,78114;584,140359,1;93,7047,0.867171;109,10469,0.97473;124,8525,0.877322;122,12911,0.919006
92,75176;584,139449,0.999352;98,6369,0.873002;92,8959,0.975594;110,7840,0.884881;101,10927,0.910151
89,73629;579,139286,1;114,6294,0.857235;95,9015,0.975378;117,8183,0.896328;107,12151,0.92095
87,71566;584,140477,0.999784;87,6469,0.859395;79,9752,0.976674;73,7396,0.890497;68,10755,0.926998
84,68867;580,139377,1;89,5734,0.864795;163,8911,0.97473;112,7428,0.894168;103,10586,0.92095
82,67812;579,139268,0.999784;117,5679,0.817495;82,8842,0.976242;106,7069,0.879482;113,11509,0.921382
79,65882;583,140951,1;94,6646,0.854428;85,8897,0.97689;111,7248,0.87905;103,10342,0.917063
75,61748;578,139813,0.999568;85,5778,0.847948;86,8301,0.975594;110,6945,0.871058;99,9930,0.915551
72,59024;583,141537,1;149,5688,0.842981;85,8123,0.975594;106,6730,0.866955;93,9547,0.924622
67,55601;584,142446,1;125,5298,0.837797;98,7310,0.973002;101,6584,0.882505;81,8414,0.919006
61,50655;577,140146,1;89,4792,0.831533;70,6454,0.976242;79,5251,0.865443;76,7943,0.915767
56,45775;579,141041,1;89,3854,0.806695;79,5557,0.953996;63,5495,0.886825;41,6464,0.936717
46,36688;531,141586,1;77,3423,0.806263;55,4305,0.9527;51,3890,0.887905;49,5277,0.932397
39,31636;537,141379,0.995032;64,2358,0.80108;84,3492,0.9527;39,3034,0.888121;36,3952,0.931533
33,26822;538,142214,1;37,1394,0.79784;35,2014,0.951836;35,2274,0.887473;30,3170,0.935853
32,26028;540,141948,1;72,1796,0.796112;57,2234,0.951404;35,2633,0.898488;27,2945,0.934773
31,24845;545,142130,0.999784;63,1941,0.789201;41,2472,0.952052;30,2261,0.899784;28,3159,0.933045
27,21979;538,142038,1;66,1745,0.790281;48,2334,0.952268;30,2062,0.901728;28,2974,0.936501
24,19007;544,143951,0.999568;58,1364,0.795032;51,1756,0.952052;22,1578,0.892657;23,2401,0.935205
20,15991;544,143835,1;47,842,0.798056;38,1156,0.9527;18,1391,0.894168;15,1742,0.933045
20,15146;550,144597,0.999568;43,936,0.796976;43,1290,0.952916;26,1248,0.900432;16,1684,0.934557
17,13415;549,143349,1;42,803,0.797624;31,1030,0.94946;14,1025,0.902376;15,1572,0.936285
15,11217;542,142470,0.999568;49,658,0.79676;38,920,0.94946;10,711,0.903888;9,966,0.936933
12,8987;542,144309,1;31,325,0.795896;27,458,0.950324;6,495,0.903888;6,593,0.937581
13,9428;545,145236,1;36,335,0.792225;22,495,0.949244;7,552,0.901944;7,717,0.936501
12,8980;559,144822,0.999784;26,280,0.794384;24,418,0.950108;5,373,0.903456;5,483,0.938229
11,8525;591,144237,1;33,212,0.7946;19,289,0.950108;3,237,0.902808;3,352,0.937581
10,7179;589,144957,1;7,77,0.79568;7,91,0.950108;2,140,0.90324;2,177,0.938013
9,6745;560,145092,1;26,180,0.794168;43,412,0.949676;3,242,0.904968;3,320,0.939525
