6,8128;24,9138,1;15,4103,0.959375;19,5848,0.998437;21,4216,0.96875;20,4633,0.99375
6,7254;26,9519,0.99375;8,1544,0.932813;11,2471,0.996875;9,1830,0.876563;10,2292,0.945312
6,7364;25,9550,0.992188;7,1652,0.867188;11,2780,0.99375;10,2067,0.845313;11,2528,0.90625
6,7480;24,9213,1;9,1839,0.915625;12,3033,0.971875;13,2568,0.914062;12,2615,0.873437
6,7440;28,9384,0.998437;8,1553,0.8875;12,2753,0.990625;12,2264,0.873437;12,2630,0.884375
6,7315;28,9328,1;10,1783,0.90625;8,2595,0.976562;11,2105,0.810937;10,2188,0.854688
6,7555;28,8947,1;9,1655,0.857812;12,2991,0.98125;13,2379,0.8625;12,2592,0.928125
6,7636;28,9307,0.9875;9,1802,0.914062;11,2629,0.945312;13,2409,0.890625;10,2031,0.782813
6,7695;28,9269,1;9,1783,0.895312;12,2859,0.990625;11,2197,0.848437;17,2712,0.901563
6,7163;28,9081,0.984375;13,1659,0.928125;12,2472,0.99375;9,1732,0.870313;10,2124,0.903125
6,7488;29,9106,1;8,1694,0.925;12,2837,0.998437;11,2129,0.864062;10,2187,0.914062
5,7083;28,9133,1;8,1421,0.895312;10,2249,0.976562;9,1774,0.91875;9,1968,0.932813
6,7898;26,8742,0.996875;9,1659,0.915625;13,2959,0.979688;12,2409,0.878125;11,2423,0.920312
7,7610;28,8969,0.989062;11,1721,0.93125;12,2685,0.998437;7,1914,0.84375;11,2332,0.920312
6,7289;28,8973,0.996875;9,1682,0.960938;10,2233,0.951562;10,1901,0.834375;9,1960,0.901563
6,7632;28,9050,0.996875;9,1696,0.95;12,2662,0.979688;11,2144,0.892188;10,2239,0.867188
6,7378;39,8816,0.998437;8,1448,0.904687;10,2261,0.96875;8,1588,0.746875;10,2130,0.882812
6,7481;25,9133,1;8,1500,0.86875;11,2314,0.923438;10,1993,0.770312;11,2456,0.929688
7,7807;25,8887,1;9,1778,0.871875;14,3024,0.989062;12,2446,0.892188;11,2445,0.921875
7,7648;25,8947,1;8,1661,0.909375;11,2527,0.954688;11,2112,0.817187;10,2193,0.93125
6,7602;26,9247,1;9,1693,0.951562;12,2549,0.982812;11,2098,0.903125;9,1996,0.845313
6,7241;21,8707,0.99375;7,1459,0.960938;10,2339,0.996875;8,1599,0.879687;8,1884,0.875
7,7751;28,9192,0.990625;8,1537,0.8875;10,2612,0.975;11,2255,0.907813;10,2292,0.910937
7,7724;28,9086,1;8,1643,0.914062;11,2265,0.910937;9,1697,0.839063;9,1960,0.882812
6,7096;29,9304,1;8,1373,0.871875;10,2156,0.929688;7,1382,0.771875;8,1699,0.873437
6,7151;26,8766,0.99375;8,1607,0.9;11,2214,0.932813;9,1776,0.720313;9,1956,0.832812
6,7569;28,9027,0.99375;8,1479,0.921875;12,2722,0.967187;10,1906,0.729688;10,2353,0.914062
6,7468;28,9019,0.98125;9,1681,0.91875;11,2554,0.9625;10,1999,0.9375;11,2420,0.925
7,7698;27,9368,0.998437;9,1742,0.926562;12,2863,0.98125;10,1997,0.892188;11,2405,0.915625
6,7529;29,9503,1;8,1662,0.926562;12,2633,0.967187;10,1950,0.876563;10,2310,0.901563
6,7380;27,9154,0.998437;8,1632,0.921875;12,2869,0.984375;11,2016,0.867188;10,2171,0.917188
6,7495;28,9230,1;8,1651,0.885938;11,2583,0.948438;10,1935,0.832812;10,2190,0.875
6,7611;28,9147,1;9,1938,0.975;12,2994,0.995313;11,2156,0.823438;11,2449,0.867188
6,7572;21,9153,0.998437;11,1494,0.857812;11,2591,0.940625;11,2117,0.857812;13,2720,0.89375
6,7188;29,9448,1;7,1427,0.90625;11,2350,0.945312;11,2043,0.865625;10,2242,0.895312
6,7476;33,9387,1;8,1612,0.871875;12,2852,0.921875;11,2084,0.91875;10,2072,0.910937
6,7308;28,9623,0.98125;9,1619,0.921875;10,2439,0.959375;9,1922,0.939063;11,2550,0.935937
6,7576;29,9392,1;8,1711,0.921875;11,2838,0.935937;10,2053,0.8875;11,2540,0.892188
6,7706;23,8982,0.996875;8,1764,0.909375;12,2856,0.973437;11,2288,0.907813;11,2571,0.917188
6,7232;26,9778,0.998437;8,1718,0.942187;11,2633,0.964063;9,1859,0.93125;10,2230,0.94375
6,7722;26,9953,1;9,1952,0.945312;12,3034,0.992188;10,2163,0.871875;12,2636,0.926562
7,7791;25,9518,0.998437;9,1813,0.932813;12,3107,0.998437;13,2547,0.926562;12,2616,0.904687
6,7626;25,9556,0.998437;8,1633,0.929688;12,3017,1;12,2272,0.907813;12,2640,0.928125
6,7603;35,9391,1;8,1822,0.90625;13,3117,0.99375;12,2390,0.925;11,2501,0.942187
6,7703;26,9803,1;8,1779,0.920312;12,2922,0.978125;12,2267,0.939063;12,2532,0.935937
6,7468;24,9177,1;8,1712,0.9375;12,2850,0.979688;10,2051,0.89375;11,2479,0.907813
6,7763;26,9727,1;8,1747,0.890625;13,3147,0.992188;12,2349,0.873437;12,2831,0.926562
6,7600;26,9550,1;9,1897,0.9125;11,2907,0.951562;12,2326,0.9;11,2626,0.9625
6,7577;25,9553,1;9,1925,0.923438;14,3290,0.984375;10,1958,0.879687;11,2423,0.920312
6,7281;25,9594,1;8,1595,0.920312;11,2829,0.996875;9,1904,0.889062;10,2221,0.921875
6,7506;24,9153,0.992188;7,1547,0.846875;11,2806,0.99375;11,2326,0.90625;11,2695,0.914062
6,7672;26,9630,1;23,2014,0.907813;11,2935,0.976562;12,2428,0.945312;11,2544,0.917188
6,7691;27,10072,1;8,1819,0.870313;13,3199,0.984375;13,2676,0.948438;12,2767,0.939063
6,7504;26,9869,1;9,1798,0.89375;12,3142,0.984375;12,2414,0.939063;13,2977,0.948438
6,7712;26,9941,0.99375;6,1880,0.9125;13,3352,0.984375;12,2485,0.914062;13,2773,0.953125
6,7668;29,9820,1;9,1766,0.898438;13,2717,0.973437;12,2299,0.923438;12,2748,0.95
6,7557;29,9902,1;9,1891,0.928125;13,3327,0.970313;13,2485,0.909375;11,2584,0.910937
6,7607;16,9667,0.995313;8,1630,0.914062;11,2857,0.965625;11,2179,0.8375;11,2415,0.895312
6,7465;27,10101,0.998437;9,1781,0.90625;12,3075,0.965625;14,2634,0.898438;12,2719,0.879687
6,7564;43,9966,0.995313;8,1698,0.94375;12,3013,0.96875;11,2234,0.907813;13,2930,0.910937
6,7592;27,9977,1;9,1864,0.904687;13,3148,0.982812;12,2388,0.909375;12,2762,0.917188
6,7614;27,9450,0.998437;9,1969,0.935937;12,3194,0.971875;13,2637,0.903125;14,3093,0.926562
6,7525;29,9860,0.996875;8,1711,0.91875;12,2958,0.957812;12,2277,0.8625;12,2608,0.929688
6,7428;29,9843,0.98125;9,1842,0.929688;11,2689,0.979688;16,2410,0.929688;11,2479,0.935937
6,7338;32,9705,0.998437;8,1711,0.903125;11,2780,0.957812;12,2380,0.920312;12,2802,0.939063
6,7589;29,9642,1;8,1710,0.942187;11,2822,0.976562;12,2319,0.914062;11,2565,0.925
6,7568;29,9827,1;9,1837,0.94375;12,3087,0.989062;12,2324,0.91875;11,2543,0.93125
7,7792;30,9961,1;10,2105,0.9125;13,3253,0.925;13,2521,0.867188;14,3014,0.932813
7,7802;27,9812,0.989062;9,1908,0.914062;13,3153,0.970313;13,2544,0.892188;14,2909,0.945312
7,7583;26,9520,1;9,1812,0.934375;14,3208,0.982812;12,2220,0.876563;12,2640,0.91875
6,7365;22,9648,0.990625;8,1679,0.939063;11,2658,0.990625;10,2052,0.85625;11,2493,0.929688
6,7492;37,9323,1;7,1443,0.8625;11,2533,0.910937;11,2072,0.84375;10,2337,0.8625
7,7659;29,9535,1;9,1743,0.8875;13,3186,0.957812;13,2406,0.896875;16,2839,0.942187
7,7832;29,9425,0.995313;8,1725,0.940625;12,2970,0.989062;12,2325,0.909375;12,2689,0.934375
7,7762;29,9621,0.998437;7,1506,0.90625;11,2647,0.971875;8,2148,0.8625;11,2545,0.895312
7,7835;29,9795,1;8,1800,0.9125;12,2906,0.9625;11,2194,0.815625;12,2739,0.909375
6,7476;28,9530,0.996875;7,1552,0.892188;10,2339,0.982812;9,1858,0.80625;10,2210,0.9
7,7856;29,9478,1;9,1723,0.903125;12,2837,0.940625;11,2337,0.885938;12,2633,0.892188
6,7307;29,9543,1;7,1575,0.951562;11,2624,0.954688;11,2168,0.915625;11,2453,0.934375
6,7148;28,9321,1;6,1375,0.917188;10,2189,0.953125;9,1858,0.895312;9,2083,0.909375
7,7742;25,9466,0.996875;8,1677,0.935937;12,2818,0.990625;12,2286,0.889062;11,2539,0.896875
7,7524;27,9696,1;8,1626,0.917188;11,2704,0.992188;19,2396,0.93125;11,2660,0.926562
6,7495;28,9072,1;9,1728,0.945312;11,2546,0.959375;11,2222,0.870313;12,2593,0.920312
6,7205;28,9375,1;7,1516,0.939063;11,2428,0.929688;10,2101,0.901563;10,2272,0.8875
6,7506;27,9440,1;8,1542,0.953125;10,2374,0.954688;10,1943,0.90625;10,2189,0.875
7,7736;29,9567,1;9,1640,0.960938;12,2816,0.979688;11,2148,0.9;11,2489,0.9125
7,7653;32,9681,1;7,1599,0.959375;11,2556,0.970313;10,2052,0.89375;9,2215,0.9125
6,7096;27,9161,1;7,1302,0.923438;8,1947,0.901563;8,1645,0.876563;8,1927,0.88125
6,7291;28,9544,1;6,1362,0.810937;10,2447,0.882812;10,2153,0.909375;10,2360,0.9125
6,7398;29,9608,1;8,1641,0.925;11,2510,0.920312;10,1992,0.885938;10,2234,0.914062
6,7322;29,9533,0.996875;7,1434,0.921875;10,2290,0.946875;11,2141,0.914062;9,2107,0.884375
6,7439;29,9550,0.989062;10,1292,0.88125;10,2185,0.923438;10,1970,0.929688;10,2185,0.895312
6,7504;29,9539,0.996875;8,1501,0.88125;11,2557,0.926562;10,2155,0.88125;10,2242,0.845313
7,7687;27,9073,0.998437;7,1523,0.9;11,2631,0.959375;10,2054,0.81875;10,2304,0.895312
6,7195;28,9280,1;6,1355,0.940625;9,2263,0.99375;8,1772,0.873437;9,2105,0.9375
7,7732;32,9190,1;9,1754,0.95;11,2776,0.992188;12,2369,0.895312;11,2545,0.929688
6,7030;28,9194,1;8,1579,0.973437;10,2288,0.973437;9,1864,0.932813;9,2004,0.932813
10,7220;39,9547,0.98125;7,1400,0.946875;9,2245,0.989062;9,1888,0.9125;12,2050,0.928125
6,7400;27,8987,1;8,1350,0.935937;10,2164,0.978125;10,1956,0.9;9,1909,0.8875
6,7498;28,8974,1;7,1279,0.9375;10,2326,0.985938;9,1825,0.898438;9,1995,0.851562
6,7267;28,9253,1;7,1436,0.929688;10,2319,0.959375;9,1823,0.857812;10,2109,0.910937
6,7838;27,8804,0.998437;8,1621,0.917188;12,2751,0.964063;10,2045,0.901563;10,2189,0.895312
6,7552;27,9042,1;8,1567,0.976562;11,2417,0.9625;9,2088,0.901563;11,2361,0.898438
6,7777;27,9300,0.978125;8,1579,0.935937;11,2483,0.96875;11,2251,0.885938;11,2405,0.903125
6,7635;29,9289,1;8,1702,0.920312;12,2657,0.940625;11,2273,0.928125;10,2228,0.898438
6,7220;28,9318,1;17,1529,0.885938;27,2587,0.93125;9,1898,0.914062;10,2211,0.903125
7,7656;27,9228,0.996875;8,1543,0.876563;12,2797,0.985938;10,2007,0.8625;10,2190,0.910937
6,7453;25,9488,1;9,1625,0.926562;11,2452,0.978125;16,1818,0.882812;9,2042,0.929688
6,7455;23,8628,0.982812;8,1506,0.923438;10,2305,0.95;8,1643,0.823438;9,1956,0.901563
7,7614;25,9283,0.98125;8,1526,0.928125;11,2472,0.945312;10,1950,0.854688;10,2251,0.917188
6,7641;25,8929,1;7,1516,0.90625;11,2652,0.98125;10,2070,0.932813;10,2231,0.917188
6,7428;17,9358,0.996875;7,1442,0.910937;9,2421,0.978125;12,2115,0.920312;10,2291,0.934375
6,7408;17,9009,0.998437;7,1360,0.925;11,2551,0.998437;11,2068,0.914062;10,2238,0.920312
7,7758;28,9465,0.995313;8,1654,0.935937;11,2716,0.979688;11,2184,0.917188;11,2409,0.939063
6,7391;16,9155,1;7,1413,0.884375;10,2182,0.915625;9,1899,0.910937;11,2538,0.932813
7,7748;28,9303,1;9,1694,0.903125;11,2531,0.898438;11,2296,0.9;11,2435,0.934375
7,7720;26,9250,1;8,1650,0.89375;11,2575,0.932813;10,2102,0.85625;11,2529,0.929688
6,7064;27,8928,1;8,1730,0.9;11,2722,0.971875;9,1704,0.845313;9,2062,0.846875
6,7309;31,9083,1;8,1494,0.95;9,2133,0.967187;5,1547,0.78125;12,2099,0.920312
6,7414;28,9022,1;8,1548,0.95625;10,2231,0.939063;9,1696,0.828125;10,2126,0.934375
14,7802;28,9436,1;9,1770,0.925;13,3105,0.982812;11,2298,0.815625;12,2661,0.896875
7,7768;27,9058,0.998437;7,1491,0.875;12,2706,0.9625;12,2312,0.910937;11,2407,0.9375
7,7773;28,9519,1;8,1585,0.857812;11,2578,0.95;10,2089,0.873437;11,2517,0.914062
7,7527;28,9484,0.990625;8,1564,0.8625;11,2549,0.960938;10,1965,0.870313;11,2536,0.934375
6,7381;21,9258,1;7,1288,0.85;11,2353,0.960938;10,1973,0.848437;9,2062,0.90625
7,7456;25,9102,0.984375;7,1509,0.8875;10,2413,0.945312;10,2039,0.873437;10,2202,0.896875
7,7639;25,9411,1;8,1668,0.896875;12,2845,0.984375;11,2125,0.86875;11,2492,0.9375
6,7219;24,9328,0.99375;8,1444,0.88125;11,2292,0.954688;10,1986,0.926562;9,2197,0.953125
6,7165;24,9286,1;5,1533,0.892188;7,2604,0.95;11,2109,0.896875;10,2388,0.928125
7,7794;25,9610,0.985938;9,1584,0.848437;11,2913,0.94375;12,2448,0.878125;12,2708,0.860938
7,7660;25,9436,0.996875;8,1824,0.89375;13,2968,0.965625;12,2216,0.807813;11,2539,0.882812
7,7745;25,9495,1;8,1844,0.9125;12,3095,0.984375;12,2390,0.829688;11,2689,0.9125
7,7493;17,9744,0.982812;8,1625,0.907813;12,2844,0.982812;12,2351,0.91875;11,2470,0.928125
6,7766;25,9552,0.978125;8,1724,0.909375;12,3091,0.9875;12,2464,0.90625;12,2735,0.9125
6,7721;26,9923,1;7,1514,0.917188;11,2875,0.9625;11,2221,0.890625;11,2561,0.90625
6,7269;25,9333,0.996875;7,1468,0.946875;11,2771,0.99375;11,2203,0.917188;12,2714,0.925
6,7584;25,9543,1;8,1665,0.946875;12,2610,0.998437;11,2130,0.93125;10,2378,0.939063
6,7625;26,9766,0.992188;8,1723,0.939063;11,2662,0.971875;11,2235,0.915625;11,2538,0.921875
6,7139;26,9929,0.9875;8,1621,0.9625;11,2871,0.979688;11,2229,0.914062;10,2534,0.935937
6,7669;26,9634,1;8,1799,0.934375;12,3208,0.996875;11,2207,0.910937;11,2578,0.901563
6,7509;25,9206,0.998437;8,1725,0.945312;11,2780,0.960938;24,2147,0.9125;10,2528,0.940625
6,7590;34,9368,1;12,1653,0.903125;12,2901,0.945312;11,2184,0.907813;11,2558,0.926562
5,6966;24,9157,1;7,1532,0.940625;10,2440,0.970313;10,1926,0.934375;9,2037,0.951562
6,7642;25,9418,1;8,1609,0.923438;11,2666,0.976562;10,2050,0.926562;10,2267,0.946875
6,7288;25,9308,1;7,1478,0.901563;12,2682,0.982812;11,2224,0.942187;10,2274,0.94375
6,7143;25,9448,1;7,1595,0.946875;10,2368,0.978125;10,2004,0.939063;9,2055,0.939063
6,7700;25,9367,0.998437;7,1496,0.942187;10,2577,0.99375;10,2065,0.932813;11,2437,0.910937
6,7557;25,9378,0.989062;7,1613,0.93125;11,2627,0.979688;10,2206,0.939063;10,2457,0.94375
6,7453;25,9391,0.998437;6,1264,0.878125;9,2127,0.960938;9,1928,0.917188;10,2130,0.9375
5,7016;26,9689,1;6,1373,0.896875;9,2117,0.940625;9,1827,0.925;8,1877,0.929688
6,7089;26,9684,1;7,1448,0.964063;9,2240,0.951562;9,1879,0.896875;9,2135,0.929688
6,7323;28,9368,1;7,1291,0.923438;10,2182,0.959375;11,1812,0.878125;9,1933,0.89375
6,7623;29,9623,1;8,1702,0.9125;25,2897,0.978125;10,1916,0.865625;10,2303,0.88125
6,7474;28,9208,1;7,1526,0.904687;11,2441,0.985938;10,1981,0.920312;11,2392,0.926562
6,7520;28,9054,0.996875;7,1466,0.951562;9,2087,0.979688;10,1981,0.926562;10,2150,0.91875
6,7618;26,9388,0.996875;8,1657,0.9375;11,2632,0.959375;10,2149,0.929688;10,2311,0.926562
6,7634;37,9192,1;7,1327,0.921875;10,2311,0.929688;10,1981,0.907813;10,2181,0.920312
6,7481;28,9168,1;7,1523,0.91875;12,2644,0.98125;11,2281,0.914062;10,2449,0.915625
6,6917;28,9319,1;7,1326,0.914062;10,2399,0.99375;9,1827,0.909375;9,1898,0.907813
6,7522;28,9460,0.98125;7,1493,0.928125;11,2492,0.992188;10,2043,0.91875;10,2253,0.923438
6,7452;28,8840,1;8,1486,0.914062;11,2290,0.996875;10,2040,0.920312;10,2199,0.898438
6,7356;28,9370,1;7,1359,0.926562;9,2091,0.978125;9,1794,0.923438;9,2119,0.895312
6,7323;28,8946,1;7,1372,0.932813;9,2072,0.98125;8,1610,0.878125;9,1981,0.928125
6,7686;28,9206,0.996875;8,1566,0.94375;11,2540,0.995313;10,1987,0.917188;10,2251,0.926562
6,7558;26,9103,1;8,1464,0.890625;11,2599,0.998437;10,2043,0.884375;11,2313,0.904687
6,7034;28,9436,1;7,1349,0.93125;9,2131,0.992188;8,1542,0.823438;7,1750,0.903125
6,7294;27,8919,1;8,1515,0.942187;10,2174,0.9625;9,1912,0.825;9,2005,0.94375
6,7173;29,9666,1;7,1347,0.882812;11,2467,0.985938;10,1898,0.84375;10,2172,0.907813
6,7611;28,9402,1;7,1557,0.879687;11,2495,0.979688;11,2236,0.895312;10,2203,0.898438
6,7237;28,9270,1;7,1405,0.94375;9,2192,0.951562;9,1790,0.873437;10,2086,0.934375
6,7388;22,9108,1;7,1378,0.910937;11,2393,0.992188;9,1748,0.840625;9,2060,0.926562
6,7583;27,9425,0.998437;8,1467,0.884375;11,2595,0.985938;12,2274,0.935937;10,2298,0.901563
6,7475;28,9514,0.9875;8,1659,0.957812;11,2530,0.99375;9,1808,0.934375;9,1994,0.915625
6,7212;22,9362,1;8,1539,0.94375;10,2406,0.99375;10,1924,0.940625;10,2261,0.939063
7,7854;17,9336,1;8,1611,0.94375;12,2880,0.989062;11,2174,0.948438;12,2587,0.948438
6,7511;22,9461,0.990625;12,1658,0.979688;11,2537,0.99375;10,2070,0.948438;10,2227,0.951562
6,7424;28,9500,0.996875;7,1495,0.945312;10,2440,0.973437;10,1997,0.942187;10,2176,0.945312
7,7803;29,9491,1;7,1414,0.867188;11,2516,0.95625;10,2048,0.9125;12,2517,0.935937
6,7452;28,9354,1;8,1415,0.867188;11,2547,0.976562;10,2026,0.91875;10,2295,0.9375
6,7562;28,9300,0.996875;8,1628,0.889062;11,2656,0.975;11,2201,0.895312;11,2529,0.915625
6,7520;26,9276,1;7,1448,0.910937;10,2443,0.978125;11,2193,0.910937;10,2323,0.915625
6,7233;24,9170,1;7,1295,0.884375;10,2301,0.954688;10,2115,0.910937;10,2280,0.903125
6,7247;26,9524,1;7,1294,0.889062;10,2356,0.973437;9,1840,0.91875;9,1978,0.917188
7,7929;37,9352,1;8,1559,0.871875;13,2931,0.96875;12,2364,0.903125;12,2696,0.925
6,7432;26,9710,1;7,1303,0.85625;11,2650,0.976562;11,2072,0.89375;9,2225,0.907813
6,7408;25,9188,1;7,1397,0.915625;10,2310,0.971875;9,1820,0.9;8,1914,0.90625
7,7720;25,9265,1;7,1515,0.925;11,2613,0.976562;10,2150,0.90625;11,2451,0.925
7,7898;25,9192,0.992188;12,1755,0.909375;12,2856,0.967187;12,2408,0.939063;11,2526,0.917188
7,7685;27,9511,1;8,1595,0.915625;10,2343,0.93125;10,1969,0.9125;10,2311,0.921875
6,7407;24,9006,1;8,1525,0.892188;11,2564,0.929688;10,1957,0.882812;10,2278,0.954688
7,7803;25,9605,0.99375;8,1639,0.926562;12,2715,0.951562;11,2325,0.91875;12,2658,0.914062
7,7721;24,9077,0.98125;8,1611,0.9375;11,2542,0.965625;11,2068,0.903125;10,2334,0.914062
6,7517;29,9312,0.996875;7,1506,0.9125;9,2385,0.954688;10,2092,0.917188;9,2198,0.920312
6,7348;28,9211,1;8,1537,0.957812;10,2359,0.990625;11,2195,0.91875;9,2233,0.917188
6,7113;29,9783,0.996875;6,1372,0.89375;12,2333,0.9625;10,1848,0.935937;10,2100,0.939063
6,7284;27,9099,1;7,1433,0.909375;9,2196,0.976562;10,2020,0.921875;9,2101,0.920312
6,7528;29,9783,1;7,1370,0.885938;11,2444,0.96875;10,2068,0.90625;10,2375,0.901563
6,7270;30,9917,1;8,1484,0.895312;11,2689,0.979688;11,2213,0.915625;10,2281,0.926562
6,7753;29,9939,1;8,1630,0.935937;11,2871,0.967187;12,2367,0.91875;12,2698,0.925
6,7425;28,9684,1;7,1466,0.942187;11,2532,0.976562;11,2122,0.91875;11,2343,0.925
6,7659;26,9864,0.998437;8,1648,0.926562;11,2666,0.979688;12,2357,0.921875;11,2494,0.929688
6,7798;25,9735,1;8,1637,0.94375;11,2730,0.970313;11,2279,0.934375;11,2468,0.9375
7,7648;24,9254,0.996875;8,1631,0.954688;11,2680,0.99375;10,1991,0.884375;11,2439,0.948438
7,7675;25,9207,0.998437;7,1584,0.884375;7,2756,0.992188;8,2435,0.9375;8,2568,0.942187
7,7684;28,9593,0.9875;6,1541,0.901563;8,2687,0.98125;7,2104,0.896875;8,2381,0.917188
7,7610;27,9796,0.99375;8,1588,0.876563;14,2560,0.889062;14,2175,0.898438;15,2624,0.935937
7,7692;29,9655,1;10,1544,0.9125;11,2627,0.932813;11,2258,0.909375;10,2363,0.932813
6,7224;28,9719,0.998437;6,1285,0.875;9,2272,0.920312;9,1785,0.885938;9,2077,0.901563
6,7510;28,9378,1;7,1482,0.960938;11,2619,0.982812;10,2149,0.923438;10,2217,0.928125
6,6563;28,9321,1;6,1185,0.920312;9,2162,0.989062;8,1561,0.890625;8,1849,0.9375
6,7405;27,9010,0.998437;7,1296,0.848437;9,2247,0.973437;9,1762,0.86875;9,2082,0.95
7,7722;28,9097,1;8,1488,0.88125;11,2683,0.996875;10,2021,0.873437;11,2537,0.91875
6,7463;27,9160,1;9,1585,0.896875;10,2374,0.934375;10,1973,0.815625;9,2086,0.815625
6,7297;27,9217,1;6,1348,0.93125;10,2334,0.982812;9,1919,0.840625;10,2296,0.921875
6,7215;24,9435,1;7,1328,0.846875;9,2359,0.926562;9,1917,0.85625;9,2127,0.91875
6,6662;25,9344,1;6,1274,0.86875;9,2063,0.967187;8,1610,0.860938;7,1544,0.876563
6,7250;24,8854,1;6,1384,0.954688;9,2030,0.992188;8,1628,0.839063;8,1904,0.9
6,7057;25,9165,0.998437;5,1088,0.9;8,1851,0.976562;8,1705,0.840625;7,1742,0.8875
6,7270;25,9343,1;7,1324,0.939063;9,2021,0.976562;9,1710,0.889062;9,2092,0.917188
7,7617;25,9065,0.998437;6,1199,0.9;9,1965,0.9125;8,1774,0.857812;9,2078,0.88125
6,7434;28,9399,1;7,1440,0.94375;9,1974,0.873437;9,1885,0.875;9,2105,0.892188
6,6912;29,9395,0.996875;7,1353,0.95625;13,1978,0.892188;9,1840,0.935937;8,1971,0.923438
6,7139;27,8889,0.96875;7,1439,0.957812;10,2336,0.965625;8,1690,0.928125;8,1839,0.890625
6,7471;27,8844,1;7,1313,0.93125;10,2264,0.942187;9,1734,0.93125;9,1922,0.929688
6,7204;24,9072,1;7,1256,0.878125;10,2330,0.928125;9,1821,0.879687;9,2179,0.915625
5,6393;21,9193,1;5,1091,0.895312;9,1850,0.979688;7,1319,0.914062;6,1458,0.935937
6,7468;25,9155,1;7,1359,0.889062;10,2401,0.984375;10,1944,0.934375;9,1943,0.917188
6,7385;25,9381,1;6,1311,0.934375;9,2019,0.984375;8,1615,0.904687;8,1802,0.904687
6,7078;25,9163,1;6,1297,0.917188;9,2211,0.99375;9,1805,0.921875;8,1816,0.904687
6,6869;25,9350,0.99375;7,1243,0.89375;9,2009,0.990625;8,1644,0.895312;8,1696,0.884375
6,7184;22,9059,1;5,1130,0.929688;8,1782,0.957812;8,1581,0.903125;7,1585,0.867188
6,7070;28,8874,0.992188;6,1061,0.876563;9,1867,0.959375;8,1609,0.915625;8,1728,0.925
6,7470;27,9037,1;8,1503,0.948438;10,2220,0.948438;9,1860,0.920312;9,2011,0.889062
6,7010;26,8942,1;7,1362,0.976562;9,2193,0.996875;8,1673,0.917188;9,1908,0.9125
6,7173;27,8590,1;7,1292,0.98125;9,1882,0.998437;8,1697,0.923438;8,1779,0.9125
6,7686;28,9196,1;7,1445,0.946875;10,2290,0.982812;9,1971,0.91875;9,2046,0.901563
6,6672;26,8913,0.996875;6,1117,0.940625;9,1832,0.978125;6,1348,0.909375;6,1486,0.898438
6,7223;28,8893,1;6,1315,0.932813;9,2051,0.979688;8,1619,0.89375;8,1727,0.895312
6,7145;28,9476,0.998437;6,1175,0.921875;8,2020,1;7,1530,0.914062;7,1621,0.875
6,7325;27,9148,1;6,1259,0.889062;10,2239,0.985938;8,1560,0.867188;8,1723,0.9
5,6463;28,9011,1;6,1191,0.90625;8,1709,0.96875;6,1290,0.8875;6,1462,0.898438
6,6934;27,8743,1;6,1119,0.928125;8,1889,0.995313;6,1211,0.892188;6,1317,0.870313
5,6101;28,9054,0.996875;6,1028,0.901563;9,1770,0.973437;6,1228,0.890625;6,1336,0.875
6,7039;27,8867,1;6,1119,0.8375;9,1832,0.970313;7,1430,0.870313;8,1688,0.925
6,6552;26,9110,0.982812;5,979,0.842187;8,1572,0.934375;8,1584,0.89375;6,1419,0.914062
5,5704;29,9308,1;6,824,0.809375;7,1460,0.973437;5,1173,0.940625;5,1188,0.935937
6,6590;27,8832,1;7,1153,0.8875;10,1870,0.996875;5,1118,0.932813;5,1275,0.934375
6,6548;26,9055,0.998437;5,1073,0.876563;7,1633,0.970313;7,1388,0.910937;6,1506,0.926562
6,6806;28,9498,0.998437;5,977,0.807813;7,1477,0.926562;6,1223,0.839063;6,1481,0.925
5,6259;29,9613,0.998437;5,1008,0.823438;7,1692,0.957812;6,1255,0.870313;6,1511,0.921875
6,6944;18,9650,1;6,1377,0.93125;10,2218,0.978125;7,1620,0.895312;8,1948,0.917188
6,7174;28,9525,1;6,1302,0.967187;8,2108,0.98125;9,1903,0.920312;8,1918,0.914062
6,6683;29,9784,0.998437;5,1133,0.971875;8,1867,0.982812;6,1381,0.917188;7,1640,0.9125
4,5069;24,9880,0.982812;5,947,0.940625;6,1545,0.98125;5,1044,0.920312;5,1171,0.921875
5,6351;27,9823,0.996875;6,998,0.9375;8,1788,0.975;7,1485,0.907813;7,1769,0.9125
5,6284;23,9740,1;7,971,0.957812;8,1612,0.982812;6,1246,0.879687;7,1571,0.895312
4,5177;28,9622,1;4,790,0.923438;7,1449,0.982812;5,1028,0.884375;5,1275,0.895312
5,5325;20,9552,0.985938;5,978,0.9125;7,1470,0.970313;6,1235,0.89375;7,1594,0.903125
5,5644;28,9775,0.992188;5,785,0.917188;6,1351,0.954688;6,1270,0.890625;8,1702,0.910937
3,3560;29,10294,1;4,582,0.923438;4,849,0.982812;4,843,0.903125;4,1003,0.920312
3,4236;30,10048,0.9875;4,673,0.942187;6,1098,0.984375;4,921,0.9125;4,1057,0.923438
2,2636;28,9884,0.998437;2,308,0.940625;3,552,0.982812;2,544,0.915625;2,626,0.915625
1,1683;29,9906,1;2,235,0.921875;3,469,0.992188;1,331,0.915625;1,376,0.920312
3,3140;29,9819,0.995313;3,447,0.940625;4,795,0.990625;2,540,0.926562;3,825,0.93125
2,2803;29,10243,0.99375;2,348,0.932813;3,612,0.985938;3,547,0.917188;3,713,0.920312
0,378;31,10460,1;0,19,0.932813;0,22,0.985938;0,32,0.917188;0,32,0.920312
0,378;30,10146,1;0,26,0.934375;0,21,0.984375;0,32,0.9125;0,32,0.915625
0,737;29,9802,0.998437;1,45,0.93125;1,76,0.985938;0,50,0.907813;0,44,0.910937
0,624;30,10160,1;2,140,0.932813;4,367,0.978125;0,137,0.915625;0,157,0.917188
