197,12561;349,12451,0.971069;175,5924,0.908176;231,8026,0.945912;201,6082,0.867925;236,6494,0.890566
187,11533;372,13000,0.957233;62,1646,0.844025;107,2866,0.927044;69,2223,0.845283;86,2830,0.866667
193,11884;369,12636,0.966038;44,1427,0.849057;67,2294,0.893082;67,2169,0.812579;74,2487,0.828931
194,11606;377,13059,0.986164;53,1694,0.87044;73,2449,0.88805;64,2088,0.822642;77,2569,0.788679
197,11723;381,13144,0.962264;58,1872,0.87044;88,2950,0.90566;73,2291,0.774843;94,3091,0.798742
182,10740;365,12624,0.961006;52,1683,0.87044;77,2545,0.924528;71,2236,0.749686;79,2641,0.801258
203,12030;436,13733,0.972327;68,2166,0.862893;103,3486,0.934591;90,2793,0.768553;102,3356,0.821384
189,11696;384,12748,0.966038;67,2185,0.877987;93,3109,0.932075;83,2615,0.748428;94,3073,0.860377
190,11365;383,13344,0.977358;57,1845,0.842767;93,3154,0.928302;82,2527,0.742138;102,3336,0.87044
186,11168;386,13452,0.977358;59,1893,0.849057;88,2962,0.90566;75,2399,0.78239;81,2710,0.822642
192,11734;387,13464,0.992453;65,2154,0.871698;107,3773,0.924528;93,3001,0.767296;111,3733,0.833962
197,11840;404,13982,0.971069;66,2167,0.872956;106,3590,0.930818;87,2740,0.803774;100,3312,0.820126
182,10982;408,14173,0.986164;56,1848,0.88805;80,2754,0.920755;81,2610,0.767296;97,3256,0.867925
189,11473;375,12968,0.983648;62,2034,0.890566;97,3295,0.910692;99,3128,0.76478;103,3399,0.866667
196,11789;385,13404,0.971069;62,2059,0.866667;107,3692,0.925786;94,2972,0.752201;112,3732,0.861635
188,11225;384,13252,0.973585;55,1796,0.889308;80,2746,0.924528;74,2385,0.728302;85,2870,0.854088
198,11821;388,13486,0.991195;59,1929,0.884277;90,3088,0.932075;82,2620,0.740881;98,3250,0.856604
180,11040;375,13060,0.992453;57,1881,0.914465;80,2762,0.925786;77,2481,0.72956;88,2936,0.832704
216,12053;394,13593,0.983648;70,2337,0.914465;102,3516,0.901887;91,2900,0.762264;96,3231,0.823899
186,11216;400,13443,0.977358;58,1931,0.898113;91,3199,0.881761;80,2536,0.798742;96,3138,0.8
185,11463;399,12334,0.983648;57,1867,0.864151;91,3084,0.883019;83,2645,0.789937;94,3140,0.849057
190,11306;380,13150,0.978616;63,2110,0.880503;93,3217,0.88805;87,2788,0.78239;99,3303,0.802516
176,10741;376,12920,0.972327;48,1527,0.859119;87,2950,0.893082;75,2434,0.822642;82,2763,0.842767
198,11770;386,13507,0.993711;58,1901,0.857862;93,3196,0.915723;84,2713,0.786164;103,3443,0.836478
213,11787;401,13938,0.988679;61,1984,0.851572;98,3407,0.932075;75,2450,0.76478;99,3365,0.881761
191,11320;383,13320,0.981132;75,2487,0.871698;103,3538,0.942138;98,3103,0.810063;116,3914,0.861635
201,11863;384,13416,0.981132;71,2422,0.842767;109,3820,0.915723;99,3134,0.816352;119,4007,0.871698
176,10487;380,13150,0.977358;57,1882,0.821384;102,3516,0.930818;75,2393,0.792453;92,3086,0.87044
197,11643;382,13304,0.968553;58,1892,0.840252;80,2711,0.88805;81,2590,0.778616;96,3204,0.869182
187,11501;372,12948,0.983648;56,1833,0.864151;91,3117,0.924528;72,2323,0.815094;91,3042,0.884277
176,10864;371,12981,0.983648;65,2149,0.866667;103,3583,0.914465;80,2571,0.846541;93,3133,0.87673
185,11494;380,13128,0.98239;61,2010,0.866667;96,3321,0.927044;74,2383,0.776101;94,3142,0.855346
187,11683;377,13140,0.973585;53,1718,0.87044;83,2881,0.937107;79,2601,0.801258;83,2800,0.838994
175,10866;427,13374,0.981132;64,2018,0.87673;99,3341,0.925786;83,2660,0.789937;97,3285,0.85283
195,12062;400,13495,0.987421;58,1945,0.891824;88,3016,0.955975;82,2605,0.816352;113,3787,0.879245
189,11659;398,13777,0.983648;58,1914,0.89434;93,3196,0.906918;81,2609,0.793711;103,3420,0.854088
168,10529;392,13510,0.979874;53,1751,0.828931;85,2922,0.937107;75,2377,0.752201;101,3413,0.823899
188,11296;396,13779,0.991195;53,1763,0.845283;80,2765,0.952201;73,2338,0.806289;87,2936,0.828931
190,11376;385,13457,0.974843;51,1676,0.861635;83,2835,0.935849;70,2267,0.772327;90,3013,0.833962
191,11438;383,13326,0.981132;63,2095,0.903145;92,3157,0.953459;85,2725,0.789937;98,3297,0.837736
202,11561;392,13567,0.977358;52,1708,0.886792;70,2413,0.915723;71,2325,0.794969;87,2933,0.83522
200,11936;391,13488,0.971069;62,2097,0.89434;100,3420,0.924528;86,2742,0.791195;104,3509,0.861635
195,11549;389,13420,0.984906;51,1678,0.889308;88,3057,0.925786;77,2443,0.803774;98,3277,0.842767
192,11360;387,13428,0.979874;56,1787,0.900629;90,3131,0.932075;85,2678,0.802516;111,3738,0.845283
186,11464;384,13471,0.987421;52,1752,0.857862;90,3145,0.909434;85,2706,0.807547;107,3606,0.880503
192,11418;380,13295,0.993711;57,1907,0.831447;104,3629,0.928302;76,2419,0.812579;109,3725,0.864151
178,11047;405,13331,0.981132;77,2237,0.864151;122,3572,0.948428;90,2412,0.812579;117,3321,0.886792
192,11894;414,13326,0.984906;61,1750,0.881761;79,2764,0.92956;74,2355,0.794969;98,3299,0.869182
185,11500;374,13025,0.976101;59,1794,0.879245;89,3039,0.943396;79,2482,0.767296;106,3542,0.842767
203,11811;396,13851,0.979874;51,1664,0.869182;77,2624,0.939623;80,2555,0.784906;96,3197,0.864151
191,11299;398,13930,0.994969;50,1670,0.871698;81,2768,0.940881;63,2031,0.803774;97,3263,0.866667
190,11374;387,13615,0.988679;48,1546,0.847799;75,2568,0.906918;72,2316,0.778616;91,3084,0.845283
187,11286;388,13495,0.983648;50,1648,0.867925;82,2777,0.898113;61,1974,0.763522;91,3074,0.840252
192,11537;382,13388,0.98239;49,1565,0.866667;79,2696,0.92327;77,2473,0.778616;92,3099,0.812579
195,11570;377,13196,0.983648;53,1757,0.867925;93,3203,0.933333;87,2785,0.801258;117,3929,0.867925
193,11675;399,14051,0.974843;59,1935,0.88805;90,3101,0.92327;83,2672,0.801258;101,3464,0.855346
193,11501;387,13402,0.984906;57,1944,0.890566;87,2999,0.927044;77,2396,0.808805;100,3301,0.831447
189,11646;389,13621,0.976101;56,1826,0.908176;78,2670,0.934591;74,2361,0.807547;96,3251,0.847799
189,11702;401,13875,0.979874;53,1784,0.881761;87,3006,0.899371;85,2729,0.777358;106,3573,0.83522
197,11917;388,13357,0.963522;49,1563,0.872956;77,2663,0.925786;80,2570,0.779874;100,3362,0.81761
195,11622;438,13481,0.986164;56,1861,0.874214;99,3463,0.944654;85,2715,0.802516;105,3562,0.827673
167,10572;389,13722,0.976101;44,1428,0.856604;76,2631,0.904403;66,2150,0.784906;84,2836,0.818868
178,11167;392,13691,0.962264;56,1738,0.857862;83,2919,0.901887;73,2379,0.771069;89,3036,0.827673
184,11052;381,13269,0.98239;51,1718,0.860377;85,2930,0.928302;77,2514,0.822642;96,3287,0.851572
176,11185;390,13580,0.98239;52,1737,0.861635;84,2955,0.938365;77,2522,0.802516;102,3489,0.861635
181,11482;380,13245,0.967296;50,1545,0.861635;79,2620,0.953459;70,2230,0.788679;85,2861,0.856604
194,11290;394,13626,0.987421;49,1596,0.855346;78,2671,0.908176;76,2450,0.784906;90,3037,0.860377
199,11788;384,13416,0.984906;45,1503,0.862893;70,2416,0.908176;70,2269,0.797484;85,2826,0.847799
205,11935;388,13539,0.968553;54,1803,0.871698;83,2839,0.927044;80,2595,0.793711;92,3120,0.849057
190,11692;383,13399,0.991195;43,1391,0.860377;67,2277,0.918239;65,2104,0.8;76,2581,0.85283
195,11607;371,13002,0.991195;52,1647,0.844025;79,2696,0.92327;72,2317,0.791195;94,3121,0.833962
192,11183;385,13318,0.971069;50,1527,0.850314;74,2447,0.895597;71,2213,0.807547;92,3012,0.818868
186,11220;379,13345,0.983648;48,1530,0.846541;88,2932,0.930818;68,2161,0.788679;98,3246,0.832704
185,11372;441,13539,0.971069;52,1687,0.85283;85,2873,0.938365;76,2375,0.788679;96,3158,0.842767
184,11677;393,13673,0.988679;47,1507,0.874214;72,2436,0.928302;75,2365,0.818868;88,2912,0.851572
176,11263;393,13755,0.968553;51,1643,0.857862;94,3163,0.922013;80,2476,0.827673;112,3638,0.855346
189,11645;389,13608,0.984906;57,1872,0.886792;96,3231,0.92956;83,2554,0.810063;112,3631,0.857862
179,11290;385,13560,0.986164;60,1909,0.906918;101,3296,0.968553;78,2443,0.812579;98,3198,0.859119
202,11640;402,13839,0.978616;58,1813,0.932075;100,3325,0.962264;83,2565,0.815094;102,3260,0.866667
184,11683;376,13171,0.987421;52,1555,0.927044;72,2386,0.949686;73,2327,0.813836;89,2832,0.847799
167,10839;386,13385,0.967296;47,1466,0.89434;78,2512,0.91195;70,2163,0.777358;89,2892,0.838994
193,11603;398,13650,0.979874;50,1569,0.877987;82,2674,0.908176;83,2550,0.791195;99,3172,0.827673
199,11601;390,13537,0.993711;53,1682,0.862893;82,2643,0.874214;81,2452,0.789937;96,3028,0.812579
178,11237;389,13628,0.981132;64,1970,0.880503;97,3148,0.908176;82,2467,0.793711;94,2979,0.811321
181,11369;395,13751,0.988679;61,1856,0.861635;101,3231,0.922013;80,2385,0.783648;106,3326,0.830189
196,11345;399,13933,0.991195;52,1638,0.850314;84,2708,0.927044;82,2438,0.781132;104,3252,0.833962
202,12046;428,13343,0.991195;58,1806,0.862893;93,2936,0.950943;82,2455,0.786164;110,3431,0.872956
179,11149;405,13881,0.989937;60,1791,0.874214;103,3305,0.969811;72,2138,0.737107;111,3456,0.875472
178,11300;400,13863,0.992453;52,1604,0.883019;91,2929,0.944654;81,2395,0.762264;99,3086,0.869182
184,11818;386,13470,0.989937;60,1828,0.884277;90,2863,0.935849;83,2483,0.787421;111,3496,0.864151
185,11741;404,14166,0.974843;60,1835,0.874214;91,2912,0.949686;78,2347,0.783648;104,3280,0.857862
182,11590;408,14094,0.984906;57,1747,0.874214;90,2870,0.933333;85,2545,0.793711;110,3413,0.841509
172,11022;386,13589,0.979874;54,1662,0.867925;83,2729,0.930818;72,2019,0.76478;112,2959,0.830189
178,11203;390,13780,0.973585;62,1563,0.867925;104,2764,0.952201;87,2178,0.761006;110,3176,0.849057
191,12073;407,14263,0.989937;71,2110,0.904403;99,3155,0.952201;81,2354,0.754717;119,3648,0.837736
184,11712;411,14191,0.984906;55,1652,0.903145;88,2796,0.943396;87,2512,0.772327;117,3603,0.823899
173,11054;395,13692,0.981132;47,1403,0.883019;87,2700,0.940881;69,2032,0.759748;108,3337,0.820126
193,12132;400,13905,0.989937;70,2090,0.883019;116,3670,0.959748;95,2745,0.742138;148,4494,0.789937
176,11229;395,13918,0.977358;48,1462,0.877987;73,2233,0.92956;74,2155,0.768553;99,3035,0.807547
176,11228;459,13950,0.981132;57,1722,0.880503;97,3076,0.92956;82,2400,0.774843;116,3608,0.842767
186,11634;413,14276,0.992453;59,1799,0.856604;93,2940,0.908176;86,2533,0.758491;129,4062,0.860377
197,11759;411,14360,0.984906;60,1880,0.869182;91,2917,0.92956;84,2492,0.744654;120,3752,0.830189
184,11422;403,13924,0.968553;60,1787,0.881761;98,3023,0.92956;98,2852,0.773585;128,3974,0.844025
186,11775;386,13523,0.968553;61,1868,0.885535;108,3418,0.948428;97,2817,0.766038;131,4045,0.831447
185,11510;401,13953,0.994969;64,1951,0.880503;96,3035,0.930818;81,2386,0.766038;125,3849,0.856604
194,11944;398,13890,0.991195;56,1727,0.860377;104,3295,0.937107;94,2768,0.788679;122,3783,0.855346
187,11347;399,13865,0.984906;55,1685,0.885535;83,2643,0.914465;91,2651,0.794969;111,3441,0.87673
187,11613;398,13831,0.976101;53,1630,0.866667;96,3093,0.922013;76,2227,0.784906;115,3583,0.877987
177,10876;422,14661,0.987421;53,1633,0.874214;91,2960,0.942138;76,2236,0.762264;113,3551,0.881761
182,11251;389,13654,0.989937;53,1645,0.899371;86,2716,0.940881;84,2384,0.749686;107,3302,0.877987
221,11707;396,13767,0.972327;63,1920,0.898113;106,3399,0.939623;104,2999,0.745912;124,3836,0.864151
194,11329;391,13793,0.981132;51,1540,0.890566;81,2537,0.940881;82,2368,0.769811;114,3462,0.869182
202,11834;459,14036,0.977358;59,1810,0.913208;89,2772,0.92327;84,2452,0.763522;117,3587,0.851572
196,11634;396,13730,0.979874;55,1680,0.891824;101,3186,0.942138;92,2669,0.794969;125,3858,0.862893
197,11596;401,13854,0.983648;61,1853,0.880503;95,3012,0.94717;84,2456,0.796226;110,3396,0.871698
215,12043;404,13890,0.976101;69,2113,0.898113;107,3435,0.937107;105,3031,0.784906;136,4222,0.856604
193,11647;404,14098,0.968553;56,1734,0.886792;89,2856,0.92327;82,2403,0.803774;115,3573,0.838994
212,11783;398,13911,0.981132;56,1744,0.884277;90,2850,0.909434;84,2412,0.796226;115,3647,0.842767
195,11619;404,14110,0.984906;54,1708,0.864151;83,2669,0.908176;81,2412,0.768553;118,3724,0.822642
188,11299;397,13973,0.988679;59,1844,0.864151;93,3007,0.919497;85,2504,0.748428;108,3368,0.827673
196,11542;392,13765,0.962264;52,1602,0.862893;88,2839,0.934591;65,1961,0.779874;93,2940,0.841509
188,11266;399,13875,0.976101;61,1894,0.844025;97,3075,0.91195;86,2524,0.793711;114,3554,0.846541
194,11385;399,14106,0.987421;59,1811,0.850314;96,3115,0.933333;87,2603,0.806289;109,3419,0.857862
196,11711;406,14101,0.976101;61,1868,0.81761;107,3428,0.885535;93,2777,0.78239;123,3851,0.837736
198,11908;421,14436,0.969811;67,2075,0.836478;116,3722,0.914465;94,2767,0.781132;127,4021,0.807547
196,11708;461,14465,0.974843;69,2168,0.867925;119,3854,0.940881;99,2939,0.793711;139,4336,0.854088
198,11990;409,14377,0.993711;62,1918,0.874214;107,3441,0.940881;86,2557,0.787421;124,3901,0.85283
197,11703;429,14448,0.974843;67,2027,0.866667;110,3536,0.938365;101,2983,0.766038;136,4284,0.847799
198,11775;425,14726,0.976101;58,1824,0.854088;116,3765,0.953459;106,3120,0.777358;133,4178,0.841509
188,11103;407,14126,0.993711;60,1857,0.861635;101,3275,0.948428;87,2609,0.772327;113,3568,0.838994
194,11820;415,14454,0.976101;65,1959,0.855346;114,3642,0.94717;94,2726,0.802516;133,4054,0.849057
199,11895;395,13723,0.958491;70,2117,0.849057;113,3567,0.932075;112,3219,0.787421;147,4496,0.850314
196,11777;417,14135,0.983648;72,2178,0.837736;121,3840,0.919497;103,2965,0.792453;123,3754,0.849057
194,11806;404,14137,0.984906;75,2251,0.879245;111,3493,0.909434;92,2668,0.771069;129,3964,0.866667
190,11626;408,14020,0.983648;66,1992,0.884277;111,3473,0.935849;98,2827,0.766038;126,3847,0.87044
193,11667;396,13779,0.974843;63,1876,0.851572;102,3218,0.935849;90,2562,0.773585;119,3650,0.857862
187,11256;405,14086,0.986164;51,1557,0.864151;87,2746,0.942138;88,2557,0.783648;101,3093,0.867925
195,11796;465,14670,0.989937;60,1844,0.844025;104,3247,0.916981;93,2696,0.763522;133,4051,0.850314
207,11581;417,14188,0.993711;55,1664,0.840252;92,2878,0.916981;83,2412,0.773585;114,3480,0.856604
184,10973;419,14476,0.955975;60,1794,0.815094;94,2966,0.904403;73,2151,0.772327;115,3522,0.874214
187,11070;420,14586,0.984906;55,1612,0.828931;96,3046,0.935849;77,2255,0.787421;106,3256,0.851572
176,10759;414,14463,0.988679;46,1420,0.855346;69,2168,0.950943;70,2079,0.796226;85,2636,0.833962
188,11555;404,14025,0.992453;63,1889,0.851572;108,3437,0.966038;94,2739,0.779874;120,3657,0.827673
183,11257;402,13871,0.972327;64,1954,0.851572;85,2656,0.904403;90,2595,0.788679;124,3790,0.841509
189,11389;407,13966,0.981132;58,1738,0.879245;96,2976,0.957233;91,2640,0.787421;113,3456,0.841509
182,11116;398,13814,0.989937;55,1671,0.865409;93,2872,0.945912;81,2333,0.769811;107,3286,0.842767
178,10926;389,13418,0.983648;59,1776,0.864151;81,2526,0.910692;78,2280,0.779874;109,3428,0.864151
186,11495;412,14181,0.962264;51,1587,0.860377;88,2801,0.908176;80,2425,0.8;96,2979,0.83522
195,11935;388,13532,0.994969;61,1892,0.856604;110,3479,0.942138;96,2849,0.81761;116,3672,0.855346
180,10905;393,13649,0.989937;48,1453,0.867925;67,2106,0.92327;58,1800,0.803774;76,2399,0.85283
180,10835;455,13796,0.997484;53,1655,0.866667;92,2997,0.906918;80,2385,0.798742;100,3140,0.855346
189,11549;397,13673,0.983648;55,1704,0.872956;93,3000,0.930818;94,2826,0.830189;113,3544,0.87044
191,11677;399,13785,0.984906;56,1733,0.908176;91,2961,0.950943;68,2465,0.823899;76,3316,0.864151
183,11307;387,13510,0.989937;37,1594,0.883019;82,2624,0.925786;77,2309,0.789937;96,3019,0.828931
193,11318;390,13649,0.986164;48,1446,0.891824;73,2359,0.963522;70,2109,0.794969;91,2846,0.838994
200,11705;383,13366,0.986164;56,1665,0.916981;86,2733,0.943396;79,2385,0.794969;99,3128,0.837736
198,11788;396,13776,0.978616;60,1865,0.928302;97,3086,0.962264;83,2511,0.787421;106,3343,0.822642
180,10929;379,13242,0.981132;50,1557,0.886792;90,2888,0.958491;80,2424,0.796226;102,3186,0.813836
197,11692;399,13806,0.977358;61,1903,0.869182;105,3369,0.950943;90,2688,0.789937;107,3353,0.808805
198,11602;398,13950,0.974843;58,1819,0.872956;92,2956,0.940881;85,2558,0.776101;104,3280,0.812579
188,11290;395,13736,0.984906;59,1825,0.883019;90,2918,0.94717;86,2571,0.776101;108,3389,0.832704
198,11376;398,13668,0.973585;54,1614,0.87673;85,2720,0.935849;70,2138,0.779874;89,2815,0.823899
193,11422;394,13525,0.994969;58,1703,0.879245;87,2797,0.933333;83,2492,0.812579;96,3023,0.847799
187,11071;444,13702,0.983648;58,1829,0.85283;96,3116,0.937107;91,2719,0.828931;106,3342,0.854088
189,11731;402,13843,0.986164;59,1832,0.885535;106,3429,0.935849;84,2542,0.815094;107,3356,0.842767
201,11835;397,13563,0.981132;65,1987,0.886792;111,3550,0.937107;97,2929,0.768553;121,3836,0.820126
202,11814;395,13716,0.976101;57,1789,0.87044;99,3142,0.944654;88,2639,0.779874;115,3613,0.818868
190,11340;406,14110,0.988679;52,1610,0.883019;88,2838,0.959748;75,2258,0.797484;106,3363,0.828931
190,11498;396,13851,0.987421;48,1478,0.896855;81,2616,0.957233;82,2485,0.803774;102,3245,0.842767
193,11751;411,14181,0.979874;66,2059,0.893082;106,3381,0.96478;93,2780,0.810063;107,3374,0.823899
182,11306;402,13754,0.98239;53,1663,0.898113;84,2723,0.958491;81,2455,0.815094;97,3058,0.850314
186,11494;398,13672,0.989937;63,2012,0.91195;110,3576,0.961006;94,2785,0.825157;122,3818,0.846541
187,11526;384,13167,0.987421;59,1817,0.881761;95,3092,0.96478;81,2452,0.807547;99,3138,0.849057
191,11867;403,13966,0.984906;54,1705,0.883019;97,3161,0.952201;91,2715,0.818868;119,3741,0.855346
179,11091;410,14035,0.993711;67,2079,0.890566;93,2992,0.952201;90,2714,0.803774;111,3491,0.869182
186,11539;405,13313,0.979874;50,1546,0.856604;88,2793,0.940881;84,2548,0.822642;100,3145,0.862893
187,11426;423,13512,0.989937;53,1562,0.883019;81,2596,0.938365;79,2387,0.8;97,3045,0.859119
185,11132;397,13706,0.987421;63,1954,0.914465;92,2979,0.939623;91,2748,0.798742;104,3302,0.850314
196,11602;388,13378,0.989937;60,1845,0.918239;92,2979,0.944654;84,2525,0.797484;116,3679,0.865409
193,11541;393,13447,0.987421;54,1663,0.913208;79,2581,0.927044;76,2311,0.779874;100,3175,0.844025
186,11056;397,13690,0.979874;49,1527,0.908176;94,3044,0.943396;79,2403,0.801258;102,3240,0.827673
189,11298;382,13316,0.98239;50,1513,0.909434;84,2725,0.954717;71,2174,0.813836;105,3353,0.855346
180,10699;379,13057,0.987421;54,1658,0.891824;89,2862,0.935849;78,2346,0.774843;97,3083,0.823899
186,11348;385,13496,0.984906;61,1800,0.901887;83,2671,0.922013;78,2359,0.786164;100,3177,0.837736
190,11374;386,13457,0.993711;64,2034,0.928302;101,3304,0.940881;87,2635,0.812579;105,3317,0.837736
199,11706;387,13439,0.992453;52,1607,0.89434;80,2566,0.920755;79,2396,0.8;92,2900,0.831447
176,10612;402,14023,0.987421;51,1508,0.857862;94,2975,0.92327;72,2188,0.791195;88,2785,0.816352
189,11544;390,13554,0.989937;56,1767,0.909434;91,2922,0.938365;77,2368,0.781132;100,3158,0.827673
194,11989;415,13846,0.994969;64,1973,0.92956;93,2983,0.944654;86,2606,0.803774;112,3566,0.850314
193,11939;441,13801,0.976101;58,1792,0.914465;94,3012,0.939623;82,2470,0.811321;115,3619,0.845283
181,11220;394,13582,0.976101;52,1655,0.890566;86,2758,0.932075;73,2223,0.805031;96,3054,0.850314
184,11372;391,13572,0.971069;55,1720,0.920755;87,2816,0.937107;83,2524,0.813836;99,3128,0.837736
193,11739;399,13737,0.993711;50,1563,0.899371;77,2496,0.920755;82,2498,0.815094;98,3103,0.81761
196,11760;392,13656,0.987421;53,1661,0.922013;94,3009,0.932075;89,2707,0.823899;109,3428,0.837736
192,11542;394,13682,0.972327;46,1460,0.908176;82,2664,0.927044;73,2241,0.827673;94,2982,0.832704
187,11291;383,13344,0.986164;53,1681,0.884277;83,2636,0.92327;67,2034,0.837736;84,2672,0.855346
189,11409;380,13219,0.98239;57,1769,0.885535;93,2998,0.927044;82,2628,0.815094;106,3273,0.844025
191,11441;404,14114,0.976101;54,1685,0.904403;90,2864,0.945912;77,2287,0.810063;101,3154,0.846541
200,11687;391,13455,0.981132;64,1964,0.904403;102,3273,0.958491;87,2574,0.812579;111,3467,0.837736
189,11282;402,13930,0.978616;46,1415,0.895597;74,2275,0.954717;65,1956,0.808805;84,2651,0.844025
192,11295;400,13835,0.983648;50,1555,0.866667;84,2662,0.92956;84,2442,0.792453;99,3100,0.816352
191,11453;403,13549,0.979874;55,1637,0.867925;81,2615,0.944654;77,2308,0.762264;100,3151,0.815094
192,11317;437,13769,0.984906;61,1892,0.901887;88,2831,0.966038;85,2523,0.781132;107,3271,0.842767
212,11387;387,13253,0.978616;53,1617,0.913208;92,2990,0.961006;83,2485,0.793711;95,3002,0.836478
201,11742;390,13584,0.983648;57,1804,0.91195;87,2766,0.945912;97,2483,0.767296;121,3244,0.821384
195,11602;407,14070,0.998742;55,1440,0.90566;99,2709,0.954717;94,2547,0.778616;104,3215,0.81761
185,11053;404,13920,0.973585;48,1457,0.877987;78,2480,0.92956;80,2389,0.781132;97,3050,0.821384
193,11297;392,13707,0.977358;52,1564,0.877987;79,2546,0.927044;77,2296,0.788679;102,3205,0.807547
195,11463;402,13828,0.983648;57,1752,0.918239;89,2849,0.945912;80,2400,0.801258;103,3249,0.812579
201,11687;401,13920,0.988679;49,1524,0.891824;89,2876,0.940881;71,2193,0.803774;89,2852,0.803774
202,12074;404,13582,0.974843;55,1723,0.881761;87,2870,0.932075;85,2621,0.802516;111,3566,0.798742
188,11161;407,14075,0.988679;50,1602,0.883019;80,2584,0.927044;74,2287,0.807547;102,3200,0.832704
188,11111;397,13800,0.972327;56,1708,0.898113;74,2342,0.933333;67,2037,0.812579;86,2725,0.851572
189,11158;399,13865,0.986164;49,1511,0.90566;75,2437,0.919497;69,2097,0.802516;91,2881,0.841509
202,11800;400,13331,0.992453;59,1818,0.901887;93,3019,0.932075;92,2682,0.808805;111,3468,0.845283
190,11180;435,13903,0.987421;57,1780,0.898113;87,2789,0.945912;80,2430,0.811321;102,3214,0.83522
180,10622;384,13383,0.978616;49,1532,0.903145;73,2358,0.933333;70,2135,0.803774;87,2749,0.827673
196,11765;389,13622,0.983648;62,1935,0.898113;93,3043,0.943396;89,2662,0.802516;110,3410,0.818868
181,10995;400,13849,0.986164;45,1341,0.877987;77,2453,0.935849;72,2169,0.805031;91,2873,0.820126
195,11794;385,13227,0.988679;58,1796,0.918239;93,2980,0.959748;83,2480,0.820126;107,3365,0.846541
191,11566;388,13402,0.988679;47,1443,0.909434;72,2252,0.949686;81,2446,0.801258;95,2968,0.840252
176,10771;390,13546,0.967296;49,1514,0.890566;89,2842,0.92956;82,2464,0.784906;100,3135,0.833962
192,11612;386,13516,0.973585;54,1672,0.872956;87,2788,0.913208;87,2606,0.805031;105,3293,0.85283
192,11573;388,13441,0.989937;53,1631,0.87673;83,2609,0.924528;84,2540,0.773585;109,3399,0.832704
182,11018;399,13669,0.988679;55,1685,0.898113;93,2996,0.943396;81,2438,0.788679;98,3100,0.837736
191,11619;390,13648,0.989937;53,1644,0.900629;89,2929,0.942138;80,2392,0.772327;110,3408,0.823899
197,12000;401,14030,0.981132;62,1926,0.895597;103,3304,0.948428;98,2952,0.791195;120,3753,0.847799
189,11249;391,13406,0.988679;55,1716,0.89434;87,2772,0.934591;82,2453,0.784906;104,3225,0.833962
202,11959;430,13636,0.991195;64,1959,0.915723;103,3290,0.954717;92,2727,0.793711;116,3618,0.842767
198,11709;390,13656,0.988679;56,1689,0.895597;95,2983,0.944654;94,2831,0.808805;112,3526,0.849057
200,11729;394,13878,0.98239;46,1433,0.896855;84,2718,0.948428;87,2615,0.818868;112,3525,0.864151
192,11397;396,13732,0.987421;61,1777,0.875472;97,3083,0.938365;85,2563,0.823899;108,3393,0.85283
198,11608;374,12619,0.969811;60,1860,0.915723;99,3180,0.955975;92,2770,0.820126;110,3468,0.865409
195,11590;391,13491,0.973585;49,1514,0.885535;78,2548,0.938365;83,2286,0.812579;104,2791,0.860377
183,11168;395,13624,0.978616;61,1626,0.881761;104,2869,0.949686;100,2547,0.812579;109,3305,0.85283
192,11832;382,13378,0.969811;57,1770,0.87044;95,3067,0.927044;85,2549,0.796226;109,3428,0.83522
193,11191;383,13398,0.989937;59,1808,0.890566;86,2819,0.928302;79,2391,0.798742;98,3112,0.836478
202,11869;387,13543,0.986164;55,1707,0.87673;100,3230,0.915723;94,2846,0.787421;111,3555,0.832704
195,11541;398,13939,0.989937;61,1939,0.871698;98,3270,0.920755;84,2589,0.810063;107,3447,0.85283
200,11530;398,13783,0.987421;57,1789,0.885535;92,3080,0.944654;84,2578,0.791195;114,3598,0.854088
184,11394;393,13562,0.974843;56,1718,0.891824;88,2871,0.955975;76,2293,0.802516;100,3174,0.844025
200,11685;447,13591,0.991195;63,1998,0.918239;104,3398,0.94717;92,2760,0.768553;110,3497,0.792453
146,10833;383,13327,0.998742;50,1548,0.904403;89,2924,0.959748;66,2011,0.794969;95,3048,0.816352
183,11029;380,13134,0.988679;47,1479,0.914465;76,2527,0.94717;73,2268,0.818868;91,2943,0.837736
183,11220;400,13723,0.984906;51,1625,0.898113;84,2784,0.940881;75,2265,0.810063;97,3078,0.833962
184,11415;385,13381,0.987421;55,1705,0.872956;90,2905,0.943396;74,2256,0.811321;84,2651,0.841509
187,11588;393,13689,0.98239;46,1403,0.904403;74,2361,0.945912;65,1996,0.815094;85,2693,0.845283
193,11932;377,13138,0.976101;53,1639,0.898113;88,2854,0.94717;82,2483,0.81761;97,3049,0.850314
193,11898;386,13437,0.986164;51,1527,0.909434;81,2624,0.954717;75,2285,0.813836;90,2852,0.833962
197,11438;397,13682,0.977358;46,1440,0.883019;83,2606,0.948428;81,2464,0.802516;87,2770,0.815094
198,11495;399,13894,0.969811;50,1547,0.874214;82,2654,0.938365;81,2472,0.801258;87,2811,0.798742
195,11435;381,13365,0.971069;55,1716,0.903145;86,2770,0.955975;80,2445,0.815094;91,2901,0.806289
197,11628;386,13532,0.986164;48,1462,0.900629;70,2224,0.945912;68,2072,0.805031;87,2742,0.806289
194,11515;367,12968,0.987421;56,1694,0.919497;90,2893,0.950943;72,2174,0.820126;95,2976,0.823899
199,11665;424,13008,0.989937;52,1581,0.915723;81,2601,0.948428;71,2176,0.812579;89,2808,0.822642
187,11123;396,13238,0.983648;49,1537,0.898113;83,2678,0.939623;73,2219,0.783648;89,2811,0.807547
181,11216;373,12904,0.98239;52,1578,0.916981;73,2327,0.935849;61,1881,0.8;88,2763,0.822642
185,10969;375,12934,0.979874;51,1588,0.920755;84,2667,0.944654;63,1938,0.805031;78,2482,0.841509
194,11570;385,13420,0.992453;56,1760,0.903145;90,2862,0.942138;88,2255,0.801258;107,2871,0.838994
203,11473;394,13808,0.994969;51,1316,0.909434;84,2223,0.939623;71,1862,0.815094;86,2556,0.833962
179,10604;381,13418,0.991195;53,1652,0.915723;83,2650,0.928302;68,2063,0.794969;87,2765,0.828931
189,11286;395,13771,0.98239;51,1553,0.919497;80,2535,0.954717;72,2208,0.797484;90,2871,0.826415
188,11235;394,13611,0.991195;51,1563,0.898113;78,2507,0.950943;69,2122,0.793711;93,2991,0.826415
195,11651;392,13641,0.979874;55,1700,0.883019;86,2813,0.92327;77,2347,0.792453;94,3029,0.844025
191,11533;400,14084,0.988679;55,1685,0.880503;94,3011,0.925786;78,2330,0.781132;104,3277,0.840252
195,10962;404,13641,0.979874;46,1424,0.877987;76,2452,0.942138;66,2016,0.78239;87,2761,0.823899
197,11540;380,13153,0.987421;55,1714,0.933333;83,2662,0.945912;75,2306,0.807547;90,2853,0.846541
218,11994;422,13638,0.981132;54,1647,0.899371;85,2786,0.944654;74,2275,0.796226;92,2955,0.862893
196,11729;405,13446,0.972327;50,1557,0.898113;80,2602,0.920755;78,2362,0.797484;94,2961,0.867925
195,11570;392,13591,0.978616;48,1458,0.898113;76,2408,0.930818;63,1911,0.803774;85,2663,0.860377
177,10653;383,13380,0.971069;37,1134,0.845283;70,2203,0.901887;67,2032,0.796226;85,2696,0.865409
200,11991;374,13014,0.987421;59,1822,0.869182;94,2995,0.904403;87,2626,0.786164;108,3403,0.85283
199,12022;380,13235,0.972327;55,1705,0.871698;87,2803,0.913208;81,2482,0.791195;103,3287,0.845283
188,11505;388,13414,0.979874;56,1670,0.879245;103,3300,0.949686;79,2373,0.802516;102,3203,0.856604
198,11897;377,13101,0.974843;56,1739,0.851572;100,3187,0.937107;82,2476,0.805031;98,3072,0.828931
192,11395;381,13278,0.973585;65,1976,0.862893;98,3155,0.942138;84,2532,0.787421;104,3266,0.85283
197,11637;381,13250,0.981132;55,1688,0.885535;96,3086,0.952201;84,2532,0.823899;95,2984,0.854088
200,11770;383,13198,0.978616;52,1626,0.899371;88,2824,0.952201;73,2236,0.806289;96,2829,0.87044
193,11393;387,13462,0.987421;63,1655,0.898113;109,2927,0.948428;86,2195,0.798742;103,2775,0.849057
195,11670;392,13685,0.983648;63,1803,0.886792;93,3013,0.94717;74,2249,0.802516;108,3421,0.864151
190,11261;393,13634,0.981132;55,1742,0.865409;90,2956,0.959748;83,2533,0.828931;96,3068,0.867925
188,11303;454,13854,0.98239;55,1735,0.89434;89,2925,0.962264;70,2134,0.816352;96,3085,0.855346
194,11796;380,13236,0.989937;52,1662,0.918239;92,3037,0.969811;80,2451,0.832704;103,3273,0.866667
183,11186;391,13569,0.991195;43,1276,0.899371;65,2121,0.949686;62,1922,0.81761;77,2478,0.85283
191,11554;402,13800,0.981132;52,1540,0.87673;81,2653,0.94717;70,2164,0.806289;91,2950,0.841509
202,11956;368,12925,0.976101;58,1825,0.89434;87,2870,0.942138;79,2425,0.818868;92,2975,0.836478
200,11879;381,13161,0.983648;47,1503,0.871698;80,2607,0.928302;72,2216,0.8;96,3053,0.826415
198,11681;375,13117,0.977358;50,1526,0.872956;84,2716,0.944654;73,2256,0.802516;82,2620,0.837736
208,12052;382,13201,0.98239;57,1762,0.88805;87,2827,0.933333;76,2351,0.818868;88,2785,0.844025
191,11424;378,13094,0.986164;47,1488,0.899371;77,2513,0.944654;71,2170,0.807547;92,2910,0.840252
197,11781;364,12700,0.976101;44,1349,0.881761;72,2312,0.924528;62,1926,0.791195;84,2676,0.844025
189,11297;363,12708,0.993711;48,1492,0.895597;73,2380,0.934591;58,1807,0.806289;78,2467,0.838994
180,11088;371,12864,0.983648;41,1281,0.881761;62,1975,0.938365;55,1706,0.801258;64,2076,0.823899
191,11649;376,13026,0.98239;52,1362,0.89434;83,2273,0.920755;77,2029,0.818868;95,2556,0.849057
175,10668;400,12926,0.983648;68,1749,0.913208;94,2681,0.92327;77,2358,0.821384;85,2702,0.854088
187,11467;394,12696,0.971069;43,1373,0.927044;77,2494,0.953459;64,1993,0.812579;76,2465,0.851572
193,11899;355,12315,0.978616;44,1383,0.90566;71,2320,0.948428;62,1960,0.806289;77,2505,0.842767
193,11755;366,12743,0.977358;37,1199,0.896855;76,2495,0.932075;66,2032,0.789937;85,2706,0.823899
189,11669;374,12951,0.991195;48,1486,0.898113;72,2355,0.943396;62,1932,0.761006;76,2450,0.801258
175,10916;360,12657,0.986164;45,1403,0.871698;70,2285,0.933333;68,2117,0.781132;83,2646,0.801258
188,11396;361,12673,0.987421;51,1608,0.884277;74,2365,0.928302;64,1949,0.771069;85,2664,0.815094
173,10652;375,12828,0.968553;47,1464,0.891824;68,2175,0.937107;60,1838,0.769811;74,2344,0.818868
181,11136;380,13077,0.969811;53,1574,0.855346;77,2550,0.930818;69,2092,0.757233;75,2360,0.812579
189,11711;375,12930,0.972327;55,1710,0.886792;83,2644,0.924528;76,2299,0.757233;91,2845,0.812579
188,11608;380,13238,0.987421;58,1812,0.856604;91,2968,0.91195;85,2341,0.72956;104,2803,0.78239
175,10881;398,13713,0.989937;64,1673,0.820126;101,2733,0.866667;92,2360,0.715723;111,3403,0.828931
188,11596;391,13531,0.981132;57,1740,0.856604;84,2739,0.88805;70,2184,0.72327;91,2945,0.822642
191,11786;387,13431,0.953459;55,1730,0.880503;99,3296,0.92327;74,2308,0.735849;98,3138,0.825157
190,11768;427,13275,0.974843;53,1624,0.856604;86,2773,0.896855;74,2268,0.739623;88,2808,0.822642
188,11095;404,13851,0.984906;56,1643,0.867925;80,2606,0.937107;65,2007,0.783648;79,2551,0.838994
199,11756;400,13842,0.989937;53,1614,0.893082;85,2698,0.940881;74,2267,0.788679;93,2982,0.837736
193,11842;387,13395,0.984906;47,1489,0.90566;70,2246,0.949686;66,2024,0.797484;78,2498,0.838994
176,10923;379,13204,0.978616;46,1466,0.906918;93,2551,0.938365;95,2453,0.787421;108,2905,0.831447
181,11192;377,13222,0.972327;58,1501,0.884277;102,2773,0.943396;68,2098,0.774843;90,2878,0.828931
175,10905;374,12969,0.987421;46,1463,0.840252;72,2388,0.925786;73,2266,0.798742;85,2746,0.823899
188,11579;393,13684,0.979874;51,1635,0.857862;80,2668,0.91195;74,2266,0.805031;93,2955,0.844025
189,11379;381,13269,0.986164;55,1699,0.846541;87,2848,0.910692;69,2135,0.773585;94,3029,0.841509
184,11163;368,12997,0.993711;50,1603,0.877987;79,2562,0.939623;75,2303,0.757233;97,3112,0.847799
190,11645;371,13037,0.954717;54,1708,0.922013;77,2506,0.934591;86,2433,0.778616;107,2885,0.833962
198,12064;382,13363,0.988679;62,1629,0.879245;92,2501,0.914465;91,2363,0.755975;99,2910,0.803774
193,11673;390,13818,0.997484;42,1343,0.865409;74,2431,0.879245;73,2290,0.757233;96,3144,0.81761
196,11502;396,13292,0.968553;48,1508,0.874214;76,2534,0.879245;78,2424,0.759748;92,2960,0.803774
197,11393;424,13505,0.98239;48,1512,0.83522;77,2543,0.895597;72,2229,0.76478;91,2977,0.846541
196,11693;395,13710,0.976101;55,1690,0.841509;93,3059,0.920755;83,2548,0.758491;102,3262,0.845283
199,11776;384,13320,0.972327;52,1640,0.851572;101,2777,0.938365;76,1990,0.753459;113,3073,0.832704
200,11889;402,13729,0.972327;68,1781,0.856604;106,3025,0.913208;77,2391,0.752201;95,3060,0.815094
185,11185;391,13697,0.967296;52,1666,0.846541;81,2644,0.884277;73,2265,0.72956;86,2773,0.806289
189,11227;382,13092,0.969811;48,1502,0.871698;73,2416,0.913208;60,1855,0.735849;80,2581,0.820126
192,11522;381,13188,0.983648;56,1793,0.872956;88,2906,0.91195;75,2329,0.745912;97,3093,0.802516
196,11760;395,13739,0.997484;54,1689,0.877987;97,2683,0.932075;82,2143,0.743396;106,2849,0.801258
193,11805;387,13370,0.96478;65,1688,0.869182;94,2570,0.938365;71,2171,0.772327;101,3249,0.831447
184,11302;401,13747,0.991195;53,1613,0.889308;83,2771,0.952201;71,2208,0.771069;94,3053,0.833962
184,11129;392,13483,0.967296;49,1555,0.898113;83,2693,0.957233;63,1961,0.759748;77,2505,0.828931
183,11309;400,14033,0.972327;51,1622,0.891824;88,2878,0.958491;72,2213,0.768553;91,2898,0.842767
182,11260;382,13338,0.981132;56,1774,0.901887;69,2665,0.959748;55,2074,0.793711;88,2818,0.857862
192,11765;446,13636,0.976101;57,1757,0.906918;93,2979,0.940881;83,2489,0.798742;102,3174,0.862893
186,11558;379,13323,0.962264;56,1725,0.891824;94,2949,0.945912;80,2372,0.788679;102,3193,0.862893
203,11573;393,13645,0.978616;52,1611,0.881761;92,2924,0.933333;73,2188,0.771069;93,2903,0.864151
192,11450;390,13481,0.98239;53,1603,0.89434;77,2440,0.945912;71,2132,0.768553;92,2867,0.855346
188,11616;385,13426,0.983648;51,1561,0.932075;81,2546,0.962264;68,2036,0.798742;89,2793,0.855346
195,11820;377,13112,0.991195;54,1618,0.898113;86,2700,0.933333;65,1933,0.763522;93,2810,0.837736
201,11738;387,13466,0.974843;49,1518,0.896855;88,2787,0.925786;86,2564,0.781132;103,3209,0.840252
200,11748;372,13120,0.981132;56,1756,0.901887;92,2922,0.930818;77,2308,0.803774;101,3138,0.845283
189,11378;387,13511,0.969811;47,1423,0.879245;78,2469,0.92956;66,1990,0.787421;87,2710,0.838994
202,11789;380,13217,0.993711;57,1707,0.903145;86,2737,0.944654;85,2535,0.789937;94,2927,0.844025
201,11852;375,13132,0.973585;53,1573,0.866667;95,2970,0.916981;83,2459,0.769811;105,3260,0.840252
187,11056;394,13799,0.993711;54,1663,0.859119;90,2848,0.924528;78,2319,0.772327;94,2906,0.850314
200,12011;376,13206,0.950943;59,1803,0.881761;102,3243,0.950943;87,2586,0.788679;110,3450,0.836478
190,11501;425,13525,0.972327;59,1817,0.89434;83,2646,0.938365;75,2243,0.776101;93,2926,0.823899
199,11921;412,13611,0.976101;52,1620,0.898113;86,2779,0.932075;82,2410,0.778616;104,3265,0.821384
195,11792;385,13409,0.983648;49,1519,0.910692;87,2541,0.939623;75,2254,0.774843;97,3069,0.828931
187,11385;392,13642,0.967296;53,1639,0.87673;98,3174,0.950943;84,2517,0.773585;110,3409,0.823899
179,10962;382,13353,0.981132;49,1521,0.881761;76,2453,0.932075;71,2130,0.738365;84,2641,0.815094
190,11487;390,13424,0.976101;47,1452,0.87673;79,2540,0.91195;71,2161,0.763522;88,2786,0.821384
180,10929;390,13620,0.98239;42,1294,0.871698;77,2462,0.935849;65,1944,0.772327;83,2585,0.830189
190,11627;389,13497,0.993711;56,1714,0.909434;92,2934,0.957233;76,2327,0.798742;95,2975,0.837736
193,11123;375,13146,0.974843;49,1516,0.886792;77,2488,0.938365;63,1941,0.798742;79,2483,0.832704
195,11521;378,13243,0.959748;41,1251,0.901887;74,2350,0.940881;70,2123,0.794969;87,2748,0.831447
191,11420;385,13514,0.981132;54,1693,0.939623;76,2432,0.939623;70,2118,0.801258;97,3048,0.826415
202,11813;380,13333,0.98239;47,1441,0.90566;78,2529,0.945912;66,2021,0.781132;84,2726,0.822642
195,11469;374,13132,0.977358;37,1384,0.893082;56,2277,0.958491;50,1939,0.796226;67,2674,0.847799
194,11592;401,13667,0.983648;34,1358,0.901887;58,2411,0.949686;47,1846,0.789937;58,2385,0.825157
187,10960;433,13398,0.98239;36,1455,0.899371;60,2445,0.942138;50,1941,0.784906;63,2522,0.827673
194,11485;392,13669,0.974843;45,1723,0.889308;68,2820,0.934591;64,2234,0.778616;99,3119,0.830189
200,11756;395,13656,0.971069;51,1582,0.890566;78,2495,0.952201;65,1987,0.771069;84,2646,0.826415
192,11353;373,13088,0.973585;52,1611,0.928302;80,2501,0.953459;82,2419,0.786164;89,2790,0.840252
188,11166;378,13375,0.973585;50,1510,0.890566;80,2561,0.942138;74,2228,0.796226;92,2882,0.860377
190,11392;373,13201,0.991195;49,1502,0.884277;71,2244,0.934591;83,2486,0.807547;96,3005,0.862893
190,11446;375,13170,0.979874;46,1397,0.88805;78,2424,0.937107;72,2179,0.806289;85,2674,0.865409
191,11376;383,13259,0.96478;58,1728,0.893082;85,2668,0.939623;83,2492,0.803774;99,3080,0.859119
221,11267;381,13249,0.978616;52,1570,0.869182;87,2762,0.930818;69,2079,0.803774;87,2711,0.850314
192,11482;376,13174,0.983648;63,1926,0.895597;102,3274,0.937107;79,2351,0.78239;102,3170,0.828931
167,10332;375,13143,0.976101;45,1374,0.884277;71,2249,0.938365;66,1995,0.786164;82,2576,0.832704
212,11988;395,13639,0.974843;51,1564,0.904403;78,2505,0.92956;74,2222,0.779874;93,2900,0.837736
195,11758;394,13710,0.972327;47,1429,0.893082;83,2610,0.927044;71,2118,0.758491;91,2806,0.815094
200,11377;446,13600,0.978616;50,1506,0.893082;83,2549,0.913208;66,1986,0.752201;81,2562,0.832704
194,11602;376,12960,0.986164;44,1341,0.916981;68,2144,0.915723;71,2148,0.776101;92,2875,0.836478
194,11303;385,13380,0.996226;48,1479,0.881761;84,2687,0.919497;72,2167,0.772327;93,2917,0.85283
192,11520;376,13115,0.984906;52,1609,0.895597;88,2766,0.930818;77,2316,0.774843;95,2968,0.849057
187,11212;361,12759,0.983648;52,1577,0.889308;83,2605,0.934591;70,2042,0.773585;87,2712,0.846541
182,10985;386,13286,0.993711;49,1514,0.869182;85,2688,0.927044;77,2291,0.754717;91,2815,0.832704
193,11458;391,13382,0.962264;44,1349,0.880503;79,2507,0.940881;66,1982,0.778616;84,2627,0.832704
192,11395;387,13413,0.984906;50,1502,0.890566;80,2558,0.928302;67,2019,0.743396;94,2919,0.818868
175,10514;383,13436,0.979874;45,1352,0.877987;75,2389,0.914465;72,2155,0.74717;89,2717,0.828931
187,11198;367,12934,0.983648;43,1272,0.879245;76,2389,0.938365;71,2128,0.774843;86,2680,0.818868
185,11135;385,13383,0.978616;51,1480,0.883019;75,2351,0.952201;61,1828,0.776101;79,2490,0.796226
191,11343;376,13253,0.978616;55,1645,0.899371;80,2524,0.937107;77,2291,0.805031;88,2737,0.820126
193,11625;370,12973,0.984906;56,1683,0.909434;83,2645,0.94717;72,2149,0.794969;91,2825,0.820126
195,11519;395,13512,0.96478;50,1506,0.896855;80,2457,0.937107;72,2149,0.792453;90,2801,0.816352
196,11529;443,13681,0.966038;48,1471,0.889308;77,2397,0.943396;70,2111,0.793711;93,2898,0.83522
200,11764;383,13275,0.966038;51,1550,0.875472;92,2936,0.932075;82,2432,0.78239;104,3206,0.812579
191,11228;385,13501,0.981132;41,1219,0.877987;67,2133,0.942138;68,2036,0.787421;81,2542,0.803774
194,11501;390,13562,0.984906;52,1583,0.914465;78,2483,0.939623;79,2375,0.793711;94,2938,0.815094
192,11461;391,13549,0.979874;46,1404,0.901887;78,2481,0.942138;75,2255,0.796226;90,2811,0.816352
189,11080;398,13810,0.967296;49,1486,0.893082;79,2437,0.914465;79,2330,0.788679;95,2936,0.821384
186,11119;412,14360,0.996226;48,1437,0.898113;75,2369,0.933333;74,2204,0.787421;91,2833,0.820126
197,11697;382,13422,0.978616;48,1466,0.895597;90,2845,0.959748;74,2232,0.792453;89,2772,0.822642
183,11002;393,13799,0.991195;47,1380,0.883019;71,2247,0.955975;69,2043,0.786164;79,2458,0.813836
189,11339;393,13678,0.981132;44,1343,0.90566;68,2091,0.945912;61,1851,0.784906;76,2374,0.822642
200,12027;387,13600,0.973585;54,1652,0.898113;91,2888,0.955975;75,2236,0.794969;98,3031,0.836478
202,11963;395,13786,0.981132;52,1556,0.889308;88,2760,0.961006;75,2212,0.781132;100,3104,0.83522
192,11336;384,13412,0.974843;54,1621,0.92327;81,2535,0.932075;70,2075,0.793711;86,2646,0.826415
192,11316;456,13962,0.981132;54,1648,0.916981;85,2650,0.955975;72,2125,0.797484;82,2557,0.820126
169,10142;380,13475,0.963522;40,1196,0.945912;59,1832,0.976101;53,1577,0.784906;69,2135,0.830189
165,9728;383,13600,0.979874;37,1076,0.94717;56,1742,0.971069;46,1365,0.793711;65,2018,0.836478
148,8942;384,13397,0.979874;26,758,0.952201;39,1218,0.963522;35,1042,0.808805;49,1534,0.836478
125,7596;400,14011,0.993711;19,525,0.94717;33,988,0.967296;25,736,0.812579;39,1210,0.847799
79,4675;404,13949,0.976101;12,312,0.94717;19,577,0.96478;16,486,0.811321;24,749,0.851572
71,4204;392,13750,0.981132;10,274,0.940881;18,545,0.973585;16,449,0.810063;22,670,0.854088
82,4796;382,13430,0.974843;11,253,0.953459;17,503,0.966038;16,493,0.802516;26,813,0.849057
72,4293;382,13423,0.963522;10,228,0.954717;12,344,0.979874;8,258,0.810063;19,607,0.85283
51,3014;394,13951,0.971069;7,183,0.958491;13,398,0.979874;11,332,0.806289;15,474,0.849057
45,2619;375,13373,0.961006;3,95,0.952201;11,285,0.974843;6,177,0.812579;10,314,0.85283
26,1503;393,13683,0.987421;7,105,0.96478;6,143,0.977358;4,120,0.820126;6,206,0.854088
36,2073;399,13755,0.98239;6,144,0.963522;9,261,0.979874;6,180,0.818868;9,279,0.85283
20,1200;454,13841,0.981132;3,71,0.963522;6,152,0.978616;3,108,0.815094;4,139,0.850314
18,1058;392,13489,0.98239;3,65,0.962264;5,124,0.979874;3,106,0.81761;5,148,0.854088
23,1349;397,13933,0.978616;5,88,0.962264;6,177,0.979874;4,132,0.821384;5,173,0.855346
