229,12561;760,36180,0.999371;200,7367,0.935849;240,9790,0.974843;206,7027,0.892453;233,10007,0.972956
206,12069;757,35966,0.995597;80,2931,0.884906;115,4669,0.944654;125,4109,0.802516;188,7124,0.88805
197,12054;758,37212,1;92,3241,0.910692;130,5249,0.961006;120,4175,0.731447;190,7404,0.875472
201,11954;736,38381,1;71,2555,0.923899;99,3877,0.928302;113,3772,0.76478;111,5850,0.83522
204,12011;553,37532,0.997484;76,2825,0.896226;129,5229,0.961006;133,4508,0.728931;188,6978,0.822642
206,12108;656,37260,0.999371;92,3365,0.92956;142,5636,0.979874;122,4221,0.69434;141,7576,0.808176
210,12108;807,36693,0.999371;92,3338,0.901887;148,5702,0.979874;158,4877,0.778616;212,7775,0.766038
213,12094;782,37521,0.999371;95,3369,0.840252;138,5480,0.92327;136,4441,0.734591;254,9252,0.837736
209,12085;774,37633,1;92,3328,0.888679;143,5770,0.968553;171,5115,0.780503;220,8016,0.828302
216,12130;748,36801,1;92,3363,0.920755;137,5504,0.95283;113,4102,0.737107;141,7356,0.796226
216,12127;552,37001,0.999371;100,3641,0.932075;153,6166,0.986164;168,5153,0.713208;243,8809,0.830818
217,12113;604,36456,0.999371;105,3695,0.916352;143,5647,0.97673;175,5171,0.690566;228,8580,0.78239
203,11976;797,37196,1;75,2592,0.896855;117,4729,0.955346;123,4516,0.742767;215,7759,0.805031
205,12113;784,36554,1;95,3272,0.85283;140,5648,0.969811;151,4573,0.737736;219,8211,0.822013
209,12168;805,36985,1;96,3453,0.903774;135,5508,0.964151;179,5523,0.762264;224,8513,0.896226
203,12014;790,36885,1;79,2835,0.925157;113,4544,0.961635;117,3631,0.732704;181,6905,0.881761
209,12038;763,35580,0.999371;85,2887,0.932075;115,4499,0.956604;132,4106,0.674843;206,7656,0.831447
210,12068;810,37561,1;88,3071,0.889937;132,5299,0.972327;147,4535,0.669811;199,7501,0.837736
211,12119;784,36520,0.999371;94,3248,0.938365;125,5199,0.977358;99,4440,0.685535;179,8656,0.905031
211,12119;771,37059,1;106,3069,0.934591;149,4839,0.981132;175,4727,0.666038;220,8009,0.871069
232,12134;788,36892,0.999371;98,3371,0.92956;152,5825,0.986164;172,5073,0.68239;233,8239,0.852201
219,12100;778,36194,1;105,3458,0.925157;147,5485,0.971698;164,4808,0.701887;180,7752,0.832704
205,11717;783,36943,0.998742;65,2396,0.896226;77,3801,0.951572;81,3640,0.792453;121,6266,0.858491
214,12086;783,37318,1;92,3056,0.863522;139,5358,0.955346;145,4003,0.772327;188,8072,0.896855
209,12010;777,37867,0.998742;88,3376,0.906918;127,5030,0.971698;148,4340,0.791195;191,7057,0.867925
212,12023;646,37497,1;96,3032,0.920126;140,4851,0.981761;124,3854,0.761635;192,7149,0.857862
203,12008;788,36639,0.999371;82,3055,0.927044;123,4864,0.967925;140,4336,0.767925;215,7877,0.857862
200,11770;804,37688,0.999371;82,2783,0.931447;123,4827,0.942138;145,4496,0.756604;201,7425,0.845283
219,12045;781,37349,0.999371;82,2669,0.927044;119,4588,0.955975;135,4130,0.762893;196,7335,0.850314
219,12067;775,37270,1;77,2792,0.932075;123,4822,0.944025;137,4285,0.779245;203,7562,0.86478
218,12064;635,36657,1;81,2695,0.92956;123,4821,0.969182;123,3893,0.774214;183,6835,0.875472
208,11794;570,38231,1;82,2840,0.927673;101,4384,0.955346;109,3637,0.75283;169,6246,0.85283
211,11984;561,37922,0.998742;82,2840,0.928302;122,4837,0.97673;113,3786,0.738365;192,7033,0.866038
211,12002;555,37333,0.998113;75,2602,0.932704;109,4194,0.980503;123,3729,0.743396;190,6836,0.852201
210,12034;757,38294,0.998113;79,2670,0.928931;107,4446,0.976101;143,4253,0.760377;181,6851,0.858491
209,11952;640,37858,0.999371;74,2626,0.912579;109,4350,0.971069;123,3913,0.759119;187,7284,0.863522
212,11798;807,38041,0.997484;74,2580,0.918868;111,4401,0.961635;134,3999,0.757862;177,6667,0.87044
207,11902;813,38060,0.999371;81,2808,0.905031;126,5003,0.973585;125,3769,0.697484;148,7153,0.867296
211,11891;667,37173,0.998113;81,2852,0.935849;111,4500,0.983019;134,4077,0.698113;188,7250,0.880503
209,12001;705,38080,0.999371;74,2557,0.918868;102,4105,0.967296;141,4261,0.694969;182,7019,0.861006
211,11989;574,36920,0.999371;67,2452,0.925786;105,4186,0.96478;131,4098,0.705031;167,6447,0.849057
210,11981;800,37684,0.998113;72,2538,0.932075;85,3846,0.962893;112,3597,0.710063;174,6616,0.842138
210,12020;607,37944,0.999371;79,2832,0.932704;120,4800,0.965409;131,4020,0.693711;206,7542,0.862893
209,11720;645,38098,1;78,2541,0.93522;116,4491,0.983019;124,3790,0.766038;174,6512,0.87673
210,11996;661,37160,1;75,2586,0.934591;122,4846,0.983648;149,4146,0.778616;181,6818,0.872956
219,12030;771,38577,0.996855;92,2961,0.918239;131,5053,0.967925;140,4526,0.759119;181,7565,0.845283
206,11985;691,38618,0.999371;64,2308,0.908176;101,3931,0.969182;122,3808,0.740252;186,6852,0.850943
206,11996;784,38198,1;73,2623,0.901258;109,4579,0.961635;131,4176,0.737107;215,6487,0.813836
202,11825;608,38341,0.999371;59,2229,0.90566;75,3920,0.949686;113,3502,0.720126;149,5709,0.78805
204,11958;686,38173,0.998742;76,2685,0.92327;107,4371,0.966667;115,3672,0.711321;167,6247,0.765409
210,12051;616,39146,1;77,2471,0.930189;110,4233,0.966667;91,3807,0.686792;206,7500,0.767296
200,11758;581,38988,1;65,2552,0.90566;108,4057,0.969811;132,3873,0.656604;170,6305,0.735849
208,11855;632,39562,0.998742;80,2736,0.901887;119,4645,0.964151;122,3613,0.632075;189,7046,0.707547
211,11909;813,38823,1;63,3162,0.922013;86,4941,0.968553;150,4697,0.663522;201,6937,0.662893
213,12051;817,39544,1;85,2938,0.924528;126,5068,0.974214;144,4207,0.662264;164,6102,0.649057
212,12006;803,39347,0.999371;68,2441,0.908805;85,4273,0.961635;122,3576,0.675472;155,6146,0.691195
209,11980;722,38074,0.998742;81,2746,0.921384;103,4441,0.968553;134,4108,0.657233;196,7519,0.789937
210,11959;843,39467,0.999371;68,2364,0.903774;99,3944,0.948428;119,3479,0.649057;172,6308,0.80566
212,12064;739,39667,1;77,2758,0.922642;119,4814,0.974843;145,4193,0.635849;192,7206,0.828931
213,12041;858,40106,1;92,2905,0.915094;133,5179,0.965409;111,3668,0.606289;216,7777,0.857862
209,12007;798,38416,1;90,3083,0.927673;122,4812,0.977358;163,4458,0.595597;206,8062,0.839623
210,11987;822,39707,1;72,2552,0.910063;115,4849,0.969811;146,4227,0.591824;214,7965,0.862264
217,11888;832,40201,1;77,2799,0.907547;114,4700,0.971069;121,3568,0.584906;187,7145,0.861635
219,12073;812,39003,1;82,2907,0.925157;114,4701,0.976101;146,5020,0.623899;194,7187,0.859748
219,12021;807,38992,1;80,2903,0.931447;123,4958,0.975472;159,4742,0.727044;198,7431,0.854088
218,11995;800,38839,1;75,2686,0.907547;117,4672,0.97044;130,3894,0.730818;181,6821,0.84717
219,12066;736,38969,1;82,2895,0.918868;126,5060,0.973585;132,3996,0.698113;217,7970,0.843396
221,11987;844,39352,1;85,2855,0.932704;119,4712,0.976101;174,5121,0.749057;194,7419,0.838994
209,11855;822,39721,0.999371;73,2459,0.920126;111,4216,0.976101;112,3385,0.732075;163,6313,0.837107
221,12053;821,39036,1;60,2920,0.923899;88,4858,0.974843;96,4095,0.744654;142,7311,0.83522
212,11948;620,39429,0.998742;54,2828,0.931447;91,4767,0.980503;136,4131,0.761635;187,7539,0.854717
206,11803;806,39507,1;48,2426,0.910063;77,4244,0.97044;83,3636,0.730189;164,6071,0.815094
213,12049;703,39592,1;87,3026,0.914465;104,4663,0.963522;103,4345,0.740252;156,7974,0.816981
213,12089;593,39938,1;58,2942,0.922642;113,5282,0.980503;147,4384,0.731447;216,7871,0.809434
212,11985;586,39619,1;79,2710,0.897484;118,4614,0.967296;134,3965,0.722013;200,7227,0.825786
213,11990;588,39751,0.999371;74,2643,0.925157;111,4394,0.971069;123,3617,0.743396;188,7012,0.844025
216,11929;593,39837,0.998742;84,2869,0.933333;120,4823,0.983019;130,4009,0.779245;189,7075,0.867925
210,11978;756,37934,0.999371;83,2686,0.932704;114,4351,0.97673;128,3830,0.77044;187,7079,0.862264
210,11973;840,38976,0.998742;72,2579,0.940881;105,4235,0.980503;123,3993,0.769182;194,6220,0.857233
215,12036;840,39103,1;86,2566,0.945912;110,4206,0.98805;122,3696,0.741509;169,6316,0.849057
214,12057;841,39310,0.999371;81,2610,0.949686;113,4386,0.980503;122,4171,0.728302;185,6804,0.836478
212,11939;840,39130,1;77,2621,0.931447;104,4036,0.950314;137,4076,0.713208;194,6959,0.844025
211,11998;738,38818,1;69,2412,0.934591;106,4498,0.981761;114,3466,0.725786;156,6363,0.841509
211,12059;829,38663,1;55,2676,0.902516;85,4619,0.974214;88,3781,0.735849;125,6479,0.832075
208,11880;840,39210,1;66,2281,0.928302;80,4147,0.981132;80,3540,0.713836;120,6225,0.840881
217,11987;805,37335,1;48,2417,0.941509;99,4042,0.981132;113,3433,0.715094;184,6472,0.850314
224,12049;825,38400,1;64,2183,0.927673;113,4147,0.971698;125,3788,0.722013;185,6504,0.845912
220,11925;848,39185,1;68,2276,0.928931;113,3903,0.979245;116,3624,0.716981;163,6057,0.832075
219,11786;783,38119,1;92,2823,0.923899;114,4541,0.977987;137,4178,0.716981;190,7065,0.845912
218,11976;692,37926,0.999371;68,2179,0.923899;99,3823,0.987421;104,3321,0.718868;176,6492,0.855975
214,11963;796,36806,0.998113;77,2674,0.940881;108,4214,0.971069;139,4135,0.728931;182,6692,0.855346
224,11991;814,38067,0.999371;75,2415,0.908805;112,4224,0.957862;117,3553,0.749686;169,6356,0.842138
216,11956;820,38268,0.996855;66,2227,0.901887;88,3778,0.958491;80,3516,0.74717;115,6171,0.840252
223,11977;789,37375,0.999371;50,2491,0.925786;75,4182,0.977358;98,3669,0.756604;123,6431,0.838994
223,11988;801,38261,0.996855;49,2355,0.9;78,4366,0.969811;89,3844,0.730189;119,6222,0.826415
219,12006;793,37641,0.998113;64,2363,0.885535;109,4279,0.962893;137,4123,0.751572;172,6533,0.822642
231,12082;816,38690,0.997484;95,3195,0.902516;140,5161,0.971069;146,4285,0.725157;197,6907,0.820755
218,12024;812,38669,0.997484;84,2562,0.89434;116,4445,0.956604;126,3925,0.703145;171,6289,0.802516
216,12026;813,38729,0.998742;69,2490,0.886164;116,4455,0.958491;122,3742,0.688679;185,6799,0.796226
225,11941;765,38930,0.998742;63,2255,0.869811;116,4478,0.972956;116,3599,0.679874;136,6150,0.789308
215,11969;578,38783,0.998742;70,2529,0.862893;118,4406,0.959748;127,3843,0.7;187,6548,0.772327
215,11873;581,38016,1;75,2439,0.864151;110,4071,0.985535;115,3811,0.695597;172,6315,0.810063
216,11971;814,38243,1;69,2295,0.869811;97,3810,0.978616;108,3516,0.721384;168,6571,0.863522
218,11986;818,38063,0.999371;70,2473,0.869811;97,3905,0.972327;125,3967,0.733962;157,6194,0.879874
221,12029;805,37042,0.998742;84,2681,0.928931;113,4208,0.973585;93,3934,0.713836;129,6660,0.850314
216,12020;799,37093,0.999371;70,2579,0.916981;101,4064,0.977358;133,4109,0.698742;179,6612,0.838365
215,11972;822,38018,0.997484;67,2232,0.928302;103,3729,0.962893;121,3628,0.683648;148,5661,0.801887
217,11813;778,38115,0.998742;67,2170,0.895597;98,3710,0.965409;117,3629,0.678616;184,6959,0.857862
217,11993;825,38092,0.999371;84,2493,0.918239;108,4111,0.964151;124,3872,0.730189;170,6554,0.850943
214,11943;775,38111,1;71,2395,0.919497;73,3680,0.959119;94,3732,0.76478;151,5733,0.846541
213,11869;745,36851,0.998742;75,2238,0.914465;87,3634,0.959119;100,3201,0.763522;153,5801,0.837736
206,12019;725,36913,0.997484;70,2328,0.911321;95,4016,0.972956;111,3774,0.79434;160,6122,0.844025
208,12002;788,36646,0.997484;75,2459,0.899371;107,4110,0.962264;131,4217,0.825786;181,7115,0.855346
206,11994;801,37723,0.998742;62,2207,0.928302;90,3435,0.968553;94,3077,0.809434;148,5299,0.851572
213,11913;793,37488,1;77,2525,0.925157;107,3983,0.959119;131,3973,0.820755;183,6652,0.853459
208,11867;792,37287,1;78,2646,0.954717;110,4189,0.968553;111,3556,0.804403;172,6353,0.849686
207,12014;779,37003,0.998113;73,2463,0.922642;109,4104,0.950314;124,3833,0.784906;170,6831,0.832075
210,11970;779,37303,1;62,2168,0.902516;102,3906,0.960377;104,3443,0.764151;155,5690,0.805031
222,12016;786,37424,1;72,2527,0.900629;111,4404,0.962264;109,3942,0.76478;205,6513,0.811321
208,11817;787,38285,1;77,2250,0.916352;106,3740,0.978616;98,3101,0.750314;152,5581,0.799371
220,12020;830,38490,0.996226;70,2339,0.916352;105,4017,0.978616;120,3722,0.73522;154,6257,0.806918
213,11951;843,38885,1;41,2036,0.910692;66,3606,0.960377;72,3290,0.734591;113,5908,0.800629
215,12051;845,39166,0.998742;79,2662,0.925786;111,4319,0.976101;122,3724,0.728931;187,6853,0.833333
218,11984;828,38325,1;77,2702,0.934591;114,4395,0.981761;129,4012,0.772956;176,6571,0.854717
216,11990;825,38355,0.998742;74,2544,0.92327;115,4582,0.975472;125,3898,0.756604;189,7008,0.850314
221,12073;834,38820,1;84,2896,0.926415;125,4950,0.984277;134,4095,0.762264;193,7127,0.857862
212,11957;845,39251,0.998113;66,2261,0.919497;96,3726,0.981761;102,3277,0.744654;150,5814,0.852201
214,12002;818,38192,1;74,2434,0.913208;70,3819,0.976101;95,3709,0.758491;117,6206,0.842138
218,12031;752,38298,0.999371;67,2519,0.935849;117,4531,0.97673;128,4040,0.81195;181,6657,0.873585
214,11821;820,37962,0.998742;69,2422,0.933333;105,4070,0.983648;118,3728,0.805031;176,6274,0.871069
213,12037;816,37653,0.999371;86,2694,0.954088;109,4244,0.972956;123,3881,0.792453;181,6672,0.865409
211,11892;813,37532,0.999371;72,2297,0.933333;97,3796,0.973585;105,3410,0.778616;169,6279,0.861635
199,11823;667,37986,0.999371;62,2278,0.938365;98,3864,0.976101;109,3489,0.788679;109,5435,0.85283
202,11374;573,38377,0.998113;39,1809,0.915723;62,3358,0.959119;57,2694,0.775472;95,4591,0.845912
213,11966;574,38191,1;67,2396,0.927044;68,3800,0.971069;104,3698,0.772327;173,6530,0.867296
212,12005;564,37457,1;56,1874,0.918868;91,3545,0.960377;103,3368,0.799371;151,5627,0.848428
211,11986;565,37809,1;71,2226,0.918239;100,3849,0.971698;111,3633,0.795597;161,6022,0.837107
216,12062;557,37244,0.998742;77,2605,0.928302;103,4132,0.973585;123,3863,0.808805;195,7250,0.872327
212,11993;564,37570,1;65,2281,0.903145;108,4194,0.961635;122,3788,0.791195;176,6492,0.855975
211,11943;572,37874,0.999371;65,2217,0.914465;97,3741,0.967296;111,3563,0.793082;157,5824,0.862264
210,11873;689,38327,1;71,2363,0.921384;104,4039,0.975472;126,3970,0.780503;173,6425,0.852201
212,11973;827,38105,1;75,2647,0.893711;114,4579,0.97673;147,4447,0.787421;191,6941,0.850943
218,11928;849,38800,0.997484;79,2586,0.922013;112,4173,0.981132;88,3458,0.761006;114,6040,0.832704
207,12005;822,38231,0.998742;54,2581,0.904403;104,4285,0.956604;108,3399,0.768553;155,5991,0.823899
213,11976;831,38296,1;77,2477,0.905031;121,4575,0.963522;118,3673,0.759748;188,6852,0.821384
202,11784;833,37919,0.999371;67,2115,0.907547;101,3889,0.967925;103,3176,0.759748;156,5766,0.833962
214,11841;820,37721,0.999371;69,2408,0.930818;95,3582,0.959119;115,3614,0.781761;167,6164,0.855975
195,11594;823,37951,0.999371;71,2219,0.933333;107,4075,0.966667;113,3501,0.796226;162,5794,0.844025
211,11919;801,37115,0.998742;65,2231,0.924528;99,3853,0.973585;111,3432,0.789937;166,6172,0.861006
209,11934;829,38126,1;66,2273,0.931447;113,4268,0.983019;114,3593,0.777358;149,6205,0.84717
209,11923;797,36826,1;56,2334,0.925786;72,4003,0.981132;76,3436,0.757862;115,6191,0.833962
211,11924;815,37689,1;57,2178,0.932075;100,3857,0.97044;116,3633,0.766667;157,5797,0.838994
206,11812;820,38159,1;78,2591,0.940881;110,4266,0.974214;115,3605,0.76478;159,6059,0.842767
210,11891;798,37017,1;65,2095,0.943396;92,3523,0.978616;103,3388,0.776101;142,5632,0.859119
206,11836;787,36736,0.998113;63,2221,0.943396;100,3868,0.978616;113,3833,0.757233;205,6154,0.846541
211,12024;820,37890,1;77,2376,0.938994;109,4109,0.977987;115,3686,0.745283;173,6325,0.839623
216,12028;803,37452,0.999371;65,2522,0.943396;108,4099,0.989937;117,3713,0.724528;170,6185,0.827673
210,11976;787,36268,0.999371;65,2219,0.935849;92,3545,0.979874;120,3880,0.745283;180,6698,0.85283
208,11897;800,36684,1;60,1976,0.936478;82,3138,0.979874;89,3315,0.750943;103,5505,0.84717
209,11988;798,36840,1;38,1888,0.933962;80,3103,0.977358;102,3257,0.750943;156,5579,0.836478
214,12043;796,36672,0.999371;70,2231,0.901887;108,4091,0.966667;117,3684,0.78239;179,6587,0.838994
215,11983;791,36573,1;69,2333,0.898742;96,3748,0.963522;100,3236,0.77673;167,6075,0.82327
213,11959;814,38109,0.999371;71,2448,0.918868;97,3867,0.974214;106,3374,0.754717;159,5880,0.825786
213,12031;788,36463,0.998742;76,2696,0.908176;121,4769,0.974214;143,4133,0.785535;187,6788,0.837107
209,11929;795,36773,0.997484;66,2257,0.923899;101,3856,0.980503;103,3315,0.787421;146,5940,0.848428
217,12047;818,37504,0.998742;72,2450,0.945283;102,3942,0.968553;114,3627,0.779874;166,6153,0.855346
211,11954;812,37162,1;73,2440,0.933333;110,4341,0.97044;112,3574,0.8;169,6169,0.847799
211,12020;786,36514,0.998742;71,2372,0.938365;101,3841,0.960377;119,3775,0.812579;178,6165,0.848428
208,11794;795,36686,0.998742;67,2117,0.930818;111,3983,0.980503;103,3153,0.8;158,5762,0.850314
211,11877;792,36352,0.996855;69,2391,0.938365;97,3681,0.966038;96,3388,0.779874;146,5659,0.830189
201,11391;804,36992,1;60,1986,0.942138;90,3407,0.981132;92,2917,0.787421;138,5167,0.837736
219,11895;807,37583,1;60,1970,0.903145;97,3609,0.975472;108,3484,0.787421;164,6071,0.831447
209,11999;789,37324,0.999371;75,2639,0.946541;115,4533,0.983648;134,4100,0.791824;194,7101,0.841509
207,11952;777,37578,0.999371;71,2232,0.927044;104,3923,0.967296;114,3467,0.785535;154,5824,0.831447
206,12004;747,38333,1;82,2828,0.928931;116,4642,0.980503;119,3720,0.769182;176,6492,0.823899
202,11892;560,37606,1;63,2022,0.901258;74,4009,0.980503;77,3384,0.774843;118,6262,0.832704
210,11995;564,37686,0.998742;81,2594,0.918868;112,4367,0.965409;113,3782,0.784277;125,6567,0.830818
217,12020;567,37554,0.999371;61,3053,0.940252;88,4851,0.977358;88,3946,0.800629;131,6788,0.82956
220,12011;561,37077,1;56,2662,0.93522;110,4269,0.97044;117,3686,0.784906;181,6627,0.819497
217,12026;562,37276,0.999371;64,2210,0.942138;101,3906,0.972956;109,3423,0.774843;178,6522,0.830189
217,12005;590,39326,1;70,2299,0.92956;104,3940,0.976101;114,3602,0.781132;163,6036,0.815723
213,12071;572,36971,1;70,2432,0.938994;111,4240,0.976101;133,4092,0.779874;192,7061,0.815094
211,12014;810,37367,0.996855;66,2023,0.942767;94,3612,0.966038;106,3396,0.780503;160,5941,0.815094
223,12034;773,35877,0.998742;64,2211,0.940881;103,3744,0.978616;107,3511,0.785535;164,6240,0.820755
217,12005;824,37935,0.999371;66,2233,0.945283;89,3623,0.969811;124,3842,0.786164;173,6488,0.822013
212,11947;813,37350,0.998742;73,2391,0.942767;107,4111,0.967925;135,4138,0.8;213,7194,0.830189
212,11947;587,36497,0.998742;70,2239,0.928931;96,3690,0.972327;108,3552,0.786792;130,6159,0.830818
211,11922;553,36874,1;58,2120,0.90566;95,3563,0.971698;100,3157,0.779245;155,5889,0.816981
220,11941;557,37067,0.998742;71,2387,0.915723;96,3745,0.979245;108,3414,0.768553;125,6403,0.812579
216,11941;564,37380,0.993082;77,2428,0.922013;110,4208,0.98239;103,3309,0.78805;158,5824,0.826415
214,12002;805,37258,0.996855;80,2530,0.94717;106,4110,0.977358;107,3396,0.784906;175,6626,0.830189
211,11959;806,37412,0.998113;57,1915,0.941509;91,3502,0.97673;112,3525,0.802516;176,6313,0.839623
212,12021;822,37770,0.999371;74,2275,0.927044;105,3978,0.984277;124,3916,0.808176;187,6949,0.842767
214,11915;820,37730,0.998742;75,2465,0.940252;99,3852,0.975472;111,3513,0.803774;162,6067,0.828302
206,11776;819,37939,0.999371;75,2386,0.950943;104,3783,0.977987;110,3464,0.814465;156,5743,0.840881
217,12040;789,36116,1;64,2264,0.95283;95,3665,0.983648;84,3376,0.809434;117,6161,0.825157
213,11943;783,36377,0.999371;50,1731,0.942138;83,3191,0.951572;106,3399,0.82327;165,5875,0.859119
210,11968;785,36686,0.999371;71,1928,0.949057;103,3464,0.977987;104,3106,0.801887;159,5528,0.859119
216,11955;809,37562,0.999371;61,2106,0.925786;99,3326,0.966667;113,3278,0.800629;151,5797,0.848428
216,11976;682,36365,0.999371;63,2037,0.953459;82,3354,0.976101;108,3439,0.806289;154,5726,0.848428
211,11987;567,37444,1;53,1715,0.912579;86,3207,0.964151;99,3209,0.79434;166,6248,0.830189
217,12026;561,36979,1;66,2157,0.911321;100,3780,0.969811;109,3459,0.799371;158,5839,0.847799
216,11975;557,36721,1;64,2220,0.933962;93,3481,0.976101;110,3453,0.811321;154,6121,0.854717
211,11909;553,36745,0.999371;67,1885,0.942138;77,3119,0.97673;92,2973,0.809434;136,5314,0.844654
209,11849;560,37287,1;52,1519,0.941509;78,2700,0.984277;85,2755,0.810692;131,4878,0.849057
199,11415;663,37059,0.996226;39,1115,0.948428;52,1799,0.978616;60,1971,0.816981;94,3480,0.849057
189,10749;793,37050,1;29,768,0.94717;42,1464,0.981132;46,1458,0.816352;67,2513,0.850943
129,7363;792,36909,0.998742;26,446,0.948428;34,998,0.977358;30,926,0.809434;44,1628,0.845912
76,4302;811,37603,1;10,205,0.955975;14,412,0.981761;12,373,0.806918;18,707,0.844654
