11,12561;63,11947,0.993711;36,5412,0.976101;46,7530,0.994969;46,5209,0.966038;44,5697,0.993711
9,11391;69,12136,0.992453;11,1032,0.922013;14,1842,0.988679;12,1588,0.932075;13,1795,0.96478
9,10867;64,12028,0.993711;11,1162,0.939623;14,1735,0.983648;12,1534,0.925786;13,1724,0.934591
10,11744;66,12107,1;10,1089,0.940881;15,1933,0.983648;11,1523,0.900629;13,1899,0.92956
10,11827;65,12036,0.994969;11,1142,0.943396;14,1745,0.966038;12,1584,0.87673;13,1837,0.890566
10,11253;65,11947,0.997484;10,1138,0.938365;14,1794,0.969811;13,1608,0.874214;13,1805,0.872956
10,11656;66,12401,0.997484;10,1111,0.92327;14,1955,0.953459;15,1910,0.893082;15,2022,0.88805
17,11393;67,12388,0.997484;14,1345,0.939623;20,2231,0.976101;14,1764,0.857862;16,2165,0.893082
9,11666;65,12161,0.997484;12,1269,0.943396;16,2036,0.979874;14,1775,0.847799;16,2090,0.901887
10,12110;61,11335,0.997484;11,1220,0.939623;19,2070,0.976101;15,1948,0.860377;15,2101,0.898113
9,10436;64,11968,0.998742;7,799,0.957233;11,1238,0.98239;10,1369,0.87673;9,1327,0.886792
9,10970;64,11748,0.996226;10,1049,0.943396;15,1789,0.978616;15,1874,0.891824;15,2013,0.88805
10,11403;64,12015,0.996226;11,1265,0.934591;16,1994,0.983648;13,1655,0.881761;15,2083,0.884277
9,11003;64,11937,0.981132;10,1018,0.928302;15,1886,0.969811;13,1638,0.877987;14,1979,0.889308
9,11307;67,12668,0.98239;15,1521,0.91195;19,2411,0.977358;15,1929,0.87044;17,2379,0.879245
10,11374;68,12508,0.994969;10,1139,0.909434;15,1815,0.974843;14,1809,0.862893;15,2083,0.866667
10,11641;67,12591,0.988679;12,1455,0.915723;19,2307,0.977358;18,2219,0.867925;19,2464,0.871698
10,11877;65,12286,0.992453;13,1347,0.944654;17,2143,0.979874;17,2128,0.87044;18,2397,0.872956
10,11256;66,12666,0.993711;12,1488,0.934591;18,2532,0.98239;20,2318,0.859119;19,2445,0.854088
10,11723;67,12412,0.998742;15,1637,0.940881;19,2500,0.984906;19,2297,0.846541;19,2569,0.856604
10,11463;65,12270,0.997484;13,1513,0.963522;17,2335,0.98239;18,2202,0.822642;18,2427,0.838994
9,11383;66,12424,0.996226;13,1412,0.913208;22,2409,0.976101;21,2200,0.837736;19,2516,0.869182
9,11342;66,12386,0.998742;14,1516,0.925786;21,2651,0.987421;17,2051,0.825157;18,2451,0.87673
9,11152;67,12641,0.997484;15,1476,0.942138;16,2165,0.984906;18,2141,0.872956;17,2322,0.883019
9,11099;64,11995,0.984906;14,1428,0.930818;19,2553,0.983648;18,2139,0.860377;20,2623,0.867925
10,11909;65,12156,0.992453;14,1678,0.948428;19,2484,0.978616;18,2216,0.850314;19,2567,0.861635
9,10823;67,12535,0.976101;15,1458,0.949686;16,2157,0.989937;18,2147,0.833962;18,2409,0.860377
9,11134;65,12176,0.996226;12,1370,0.915723;19,2538,0.984906;19,2220,0.81761;18,2412,0.845283
10,11506;66,12515,0.992453;14,1711,0.945912;20,2579,0.992453;20,2342,0.837736;21,2730,0.847799
10,11789;68,12929,0.989937;18,1656,0.932075;19,2537,0.981132;18,2232,0.838994;18,2408,0.846541
10,11966;68,12523,1;14,1747,0.944654;23,2845,0.984906;21,2481,0.845283;22,2859,0.855346
10,11621;66,12268,1;13,1515,0.944654;16,2146,0.972327;17,2040,0.825157;18,2490,0.869182
6,11185;67,12546,0.996226;16,1628,0.919497;18,2505,0.962264;19,2209,0.812579;19,2601,0.862893
9,10912;66,12535,0.994969;11,1177,0.924528;16,2084,0.972327;15,1892,0.855346;15,2008,0.866667
9,11534;65,12019,0.996226;13,1470,0.933333;17,2238,0.959748;17,2028,0.867925;18,2346,0.866667
10,12041;63,12126,0.997484;11,1368,0.930818;16,2277,0.971069;17,2121,0.851572;20,2609,0.869182
9,10606;64,11874,0.996226;15,1652,0.906918;19,2589,0.977358;21,2271,0.81761;20,2691,0.864151
10,11620;66,12149,0.996226;20,1531,0.914465;16,2147,0.978616;18,2088,0.854088;20,2540,0.88805
10,11914;66,12272,0.971069;19,1819,0.94717;20,2641,0.981132;20,2304,0.857862;22,2748,0.877987
10,11945;66,12412,0.997484;18,2209,0.950943;23,3250,0.972327;25,2819,0.828931;30,3727,0.885535
9,10908;66,12539,0.993711;13,1435,0.924528;16,2264,0.974843;18,2151,0.842767;18,2415,0.880503
8,10346;65,12041,0.991195;14,1475,0.915723;17,2133,0.952201;17,1993,0.83522;20,2534,0.87673
9,11583;67,12281,0.996226;16,1589,0.922013;19,2587,0.954717;20,2292,0.893082;20,2549,0.895597
9,11638;64,11841,0.981132;13,1495,0.881761;19,2535,0.937107;19,2250,0.859119;19,2569,0.906918
9,11268;66,12395,0.991195;13,1445,0.91195;15,2008,0.940881;15,1799,0.881761;14,1950,0.893082
9,11061;64,12071,0.987421;19,1617,0.895597;18,2674,0.952201;16,1982,0.890566;17,2329,0.88805
10,11906;67,12650,0.998742;16,1887,0.924528;21,2911,0.972327;20,2322,0.890566;22,2872,0.898113
10,11811;65,12196,0.996226;14,1406,0.918239;18,2542,0.971069;17,2065,0.896855;19,2460,0.91195
10,11036;65,12237,0.991195;14,1641,0.91195;23,2815,0.972327;21,2423,0.903145;21,2710,0.914465
11,11971;65,12523,0.998742;16,1805,0.925786;21,2956,0.979874;22,2587,0.920755;21,2797,0.919497
10,11894;65,12279,0.994969;15,1802,0.918239;21,3044,0.977358;20,2372,0.918239;20,2790,0.908176
9,11046;66,12306,1;14,1598,0.910692;17,2440,0.981132;19,2238,0.922013;20,2573,0.918239
10,11639;66,12307,0.997484;16,1715,0.922013;21,2800,0.968553;18,2191,0.909434;19,2532,0.898113
10,11699;67,12528,0.997484;18,1737,0.928302;18,2518,0.988679;19,2277,0.90566;21,2696,0.919497
10,11875;64,11883,0.984906;15,1760,0.938365;20,2699,0.98239;21,2360,0.87673;21,2703,0.910692
10,11953;65,12381,0.978616;13,1501,0.944654;21,2746,0.969811;19,2225,0.889308;20,2618,0.903145
9,11064;78,12368,0.993711;11,1214,0.909434;15,2158,0.968553;15,1902,0.90566;15,2097,0.901887
9,11702;73,12079,0.996226;17,1786,0.884277;21,2872,0.958491;22,2618,0.922013;20,2651,0.922013
9,11196;65,12333,0.998742;14,1517,0.910692;22,2790,0.959748;19,2278,0.895597;20,2661,0.903145
10,11823;64,12166,0.998742;13,1389,0.932075;18,2282,0.961006;17,2050,0.88805;18,2375,0.910692
9,11261;67,12380,0.988679;15,1690,0.955975;19,2550,0.973585;21,2360,0.886792;20,2599,0.899371
9,11355;67,12474,0.984906;15,1452,0.955975;18,2315,0.942138;17,1996,0.875472;18,2439,0.899371
9,10756;68,12483,0.998742;12,1223,0.935849;15,1962,0.958491;15,1806,0.893082;15,2044,0.906918
9,11133;66,12179,0.994969;17,1385,0.914465;16,2211,0.942138;13,1653,0.874214;16,2225,0.900629
9,10828;65,12402,0.997484;15,1661,0.906918;17,2288,0.968553;17,2064,0.880503;19,2545,0.872956
9,10871;68,12458,0.986164;12,1340,0.899371;19,2236,0.976101;18,2069,0.883019;18,2306,0.899371
10,11641;64,12160,0.994969;16,1778,0.916981;24,3092,0.986164;22,2529,0.901887;23,2981,0.914465
9,10985;65,12071,0.997484;17,1773,0.919497;20,2704,0.988679;18,2105,0.903145;19,2507,0.910692
9,11277;67,12700,0.993711;16,1685,0.920755;19,2485,0.981132;19,2201,0.906918;20,2570,0.908176
10,11969;65,12315,0.993711;16,1827,0.933333;20,2676,0.981132;20,2284,0.883019;21,2788,0.896855
10,11607;64,11871,0.98239;17,1697,0.944654;18,2541,0.988679;21,2358,0.874214;20,2600,0.891824
10,11789;65,12202,0.978616;16,1939,0.919497;22,3156,0.963522;24,2679,0.872956;26,3320,0.896855
9,10756;67,12397,0.997484;12,1410,0.893082;23,2644,0.967296;17,1938,0.874214;17,2212,0.900629
10,11933;67,12533,0.991195;14,1605,0.906918;26,2916,0.967296;19,2240,0.87044;20,2629,0.899371
10,11396;66,12152,0.994969;14,1519,0.928302;21,2528,0.98239;18,2076,0.884277;17,2306,0.90566
10,11292;64,12238,0.992453;15,1716,0.94717;18,2545,0.979874;20,2291,0.884277;18,2396,0.896855
13,11262;65,12120,0.992453;15,1653,0.937107;18,2587,0.969811;19,2234,0.875472;19,2580,0.889308
9,10952;69,12689,0.979874;12,1520,0.937107;19,2437,0.962264;17,2062,0.871698;18,2473,0.893082
10,11298;66,12333,0.991195;14,1406,0.942138;17,2223,0.962264;16,1918,0.880503;18,2409,0.899371
10,11909;65,12078,0.992453;27,2040,0.933333;26,3055,0.969811;20,2364,0.866667;22,2847,0.904403
10,11253;67,12488,0.993711;15,1608,0.934591;19,2474,0.967296;20,2292,0.87673;18,2439,0.896855
10,11830;63,11871,0.988679;17,2129,0.958491;24,3405,0.977358;24,2667,0.87044;26,3227,0.914465
10,11240;65,12108,0.994969;13,1433,0.925786;18,2491,0.972327;18,1997,0.867925;20,2604,0.914465
10,11999;64,12008,0.998742;12,1569,0.948428;26,2862,0.977358;21,2449,0.885535;21,2727,0.91195
11,12037;68,12813,0.998742;15,1770,0.943396;21,2750,0.959748;24,2603,0.861635;24,3035,0.886792
10,11216;65,12171,0.992453;15,1763,0.903145;23,3172,0.973585;24,2668,0.869182;23,2866,0.869182
10,11562;66,12220,0.992453;15,1753,0.937107;19,2689,0.973585;21,2466,0.874214;22,2903,0.886792
10,11279;67,12538,0.993711;12,1544,0.91195;19,2734,0.979874;21,2338,0.862893;21,2754,0.896855
9,10531;65,12153,0.992453;15,1601,0.924528;19,2739,0.987421;18,1997,0.860377;19,2403,0.896855
19,11714;66,12351,0.993711;16,1681,0.920755;21,2901,0.98239;20,2260,0.845283;21,2755,0.906918
10,11376;65,12050,0.996226;13,1401,0.901887;17,2313,0.966038;18,2134,0.861635;19,2469,0.91195
10,11515;65,12238,0.998742;16,1637,0.937107;19,2676,0.969811;18,2074,0.880503;20,2595,0.920755
10,11546;63,11872,0.993711;10,1257,0.918239;18,2269,0.992453;15,1824,0.88805;14,1942,0.914465
10,11822;64,12045,0.991195;15,1594,0.927044;19,2358,0.979874;17,2073,0.854088;18,2392,0.895597
10,11707;66,12138,0.993711;15,1529,0.924528;19,2416,0.976101;19,2197,0.87044;21,2600,0.896855
9,11095;66,12244,0.984906;14,1550,0.90566;20,2619,0.958491;19,2172,0.866667;19,2486,0.880503
10,11387;69,12595,0.993711;15,1539,0.914465;19,2601,0.967296;18,2086,0.87044;18,2512,0.867925
9,10849;65,12185,0.994969;13,1269,0.908176;17,2245,0.972327;14,1722,0.869182;14,1940,0.857862
10,11613;66,12288,0.992453;15,1642,0.925786;20,2763,0.967296;19,2227,0.880503;20,2683,0.880503
10,11709;64,11792,0.988679;13,1408,0.920755;14,2023,0.954717;16,1912,0.874214;15,2111,0.883019
9,10992;67,12208,0.996226;13,1435,0.937107;18,2451,0.974843;18,2098,0.881761;19,2453,0.886792
9,11088;66,12128,0.98239;11,1126,0.906918;16,2166,0.971069;15,1837,0.880503;15,2066,0.890566
9,10824;64,11819,0.986164;12,1362,0.904403;23,2112,0.966038;14,1747,0.879245;16,2188,0.895597
10,11733;67,12464,0.989937;14,1578,0.915723;18,2427,0.971069;17,2000,0.874214;17,2243,0.889308
9,11197;63,11913,0.992453;13,1345,0.898113;17,2112,0.948428;16,1883,0.890566;15,2004,0.889308
10,11472;70,12900,0.992453;13,1449,0.89434;21,2622,0.962264;18,2170,0.895597;19,2487,0.903145
10,11374;66,12344,0.989937;15,1444,0.910692;20,2402,0.961006;18,2114,0.879245;18,2402,0.898113
10,11937;66,12332,0.979874;13,1438,0.869182;21,2796,0.978616;18,2122,0.890566;20,2682,0.900629
10,11744;67,12536,0.993711;14,1549,0.883019;20,2597,0.974843;19,2286,0.881761;20,2646,0.898113
10,11665;67,12539,0.994969;16,1489,0.899371;18,2415,0.976101;17,2044,0.875472;19,2551,0.88805
9,10820;64,11944,0.994969;12,1437,0.913208;17,2257,0.979874;18,2070,0.871698;18,2478,0.899371
9,10868;66,12233,0.988679;12,1344,0.942138;14,2021,0.981132;15,1856,0.884277;16,2201,0.896855
9,11352;67,12134,0.993711;16,1375,0.915723;16,2343,0.974843;17,2073,0.87673;18,2417,0.880503
10,11728;78,12570,0.993711;13,1513,0.914465;18,2518,0.977358;16,2010,0.866667;18,2490,0.88805
9,11058;70,12192,0.992453;15,1677,0.91195;24,3008,0.974843;21,2352,0.880503;22,2714,0.899371
13,11321;66,12368,0.989937;15,1617,0.901887;20,2668,0.954717;18,2195,0.87044;19,2579,0.89434
9,11068;66,12246,0.996226;10,1206,0.924528;14,1902,0.969811;15,1790,0.877987;16,2144,0.898113
10,11896;67,12498,0.987421;16,1496,0.927044;17,2290,0.961006;17,1996,0.869182;18,2449,0.896855
10,11267;66,12315,0.991195;13,1417,0.945912;19,2395,0.962264;16,1985,0.866667;19,2588,0.909434
10,11834;68,12592,0.998742;16,1474,0.937107;17,2361,0.973585;18,2188,0.880503;17,2372,0.895597
10,10945;65,12090,0.988679;14,1386,0.889308;17,2442,0.937107;18,2024,0.891824;19,2437,0.906918
10,11818;63,11931,0.983648;13,1571,0.92956;19,2677,0.988679;20,2272,0.890566;19,2531,0.898113
10,11243;67,12569,0.996226;11,1249,0.935849;16,1999,0.979874;14,1722,0.880503;16,2199,0.901887
9,10726;65,12148,0.991195;12,1427,0.925786;16,2192,0.969811;17,2028,0.898113;16,2151,0.899371
10,11754;66,12289,0.993711;12,1461,0.934591;20,2484,0.979874;18,2155,0.899371;18,2439,0.918239
11,11758;67,12491,0.992453;14,1652,0.904403;19,2345,0.949686;20,2376,0.886792;22,2895,0.904403
10,11578;64,11972,0.994969;13,1554,0.92956;18,2300,0.948428;19,2219,0.901887;20,2638,0.914465
10,11354;64,12052,0.984906;15,1420,0.919497;19,2461,0.961006;16,1966,0.896855;17,2320,0.915723
10,11313;66,12367,0.994969;11,1363,0.920755;15,2075,0.971069;15,1868,0.901887;16,2142,0.914465
10,11774;66,12390,1;11,1184,0.934591;13,1768,0.972327;15,1864,0.913208;16,2147,0.919497
10,11178;68,12752,0.997484;12,1315,0.918239;16,2154,0.967296;17,1957,0.88805;17,2247,0.908176
10,11242;68,12538,0.993711;12,1287,0.919497;17,2303,0.973585;14,1734,0.896855;15,2152,0.92327
10,11330;66,12712,0.988679;18,1545,0.924528;16,2188,0.977358;15,1853,0.87673;17,2303,0.90566
10,11010;65,11955,0.984906;13,1491,0.893082;17,2340,0.96478;18,2155,0.88805;19,2556,0.90566
10,11293;68,12493,0.993711;22,1512,0.933333;17,2197,0.957233;16,1898,0.877987;17,2293,0.899371
10,11585;66,12427,0.998742;10,1291,0.933333;19,2263,0.971069;17,2042,0.885535;17,2220,0.900629
10,11721;67,12422,0.991195;12,1244,0.919497;15,1871,0.978616;14,1803,0.889308;15,2046,0.886792
10,11080;64,12018,0.976101;12,1276,0.92956;14,1807,0.973585;15,1818,0.871698;16,2071,0.880503
10,10884;67,12516,0.997484;13,1579,0.932075;18,2575,0.977358;18,2066,0.88805;16,2139,0.877987
10,11050;64,12018,0.998742;13,1381,0.949686;24,2397,0.984906;15,1854,0.901887;16,2081,0.895597
10,11467;67,12364,0.997484;14,1537,0.928302;18,2440,0.981132;19,2227,0.893082;20,2541,0.890566
10,11497;66,12125,0.992453;13,1387,0.933333;17,2069,0.966038;15,1834,0.884277;16,2214,0.893082
9,10963;66,12171,0.974843;12,1204,0.91195;16,2049,0.958491;13,1660,0.874214;13,1854,0.889308
10,11260;63,11795,0.992453;13,1377,0.927044;28,2459,0.973585;16,1967,0.881761;17,2245,0.890566
10,11479;65,11847,0.994969;11,1193,0.909434;17,2020,0.952201;16,1910,0.865409;16,2154,0.879245
10,11893;65,11924,0.994969;9,1106,0.909434;15,2034,0.981132;15,1821,0.884277;15,2100,0.890566
10,11776;65,11860,0.994969;12,1348,0.934591;17,2207,0.977358;15,1830,0.879245;16,2126,0.893082
10,11017;65,11968,0.991195;12,1386,0.938365;18,2126,0.983648;14,1714,0.890566;16,2092,0.90566
10,11601;66,12269,0.998742;13,1368,0.938365;18,2173,0.984906;17,1883,0.89434;16,2103,0.889308
10,11371;64,11841,0.98239;13,1487,0.939623;16,2208,0.979874;17,1981,0.901887;17,2254,0.901887
9,10938;67,12470,0.997484;11,1252,0.934591;18,2273,0.98239;14,1708,0.87673;14,2000,0.880503
10,11598;62,11490,1;13,1586,0.962264;17,2332,0.978616;18,2067,0.884277;18,2385,0.89434
10,12067;63,11641,1;11,1329,0.945912;17,2386,0.98239;15,1819,0.875472;17,2282,0.903145
10,11446;63,11694,0.997484;14,1428,0.942138;16,2216,0.958491;16,1918,0.871698;15,2049,0.881761
10,11655;64,11946,0.998742;10,1240,0.952201;15,2039,0.978616;14,1737,0.881761;14,1928,0.88805
10,11854;65,12050,0.979874;14,1499,0.945912;19,2044,0.96478;17,2099,0.87673;19,2495,0.893082
9,10919;65,12002,0.998742;13,1371,0.937107;18,2436,0.978616;17,1924,0.869182;17,2225,0.886792
10,11674;65,11822,0.987421;14,1616,0.939623;15,2182,0.969811;18,1985,0.87044;19,2454,0.884277
10,11558;65,11982,0.993711;12,1231,0.924528;16,1986,0.938365;14,1735,0.872956;15,2069,0.885535
9,10855;67,12395,0.993711;10,1085,0.890566;13,1791,0.940881;12,1435,0.866667;14,1828,0.87673
10,11461;64,11800,0.989937;11,1332,0.89434;17,2273,0.953459;15,1752,0.857862;15,2015,0.85283
10,11366;66,12181,0.992453;12,1383,0.92956;15,1983,0.949686;15,1732,0.851572;17,2205,0.884277
10,11209;67,12484,0.976101;12,1398,0.906918;19,2681,0.950943;17,1942,0.850314;19,2471,0.869182
10,11470;66,12372,0.992453;16,1414,0.89434;21,2778,0.969811;20,2232,0.838994;20,2577,0.87673
10,11499;66,12263,0.987421;13,1416,0.908176;15,2049,0.968553;15,1851,0.845283;17,2349,0.885535
10,11574;65,12046,0.994969;13,1493,0.932075;15,2148,0.953459;15,1863,0.831447;17,2275,0.869182
11,11843;64,12030,0.989937;12,1564,0.899371;19,2633,0.934591;21,2371,0.850314;21,2813,0.899371
9,11005;66,12548,0.991195;16,1757,0.915723;20,2734,0.961006;19,2132,0.856604;21,2726,0.883019
10,11050;66,12571,0.993711;13,1397,0.92327;15,2111,0.973585;15,1803,0.866667;17,2255,0.883019
9,11562;70,12043,0.984906;13,1436,0.889308;18,2473,0.977358;17,1948,0.871698;18,2354,0.895597
9,11017;79,12784,0.989937;14,1466,0.898113;20,2421,0.963522;16,1850,0.87673;18,2409,0.901887
9,11544;66,12041,0.992453;14,1498,0.918239;17,2375,0.972327;16,1938,0.877987;18,2408,0.913208
10,11941;65,12446,0.993711;13,1526,0.937107;18,2524,0.972327;19,2147,0.88805;20,2614,0.881761
10,11380;66,12333,0.974843;10,1158,0.927044;15,1949,0.968553;16,1942,0.87673;18,2340,0.87673
11,11975;67,12415,0.996226;14,1526,0.922013;21,2656,0.969811;20,2305,0.872956;21,2839,0.88805
11,11538;67,12565,0.994969;12,1399,0.928302;15,2137,0.958491;16,1959,0.87673;17,2303,0.915723
10,11230;68,12562,0.996226;11,1253,0.919497;15,2049,0.959748;16,1918,0.884277;16,2143,0.910692
11,11864;64,11999,0.996226;15,1761,0.930818;22,2849,0.971069;20,2316,0.886792;23,2926,0.910692
11,11650;66,12356,0.992453;14,1454,0.909434;21,2481,0.978616;19,2117,0.871698;19,2445,0.901887
9,10587;66,12428,0.976101;12,1368,0.914465;16,2002,0.962264;15,1792,0.869182;17,2217,0.904403
10,11540;65,12190,0.977358;12,1424,0.92327;15,2125,0.961006;16,1949,0.890566;16,2177,0.903145
10,11130;66,12364,0.988679;14,1324,0.91195;19,2201,0.949686;15,1837,0.893082;16,2157,0.906918
10,11460;65,12130,0.992453;11,1177,0.886792;16,2137,0.963522;16,1857,0.884277;18,2349,0.90566
10,11632;65,12004,0.987421;15,1620,0.896855;19,2530,0.969811;19,2207,0.885535;20,2625,0.884277
10,11562;66,12297,0.988679;14,1631,0.910692;17,2403,0.959748;19,2178,0.884277;21,2604,0.901887
9,10109;66,12483,0.988679;15,1618,0.922013;20,2772,0.959748;17,1972,0.87673;18,2323,0.898113
10,11416;64,12228,0.989937;14,1499,0.925786;16,2251,0.968553;16,1894,0.877987;17,2346,0.908176
9,10893;66,12215,0.991195;14,1596,0.934591;20,2651,0.974843;16,1912,0.844025;18,2374,0.903145
9,11064;67,12603,0.988679;10,1258,0.925786;15,2073,0.967296;14,1731,0.861635;15,2090,0.889308
10,11818;67,12664,0.991195;14,1502,0.925786;19,2563,0.966038;20,2307,0.872956;22,2865,0.900629
10,11613;67,12579,0.984906;18,1656,0.935849;19,2689,0.969811;18,2057,0.867925;18,2478,0.896855
10,11764;68,12869,0.993711;16,1903,0.920755;21,3038,0.973585;23,2503,0.874214;24,3150,0.909434
11,12047;66,12322,0.996226;15,1711,0.922013;19,2603,0.962264;21,2466,0.856604;22,2929,0.903145
11,11777;65,12064,0.991195;15,1603,0.924528;20,2739,0.973585;20,2398,0.877987;21,2780,0.910692
10,11009;67,12511,0.992453;15,1666,0.904403;20,2767,0.96478;22,2379,0.88805;21,2751,0.901887
11,11763;66,12326,0.991195;13,1586,0.933333;20,2527,0.958491;20,2269,0.885535;21,2732,0.896855
11,11802;65,12202,0.993711;16,1564,0.938365;18,2495,0.978616;17,2094,0.89434;19,2522,0.903145
10,11683;66,12257,0.994969;15,1614,0.943396;20,2467,0.945912;19,2204,0.89434;21,2836,0.920755
9,10089;67,12714,0.994969;11,1118,0.928302;15,1939,0.969811;13,1525,0.880503;14,1880,0.916981
11,11788;66,12217,0.992453;15,1652,0.906918;19,2517,0.978616;22,2442,0.885535;23,2949,0.922013
10,11647;67,12588,1;14,1595,0.922013;19,2526,0.967296;19,2182,0.875472;19,2607,0.913208
11,11957;65,12109,0.992453;14,1622,0.920755;18,2428,0.967296;18,2176,0.865409;20,2724,0.898113
11,11841;67,12691,0.996226;16,1851,0.928302;21,2906,0.959748;23,2494,0.851572;25,3192,0.88805
10,11341;66,12331,0.988679;16,1842,0.940881;22,2978,0.974843;24,2551,0.874214;23,2767,0.916981
10,11396;66,12398,0.993711;13,1472,0.934591;17,2459,0.963522;19,2197,0.893082;20,2590,0.913208
10,11519;67,12775,0.992453;13,1169,0.927044;14,1838,0.954717;14,1808,0.899371;16,2132,0.90566
10,11776;68,12598,0.992453;15,1794,0.909434;24,3161,0.969811;23,2602,0.886792;24,3096,0.906918
10,11967;67,12465,0.993711;14,1640,0.909434;20,2676,0.974843;21,2440,0.879245;22,2923,0.906918
10,11402;67,12569,0.992453;15,1674,0.914465;19,2551,0.943396;20,2234,0.869182;23,2832,0.899371
9,11050;66,12210,0.991195;13,1303,0.89434;22,2469,0.943396;17,1931,0.883019;17,2217,0.91195
10,11698;66,12418,0.996226;15,1600,0.92327;18,2373,0.943396;17,2039,0.885535;18,2422,0.916981
10,11726;66,12291,0.994969;17,1676,0.900629;19,2745,0.973585;18,2128,0.861635;18,2376,0.896855
10,11222;68,12581,0.992453;14,1567,0.943396;18,2435,0.976101;19,2080,0.854088;19,2509,0.903145
14,11349;65,12221,0.987421;13,1389,0.916981;17,2315,0.981132;18,2082,0.880503;18,2336,0.916981
10,11889;68,12774,0.986164;14,1682,0.927044;18,2512,0.959748;21,2450,0.880503;21,2866,0.895597
10,11608;66,12408,0.994969;15,1686,0.927044;21,2978,0.969811;23,2617,0.845283;24,3163,0.899371
10,11818;68,12729,0.977358;15,1625,0.92327;17,2417,0.955975;20,2331,0.874214;22,2858,0.898113
10,11554;67,12504,0.994969;16,1917,0.885535;21,3081,0.957233;24,2672,0.849057;25,3199,0.90566
10,11901;67,12496,0.976101;16,1706,0.901887;22,2968,0.974843;20,2296,0.886792;23,2992,0.914465
10,11439;66,12758,0.988679;17,1882,0.904403;21,3030,0.974843;20,2347,0.884277;20,2685,0.914465
9,10844;68,12757,0.996226;16,1838,0.89434;22,2829,0.963522;21,2347,0.874214;22,2749,0.898113
9,10110;67,12545,0.996226;13,1381,0.924528;16,2156,0.972327;17,1937,0.88805;17,2208,0.895597
9,11171;69,12911,0.984906;16,1608,0.937107;18,2359,0.977358;17,1977,0.87673;18,2332,0.895597
10,11552;65,12138,0.997484;14,1593,0.930818;17,2451,0.977358;17,2009,0.893082;17,2392,0.903145
9,11386;67,12624,0.989937;13,1504,0.91195;17,2355,0.96478;19,2191,0.896855;19,2559,0.900629
9,10761;68,12302,0.986164;15,1625,0.925786;16,2323,0.973585;17,2060,0.862893;19,2616,0.899371
10,11354;78,12767,0.997484;12,1465,0.933333;18,2486,0.971069;16,1950,0.855346;19,2537,0.901887
6,10613;73,12517,0.992453;21,1879,0.937107;18,2574,0.972327;19,2156,0.842767;21,2774,0.90566
11,11210;67,12617,0.993711;14,1527,0.939623;20,2547,0.971069;15,1809,0.85283;19,2518,0.90566
11,11070;68,12906,0.992453;15,1808,0.903145;22,3099,0.949686;24,2371,0.842767;22,2601,0.872956
12,11866;66,12424,0.989937;17,1759,0.927044;20,2482,0.933333;21,2240,0.861635;23,2874,0.884277
11,11248;66,12353,0.997484;15,1680,0.935849;20,2719,0.934591;21,2267,0.854088;25,3071,0.899371
10,11527;67,12528,0.994969;15,1662,0.918239;21,2710,0.948428;23,2407,0.881761;24,2937,0.909434
9,11194;66,12473,0.997484;16,1633,0.884277;23,2857,0.949686;23,2438,0.880503;24,2905,0.909434
9,11127;68,12858,0.987421;11,1447,0.900629;17,2457,0.952201;18,2182,0.877987;18,2503,0.900629
10,11788;67,12493,0.988679;15,1741,0.928302;19,2750,0.967296;22,2392,0.883019;22,2700,0.899371
10,11403;66,12444,0.989937;16,1748,0.915723;20,2751,0.974843;20,2162,0.865409;22,2760,0.896855
10,11339;67,12664,0.991195;15,1609,0.895597;19,2560,0.953459;21,2257,0.886792;24,2891,0.913208
10,11558;65,12279,0.978616;17,1712,0.900629;19,2514,0.94717;20,2227,0.881761;21,2662,0.916981
10,11963;66,12338,0.994969;19,1954,0.937107;24,3155,0.972327;24,2583,0.896855;25,3069,0.925786
9,10981;67,12547,0.993711;15,1565,0.927044;17,2345,0.967296;19,2109,0.895597;19,2319,0.916981
10,11340;66,12432,0.986164;12,1280,0.915723;16,2097,0.967296;16,1894,0.896855;16,2139,0.916981
9,10939;67,12540,0.992453;15,1732,0.900629;23,2844,0.968553;20,2167,0.886792;21,2695,0.909434
10,11656;65,12089,0.989937;18,1902,0.935849;25,2794,0.959748;22,2418,0.877987;22,2738,0.910692
9,10596;67,12598,0.989937;14,1478,0.925786;18,2372,0.971069;20,2148,0.869182;18,2291,0.910692
9,10833;64,12079,0.984906;16,1590,0.904403;19,2521,0.979874;20,2210,0.881761;21,2634,0.913208
10,11787;68,12551,0.991195;17,1773,0.906918;24,3013,0.981132;25,2707,0.891824;25,3011,0.918239
10,11969;65,12087,0.984906;19,1720,0.906918;21,2549,0.969811;21,2215,0.871698;23,2811,0.909434
10,11704;67,12517,0.969811;16,1544,0.883019;21,2678,0.959748;23,2517,0.874214;22,2746,0.914465
10,11218;65,12182,0.981132;18,1620,0.895597;20,2587,0.958491;19,2158,0.87044;21,2599,0.918239
10,11100;65,12117,0.991195;17,1741,0.915723;18,2364,0.939623;20,2215,0.872956;21,2617,0.906918
10,11746;66,12240,0.984906;15,1728,0.918239;20,2824,0.961006;18,2097,0.845283;19,2607,0.910692
10,11308;68,12823,0.987421;12,1435,0.910692;17,2491,0.96478;22,2261,0.833962;22,2650,0.900629
9,10779;65,12234,0.988679;20,1709,0.913208;26,2878,0.943396;19,1992,0.822642;21,2555,0.906918
10,12009;66,12499,0.983648;18,2084,0.935849;22,2899,0.950943;26,2673,0.862893;25,3076,0.920755
10,11443;67,12752,0.992453;16,1788,0.927044;22,3030,0.967296;22,2299,0.889308;24,2969,0.928302
10,11437;66,12436,0.989937;18,1628,0.90566;21,2493,0.957233;22,2339,0.904403;22,2736,0.932075
6,11203;65,12270,0.98239;18,1744,0.928302;21,2828,0.966038;21,2239,0.896855;23,2694,0.922013
11,12102;66,12368,0.994969;19,2031,0.896855;23,3039,0.953459;27,2801,0.895597;29,3447,0.932075
10,11375;64,12238,0.992453;16,1727,0.908176;21,2680,0.939623;23,2310,0.846541;25,2934,0.90566
10,11792;66,12521,0.989937;16,1747,0.883019;26,2968,0.938365;25,2561,0.860377;27,3137,0.909434
11,12013;64,12326,0.991195;19,1715,0.89434;25,3005,0.966038;26,2664,0.885535;27,3237,0.916981
6,10748;68,12842,0.993711;18,1726,0.89434;20,2623,0.952201;22,2256,0.898113;27,2725,0.915723
10,11095;66,12538,0.983648;21,1726,0.866667;27,3097,0.963522;23,2366,0.871698;25,3018,0.903145
10,11102;66,12370,0.997484;17,1830,0.883019;26,3008,0.96478;22,2336,0.895597;24,2966,0.916981
10,10885;68,12753,0.992453;16,1768,0.899371;21,2725,0.971069;22,2321,0.893082;24,3004,0.914465
10,11095;67,12527,0.996226;17,1939,0.914465;20,2760,0.968553;20,2321,0.886792;18,2591,0.906918
11,12016;67,12322,0.991195;13,1609,0.901887;21,2845,0.94717;21,2281,0.883019;24,2897,0.906918
10,11400;67,12462,0.98239;16,1526,0.87673;22,2737,0.949686;20,2144,0.871698;20,2490,0.896855
9,11125;67,12819,0.986164;18,1758,0.920755;23,2681,0.948428;19,1993,0.869182;21,2596,0.903145
10,11749;67,12654,0.983648;14,1641,0.919497;20,2436,0.961006;20,2143,0.880503;24,2863,0.904403
9,10675;66,12398,0.984906;15,1698,0.906918;21,2699,0.971069;23,2362,0.867925;22,2769,0.913208
9,10836;68,12465,0.993711;16,1674,0.895597;24,2981,0.957233;22,2263,0.867925;23,2825,0.915723
9,11388;68,12695,0.997484;16,1834,0.909434;29,2961,0.957233;25,2638,0.886792;24,2986,0.909434
10,11754;65,12206,0.992453;18,1925,0.92956;28,3145,0.972327;23,2415,0.875472;26,3126,0.916981
9,11222;66,12642,0.983648;17,1871,0.899371;24,2985,0.968553;24,2481,0.891824;25,3071,0.915723
9,11400;65,12268,0.993711;16,1640,0.893082;23,2919,0.959748;23,2487,0.879245;24,2949,0.91195
9,11244;69,13152,0.993711;19,1826,0.933333;23,2732,0.942138;23,2426,0.89434;23,2846,0.901887
9,10873;69,12559,0.992453;18,1645,0.91195;20,2620,0.94717;23,2335,0.890566;24,2865,0.899371
10,10753;65,12066,0.988679;21,1794,0.899371;23,2720,0.971069;22,2295,0.915723;22,2699,0.930818
10,11350;67,12467,0.989937;14,1785,0.925786;18,2733,0.981132;18,2198,0.900629;18,2564,0.925786
19,11294;66,12845,0.992453;18,1739,0.92327;21,2519,0.967296;19,2059,0.886792;22,2656,0.910692
10,11180;77,12320,0.988679;17,1873,0.925786;21,2847,0.969811;22,2309,0.884277;23,2783,0.904403
10,11271;74,12326,0.993711;17,1726,0.919497;23,2788,0.955975;20,2228,0.869182;23,2831,0.92327
10,11496;66,12370,0.989937;19,1783,0.899371;25,2951,0.945912;23,2390,0.849057;24,2926,0.91195
10,11574;68,12824,0.989937;18,1842,0.908176;23,2905,0.938365;26,2648,0.865409;27,3137,0.893082
10,11774;65,12185,0.989937;18,1931,0.903145;27,3315,0.950943;26,2542,0.838994;26,3115,0.901887
11,12132;66,12429,0.988679;18,1976,0.91195;24,3132,0.961006;27,2837,0.889308;26,3159,0.891824
10,11567;67,12680,0.989937;17,1789,0.903145;24,2951,0.939623;27,2726,0.856604;25,2992,0.884277
10,11105;68,12824,0.988679;19,1843,0.92327;25,3223,0.945912;23,2343,0.889308;25,2950,0.915723
10,11103;65,12203,0.988679;17,1872,0.944654;20,2641,0.942138;20,2066,0.87044;22,2700,0.909434
10,11006;68,12922,0.994969;17,1737,0.903145;24,2952,0.972327;21,2288,0.877987;22,2971,0.918239
9,10641;69,13013,0.996226;15,1743,0.881761;18,2694,0.974843;19,2200,0.862893;22,2670,0.920755
11,11887;64,11939,0.981132;18,1761,0.940881;20,2495,0.969811;22,2271,0.896855;22,2727,0.92327
10,10890;66,12453,0.996226;17,1765,0.914465;26,2986,0.967296;22,2257,0.903145;21,2552,0.896855
10,11198;66,12398,0.993711;17,1971,0.924528;23,2964,0.971069;25,2530,0.889308;25,2977,0.909434
10,11492;67,12634,0.988679;18,1936,0.942138;26,3146,0.969811;27,2693,0.847799;27,3160,0.898113
10,11614;66,12415,0.983648;20,1920,0.915723;30,3294,0.966038;25,2564,0.854088;26,3168,0.899371
10,11703;68,12697,0.993711;16,1823,0.87673;26,3256,0.96478;26,2624,0.880503;26,3028,0.871698
10,11806;66,12366,0.989937;18,1955,0.927044;24,2960,0.963522;24,2490,0.893082;25,2905,0.879245
9,10453;67,12646,0.996226;16,1757,0.874214;25,3137,0.969811;24,2396,0.884277;26,3130,0.937107
10,11166;64,12383,0.996226;14,1716,0.893082;22,3071,0.971069;21,2495,0.860377;21,2916,0.91195
10,11187;67,12624,0.993711;14,1655,0.914465;20,2657,0.96478;22,2274,0.879245;23,2744,0.915723
10,11615;67,12594,0.994969;16,1801,0.91195;23,3029,0.977358;25,2549,0.914465;25,2996,0.927044
10,11833;67,12671,0.987421;18,1923,0.913208;24,3075,0.973585;26,2586,0.884277;26,3080,0.916981
10,11600;64,12190,0.988679;13,1381,0.89434;20,2258,0.957233;18,2013,0.885535;20,2476,0.922013
11,11787;67,12455,0.994969;19,1902,0.92956;23,2980,0.955975;23,2396,0.867925;25,2993,0.898113
10,11516;66,12376,0.993711;19,2161,0.933333;29,3215,0.952201;28,2901,0.862893;24,3106,0.885535
10,11620;67,12563,0.989937;13,1622,0.915723;20,2751,0.953459;17,2164,0.861635;22,2828,0.904403
11,12121;66,12451,0.986164;18,1867,0.916981;23,2997,0.949686;25,2705,0.826415;25,3095,0.869182
11,12048;69,12841,0.984906;15,1637,0.910692;23,2960,0.954717;21,2316,0.830189;22,2847,0.879245
10,11638;68,12858,0.98239;16,1796,0.883019;22,2987,0.962264;22,2417,0.856604;22,2793,0.89434
10,11449;66,12350,0.971069;18,2158,0.889308;23,3540,0.966038;23,2699,0.849057;26,3242,0.901887
10,11755;66,12580,0.997484;14,1586,0.914465;19,2528,0.957233;18,2060,0.856604;19,2494,0.896855
10,11732;66,12491,0.981132;19,1896,0.885535;24,3207,0.952201;20,2378,0.845283;22,2979,0.893082
10,11379;67,12491,0.988679;15,1932,0.91195;22,3520,0.954717;28,2936,0.860377;27,3284,0.889308
11,11721;66,12629,0.987421;18,2116,0.91195;24,3445,0.953459;23,2596,0.845283;25,3425,0.890566
10,11407;66,12666,0.978616;13,1590,0.88805;21,2641,0.963522;20,2261,0.866667;21,2704,0.901887
10,11457;67,12517,0.979874;15,2015,0.906918;22,3256,0.953459;24,2704,0.864151;25,3406,0.890566
10,11742;68,12871,0.98239;17,1849,0.884277;23,3126,0.972327;25,2752,0.867925;25,3458,0.89434
10,11864;66,12487,0.986164;19,2136,0.910692;23,3191,0.979874;26,2813,0.855346;26,3469,0.903145
10,11533;65,12356,0.988679;15,2005,0.927044;21,3208,0.967296;23,2637,0.860377;25,3283,0.89434
10,11564;66,12623,0.978616;15,1802,0.901887;19,2826,0.961006;20,2423,0.875472;20,2847,0.895597
10,11389;67,12587,0.994969;13,1775,0.890566;24,3208,0.972327;20,2312,0.874214;21,2947,0.899371
10,11862;66,12481,0.992453;15,2012,0.915723;20,3142,0.976101;24,2640,0.864151;23,3159,0.91195
10,11621;67,12740,0.989937;19,2078,0.924528;21,3170,0.966038;26,2842,0.89434;24,3322,0.922013
10,12105;66,12506,0.997484;15,1903,0.932075;25,3520,0.981132;24,2745,0.860377;25,3499,0.918239
10,12021;69,12993,0.991195;20,2222,0.914465;23,3479,0.966038;26,3077,0.87673;29,3771,0.879245
10,11644;70,13052,0.996226;14,1876,0.922013;17,2807,0.971069;19,2278,0.880503;21,2806,0.874214
10,11494;66,12517,0.997484;15,1781,0.940881;18,2707,0.950943;17,2167,0.87673;21,3062,0.915723
10,11228;67,12715,0.991195;17,1907,0.916981;21,3375,0.976101;23,2720,0.87044;24,3233,0.903145
11,11920;66,12742,0.988679;19,1958,0.903145;20,3028,0.961006;24,2781,0.845283;26,3484,0.900629
10,11531;67,12636,0.983648;14,1661,0.906918;20,2753,0.959748;22,2467,0.861635;23,3162,0.901887
10,11529;68,12774,0.987421;16,1791,0.913208;19,2792,0.958491;18,2191,0.825157;22,2842,0.891824
10,11271;66,12454,0.961006;19,2054,0.901887;24,3392,0.967296;29,3046,0.830189;27,3435,0.881761
10,10939;69,12955,0.987421;16,1816,0.925786;23,3097,0.949686;24,2535,0.864151;27,3228,0.891824
10,11143;66,12599,0.989937;16,1907,0.924528;20,2721,0.962264;21,2322,0.859119;22,2751,0.874214
10,11011;64,12494,0.98239;13,1571,0.922013;22,2805,0.96478;22,2423,0.861635;21,2696,0.89434
10,11786;76,12267,0.984906;20,2166,0.915723;27,3468,0.962264;28,3079,0.854088;30,3714,0.895597
9,11139;76,12676,0.986164;18,1907,0.862893;25,3426,0.948428;26,2749,0.840252;27,3286,0.88805
9,11228;67,12609,0.983648;17,1859,0.890566;23,2989,0.935849;25,2660,0.85283;26,3159,0.895597
9,11004;64,12309,0.986164;20,1625,0.866667;19,2609,0.972327;17,1979,0.859119;19,2393,0.890566
10,11414;67,12514,0.989937;18,2085,0.935849;21,2958,0.961006;25,2659,0.855346;25,3038,0.891824
10,11421;65,12265,0.988679;14,1383,0.918239;16,2042,0.962264;16,1812,0.865409;16,2118,0.899371
10,11767;66,12404,0.993711;16,1675,0.886792;23,2896,0.973585;24,2556,0.871698;24,2932,0.88805
10,11477;66,12517,0.983648;15,1721,0.886792;20,2618,0.969811;17,2007,0.851572;20,2588,0.875472
10,11772;67,12477,0.986164;14,1667,0.913208;21,2723,0.945912;22,2410,0.846541;23,2862,0.899371
10,11434;66,12390,0.994969;16,1812,0.92956;23,3070,0.966038;25,2613,0.883019;23,2784,0.908176
10,11732;66,12459,0.98239;18,1996,0.922013;24,2981,0.934591;25,2688,0.877987;25,2988,0.901887
10,11464;68,12899,0.994969;18,1728,0.896855;22,2894,0.955975;23,2451,0.893082;22,2757,0.915723
10,11606;65,12266,0.994969;18,1899,0.908176;23,2964,0.943396;23,2502,0.88805;23,2934,0.930818
10,11846;66,12384,0.997484;20,2087,0.925786;23,3058,0.949686;21,2292,0.857862;25,3077,0.898113
10,11586;66,12496,0.994969;16,1802,0.908176;23,3119,0.952201;22,2341,0.859119;25,3063,0.913208
10,10630;66,12257,0.991195;16,1701,0.932075;21,2788,0.969811;23,2387,0.826415;21,2598,0.884277
10,11764;66,12278,1;17,1909,0.910692;25,3592,0.979874;27,2795,0.833962;26,3283,0.908176
10,11297;66,12214,0.996226;17,1949,0.928302;21,2973,0.953459;25,2600,0.850314;24,2989,0.927044
10,11080;65,12136,0.998742;16,1745,0.92956;21,2669,0.962264;20,2284,0.884277;19,2469,0.903145
9,11247;66,12224,0.994969;13,1473,0.94717;17,2349,0.94717;19,2132,0.896855;18,2328,0.91195
9,11329;66,12473,0.997484;15,1798,0.898113;22,2975,0.969811;21,2348,0.877987;25,3171,0.898113
10,11420;65,12080,0.992453;17,1711,0.935849;18,2500,0.954717;19,2167,0.885535;21,2727,0.909434
9,10760;64,12024,0.992453;14,1555,0.937107;16,2291,0.949686;15,1857,0.862893;18,2424,0.908176
10,11505;65,12183,0.996226;15,1644,0.927044;21,2426,0.939623;20,2196,0.865409;20,2553,0.890566
9,11426;66,12365,0.98239;15,1692,0.922013;20,2729,0.976101;19,2185,0.85283;20,2531,0.859119
10,12136;65,12098,0.997484;21,1876,0.934591;20,2850,0.952201;20,2222,0.838994;23,3020,0.906918
10,11508;66,12300,0.996226;23,2121,0.916981;19,2609,0.939623;22,2430,0.91195;21,2759,0.922013
10,11842;66,12194,0.997484;17,1962,0.937107;22,3078,0.979874;20,2368,0.913208;22,2934,0.909434
9,11402;65,11994,0.992453;15,1731,0.899371;21,2568,0.971069;19,2257,0.893082;23,2965,0.920755
9,11165;65,12162,0.992453;15,1831,0.910692;21,2738,0.966038;20,2247,0.879245;22,2718,0.904403
10,11119;67,12392,0.992453;15,1498,0.844025;22,2802,0.944654;19,2234,0.920755;22,2863,0.899371
10,11649;67,12394,0.992453;18,1617,0.869182;20,2419,0.937107;16,1961,0.910692;18,2456,0.908176
9,10991;65,12011,0.988679;15,1738,0.906918;20,2744,0.953459;20,2352,0.899371;19,2406,0.879245
11,11587;67,12398,0.997484;17,1882,0.898113;27,3100,0.928302;22,2380,0.885535;24,3006,0.891824
11,12007;65,12148,0.997484;20,2267,0.88805;25,3386,0.962264;27,3002,0.88805;25,3212,0.908176
11,11777;67,12552,0.988679;16,1798,0.87673;21,2866,0.967296;22,2423,0.869182;23,2905,0.900629
10,11327;65,12159,0.989937;14,1670,0.906918;19,2478,0.966038;20,2261,0.879245;20,2593,0.906918
10,10940;67,12680,0.989937;16,1906,0.893082;23,3181,0.953459;23,2515,0.844025;23,2998,0.90566
10,11355;66,12433,0.986164;17,2021,0.909434;23,3158,0.957233;24,2655,0.855346;24,2958,0.898113
10,11561;66,12286,0.996226;16,1655,0.901887;19,2471,0.945912;19,2193,0.889308;21,2737,0.927044
10,11606;67,12588,0.994969;14,1677,0.916981;21,2961,0.942138;21,2392,0.904403;21,2670,0.925786
11,11980;70,12950,0.994969;16,1784,0.901887;23,3185,0.955975;24,2670,0.885535;23,2889,0.908176
11,11737;67,12628,0.993711;19,2183,0.915723;27,3484,0.977358;30,3240,0.891824;26,3282,0.90566
10,11492;69,12305,0.988679;18,1905,0.893082;22,3059,0.971069;23,2527,0.871698;22,2883,0.89434
9,10764;66,12095,0.991195;14,1608,0.874214;21,2781,0.942138;17,1965,0.866667;20,2634,0.906918
10,11342;68,12839,0.993711;14,1665,0.859119;20,2695,0.950943;20,2215,0.840252;22,2736,0.903145
11,11666;68,12672,0.988679;17,1972,0.895597;23,3212,0.953459;26,2798,0.862893;26,3273,0.89434
10,11260;66,12472,0.994969;16,1821,0.854088;25,3358,0.973585;24,2688,0.860377;24,3106,0.904403
10,11549;67,12489,0.983648;17,2071,0.857862;25,3371,0.973585;25,2765,0.85283;27,3386,0.88805
10,11481;67,12607,0.994969;18,2066,0.899371;24,3216,0.977358;25,2580,0.820126;25,3063,0.900629
10,11248;68,12702,0.986164;17,1767,0.904403;24,3058,0.98239;22,2405,0.838994;23,3010,0.910692
10,11810;69,12747,0.987421;16,1981,0.914465;22,2978,0.967296;24,2667,0.844025;28,3502,0.889308
10,11170;66,12428,0.993711;18,1849,0.898113;21,2952,0.945912;21,2318,0.855346;24,3112,0.903145
10,11567;65,12137,0.978616;15,1897,0.893082;26,3157,0.966038;24,2642,0.879245;23,2939,0.899371
10,11730;67,12685,0.993711;17,1941,0.895597;21,2972,0.969811;22,2491,0.857862;24,3122,0.885535
10,11500;65,12129,0.988679;17,1883,0.872956;21,3009,0.950943;22,2468,0.850314;26,3302,0.914465
11,11647;65,12278,0.993711;17,1999,0.847799;23,3200,0.966038;25,2781,0.862893;26,3375,0.89434
11,11696;69,12848,0.989937;15,1659,0.857862;22,2755,0.952201;24,2642,0.886792;24,3036,0.910692
10,11452;66,12354,0.989937;17,1915,0.898113;22,2976,0.942138;22,2448,0.891824;25,3175,0.915723
11,11992;66,12382,0.992453;20,2534,0.932075;24,3537,0.942138;26,2810,0.89434;28,3547,0.91195
10,11235;68,12739,0.973585;13,1642,0.908176;18,2630,0.945912;19,2197,0.898113;20,2653,0.922013
10,11811;66,12426,0.996226;14,1631,0.895597;17,2465,0.969811;20,2326,0.89434;19,2537,0.916981
10,11141;68,12551,0.988679;13,1521,0.846541;19,2634,0.919497;19,2192,0.875472;19,2565,0.896855
11,11876;67,12649,0.992453;17,2001,0.913208;22,3232,0.966038;21,2448,0.845283;24,3043,0.906918
10,11435;66,12350,0.988679;16,1715,0.937107;19,2646,0.977358;21,2297,0.865409;23,2847,0.919497
9,11360;67,12659,0.989937;16,1664,0.891824;21,2956,0.958491;20,2330,0.827673;23,2958,0.91195
10,11525;66,12250,0.993711;18,2067,0.915723;23,3333,0.96478;22,2433,0.837736;23,2880,0.922013
11,12069;67,12564,0.989937;16,1917,0.938365;23,3200,0.967296;26,2830,0.875472;24,3033,0.909434
10,11561;66,12147,0.992453;17,1951,0.909434;22,3052,0.971069;22,2499,0.864151;24,2976,0.895597
10,11759;66,12151,0.988679;17,1910,0.92956;20,2794,0.961006;25,2769,0.851572;25,3191,0.89434
10,11254;65,11970,0.988679;17,1908,0.899371;20,3041,0.966038;18,2052,0.855346;19,2562,0.891824
10,11289;65,12022,0.987421;15,1682,0.890566;21,2986,0.962264;22,2505,0.855346;22,2849,0.886792
10,11636;65,12237,0.996226;14,1654,0.918239;21,2912,0.976101;21,2453,0.851572;21,2741,0.89434
11,11873;66,12411,0.994969;20,2119,0.928302;23,3111,0.977358;23,2640,0.871698;25,3174,0.898113
10,11549;66,12504,0.997484;14,1610,0.90566;19,2504,0.971069;20,2279,0.875472;19,2449,0.906918
10,11636;65,12305,0.98239;16,1972,0.932075;21,2903,0.96478;21,2458,0.909434;21,2763,0.90566
10,11685;64,11957,0.991195;20,1939,0.940881;21,2913,0.973585;21,2459,0.898113;20,2681,0.869182
10,11794;66,12388,0.994969;14,1647,0.942138;18,2635,0.943396;19,2228,0.893082;19,2543,0.901887
11,11923;66,12557,0.997484;16,2039,0.940881;25,3519,0.973585;26,2768,0.875472;29,3729,0.927044
11,11655;67,12689,0.994969;17,2027,0.937107;24,3271,0.981132;22,2490,0.901887;24,3109,0.925786
11,11911;67,12610,0.989937;17,1684,0.880503;19,2788,0.967296;21,2401,0.904403;23,3048,0.919497
10,11093;68,12564,0.974843;17,1856,0.904403;19,2563,0.954717;17,2038,0.88805;20,2704,0.922013
9,11007;67,12742,0.98239;15,1708,0.906918;20,2745,0.954717;21,2416,0.877987;22,2818,0.915723
10,11393;67,12791,0.991195;21,2119,0.938365;25,3314,0.978616;23,2558,0.860377;22,2802,0.901887
10,11757;67,12645,0.981132;15,1799,0.935849;20,2794,0.977358;21,2361,0.861635;23,3054,0.924528
10,11974;65,12292,0.987421;17,2047,0.949686;24,3329,0.984906;23,2416,0.849057;25,3227,0.919497
8,9661;67,12547,0.993711;15,1858,0.954717;21,2773,0.978616;20,2126,0.833962;20,2592,0.909434
10,11639;65,12197,0.992453;15,1639,0.957233;18,2617,0.974843;19,2210,0.827673;20,2688,0.901887
10,11457;69,13049,0.989937;16,2032,0.932075;23,3259,0.973585;27,2783,0.831447;25,3340,0.883019
10,11517;67,12556,0.996226;17,1684,0.924528;19,2745,0.939623;22,2511,0.860377;24,3058,0.90566
10,11598;65,12201,0.994969;15,1893,0.939623;20,3063,0.977358;23,2530,0.865409;24,3160,0.900629
9,10572;67,12660,0.993711;14,1599,0.895597;20,2812,0.973585;18,2170,0.880503;20,2633,0.904403
10,11051;65,12302,0.991195;14,1689,0.891824;20,2944,0.976101;20,2316,0.885535;20,2652,0.903145
10,11411;65,12209,0.992453;16,1873,0.91195;23,3151,0.973585;24,2659,0.900629;25,3210,0.913208
10,11512;66,12316,0.992453;17,2063,0.872956;24,3524,0.981132;25,2783,0.899371;25,3198,0.914465
10,11813;69,13167,0.976101;15,1778,0.872956;22,3030,0.957233;22,2478,0.871698;24,3136,0.890566
11,11470;66,12471,0.988679;21,2103,0.91195;22,2911,0.971069;21,2404,0.883019;21,2871,0.896855
10,11672;67,12586,0.996226;14,1827,0.950943;19,2699,0.979874;21,2393,0.874214;21,2817,0.891824
10,10773;68,12811,0.992453;14,1704,0.92327;20,2813,0.958491;21,2316,0.864151;21,2613,0.900629
10,11155;68,12498,0.989937;18,1510,0.933333;19,2382,0.953459;17,2086,0.890566;17,2332,0.906918
10,10507;67,12390,0.992453;15,1616,0.928302;19,2661,0.952201;20,2235,0.874214;20,2584,0.906918
10,11673;68,12569,0.997484;13,1474,0.928302;17,2289,0.957233;15,1814,0.862893;18,2337,0.893082
9,11199;66,12378,0.993711;16,1312,0.903145;14,1843,0.949686;17,1949,0.865409;16,2195,0.866667
10,11880;67,12335,0.978616;16,1770,0.928302;21,2641,0.96478;19,2145,0.865409;19,2464,0.881761
10,11660;68,12799,0.976101;12,1341,0.925786;15,2078,0.954717;16,1926,0.877987;16,2175,0.87044
10,11445;66,12192,0.987421;14,1533,0.949686;19,2379,0.954717;16,1918,0.830189;17,2226,0.841509
10,11562;67,12410,0.98239;13,1522,0.922013;18,2357,0.945912;17,2025,0.825157;19,2406,0.850314
10,11553;66,12246,0.994969;16,1710,0.933333;20,2799,0.939623;21,2380,0.866667;19,2436,0.857862
10,11641;65,12117,0.991195;14,1467,0.906918;20,2471,0.955975;17,2029,0.862893;21,2694,0.885535
10,11523;66,12200,0.991195;11,1238,0.890566;18,2330,0.961006;15,1853,0.854088;18,2372,0.884277
10,11910;66,12248,0.992453;18,1758,0.90566;21,2944,0.950943;25,2784,0.854088;27,3425,0.861635
10,11627;66,12373,0.994969;19,1696,0.865409;20,2849,0.966038;21,2416,0.836478;23,2890,0.855346
9,11159;66,12152,0.992453;11,1303,0.866667;16,2193,0.96478;15,1797,0.826415;16,2199,0.846541
10,11786;69,12945,0.996226;16,1857,0.877987;20,2834,0.955975;19,2215,0.844025;23,2900,0.874214
10,11823;68,12804,0.998742;18,1922,0.889308;23,2931,0.968553;21,2380,0.825157;23,2984,0.877987
10,11135;69,12872,0.987421;16,1874,0.893082;20,2697,0.953459;19,2135,0.783648;21,2771,0.87044
10,11134;69,12683,0.986164;21,2002,0.903145;22,3129,0.967296;26,2764,0.855346;22,2857,0.899371
10,11708;68,12804,0.989937;15,1892,0.913208;23,3281,0.976101;21,2405,0.85283;23,2934,0.889308
10,11728;65,12275,0.993711;15,1739,0.92327;20,2907,0.977358;21,2373,0.864151;21,2633,0.883019
10,12038;67,12463,0.988679;17,1845,0.944654;21,2721,0.948428;21,2443,0.855346;23,2998,0.891824
10,11828;67,12583,0.981132;15,1678,0.930818;18,2514,0.942138;21,2421,0.849057;21,2763,0.879245
10,11697;65,12139,0.989937;17,1894,0.903145;24,3275,0.967296;22,2499,0.850314;24,3026,0.872956
10,11855;65,12211,0.992453;16,1890,0.92956;22,2946,0.967296;23,2569,0.862893;23,3011,0.891824
10,11618;68,12668,0.997484;13,1531,0.933333;21,2454,0.959748;17,2111,0.865409;18,2466,0.88805
10,11707;64,12020,0.993711;14,1571,0.901887;20,2817,0.974843;23,2623,0.87044;23,2908,0.875472
10,11864;68,12939,0.994969;16,1676,0.930818;20,2684,0.973585;20,2259,0.851572;20,2665,0.877987
9,11543;67,12475,0.992453;14,1700,0.948428;20,2645,0.969811;21,2372,0.865409;22,2906,0.881761
10,11887;67,12673,0.997484;11,1421,0.932075;16,2207,0.969811;17,2103,0.861635;19,2648,0.879245
9,10917;67,12440,0.976101;12,1391,0.932075;18,2501,0.976101;19,2204,0.862893;20,2597,0.879245
9,11023;67,12593,0.992453;14,1536,0.932075;18,2461,0.961006;17,2026,0.875472;18,2375,0.886792
10,11542;66,12464,0.988679;19,1873,0.901887;20,2863,0.967296;22,2461,0.879245;21,2742,0.890566
10,11814;69,12741,0.993711;16,1891,0.903145;21,2944,0.961006;21,2421,0.844025;23,3089,0.889308
10,11609;67,12552,0.994969;15,1807,0.913208;29,2987,0.94717;22,2490,0.831447;23,2895,0.890566
9,11164;67,12476,0.994969;14,1698,0.915723;23,2934,0.944654;21,2345,0.874214;20,2635,0.899371
9,11176;66,12451,0.989937;16,1766,0.886792;23,3126,0.963522;19,2239,0.855346;22,2661,0.895597
10,11769;66,12364,0.989937;17,1808,0.867925;24,3135,0.968553;24,2680,0.851572;24,3049,0.880503
10,11905;65,12190,0.992453;15,1630,0.877987;22,2837,0.971069;22,2569,0.87044;21,2774,0.89434
11,11998;69,12794,0.989937;15,1733,0.924528;18,2425,0.954717;18,2172,0.871698;19,2532,0.901887
9,11027;68,12912,0.988679;13,1461,0.92327;17,2338,0.954717;15,1788,0.856604;17,2263,0.883019
10,11913;68,12611,0.988679;16,1898,0.945912;21,2972,0.968553;22,2495,0.881761;22,2908,0.908176
10,11433;66,12335,0.997484;14,1562,0.933333;20,2759,0.967296;21,2355,0.855346;21,2768,0.893082
10,11657;66,12107,0.983648;16,1720,0.899371;21,2954,0.96478;22,2502,0.881761;22,2887,0.900629
10,11073;68,12607,0.988679;15,1672,0.89434;17,2286,0.938365;18,2119,0.867925;19,2531,0.879245
10,11281;67,12558,0.978616;16,1895,0.915723;18,2700,0.952201;20,2300,0.866667;18,2416,0.895597
10,11298;65,12040,0.983648;12,1439,0.904403;20,2746,0.954717;19,2250,0.872956;19,2419,0.880503
10,11670;66,12457,0.984906;14,1850,0.913208;21,3017,0.967296;23,2662,0.879245;24,3163,0.899371
10,11165;66,12344,0.994969;16,1883,0.909434;20,2930,0.978616;21,2421,0.869182;21,2813,0.899371
10,11924;66,12526,0.997484;16,1872,0.949686;21,2956,0.984906;21,2409,0.890566;22,2941,0.913208
10,11413;67,12519,0.993711;16,1849,0.932075;21,2901,0.976101;21,2400,0.87044;21,2815,0.903145
10,11396;68,12682,0.996226;18,2081,0.92327;23,3158,0.958491;24,2677,0.866667;23,2941,0.87673
10,11682;65,12038,0.993711;15,1765,0.920755;22,2832,0.949686;21,2436,0.886792;21,2734,0.88805
10,11788;69,12842,0.996226;15,1758,0.950943;20,2939,0.942138;21,2269,0.859119;21,2675,0.904403
9,10548;67,12575,0.987421;13,1393,0.895597;18,2490,0.967296;17,1984,0.856604;19,2490,0.903145
10,11949;67,12412,1;15,1663,0.915723;20,2646,0.957233;16,1925,0.864151;22,2915,0.930818
10,11232;67,12849,0.996226;14,1608,0.90566;19,2651,0.953459;19,2192,0.857862;19,2630,0.906918
10,11187;66,12484,0.98239;16,1539,0.904403;21,2616,0.971069;18,2075,0.886792;21,2786,0.918239
10,11946;66,12310,0.984906;19,2258,0.939623;24,3288,0.976101;25,2786,0.881761;26,3302,0.913208
10,11810;65,12193,0.992453;14,1595,0.954717;20,2444,0.979874;19,2278,0.895597;20,2581,0.915723
10,11410;65,12178,0.986164;14,1734,0.942138;21,2853,0.977358;23,2585,0.896855;23,2898,0.909434
10,11297;68,12840,0.979874;16,1730,0.885535;23,3152,0.968553;22,2453,0.874214;24,3009,0.904403
9,11237;65,12424,0.987421;17,1913,0.899371;21,2907,0.977358;22,2503,0.879245;23,2921,0.918239
10,11666;66,12286,0.981132;14,1651,0.900629;20,2682,0.978616;18,2114,0.837736;21,2741,0.906918
9,11212;68,12710,0.992453;18,2019,0.943396;20,2935,0.986164;21,2376,0.875472;21,2721,0.918239
10,11925;67,12236,0.979874;17,1885,0.91195;23,3057,0.991195;24,2674,0.903145;25,3153,0.924528
9,10901;67,12607,0.994969;16,1655,0.915723;18,2565,0.992453;19,2172,0.90566;19,2537,0.922013
10,11559;67,12576,0.998742;23,1696,0.91195;18,2444,0.969811;21,2353,0.883019;21,2651,0.91195
10,11862;68,12741,0.998742;13,1648,0.918239;17,2446,0.967296;19,2242,0.906918;20,2691,0.91195
10,11354;63,11930,0.983648;15,1650,0.935849;23,2642,0.978616;19,2182,0.925786;19,2556,0.922013
10,11256;67,12561,0.992453;15,1675,0.938365;18,2461,0.977358;18,2090,0.909434;18,2451,0.908176
10,11528;65,12222,0.991195;15,1705,0.954717;19,2724,0.963522;17,2021,0.884277;19,2529,0.89434
10,11644;66,12436,0.98239;13,1530,0.895597;20,2680,0.967296;20,2301,0.869182;20,2625,0.908176
10,11668;69,12975,0.989937;17,1905,0.92327;23,3313,0.968553;25,2734,0.88805;28,3519,0.90566
10,10886;66,12433,0.983648;15,1574,0.881761;21,2655,0.979874;18,2064,0.865409;19,2523,0.899371
10,11907;67,12686,0.998742;16,2057,0.92327;23,3067,0.983648;21,2466,0.875472;21,2846,0.895597
10,11772;65,12273,0.978616;15,1691,0.925786;22,2834,0.983648;21,2404,0.874214;21,2679,0.881761
11,12122;67,12673,0.992453;15,1738,0.92327;21,3006,0.976101;23,2614,0.871698;24,2979,0.896855
10,11906;67,12688,0.988679;14,1517,0.915723;21,2670,0.94717;20,2389,0.87673;19,2590,0.889308
10,11954;66,12382,0.994969;14,1565,0.915723;19,2420,0.94717;18,2136,0.908176;19,2463,0.915723
10,11173;66,12390,0.983648;18,1958,0.909434;23,3223,0.942138;23,2583,0.891824;23,2976,0.914465
9,10986;66,12319,0.993711;18,1626,0.88805;20,2760,0.976101;22,2502,0.896855;21,2770,0.909434
10,11545;67,12382,0.994969;15,1606,0.879245;19,2542,0.976101;18,2156,0.884277;19,2503,0.900629
10,11473;66,12359,0.991195;14,1485,0.871698;18,2416,0.961006;16,1909,0.847799;18,2319,0.881761
10,11740;67,12589,0.989937;14,1670,0.898113;19,2565,0.966038;22,2529,0.869182;21,2796,0.874214
10,11517;67,12523,0.996226;16,1795,0.899371;21,2799,0.96478;21,2341,0.866667;22,2856,0.866667
14,11455;68,12623,0.992453;22,2002,0.942138;22,3047,0.973585;24,2687,0.879245;24,3152,0.879245
10,11768;67,12336,0.988679;15,1789,0.939623;24,3072,0.966038;24,2630,0.859119;26,3005,0.869182
10,10889;67,12296,0.989937;15,1525,0.895597;20,2629,0.963522;19,2124,0.845283;18,2422,0.866667
10,11587;66,12161,0.993711;15,1639,0.904403;17,2351,0.933333;18,2161,0.831447;20,2554,0.862893
10,11881;66,12346,0.992453;19,1832,0.871698;23,3462,0.988679;23,2667,0.864151;24,3143,0.909434
10,11393;67,12525,0.993711;16,1841,0.889308;21,3054,0.973585;20,2265,0.828931;23,3068,0.895597
10,11219;70,12700,0.992453;15,1813,0.890566;20,2779,0.981132;19,2164,0.869182;21,2734,0.904403
11,12098;66,12172,0.991195;19,1863,0.933333;21,2757,0.954717;21,2424,0.867925;23,3044,0.904403
10,11303;66,12341,0.988679;13,1571,0.933333;18,2630,0.974843;17,2020,0.855346;19,2575,0.914465
10,11753;66,12200,0.993711;13,1597,0.92327;18,2599,0.962264;22,2451,0.867925;21,2787,0.910692
11,12036;66,12341,0.992453;16,2013,0.92327;23,3201,0.969811;23,2558,0.862893;24,3150,0.89434
10,11177;67,12503,0.981132;10,1122,0.909434;15,1908,0.967296;15,1827,0.867925;14,1967,0.889308
10,11628;67,12439,0.986164;14,1578,0.920755;20,2827,0.959748;19,2186,0.854088;19,2646,0.896855
10,11010;65,12138,0.979874;17,1578,0.893082;17,2452,0.950943;18,2113,0.883019;18,2407,0.890566
10,11365;66,12273,0.994969;16,1752,0.913208;22,2914,0.977358;20,2266,0.854088;19,2378,0.861635
11,12002;64,11976,0.983648;14,1754,0.896855;20,2805,0.978616;22,2466,0.869182;22,2845,0.895597
18,11187;66,12106,0.984906;13,1688,0.860377;20,2686,0.963522;20,2255,0.877987;21,2719,0.895597
11,11666;66,12164,0.977358;15,1902,0.866667;22,3061,0.972327;21,2451,0.861635;23,2962,0.903145
10,11324;64,11923,0.981132;14,1729,0.880503;20,2786,0.959748;21,2302,0.849057;22,2792,0.900629
10,11485;67,12541,0.991195;15,1447,0.840252;18,2471,0.983648;21,2363,0.879245;19,2444,0.909434
11,11785;64,12077,0.988679;14,1563,0.919497;18,2346,0.973585;17,2076,0.879245;18,2347,0.904403
10,11492;66,12363,0.996226;15,1476,0.92327;21,2678,0.973585;18,2145,0.874214;19,2430,0.898113
11,11884;66,12220,0.991195;15,1799,0.920755;24,3261,0.969811;22,2519,0.855346;23,2946,0.88805
11,11844;66,12324,0.996226;17,1552,0.96478;18,2520,0.969811;21,2460,0.891824;19,2531,0.877987
11,12089;67,12557,0.993711;16,1852,0.92327;24,3379,0.981132;23,2623,0.90566;22,2874,0.895597
10,11294;63,11584,0.993711;13,1511,0.930818;15,2165,0.958491;17,2091,0.899371;17,2321,0.904403
10,10970;67,12541,0.988679;15,1574,0.906918;19,2360,0.962264;16,1899,0.883019;19,2513,0.914465
10,11049;65,12348,0.991195;19,1729,0.872956;17,2310,0.937107;18,2037,0.867925;19,2516,0.909434
10,11113;65,12271,0.988679;14,1732,0.893082;20,2642,0.94717;18,2108,0.883019;18,2374,0.908176
10,11979;66,12421,0.994969;16,1963,0.938365;23,3147,0.945912;24,2696,0.886792;24,3083,0.90566
10,11244;66,12263,0.993711;13,1647,0.944654;20,2531,0.944654;22,2403,0.88805;19,2501,0.915723
10,11181;66,12287,0.997484;15,1402,0.932075;17,2440,0.959748;15,1794,0.906918;16,2159,0.913208
10,11805;64,11910,0.994969;13,1525,0.914465;17,2246,0.940881;18,2133,0.913208;18,2471,0.924528
11,11726;68,12875,0.994969;18,2043,0.92327;24,3362,0.937107;23,2644,0.885535;23,3093,0.904403
11,11822;64,11899,0.994969;14,1841,0.895597;23,3058,0.96478;22,2499,0.854088;24,3078,0.901887
9,10456;67,12527,0.998742;13,1564,0.898113;18,2367,0.943396;17,2055,0.865409;18,2463,0.919497
9,11334;67,12474,0.998742;15,1825,0.939623;21,2605,0.959748;20,2300,0.87673;20,2663,0.918239
10,11598;66,12294,0.997484;16,1669,0.92327;17,2460,0.977358;18,2144,0.901887;19,2477,0.906918
9,11560;65,12184,0.998742;13,1459,0.904403;19,2634,0.974843;19,2150,0.893082;21,2682,0.906918
10,11829;65,11928,0.993711;14,1623,0.918239;18,2465,0.981132;19,2227,0.900629;19,2501,0.914465
9,11734;63,11880,0.991195;11,1309,0.930818;14,1907,0.973585;13,1638,0.908176;15,2064,0.914465
9,10792;65,12006,0.993711;13,1214,0.906918;16,2097,0.974843;13,1622,0.877987;16,2095,0.900629
11,12131;65,12313,0.993711;17,2046,0.88805;23,3111,0.978616;23,2682,0.884277;24,3099,0.895597
11,11911;67,12171,0.98239;16,1680,0.928302;19,2651,0.978616;19,2178,0.879245;20,2683,0.898113
10,11202;67,12310,0.989937;14,1514,0.958491;18,2379,0.971069;17,2047,0.87673;17,2360,0.898113
10,11748;65,12023,0.988679;13,1452,0.949686;17,2362,0.948428;17,1975,0.875472;18,2434,0.901887
11,11862;66,12420,0.993711;17,1470,0.908176;19,2514,0.977358;18,2215,0.889308;18,2412,0.899371
11,11623;65,12205,0.997484;14,1703,0.910692;21,2826,0.98239;20,2357,0.904403;22,2826,0.918239
10,11300;69,12889,0.989937;15,1555,0.934591;18,2494,0.977358;18,2144,0.89434;18,2413,0.910692
10,11519;65,12157,0.993711;15,1731,0.938365;20,2539,0.977358;18,2165,0.865409;19,2484,0.910692
10,11942;68,12423,0.992453;15,1769,0.954717;20,2805,0.987421;20,2366,0.875472;22,2845,0.901887
9,11334;66,12344,0.998742;17,2006,0.955975;22,2940,0.987421;23,2521,0.860377;23,2929,0.900629
9,11102;66,12278,0.993711;11,1257,0.92956;16,2061,0.983648;16,1927,0.872956;17,2199,0.906918
9,11382;67,12419,0.991195;15,1633,0.943396;19,2612,0.986164;19,2240,0.877987;19,2510,0.903145
9,10606;66,12283,0.993711;13,1536,0.959748;15,2076,0.962264;16,1893,0.885535;19,2198,0.90566
10,11601;64,11808,0.993711;15,1504,0.958491;21,2488,0.940881;18,2104,0.89434;19,2538,0.909434
10,11437;67,12262,0.996226;14,1671,0.952201;20,2648,0.96478;20,2277,0.866667;19,2471,0.896855
10,11274;67,12499,0.994969;16,1701,0.92956;20,2665,0.930818;19,2243,0.856604;19,2568,0.881761
10,11447;65,12286,0.989937;15,1623,0.92327;22,2954,0.961006;18,2134,0.854088;19,2553,0.883019
10,11502;67,12461,0.991195;15,1628,0.898113;22,2962,0.958491;21,2430,0.830189;25,3133,0.865409
10,11712;67,12518,0.98239;16,1925,0.916981;22,2800,0.963522;24,2700,0.840252;24,3078,0.871698
10,11534;67,12480,0.98239;16,1793,0.903145;22,2997,0.968553;20,2375,0.83522;22,2927,0.890566
11,11892;66,12366,0.984906;16,1864,0.899371;21,2798,0.957233;20,2384,0.841509;20,2745,0.900629
10,11069;69,12791,0.998742;14,1731,0.908176;18,2540,0.959748;18,2140,0.874214;20,2730,0.910692
10,11094;67,12510,0.989937;15,1598,0.924528;19,2627,0.959748;19,2201,0.860377;19,2489,0.908176
11,11567;66,12367,0.993711;19,1975,0.891824;20,2815,0.933333;23,2561,0.847799;23,2952,0.920755
10,11643;69,12932,0.997484;15,1859,0.935849;19,2678,0.967296;20,2285,0.851572;20,2633,0.906918
11,11706;66,12445,0.989937;14,1604,0.939623;17,2273,0.973585;17,1955,0.889308;21,2611,0.913208
10,11494;66,12220,0.991195;14,1636,0.909434;21,2625,0.968553;19,2333,0.88805;18,2477,0.908176
11,11991;65,12178,0.993711;14,1740,0.935849;20,2704,0.952201;21,2346,0.855346;22,2818,0.89434
10,11262;68,12777,0.991195;17,1873,0.909434;22,3226,0.957233;21,2411,0.837736;24,3206,0.890566
11,11827;69,12799,0.984906;14,1710,0.893082;23,3119,0.942138;24,2646,0.837736;25,3122,0.893082
10,11608;65,12289,0.996226;13,1576,0.90566;19,2685,0.971069;18,2021,0.850314;20,2704,0.895597
10,11198;69,13040,0.991195;13,1706,0.919497;20,2953,0.971069;20,2341,0.851572;21,2841,0.898113
10,11100;67,12487,0.991195;14,1640,0.920755;21,2847,0.978616;19,2238,0.865409;21,2820,0.890566
10,11858;67,12610,0.991195;18,1838,0.938365;21,2774,0.988679;20,2299,0.875472;22,2913,0.910692
13,11580;67,12518,0.997484;14,1518,0.92327;17,2280,0.96478;15,1803,0.875472;18,2395,0.898113
11,11820;66,12267,0.992453;15,1724,0.906918;21,2799,0.979874;19,2212,0.875472;20,2542,0.889308
10,11368;68,12280,0.992453;13,1508,0.922013;19,2484,0.974843;18,2202,0.898113;19,2517,0.901887
10,11840;67,12588,0.989937;12,1386,0.930818;17,2231,0.944654;17,2046,0.899371;19,2502,0.916981
10,11240;67,12450,0.993711;12,1408,0.919497;21,2628,0.978616;17,2065,0.88805;18,2405,0.92327
10,11513;67,12623,0.996226;12,1410,0.939623;18,2418,0.983648;18,2072,0.900629;18,2384,0.916981
18,11605;69,12558,0.987421;12,1443,0.948428;17,2160,0.963522;18,2085,0.904403;17,2281,0.910692
10,11294;67,12409,0.996226;13,1646,0.925786;18,2604,0.971069;18,2183,0.909434;18,2442,0.909434
10,11512;66,12204,0.997484;13,1568,0.899371;19,2518,0.976101;18,2162,0.87044;20,2587,0.90566
10,11926;65,12075,0.996226;16,1668,0.930818;19,2367,0.955975;17,2144,0.900629;16,2238,0.909434
10,11760;68,12670,0.998742;13,1426,0.937107;17,2289,0.969811;17,2061,0.877987;17,2346,0.895597
10,12007;67,12547,0.991195;14,1640,0.938365;18,2509,0.958491;20,2419,0.88805;19,2587,0.90566
9,10963;66,12268,0.989937;15,1500,0.949686;19,2228,0.949686;18,2051,0.884277;18,2286,0.896855
10,11664;65,12098,0.996226;14,1483,0.958491;18,2355,0.961006;19,2241,0.92327;19,2483,0.919497
10,11427;65,12166,0.996226;14,1533,0.959748;17,2204,0.952201;16,1969,0.920755;15,2094,0.924528
10,11806;65,12126,0.997484;15,1761,0.958491;22,2742,0.949686;21,2398,0.915723;20,2598,0.914465
10,10887;66,12352,0.997484;14,1514,0.927044;20,2405,0.932075;19,2161,0.871698;19,2419,0.88805
11,11192;65,12239,0.998742;15,1651,0.961006;19,2503,0.968553;19,2118,0.899371;20,2556,0.904403
10,11518;68,12459,0.983648;11,1373,0.944654;17,2295,0.969811;17,1998,0.896855;17,2270,0.90566
10,11210;66,12232,0.998742;20,1710,0.928302;18,2438,0.974843;17,2052,0.903145;19,2438,0.90566
10,11362;65,12113,0.992453;16,1516,0.932075;18,2345,0.967296;17,1999,0.881761;16,2193,0.895597
11,11967;67,12338,0.998742;18,1982,0.928302;22,3038,0.959748;21,2457,0.827673;22,2845,0.881761
11,12162;65,12094,0.989937;15,1700,0.919497;20,2754,0.959748;21,2414,0.831447;20,2747,0.866667
9,10558;63,11767,0.991195;14,1620,0.919497;18,2451,0.981132;18,2181,0.895597;16,2241,0.896855
11,11971;66,12374,0.989937;14,1863,0.94717;20,2797,0.967296;19,2239,0.893082;20,2656,0.901887
11,11920;66,12393,0.981132;14,1625,0.924528;20,2890,0.98239;21,2498,0.895597;20,2742,0.883019
10,11389;66,12306,0.997484;14,1504,0.958491;17,2319,0.986164;16,2024,0.90566;17,2289,0.889308
10,11812;65,12064,0.996226;14,1584,0.928302;20,2779,0.973585;18,2164,0.899371;21,2724,0.890566
10,11092;67,12306,0.993711;14,1520,0.898113;16,2227,0.973585;18,2229,0.906918;17,2293,0.908176
11,11978;66,12354,0.989937;16,1890,0.904403;22,2968,0.955975;24,2851,0.864151;24,2829,0.889308
10,11198;67,12394,0.997484;14,1341,0.900629;18,2140,0.976101;17,1851,0.896855;18,2349,0.896855
10,11671;63,11700,0.981132;11,1171,0.915723;18,2100,0.979874;17,1933,0.871698;19,2340,0.884277
10,11524;64,11911,0.987421;18,1752,0.914465;23,2855,0.958491;21,2213,0.867925;22,2596,0.874214
10,11028;64,11866,0.994969;17,1633,0.904403;19,2228,0.962264;19,2067,0.880503;19,2215,0.884277
10,11192;64,11681,0.998742;16,1608,0.906918;20,2336,0.961006;19,2035,0.87673;19,2324,0.89434
10,11079;63,11902,0.994969;16,1557,0.893082;20,2630,0.948428;21,2213,0.836478;23,2683,0.895597
10,11493;65,12171,0.994969;17,1760,0.913208;20,2449,0.944654;23,2331,0.864151;24,2781,0.896855
10,11689;68,12487,0.992453;16,1508,0.919497;21,2462,0.958491;20,2088,0.869182;22,2611,0.916981
10,11222;68,12563,0.994969;15,1552,0.87044;23,2776,0.974843;21,2215,0.864151;22,2677,0.906918
10,11773;66,12283,0.992453;16,1778,0.881761;21,2661,0.968553;23,2374,0.857862;23,2777,0.904403
10,11291;66,12276,0.987421;16,1745,0.889308;21,2870,0.957233;22,2433,0.840252;21,2812,0.88805
11,11988;66,12086,0.996226;14,1727,0.884277;18,2650,0.932075;19,2293,0.867925;20,2844,0.898113
11,11932;66,12463,0.996226;18,1958,0.932075;22,2803,0.952201;21,2293,0.866667;23,2801,0.893082
10,11571;64,12199,0.991195;17,1761,0.908176;23,2692,0.943396;22,2287,0.866667;22,2663,0.884277
10,11244;66,12406,0.997484;16,1768,0.918239;23,2881,0.976101;21,2234,0.884277;22,2704,0.893082
11,11764;67,12753,0.98239;16,1783,0.914465;23,2839,0.976101;25,2588,0.884277;27,3186,0.904403
11,11816;69,12801,0.994969;18,1751,0.918239;24,2933,0.971069;25,2458,0.85283;27,3180,0.890566
10,11382;67,12592,0.989937;15,1460,0.91195;17,2077,0.962264;22,2352,0.874214;23,2829,0.910692
9,10966;67,12300,0.993711;14,1341,0.91195;18,2184,0.963522;18,1898,0.89434;20,2413,0.916981
9,11444;66,12337,0.993711;19,1892,0.963522;31,2909,0.962264;23,2417,0.880503;23,2783,0.919497
10,11594;66,12335,1;18,1972,0.961006;25,3134,0.977358;24,2457,0.884277;25,2983,0.906918
10,11928;66,12373,0.998742;18,1692,0.937107;23,2916,0.978616;22,2275,0.880503;23,2766,0.906918
9,11262;66,12424,0.997484;15,1766,0.945912;20,2802,0.973585;19,2306,0.898113;19,2683,0.914465
9,11472;66,12332,0.998742;15,1396,0.920755;18,2236,0.961006;21,2174,0.896855;21,2488,0.916981
11,11882;67,12449,0.996226;17,1810,0.906918;24,2895,0.967296;23,2378,0.877987;23,2636,0.89434
10,11328;66,12447,0.997484;17,1443,0.890566;23,2658,0.969811;20,2144,0.877987;22,2576,0.903145
10,11763;65,12158,0.996226;17,1802,0.916981;24,2895,0.987421;25,2620,0.891824;24,2840,0.900629
11,11837;66,12448,0.993711;17,1844,0.933333;23,2881,0.986164;21,2283,0.866667;24,2842,0.893082
11,11792;67,12405,0.991195;16,1721,0.927044;19,2583,0.968553;20,2149,0.862893;21,2553,0.899371
11,12112;68,12742,0.987421;16,1689,0.922013;22,2627,0.974843;21,2240,0.869182;22,2668,0.893082
10,11563;65,12034,0.989937;14,1487,0.909434;19,2339,0.953459;21,2258,0.860377;22,2683,0.893082
10,11824;65,12000,0.997484;17,1646,0.915723;22,2561,0.963522;20,2217,0.821384;18,2482,0.891824
10,11607;67,12722,0.983648;14,1705,0.898113;22,3194,0.962264;22,2263,0.813836;24,2784,0.883019
10,10960;66,12393,0.992453;17,1593,0.908176;22,2626,0.959748;21,2242,0.88805;21,2525,0.898113
10,11397;64,12015,0.993711;13,1443,0.92327;19,2327,0.977358;17,1866,0.898113;18,2216,0.910692
10,11599;65,12310,0.989937;12,1419,0.914465;20,2645,0.971069;21,2212,0.896855;22,2599,0.914465
9,10978;63,11771,0.994969;15,1321,0.880503;19,2229,0.971069;18,1991,0.87673;19,2262,0.893082
10,11693;65,12158,0.974843;18,2068,0.895597;27,3322,0.987421;25,2584,0.896855;25,2857,0.906918
10,10781;67,12485,0.994969;14,1321,0.881761;20,2234,0.966038;20,2094,0.901887;20,2322,0.906918
10,11716;63,11888,0.989937;15,1542,0.919497;18,2553,0.984906;18,2158,0.864151;19,2532,0.889308
10,11267;66,12306,0.994969;15,1502,0.927044;23,2428,0.971069;19,2010,0.851572;18,2255,0.881761
10,11281;66,12164,0.992453;15,1307,0.909434;19,2208,0.945912;18,1895,0.871698;19,2178,0.893082
10,11677;67,12387,0.979874;18,1545,0.900629;20,2495,0.934591;20,2141,0.846541;19,2341,0.859119
11,11908;65,12150,0.988679;14,1441,0.930818;19,2054,0.914465;17,1871,0.856604;16,2158,0.875472
10,11102;67,12413,0.991195;12,1347,0.939623;15,2184,0.922013;13,1667,0.850314;14,1888,0.875472
15,11953;65,12248,0.989937;18,1669,0.934591;19,2284,0.942138;19,2118,0.842767;20,2438,0.865409
10,11737;66,12242,0.988679;13,1495,0.939623;20,2527,0.950943;19,2253,0.846541;18,2460,0.869182
9,10113;65,12037,0.98239;10,1324,0.934591;17,2321,0.973585;19,2069,0.862893;17,2229,0.895597
10,11382;65,12249,0.993711;16,1765,0.925786;21,2973,0.977358;19,2335,0.861635;21,2771,0.885535
10,11073;66,12259,0.996226;16,1694,0.940881;19,2537,0.983648;18,2154,0.864151;17,2412,0.893082
10,11590;66,12063,0.992453;12,1221,0.932075;15,2101,0.988679;16,1983,0.872956;15,2156,0.895597
10,11456;65,12104,0.997484;13,1553,0.945912;18,2370,0.977358;16,2016,0.874214;16,2244,0.879245
10,11242;65,12082,0.994969;10,1233,0.940881;15,1880,0.974843;13,1731,0.867925;15,2053,0.883019
10,11165;64,11954,0.993711;12,1343,0.90566;19,2345,0.977358;15,1898,0.874214;16,2213,0.88805
10,11880;67,12425,0.986164;15,1482,0.922013;20,2405,0.972327;15,2004,0.862893;16,2175,0.880503
10,11983;67,12406,0.989937;11,1411,0.922013;20,2469,0.972327;16,2133,0.864151;17,2358,0.861635
8,9931;65,11823,1;12,1347,0.900629;17,2234,0.969811;13,1696,0.872956;14,2016,0.875472
10,11370;68,12546,0.988679;11,1515,0.908176;18,2526,0.959748;16,2035,0.855346;18,2507,0.88805
10,11606;66,12236,0.989937;16,1617,0.927044;18,2439,0.966038;17,2117,0.847799;17,2421,0.881761
11,11954;66,12197,0.987421;14,1546,0.908176;18,2359,0.944654;18,2224,0.831447;19,2503,0.865409
10,11622;67,12425,0.994969;12,1414,0.901887;17,2154,0.944654;19,2104,0.823899;19,2315,0.864151
10,11257;65,12071,0.992453;13,1483,0.886792;19,2473,0.945912;19,2262,0.818868;18,2412,0.860377
10,11729;66,12148,0.991195;15,1820,0.898113;21,2725,0.94717;23,2618,0.85283;22,2779,0.871698
10,11713;66,12436,0.98239;12,1545,0.913208;18,2499,0.959748;19,2152,0.879245;20,2634,0.875472
8,10233;67,12558,0.998742;11,1021,0.903145;14,1774,0.962264;12,1537,0.881761;13,1816,0.884277
10,11676;67,12607,0.997484;14,1491,0.913208;17,2420,0.954717;20,2351,0.859119;21,2677,0.865409
10,11407;66,12231,0.993711;15,1591,0.927044;19,2649,0.972327;20,2315,0.872956;19,2555,0.877987
10,11926;64,11795,0.976101;14,1716,0.925786;20,2811,0.967296;19,2228,0.864151;21,2747,0.881761
10,11819;67,12273,0.984906;15,1691,0.90566;21,2713,0.958491;22,2460,0.860377;21,2663,0.867925
10,11491;65,12105,0.992453;15,1641,0.913208;20,2608,0.969811;20,2226,0.871698;20,2510,0.866667
10,11646;64,11896,0.988679;15,1516,0.919497;19,2468,0.950943;19,2178,0.850314;19,2496,0.861635
10,11910;66,12292,0.992453;12,1432,0.893082;17,2418,0.944654;15,1864,0.859119;17,2229,0.861635
9,10496;66,12369,0.989937;13,1406,0.901887;18,2383,0.948428;17,1986,0.85283;18,2270,0.877987
10,11940;66,12359,0.994969;13,1629,0.908176;18,2466,0.952201;19,2202,0.837736;19,2419,0.877987
10,11667;68,12595,0.994969;15,1515,0.913208;20,2570,0.976101;18,1993,0.857862;19,2360,0.88805
10,10967;67,12390,0.958491;15,1418,0.924528;16,2133,0.953459;16,1914,0.860377;15,1978,0.874214
11,12012;67,12305,0.992453;13,1433,0.922013;17,2278,0.952201;17,1989,0.842767;19,2487,0.879245
10,11584;67,12431,0.992453;14,1551,0.957233;20,2487,0.958491;17,2017,0.836478;18,2362,0.895597
10,11701;65,11879,0.988679;14,1653,0.967296;20,2732,0.969811;18,2122,0.875472;20,2626,0.901887
10,11591;66,12237,0.996226;12,1244,0.928302;16,2142,0.979874;14,1773,0.898113;15,1993,0.884277
10,11716;65,12219,0.992453;14,1331,0.949686;15,1864,0.986164;12,1566,0.891824;13,1840,0.890566
10,12072;64,11796,0.989937;17,1584,0.919497;20,2453,0.977358;18,2188,0.865409;19,2450,0.869182
10,11340;65,12023,0.984906;13,1333,0.91195;17,2141,0.981132;17,2025,0.855346;15,2103,0.872956
10,10985;66,12240,0.987421;12,1142,0.889308;15,2024,0.978616;15,1814,0.860377;16,2051,0.867925
10,11137;67,12332,0.986164;13,1590,0.924528;17,2297,0.968553;17,1973,0.844025;18,2243,0.87044
11,11800;66,12289,0.993711;16,1293,0.918239;19,2320,0.969811;17,2031,0.844025;17,2256,0.857862
9,11140;68,12689,0.994969;11,1335,0.915723;22,2492,0.952201;16,1857,0.822642;17,2172,0.881761
10,11914;64,12026,0.988679;13,1456,0.904403;21,2637,0.979874;19,2212,0.837736;20,2590,0.885535
10,11553;64,12045,0.991195;14,1609,0.916981;19,2547,0.966038;19,2196,0.825157;20,2633,0.880503
10,11336;70,12739,0.992453;14,1454,0.913208;17,2399,0.976101;16,1934,0.840252;18,2398,0.88805
10,11857;67,12566,0.996226;14,1480,0.94717;16,2267,0.977358;18,2103,0.841509;18,2408,0.866667
10,11782;66,12224,0.986164;15,1560,0.919497;20,2567,0.967296;20,2348,0.845283;19,2391,0.869182
10,11884;66,12108,0.991195;14,1697,0.925786;22,2774,0.957233;22,2517,0.877987;22,2735,0.886792
9,11384;66,12163,0.992453;12,1302,0.924528;17,2346,0.983648;16,1915,0.869182;17,2234,0.884277
10,12040;65,12075,0.988679;15,1756,0.932075;18,2554,0.963522;20,2403,0.859119;19,2585,0.88805
10,11998;65,11812,0.993711;12,1435,0.92956;16,2141,0.971069;17,2039,0.871698;18,2383,0.88805
10,11697;64,12039,0.997484;13,1449,0.934591;17,2227,0.969811;15,1852,0.864151;15,2109,0.880503
9,10728;65,12019,0.983648;12,1243,0.925786;16,2088,0.972327;16,1961,0.864151;17,2228,0.879245
9,11335;63,11875,0.981132;14,1620,0.890566;18,2535,0.967296;19,2226,0.857862;19,2502,0.88805
10,12035;65,12175,0.987421;11,1338,0.915723;19,2397,0.983648;16,1909,0.87044;17,2215,0.88805
17,10812;64,11959,0.988679;13,1420,0.938365;17,2112,0.954717;16,1935,0.865409;16,2023,0.877987
10,11638;66,12376,0.979874;14,1556,0.934591;20,2752,0.949686;17,2046,0.860377;17,2257,0.879245
10,11515;65,12133,0.988679;14,1342,0.916981;18,2195,0.948428;13,1648,0.847799;14,1943,0.871698
10,11458;65,12121,0.993711;15,1747,0.930818;20,2636,0.955975;19,2174,0.861635;20,2540,0.875472
10,11611;63,11960,0.996226;12,1363,0.916981;17,2208,0.963522;16,1941,0.857862;18,2283,0.889308
10,11929;67,12440,0.989937;13,1458,0.927044;18,2522,0.968553;17,2077,0.871698;18,2402,0.864151
10,11558;65,12235,0.992453;16,1737,0.933333;20,2730,0.974843;18,2054,0.866667;17,2165,0.869182
10,11768;65,12046,0.988679;14,1412,0.920755;21,2468,0.971069;17,1971,0.872956;18,2333,0.871698
10,11814;66,12162,0.993711;14,1749,0.958491;20,2534,0.976101;20,2185,0.869182;20,2425,0.884277
10,11786;64,12098,0.996226;15,1640,0.932075;21,2702,0.98239;21,2205,0.866667;20,2463,0.87044
10,11358;66,12220,0.988679;14,1331,0.906918;18,2118,0.98239;16,1788,0.872956;16,1952,0.87673
10,11573;65,12168,0.992453;16,1615,0.934591;21,2524,0.969811;18,2023,0.849057;19,2383,0.87673
10,11588;64,11804,0.983648;15,1467,0.945912;17,2242,0.955975;18,1939,0.859119;19,2321,0.883019
10,11427;66,12162,0.992453;13,1457,0.944654;19,2444,0.958491;18,1992,0.872956;19,2381,0.883019
10,11692;66,12429,0.988679;12,1309,0.930818;23,2664,0.977358;17,1849,0.844025;18,2216,0.87044
10,11827;63,11550,0.978616;14,1363,0.945912;18,2148,0.983648;15,1711,0.838994;16,2109,0.850314
10,12060;65,12149,0.987421;16,1700,0.94717;21,2541,0.962264;20,2160,0.847799;21,2504,0.849057
11,11368;65,12155,0.994969;14,1467,0.928302;21,2260,0.94717;16,1925,0.854088;17,2201,0.851572
10,11690;67,12574,0.984906;23,1581,0.903145;21,2482,0.949686;19,2199,0.844025;18,2308,0.872956
10,11951;68,12696,0.996226;14,1542,0.906918;18,2235,0.962264;18,2087,0.844025;20,2553,0.879245
10,11991;66,12495,0.987421;15,1661,0.889308;22,2826,0.979874;21,2355,0.87044;22,2756,0.883019
10,11306;65,12152,0.979874;17,1563,0.903145;21,2347,0.963522;16,1887,0.874214;19,2367,0.879245
10,11602;63,11893,0.983648;16,1578,0.906918;22,2350,0.967296;17,1924,0.884277;19,2380,0.874214
10,11215;65,12130,0.994969;14,1336,0.871698;19,2044,0.935849;15,1712,0.89434;16,2138,0.899371
10,11317;69,11992,0.992453;11,1332,0.927044;14,1810,0.944654;14,1683,0.890566;14,1845,0.903145
11,11855;75,12023,0.993711;13,1464,0.945912;18,2230,0.955975;15,1889,0.87673;16,2132,0.885535
10,11019;68,12186,0.994969;11,1081,0.935849;16,1826,0.94717;13,1637,0.855346;14,1854,0.879245
10,11757;66,12485,0.989937;12,1441,0.948428;18,2192,0.962264;15,1811,0.854088;16,2105,0.879245
10,11804;66,12367,0.997484;13,1242,0.934591;14,1762,0.935849;14,1785,0.856604;15,2011,0.872956
10,11361;65,11920,0.994969;11,1244,0.937107;16,1812,0.974843;12,1442,0.85283;14,1842,0.880503
11,11859;64,11875,0.997484;13,1354,0.94717;19,2145,0.983648;17,1936,0.884277;18,2187,0.889308
10,11326;65,12213,0.991195;18,1579,0.938365;20,2437,0.959748;19,2103,0.871698;20,2487,0.872956
24,11503;67,12505,0.997484;16,1426,0.933333;17,2032,0.955975;17,1953,0.877987;17,2209,0.866667
10,11137;65,12003,0.998742;14,1498,0.934591;19,2398,0.981132;18,1977,0.87673;20,2421,0.879245
10,11833;65,12136,0.998742;16,1593,0.928302;20,2513,0.986164;22,2311,0.875472;24,2812,0.886792
10,11270;65,11955,0.983648;17,1217,0.934591;17,1940,0.983648;14,1572,0.881761;14,1835,0.88805
9,10935;63,11709,0.987421;15,1370,0.916981;18,2008,0.958491;15,1716,0.867925;17,2071,0.890566
9,10758;65,12082,0.993711;11,1144,0.927044;16,1910,0.950943;14,1607,0.880503;15,1917,0.900629
12,11639;64,11828,0.991195;14,1327,0.901887;20,2459,0.954717;19,2079,0.899371;19,2268,0.910692
9,10039;66,12306,0.979874;11,1177,0.90566;15,1813,0.925786;13,1569,0.899371;14,1857,0.890566
10,11489;67,12363,0.997484;13,1357,0.919497;19,2180,0.972327;15,1785,0.895597;17,2140,0.91195
9,10750;65,11952,0.997484;10,965,0.899371;16,1599,0.973585;14,1586,0.886792;14,1736,0.890566
15,11304;68,12218,0.989937;16,1516,0.867925;19,2299,0.958491;19,2129,0.884277;18,2191,0.881761
10,11394;67,12114,0.987421;13,1237,0.884277;19,2111,0.959748;16,1912,0.885535;16,2082,0.880503
10,11572;65,12178,0.989937;15,1414,0.896855;20,2286,0.986164;17,1909,0.862893;16,2054,0.866667
10,11582;66,12187,0.996226;14,1590,0.953459;17,2095,0.963522;16,1978,0.862893;15,2110,0.872956
12,11135;65,12024,0.994969;16,1397,0.952201;18,2224,0.976101;16,1902,0.87044;16,2114,0.881761
11,11410;65,12125,1;12,1379,0.937107;15,1932,0.959748;14,1817,0.859119;15,2057,0.875472
10,11444;66,12423,0.989937;12,1434,0.933333;20,2426,0.983648;16,2042,0.855346;17,2276,0.874214
9,10382;65,12070,0.996226;11,1317,0.932075;17,2009,0.98239;17,1868,0.860377;17,2109,0.88805
10,11818;66,12374,0.996226;16,1409,0.934591;21,2277,0.977358;18,1979,0.844025;19,2330,0.883019
9,11214;65,11992,0.994969;14,1309,0.934591;18,2074,0.981132;15,1781,0.855346;16,2006,0.867925
12,11617;65,12071,0.988679;16,1440,0.920755;18,2059,0.932075;16,1826,0.83522;17,2157,0.840252
12,11870;63,11579,0.981132;15,1438,0.918239;18,2256,0.952201;16,1922,0.833962;18,2236,0.860377
11,11790;67,12146,1;15,1466,0.966038;20,2282,0.978616;17,1949,0.862893;18,2220,0.883019
10,11388;68,12361,0.997484;14,1370,0.948428;20,2384,0.973585;16,1867,0.885535;18,2267,0.88805
10,11700;64,12077,0.993711;16,1755,0.962264;21,2565,0.973585;20,2278,0.861635;20,2459,0.880503
13,11085;65,12116,1;17,1207,0.933333;17,1876,0.971069;15,1702,0.850314;15,1980,0.874214
10,11660;65,12198,0.968553;16,1451,0.945912;19,2340,0.971069;19,2119,0.840252;19,2374,0.875472
9,10973;65,11961,0.979874;13,1213,0.939623;16,1958,0.96478;16,1829,0.840252;16,1995,0.869182
10,11868;64,11976,0.987421;12,1316,0.927044;20,2192,0.966038;18,2056,0.872956;16,2068,0.874214
10,11973;63,11945,0.992453;16,1410,0.939623;18,2009,0.972327;16,1813,0.851572;16,2010,0.860377
9,11344;66,12250,0.979874;12,1231,0.933333;15,1832,0.953459;15,1668,0.827673;15,1883,0.836478
9,11263;64,12018,0.993711;11,1208,0.953459;20,2033,0.962264;15,1767,0.830189;17,2059,0.842767
17,11676;68,12639,0.994969;12,1223,0.92327;17,2166,0.969811;16,1899,0.833962;16,2187,0.841509
10,11490;63,11537,0.994969;12,1235,0.92956;14,1970,0.944654;15,1826,0.832704;15,2004,0.856604
10,11726;65,11956,0.994969;13,1449,0.933333;18,2348,0.955975;16,1994,0.820126;17,2285,0.841509
10,11196;64,11932,0.993711;12,1238,0.935849;16,1996,0.96478;14,1759,0.850314;16,2219,0.856604
11,12162;64,11903,0.992453;15,1624,0.920755;19,2431,0.963522;20,2335,0.855346;21,2706,0.867925
17,11835;68,12428,0.997484;15,1619,0.94717;20,2411,0.972327;20,2223,0.855346;20,2411,0.872956
10,11255;64,11833,0.998742;14,1328,0.922013;24,2368,0.983648;17,1896,0.860377;17,2115,0.855346
10,11195;68,12559,0.998742;18,1564,0.924528;19,2313,0.967296;19,2059,0.880503;20,2370,0.877987
10,11605;65,12073,0.979874;16,1462,0.942138;21,2350,0.983648;19,2145,0.885535;19,2333,0.867925
16,11545;64,12050,0.992453;15,1396,0.934591;19,2236,0.988679;18,2001,0.875472;19,2314,0.860377
11,11711;64,12174,0.996226;13,1296,0.953459;19,2110,0.981132;15,1734,0.879245;17,2156,0.877987
6,11162;66,12179,0.993711;11,1107,0.92956;14,1757,0.977358;16,1855,0.87673;16,2023,0.869182
9,10306;64,11819,0.973585;13,1034,0.922013;15,1646,0.978616;12,1393,0.866667;13,1605,0.867925
10,11036;65,12206,1;14,1315,0.900629;18,2115,0.984906;17,1943,0.883019;16,1998,0.872956
10,11488;63,11783,0.992453;16,1300,0.909434;26,2128,0.977358;15,1750,0.864151;15,1933,0.864151
10,11841;68,12611,0.992453;12,1362,0.927044;18,2288,0.976101;18,2024,0.833962;18,2216,0.836478
9,11353;66,12407,0.981132;13,1233,0.934591;17,1858,0.96478;15,1743,0.83522;14,1847,0.826415
10,11755;67,12106,0.988679;12,1206,0.910692;16,1955,0.959748;17,1867,0.821384;15,1857,0.816352
10,11729;76,12005,0.992453;15,1371,0.935849;20,2268,0.974843;15,1754,0.822642;14,1808,0.812579
10,11585;71,12435,0.991195;14,1411,0.943396;19,2217,0.959748;19,2123,0.847799;18,2246,0.847799
10,12019;64,12030,0.98239;16,1413,0.930818;18,2333,0.954717;17,2017,0.849057;18,2350,0.847799
10,11751;65,12197,0.992453;13,1287,0.924528;15,1911,0.958491;14,1690,0.851572;17,2128,0.865409
10,11867;65,12096,0.992453;13,1351,0.942138;17,2087,0.952201;17,1955,0.857862;18,2251,0.877987
11,12032;66,12308,0.996226;16,1409,0.90566;21,2532,0.969811;16,1882,0.85283;18,2273,0.875472
10,11347;65,12249,0.993711;14,1539,0.913208;20,2435,0.969811;19,2037,0.859119;18,2185,0.865409
10,11802;65,11980,0.991195;16,1567,0.909434;22,2526,0.967296;18,1939,0.854088;21,2467,0.871698
10,11450;67,12494,0.988679;14,1320,0.89434;18,2259,0.969811;18,1962,0.844025;18,2199,0.869182
10,10966;64,11910,0.973585;15,1310,0.899371;17,2003,0.962264;17,1837,0.830189;16,1990,0.866667
10,11683;64,11934,0.991195;14,1359,0.919497;20,2221,0.979874;18,1952,0.842767;18,2135,0.875472
10,11493;64,11785,0.989937;15,1371,0.92956;18,2070,0.984906;19,2026,0.855346;18,2155,0.866667
10,12063;65,11985,0.996226;13,1505,0.937107;22,2418,0.979874;20,2136,0.857862;21,2565,0.87044
10,11696;64,11991,0.994969;16,1447,0.940881;18,2221,0.979874;17,1910,0.854088;18,2307,0.866667
10,11728;65,11998,0.997484;12,1310,0.96478;17,2084,0.98239;17,1951,0.875472;17,2318,0.872956
10,11458;64,11843,0.992453;10,1155,0.948428;14,1877,0.977358;16,1759,0.854088;17,2068,0.859119
9,10340;64,11773,0.996226;11,1040,0.913208;15,1730,0.984906;13,1515,0.861635;14,1763,0.860377
11,11736;63,11666,0.986164;14,1431,0.895597;19,2097,0.969811;19,2042,0.862893;20,2301,0.864151
11,11823;65,11921,0.996226;15,1416,0.939623;19,2176,0.963522;18,2011,0.860377;18,2252,0.865409
10,11632;62,11623,0.994969;13,1251,0.935849;17,1927,0.96478;15,1733,0.850314;17,2028,0.854088
13,11848;66,12284,0.996226;16,1564,0.934591;21,2431,0.971069;19,2055,0.842767;21,2409,0.855346
12,11613;64,11923,0.998742;14,1444,0.920755;21,2511,0.952201;21,2186,0.83522;23,2632,0.857862
12,12018;66,12195,0.992453;17,1557,0.889308;21,2482,0.94717;19,2076,0.833962;21,2532,0.847799
10,11688;67,12435,0.994969;14,1514,0.922013;17,2283,0.977358;15,1855,0.842767;17,2070,0.855346
9,10989;66,12144,0.998742;14,1490,0.939623;19,2374,0.988679;20,1826,0.849057;21,2211,0.864151
10,11075;65,11983,0.989937;15,1246,0.919497;20,1996,0.991195;17,1667,0.85283;18,1873,0.880503
10,11486;65,12129,0.994969;16,1266,0.957233;17,1753,0.987421;17,1745,0.854088;18,1919,0.872956
10,11436;65,12146,0.992453;19,1287,0.942138;23,2178,0.959748;21,2011,0.860377;19,2002,0.877987
9,11687;64,11806,0.993711;16,1158,0.954717;19,1857,0.963522;17,1664,0.844025;18,1910,0.856604
10,12082;63,11415,0.988679;19,1364,0.939623;22,2096,0.962264;22,2093,0.865409;20,2179,0.827673
10,11948;65,11871,0.978616;18,1345,0.943396;22,2329,0.988679;21,2029,0.867925;23,2404,0.856604
10,11455;63,11509,0.977358;13,1117,0.92327;18,1836,0.963522;16,1610,0.842767;17,1873,0.849057
10,11602;64,11894,0.989937;20,1636,0.940881;24,2340,0.953459;24,2205,0.851572;25,2519,0.864151
10,10934;65,11933,0.989937;15,1189,0.918239;20,1989,0.966038;18,1723,0.842767;19,2056,0.869182
10,11392;63,11573,0.987421;13,1129,0.930818;18,1716,0.969811;17,1699,0.836478;17,1819,0.856604
10,11248;64,11960,0.994969;17,1475,0.939623;23,2358,0.961006;21,1958,0.812579;20,2089,0.857862
9,11318;61,11773,0.991195;16,1162,0.935849;20,1918,0.958491;17,1693,0.813836;18,1969,0.87044
9,10447;63,11748,0.997484;21,1231,0.92327;19,1914,0.950943;18,1714,0.840252;18,1928,0.875472
10,11539;66,12122,0.994969;17,1315,0.886792;19,1939,0.966038;19,1855,0.840252;20,2107,0.865409
10,11742;67,12437,0.996226;16,1315,0.932075;18,1750,0.955975;19,1828,0.851572;20,2105,0.871698
10,11028;63,11560,0.994969;15,1226,0.928302;19,1749,0.953459;17,1616,0.828931;18,1956,0.875472
9,11263;65,11915,0.984906;16,1212,0.904403;24,2160,0.96478;19,1855,0.844025;19,2008,0.87044
9,11132;65,11979,0.987421;11,999,0.869182;20,1883,0.958491;17,1656,0.851572;19,1909,0.87044
10,11511;67,12354,0.984906;13,1199,0.895597;22,2257,0.950943;20,1906,0.845283;21,2209,0.867925
9,11165;65,11993,0.986164;14,1139,0.893082;21,1934,0.973585;16,1555,0.849057;17,1860,0.867925
9,11222;66,12273,0.993711;20,1751,0.913208;26,2688,0.963522;22,1978,0.842767;23,2295,0.855346
10,11358;63,11700,0.993711;16,1474,0.910692;22,2232,0.969811;20,1900,0.851572;23,2340,0.854088
10,11932;65,12050,0.996226;16,1288,0.903145;21,2078,0.94717;20,1892,0.827673;22,2349,0.854088
10,11341;65,12151,0.996226;18,1343,0.890566;23,2269,0.934591;21,1997,0.805031;22,2243,0.811321
21,11308;65,11938,0.989937;15,1177,0.903145;22,2102,0.961006;19,1769,0.831447;21,2161,0.861635
10,11085;66,12122,0.983648;14,968,0.87673;19,1768,0.969811;15,1537,0.841509;17,1812,0.891824
11,12002;64,11758,0.996226;17,1475,0.85283;24,2403,0.949686;23,2225,0.831447;25,2650,0.87673
11,11952;62,11548,0.974843;16,1384,0.880503;23,2168,0.959748;23,2068,0.850314;26,2606,0.880503
10,11745;66,11996,0.996226;19,1349,0.925786;19,1837,0.973585;18,1779,0.866667;19,2087,0.869182
11,11827;64,11847,0.994969;17,1267,0.92327;25,2343,0.984906;21,2022,0.861635;22,2323,0.87044
10,11566;65,12110,0.996226;17,1424,0.92327;24,2340,0.973585;25,2303,0.851572;24,2488,0.851572
10,11659;63,11881,0.994969;16,1357,0.92956;22,2202,0.932075;20,1920,0.865409;20,2021,0.859119
11,12095;76,11944,0.977358;15,1386,0.910692;26,2788,0.96478;23,2211,0.841509;24,2455,0.850314
11,11885;73,11934,0.992453;18,1440,0.913208;23,2223,0.974843;23,2160,0.859119;23,2258,0.838994
10,11589;64,11914,0.996226;16,1384,0.927044;22,2113,0.973585;21,2011,0.854088;20,2069,0.850314
10,11397;63,11762,0.996226;16,1213,0.949686;18,1755,0.977358;20,1918,0.869182;20,2000,0.854088
11,11668;63,11592,0.991195;17,1446,0.942138;23,2260,0.945912;25,2325,0.861635;26,2621,0.851572
10,11346;66,12135,0.994969;13,1045,0.942138;21,1911,0.932075;17,1681,0.861635;20,2139,0.849057
11,11590;66,11991,0.969811;16,1399,0.932075;23,2256,0.934591;19,1841,0.867925;21,2235,0.87673
10,11992;68,12466,0.996226;20,1368,0.953459;21,1930,0.943396;19,1861,0.85283;22,2354,0.856604
9,10645;65,12100,0.998742;15,1018,0.954717;23,1976,0.967296;18,1727,0.855346;19,1901,0.855346
10,11204;67,12347,0.994969;11,1037,0.914465;17,1634,0.958491;19,1916,0.855346;18,1958,0.850314
10,11494;65,11823,0.997484;13,1115,0.922013;18,1666,0.950943;16,1587,0.862893;17,1818,0.837736
10,10648;64,11764,0.996226;14,1081,0.934591;18,1782,0.967296;15,1546,0.857862;17,1830,0.850314
10,11356;66,12255,0.997484;18,1507,0.94717;28,2399,0.986164;22,2017,0.87673;23,2333,0.862893
10,11570;66,12119,0.997484;23,1627,0.969811;22,2244,0.969811;21,2030,0.883019;23,2376,0.879245
10,11864;67,12374,0.991195;15,1065,0.969811;16,1639,0.968553;15,1568,0.879245;17,1900,0.87673
13,11297;65,12047,0.976101;21,1327,0.984906;19,1803,0.984906;17,1627,0.879245;18,1889,0.872956
10,10709;65,12091,0.998742;18,1354,0.950943;20,2015,0.98239;18,1716,0.883019;21,2169,0.885535
12,11841;64,11671,1;16,1388,0.952201;21,2013,0.979874;22,2074,0.871698;25,2520,0.87044
11,11245;66,12186,0.994969;19,1487,0.906918;24,2240,0.948428;21,1965,0.864151;23,2288,0.865409
11,11128;65,12245,0.992453;19,1447,0.92327;23,2296,0.966038;21,1976,0.867925;20,2147,0.87044
11,11498;65,12029,0.997484;17,1322,0.924528;23,2185,0.96478;17,1997,0.859119;17,2306,0.860377
10,10362;66,12159,0.997484;12,1226,0.934591;15,2042,0.974843;14,1808,0.87044;15,2156,0.867925
10,11054;66,12179,0.994969;11,1372,0.90566;17,2234,0.953459;17,1990,0.884277;17,2273,0.87673
10,11650;65,12129,1;16,1496,0.935849;16,2268,0.968553;18,2114,0.889308;20,2437,0.89434
10,11363;65,12028,0.998742;13,1324,0.957233;18,2284,0.977358;16,1910,0.875472;17,2230,0.879245
10,11644;64,12062,0.996226;14,1335,0.963522;16,2023,0.978616;16,1880,0.883019;17,2155,0.871698
10,11493;66,12213,0.993711;12,1330,0.94717;17,2130,0.988679;14,1708,0.87673;15,2052,0.867925
10,11772;66,12215,0.994969;12,1312,0.903145;18,2202,0.987421;14,1673,0.869182;16,2102,0.877987
10,11662;67,12592,0.996226;13,1396,0.922013;16,1979,0.967296;15,1840,0.860377;16,2139,0.872956
9,10004;65,12119,0.994969;12,1106,0.924528;15,1787,0.972327;12,1503,0.855346;12,1668,0.871698
10,11554;64,11932,0.994969;11,1277,0.955975;16,2184,0.962264;16,1987,0.857862;16,2178,0.864151
11,12129;64,12103,0.989937;13,1469,0.938365;18,2399,0.972327;18,2169,0.87673;19,2563,0.864151
10,11486;67,12533,0.996226;11,1228,0.925786;16,2145,0.967296;16,1927,0.866667;16,2119,0.857862
10,11095;66,12234,0.993711;11,1262,0.938365;16,2085,0.978616;16,1835,0.871698;18,2287,0.881761
10,11803;65,12134,0.994969;14,1349,0.927044;15,2071,0.952201;17,2029,0.886792;19,2443,0.895597
10,11746;63,11770,0.994969;11,1385,0.925786;18,2375,0.954717;17,1962,0.875472;18,2276,0.883019
10,11934;64,11841,0.996226;12,1216,0.92327;15,2004,0.953459;16,1976,0.886792;17,2110,0.896855
10,11359;65,12164,0.998742;10,1248,0.954717;15,1832,0.953459;14,1636,0.87673;14,1871,0.884277
10,11901;64,11702,0.996226;11,1144,0.939623;17,2144,0.979874;15,1859,0.865409;16,2088,0.880503
10,12078;66,12009,0.998742;14,1633,0.944654;20,2530,0.962264;21,2341,0.874214;20,2528,0.883019
10,11753;66,12325,0.992453;17,1492,0.922013;19,2405,0.966038;17,2006,0.879245;17,2220,0.885535
19,11955;66,12149,0.994969;13,1417,0.959748;16,2023,0.978616;16,1946,0.860377;18,2249,0.871698
12,10996;65,11905,0.998742;16,1532,0.948428;18,2219,0.967296;17,1913,0.860377;17,2222,0.871698
12,11227;66,12225,0.994969;15,1437,0.944654;19,2386,0.962264;18,2075,0.859119;19,2433,0.883019
12,11537;65,12014,0.994969;13,1193,0.899371;17,2114,0.957233;17,1911,0.857862;18,2172,0.884277
12,11870;65,12159,0.994969;14,1499,0.932075;20,2152,0.937107;16,1938,0.846541;17,2179,0.87044
11,11355;65,12122,0.997484;11,1181,0.909434;17,2057,0.968553;15,1855,0.855346;15,2032,0.879245
12,11592;67,12369,0.996226;11,1266,0.939623;14,1965,0.974843;14,1701,0.850314;14,1920,0.877987
12,11284;65,12133,0.992453;12,1204,0.934591;15,2020,0.966038;16,1898,0.846541;16,2246,0.881761
11,11172;67,12471,0.992453;11,1130,0.937107;15,1792,0.979874;12,1453,0.849057;13,1700,0.875472
12,11558;64,12150,0.98239;13,1511,0.933333;20,2365,0.972327;16,1993,0.83522;17,2292,0.879245
12,11425;67,12634,0.994969;18,1418,0.940881;15,1966,0.966038;15,1770,0.827673;16,2143,0.865409
12,11808;64,12102,0.998742;21,1532,0.948428;17,2146,0.98239;16,1878,0.845283;15,1949,0.865409
12,11967;66,12353,0.987421;12,1384,0.942138;18,2211,0.973585;17,2040,0.837736;19,2382,0.861635
11,11573;66,12355,0.994969;12,1107,0.92956;14,1791,0.98239;13,1703,0.844025;14,2011,0.865409
12,11753;65,12521,0.994969;16,1537,0.934591;18,2354,0.981132;17,1984,0.830189;18,2308,0.861635
11,11418;64,12285,0.997484;11,1240,0.949686;16,1894,0.988679;15,1821,0.828931;15,1974,0.85283
11,11087;75,12056,0.996226;17,1426,0.963522;17,2239,0.979874;15,1846,0.840252;16,2144,0.862893
12,11747;73,12071,0.991195;11,1234,0.952201;17,2066,0.972327;15,1825,0.826415;17,2251,0.865409
11,11491;64,11947,0.984906;10,1043,0.940881;13,1498,0.959748;13,1571,0.837736;14,1930,0.867925
10,11010;66,12172,0.969811;10,1071,0.950943;13,1614,0.978616;12,1481,0.836478;12,1674,0.855346
9,11191;66,12221,0.997484;14,1370,0.930818;17,2185,0.976101;17,1977,0.83522;18,2357,0.855346
9,11459;65,12040,0.996226;11,1277,0.957233;15,1924,0.971069;14,1751,0.841509;16,2080,0.861635
10,11756;64,11865,0.981132;12,1342,0.953459;19,2304,0.976101;17,1989,0.850314;18,2246,0.879245
9,11072;65,12065,0.994969;13,1383,0.957233;18,2269,0.986164;19,1996,0.864151;17,2137,0.88805
10,11805;65,12216,0.998742;14,1394,0.928302;18,2312,0.983648;17,2076,0.867925;17,2224,0.889308
9,11039;67,12328,0.992453;12,1385,0.922013;16,2018,0.94717;16,1872,0.862893;17,2246,0.879245
9,10814;65,12003,0.963522;11,1132,0.909434;15,1862,0.968553;16,1958,0.860377;16,2129,0.877987
9,11519;68,12731,0.993711;13,1305,0.916981;15,1975,0.94717;16,1994,0.854088;18,2319,0.875472
9,10502;65,12205,0.992453;11,1250,0.920755;16,1901,0.962264;16,1907,0.875472;16,2058,0.879245
10,11654;64,12101,0.994969;12,1362,0.889308;17,2014,0.932075;18,2168,0.872956;18,2394,0.874214
10,11095;63,11926,0.994969;12,1294,0.916981;16,2216,0.968553;15,1844,0.866667;16,2164,0.877987
10,11307;66,12405,0.993711;16,1218,0.934591;14,1738,0.989937;13,1596,0.875472;13,1848,0.886792
10,11978;65,11892,0.979874;13,1335,0.942138;17,2292,0.978616;18,2163,0.838994;19,2484,0.865409
10,11818;63,11619,0.989937;12,1384,0.933333;17,2311,0.98239;15,1874,0.823899;16,2150,0.857862
10,11525;67,12493,0.987421;17,1632,0.938365;20,2391,0.98239;18,2111,0.83522;18,2475,0.880503
9,11429;63,12006,0.993711;16,1442,0.945912;17,2105,0.979874;15,1845,0.827673;16,2095,0.886792
10,11830;67,12433,0.994969;12,1296,0.949686;17,2096,0.977358;17,1961,0.822642;17,2152,0.869182
9,10710;64,11983,0.987421;11,1255,0.952201;17,2034,0.984906;13,1597,0.854088;16,2124,0.881761
10,11777;66,12364,0.996226;14,1404,0.953459;16,2206,0.978616;14,1758,0.847799;15,2030,0.871698
10,11856;64,11769,0.993711;15,1389,0.932075;21,2124,0.963522;13,1771,0.849057;16,2204,0.886792
9,10835;66,12222,0.993711;13,1215,0.92956;16,1934,0.974843;14,1725,0.856604;15,1997,0.885535
10,11839;65,12049,1;11,1194,0.958491;15,1902,0.983648;14,1729,0.864151;15,1983,0.889308
10,11442;65,11986,0.98239;12,1129,0.958491;14,1760,0.976101;13,1673,0.857862;13,1772,0.874214
9,11386;65,12150,0.988679;8,1033,0.957233;14,1570,0.977358;12,1473,0.864151;13,1679,0.872956
6,11955;66,12250,1;13,1341,0.955975;17,2206,0.98239;15,1891,0.841509;16,2101,0.860377
9,11330;66,12284,0.993711;14,1240,0.934591;17,2051,0.962264;16,1829,0.81761;17,2104,0.855346
10,11630;65,12040,0.991195;13,1194,0.92956;20,2090,0.961006;18,1939,0.832704;17,2171,0.849057
9,10684;65,12082,0.993711;13,1328,0.937107;16,1959,0.966038;15,1835,0.85283;16,1949,0.85283
9,11223;64,12000,0.989937;12,1343,0.958491;17,2312,0.983648;15,1930,0.844025;17,2223,0.846541
9,11624;62,11648,0.987421;13,1283,0.930818;24,2171,0.978616;19,2056,0.847799;19,2263,0.859119
10,11988;66,12277,0.98239;29,1599,0.900629;19,2315,0.958491;19,2088,0.811321;20,2498,0.846541
9,11273;65,12134,0.98239;11,1015,0.922013;13,1583,0.94717;13,1487,0.810063;14,1777,0.865409
10,11770;64,12163,0.986164;15,1537,0.945912;20,2248,0.958491;18,1928,0.833962;19,2345,0.867925
10,11263;65,12156,0.988679;13,1250,0.915723;16,1885,0.962264;15,1671,0.83522;16,1975,0.860377
10,11405;66,12139,0.989937;16,1504,0.932075;19,2184,0.973585;16,1786,0.840252;17,2022,0.867925
9,10881;65,12108,0.991195;15,1330,0.939623;18,2199,0.961006;19,1997,0.845283;20,2374,0.87673
10,11397;66,12308,0.989937;11,1153,0.934591;18,1878,0.958491;16,1763,0.83522;17,2032,0.859119
10,11495;62,11634,0.992453;15,1229,0.924528;18,1959,0.969811;15,1743,0.851572;16,1932,0.855346
11,11939;66,12120,0.994969;12,1255,0.940881;17,1956,0.971069;16,1810,0.867925;15,1899,0.857862
10,11169;64,11851,0.994969;13,1315,0.930818;17,2058,0.938365;16,1851,0.860377;18,2145,0.855346
9,10922;65,11923,0.994969;13,1327,0.938365;16,1926,0.949686;15,1693,0.872956;15,1874,0.865409
9,10527;64,11876,0.993711;19,1198,0.954717;20,1942,0.968553;15,1662,0.891824;16,1884,0.875472
10,11288;65,12144,0.998742;15,1455,0.943396;20,2217,0.969811;18,1963,0.88805;19,2186,0.898113
10,11096;63,12007,0.996226;14,1282,0.961006;14,1867,0.969811;13,1704,0.880503;15,1847,0.891824
10,11557;66,12266,0.997484;13,1351,0.953459;17,2217,0.972327;16,1923,0.875472;16,2171,0.883019
10,11220;65,11981,0.998742;12,1310,0.949686;16,2096,0.977358;15,1786,0.859119;15,1982,0.87044
11,11851;64,11975,1;15,1282,0.958491;16,1945,0.989937;15,1825,0.861635;15,2092,0.864151
11,11284;65,12087,0.998742;10,1008,0.920755;14,1712,0.983648;15,1875,0.862893;15,1956,0.866667
11,11475;64,11876,0.978616;13,1079,0.900629;43,1991,0.983648;14,1748,0.857862;14,1836,0.861635
11,11868;65,12123,0.996226;12,1121,0.918239;13,1720,0.984906;15,1817,0.860377;15,2069,0.860377
11,11704;64,11804,1;11,1141,0.930818;14,1899,0.991195;15,1773,0.880503;17,2188,0.879245
10,10960;65,12199,0.997484;12,1120,0.933333;13,1756,0.978616;14,1723,0.875472;14,1977,0.87044
11,11378;65,12244,0.998742;13,1298,0.920755;16,2087,0.969811;17,2068,0.872956;18,2282,0.883019
10,10744;74,12262,0.994969;11,1163,0.903145;15,1986,0.984906;15,1901,0.851572;16,2199,0.864151
10,11356;74,11722,1;11,1284,0.930818;21,2167,0.969811;15,1799,0.864151;16,2184,0.877987
9,10849;65,12084,1;13,1070,0.944654;12,1545,0.949686;13,1618,0.861635;14,1849,0.871698
10,11708;63,11822,0.998742;12,1229,0.954717;16,2030,0.971069;16,1958,0.857862;16,2107,0.87673
10,11859;66,12228,0.986164;13,1433,0.932075;18,2249,0.969811;19,2224,0.85283;19,2482,0.844025
10,11910;66,12316,0.996226;16,1561,0.959748;18,2135,0.963522;18,2172,0.867925;17,2246,0.850314
10,11389;64,11987,0.994969;11,1297,0.945912;17,2090,0.958491;16,1988,0.864151;17,2295,0.849057
9,11112;62,11684,0.996226;11,1144,0.940881;14,1765,0.971069;14,1735,0.871698;16,2062,0.871698
10,11637;66,12112,0.998742;13,1304,0.938365;15,1818,0.987421;15,1769,0.866667;15,2069,0.87044
10,11995;66,12336,0.997484;14,1260,0.938365;16,1924,0.984906;14,1748,0.855346;15,1999,0.867925
10,11009;65,12178,1;11,1197,0.918239;17,2090,0.98239;15,1865,0.87044;17,2184,0.865409
9,11057;62,11693,0.997484;11,1076,0.92327;13,1510,0.973585;12,1627,0.881761;14,1863,0.879245
10,11800;65,12077,0.996226;9,1082,0.938365;15,1770,0.974843;16,1900,0.886792;16,2024,0.883019
10,11795;64,11907,0.998742;12,1344,0.938365;18,2278,0.976101;16,1983,0.896855;19,2461,0.885535
9,10283;66,12392,0.998742;11,1097,0.935849;13,1600,0.962264;14,1703,0.879245;14,1888,0.883019
10,11523;70,12501,0.988679;16,1407,0.969811;14,1791,0.954717;15,1835,0.88805;15,2041,0.88805
10,11314;65,12169,0.997484;10,1089,0.943396;14,1678,0.957233;15,1811,0.862893;14,1973,0.849057
10,11548;65,11934,0.993711;11,1091,0.92956;16,1826,0.952201;14,1669,0.864151;14,1831,0.83522
10,11755;65,12045,0.998742;17,1308,0.925786;17,2038,0.944654;15,1866,0.872956;16,2116,0.844025
9,11258;65,12077,1;13,1201,0.922013;14,1731,0.945912;13,1672,0.85283;16,1982,0.823899
9,10762;66,12507,1;12,1129,0.952201;14,1717,0.972327;12,1563,0.867925;12,1663,0.854088
9,10827;63,11679,1;10,1141,0.934591;14,1824,0.950943;13,1589,0.842767;14,1826,0.841509
9,11391;64,11698,0.992453;12,1138,0.954717;15,1761,0.976101;13,1580,0.869182;15,1994,0.865409
9,11351;66,12329,1;12,1290,0.968553;16,1958,0.969811;15,1785,0.851572;16,2111,0.851572
10,11436;64,11933,0.997484;16,1597,0.94717;22,2692,0.984906;19,2194,0.823899;20,2620,0.825157
9,10729;65,12210,0.994969;14,1493,0.927044;20,2367,0.988679;17,1943,0.850314;17,2137,0.85283
9,11021;64,11877,0.996226;13,1298,0.949686;16,2093,0.983648;15,1848,0.836478;16,2032,0.847799
9,10866;66,12343,0.994969;10,970,0.918239;14,1734,0.969811;14,1733,0.851572;14,1875,0.861635
10,11606;65,12053,0.994969;11,1165,0.935849;14,1793,0.974843;14,1681,0.857862;15,1973,0.857862
9,10906;66,12274,0.998742;10,1001,0.94717;18,1772,0.977358;12,1504,0.860377;12,1579,0.869182
9,11331;64,11845,0.998742;12,1274,0.967296;19,1973,0.986164;15,1827,0.856604;14,1889,0.855346
9,11148;64,12085,0.988679;11,1067,0.943396;16,1864,0.96478;13,1602,0.840252;13,1847,0.842767
9,11426;65,12115,0.993711;13,1320,0.930818;16,2070,0.959748;16,1862,0.832704;16,2048,0.825157
9,11503;64,12070,0.992453;13,1367,0.953459;15,1881,0.968553;13,1604,0.857862;16,2043,0.862893
10,11811;64,11926,0.998742;14,1145,0.978616;15,1753,0.988679;14,1747,0.857862;14,1929,0.867925
10,11917;65,12010,0.993711;13,1200,0.948428;19,2044,0.981132;17,2036,0.851572;18,2314,0.871698
9,11325;64,12056,0.986164;14,1351,0.969811;17,2099,0.983648;14,1741,0.856604;14,1934,0.871698
9,10865;64,11961,0.996226;12,1191,0.953459;17,2061,0.978616;13,1610,0.847799;14,1877,0.857862
9,11111;64,12065,1;12,1310,0.96478;19,2154,0.988679;16,1829,0.85283;17,2226,0.854088
9,10819;64,11961,1;13,1256,0.924528;16,1991,0.979874;16,1899,0.854088;15,2014,0.859119
17,10896;65,12161,1;12,951,0.934591;16,1796,0.991195;15,1770,0.854088;14,1823,0.861635
8,9502;65,12065,0.997484;11,875,0.943396;13,1391,0.989937;10,1282,0.869182;11,1445,0.874214
8,9235;64,12136,1;7,683,0.944654;12,1226,0.989937;9,1084,0.864151;8,1083,0.880503
8,9159;66,12111,0.998742;10,726,0.959748;8,1049,0.996226;7,932,0.865409;9,1248,0.87673
7,8297;65,12177,1;7,604,0.971069;7,852,0.989937;5,694,0.85283;6,809,0.87044
6,7447;64,11933,0.993711;5,495,0.971069;5,609,0.976101;5,661,0.857862;6,831,0.874214
4,4583;65,12139,1;4,290,0.961006;4,400,0.969811;2,335,0.857862;3,384,0.87673
4,5174;64,11967,1;3,233,0.967296;5,359,0.979874;3,379,0.855346;3,434,0.877987
4,4330;69,12525,1;8,251,0.969811;5,394,0.987421;2,269,0.859119;2,302,0.884277
3,3950;68,12583,1;6,222,0.974843;4,341,0.983648;2,250,0.85283;2,327,0.877987
3,4075;66,12442,0.996226;3,180,0.972327;3,297,0.983648;2,266,0.854088;2,335,0.884277
3,4199;66,12319,1;3,209,0.973585;3,326,0.984906;2,333,0.861635;2,369,0.883019
3,3305;65,12132,1;3,150,0.974843;2,188,0.992453;1,181,0.861635;1,216,0.881761
1,1800;66,12442,1;2,90,0.973585;2,131,0.992453;1,124,0.860377;0,117,0.880503
1,1942;64,12152,1;2,136,0.973585;6,223,0.992453;1,151,0.864151;1,179,0.883019
1,921;63,11728,1;0,27,0.973585;0,36,0.992453;0,58,0.864151;0,63,0.884277
0,919;64,12034,1;0,23,0.973585;0,33,0.992453;0,40,0.864151;0,50,0.884277
0,919;68,12180,0.994969;0,25,0.973585;0,28,0.992453;0,40,0.864151;0,50,0.884277
0,919;76,12267,0.998742;0,25,0.973585;0,34,0.992453;0,40,0.864151;0,50,0.884277
0,919;70,12269,1;0,24,0.973585;0,31,0.992453;0,40,0.864151;0,49,0.884277
0,919;66,12214,1;0,23,0.973585;0,40,0.992453;0,40,0.864151;0,50,0.884277
