11,12561;42,12579,0.994969;22,6112,0.976101;28,8028,0.992453;39,6784,0.974843;33,7040,0.98239
12,12622;43,12620,0.994969;15,3410,0.952201;19,5006,0.983648;23,4179,0.92956;23,4653,0.927044
12,12643;42,12520,0.987421;18,3440,0.932075;22,5184,0.969811;26,4369,0.872956;26,5124,0.925786
12,12717;42,12594,0.991195;18,4040,0.904403;27,6135,0.98239;32,5186,0.859119;34,6086,0.92956
12,12675;44,13227,0.994969;17,3587,0.924528;25,5928,0.972327;32,5245,0.802516;29,5822,0.920755
12,12678;44,13076,0.993711;18,3837,0.934591;24,6028,0.984906;31,5002,0.821384;27,5501,0.91195
12,12687;43,12745,0.994969;27,4083,0.891824;25,6234,0.963522;36,5663,0.827673;30,6106,0.92956
12,12700;42,12799,0.994969;19,4152,0.909434;26,6566,0.984906;34,5577,0.884277;31,6216,0.94717
12,12717;51,13317,0.988679;20,4302,0.879245;27,6908,0.962264;32,5251,0.869182;34,6656,0.953459
12,12687;55,13002,0.987421;19,4198,0.920755;26,6453,0.974843;32,5388,0.866667;32,6262,0.938365
12,12692;42,12463,0.996226;20,4101,0.92956;25,6051,0.972327;31,4952,0.844025;29,5684,0.930818
12,12714;43,12677,0.992453;19,4085,0.904403;27,6474,0.977358;38,5465,0.889308;32,6375,0.955975
12,12665;43,12611,0.996226;19,3922,0.900629;24,6203,0.977358;37,5167,0.904403;28,5458,0.910692
12,12657;42,12679,0.988679;16,3559,0.928302;25,5960,0.979874;42,4741,0.890566;30,5965,0.934591
12,12637;39,12801,0.997484;18,3842,0.939623;25,5847,0.976101;25,4336,0.872956;29,5665,0.927044
12,12663;44,13004,0.989937;18,3932,0.89434;25,6256,0.972327;30,4896,0.893082;29,5745,0.933333
12,12644;44,12624,0.992453;16,3503,0.935849;24,5918,0.977358;27,4372,0.866667;26,5187,0.932075
12,12616;40,12665,0.994969;17,3349,0.934591;20,4873,0.971069;27,4405,0.886792;28,5558,0.928302
12,12622;43,12571,0.986164;16,3524,0.922013;24,5634,0.969811;29,4561,0.898113;30,5916,0.932075
12,12597;42,12223,0.988679;16,3190,0.889308;22,5299,0.959748;26,4165,0.875472;31,5382,0.924528
12,12655;43,12512,0.988679;16,3582,0.900629;23,5677,0.976101;28,4398,0.869182;27,5404,0.919497
12,12650;44,12600,0.992453;16,3658,0.92956;23,5756,0.952201;28,4518,0.871698;30,5954,0.924528
12,12616;48,12515,0.984906;15,3379,0.899371;21,5449,0.959748;28,4515,0.851572;29,5882,0.915723
12,12610;41,12232,0.972327;16,3466,0.910692;24,5852,0.922013;28,4464,0.838994;29,5866,0.91195
12,12615;42,12698,0.988679;15,3399,0.875472;23,5665,0.948428;30,4611,0.836478;33,6454,0.901887
12,12634;40,12175,0.989937;15,3379,0.890566;21,5382,0.962264;27,4293,0.87044;30,6072,0.925786
12,12619;38,13015,0.996226;16,3360,0.900629;21,5232,0.950943;27,4199,0.822642;29,5642,0.901887
12,12607;37,12325,0.993711;14,3095,0.904403;21,5163,0.950943;25,4113,0.840252;28,5649,0.915723
12,12596;38,12617,0.983648;15,3259,0.90566;23,5476,0.981132;27,4383,0.87673;26,5250,0.933333
13,12620;40,12914,0.988679;15,3179,0.90566;21,5235,0.973585;25,4128,0.895597;27,5561,0.928302
12,12584;37,12463,0.987421;14,2895,0.895597;19,4765,0.954717;25,3981,0.864151;27,5411,0.927044
12,12583;38,12317,0.981132;15,3045,0.896855;24,5190,0.98239;23,4041,0.87044;24,5257,0.922013
12,12664;43,12574,0.993711;15,3509,0.89434;31,5693,0.966038;26,4407,0.840252;28,5870,0.916981
12,12586;44,13121,0.986164;14,3270,0.915723;20,5122,0.976101;24,4040,0.879245;25,5348,0.932075
12,12599;43,12666,0.977358;13,3064,0.889308;20,5076,0.952201;25,4244,0.855346;28,5783,0.925786
12,12634;44,13170,0.992453;17,3528,0.895597;22,5535,0.934591;29,4868,0.87673;28,5734,0.919497
12,12562;38,12804,0.991195;15,3202,0.920755;19,4758,0.957233;23,4022,0.842767;25,5248,0.904403
12,12572;38,12599,0.993711;14,3170,0.91195;20,5139,0.948428;25,4159,0.823899;25,5344,0.906918
12,12612;39,12611,0.988679;15,3316,0.903145;21,5290,0.971069;26,4263,0.81761;28,5757,0.896855
12,12634;38,12553,0.983648;16,3488,0.890566;22,5446,0.955975;28,4523,0.845283;30,6345,0.913208
12,12614;40,13056,0.988679;14,3124,0.851572;20,5145,0.950943;25,4161,0.805031;27,5742,0.88805
12,12615;39,12959,0.986164;14,3205,0.85283;22,5639,0.953459;39,4597,0.842767;29,6114,0.89434
12,12587;40,13115,0.989937;15,3396,0.869182;22,5383,0.933333;27,4320,0.816352;29,6040,0.898113
12,12603;38,12886,0.987421;14,3204,0.891824;21,5315,0.945912;27,4485,0.81761;28,5884,0.904403
12,12634;37,12694,0.983648;16,3728,0.872956;23,6010,0.953459;29,4607,0.810063;29,6120,0.899371
12,12657;40,13332,0.974843;15,3453,0.862893;22,5743,0.950943;31,4906,0.816352;31,6333,0.909434
12,12638;39,12890,0.981132;15,3424,0.854088;22,5626,0.937107;29,4559,0.832704;31,6329,0.913208
12,12601;39,12733,0.984906;13,2999,0.880503;26,5138,0.96478;25,4139,0.841509;26,5653,0.908176
22,12597;33,12386,0.981132;15,3476,0.875472;22,5470,0.959748;28,4447,0.796226;30,6225,0.904403
12,12625;37,13003,0.979874;17,3747,0.883019;22,6024,0.939623;27,4457,0.779874;29,6240,0.900629
12,12622;38,12921,0.987421;16,3675,0.889308;24,6375,0.952201;30,4667,0.769811;33,6894,0.904403
12,12634;39,13076,0.993711;16,3607,0.895597;24,6015,0.967296;33,4948,0.810063;31,6348,0.913208
12,12649;40,13073,0.967296;16,3429,0.875472;22,5896,0.963522;27,4512,0.864151;26,5864,0.920755
12,12599;37,12326,0.971069;18,3575,0.875472;22,5350,0.953459;30,4557,0.851572;30,5828,0.927044
12,12595;38,12589,0.972327;16,3430,0.866667;24,6077,0.944654;31,4650,0.857862;32,6309,0.915723
12,12594;37,12364,0.986164;16,3555,0.875472;22,5559,0.952201;28,4342,0.849057;30,5893,0.893082
12,12615;39,12915,0.978616;15,3236,0.832704;23,5712,0.943396;30,4805,0.81761;30,5960,0.908176
12,12619;63,12555,0.974843;15,3512,0.859119;32,5758,0.935849;28,4624,0.831447;30,5846,0.920755
12,12597;43,12742,0.98239;16,3441,0.859119;22,5302,0.896855;25,3959,0.808805;30,6055,0.918239
12,12578;44,12996,0.968553;16,3389,0.845283;23,5874,0.945912;29,4314,0.786164;31,6085,0.89434
12,12620;38,13004,0.972327;16,3607,0.87044;24,6049,0.942138;46,4776,0.805031;34,6607,0.899371
12,12598;39,13319,0.984906;15,3366,0.83522;23,5662,0.930818;31,4684,0.806289;33,6430,0.906918
12,12684;40,13148,0.976101;19,3935,0.851572;24,6095,0.932075;33,4867,0.788679;44,6751,0.880503
12,12645;40,13614,0.984906;17,3932,0.841509;24,6306,0.943396;32,4690,0.796226;37,7028,0.909434
12,12615;39,13172,0.983648;17,3951,0.862893;17,6546,0.945912;32,5051,0.830189;36,6914,0.915723
12,12656;39,13188,0.984906;16,3697,0.849057;25,6178,0.955975;31,4735,0.805031;34,6713,0.919497
12,12695;39,13129,0.972327;17,3802,0.886792;25,6438,0.958491;33,4852,0.822642;33,6730,0.915723
12,12628;39,12964,0.983648;15,3208,0.872956;22,5709,0.952201;28,4518,0.844025;29,6052,0.918239
12,12621;40,13054,0.987421;16,3393,0.881761;22,5701,0.963522;29,4768,0.838994;30,6395,0.915723
12,12629;53,12900,0.973585;17,3918,0.87673;24,6163,0.963522;30,4695,0.857862;32,6638,0.909434
12,12604;43,13004,0.993711;16,3630,0.906918;21,5629,0.974843;29,4540,0.841509;31,6346,0.924528
12,12633;43,12965,0.98239;14,3273,0.859119;23,5976,0.944654;29,4557,0.837736;31,6561,0.900629
12,12608;41,12416,0.978616;15,3601,0.838994;22,5867,0.953459;30,4702,0.803774;32,6260,0.91195
12,12621;43,12831,0.986164;16,3572,0.856604;23,5797,0.938365;29,4533,0.831447;38,6314,0.910692
12,12670;43,13117,0.988679;17,3800,0.903145;24,6183,0.943396;30,4703,0.811321;38,6264,0.898113
12,12614;41,12783,0.98239;15,3440,0.871698;23,5792,0.937107;27,4322,0.808805;29,5967,0.909434
12,12663;42,12849,0.976101;18,3812,0.90566;24,6010,0.958491;30,4765,0.847799;31,6334,0.910692
12,12648;44,13254,0.977358;17,3376,0.847799;23,5921,0.955975;30,4651,0.845283;33,6451,0.91195
12,12614;43,13191,0.986164;15,3429,0.891824;23,5753,0.976101;43,4693,0.856604;36,6079,0.916981
12,12634;43,12988,0.989937;22,3488,0.893082;26,5496,0.962264;33,4596,0.893082;35,5877,0.922013
13,12589;42,12829,0.984906;15,3373,0.864151;24,5725,0.948428;27,4535,0.854088;29,6032,0.90566
13,12659;38,12688,0.984906;15,3611,0.880503;24,6042,0.962264;31,4771,0.840252;30,6367,0.898113
12,12608;38,12900,0.989937;15,3368,0.893082;21,5587,0.94717;27,4409,0.846541;28,5714,0.893082
12,12612;35,12556,0.979874;14,3307,0.898113;23,5744,0.966038;35,4484,0.85283;31,6117,0.91195
12,12610;38,12732,0.991195;17,3395,0.895597;23,5656,0.959748;30,4639,0.867925;30,5996,0.924528
12,12687;42,12766,0.993711;16,3437,0.900629;24,5867,0.969811;29,4696,0.874214;30,6150,0.927044
13,12625;42,12663,0.981132;17,3535,0.913208;23,5519,0.954717;28,4413,0.877987;29,5846,0.914465
12,12632;42,12874,0.988679;16,3444,0.871698;24,5867,0.968553;29,4717,0.860377;30,6029,0.91195
13,12622;41,13040,0.991195;29,3577,0.899371;26,5974,0.966038;31,4919,0.840252;35,6092,0.920755
13,12669;40,12903,0.991195;17,3700,0.879245;24,5935,0.962264;31,4877,0.85283;29,5846,0.898113
12,12613;32,12785,0.984906;15,3423,0.91195;23,5754,0.981132;27,4385,0.83522;29,5975,0.908176
12,12627;27,13102,0.988679;17,3555,0.895597;24,5892,0.945912;28,4672,0.860377;27,5861,0.915723
12,12649;45,12547,0.984906;16,3434,0.881761;22,5310,0.924528;29,4669,0.890566;27,5386,0.908176
21,12665;44,13110,0.979874;17,3511,0.884277;25,5904,0.919497;31,4876,0.869182;31,6114,0.890566
12,12634;41,12743,0.988679;16,3461,0.855346;23,5710,0.954717;30,4716,0.837736;31,6207,0.874214
12,12607;48,13538,0.984906;17,3824,0.914465;23,5777,0.972327;30,4999,0.862893;30,6304,0.899371
13,12630;44,13596,0.987421;15,3344,0.89434;23,5837,0.971069;29,4618,0.867925;30,6107,0.898113
12,12611;45,13270,0.991195;17,3435,0.861635;24,5782,0.966038;28,4535,0.850314;29,5959,0.90566
12,12602;44,13497,0.993711;15,3443,0.861635;24,5849,0.948428;28,4622,0.856604;31,6281,0.900629
12,12629;39,12908,0.989937;20,3602,0.884277;25,5992,0.971069;28,4605,0.851572;31,6351,0.906918
12,12664;39,13165,0.991195;15,3514,0.875472;24,5849,0.969811;29,4855,0.883019;30,6288,0.930818
12,12654;39,13030,0.993711;16,3711,0.922013;23,5990,0.978616;29,4817,0.864151;29,6059,0.908176
12,12647;40,13183,0.981132;16,3444,0.860377;22,5500,0.963522;28,4800,0.891824;29,6071,0.92327
12,12605;38,12563,0.986164;16,3347,0.916981;31,5773,0.957233;36,4029,0.856604;27,5658,0.930818
12,12625;38,12504,0.978616;16,3445,0.927044;23,5599,0.974843;27,4415,0.875472;26,5152,0.89434
12,12640;38,12525,0.981132;16,3326,0.877987;24,5770,0.973585;27,4551,0.877987;28,5651,0.932075
12,12649;38,12606,0.992453;16,3329,0.906918;22,5243,0.98239;25,4310,0.893082;26,5269,0.934591
12,12613;38,12368,0.986164;15,3031,0.891824;21,4722,0.959748;23,3866,0.866667;25,4899,0.901887
12,12608;42,12332,0.998742;14,3046,0.925786;21,4757,0.981132;22,4123,0.886792;21,4861,0.909434
12,12598;38,12417,0.991195;16,3117,0.909434;21,4770,0.962264;22,4008,0.820126;23,4880,0.880503
12,12577;40,13036,0.991195;15,3172,0.91195;19,4735,0.950943;22,3858,0.825157;23,4890,0.87673
13,12625;38,12540,0.992453;14,3215,0.918239;22,5408,0.981132;35,4233,0.812579;25,5150,0.864151
12,12589;40,13100,0.996226;14,2962,0.893082;20,4953,0.963522;24,4145,0.821384;26,5386,0.904403
13,12581;39,12570,0.978616;14,2986,0.918239;21,4994,0.953459;24,4065,0.83522;39,5171,0.890566
13,12639;40,13227,0.992453;17,3324,0.874214;22,5363,0.953459;26,4360,0.821384;26,5355,0.896855
13,12611;38,12688,0.992453;15,3241,0.901887;22,4978,0.973585;26,4495,0.857862;25,5185,0.898113
14,12596;39,12837,0.992453;16,3316,0.903145;22,5279,0.987421;26,4446,0.861635;26,5203,0.893082
13,12592;40,12926,0.993711;15,3190,0.910692;20,4847,0.971069;26,4279,0.879245;25,5190,0.885535
13,12640;39,12817,0.989937;15,3368,0.895597;21,5303,0.972327;31,4524,0.860377;26,5655,0.898113
12,12633;38,12619,0.989937;14,3343,0.901887;20,5169,0.957233;24,4284,0.854088;25,5304,0.918239
12,12600;39,12502,0.988679;14,3138,0.904403;20,4891,0.967296;22,4050,0.823899;24,5062,0.909434
12,12630;47,13055,0.983648;13,2936,0.90566;20,4993,0.966038;24,4349,0.865409;25,5348,0.899371
12,12617;38,12638,0.986164;16,3335,0.925786;21,5272,0.968553;21,3927,0.846541;29,5080,0.901887
13,12624;39,12811,0.983648;20,3355,0.913208;26,5218,0.957233;30,4447,0.851572;42,4988,0.916981
12,12602;39,12780,0.984906;18,3085,0.935849;25,4846,0.977358;23,3912,0.881761;22,4903,0.922013
12,12598;38,12469,0.992453;27,2855,0.900629;21,4736,0.959748;21,3917,0.885535;23,4887,0.91195
12,12612;47,12329,0.968553;15,3029,0.908176;19,4719,0.942138;21,3907,0.849057;22,4592,0.859119
13,12622;43,12642,0.994969;16,3355,0.933333;21,5334,0.961006;24,4308,0.842767;24,5210,0.883019
12,12625;43,12691,0.978616;13,3076,0.919497;20,5128,0.979874;23,4321,0.861635;22,4802,0.89434
12,12646;44,12810,0.98239;14,3295,0.922013;21,5241,0.974843;23,4179,0.826415;23,4968,0.874214
12,12565;43,12345,0.998742;14,2984,0.910692;19,4762,0.968553;21,3860,0.83522;20,4317,0.871698
12,12599;41,12012,0.996226;13,2785,0.918239;18,4497,0.962264;21,3877,0.864151;21,4433,0.885535
12,12561;42,12237,0.993711;12,2737,0.938365;17,4157,0.96478;32,3652,0.891824;20,4047,0.903145
12,12574;43,12320,0.997484;13,2529,0.919497;21,4150,0.943396;20,3501,0.900629;20,3974,0.895597
12,12585;41,12148,0.989937;15,2891,0.94717;20,4509,0.963522;31,3350,0.862893;20,3994,0.889308
12,12597;41,11885,0.978616;15,3040,0.92956;20,4582,0.962264;23,3909,0.859119;23,4713,0.871698
12,12588;25,12454,0.987421;15,3005,0.88805;22,4955,0.976101;22,3852,0.850314;23,4531,0.872956
12,12601;42,12111,0.993711;15,2946,0.938365;21,4796,0.971069;23,3837,0.880503;23,4618,0.908176
16,12598;43,12758,0.991195;14,2720,0.867925;20,4653,0.954717;23,3915,0.85283;23,4718,0.883019
12,12589;44,12512,0.989937;14,2778,0.89434;21,4466,0.962264;22,3850,0.850314;25,4950,0.88805
12,12606;35,12651,0.989937;15,3099,0.890566;20,4425,0.934591;25,4205,0.827673;24,4825,0.859119
12,12582;44,12694,0.993711;16,3045,0.915723;22,4946,0.966038;23,3968,0.865409;22,4496,0.875472
12,12545;36,12618,0.993711;15,2815,0.900629;19,4411,0.983648;21,3696,0.837736;20,4077,0.885535
12,12599;41,12448,0.98239;14,2856,0.91195;20,4662,0.971069;22,3940,0.831447;22,4634,0.880503
12,12562;44,12732,0.988679;17,2765,0.872956;20,4728,0.957233;23,3914,0.832704;22,4529,0.867925
12,12587;43,12590,0.983648;15,3089,0.886792;21,4811,0.967296;23,4164,0.820126;24,4908,0.867925
12,12578;43,12603,0.981132;16,2982,0.883019;21,4973,0.966038;21,3785,0.812579;21,4322,0.840252
19,12588;39,12657,0.988679;13,2903,0.908176;18,4409,0.953459;21,3796,0.825157;21,4629,0.855346
12,12596;45,12712,0.996226;13,2892,0.910692;19,4664,0.952201;21,3760,0.840252;22,4698,0.884277
12,12615;38,12501,0.993711;14,2817,0.899371;20,4637,0.954717;22,3859,0.827673;23,4689,0.869182
12,12602;38,12316,0.988679;14,2988,0.928302;19,4650,0.971069;22,3934,0.845283;22,4534,0.872956
12,12597;39,12603,0.983648;13,2697,0.891824;20,4740,0.953459;21,3780,0.832704;22,4541,0.867925
12,12510;39,12732,0.983648;14,2977,0.903145;19,4722,0.953459;24,4122,0.838994;25,5200,0.875472
12,12547;38,12513,0.992453;14,2760,0.898113;20,4812,0.971069;22,3906,0.808805;23,4764,0.891824
12,12560;40,12850,0.991195;13,2813,0.922013;19,4624,0.973585;21,3852,0.83522;20,4470,0.88805
12,12566;41,12221,0.996226;14,2947,0.930818;19,4809,0.976101;21,3845,0.841509;23,4710,0.877987
12,12533;42,12597,0.984906;13,2864,0.94717;18,4392,0.977358;20,3624,0.844025;21,4400,0.869182
12,12357;42,12542,0.993711;11,2265,0.891824;16,3798,0.958491;17,3209,0.845283;19,3979,0.890566
12,12245;43,12525,0.994969;10,2089,0.903145;15,3389,0.978616;16,2968,0.857862;18,3777,0.910692
12,12210;43,12754,0.984906;10,1842,0.91195;15,3249,0.958491;15,2754,0.815094;20,3600,0.880503
11,11750;45,12977,0.992453;9,1808,0.937107;12,2702,0.969811;12,2201,0.81761;14,3126,0.890566
10,10328;43,12820,0.991195;7,1185,0.948428;9,2021,0.962264;8,1506,0.821384;10,2251,0.88805
8,8738;42,12476,0.991195;5,867,0.92956;7,1608,0.968553;7,1284,0.818868;7,1667,0.880503
8,8268;43,12482,0.994969;4,601,0.939623;6,1181,0.966038;5,930,0.810063;6,1391,0.885535
6,6179;47,12709,0.993711;3,403,0.950943;4,679,0.972327;2,514,0.815094;3,765,0.880503
4,4202;41,12474,0.989937;2,251,0.950943;3,373,0.983648;1,324,0.815094;2,493,0.881761
1,1500;44,12903,0.968553;1,106,0.950943;2,297,0.983648;1,185,0.813836;1,233,0.880503
1,1211;43,12855,0.993711;1,66,0.955975;1,104,0.98239;0,72,0.812579;0,118,0.880503
