266,210925;916,211627,1;270,39695,0.967385;311,49921,0.993692;616,37953,0.970154;593,49779,0.998308
260,211480;910,212198,1;233,19903,0.95;274,28742,0.990769;384,22481,0.947538;415,34181,0.961385
280,211564;906,210163,1;256,20661,0.948308;286,29018,0.993846;410,23090,0.937077;421,34661,0.945538
287,211556;917,212063,0.999846;266,20685,0.941538;315,29380,0.989385;415,23401,0.935231;409,35071,0.940462
286,211537;909,210734,1;263,20095,0.943692;318,29941,0.992923;413,23162,0.922769;404,34283,0.932923
285,211531;913,209974,1;274,20736,0.954462;204,29432,0.989385;364,23171,0.924462;397,34984,0.935385
288,211583;908,212114,1;241,20010,0.937692;278,29757,0.992462;383,23489,0.922308;392,35081,0.934615
277,211460;1034,210669,1;246,19912,0.948154;269,28515,0.989231;347,23058,0.923692;373,34507,0.934154
278,211462;929,213263,1;166,19793,0.947692;175,29083,0.991077;242,23071,0.924462;259,35247,0.932154
280,211492;939,213675,1;160,20023,0.942308;190,29075,0.993692;248,22243,0.919077;258,34202,0.925692
284,211461;915,211636,1;167,19696,0.948769;290,28489,0.990615;369,23028,0.917692;376,34219,0.928308
287,211397;908,210085,1;236,19096,0.941385;271,28440,0.993385;366,22857,0.929692;391,34326,0.932769
279,211418;942,212164,1;268,19719,0.96;282,27906,0.991077;371,22771,0.929385;403,34264,0.934
276,211441;919,211249,1;253,19660,0.948769;292,28460,0.991538;385,22811,0.923077;388,34405,0.928308
277,211312;923,213977,1;229,18965,0.952615;264,27658,0.991846;353,22214,0.926923;378,33294,0.930923
279,211351;937,211824,1;238,18732,0.944615;269,27333,0.990615;376,22480,0.932;365,32973,0.930462
288,211299;922,212142,1;235,18467,0.952615;260,26724,0.987846;337,21737,0.917231;366,33497,0.931077
287,211296;915,211539,1;242,18479,0.946769;288,26645,0.986923;374,22243,0.914154;392,34151,0.929231
281,211337;920,212054,1;163,18673,0.942308;165,27194,0.991231;232,22189,0.928462;247,33861,0.933846
284,211238;926,211453,1;153,18089,0.941846;168,26712,0.990308;365,22215,0.928615;279,33433,0.932462
287,211218;913,209022,1;164,17662,0.946923;175,25226,0.990462;248,21303,0.923077;357,32610,0.927692
278,211394;814,212317,1;225,18077,0.947077;266,26826,0.991538;346,22602,0.928462;379,33602,0.932615
280,211326;525,209057,1;253,18391,0.939692;290,27209,0.990923;364,22420,0.929846;395,33887,0.934
280,211272;526,211144,1;240,18394,0.946;251,26673,0.986615;360,22226,0.923692;388,34115,0.929692
280,211360;524,210983,1;252,18734,0.954;305,27208,0.987538;376,22440,0.919538;377,34242,0.928615
289,211280;530,211863,1;221,18122,0.946154;267,26935,0.991538;388,23037,0.917692;370,33877,0.925231
287,211302;536,210868,1;209,18519,0.950769;249,26678,0.989692;308,22337,0.919692;251,33699,0.927692
285,211316;530,210832,1;152,18469,0.946462;184,26938,0.991077;383,22221,0.913385;404,34318,0.924462
287,211412;527,211029,1;251,19231,0.945538;284,27842,0.988769;372,22587,0.914462;378,34044,0.922462
286,211346;676,211563,1;230,18706,0.947231;269,27327,0.989538;401,23117,0.910308;392,34928,0.924
286,211317;912,211043,1;252,18618,0.929846;283,26932,0.980923;392,22639,0.912615;404,34666,0.923538
300,211390;925,210306,1;232,18992,0.952769;264,28122,0.988;380,22765,0.900769;376,34560,0.921846
295,211395;925,212843,1;240,19221,0.943846;286,28076,0.992769;407,23613,0.918923;416,35827,0.926
288,211261;904,209070,1;231,18658,0.946462;269,27415,0.987846;383,23050,0.917538;395,34626,0.924
294,211357;929,209085,1;240,19497,0.948154;270,27553,0.988923;390,22873,0.918308;402,34868,0.926154
296,211366;923,212092,0.999846;242,18955,0.938;280,28504,0.988308;397,23349,0.907231;418,35325,0.920154
283,211379;916,211554,1;247,19371,0.934615;177,28386,0.988615;256,23246,0.912923;377,35353,0.922
284,211469;939,212919,1;235,18917,0.934;279,28051,0.987077;379,23078,0.911385;402,35556,0.918615
293,211334;914,209984,1;231,18797,0.938308;263,27004,0.989846;365,21953,0.904308;381,34123,0.918
307,211355;914,211427,1;218,19053,0.941538;272,28258,0.989231;381,23441,0.899692;390,35113,0.919077
304,211364;933,211987,1;243,19304,0.946;259,27825,0.986462;397,23050,0.9;410,34936,0.917077
301,211270;917,209544,1;242,18431,0.931692;272,27335,0.991538;371,22641,0.899077;403,35359,0.915538
294,211349;915,211162,1;215,18745,0.948154;268,27559,0.986462;390,23391,0.910769;408,35767,0.918923
287,211353;934,210637,0.999846;222,18832,0.935692;259,27300,0.988615;360,23241,0.912154;395,34998,0.920308
287,211313;917,210431,1;226,18968,0.950154;227,27492,0.991385;258,23177,0.911692;276,35417,0.918615
285,211288;914,210139,1;159,18427,0.935692;168,26748,0.986615;247,22416,0.911385;281,35099,0.922923
282,211341;945,213379,0.999846;161,18995,0.945692;171,27638,0.986;252,22972,0.891846;261,34730,0.916154
289,211314;915,210171,1;154,18572,0.946769;178,27558,0.990615;373,22832,0.906615;396,34451,0.918154
299,211304;905,208488,1;231,18063,0.937692;282,26780,0.987846;381,22404,0.902615;402,33867,0.911692
296,211361;936,211653,0.996462;249,18733,0.944615;277,27045,0.991846;371,22954,0.904308;427,35118,0.917692
295,211325;920,210827,0.999846;239,18362,0.937231;284,26978,0.989538;378,22793,0.906;329,34411,0.918308
309,211334;906,209656,1;203,18352,0.942308;271,26490,0.985077;312,22582,0.912923;301,33786,0.918308
316,211362;934,210785,1;218,18772,0.945846;265,27515,0.990462;377,22250,0.907385;385,34379,0.917231
309,211353;917,211978,1;234,18694,0.944154;275,26891,0.992615;371,22653,0.913692;385,34212,0.920769
302,211354;902,209576,1;228,18751,0.949538;265,26868,0.988615;363,22675,0.908615;382,34540,0.918769
303,211357;920,209548,1;227,18253,0.954615;251,26441,0.987385;372,22381,0.902923;386,34136,0.912615
302,211398;899,211511,0.999846;252,18290,0.936462;289,27549,0.991846;357,22350,0.908615;375,33901,0.917538
300,211372;923,209670,0.999846;242,18982,0.937385;278,27131,0.988923;374,22171,0.904154;392,33898,0.922923
286,211402;918,209280,1;253,18273,0.937385;287,27284,0.986615;370,22677,0.910615;384,34358,0.918769
295,211353;916,209626,1;251,18854,0.942769;287,27403,0.991231;388,22476,0.913077;390,34771,0.921538
294,211426;923,210134,1;253,19337,0.946;274,28130,0.988923;337,22782,0.913077;242,34225,0.917231
294,211391;930,213548,0.998923;151,19588,0.942;180,28224,0.984769;307,22692,0.911077;400,34408,0.917077
296,211444;920,209081,1;297,19604,0.936615;315,28064,0.989538;391,22578,0.900462;401,35115,0.92
298,211403;922,210288,0.999692;263,19582,0.942769;276,28366,0.990923;379,22892,0.905385;395,34868,0.924154
297,211489;905,209828,1;242,20038,0.949538;289,29203,0.992154;381,22930,0.909538;395,34662,0.918769
294,211536;911,209533,1;264,19951,0.95;286,28507,0.991692;396,22890,0.920308;310,34896,0.930462
296,211416;920,210681,1;233,19693,0.950923;290,28366,0.986923;371,22793,0.925385;382,34345,0.933385
299,211531;672,209339,1;251,19440,0.952462;274,27707,0.990923;354,22203,0.900615;381,33504,0.928615
299,211452;920,209603,1;229,19149,0.940615;186,27689,0.991385;246,22497,0.901385;254,33964,0.927077
296,211573;934,210748,1;173,20165,0.949077;189,28816,0.993846;256,22544,0.913846;256,33208,0.925692
298,211484;913,207403,1;173,19481,0.96;200,27932,0.990615;280,22434,0.922769;381,33197,0.920462
306,211506;913,207212,0.999692;253,20142,0.946923;277,28005,0.990154;352,22070,0.912615;386,33567,0.918308
298,211604;930,208896,1;240,19164,0.941077;272,28073,0.994923;359,22157,0.917385;378,33502,0.924154
298,211516;920,210405,1;235,19620,0.953846;278,27864,0.993692;344,22064,0.913231;374,32696,0.923538
305,211471;812,207500,1;261,19548,0.955538;278,28201,0.991077;349,21939,0.918769;364,33134,0.923538
305,211579;714,208632,1;242,19933,0.964615;273,28028,0.989846;358,22307,0.922;375,33322,0.927385
304,211565;908,207474,1;234,19552,0.952769;289,28502,0.992154;347,21947,0.922769;362,33290,0.922462
311,211539;906,207826,1;235,19971,0.958;289,27841,0.991846;345,21936,0.918;352,32453,0.922769
282,211449;901,208057,1;201,19336,0.952615;175,27821,0.992154;358,22166,0.918615;381,32871,0.922923
323,211498;994,210335,1;252,19571,0.940462;285,28597,0.993385;355,22229,0.922923;362,33056,0.927692
316,211553;965,209899,1;242,19755,0.946462;280,28129,0.994;347,22269,0.926;358,32980,0.929692
324,211554;534,212483,1;275,19744,0.955385;273,28603,0.991692;348,21867,0.913538;374,32638,0.923692
316,211494;529,209479,1;233,19655,0.942923;255,28070,0.993385;232,22300,0.922154;239,33200,0.93
315,211518;531,209305,1;208,19424,0.953385;269,27146,0.992308;271,21837,0.924308;234,31817,0.928
313,211542;530,210173,1;201,19530,0.944462;179,28221,0.992;231,22180,0.921538;243,32846,0.927077
324,211489;530,209692,1;282,19583,0.95;368,28786,0.994308;365,22414,0.927692;371,33165,0.930923
333,211541;532,209725,1;252,19898,0.955231;244,27894,0.990308;262,22033,0.926154;389,32215,0.928615
326,211510;528,209700,1;296,19992,0.948923;311,28255,0.992923;380,22439,0.923231;379,32499,0.925231
321,211564;530,209060,0.999846;259,20127,0.957538;289,28464,0.991692;374,22289,0.923385;403,32815,0.926462
301,211540;540,210901,0.999846;274,20004,0.956154;314,28960,0.992462;379,22711,0.914308;373,32905,0.928154
311,211546;530,209305,1;246,19383,0.942923;290,27896,0.993231;353,22062,0.917846;368,32979,0.928923
308,211541;526,207008,1;247,19616,0.955692;286,27559,0.993538;349,22068,0.917077;357,32232,0.929692
298,211498;526,206724,1;257,20021,0.951385;284,28525,0.993692;351,22398,0.922769;368,32649,0.935077
299,211622;527,208794,1;247,20380,0.953692;286,28648,0.993077;359,22699,0.923846;367,32954,0.931538
298,211564;911,206511,1;243,19960,0.948;282,28257,0.992154;368,22837,0.908462;323,32942,0.931385
303,211495;855,209337,1;278,19905,0.952308;278,28282,0.992769;348,22960,0.927692;363,33189,0.933231
296,211551;926,208976,1;272,19935,0.958308;301,28986,0.993385;386,22343,0.930769;409,32717,0.934923
297,211594;922,208612,1;277,20163,0.955538;305,28050,0.991692;382,22590,0.928462;358,32539,0.930462
297,211463;916,208173,1;255,19814,0.949538;268,28007,0.989846;351,22158,0.922308;372,32822,0.930308
291,211490;916,210394,1;261,19557,0.951692;275,28203,0.989846;359,22517,0.931385;371,33174,0.936769
307,211507;892,207239,1;254,19504,0.951692;276,27613,0.989846;359,22259,0.922923;363,32314,0.933077
315,211500;896,211130,1;232,19259,0.941077;275,27886,0.991538;376,22651,0.919692;383,33020,0.930308
313,211481;995,209477,1;294,20130,0.956;298,27590,0.991231;359,22430,0.925231;361,33096,0.934462
318,211459;1209,207541,1;165,19379,0.953385;216,27873,0.990308;365,22058,0.922462;392,32986,0.936
315,211515;1199,208125,1;257,19611,0.941385;276,28443,0.992;384,22705,0.921231;398,34323,0.934615
317,211483;1198,208416,1;236,19680,0.959231;287,28060,0.990615;394,23034,0.915538;379,33400,0.932769
316,211443;1203,209403,1;238,19078,0.941692;283,28309,0.991692;353,22487,0.91;377,33920,0.930308
318,211555;1189,209928,1;174,20218,0.944923;183,29528,0.993231;253,23291,0.906615;257,34926,0.927231
320,211517;874,208990,1;172,20062,0.946308;192,29217,0.990308;249,22947,0.911385;290,34901,0.933692
318,211511;912,209325,1;225,19948,0.947692;270,28591,0.992769;381,22968,0.918308;372,34410,0.933538
322,211497;905,208276,1;301,19382,0.938615;344,28891,0.988769;374,22614,0.921846;386,33964,0.930462
317,211501;919,210785,0.999846;243,19258,0.948615;266,27772,0.988923;373,22499,0.919846;383,34436,0.94
324,211579;911,209549,1;269,20479,0.946615;291,29146,0.992769;389,22875,0.921692;379,34575,0.934462
327,211535;913,209304,1;248,20667,0.955385;279,28782,0.990923;381,22947,0.918154;370,33913,0.931538
329,211546;878,209789,1;242,19749,0.946308;185,29340,0.993846;369,22578,0.916769;397,34511,0.930308
338,211542;528,208867,1;267,20752,0.956615;299,29202,0.989846;372,22758,0.909077;395,35124,0.929231
316,211524;528,209900,1;236,19738,0.935846;286,29280,0.990462;388,23079,0.913692;390,34458,0.925231
324,211544;529,211295,1;240,20426,0.950462;280,29724,0.993231;388,23035,0.916462;300,34717,0.926923
319,211524;531,212850,1;167,19968,0.948308;191,29053,0.990769;311,22772,0.918923;388,34854,0.922769
320,211446;596,212489,0.999846;243,19716,0.947385;281,28918,0.991538;362,22417,0.915538;381,34239,0.924154
322,211432;921,211624,0.999692;280,19816,0.943538;290,28882,0.989846;325,22341,0.914154;403,34810,0.927538
313,211480;919,211765,1;278,19949,0.95;309,28791,0.986769;362,22260,0.911538;388,34047,0.921385
333,211461;761,210908,1;278,20339,0.95;283,29333,0.990615;361,22365,0.917846;387,34431,0.923692
332,211411;528,210454,0.999538;252,19342,0.951538;270,27891,0.992923;363,22391,0.915692;387,33988,0.924615
335,211369;529,212711,1;263,19090,0.948615;279,27722,0.989846;360,22275,0.909846;379,33873,0.920462
337,211377;531,211651,1;261,19018,0.940462;265,27610,0.992769;363,22708,0.915231;388,34269,0.927692
307,211378;532,210536,1;249,19289,0.951385;273,26964,0.992769;359,22218,0.913538;388,33905,0.931692
316,211347;524,210110,1;252,18332,0.938769;301,26582,0.987846;374,22372,0.918923;380,33977,0.929231
318,211336;912,208872,0.999846;247,18484,0.940154;306,27001,0.988154;357,21667,0.917692;367,33111,0.924462
324,211317;680,210142,1;245,18808,0.953231;308,27034,0.992308;357,21661,0.916462;367,33559,0.924769
320,211365;523,209500,0.999846;269,18426,0.959846;304,26438,0.988;371,22054,0.911846;374,33538,0.922
312,211308;526,210947,1;258,18576,0.945538;283,26685,0.988923;364,21713,0.908462;385,33566,0.921385
313,211321;528,210911,1;254,18595,0.945385;322,27116,0.988154;347,21713,0.909692;376,33733,0.919231
317,211320;528,210478,1;221,18037,0.957385;251,26069,0.995231;345,21927,0.914923;348,32424,0.919077
313,211263;918,209595,0.999846;225,17829,0.944308;260,25654,0.991385;309,21903,0.909692;252,32805,0.916308
301,211342;919,209999,1;186,18368,0.949077;203,26496,0.991231;235,21750,0.916154;250,32930,0.920308
298,211285;777,211138,1;163,17608,0.933538;173,25963,0.986615;236,22005,0.913385;242,32617,0.920615
299,211324;528,209781,1;215,17701,0.944;186,26660,0.988308;395,21965,0.911077;417,33350,0.920923
303,211275;530,209696,1;294,18459,0.943385;246,25965,0.989385;361,21707,0.912769;382,33257,0.920462
304,211274;537,210011,1;220,18255,0.948923;284,26442,0.989846;372,22257,0.902923;393,33630,0.916
288,211219;546,207873,0.999692;232,17610,0.944462;232,26099,0.992308;287,22525,0.912154;246,33926,0.917538
298,211232;526,209215,1;230,17636,0.946923;236,26129,0.990615;352,21977,0.908462;325,33952,0.916308
295,211254;592,209029,1;179,17933,0.943385;296,26802,0.987692;369,22095,0.903231;379,33574,0.913231
295,211213;934,211719,1;217,17751,0.947231;251,25918,0.987846;254,22589,0.902308;258,33564,0.914308
290,211154;920,211691,1;159,17825,0.936769;184,26535,0.988;263,22309,0.896923;268,34220,0.906308
289,210781;919,212467,1;147,17029,0.946923;171,25329,0.991077;253,21197,0.886615;255,33548,0.906
292,210330;934,212401,1;135,15771,0.943231;169,23933,0.987538;237,20753,0.895538;232,32002,0.903538
291,209806;913,211490,1;124,13883,0.949692;153,22008,0.990462;222,18859,0.89;300,30580,0.899692
293,208938;917,212366,1;179,11794,0.948769;209,18716,0.992462;311,17508,0.890462;347,28955,0.894462
289,207010;946,212604,1;154,10161,0.945077;193,16919,0.988154;282,15862,0.885846;310,26519,0.889538
285,203978;920,212732,1;147,8956,0.957077;161,14360,0.984923;254,14507,0.889846;286,24374,0.890154
274,197260;924,213770,1;138,7737,0.949692;156,12650,0.991231;212,11952,0.880462;238,20510,0.882923
259,184184;918,210892,1;108,5821,0.946;96,9968,0.988615;214,10075,0.874615;238,17646,0.878154
223,158142;916,211043,0.999846;116,4588,0.953846;111,8289,0.990615;139,7758,0.868769;164,13528,0.876308
222,153017;928,212878,0.999846;78,3180,0.961538;80,5304,0.985077;100,5799,0.870154;124,10674,0.874154
165,114696;921,212594,0.999846;74,2384,0.966154;69,3752,0.988308;70,3991,0.872;91,7242,0.872923
123,88084;838,212383,1;72,1750,0.964923;70,3026,0.985692;55,3032,0.872462;69,5478,0.873077
93,64071;532,212981,0.999846;55,1102,0.964308;57,1914,0.986923;36,1950,0.873692;39,3383,0.874308
80,55952;528,212706,1;60,1087,0.970923;55,1931,0.986615;41,1858,0.873846;38,3305,0.875385
70,47625;531,211869,0.999846;45,907,0.971538;43,1527,0.985846;26,1449,0.874154;32,2747,0.875846
43,26660;528,212282,1;26,372,0.972923;31,589,0.987077;10,623,0.873385;13,1240,0.875231
14,7631;528,211380,0.999846;33,200,0.973385;26,248,0.987231;7,392,0.873077;6,571,0.875077
