3485,210925;2097,73970,0.992;1194,39689,0.959692;1532,50837,0.982462;1340,40506,0.941538;1428,44748,0.979385
3589,211531;2123,74659,0.986154;785,23762,0.939385;1050,33867,0.975077;887,25843,0.886769;962,29397,0.927692
3552,211630;2070,74129,0.993846;773,23112,0.916615;1131,33816,0.977538;890,25957,0.905538;972,29430,0.921538
3460,211626;2052,74075,0.991077;791,23862,0.933231;1075,34285,0.980615;920,26835,0.908615;971,29712,0.936923
3463,211545;2041,72859,0.992923;764,22838,0.931385;1032,32664,0.974154;861,25346,0.890154;923,28230,0.935385
3463,211661;2015,73235,0.989231;780,23298,0.938769;1059,33713,0.977231;857,25078,0.878769;981,29196,0.944308
3584,211591;2053,73737,0.990462;796,22291,0.928923;1041,32973,0.975077;874,25563,0.915077;918,28351,0.934769
3637,211580;2056,74398,0.991692;772,22959,0.940923;1045,33357,0.983077;841,24941,0.893846;943,28926,0.939385
3695,211509;2070,74323,0.990769;738,22296,0.920615;1032,32814,0.981846;854,25150,0.890769;876,26768,0.914154
3747,211559;2050,74010,0.994154;761,22902,0.942154;1026,32826,0.981538;828,24510,0.881846;976,27706,0.941846
3653,211497;2084,74884,0.995077;728,21868,0.926769;997,32027,0.974154;868,25901,0.911385;899,27655,0.930154
3636,211425;1998,72387,0.991385;722,21955,0.907077;966,31302,0.976;808,24095,0.901231;868,27111,0.932
3614,211409;2068,74032,0.992;733,22470,0.926462;989,32252,0.981538;830,24810,0.892923;936,28235,0.946769
3607,211522;2041,73145,0.994154;727,22214,0.940308;1021,31487,0.982154;832,24436,0.900308;954,28037,0.948615
3708,211552;2091,75355,0.996308;808,22983,0.919692;1083,33270,0.981538;919,25419,0.912615;981,28014,0.926154
3821,211611;2072,75066,0.988;813,23141,0.937538;1126,33343,0.978462;928,25571,0.933231;981,28256,0.935077
3805,211570;2068,74283,0.989538;819,22959,0.929846;1122,33397,0.988;916,25030,0.904308;1007,28549,0.941231
3841,211589;2032,73270,0.989538;906,23473,0.944615;1113,32889,0.980615;953,26218,0.909538;1000,28784,0.920615
3695,211531;2052,73823,0.992923;774,22034,0.908615;1065,32580,0.976923;879,24317,0.899385;952,27507,0.913538
3652,211577;2059,74390,0.992923;811,22983,0.928;1087,32426,0.980308;935,25882,0.908;995,28715,0.944
3697,211434;2085,74610,0.992;803,22477,0.928308;1127,31313,0.964923;914,25027,0.890769;982,28194,0.922154
3708,211566;2047,74013,0.995077;793,22901,0.926769;1112,33416,0.98;881,24344,0.871692;955,27628,0.903385
3715,211556;2035,72988,0.996923;783,21982,0.916;1062,31553,0.970462;919,25342,0.893846;983,28331,0.925846
3805,211570;2040,73589,0.985231;800,22541,0.922769;1087,32668,0.972615;895,24770,0.884615;1066,28676,0.922462
3722,211481;2012,72853,0.991692;801,22669,0.941538;1057,32185,0.978154;883,24718,0.865231;953,27541,0.910154
3846,211559;2062,74025,0.988;798,22434,0.919385;1073,32574,0.971385;882,24531,0.876308;961,28026,0.921231
3675,211443;2073,73960,0.985846;795,22529,0.934462;1075,32345,0.979692;873,24474,0.902769;949,27570,0.937846
3718,211514;2065,73840,0.995077;787,22149,0.923385;1122,31370,0.979077;861,23689,0.863692;920,27054,0.924615
3746,211519;1998,72179,0.983385;759,22129,0.911385;1078,32296,0.977846;908,25094,0.876308;937,27210,0.923692
3722,211523;2050,73692,0.988923;797,22808,0.935692;1050,31823,0.970769;893,25103,0.913538;933,27139,0.912923
3804,211612;2044,73280,0.990769;793,22425,0.922462;1080,32310,0.984;893,24697,0.900923;1005,26959,0.923077
3748,211421;2068,72826,0.994462;764,21423,0.913231;1030,31283,0.971692;821,23391,0.882154;881,25612,0.896
3734,211467;2026,72830,0.987692;765,21972,0.926462;1040,31875,0.978462;873,24303,0.904;907,26314,0.932
3739,211418;2030,72181,0.978769;776,22007,0.933846;1035,31047,0.971385;851,23511,0.860615;921,26492,0.917231
3667,211407;2010,71947,0.995077;778,21956,0.933846;1103,30636,0.974769;879,24227,0.916615;882,25807,0.936923
3768,211534;2044,72280,0.985538;745,21261,0.928923;1025,30555,0.965846;839,23210,0.902154;886,25472,0.925538
3740,211535;2011,72011,0.996615;785,22170,0.936923;1054,31569,0.984;810,22536,0.853231;869,25090,0.911692
3731,211562;2043,72627,0.987692;759,21493,0.920308;1068,31915,0.982154;843,23564,0.867077;887,25681,0.910154
3743,211513;2011,72159,0.984;769,21572,0.931077;1027,30840,0.978462;852,23582,0.926154;875,25241,0.939385
3663,211577;2025,71483,0.992308;761,21834,0.937231;1040,31417,0.987385;816,22768,0.904;866,25085,0.918462
3725,211561;1971,70591,0.991692;762,22207,0.928308;1041,31956,0.979692;839,23695,0.895692;890,26018,0.930769
3751,211382;2004,70924,0.986462;740,21311,0.926154;1022,31025,0.984308;858,24322,0.934154;862,25058,0.919385
3786,211447;1985,70939,0.990769;754,21765,0.936615;1041,31433,0.991692;823,23066,0.890462;858,24984,0.927692
3719,211456;2013,71419,0.998769;771,21472,0.945538;1045,30996,0.982154;829,22908,0.901846;860,24934,0.934462
3712,211600;2020,72234,0.994769;796,22041,0.938154;1073,31457,0.968308;901,24562,0.928615;913,26317,0.940308
3768,211580;2032,72049,0.985846;779,22354,0.927385;1083,32664,0.98;843,23613,0.922462;901,26215,0.948
3715,211638;2008,71887,0.990769;780,22367,0.908;1068,32501,0.978769;838,23532,0.904308;885,25621,0.937538
3706,211569;2031,72145,0.992923;811,22946,0.923385;1085,32347,0.961231;863,23867,0.908;926,26421,0.944615
3672,211580;2029,72313,0.985538;812,22929,0.947692;1079,32345,0.972923;853,24096,0.902769;908,26463,0.943692
3726,211494;2020,71165,0.985231;783,21737,0.925231;1086,31755,0.971692;862,23612,0.883692;887,25309,0.924923
3742,211454;2039,72358,0.993538;783,21555,0.931692;1076,31780,0.983077;868,23663,0.899692;889,25236,0.916308
3725,211626;2006,71143,0.993231;809,22702,0.943692;1057,31496,0.979692;889,24778,0.921538;925,26659,0.937846
3826,211422;2058,72780,0.996615;787,22022,0.916923;1051,30865,0.965846;841,23004,0.912;924,26306,0.950154
3782,211599;2019,71764,0.988308;818,22589,0.911077;1086,31972,0.980308;885,24210,0.900923;944,27047,0.943692
3716,211606;2063,74130,0.983692;822,23088,0.935385;1116,33452,0.983077;876,24247,0.918154;933,26956,0.939385
3765,211634;2026,72261,0.987692;806,23218,0.949538;1065,32244,0.978462;847,23757,0.880308;939,27361,0.942154
3776,211553;2037,72206,0.993231;802,22668,0.927077;1094,32712,0.972615;903,24895,0.880923;952,27616,0.941538
3780,211577;2041,73414,0.993846;778,22024,0.918769;1075,32104,0.986154;902,24701,0.899385;917,26693,0.938462
3736,211566;2041,72739,0.996308;824,22885,0.935385;1091,32281,0.984923;902,24776,0.911385;912,26225,0.939077
3724,211562;2065,72902,0.995692;797,22151,0.927692;1101,32525,0.98;884,24272,0.886769;921,26679,0.932923
3752,211567;2033,71777,0.989231;779,22520,0.917231;1049,32146,0.982154;851,24039,0.900615;921,26665,0.942769
3702,211495;2067,73517,0.987077;768,21936,0.928615;1057,32002,0.976;868,24305,0.910462;885,25812,0.921846
3741,211364;2063,72492,0.989538;762,21992,0.931692;1042,31666,0.982154;850,23856,0.88;917,26167,0.931077
3800,211551;2027,72339,0.996;786,21884,0.927385;1096,32524,0.989846;869,23915,0.911385;908,25957,0.955385
3756,211390;2069,72984,0.990769;772,21302,0.934154;1053,31118,0.970462;860,23397,0.908615;925,26103,0.942154
3817,211516;2042,73317,0.994154;783,22044,0.939385;1070,32238,0.986769;882,24355,0.874154;925,26545,0.945538
3804,211413;2080,73297,0.983692;782,21718,0.917846;1072,31351,0.976615;894,24250,0.875385;898,25852,0.937231
3732,211498;2048,73463,0.997538;801,22416,0.934154;1064,31739,0.98;909,25249,0.903692;961,27379,0.935692
3752,211373;2076,74159,0.992923;784,22089,0.935692;1053,31498,0.975385;873,24243,0.907692;932,26577,0.917538
3769,211410;2074,74043,0.991385;800,22429,0.927385;1100,32591,0.972;882,24304,0.916923;929,27240,0.930154
3666,211275;2112,74574,0.990154;756,21691,0.919077;1055,31793,0.967385;869,24137,0.893231;939,27141,0.931077
3720,211288;2103,74708,0.994769;749,21171,0.912923;1054,31708,0.969231;858,24005,0.872923;965,27679,0.932
3757,210740;2089,73904,0.987692;723,20640,0.913846;1003,30432,0.975692;825,23027,0.869846;912,26503,0.925846
3718,208118;2106,74898,0.987077;652,18665,0.904;911,27716,0.965231;752,21099,0.881846;859,24977,0.909231
3455,198829;2084,75079,0.987692;529,14645,0.900923;759,22605,0.977846;615,17483,0.876923;712,21039,0.930154
3414,194277;2110,74503,0.989231;447,12665,0.908;632,19351,0.976615;559,16038,0.895692;634,18965,0.920308
2797,158146;2051,73560,0.994154;284,7769,0.916923;430,12747,0.970462;382,11141,0.892923;427,12802,0.918769
2347,133434;2059,74084,0.991077;205,5590,0.921231;318,9284,0.965846;271,7943,0.889846;322,9787,0.907385
1509,83824;2067,73951,0.992615;137,3197,0.920308;165,4670,0.966154;138,4040,0.891385;179,5392,0.909846
941,53060;2048,73062,0.992;96,2132,0.920615;109,2924,0.961846;104,3071,0.876923;131,4000,0.900308
394,22028;2090,74565,0.992308;32,492,0.924;54,1057,0.968308;37,1119,0.876923;43,1323,0.907077
283,15843;2101,74442,0.989846;34,311,0.928615;35,728,0.967692;21,627,0.876615;29,914,0.906462
69,3860;2085,74025,0.989231;29,196,0.930154;19,217,0.967077;8,238,0.876;8,250,0.905846
