342,210925;192,72879,0.981846;216,38893,0.926154;285,51548,0.984308;300,40851,0.944;296,45683,0.979692
350,211437;197,73195,0.986769;138,19350,0.932923;176,27730,0.971077;187,22900,0.900615;195,25667,0.904615
353,211410;194,72993,0.988308;159,19992,0.937231;196,29073,0.972615;201,23244,0.900308;209,26339,0.913538
355,211364;194,72897,0.991692;154,19705,0.917231;184,28723,0.972923;182,22795,0.924;189,25783,0.937846
336,211388;199,72766,0.990462;157,19251,0.932923;178,27772,0.959385;178,22506,0.909846;175,24682,0.925538
335,211331;193,71722,0.990769;142,18821,0.931692;174,27286,0.966769;176,21955,0.903077;173,24080,0.905231
337,211253;197,73204,0.994154;149,18673,0.916308;175,27208,0.974462;171,21756,0.886154;185,24436,0.915077
338,211359;190,71322,0.992308;145,18752,0.933846;184,27342,0.975385;140,22505,0.888;116,25166,0.909231
361,211451;191,71848,0.993846;103,20092,0.933538;116,28656,0.972615;115,23178,0.885231;119,26315,0.911385
354,211301;194,72392,0.991077;94,19008,0.943692;112,27316,0.979385;109,21938,0.881231;114,25096,0.927385
334,211272;240,72292,0.990154;94,18746,0.922154;113,27951,0.975077;112,22320,0.908615;112,24999,0.908923
355,211314;333,72342,0.992308;93,19201,0.947077;110,27848,0.976;114,22831,0.916615;159,25184,0.928308
335,211309;241,71910,0.991385;172,19690,0.934769;210,28552,0.987385;198,22429,0.880923;208,25502,0.925231
319,211382;198,72684,0.982154;161,19470,0.926769;208,28544,0.982154;207,23217,0.924;201,25286,0.922462
333,211237;198,72156,0.989231;162,19079,0.923692;205,28629,0.982462;198,22214,0.911692;189,24464,0.933846
332,211343;194,72746,0.988615;174,19776,0.950154;189,28662,0.982462;188,22732,0.909231;153,25809,0.932308
335,211313;191,71441,0.992308;93,19095,0.926769;115,28652,0.984615;150,22132,0.886462;116,24801,0.926154
334,211372;194,72246,0.992308;108,19654,0.940308;184,28402,0.98;199,23056,0.904923;202,25431,0.921231
347,211346;197,72375,0.990462;157,19852,0.926769;198,28465,0.980923;199,23096,0.894462;239,25401,0.909231
358,211340;196,72362,0.992308;149,19353,0.932308;185,28066,0.982769;194,22883,0.896;196,25389,0.927385
336,211381;201,73288,0.991692;157,19124,0.915385;190,27602,0.961846;205,23336,0.891077;211,25898,0.916923
357,211359;197,73090,0.990769;160,18744,0.92;195,28425,0.972923;196,23127,0.884;198,25271,0.913231
342,211373;193,71831,0.993846;170,20060,0.935077;186,28299,0.973538;201,23876,0.906154;198,26221,0.908
354,211307;195,72206,0.986462;146,18679,0.918769;185,27925,0.980923;186,22487,0.903077;187,24821,0.904923
337,211392;192,70990,0.984;153,19075,0.915385;182,28321,0.976308;178,22755,0.886154;183,26169,0.924615
326,211303;194,71831,0.989846;142,19148,0.908923;181,28742,0.977231;184,23175,0.896923;183,25587,0.920308
357,211310;200,73691,0.983077;152,19661,0.944308;184,28341,0.978769;190,23543,0.914462;185,26005,0.913231
368,211362;198,72923,0.990769;148,19921,0.939385;183,29364,0.980923;181,22870,0.906154;185,26158,0.932615
366,211365;197,72379,0.998462;143,19520,0.929846;177,28892,0.983385;179,23032,0.901846;180,25570,0.922769
362,211339;202,73622,0.977846;139,18475,0.917231;177,28598,0.983692;180,22870,0.901231;159,25162,0.912
358,211210;195,72038,0.986769;155,19349,0.935385;192,28359,0.985538;181,22667,0.924308;178,24488,0.920615
355,211352;199,72829,0.982769;151,19552,0.942154;184,28151,0.972615;187,22831,0.911077;191,24965,0.921231
373,211343;194,72227,0.994462;142,18948,0.904923;180,28793,0.973846;183,22903,0.926462;180,25441,0.942462
370,211344;198,72760,0.992615;141,19016,0.937231;177,27561,0.967692;177,22609,0.912308;181,25510,0.926769
377,211333;197,72864,0.991385;152,18933,0.936615;187,28321,0.978154;186,22804,0.886462;191,25549,0.916308
371,211181;193,71383,0.985846;137,18161,0.938769;183,26734,0.979692;182,22144,0.904615;179,24031,0.918769
379,211199;343,74498,0.988;142,18412,0.933538;177,27383,0.986154;173,22149,0.880923;183,25569,0.929846
371,211333;334,72924,0.991077;146,19032,0.931692;174,27573,0.966769;175,22740,0.905231;175,25663,0.929538
362,211283;345,75306,0.991385;135,18632,0.929538;174,28206,0.985231;174,22289,0.896308;174,25162,0.928923
344,211215;337,73544,0.989846;134,18719,0.950154;171,27554,0.973538;171,22621,0.898462;177,25382,0.932308
346,211361;347,72078,0.990769;137,19413,0.950154;173,28064,0.978769;177,23055,0.882462;174,25378,0.916615
341,211241;336,72442,0.985231;139,19029,0.937538;169,27646,0.964;169,22731,0.908308;171,24874,0.92
349,211292;344,74414,0.992308;131,18380,0.941846;167,27351,0.966154;168,22123,0.871692;177,24809,0.904923
343,211152;333,72664,0.985231;137,18515,0.921846;172,27154,0.977538;183,22309,0.886154;180,24989,0.929846
362,211255;328,71896,0.992308;144,18988,0.950769;177,27672,0.978462;183,22726,0.903077;178,24669,0.913231
344,211310;329,71976,0.983692;139,18552,0.929231;180,27907,0.981538;177,22256,0.904;184,25314,0.921231
341,211245;333,72561,0.990769;144,18549,0.924615;178,27583,0.984308;179,22424,0.894154;182,24944,0.928
344,211168;333,72851,0.993231;136,17780,0.926154;167,26352,0.972615;168,21196,0.902154;176,24405,0.924308
342,211262;327,71402,0.991077;143,18716,0.941846;183,27608,0.982462;183,22735,0.912615;185,25105,0.915692
342,211300;326,72824,0.984;146,18568,0.928;172,27753,0.986769;177,22475,0.903385;178,25194,0.921846
341,211231;338,73322,0.995385;136,18434,0.932615;170,27039,0.979077;168,21645,0.896923;179,25220,0.915692
351,211231;343,73706,0.986462;144,18658,0.919385;172,27625,0.979077;176,22395,0.896308;184,25079,0.904308
369,211293;343,72227,0.985231;145,18388,0.936923;182,27522,0.978462;186,22470,0.907385;191,25182,0.921538
364,211243;317,72859,0.988923;150,18189,0.942462;183,27243,0.984615;170,21996,0.899692;151,24676,0.908615
367,211318;196,72619,0.987692;148,18130,0.912923;179,27509,0.982769;179,22509,0.896;182,25017,0.910769
372,211243;201,73389,0.995077;146,18770,0.917538;183,28038,0.970769;178,22448,0.897231;185,25124,0.915077
343,211236;192,71464,0.988615;143,18486,0.912923;176,27341,0.978462;177,21896,0.900308;191,25634,0.928615
341,211252;197,73222,0.991385;140,18197,0.894769;171,27367,0.962462;177,22532,0.881846;178,25221,0.914154
349,211116;200,72821,0.992923;145,19259,0.932615;168,27359,0.974462;174,22362,0.901538;174,24807,0.910769
335,211324;198,74049,0.988308;139,19079,0.924615;171,28123,0.980923;182,23112,0.894769;190,25992,0.907385
340,211280;196,73088,0.988;157,18654,0.916923;177,27393,0.976;175,22501,0.883385;182,25900,0.916923
340,211364;202,73207,0.985231;144,19161,0.930462;174,28730,0.984;173,22345,0.877231;184,25764,0.917231
346,211291;197,72818,0.988308;146,18853,0.926462;168,27631,0.979385;178,22726,0.872615;180,25654,0.911385
339,211185;200,73569,0.992923;151,18479,0.920923;166,27186,0.976923;165,21438,0.854462;230,24824,0.914769
344,211320;341,73638,0.984308;151,19145,0.929846;183,27702,0.98;187,22631,0.897846;195,25616,0.921846
366,211262;355,73611,0.988;140,17803,0.905231;171,26689,0.976615;172,21638,0.883077;174,23947,0.909538
371,211280;333,72181,0.983692;144,18847,0.910154;179,27578,0.977846;181,22738,0.888308;183,25491,0.914154
372,211272;341,72555,0.987692;149,18825,0.908615;174,27690,0.974462;183,22498,0.897846;183,25060,0.904615
381,211358;339,73118,0.985231;152,19130,0.918769;190,28668,0.975385;186,22916,0.884615;193,25936,0.913231
371,211315;338,73564,0.986154;152,18554,0.918154;183,28051,0.977538;181,22327,0.879692;190,25720,0.915077
367,211281;339,73305,0.984308;151,19811,0.935692;180,28477,0.976308;177,22357,0.876308;187,25982,0.916615
368,211298;322,73368,0.985846;140,18799,0.916923;180,28570,0.978462;182,22960,0.880615;190,25933,0.911385
361,211323;321,73561,0.987692;142,18863,0.935385;173,28044,0.976308;149,22211,0.871385;115,25604,0.910154
366,211292;315,72582,0.991077;104,19524,0.933538;120,28915,0.976923;120,22740,0.895077;123,26648,0.923077
381,211239;313,71802,0.992923;95,18866,0.933538;108,27636,0.968923;113,22271,0.897231;118,26013,0.932308
378,211327;321,74238,0.992923;102,19545,0.928308;209,29695,0.982769;195,23265,0.896615;204,26901,0.916308
370,211340;317,73158,0.986462;157,19762,0.927077;182,28582,0.964;185,22817,0.888923;193,26717,0.921538
351,211380;332,73847,0.989538;156,20195,0.920308;190,29713,0.972923;194,23649,0.876308;194,26884,0.904308
353,211343;343,73751,0.982769;146,19897,0.933538;180,29065,0.977538;194,23582,0.875692;196,27005,0.918154
364,211312;346,74005,0.989231;148,18610,0.918769;183,28622,0.973231;188,23027,0.884923;194,26087,0.913231
370,211268;335,73581,0.984615;148,19031,0.923077;181,27318,0.970769;187,22820,0.896308;189,25711,0.913538
368,211386;340,73994,0.979692;152,19370,0.930154;183,29068,0.967692;167,23112,0.875077;192,26534,0.914154
367,211283;336,73162,0.983077;143,19097,0.921538;185,28058,0.968615;191,23395,0.877846;201,26973,0.920615
368,211353;348,75928,0.992;142,19258,0.917231;184,29206,0.979385;193,23348,0.883077;202,27233,0.910462
365,211274;335,73759,0.981538;152,19450,0.932308;194,28895,0.966769;188,23199,0.888923;191,26706,0.92
371,211341;342,74396,0.992;146,19581,0.922769;179,29413,0.972923;199,23821,0.894154;200,27044,0.917231
361,211365;342,74698,0.986769;154,20942,0.928923;190,30186,0.975692;192,23448,0.870154;202,28006,0.915385
373,211408;332,72309,0.982154;164,20664,0.932;196,30575,0.983692;203,23791,0.888615;206,27681,0.915385
379,211264;338,73837,0.993231;151,19649,0.914154;186,29258,0.971385;194,23755,0.897231;203,27101,0.918154
381,211302;339,73869,0.988308;152,19900,0.935077;194,28893,0.961231;165,23392,0.885538;166,26821,0.905846
385,211345;320,73544,0.980923;146,19548,0.921538;182,28645,0.969231;192,23466,0.872615;199,27061,0.916308
364,211356;342,74045,0.976615;154,20209,0.927692;192,30081,0.978769;197,24003,0.893231;199,27434,0.915077
376,211410;340,74272,0.990769;155,19666,0.922154;186,29683,0.967692;195,23775,0.879692;200,27427,0.916923
382,211290;347,75021,0.982462;153,20330,0.923385;195,29941,0.974154;185,23175,0.874154;202,27710,0.930769
377,211338;345,75016,0.985231;153,20264,0.927077;188,29578,0.973231;194,23709,0.877846;202,27619,0.914769
374,211341;353,75556,0.982769;155,19909,0.925538;197,29673,0.979385;193,23725,0.884615;206,28053,0.925846
372,211397;337,74130,0.992615;163,20481,0.911692;193,29930,0.985538;201,24438,0.911385;205,27878,0.930154
371,211353;335,73454,0.991692;154,19778,0.895077;194,29529,0.977846;199,23795,0.891077;196,26879,0.919692
371,211318;337,75077,0.985846;138,19932,0.920308;216,28917,0.966462;183,23302,0.880308;193,27423,0.918462
369,211328;357,74822,0.979077;149,19942,0.917231;186,29851,0.975385;188,23444,0.877846;199,27815,0.915385
374,211199;202,73840,0.987692;154,19751,0.925538;179,29047,0.965846;195,22996,0.876;194,26978,0.908308
369,211342;195,73764,0.980308;156,20500,0.933846;192,29838,0.967692;195,23531,0.876;203,27330,0.911077
353,211281;197,74201,0.990462;146,19815,0.912615;184,29461,0.970154;193,23283,0.885231;198,26740,0.913538
370,211249;199,74774,0.982154;152,19171,0.908923;195,29541,0.967385;196,23528,0.893231;204,27337,0.913231
358,211408;200,74704,0.983077;154,19873,0.912923;186,29756,0.968308;191,23161,0.867385;201,28000,0.901846
356,211231;200,73673,0.979385;144,19487,0.909231;180,29304,0.963077;197,24074,0.880308;193,26762,0.893846
387,211369;196,73681,0.979385;150,19738,0.910154;176,28724,0.955385;186,23195,0.874154;195,26898,0.904923
343,211218;197,73712,0.988923;147,20065,0.912;156,29908,0.972;125,23996,0.867077;123,27471,0.922462
340,211280;200,73428,0.983077;97,20074,0.909231;114,29346,0.964308;126,23161,0.872615;128,27013,0.905538
353,211312;205,75230,0.986462;101,20621,0.912923;117,29326,0.964615;130,24158,0.894154;127,27528,0.907385
347,211336;200,73860,0.988923;95,19601,0.907077;119,29594,0.970154;120,23287,0.867077;126,27873,0.912
371,211098;201,74746,0.990154;103,19366,0.904923;111,28286,0.965538;124,23585,0.886769;123,27056,0.912
376,211322;199,74161,0.983692;107,19944,0.909538;113,29455,0.974769;125,24122,0.896923;124,27221,0.910769
360,211275;201,75454,0.987692;96,19906,0.900615;115,29788,0.969231;124,23916,0.892308;126,27421,0.915692
361,211311;202,75318,0.987077;97,19885,0.918462;118,29091,0.973231;125,23550,0.881538;124,26994,0.909538
369,211349;193,72885,0.988308;96,19788,0.931077;124,29098,0.967692;133,23406,0.893231;127,26628,0.912308
368,211304;199,73853,0.989538;158,19389,0.902462;182,28842,0.972615;193,23582,0.874769;203,27116,0.907692
349,211334;199,73473,0.989538;151,19637,0.920308;161,29510,0.982154;120,23047,0.889231;122,26748,0.92
358,211287;198,73602,0.983385;97,19366,0.902154;118,29234,0.974462;121,23097,0.875077;133,27569,0.919077
344,211296;198,74395,0.990769;104,19502,0.928308;118,28908,0.976923;126,23658,0.889231;122,26544,0.914769
346,211325;210,73944,0.995077;94,19297,0.909231;117,28924,0.969538;124,23496,0.897538;124,26680,0.909846
347,211302;345,75227,0.989538;165,19525,0.928923;229,28718,0.966769;185,23409,0.878462;200,27554,0.908615
346,211327;345,75439,0.987385;148,19877,0.929538;183,29590,0.968615;202,23677,0.895077;208,27823,0.910462
352,211243;341,74115,0.987692;152,19151,0.936;181,28064,0.975077;184,22804,0.891692;194,26358,0.917538
349,211338;334,73088,0.989231;149,19595,0.921231;184,29049,0.978462;195,23567,0.886154;197,27108,0.905538
368,211295;332,73100,0.993231;139,18903,0.908;179,29043,0.982462;194,23245,0.898462;201,26757,0.915692
379,211221;341,73678,0.990769;154,19579,0.913846;181,28203,0.96;187,22979,0.894462;197,26545,0.904615
370,211223;331,73472,0.993231;153,19242,0.928923;125,28142,0.971692;117,22880,0.886769;120,26337,0.906462
363,211354;333,74226,0.98;93,19239,0.923692;114,29682,0.983077;118,23197,0.888923;121,26934,0.916308
357,211288;290,73900,0.987692;95,19315,0.908923;117,29601,0.979385;120,23453,0.898769;124,27109,0.919385
364,211297;197,73551,0.992923;97,19474,0.931385;112,28704,0.977846;190,23116,0.880615;237,27037,0.913538
354,211211;199,74603,0.991385;156,19404,0.924;190,28521,0.968923;197,22670,0.854154;205,26434,0.916923
363,211283;194,72314,0.986462;157,19383,0.928923;195,28185,0.976308;201,22667,0.868308;207,26049,0.911692
356,211300;196,73886,0.991692;162,18661,0.920308;192,27580,0.968923;199,23030,0.894154;195,26140,0.923385
360,211191;196,72984,0.993231;141,18997,0.926154;180,28815,0.974154;178,22890,0.885846;195,25393,0.914462
360,211275;196,72773,0.992;148,18760,0.931692;185,28047,0.966154;198,23143,0.880923;214,26625,0.906462
361,211248;194,72612,0.984308;143,18673,0.936923;181,27288,0.976615;190,22386,0.888615;192,25232,0.912
363,211106;196,72054,0.985846;153,18303,0.932615;178,26814,0.975077;185,21990,0.900923;182,24693,0.913846
371,211267;277,72810,0.986462;149,18723,0.926462;181,27359,0.956923;180,22080,0.875692;167,25590,0.916308
361,211346;345,74386,0.993846;176,19294,0.931077;186,28460,0.976615;192,22919,0.883077;196,26333,0.924615
359,211332;340,73613,0.988;160,19659,0.937231;182,28811,0.982462;191,23201,0.884308;195,26193,0.905538
366,211232;326,71831,0.990769;144,18849,0.919692;176,27435,0.971692;191,23034,0.891077;186,25504,0.912
364,211399;333,72067,0.981538;154,19385,0.934769;184,28736,0.979692;189,23193,0.901231;192,26228,0.911077
363,211254;335,72657,0.984615;150,18446,0.913846;181,27409,0.968;190,22592,0.870154;194,25235,0.9
364,211247;333,72231,0.981538;158,19021,0.939077;163,26902,0.963385;218,22699,0.875077;201,25594,0.921538
371,211305;334,72711,0.994462;161,19226,0.931692;196,27357,0.945846;197,22636,0.889231;186,25058,0.909846
351,211368;334,72364,0.984615;146,18949,0.937846;182,27795,0.978154;186,22851,0.908;187,25286,0.924615
352,211243;332,71978,0.996;143,18661,0.934462;179,27151,0.972;182,22291,0.897846;181,24370,0.913231
352,211343;362,70746,0.978769;147,18729,0.930769;184,27853,0.979692;176,21707,0.891692;183,24288,0.927077
362,211338;408,71892,0.989231;149,19113,0.937231;162,27966,0.987692;189,21773,0.871385;190,24795,0.910769
349,211343;338,72991,0.984308;156,19078,0.952;186,27636,0.981231;190,23016,0.915385;185,25056,0.917846
351,211319;338,72089,0.994769;150,18448,0.919692;187,27128,0.957846;181,22413,0.908615;182,24227,0.912923
348,211333;333,71619,0.995077;152,18869,0.928615;192,27648,0.976;184,21798,0.908615;184,23943,0.916923
350,211299;332,70952,0.991385;151,18091,0.912923;181,26321,0.977538;178,21612,0.913538;183,23861,0.909538
349,211332;196,72099,0.983077;155,18273,0.920308;191,27337,0.967077;178,22022,0.906769;189,24956,0.931692
365,211311;198,71965,0.987692;154,18418,0.927385;191,27124,0.979692;179,21978,0.916308;185,23900,0.928615
351,211351;196,71018,0.996615;95,18982,0.941538;114,27697,0.982154;113,22819,0.927385;112,24765,0.930769
347,211327;197,71967,0.989538;97,19188,0.94;116,27772,0.987077;114,22019,0.906462;119,24368,0.928308
354,211338;196,72084,0.988923;95,17968,0.933846;111,26600,0.975385;105,21515,0.880615;107,23801,0.930769
362,211259;194,71459,0.991385;95,18777,0.925846;112,27572,0.975385;108,21435,0.895077;110,24312,0.930769
380,211299;194,71069,0.993538;95,18745,0.922769;109,27168,0.981231;111,22075,0.921538;116,24374,0.934154
374,211335;195,71252,0.994154;102,18837,0.941231;122,27764,0.974769;115,22318,0.916308;115,24457,0.932923
370,211356;195,70710,0.990462;95,18871,0.935692;180,27399,0.985538;176,21787,0.920923;170,23442,0.927692
362,211287;194,70433,0.985538;144,18839,0.954769;171,26589,0.985231;168,21549,0.908923;191,23803,0.927077
351,211318;203,72644,0.982154;140,18544,0.952615;178,27409,0.974462;172,21463,0.882769;174,23671,0.907077
364,211258;196,71223,0.994462;152,18797,0.931692;180,26927,0.985231;176,21759,0.897846;177,23743,0.921846
357,211265;195,71867,0.981846;147,18376,0.925231;182,27712,0.979385;178,21910,0.912308;179,23919,0.928615
365,211256;197,71366,0.990769;147,18337,0.905231;179,26719,0.977231;168,21302,0.888923;168,23337,0.917846
362,211331;195,71423,0.987385;144,18987,0.946769;174,26253,0.974462;175,21701,0.904923;173,23703,0.909231
364,211254;201,72144,0.984308;142,18528,0.938462;181,26558,0.984;174,21993,0.889846;175,23769,0.917538
359,211189;196,71349,0.987077;159,17986,0.929846;178,26725,0.981538;168,20923,0.900923;168,22231,0.899692
364,211316;195,71284,0.989231;159,18604,0.924308;186,27563,0.979077;167,21358,0.884308;123,22921,0.904923
357,211282;196,71299,0.990462;95,18839,0.925846;188,26923,0.977538;170,21334,0.864308;181,24170,0.909231
362,211336;198,71475,0.992308;156,18987,0.949846;181,27735,0.972;177,22450,0.899077;174,23814,0.915077
365,211362;195,70976,0.984923;143,18658,0.936615;175,27700,0.980615;168,21654,0.896615;171,23773,0.918462
354,211312;197,71222,0.992;141,18641,0.926462;175,27036,0.984923;166,21657,0.896308;168,23126,0.919077
367,211221;198,71544,0.985538;142,18131,0.912923;180,27159,0.981231;174,22152,0.912308;177,23630,0.917538
358,211242;197,72186,0.992308;153,18664,0.947385;180,26878,0.971692;167,21130,0.907077;175,23516,0.916
356,211398;197,71141,0.988;150,19046,0.928;174,26925,0.972923;166,21138,0.889846;166,23209,0.915077
363,211314;192,69769,0.977846;144,18229,0.944615;182,26662,0.989538;169,21159,0.893231;167,22887,0.914769
348,211348;195,71001,0.987077;143,18108,0.925846;180,26847,0.978769;167,20773,0.879692;175,23057,0.912615
346,211284;196,69708,0.988;159,18194,0.928;182,25847,0.976;178,21216,0.9;175,22606,0.904923
356,211339;194,70945,0.987692;145,18424,0.927077;191,26894,0.972308;168,21019,0.898462;172,22800,0.904308
346,211331;193,70585,0.987385;144,17865,0.94;174,26179,0.981538;165,21025,0.905231;177,23595,0.919385
348,211355;194,70448,0.985231;146,18292,0.931385;181,27079,0.981231;170,21219,0.897846;174,23044,0.905231
355,211324;193,70046,0.989231;146,18002,0.946462;180,26072,0.978769;164,20771,0.885538;142,22424,0.913846
351,211326;276,71578,0.994154;186,18021,0.927692;214,26635,0.973846;176,20757,0.917846;178,22691,0.915077
345,211247;329,69823,0.986769;151,17728,0.923385;189,26015,0.981846;174,19839,0.899692;176,22203,0.921846
357,211290;332,70757,0.988615;153,17915,0.923385;181,25876,0.974462;158,20160,0.903692;158,21706,0.914462
347,211310;332,69366,0.992615;143,18068,0.935077;170,25963,0.990462;153,20183,0.891077;167,22139,0.916615
353,211309;325,69143,0.989231;146,17745,0.935692;172,25468,0.974769;159,20312,0.907077;160,21514,0.917846
360,211255;331,69483,0.991692;138,17432,0.944923;171,25328,0.972923;151,19472,0.853538;157,20549,0.889846
348,211256;327,69490,0.997538;140,17333,0.948615;163,24310,0.961538;152,19744,0.865231;164,22194,0.909846
352,211315;334,70812,0.995692;139,17411,0.930154;169,25418,0.956308;151,20071,0.875692;157,21647,0.906154
381,211320;330,69697,0.989538;139,18024,0.930769;168,25273,0.975385;159,20161,0.893846;157,21146,0.896615
366,211069;332,68981,0.987385;141,17254,0.939385;173,25646,0.985231;156,19227,0.888923;159,20617,0.889231
376,211258;329,70075,0.994154;143,17263,0.936923;176,25331,0.981538;159,19654,0.879692;164,21563,0.896923
371,211284;335,70041,0.997231;144,17444,0.936;172,24871,0.970154;156,19107,0.859385;156,21358,0.909538
369,211268;328,69091,0.990462;149,17210,0.922769;191,26025,0.983692;170,19676,0.870769;181,21750,0.915385
383,211246;330,69567,0.993231;152,16993,0.929846;191,24373,0.982462;176,19989,0.896923;176,20598,0.891692
370,211233;334,70131,0.995077;160,17311,0.933846;182,24493,0.967077;174,19659,0.887385;179,21590,0.919692
385,211297;328,69616,0.993538;156,17531,0.932;187,25441,0.966154;167,20157,0.868308;161,21607,0.905846
376,211305;329,69217,0.988308;141,17681,0.936923;169,25108,0.978769;154,19876,0.890462;160,21337,0.907077
366,211333;325,69544,0.990154;146,17797,0.942769;174,25029,0.972615;163,19894,0.900308;161,20999,0.905231
361,211128;329,69756,0.992;152,17433,0.935385;174,24996,0.967692;154,19369,0.902462;162,21298,0.916
371,211238;229,69197,0.990769;147,18095,0.950769;167,25122,0.978769;160,19937,0.898769;162,21273,0.900308
376,211327;198,70759,0.988;140,17684,0.929846;169,25375,0.972923;158,20045,0.892308;165,22211,0.911385
383,211313;196,70381,0.991385;146,17913,0.948923;182,25840,0.991077;164,20091,0.892308;161,21274,0.910462
377,211270;193,69501,0.989538;141,17671,0.933538;138,25019,0.983692;173,19864,0.904;192,20475,0.904308
378,211254;194,70170,0.990154;179,17231,0.935077;188,24902,0.973538;155,19692,0.891692;157,21364,0.918462
373,211266;195,69820,0.992;140,17391,0.935692;166,25071,0.982154;152,19119,0.888;154,20915,0.916308
375,211314;192,68815,0.987077;140,17629,0.952615;177,25503,0.974154;153,19424,0.891077;158,21385,0.912
381,211337;195,70140,0.987385;144,17969,0.931692;140,25602,0.979692;190,20037,0.876615;168,21440,0.901846
384,211262;331,68176,0.990462;142,17127,0.922154;171,24771,0.979385;149,19229,0.908923;154,20598,0.898462
374,211323;329,68387,0.981846;107,17446,0.936615;155,24469,0.976308;157,19012,0.879692;162,20765,0.909846
371,211286;336,69816,0.990769;143,17777,0.939385;174,25306,0.986462;153,19762,0.898462;156,21297,0.908308
379,211269;330,69341,0.996923;135,17157,0.942462;176,24688,0.974462;151,19010,0.881846;157,20994,0.921231
375,211286;334,70499,0.990769;141,17249,0.946462;133,24933,0.986154;104,20323,0.905846;98,21194,0.903692
381,211302;340,68857,0.994154;88,16907,0.942462;103,24325,0.984308;100,19686,0.881538;99,21451,0.92
378,211335;332,70349,0.992923;94,17281,0.938154;110,25094,0.987692;104,20432,0.908;101,21150,0.918462
373,211112;334,69661,0.989231;91,16783,0.939385;105,24671,0.985231;89,18268,0.828308;91,19933,0.882462
373,211268;290,69283,0.983692;93,17617,0.943385;106,25218,0.979385;102,19889,0.867692;102,21425,0.92
383,211291;198,69476,0.992308;98,17590,0.940923;106,25421,0.980923;97,19036,0.887385;100,21098,0.908308
380,211155;324,68524,0.984923;92,16715,0.912;108,24746,0.981538;101,19687,0.893846;99,20926,0.923692
377,211349;327,69484,0.992923;91,17641,0.924923;108,25608,0.982462;100,20186,0.901538;100,21185,0.922462
373,211255;333,69781,0.990462;137,17391,0.915692;169,25506,0.968;162,20106,0.870769;158,21476,0.928615
377,211346;330,69716,0.995385;143,18013,0.932308;172,26240,0.983692;160,20242,0.882154;165,22290,0.925231
385,211322;333,70672,0.984308;145,17932,0.937846;170,25529,0.974769;104,20522,0.871692;104,22324,0.928
370,211320;333,69713,0.994154;91,17094,0.933846;113,25646,0.978769;104,20408,0.909846;99,20954,0.896308
384,211274;333,70313,0.995692;94,17760,0.929231;106,25062,0.967077;100,20263,0.896;99,21540,0.908308
379,211295;332,70379,0.988308;97,18725,0.938462;108,26030,0.973231;101,20329,0.879077;106,22834,0.916308
370,211231;335,70254,0.987077;92,17463,0.936308;106,25239,0.975077;98,19897,0.886154;98,21500,0.923385
371,211120;331,70083,0.992923;94,17010,0.937846;104,24621,0.973538;97,19605,0.897231;97,21283,0.914462
361,211188;337,70450,0.992923;89,17534,0.917538;105,25264,0.977231;96,19677,0.906462;102,22002,0.930154
356,211271;330,69333,0.981231;88,17399,0.920615;104,24878,0.965538;98,19836,0.877231;100,21735,0.927692
369,211288;320,69455,0.986462;94,18159,0.922462;110,26764,0.979385;108,21098,0.892308;103,22370,0.925538
360,211334;336,71230,0.986154;91,17739,0.909846;108,26494,0.980308;109,21865,0.899077;108,23675,0.923385
353,211323;336,69821,0.995077;91,17990,0.940308;110,26207,0.981846;103,20685,0.914154;120,22321,0.926462
359,211311;333,70936,0.996;141,18525,0.934154;176,27002,0.973846;163,20792,0.905538;168,23092,0.927692
362,211307;337,71365,0.981538;149,18626,0.948;177,26859,0.978769;169,21357,0.899692;172,23428,0.92
366,211329;329,70124,0.982769;145,18417,0.936;170,26815,0.979385;162,21093,0.897846;169,22769,0.916615
361,211323;341,71346,0.988923;146,18136,0.918769;195,27021,0.989538;173,21616,0.903692;167,22610,0.920923
363,211364;340,71200,0.991692;144,18803,0.937538;173,26112,0.972923;163,21068,0.893231;165,22875,0.919077
365,211242;339,71391,0.992615;95,18148,0.925231;109,26331,0.976923;102,20627,0.865231;102,22553,0.916923
353,211222;345,72661,0.988923;96,18394,0.905231;110,26981,0.967692;110,21263,0.900308;171,23114,0.928923
370,211277;340,71228,0.991692;149,18642,0.937538;174,26739,0.980308;169,21522,0.904615;175,23097,0.917231
373,211334;330,70090,0.988308;155,18500,0.933846;113,26552,0.981231;110,21102,0.897846;109,22839,0.908308
353,211335;344,71169,0.990462;142,18227,0.918462;178,26734,0.988;166,21136,0.901538;170,22674,0.907385
351,211225;346,72092,0.988615;139,17922,0.911077;170,26147,0.984;164,20887,0.893538;165,22742,0.902462
359,211288;344,72441,0.984308;146,18519,0.932308;173,26986,0.977846;168,21387,0.884923;176,23941,0.912
353,211213;330,70716,0.985538;142,17742,0.927385;176,26231,0.986462;169,20767,0.884;170,22835,0.913846
356,211301;331,70623,0.985846;148,18791,0.953846;181,26733,0.990769;144,21854,0.894154;200,23085,0.890769
349,211237;288,70724,0.996;148,17476,0.934154;182,26483,0.982769;175,20610,0.881538;173,22657,0.9
355,211268;336,71046,0.988923;147,17951,0.942462;178,26057,0.980923;173,21151,0.899077;176,23044,0.906769
352,211254;336,72004,0.98;157,17826,0.912923;190,26673,0.975385;176,21120,0.879692;176,23271,0.915385
365,211280;334,70825,0.995385;150,18411,0.932615;182,26864,0.982462;178,21684,0.892923;174,23301,0.916615
360,211213;340,71248,0.992308;144,18008,0.939692;179,26439,0.978462;175,21126,0.882769;179,23066,0.902769
366,211357;335,71842,0.992308;145,18306,0.927077;180,26977,0.979077;184,21894,0.906769;181,23876,0.907385
377,211323;338,70834,0.991077;149,18591,0.938462;175,26576,0.974462;171,21645,0.900615;177,23699,0.917538
374,211180;335,70560,0.994462;142,18236,0.927692;174,26293,0.978462;169,21316,0.902154;171,23314,0.920923
375,211312;335,71577,0.993231;137,18005,0.915077;186,26393,0.960923;170,21388,0.902154;176,23419,0.922462
379,211294;341,71806,0.987385;139,18167,0.920615;173,26763,0.976;171,21383,0.905538;164,22581,0.927692
362,211258;334,71621,0.989538;148,17898,0.929846;175,26555,0.974154;170,21721,0.910769;174,23962,0.911385
369,211155;335,71171,0.992923;142,18298,0.918462;167,26189,0.974154;162,20678,0.894154;173,23367,0.904308
355,211335;337,71366,0.987692;141,18446,0.937846;183,26877,0.969846;177,21638,0.899692;175,23483,0.902769
359,211292;338,71869,0.988923;143,18425,0.932;151,26544,0.976615;112,21665,0.898769;112,23778,0.917538
356,211269;303,70378,0.987692;109,18431,0.934462;115,26555,0.985231;108,21190,0.864923;108,23574,0.917231
356,211222;191,69701,0.987385;91,17106,0.915385;110,25834,0.976615;102,20753,0.863385;109,23417,0.913231
360,211274;196,71243,0.991385;97,18082,0.939385;105,25812,0.984308;108,21412,0.907077;107,22907,0.912308
357,211285;195,70012,0.991077;90,18551,0.943077;119,26057,0.973231;107,21116,0.865846;108,23219,0.898769
361,211249;191,70365,0.988;93,18181,0.941846;109,26217,0.979385;161,20798,0.866154;165,23105,0.92
354,211247;202,70922,0.988308;139,18116,0.949231;169,25989,0.970462;150,21597,0.894462;176,22750,0.913538
354,211313;200,70866,0.990769;149,18235,0.952923;175,25364,0.971385;170,21214,0.898462;172,22883,0.908615
360,211283;197,70616,0.988615;148,18561,0.940308;174,25823,0.969231;130,21163,0.892;137,23095,0.903692
362,211362;195,70795,0.984923;102,18541,0.943692;116,26896,0.967385;112,21695,0.895385;111,23719,0.917846
350,211348;195,70951,0.982462;108,18716,0.953231;108,26471,0.981231;104,20965,0.884923;105,22974,0.909846
358,211257;193,69972,0.981846;93,17838,0.944923;107,25660,0.975385;103,20804,0.892308;105,23009,0.923077
355,211325;193,70930,0.984923;100,18681,0.945538;113,26746,0.974154;111,21717,0.900308;107,23062,0.926769
356,211314;196,71650,0.993538;96,17997,0.922462;113,26448,0.965231;106,21304,0.888615;109,23355,0.912308
359,211334;195,70570,0.991077;151,18595,0.938154;188,27256,0.985231;165,21050,0.897538;173,23110,0.922154
354,211332;195,70894,0.996;145,18173,0.950154;171,26013,0.967385;166,21113,0.893538;167,22891,0.927385
344,211282;196,70895,0.991385;149,17495,0.934462;168,25374,0.979692;102,20725,0.896615;101,22365,0.920923
358,211308;244,70784,0.993538;92,18098,0.938154;109,25824,0.972923;105,21042,0.890769;103,22739,0.912308
361,211154;333,70783,0.995077;91,17981,0.952923;106,25797,0.975692;104,21162,0.914154;99,22301,0.918462
372,211317;334,70144,0.991692;104,18043,0.939385;199,26701,0.982154;168,21592,0.908615;171,23426,0.922462
369,211248;335,70480,0.993846;147,18850,0.94;176,27209,0.992615;152,21903,0.924923;105,22970,0.923385
367,211218;337,70306,0.986462;169,18004,0.926462;175,26310,0.978154;162,20159,0.887385;165,21970,0.915692
370,211435;331,69638,0.984308;130,19068,0.940923;200,27043,0.967385;179,21520,0.903692;176,23164,0.924
356,211322;333,71005,0.992308;94,17826,0.915077;122,27401,0.984;110,21699,0.922462;106,23046,0.935385
352,210432;335,70632,0.989538;86,16990,0.922462;111,24628,0.984;156,20244,0.901846;153,21092,0.915692
360,211317;339,70773,0.995692;145,18423,0.933231;170,26173,0.979385;162,21245,0.916;168,22867,0.932
355,211372;331,69782,0.989231;161,18661,0.925538;184,27343,0.981231;172,21742,0.917846;169,23165,0.918462
355,211342;334,70601,0.994154;147,18516,0.924615;185,26948,0.983385;170,21558,0.879385;180,23528,0.915077
369,211271;330,70196,0.982769;139,18202,0.946462;181,25929,0.973846;168,21005,0.907692;176,22296,0.910462
363,211255;329,69945,0.993231;150,18202,0.946154;181,26120,0.98;166,20873,0.902462;167,22582,0.911077
358,211238;329,70741,0.992615;148,18155,0.944923;174,26636,0.981846;169,21500,0.904;171,23221,0.912308
365,211323;330,70630,0.988923;151,18909,0.938154;180,27112,0.976308;177,22449,0.922462;170,23620,0.935385
360,211340;313,70874,0.991385;145,18486,0.943692;176,26580,0.983385;167,20955,0.887077;172,23153,0.927077
348,211338;312,70528,0.984923;149,18638,0.954769;184,26984,0.984308;171,21276,0.903385;171,22755,0.912615
360,211269;311,70112,0.988923;155,18282,0.935385;180,25880,0.986154;172,21150,0.906769;169,22419,0.911692
355,211259;312,70404,0.987692;145,17747,0.943385;184,25432,0.976;163,20459,0.897846;171,22318,0.914462
354,211326;341,71301,0.988923;153,18277,0.931077;183,26773,0.978154;174,21151,0.885231;131,23352,0.918154
357,211340;329,70083,0.987077;147,18075,0.936923;188,26186,0.970154;169,20866,0.906462;176,22980,0.914462
354,211296;335,70433,0.991385;146,17650,0.936615;192,26383,0.981538;167,21437,0.911692;173,22530,0.924
350,211285;331,70582,0.988923;155,17842,0.927077;174,26120,0.982462;161,20678,0.926154;168,22250,0.924615
354,211236;337,70839,0.986462;148,18269,0.960923;107,25956,0.988308;98,20490,0.905846;102,22321,0.925538
351,211319;332,71389,0.998154;91,18030,0.949538;108,26350,0.985231;106,21079,0.895077;102,22320,0.923692
364,211328;327,70729,0.991385;88,17836,0.944615;112,26274,0.989538;103,21177,0.909846;106,22639,0.922769
382,211256;393,71558,0.990769;94,17325,0.94;112,25813,0.984;101,20299,0.897846;102,22061,0.918462
376,211285;327,69433,0.993538;98,17999,0.921846;115,26421,0.978769;108,21471,0.881538;107,23430,0.931385
369,211260;328,69525,0.989846;88,17377,0.950154;103,24734,0.973538;101,20703,0.906462;102,21950,0.907692
371,211244;329,70287,0.994462;133,17678,0.940923;173,25321,0.976615;177,21252,0.908923;180,23050,0.916
369,211196;330,70440,0.992923;151,17197,0.932923;184,24962,0.972308;175,20474,0.891385;184,22129,0.903077
385,211290;329,70882,0.987077;155,18031,0.941538;198,26112,0.976923;173,20781,0.881231;181,22757,0.919692
384,211239;334,70922,0.989846;160,17684,0.943077;188,25918,0.983692;173,20789,0.892615;174,22105,0.916923
393,211212;330,70573,0.989231;150,17256,0.942769;201,25615,0.987692;167,20576,0.910462;168,21770,0.915692
390,211269;327,70017,0.991077;150,17533,0.916308;169,24784,0.971385;158,20426,0.897846;159,22190,0.913231
374,211237;332,72137,0.982154;135,17036,0.934769;157,24768,0.959692;165,20398,0.890769;178,22090,0.907385
379,211250;334,71207,0.990154;155,17869,0.941231;175,25875,0.967385;162,21025,0.904308;165,22392,0.920923
378,211312;333,71522,0.984;145,17538,0.946769;178,26046,0.971077;159,20679,0.887385;157,22412,0.926769
377,211323;287,70572,0.985538;138,17908,0.936;179,25833,0.970769;152,20666,0.896615;169,22318,0.92
370,211329;361,70690,0.979077;155,18020,0.909846;173,25284,0.965231;161,20776,0.906462;118,22239,0.892923
392,211338;316,70565,0.994154;94,18132,0.955692;112,26161,0.976615;105,21247,0.906154;105,22633,0.901538
393,211256;311,70688,0.992;92,17655,0.921538;158,25022,0.959385;118,19930,0.870462;105,22463,0.908615
381,211166;310,71155,0.991385;109,17640,0.921231;121,25260,0.963077;98,20539,0.895077;102,22600,0.922462
397,211227;313,72134,0.986154;87,17427,0.940615;108,26245,0.979692;101,20648,0.892923;105,23052,0.926769
385,211169;305,70642,0.987385;142,18184,0.942462;174,26141,0.980308;169,21684,0.904308;169,22830,0.917538
389,211333;305,70556,0.995077;141,18114,0.933538;169,25432,0.973231;157,20781,0.889231;159,22105,0.904308
372,211243;312,71581,0.995692;131,16925,0.919077;166,25496,0.982154;159,20547,0.886769;166,22309,0.922154
384,211156;305,70763,0.985538;142,17104,0.904;169,25374,0.969231;162,20384,0.888923;157,21626,0.906462
375,211240;314,71707,0.990462;138,17505,0.926462;195,26124,0.977538;157,20764,0.876923;133,22853,0.889538
377,211273;306,70860,0.986154;130,17398,0.934769;174,25646,0.981538;162,21393,0.901538;176,23549,0.908308
380,211252;309,70955,0.984923;141,17387,0.922154;172,25091,0.981538;165,20860,0.882769;168,22560,0.886769
381,211167;312,71782,0.987077;144,16450,0.913538;189,24550,0.969231;170,20708,0.888;174,22138,0.907692
384,211152;317,72759,0.987077;146,17198,0.934154;174,25040,0.977846;168,20360,0.892923;171,21959,0.898769
373,211157;302,70261,0.993846;148,17115,0.932923;173,24609,0.971077;162,20089,0.887077;171,22335,0.913846
379,211146;306,70583,0.996615;146,17555,0.945231;172,24424,0.976308;167,20690,0.895077;177,22267,0.911385
381,211208;310,70737,0.982154;154,17304,0.924;183,24811,0.970154;162,20381,0.868;175,22668,0.890462
382,211200;312,71373,0.986769;139,17408,0.927692;170,26122,0.978769;172,21227,0.897231;174,23710,0.892923
374,211143;317,72375,0.990462;136,17143,0.916615;174,25162,0.964615;158,20425,0.880615;171,23154,0.893231
380,211225;313,71570,0.991692;139,17142,0.913538;168,25750,0.977846;170,21615,0.901846;170,22904,0.895077
381,211183;318,72824,0.996308;136,17169,0.916923;163,24531,0.973538;164,20746,0.893538;175,23328,0.900923
373,211238;307,70472,0.984615;139,17361,0.926769;165,25267,0.973538;159,20785,0.891385;163,22884,0.892308
380,211224;362,72069,0.990154;136,17219,0.931077;166,25563,0.976615;154,20848,0.900615;168,23009,0.908615
384,211225;317,71911,0.996923;133,17068,0.930769;146,25172,0.962769;105,20678,0.894769;157,23191,0.914462
384,211232;314,71425,0.985231;149,17495,0.928923;179,25663,0.970154;179,21466,0.899692;109,23610,0.914154
372,211189;316,72380,0.986154;93,17639,0.944615;120,25177,0.980615;119,20549,0.896615;119,23738,0.913846
377,211101;306,71320,0.988;130,16681,0.928308;155,23668,0.969538;147,20076,0.883692;104,22232,0.894154
375,211202;316,72810,0.987692;92,17138,0.928308;105,25417,0.979385;112,21226,0.883692;109,23069,0.880615
382,211184;312,71529,0.997538;94,17361,0.923692;109,25426,0.979385;109,21184,0.860615;107,23090,0.884
375,211226;307,70913,0.985538;93,17517,0.928308;110,25965,0.980615;110,21460,0.882769;107,23269,0.891385
372,211139;311,72130,0.993846;135,16759,0.940923;166,25288,0.981846;198,20524,0.897846;213,22644,0.886462
378,211157;308,71099,0.987077;169,17224,0.932;165,24880,0.969846;161,20875,0.887692;172,23587,0.902769
381,211199;309,71836,0.988923;134,17332,0.940923;173,25638,0.984308;169,21395,0.883077;169,23221,0.904308
376,211196;316,71553,0.991077;125,16915,0.924923;158,25200,0.974769;160,20669,0.871077;119,22809,0.881538
371,211211;308,72097,0.988615;122,17422,0.919692;169,26020,0.968;120,21204,0.878154;112,23860,0.891692
373,211245;316,71498,0.983692;137,18138,0.936308;168,26110,0.976615;176,21781,0.891385;178,23904,0.886462
367,211223;310,71161,0.986769;145,17632,0.933231;174,25776,0.965231;169,21323,0.872615;167,24144,0.894769
375,211257;314,72272,0.992308;89,17950,0.929846;163,26174,0.978462;175,21876,0.874462;183,24979,0.904308
374,211271;316,72982,0.988;137,18119,0.913846;166,26938,0.960615;173,22220,0.882462;173,25162,0.900308
375,211198;318,72897,0.982769;130,17455,0.916615;187,25992,0.964308;172,21359,0.881538;124,24122,0.883077
377,211083;314,72212,0.982154;130,17549,0.924615;178,26594,0.976923;179,21398,0.871385;186,24814,0.901538
384,211294;319,72778,0.987077;99,18317,0.933231;112,26914,0.975385;119,22164,0.882769;116,24568,0.897538
382,211168;314,72795,0.98;96,17406,0.922462;107,25573,0.969538;110,21375,0.869846;112,24698,0.898154
380,211116;317,73039,0.998462;123,17123,0.914154;108,26142,0.973538;114,21855,0.874769;117,25224,0.888308
378,211063;362,71810,0.976923;93,17629,0.935385;107,26084,0.977538;112,21498,0.872308;114,24925,0.880615
378,210885;316,72159,0.989846;161,17131,0.929538;195,25527,0.980615;200,21138,0.851692;199,23845,0.882154
377,210841;339,72721,0.987692;153,17350,0.915077;193,25982,0.973231;179,21804,0.868308;188,24733,0.884308
346,210949;335,72167,0.986769;141,17519,0.926462;163,25754,0.948308;171,21116,0.865538;183,25171,0.873231
341,210638;332,72919,0.989846;134,17331,0.938769;158,24891,0.964923;181,20791,0.847692;206,24666,0.874154
343,210573;334,73337,0.989231;138,16851,0.916;170,25349,0.970154;175,21264,0.86;185,25061,0.891077
341,208357;339,73389,0.987385;120,15536,0.930154;142,22343,0.947077;155,19201,0.858462;164,22986,0.881231
346,208157;336,73502,0.987077;115,14093,0.917538;139,21652,0.956;146,18385,0.860923;156,21978,0.880308
339,204815;353,73313,0.991692;113,12510,0.926769;113,19337,0.972615;164,16952,0.845231;178,21172,0.882154
328,200281;343,74323,0.988308;103,11757,0.917231;132,18107,0.968;131,15881,0.844308;136,19143,0.862769
314,193318;339,73030,0.986154;80,9967,0.912923;107,15216,0.947385;120,14561,0.843077;129,17840,0.867385
307,191576;341,73650,0.984;86,9656,0.910769;103,14464,0.945538;111,13279,0.839692;127,16716,0.860308
310,191415;336,74067,0.990769;82,9465,0.924615;102,14089,0.956615;113,13254,0.842462;121,16424,0.854154
299,185102;315,73505,0.989846;71,8211,0.925231;103,13695,0.968615;116,12529,0.840923;118,15464,0.854462
292,177393;314,72471,0.986462;94,7500,0.92;101,11840,0.962462;103,11292,0.843692;111,13714,0.848923
269,159327;317,73766,0.981538;65,6316,0.917846;87,9574,0.939077;85,9434,0.834462;94,11699,0.836
243,137209;316,73290,0.992308;63,4986,0.916615;62,7134,0.951692;54,7291,0.839077;67,9468,0.851385
242,136440;326,73480,0.985538;52,4737,0.922769;42,7736,0.946769;39,7779,0.840923;75,9889,0.849538
216,123213;274,73946,0.986769;54,4106,0.929231;57,6494,0.955077;43,6141,0.839692;38,8286,0.848
191,106664;294,73030,0.988923;28,3147,0.917846;35,5403,0.96;28,5436,0.847692;32,6811,0.853846
175,99805;350,72163,0.988;30,2996,0.937538;31,4490,0.965846;25,4642,0.847385;29,6418,0.854154
154,90662;412,72776,0.989538;19,2403,0.943385;26,3919,0.971692;20,4138,0.844615;21,4951,0.851077
125,68800;344,72183,0.984923;26,1860,0.942769;24,2910,0.971077;16,3139,0.838462;19,4189,0.847692
113,61284;335,72929,0.993231;17,1404,0.942462;15,2225,0.970462;11,2249,0.838154;15,3415,0.845846
82,43339;343,74573,0.989538;17,1039,0.950462;16,1259,0.974769;6,1320,0.844615;13,2111,0.844308
52,27444;332,72988,0.987692;21,850,0.947692;15,1279,0.977846;10,1295,0.843385;11,1654,0.842769
54,29280;334,72763,0.990154;16,649,0.955077;13,1067,0.977231;7,959,0.843077;8,1309,0.843077
33,18342;335,72833,0.988615;14,423,0.953538;12,688,0.976923;5,650,0.842462;5,797,0.842769
7,2580;351,73039,0.991385;15,149,0.953846;11,137,0.976923;1,208,0.843077;1,192,0.843077
8,3220;334,72407,0.994462;19,135,0.953231;16,241,0.976923;2,231,0.842462;2,227,0.842462
5,1941;334,72632,0.990769;11,65,0.952615;15,159,0.976308;1,121,0.842769;2,227,0.842769
4,1937;337,72912,0.991077;22,150,0.953846;13,169,0.976923;1,123,0.843077;1,160,0.842769
