208,210925;229,73082,0.995692;94,38306,0.954769;155,49196,0.989231;141,41013,0.956923;134,43497,0.982769
219,211615;234,73194,0.985538;80,23835,0.932308;92,33732,0.976923;102,25922,0.887077;108,29518,0.944923
216,211656;242,74370,0.990769;85,23535,0.936923;98,34229,0.982462;105,26427,0.935385;106,29318,0.953846
217,211621;231,72415,0.991385;89,23895,0.943077;100,33512,0.984308;104,25655,0.932308;111,29008,0.947692
220,211598;230,72201,0.994462;87,23547,0.962154;103,33086,0.974462;101,25000,0.875385;105,28280,0.939077
219,211656;234,73244,0.993538;92,23671,0.937846;102,33503,0.979077;108,25802,0.894769;108,28433,0.918154
215,211603;234,72994,0.994462;91,23252,0.931385;102,33469,0.982154;107,25876,0.897846;112,29439,0.928308
219,211613;234,72897,0.996;94,23460,0.946154;108,33809,0.987692;110,26137,0.907385;109,29091,0.942462
223,211502;231,71813,0.996;94,22677,0.930769;98,31925,0.982462;105,25587,0.911077;104,28488,0.946154
218,211532;228,71459,0.994462;93,23122,0.926462;104,32626,0.974154;106,25069,0.905538;101,27793,0.944615
216,211578;231,72038,0.994462;85,22818,0.937538;95,32382,0.970462;106,25324,0.902769;106,28516,0.940308
220,211649;230,72106,0.995077;90,22772,0.916615;109,33725,0.984923;162,26367,0.913538;142,28823,0.949538
223,211559;236,73333,0.984615;85,23287,0.912615;100,32776,0.983692;104,25296,0.849846;107,28705,0.940923
219,211524;243,73123,0.979692;86,22985,0.939077;98,32145,0.988615;111,26096,0.924923;104,28820,0.947077
217,211605;233,72577,0.994462;93,23261,0.926462;100,32981,0.983692;114,27409,0.935385;104,28731,0.934154
222,211501;233,71929,0.985538;86,22558,0.920615;99,32990,0.972923;106,26193,0.904615;105,29158,0.957846
225,211591;232,72344,0.989846;93,22832,0.930462;102,33226,0.981538;113,26472,0.917846;113,29357,0.935077
221,211552;230,71944,0.995692;94,23110,0.92;108,32792,0.985538;115,26332,0.915692;108,29194,0.936923
228,211574;234,72248,0.989231;89,22598,0.942769;103,32743,0.979385;110,26164,0.927692;108,29105,0.945538
226,211480;232,71518,0.994462;84,22474,0.935077;103,33198,0.986462;103,25510,0.885538;104,29247,0.952615
224,211598;233,72618,0.989538;88,23947,0.936615;99,33864,0.987692;109,26101,0.891385;105,29110,0.955692
226,211528;231,72267,0.992308;87,22711,0.936308;100,32778,0.988615;110,26296,0.899385;103,29305,0.949538
221,211587;235,73094,0.996923;90,23419,0.940308;110,32694,0.969231;120,26691,0.913231;123,29616,0.930462
223,211468;233,73566,0.985538;98,22864,0.926462;122,32256,0.981231;116,24818,0.882462;122,29143,0.945231
221,211595;236,72791,0.995077;115,23296,0.952308;113,33856,0.987692;124,26649,0.921846;123,29401,0.942154
221,211506;238,72573,0.983077;97,22153,0.941231;111,31921,0.985846;111,24637,0.889538;112,27856,0.932615
222,211542;238,73379,0.993231;92,22685,0.944923;111,32531,0.968615;108,25199,0.879385;102,28305,0.939385
221,211587;234,71968,0.989846;93,23082,0.916615;98,32770,0.981538;109,26033,0.909846;102,28168,0.939077
221,211579;231,71553,0.992308;87,22791,0.930154;96,32299,0.982769;105,25576,0.885846;102,28061,0.936615
221,211622;238,72658,0.996308;85,22953,0.936308;104,33040,0.989231;162,25899,0.917846;157,28664,0.934462
221,211595;239,72686,0.992615;133,22299,0.930769;150,32387,0.984923;170,25980,0.919692;154,27745,0.930769
222,211373;232,71940,0.990154;127,21905,0.931692;155,31848,0.982154;146,23865,0.912;146,27327,0.928
227,211557;229,71939,0.992;120,22347,0.929231;149,32287,0.992;156,24967,0.903077;166,26832,0.917846
221,211535;230,71883,0.992;121,22232,0.932923;153,31534,0.975077;151,24564,0.886462;145,26282,0.928308
220,211539;231,71329,0.995385;125,22223,0.929231;145,31321,0.985538;149,23834,0.882154;142,26475,0.942462
221,211520;237,72064,0.990154;119,21647,0.942462;103,30971,0.991692;96,23737,0.892615;96,25846,0.916923
221,211530;232,70840,0.988923;84,21655,0.946769;101,30959,0.987077;99,24567,0.920923;96,25577,0.923385
220,211519;231,71478,0.995077;93,22228,0.926154;104,31408,0.987077;102,24666,0.899692;97,26600,0.919692
220,211558;228,70362,0.991077;88,22329,0.945538;105,31950,0.989846;99,23286,0.900615;100,25709,0.929846
220,211604;232,71842,0.990462;92,22751,0.938154;101,31851,0.989846;99,23539,0.905538;97,26225,0.939692
219,211518;237,70795,0.994462;88,21544,0.932308;105,31153,0.979385;95,23801,0.884923;95,25903,0.933538
220,211523;227,70149,0.990154;82,21551,0.935385;100,31070,0.981231;98,23598,0.904615;97,25375,0.931692
221,211571;228,70256,0.992615;85,22397,0.944615;101,31961,0.982462;95,23516,0.875385;95,26478,0.913538
220,211634;225,69946,0.993846;87,22415,0.954154;101,32410,0.979385;98,24159,0.866769;98,26307,0.942462
220,211556;224,70890,0.992308;124,21631,0.915692;153,31204,0.979385;138,23183,0.873231;137,25036,0.913538
221,211533;230,70252,0.992;132,22499,0.923692;154,32492,0.978462;145,23587,0.845538;146,26406,0.934154
221,211650;230,71334,0.994154;136,22986,0.945538;148,32047,0.972923;145,24293,0.879692;141,26950,0.934154
221,211483;233,71415,0.995077;124,22659,0.950462;141,31986,0.98;137,23913,0.891692;135,25709,0.916615
221,211569;260,71714,0.991077;129,22481,0.947692;154,32396,0.982154;140,25055,0.900615;153,26476,0.941846
222,211457;227,70483,0.993231;136,22868,0.936308;152,32280,0.984;151,25003,0.885846;145,26648,0.926154
221,211434;236,71525,0.991692;133,22334,0.933231;151,31220,0.973231;133,23348,0.877538;139,25760,0.927385
221,211559;235,71687,0.993231;128,22437,0.929231;155,32472,0.983077;146,24157,0.907077;148,26597,0.936308
221,211648;232,71130,0.982154;136,22496,0.916308;151,32368,0.981538;150,24467,0.889846;148,26405,0.924
221,211567;231,71534,0.987385;138,22974,0.940615;162,32713,0.980923;147,24530,0.921846;151,27559,0.960923
221,211573;234,71589,0.992308;134,22622,0.948615;154,32488,0.985231;150,24863,0.893846;150,27509,0.938154
222,211565;232,71405,0.998462;133,23025,0.926769;153,32876,0.982154;156,24889,0.930462;154,27417,0.948308
221,211588;231,70773,0.995692;128,22970,0.912615;157,32860,0.985538;145,24302,0.884615;151,27321,0.944615
222,211532;235,71310,0.996923;123,22477,0.926462;155,32638,0.984615;156,24611,0.917846;149,26554,0.938769
222,211504;229,71793,0.990462;124,22959,0.944308;148,32815,0.984923;154,24536,0.885846;155,27370,0.935692
221,211558;229,70499,0.994462;136,23041,0.939077;160,32599,0.985538;156,25350,0.925538;146,26753,0.942462
233,211637;232,71632,0.994462;138,23438,0.938154;156,33294,0.992;148,25078,0.922462;147,27552,0.942462
235,211514;232,72485,0.994462;137,22505,0.944;150,31065,0.979692;142,24260,0.918769;150,26184,0.940615
233,211587;223,70951,0.987077;144,22906,0.939077;167,33216,0.981231;167,24928,0.919385;166,28005,0.952308
235,211595;229,71783,0.984923;149,22773,0.939077;163,32623,0.985538;168,25238,0.937231;172,27826,0.955077
233,211606;233,72425,0.998154;143,22856,0.947385;166,32779,0.984308;161,24829,0.928923;161,27260,0.945846
235,211589;223,71556,0.994462;139,22950,0.942769;158,32619,0.986769;143,25066,0.919077;133,26929,0.934462
235,211578;264,71525,0.988;121,22420,0.94;155,32873,0.986462;149,25028,0.907692;143,27648,0.936
239,211496;227,70881,0.991077;128,22096,0.923692;147,31492,0.979385;148,24624,0.912308;147,26938,0.949231
235,211581;232,71448,0.990769;121,22048,0.931692;148,31705,0.984923;149,24634,0.912615;152,27439,0.927385
237,211201;239,73142,0.990769;126,22404,0.926154;148,32031,0.978462;149,25588,0.927077;149,28004,0.951077
236,211383;237,72963,0.988615;128,21921,0.936615;142,31695,0.987385;108,24747,0.897231;105,28343,0.961231
234,211590;238,72960,0.995385;90,22610,0.939077;103,32466,0.984308;105,25371,0.900923;105,28452,0.935692
236,210704;235,72626,0.987692;84,20193,0.932308;92,30180,0.982154;101,23566,0.920615;99,26906,0.936615
234,209791;242,73007,0.992923;79,18771,0.916615;93,28336,0.980923;99,22239,0.890769;96,26034,0.925231
232,205204;236,72334,0.984;67,16333,0.912923;81,23876,0.967385;87,20619,0.913846;87,23891,0.933231
220,195166;230,71844,0.994154;57,12959,0.913231;71,20381,0.972;74,16638,0.892923;82,20145,0.917846
190,169995;232,73165,0.993231;42,8775,0.911385;51,14808,0.983692;50,12057,0.900308;58,15523,0.912308
161,142186;231,73181,0.994462;33,6617,0.912308;41,10906,0.968308;38,9546,0.891692;44,11810,0.905846
112,100397;230,72101,0.993538;26,3961,0.909846;30,6039,0.954154;24,5960,0.892308;25,7177,0.901231
75,67864;230,72180,0.991692;20,2724,0.920923;22,4030,0.969231;14,3723,0.886154;15,4481,0.893846
44,39949;231,73198,0.992;14,1332,0.928;12,1977,0.974154;7,1903,0.886462;7,2362,0.895077
21,18961;228,72174,0.994462;7,460,0.928;10,651,0.974462;2,602,0.886154;2,707,0.894769
5,3221;228,71267,0.996;2,45,0.928;2,50,0.974462;0,65,0.886154;0,65,0.894769
5,3221;226,72426,0.994462;1,43,0.927692;1,48,0.974154;0,64,0.886769;0,65,0.895077
4,3221;264,71620,0.994154;1,45,0.927077;4,58,0.974462;0,65,0.886462;0,65,0.894769
5,4508;233,71694,0.992;5,93,0.928;4,155,0.974154;0,115,0.886769;0,118,0.895385
