174,210925;209,72733,0.986154;146,38122,0.961231;181,49508,0.987692;222,40565,0.947385;219,43063,0.978154
168,191771;213,73143,0.993846;89,13778,0.931385;104,20848,0.976;101,16117,0.904308;111,19414,0.959692
178,195043;210,73249,0.988615;98,14842,0.920923;111,21334,0.982462;121,17954,0.906462;124,20420,0.956615
180,193061;212,72838,0.997231;103,14429,0.922154;108,20912,0.976923;112,17100,0.928615;118,19256,0.940923
185,199242;211,72331,0.992308;99,15058,0.926154;114,21385,0.975385;117,18162,0.923692;119,20724,0.944
181,193060;214,72479,0.989231;93,14202,0.923692;103,20166,0.979692;106,16506,0.912923;114,19275,0.920615
184,194668;216,72479,0.996923;99,14515,0.921538;119,21164,0.980615;120,17467,0.915077;125,20264,0.936615
183,197243;209,72103,0.987077;98,14810,0.905846;120,20901,0.974769;118,17583,0.907077;127,20161,0.938769
187,198171;212,72480,0.997538;97,14556,0.925846;114,20849,0.982462;116,17552,0.886769;122,19686,0.926462
187,196576;209,71864,0.991385;94,14339,0.915077;110,20677,0.964923;122,18316,0.893231;123,20519,0.920615
187,196110;213,72561,0.992923;93,14373,0.928308;112,21480,0.982462;97,17088,0.898154;78,19787,0.924
186,199571;211,72874,0.991385;69,14884,0.922154;78,21594,0.970769;78,17744,0.892308;80,20482,0.918769
188,199808;209,71773,0.996615;66,14521,0.922462;80,21491,0.964308;75,17484,0.872923;81,20950,0.923385
190,200395;212,72470,0.998154;66,14790,0.907385;80,21649,0.971077;80,18208,0.910462;81,20498,0.928615
181,193762;210,71697,0.994769;63,13528,0.917231;69,19435,0.974154;74,16767,0.921846;71,18293,0.938462
189,200379;218,72048,0.996;66,14677,0.920308;77,21308,0.975385;80,18235,0.918769;83,20519,0.934462
188,197564;211,72418,0.991385;61,14338,0.920615;72,20940,0.981538;76,17108,0.913846;80,20377,0.936
188,198304;210,71443,0.992;68,14745,0.918154;75,21945,0.984923;76,17742,0.921538;79,20045,0.938462
188,197071;212,73155,0.996923;66,13896,0.926462;75,21371,0.982462;71,16519,0.922154;75,19151,0.944923
185,196381;143,73279,0.996;64,14567,0.934154;75,20958,0.983692;76,17636,0.929231;79,19699,0.948
188,197057;142,72244,0.993846;58,13392,0.920923;72,20031,0.977846;71,16637,0.925846;73,18902,0.938154
178,197804;145,73128,0.994769;60,13687,0.914769;73,20622,0.968308;69,16846,0.917846;94,19274,0.929231
182,201831;142,73327,0.988;95,14958,0.908923;110,20851,0.968308;112,18036,0.921538;116,19806,0.926154
201,197971;145,71918,0.993538;98,14388,0.912923;114,20770,0.963077;105,16863,0.924;111,19521,0.931692
184,195386;149,72123,0.992;91,14639,0.924615;111,21475,0.978462;115,17529,0.913538;89,20553,0.932923
187,197391;151,72443,0.985231;71,14938,0.927385;82,21090,0.975692;78,17379,0.891077;82,20238,0.932
182,193033;152,74314,0.985231;63,12676,0.907692;72,19483,0.961846;70,15785,0.891385;78,19162,0.929231
189,197020;145,71334,0.997846;60,13467,0.918462;74,19746,0.972;68,16303,0.909846;73,18677,0.933538
174,194157;145,72508,0.992923;61,13578,0.904923;70,20197,0.970769;69,15987,0.911385;79,19115,0.920923
176,196016;145,71683,0.995692;64,13605,0.923692;71,19866,0.975385;74,16709,0.914462;78,19368,0.918462
172,191270;146,72153,0.994462;66,13095,0.910769;72,18912,0.963385;72,15489,0.893538;73,18022,0.914462
178,194516;146,72016,0.995385;63,13913,0.903692;77,20226,0.954769;69,16388,0.913538;79,19084,0.927385
190,197559;148,72969,0.990769;69,14670,0.913538;84,21719,0.958462;79,17404,0.903077;85,20170,0.918154
186,194988;151,72505,0.992923;96,14042,0.907077;107,20216,0.969231;107,16705,0.881231;113,19384,0.932
189,195610;155,72427,0.996615;92,13704,0.914462;107,20292,0.964923;98,17110,0.892923;122,19400,0.936308
186,193754;153,72459,0.991692;102,13784,0.928923;108,20918,0.970154;114,17277,0.905231;118,19340,0.925538
188,196181;154,72550,0.994769;98,13937,0.918462;123,20749,0.975692;119,17425,0.919692;117,19384,0.927077
186,196338;153,72503,0.992615;99,14427,0.928615;107,20737,0.984;100,16415,0.912308;81,19839,0.948
179,190551;149,72237,0.992;64,13126,0.917846;72,19807,0.973538;76,16493,0.913846;78,19330,0.941538
173,190501;147,71535,0.993231;62,12960,0.924615;66,18788,0.973846;69,15820,0.912;74,19027,0.939692
175,191700;149,72130,0.992;66,13261,0.930462;68,19598,0.971692;72,16517,0.916;73,18781,0.916615
178,195035;156,73110,0.985538;66,14217,0.914769;80,20518,0.979077;79,17070,0.915385;81,19698,0.925846
184,194149;153,71423,0.992615;66,13767,0.901538;73,19998,0.972;76,16776,0.908;77,19037,0.931077
192,195611;156,72476,0.993846;91,13656,0.914462;114,19884,0.967077;110,16692,0.901538;121,19515,0.921538
184,189288;148,71526,0.994154;97,13255,0.896;117,19644,0.946769;109,15665,0.890462;119,19682,0.931077
196,200233;148,72866,0.996923;101,14916,0.904615;128,21944,0.960308;129,18339,0.903692;130,21347,0.94
190,196842;152,73207,0.989846;94,14083,0.916615;113,20656,0.971385;116,17583,0.914769;119,20262,0.937846
193,201029;149,73140,0.992923;98,14331,0.914154;114,21800,0.983692;116,17642,0.914462;124,20975,0.927385
196,200100;154,73004,0.992308;103,14578,0.921846;120,21928,0.979077;115,17750,0.901846;128,20885,0.924308
177,194709;151,71697,0.990462;104,14265,0.931077;115,21203,0.975385;114,17246,0.900308;119,20115,0.933538
190,196223;151,72644,0.996923;102,14591,0.92;114,21539,0.980615;112,16931,0.895692;122,20370,0.931077
183,199011;153,73589,0.986769;110,14721,0.937538;126,21055,0.973538;129,18520,0.916615;129,21040,0.931385
182,191850;141,72066,0.983077;93,12717,0.920308;110,19078,0.973846;102,15675,0.900923;111,18755,0.933231
194,199127;145,72939,0.993231;102,13881,0.912;121,20586,0.98;112,17003,0.912;124,20166,0.931077
193,197800;140,71617,0.992;94,13876,0.916;116,21059,0.977846;114,17305,0.913846;126,20910,0.927077
193,197645;144,71852,0.988923;103,13702,0.917538;114,20361,0.980923;117,16819,0.905231;126,19182,0.920615
192,200881;143,72419,0.994462;108,14094,0.918462;130,21362,0.979077;116,17509,0.910154;131,20875,0.928615
190,199000;143,72892,0.998462;98,14153,0.914769;116,20904,0.981231;118,17327,0.918154;129,20443,0.927385
192,197943;146,71724,0.995077;68,14307,0.924923;79,21163,0.988615;77,16999,0.904923;79,19719,0.926154
178,195021;144,71780,0.983385;61,13876,0.929846;72,19953,0.970769;68,15873,0.899077;75,18792,0.924615
180,194671;145,71715,0.994769;70,13391,0.914462;72,20032,0.967385;68,16190,0.899692;73,18370,0.928615
179,193242;145,72384,0.995692;67,13749,0.912;75,20011,0.961538;72,16144,0.906462;112,19199,0.922769
190,194143;141,71017,0.995077;94,13682,0.925231;113,20173,0.974462;107,15979,0.885231;121,19018,0.92
191,197325;141,71105,0.991077;99,14357,0.923077;115,20031,0.962769;111,16541,0.874462;121,19338,0.915385
189,191893;146,72300,0.984923;88,12724,0.897846;78,19380,0.960923;70,16314,0.852308;75,19148,0.916
194,199173;146,72148,0.986154;85,13985,0.922462;112,21095,0.975077;111,17346,0.865231;117,20307,0.925231
184,192620;144,72322,0.988615;92,13804,0.941846;99,19508,0.962154;101,16078,0.863077;104,18765,0.917538
186,193931;145,72412,0.996615;86,13248,0.893846;102,19682,0.968;101,16375,0.872923;110,19326,0.914462
186,198563;146,72606,0.998154;111,13691,0.898462;133,21135,0.972308;126,16952,0.892923;95,19741,0.920615
183,198825;144,73051,0.993538;87,15965,0.924308;96,22058,0.983385;95,18205,0.899692;90,20028,0.913846
178,191891;145,72410,0.988308;83,13826,0.917846;88,19995,0.971077;85,16725,0.892;96,19879,0.907692
184,197052;144,71353,0.996923;76,14107,0.931385;87,20740,0.984;80,16698,0.911692;85,19142,0.908308
191,204550;151,73034,0.996;73,14397,0.915077;87,21377,0.970154;89,18339,0.905538;94,20925,0.919385
184,196881;146,72571,0.989231;82,13758,0.915692;84,20579,0.966769;77,16701,0.914462;82,18833,0.929846
194,195325;147,73074,0.994462;73,14000,0.925231;89,20128,0.968;85,16590,0.901231;85,19284,0.927385
194,197429;146,72688,0.992615;79,14244,0.913538;133,20871,0.968;128,17535,0.903077;134,19776,0.936923
191,196898;146,72496,0.995692;107,14076,0.921538;120,20266,0.968923;122,16942,0.905231;135,19405,0.919692
193,196895;147,71861,0.984615;117,14235,0.926154;132,20231,0.973538;117,16797,0.908308;120,18579,0.914769
187,192511;145,71873,0.988615;100,13506,0.924;112,19767,0.972;106,16121,0.912;113,18238,0.917231
200,199240;145,72235,0.994769;102,13969,0.915385;121,21557,0.972;113,17096,0.891385;124,19796,0.926769
203,195362;141,71387,0.992308;93,13541,0.900615;110,20268,0.964;105,16142,0.903692;112,18592,0.925846
197,200234;145,71430,0.993846;100,13867,0.890154;117,20608,0.954769;115,17261,0.898462;121,19796,0.914769
194,196410;145,72003,0.993538;100,14273,0.939385;114,20320,0.957231;111,16923,0.896;115,18608,0.915385
198,197558;151,71957,0.990769;96,13836,0.918154;92,21319,0.988308;138,17093,0.904615;123,19609,0.909231
189,191319;148,72325,0.992;99,13066,0.909846;102,18439,0.969538;99,15034,0.892615;105,17388,0.912923
191,192306;143,71138,0.996308;95,14179,0.920615;115,20005,0.956308;110,16258,0.895077;117,18532,0.924
193,194153;145,71098,0.993538;101,14110,0.919077;115,20312,0.967692;106,16474,0.909846;118,18641,0.905231
191,193062;146,70247,0.995385;96,13660,0.918154;108,19594,0.967692;107,15808,0.887077;126,18541,0.916923
195,200705;146,71305,0.994769;102,14330,0.930462;124,20747,0.951692;112,17227,0.905231;117,19215,0.931692
194,195216;143,71111,0.988615;102,14319,0.944615;114,20411,0.968308;104,16258,0.908;116,17883,0.935077
183,197683;143,70858,0.993538;109,13797,0.909231;121,20371,0.963077;112,16543,0.912308;126,19179,0.928
179,192281;142,71591,0.985846;100,13146,0.900308;113,19949,0.974154;97,15476,0.911077;109,17919,0.924923
183,195610;141,70241,0.998769;93,13991,0.935385;115,19958,0.980308;109,16467,0.926769;110,17627,0.914769
185,189775;149,71169,0.982769;98,13214,0.92;109,19147,0.976615;101,15653,0.929538;103,16859,0.918462
196,198226;144,70506,0.981846;99,14353,0.917846;111,20617,0.973231;107,16561,0.920308;119,18907,0.926154
190,192151;143,70458,0.996615;103,13674,0.934154;113,19693,0.969846;101,15748,0.912923;102,17285,0.922769
197,200002;144,71145,0.992615;103,14439,0.94;112,20170,0.971692;105,16840,0.908;117,18957,0.934769
194,198165;145,70167,0.991077;106,14671,0.915385;115,20576,0.978154;107,16262,0.903692;112,18319,0.930462
197,200241;147,71023,0.992615;100,14435,0.932;132,21188,0.974462;114,17571,0.892615;117,19476,0.925231
188,198541;146,71331,0.993231;107,14634,0.931692;116,20672,0.978154;114,16963,0.898154;116,18979,0.921538
182,196263;147,71027,0.992615;108,14316,0.925538;119,20790,0.971385;109,16402,0.908308;116,18073,0.923077
186,199993;146,71574,0.996615;89,14679,0.915077;78,20961,0.981538;77,17377,0.901538;80,18791,0.928308
185,196428;144,70863,0.994154;97,13364,0.907692;112,19525,0.952615;102,15935,0.890769;109,17980,0.911692
194,195410;145,69897,0.997231;99,13718,0.914769;122,20474,0.976;107,16188,0.897231;105,17704,0.909846
190,191354;143,70739,0.991385;98,13359,0.910769;111,18939,0.965846;105,15586,0.905538;103,17428,0.922769
198,200193;142,70386,0.997846;99,14482,0.909231;124,21889,0.972;111,17521,0.898769;115,19794,0.918154
193,197570;144,70395,0.996923;95,13632,0.913231;110,20192,0.966154;103,16261,0.890154;106,18295,0.928
191,194891;142,70113,0.989846;91,13755,0.911385;115,19999,0.980615;101,16481,0.916;109,18499,0.942154
196,197593;147,71990,0.993538;96,14375,0.912;114,20887,0.969846;105,16911,0.878462;109,18599,0.917538
184,198004;144,70289,0.988615;91,13645,0.912923;109,20450,0.969846;96,15676,0.880923;82,18762,0.925231
184,198023;146,70929,0.988308;92,13797,0.917231;107,20780,0.960615;104,16818,0.901538;101,17506,0.920615
182,195243;146,71235,0.994462;72,13822,0.912615;74,20757,0.98;69,16498,0.883692;73,18077,0.926462
182,191196;142,71146,0.988615;66,13735,0.914154;70,20072,0.975385;66,15666,0.896308;71,17824,0.923385
197,195493;145,71030,0.990769;71,13870,0.917231;74,20000,0.975385;70,16229,0.892923;72,17768,0.902154
197,194522;146,70955,0.993846;69,14453,0.925846;72,20015,0.981846;72,16519,0.904308;76,18362,0.923077
199,198365;143,70588,0.994769;70,14748,0.936308;81,20817,0.982154;81,16910,0.901231;89,19284,0.931692
194,198804;212,71607,0.995692;74,14248,0.910462;81,21080,0.976615;78,16631,0.882154;83,19076,0.944308
190,195243;211,71263,0.987385;76,14735,0.922462;75,20404,0.973538;74,16806,0.924923;75,18450,0.939385
197,194533;218,69439,0.988615;64,13392,0.908615;73,20202,0.966769;64,15226,0.896615;72,18369,0.920923
181,193890;213,70627,0.996923;65,13620,0.916308;76,20544,0.964308;74,16042,0.918462;75,18123,0.939692
183,196288;207,69464,0.995077;68,14126,0.900615;79,21039,0.958462;71,16521,0.917231;76,18822,0.946462
182,194009;209,71143,0.996615;70,14578,0.926769;78,20754,0.976923;106,16782,0.892615;107,17855,0.938769
195,198052;216,71975,0.987077;92,13943,0.923077;115,20730,0.979077;112,16876,0.894769;113,18668,0.925538
196,196812;211,71139,0.989231;98,14167,0.933846;112,20821,0.975692;109,17292,0.930154;117,19308,0.933231
194,194513;216,70641,0.991077;98,13825,0.932923;108,20253,0.984923;108,16803,0.933538;109,17931,0.941846
194,196437;234,71459,0.992;93,13745,0.929231;110,19490,0.978154;84,16220,0.910154;74,17770,0.933231
192,197089;217,71168,0.989846;64,14281,0.923692;74,20589,0.970154;71,16540,0.912615;75,17992,0.922462
185,189990;209,70714,0.995385;67,13355,0.926769;73,19411,0.962769;71,15910,0.900923;73,17349,0.924615
197,197176;211,71208,0.995385;75,15087,0.918462;85,22375,0.974462;81,17821,0.904615;77,18932,0.926154
187,199436;214,71379,0.996;73,15143,0.906462;76,21252,0.963077;77,17832,0.904615;77,19368,0.916923
184,195293;212,70701,0.994769;70,14584,0.928923;71,20273,0.956;69,16477,0.901231;73,18855,0.926154
181,190392;213,70693,0.989846;62,13776,0.916923;71,19842,0.951692;69,16029,0.904;70,17521,0.916308
200,195958;209,71655,0.992308;64,13721,0.924615;73,20453,0.968615;75,16577,0.917231;77,18314,0.936615
196,195385;206,69733,0.996308;68,14231,0.930769;76,19881,0.970462;70,16457,0.908;74,18240,0.918769
200,199281;207,71285,0.995385;72,15024,0.921538;84,21682,0.959077;77,17528,0.908308;80,19795,0.927077
197,198033;206,71505,0.988;67,14396,0.911692;73,20419,0.971385;77,17901,0.930154;77,19237,0.935077
193,193298;208,71649,0.994154;69,14140,0.928308;74,20488,0.970769;68,15971,0.928923;71,18277,0.936
205,197586;210,71178,0.993846;70,14853,0.929538;77,21760,0.981846;75,17170,0.921846;74,18858,0.921846
182,193422;216,73046,0.986769;69,13621,0.913538;75,20476,0.976615;72,16819,0.930769;73,18502,0.922154
211,195391;211,71331,0.989846;65,13830,0.934154;69,19602,0.987077;67,15791,0.892308;73,18345,0.933231
182,194705;211,70180,0.989846;74,14165,0.923077;77,19883,0.98;75,16600,0.897231;113,18042,0.939077
186,199428;219,72908,0.985538;107,14555,0.926769;121,21184,0.968923;109,17043,0.886154;117,19422,0.913538
180,193108;214,71925,0.988923;75,14157,0.932615;81,20330,0.956923;73,16904,0.916;74,18750,0.94
187,197075;207,70475,0.996308;67,14016,0.929846;75,20236,0.974462;75,17096,0.902769;81,19031,0.94
196,194854;211,71829,0.994769;67,13340,0.905231;74,19810,0.979077;70,16393,0.900615;74,18663,0.936
192,193837;212,71294,0.996;65,14092,0.910769;70,20422,0.975077;74,17206,0.908615;74,19016,0.934769
193,194155;210,71168,0.990154;95,14017,0.927692;119,20330,0.979385;108,16030,0.878769;112,18409,0.920923
190,194026;212,71474,0.989231;126,14497,0.919692;110,20379,0.966769;105,16512,0.902462;113,19124,0.928615
191,195785;244,71265,0.993231;100,14553,0.912308;77,21168,0.964308;76,17161,0.906154;81,18999,0.927692
192,195807;238,71691,0.992923;66,14229,0.922154;75,20650,0.960308;72,17282,0.926462;72,18629,0.930769
195,198831;230,71319,0.993231;63,14290,0.912308;78,21664,0.972;73,17573,0.923692;78,19854,0.938154
196,200000;235,72501,0.990462;70,14912,0.942769;80,21570,0.975692;74,17799,0.912615;76,20082,0.928615
187,193441;232,72626,0.997846;60,13689,0.941538;70,20131,0.978154;66,16003,0.908615;68,18001,0.914769
189,195532;221,70416,0.989846;98,13710,0.936308;108,20016,0.971385;102,16404,0.9;112,18963,0.931385
189,197067;215,72190,0.997538;93,13684,0.911077;116,20923,0.977846;106,16745,0.891385;116,19235,0.926769
193,198336;217,72545,0.989846;100,13771,0.918462;117,20871,0.980615;89,16846,0.901538;135,18904,0.928308
191,196554;221,71990,0.992923;99,14127,0.934154;112,20414,0.982154;108,16689,0.891385;119,18931,0.933538
193,198151;220,71872,0.998154;103,14432,0.935077;118,21637,0.978154;118,17573,0.921538;124,19520,0.932
188,193574;214,72300,0.992;97,13409,0.916;118,19892,0.966769;107,16308,0.916;121,18779,0.924308
192,194882;214,72446,0.988308;99,13809,0.922769;124,20528,0.975077;106,16112,0.907692;111,18253,0.914462
193,196579;214,72860,0.989846;99,14321,0.911692;115,20401,0.966769;108,16842,0.918462;88,18459,0.942154
191,197672;214,72116,0.990769;106,13822,0.904615;117,20854,0.975077;120,17513,0.906154;120,19484,0.935385
191,196738;208,70880,0.987077;100,13719,0.92;112,19822,0.974154;112,16938,0.916;110,18866,0.928923
191,196770;211,71543,0.989846;107,14501,0.922769;121,21543,0.975077;118,17134,0.918769;120,19030,0.910769
194,200700;244,72567,0.991385;102,14831,0.936923;116,21479,0.974154;117,18246,0.907692;121,20573,0.925538
190,194703;242,72510,0.989538;93,13491,0.917846;126,20596,0.978769;107,16527,0.913231;96,18852,0.938769
195,198571;221,72894,0.986154;98,13928,0.937846;109,20069,0.970769;112,16873,0.896308;116,19284,0.928615
196,199379;224,72757,0.990154;67,14725,0.956615;77,20754,0.969538;76,17360,0.915385;82,20089,0.933846
200,202917;224,72269,0.990769;72,15241,0.927077;83,22478,0.970462;82,18415,0.924615;85,21020,0.935385
192,197688;223,72415,0.992308;99,14060,0.929538;122,20729,0.974154;117,16861,0.928;111,19868,0.934462
187,192464;222,71738,0.983692;95,13344,0.930154;106,19195,0.975077;107,15856,0.911077;109,18064,0.928308
193,200259;217,71766,0.990769;103,14520,0.940615;126,21817,0.977846;116,17357,0.905231;128,20165,0.900308
190,195611;227,71685,0.990769;97,13919,0.945231;114,20447,0.982154;105,16164,0.903692;117,19193,0.916
191,194706;236,71843,0.991077;94,13283,0.920615;111,20263,0.977538;104,16478,0.907077;112,18370,0.916923
190,193827;223,71524,0.995692;94,13266,0.917846;115,19631,0.976308;110,16522,0.918769;113,18846,0.921538
195,199031;223,71753,0.995385;93,13864,0.912;126,20429,0.980308;110,16770,0.915692;120,19413,0.930154
194,198457;228,72714,0.990154;103,13621,0.930462;115,19936,0.975385;110,16502,0.898154;120,19214,0.925846
196,199329;218,71565,0.996615;106,14250,0.920923;118,20537,0.959077;114,17493,0.889231;121,19929,0.924308
191,196028;230,73500,0.995077;102,13383,0.910769;105,19656,0.966769;112,16834,0.902154;113,19380,0.919077
189,194653;245,72888,0.995077;90,13635,0.923692;107,20128,0.972615;107,16182,0.894462;115,19810,0.919692
190,196051;252,72170,0.995692;90,13302,0.920308;112,20771,0.982769;111,16708,0.890769;125,20098,0.92
192,196898;253,72106,0.996615;93,13864,0.924308;125,21255,0.978769;109,17132,0.885846;128,20892,0.909231
192,197382;238,71974,0.993846;96,13984,0.926769;117,21371,0.969538;118,17737,0.891077;129,21049,0.913231
177,182361;234,71492,0.994462;86,11392,0.919385;103,17041,0.960308;95,13978,0.879077;107,17776,0.916308
161,164389;236,72282,0.996923;67,8808,0.916615;81,13710,0.974769;71,11114,0.885846;84,14287,0.902769
141,143268;241,73393,0.989846;51,6616,0.911385;62,10490,0.969231;51,8650,0.877231;50,10828,0.904615
136,139125;243,72171,0.992923;44,5607,0.923077;61,9320,0.966154;51,8305,0.869846;64,11228,0.899077
99,102654;236,72245,0.995077;41,3857,0.934462;46,6445,0.975692;42,5932,0.877231;46,7400,0.896615
75,73147;240,72484,0.995385;34,2807,0.926462;36,4575,0.971077;26,4036,0.869538;28,5033,0.897231
64,65156;243,74419,0.990462;30,1821,0.935385;26,3029,0.976615;17,2735,0.872615;21,3730,0.894462
32,32310;241,72877,0.988615;21,1074,0.931692;19,1745,0.974462;10,1649,0.871077;12,2319,0.894154
28,23263;242,73278,0.994154;18,592,0.936615;19,1256,0.977231;8,1354,0.864;8,1527,0.893538
18,15893;235,72543,0.996308;13,503,0.939692;9,799,0.98;3,721,0.872;4,859,0.893538
14,11490;233,72526,0.997231;11,323,0.940923;9,482,0.981846;3,477,0.868615;4,700,0.893538
6,4517;235,72672,0.995385;16,250,0.942154;10,367,0.983077;1,130,0.871692;3,472,0.893538
