3855,210925;4235,216373,1;686,41074,0.967846;861,51625,0.992923;916,39325,0.980769;1232,51271,0.997692
3677,208671;4214,217346,1;367,13454,0.954308;548,21756,0.986;628,19422,0.954615;784,30586,0.967385
3655,208158;4245,216299,0.999231;381,13140,0.941231;561,21281,0.987077;482,18885,0.938923;648,30947,0.956462
3698,207908;4245,216880,1;325,13552,0.937385;423,21732,0.986308;476,19260,0.932923;632,29754,0.941846
3580,207942;4226,215685,0.999846;397,12821,0.948769;554,20829,0.988769;600,18364,0.928308;798,29068,0.935692
3575,207751;4231,215482,0.999846;398,12486,0.941846;551,19925,0.983846;594,17895,0.924615;792,29453,0.937692
3553,207776;4234,215546,1;448,14208,0.949538;595,22072,0.985846;660,19532,0.926462;823,30274,0.936154
3532,205849;4216,215477,0.999846;422,13163,0.937385;568,21238,0.988923;597,17745,0.914;741,27709,0.927231
3585,207758;4223,215115,0.999846;417,13674,0.934615;570,21874,0.987231;610,18540,0.912308;844,29576,0.924769
3564,207681;4224,215225,1;430,13460,0.947846;551,20911,0.988923;651,19176,0.912923;823,29914,0.921692
3623,208055;4304,218312,1;401,13716,0.943846;570,21144,0.988154;633,18420,0.910923;825,29315,0.920308
3625,208263;4229,216188,0.999692;415,13459,0.948154;536,20976,0.986923;597,18584,0.912462;787,30334,0.920154
3652,208786;4237,214924,0.999692;396,13758,0.954923;569,21713,0.986769;645,19164,0.91;842,30934,0.914923
3595,208260;4223,215677,1;395,13325,0.951385;588,21291,0.985538;626,18669,0.904;838,30817,0.911077
3572,207624;4210,212884,1;401,12749,0.944615;538,20115,0.988462;631,18284,0.904154;805,29885,0.910154
3560,208281;4245,214702,0.999846;394,13530,0.945231;562,21343,0.989692;646,19002,0.901538;865,30948,0.908
3637,207950;4179,212443,1;391,12912,0.954154;536,20514,0.988923;601,18438,0.902769;806,30142,0.909692
3545,206576;4231,215216,0.999846;383,12825,0.946154;526,20048,0.980615;620,18530,0.899692;774,28869,0.905077
3420,208507;4225,214212,1;403,13447,0.947231;572,21306,0.982769;618,18695,0.896769;806,30047,0.905231
3506,207124;4290,217346,0.999846;397,12112,0.939385;566,20092,0.987385;614,18358,0.893538;796,28865,0.902923
3558,207375;4233,215526,1;410,12765,0.942615;565,20074,0.986462;632,18274,0.901077;792,29099,0.909385
3403,207801;4211,213627,1;403,12568,0.950769;511,19415,0.985077;713,18630,0.899077;916,29686,0.907846
3650,207789;4236,215631,1;437,12125,0.938615;388,19606,0.988769;427,17638,0.904154;608,29251,0.909538
3608,206001;4255,215278,1;300,12001,0.931692;390,18371,0.985385;413,16728,0.898769;557,27046,0.906769
3613,206895;4299,216864,1;282,12170,0.939385;388,18968,0.984769;453,17645,0.896462;601,29040,0.905692
3652,208632;4244,216865,1;302,12758,0.951385;534,20456,0.988615;604,18579,0.896462;789,29494,0.904769
3565,208005;4270,217219,1;376,12401,0.952923;528,19917,0.990769;580,18151,0.902308;770,29125,0.910615
3690,208542;4257,217389,1;366,12536,0.945385;456,20099,0.985846;494,18492,0.900923;838,29384,0.905077
3594,207371;4258,215864,1;392,12292,0.935077;523,19579,0.99;594,17655,0.905846;795,28973,0.913846
3755,205770;4208,214372,0.997385;364,11528,0.945231;505,18886,0.989692;544,16906,0.898923;715,27206,0.906154
3649,207294;4227,216127,1;362,12035,0.945077;481,19053,0.986462;504,17838,0.895231;581,28777,0.905077
3614,207849;4248,215920,1;270,12165,0.939385;395,19982,0.991231;434,17598,0.892615;581,28464,0.897538
3780,208252;4269,216032,1;282,12752,0.951385;398,20030,0.989538;430,17906,0.899692;599,29766,0.902769
3739,207533;4250,215752,0.999846;264,11859,0.955538;374,18285,0.985385;439,16987,0.904308;587,27895,0.907846
3735,207779;4251,215227,0.999846;267,11333,0.954;416,18422,0.990769;554,17342,0.898615;719,27963,0.901846
3762,205389;4231,216885,0.999846;294,11460,0.944308;400,18348,0.986615;443,17176,0.896154;563,27443,0.901692
3698,208547;4273,217527,1;272,11565,0.944615;369,19052,0.988769;407,17207,0.900769;564,28271,0.898923
3732,206920;4279,218718,1;255,11314,0.932;370,18534,0.990308;402,16921,0.899077;557,27456,0.899077
3839,207184;4255,217073,1;277,12103,0.953538;387,19389,0.992615;404,17182,0.904308;650,28109,0.906
3771,205798;4282,217997,1;265,11541,0.944308;382,18609,0.987385;426,16658,0.900923;685,26485,0.906923
3665,207456;4272,218748,1;352,11682,0.944154;517,19021,0.990154;588,17452,0.899692;759,28664,0.906769
3833,208788;4310,219323,1;370,12381,0.951846;486,19535,0.988154;567,17807,0.902923;744,28575,0.906923
3699,207827;4312,218520,1;338,11607,0.951538;480,18791,0.987077;399,16989,0.898923;544,27252,0.904462
3765,207183;4127,216510,1;250,11537,0.956308;360,18163,0.983538;397,16865,0.897692;545,27243,0.901538
3723,208053;4128,217273,1;300,11559,0.948;473,18483,0.980923;421,17085,0.882615;601,27857,0.903846
3790,208038;4262,217627,1;312,11685,0.942462;395,18939,0.990154;446,17487,0.882615;580,27790,0.908615
3807,208061;4302,219397,1;276,11728,0.952;382,18764,0.990923;427,17025,0.901385;540,26747,0.905231
3778,208101;4251,216732,1;351,11975,0.953846;483,18703,0.991846;531,16895,0.906154;726,28118,0.910923
3751,208490;4282,216996,1;364,12199,0.961538;498,19360,0.987692;571,17531,0.905692;577,28980,0.910154
3839,207772;4280,217054,1;277,11708,0.954462;424,19108,0.989846;523,16880,0.903846;697,27429,0.906308
3755,207768;4308,217814,1;348,11577,0.945538;485,18294,0.980462;552,16845,0.900308;727,27861,0.905846
3828,206889;4091,218635,1;335,10621,0.947538;440,16890,0.983231;505,15722,0.894;680,26277,0.900462
3906,208597;4079,217369,1;354,11867,0.955077;488,18512,0.987231;547,16744,0.894;734,27842,0.901385
3879,206973;4029,215214,1;331,10997,0.950769;454,17532,0.986462;521,16294,0.895385;710,26776,0.904923
3796,207852;4108,219096,0.999846;357,11774,0.945077;492,18720,0.984;557,17329,0.899692;727,27793,0.903385
3812,207611;4131,215939,1;338,11406,0.955077;446,17770,0.987231;534,16475,0.897231;715,26440,0.900154
3799,207763;4146,217706,1;332,11134,0.950154;477,18073,0.987538;511,16993,0.893231;706,27731,0.896769
3900,208614;4064,215877,1;351,11836,0.948308;500,18880,0.988308;539,17291,0.900308;762,27927,0.902615
3886,206594;4222,217729,1;370,11324,0.943231;520,18436,0.988154;563,16428,0.901538;769,27228,0.904308
3624,206985;4268,216547,1;369,11594,0.950308;501,17957,0.985385;550,16633,0.898615;730,27018,0.904
3601,207235;4228,214560,1;389,11685,0.957077;411,17940,0.985077;411,16586,0.895538;589,27192,0.898923
3450,206987;4328,220257,1;270,11271,0.948462;389,18377,0.985846;415,16287,0.892;557,26798,0.897538
3600,208079;4246,215866,0.998;263,11568,0.939231;402,19495,0.987077;470,17782,0.891077;598,28273,0.894769
3601,208852;4250,215673,1;293,12132,0.940308;397,19478,0.983231;430,17282,0.890769;598,29241,0.899077
3581,206980;4273,216930,1;366,11649,0.944;539,18470,0.990308;611,17263,0.893692;821,27769,0.898462
3557,205095;4253,215618,1;412,11579,0.949231;498,17911,0.984615;570,16260,0.892154;761,26600,0.897231
3672,208481;4308,218979,1;360,12230,0.957385;406,19374,0.988769;614,17599,0.887692;797,28782,0.894308
3637,208296;4253,216242,1;366,11462,0.952615;511,18477,0.985231;576,17012,0.889538;608,27581,0.895231
3552,207794;4299,218309,1;385,11254,0.942769;558,18602,0.989538;650,17284,0.891231;814,28047,0.897231
3589,205412;4245,215481,1;381,11402,0.942308;526,17755,0.988;546,16106,0.894615;744,26343,0.897846
3605,205907;4284,217476,1;383,10945,0.941385;512,17464,0.984923;566,16398,0.897538;761,26735,0.902769
3567,207029;4256,215853,1;366,11318,0.945385;468,18110,0.985538;559,16672,0.888923;566,27006,0.902154
3593,207040;4271,217208,1;269,11259,0.946462;374,17843,0.984308;441,16849,0.883077;593,27534,0.897846
3582,208176;4240,215565,1;283,12011,0.945385;400,19085,0.987385;600,17422,0.883385;786,27965,0.893385
3591,208238;4280,217525,1;388,11605,0.938769;555,18791,0.983231;603,17645,0.887692;784,28106,0.895538
3604,207567;4238,214853,1;388,11926,0.95;532,19005,0.975692;589,17159,0.881692;774,27640,0.887692
3568,208037;4252,215897,1;395,12032,0.953231;539,19341,0.987692;598,17504,0.89;781,27493,0.896462
3595,205572;4273,215624,0.999385;358,11878,0.944462;523,19042,0.989846;575,17057,0.886769;758,27016,0.897846
3529,207706;4283,216700,0.999692;379,11845,0.954615;541,18904,0.989385;612,17162,0.887846;798,27890,0.895231
3698,206755;4253,216114,0.999692;278,11149,0.940769;412,18030,0.981385;464,16840,0.888923;695,27437,0.896308
3845,208174;4288,217418,1;315,12499,0.948923;522,19789,0.985846;503,17744,0.897231;637,28057,0.900615
3811,208238;4228,214434,1;352,12155,0.95;404,18995,0.988615;500,17293,0.893385;566,27927,0.898462
3791,208171;4257,216179,1;294,12342,0.961846;496,18742,0.988923;595,17563,0.889692;780,28430,0.893538
3699,207395;4254,215791,0.999538;367,11562,0.953231;486,18274,0.986308;567,16979,0.886;783,27979,0.892308
3773,205184;4253,216140,1;353,11396,0.944615;483,18051,0.983692;403,16171,0.887846;531,25625,0.893846
3818,205571;4238,215305,1;276,11433,0.947692;374,17910,0.987385;406,16251,0.889692;688,26849,0.896154
3829,206966;4217,214038,1;357,11356,0.943846;392,17895,0.981538;423,17055,0.887538;572,27785,0.896923
3784,208203;4289,217782,1;282,12663,0.947692;392,19571,0.986;450,17428,0.889385;611,28901,0.895692
3897,208601;4250,215738,1;274,12218,0.944769;377,19230,0.990615;443,18170,0.892308;606,29209,0.896154
3748,207676;4277,217769,1;294,11710,0.945077;406,18190,0.985538;447,16874,0.885077;599,27636,0.895846
3703,207489;4246,214147,0.999538;281,12265,0.957385;377,18542,0.984462;436,17803,0.890308;591,28106,0.896308
3822,208047;4238,214816,1;282,11515,0.936615;376,18122,0.985077;421,16991,0.888923;729,28132,0.894615
3665,206912;4211,213075,1;373,11858,0.944154;437,18535,0.986615;414,16917,0.888615;558,27058,0.894615
3715,206428;4222,214038,1;272,11085,0.938308;373,18115,0.983385;424,16664,0.885692;564,26417,0.893846
3790,208774;4231,215503,0.999846;281,12473,0.941385;398,19620,0.986923;450,18357,0.884615;600,29282,0.890615
3950,208079;4236,215309,1;264,11574,0.938769;381,18640,0.986769;442,17993,0.888923;759,29491,0.894769
3865,207837;4231,214526,0.999538;283,11720,0.944308;363,18235,0.985846;570,16944,0.885846;785,27698,0.890462
3764,207578;4246,215625,1;357,11433,0.943538;507,18514,0.989538;583,17059,0.889231;788,27975,0.895077
3689,208594;4257,216042,1;367,11653,0.938769;528,19243,0.987385;609,17677,0.888769;807,28557,0.894462
3704,207662;4250,216415,1;392,11840,0.940154;511,18907,0.987385;547,16851,0.890462;745,27159,0.894769
3783,206721;4276,215812,1;393,12005,0.948154;523,18843,0.982308;594,17342,0.884615;750,27525,0.893846
3783,207458;4245,215243,1;350,11617,0.947538;490,18268,0.987538;582,16802,0.879846;794,27893,0.894154
3689,207431;4259,215928,1;378,11951,0.936154;532,19023,0.986923;565,17130,0.883385;771,27961,0.889385
3709,207900;4245,215877,1;369,11659,0.943385;500,18683,0.983231;567,17763,0.883692;700,28595,0.889231
3677,207602;4256,215018,0.999846;266,11644,0.942769;405,19082,0.991692;595,17520,0.881231;790,28600,0.890154
3898,207797;4235,216049,1;369,12137,0.948923;514,19342,0.989077;546,17147,0.884923;777,27643,0.890615
3856,207344;4271,216969,1;376,11987,0.947538;477,18237,0.985385;568,16730,0.885385;748,26777,0.888615
3602,206497;4257,216425,0.999846;360,11931,0.945692;514,18614,0.986923;588,17004,0.886;753,27296,0.890769
3812,208181;4269,217145,0.999846;370,12292,0.947846;513,19136,0.985385;434,17669,0.885692;570,27803,0.887846
3747,207806;4289,218303,1;276,11949,0.943692;377,18821,0.982615;445,17432,0.889385;595,28512,0.893538
3767,207045;4296,218519,0.999846;350,12048,0.948462;517,19298,0.987692;560,16938,0.887846;763,27533,0.890769
3843,208346;4258,216639,1;395,12365,0.947077;569,19526,0.986308;678,17609,0.888615;897,28859,0.892308
3668,206686;4257,216752,0.999846;368,11911,0.946923;413,18778,0.988308;436,17254,0.885846;768,27944,0.890462
3731,207202;4271,217216,1;385,11529,0.938154;504,18449,0.987077;550,16807,0.891231;727,27452,0.892308
3724,208327;4281,217861,1;275,11772,0.943077;392,19120,0.990308;432,17332,0.89;586,28621,0.893846
3924,208450;4251,216375,1;369,12135,0.945385;385,19020,0.986308;449,17881,0.889538;593,29069,0.896462
3829,206826;4225,214952,1;258,11206,0.946923;353,17805,0.989846;429,16322,0.891538;723,26846,0.896615
3741,208443;4249,216019,1;369,11805,0.939846;501,18819,0.990154;575,17461,0.889538;759,28239,0.893385
3722,208602;4271,217886,1;373,12229,0.955077;446,18465,0.985385;435,17434,0.885692;613,28405,0.893385
3714,207594;4239,215861,1;257,10999,0.940462;376,18323,0.990154;416,16930,0.892154;571,26917,0.897231
3803,207864;4267,217474,1;260,11314,0.944;386,18320,0.984308;416,17100,0.882769;758,27428,0.888769
3810,207833;4265,217549,1;332,11988,0.952769;369,18337,0.986462;533,17138,0.887231;757,27355,0.892
3704,206706;4302,218920,1;267,11465,0.945846;373,18421,0.985692;402,16604,0.878;565,27192,0.889385
3753,208520;4301,219113,1;281,12056,0.953692;388,18619,0.986308;423,17122,0.886308;565,27678,0.887385
3776,207243;4278,217700,0.996615;267,11094,0.945231;359,17643,0.987538;456,16794,0.880769;554,27312,0.882769
3771,208304;4280,217993,1;303,12414,0.947385;401,19630,0.986923;429,17239,0.889077;649,28370,0.891231
3811,207631;4270,217883,1;276,12086,0.946462;394,19566,0.99;416,17302,0.889385;559,27841,0.892308
3753,207929;4278,218145,1;247,11179,0.952462;348,17659,0.985538;421,17126,0.886462;560,27577,0.888
3759,208482;4258,216390,1;270,11937,0.954154;375,19265,0.991538;435,17802,0.882308;576,28598,0.885846
3755,208207;4248,216421,1;272,12143,0.959538;445,18643,0.986154;581,16958,0.883692;755,27590,0.884462
3876,205844;4190,212779,0.999846;358,11323,0.946;506,18483,0.986308;535,16494,0.890462;724,26926,0.89
3783,206895;4212,214392,1;353,11195,0.940923;496,18008,0.989538;539,17142,0.888154;548,27213,0.890769
3697,208164;4220,214855,1;269,11534,0.943231;373,18186,0.986615;437,17383,0.883385;707,27766,0.89
3760,206528;4230,215350,1;346,11350,0.939846;512,18377,0.987846;431,16766,0.891538;571,27053,0.896
3652,206972;4256,216601,1;305,11995,0.952923;417,18762,0.986154;442,16875,0.898154;591,27542,0.903692
3851,208254;4251,217216,1;383,12120,0.949846;526,19327,0.987077;582,17673,0.897077;770,28345,0.903385
3851,208895;4204,214020,1;389,12571,0.950923;547,20160,0.987385;565,17617,0.896769;830,30012,0.899385
3835,208144;4233,215381,0.999846;384,12261,0.953846;541,19845,0.989231;584,17398,0.898462;785,28409,0.902
3812,208555;4232,215058,1;389,12002,0.93;555,19695,0.987538;440,18142,0.893846;587,28860,0.899692
3800,208571;4246,216343,0.999692;277,12440,0.949538;508,19574,0.989231;485,16988,0.892615;769,28183,0.899846
3889,208259;4231,215778,0.999692;389,12387,0.953692;541,19328,0.989077;584,17678,0.890462;752,28171,0.896769
3796,208403;4247,215822,0.999846;350,12372,0.945846;408,19708,0.990923;430,17605,0.892308;574,28500,0.896769
3858,208775;4244,215848,1;282,12649,0.950615;521,19470,0.987077;611,17701,0.892462;778,28176,0.898308
3708,208156;4244,216367,1;389,12774,0.947231;557,20439,0.987692;582,17895,0.89;783,28869,0.894615
3787,206543;4221,214599,0.999846;397,12272,0.945385;513,18952,0.985077;571,17053,0.88;781,28104,0.897538
3774,208604;4256,216155,1;385,12529,0.946;527,19650,0.987692;617,18543,0.892615;766,29015,0.899385
3877,208646;4271,217604,1;284,12455,0.956615;409,20133,0.988462;430,17696,0.884154;596,29070,0.894308
3855,208155;4196,213880,0.999385;269,11808,0.944923;526,19656,0.992;545,17830,0.884769;694,28343,0.894769
3920,207471;4207,213869,0.999538;367,11831,0.942769;522,18792,0.990462;570,17615,0.888;763,27913,0.895385
3849,208473;4269,217132,1;398,12160,0.951385;523,19143,0.988615;560,17521,0.887846;788,27896,0.896462
3828,208699;4237,215443,1;428,12404,0.948;550,19950,0.988;595,18134,0.889846;594,29450,0.9
3806,208254;4250,215833,1;280,12444,0.942615;400,19762,0.986923;622,18133,0.888154;834,28943,0.893846
3843,207947;4185,212894,1;384,11950,0.950923;531,18799,0.985846;563,17319,0.891231;784,28253,0.895846
3936,208467;4226,214658,0.999846;408,12833,0.958154;538,19791,0.991538;500,18607,0.902462;629,29316,0.902615
3752,207373;4222,214944,1;321,12330,0.951231;413,18691,0.986769;468,17603,0.898462;602,28285,0.902308
3843,208304;4260,214670,0.999692;289,11965,0.951385;392,19034,0.986308;444,17365,0.891692;571,27330,0.898
3821,208221;4207,213976,1;309,12477,0.940154;434,20070,0.982923;485,18640,0.892308;715,29508,0.898
3788,207624;4213,213710,0.997846;285,11709,0.944769;412,18623,0.985846;445,17405,0.895077;603,28114,0.898923
3747,207552;4193,212949,1;295,12448,0.943077;419,19910,0.987077;452,17896,0.897231;617,28315,0.902923
3832,207381;4212,213106,0.998154;358,11766,0.958462;523,18597,0.985538;594,17629,0.896154;770,28143,0.898769
3767,207943;4174,211533,0.999846;378,12113,0.955538;507,18909,0.987538;574,17463,0.892615;593,28121,0.896923
3749,208214;4223,214655,1;361,11851,0.943692;528,18797,0.982308;604,17816,0.891846;803,28400,0.896615
3714,207935;4215,214122,1;381,12152,0.931231;480,19773,0.984769;593,17722,0.895538;734,27813,0.900308
3764,208320;4208,214128,1;288,12363,0.948;394,19554,0.990615;451,18006,0.895077;575,28480,0.901077
3634,207579;4248,215318,1;290,12440,0.951077;389,19440,0.986;431,17408,0.891692;555,27780,0.899692
3713,208566;4205,213897,1;385,12386,0.960615;508,19072,0.992;617,17788,0.890769;783,28373,0.894923
3545,208224;4198,213144,1;387,12344,0.953077;541,19465,0.992615;604,17347,0.898615;796,28613,0.902615
3574,207766;4223,212866,1;384,11971,0.957077;396,19162,0.987077;467,17824,0.888308;619,28140,0.898615
3763,208255;4170,211895,0.999846;294,12705,0.954769;404,19992,0.988308;434,17962,0.898462;593,28461,0.905538
3822,208008;4179,211559,0.999692;408,12832,0.949846;543,20085,0.990769;587,17791,0.898923;773,28233,0.902
3741,208347;4196,212855,0.999846;405,12273,0.943692;577,19801,0.988;608,17659,0.901077;775,27963,0.904154
3808,209051;4178,211753,1;406,13111,0.954462;563,20165,0.988308;659,18811,0.900615;789,28869,0.904615
3822,208636;4215,213151,1;389,12419,0.946;457,20340,0.991692;589,18193,0.903692;792,28865,0.908308
3851,208323;4192,212571,1;294,12325,0.948154;399,19829,0.990769;521,17681,0.898154;785,28176,0.904308
3858,208929;4171,211000,0.999692;428,13609,0.958154;579,20771,0.989077;652,18577,0.893538;831,28894,0.903077
3808,208126;4185,212156,1;438,12507,0.941077;569,19686,0.987692;571,17892,0.889846;785,28890,0.907077
3834,207925;4172,211776,1;402,12409,0.948;531,18844,0.986923;596,17621,0.900308;777,28470,0.906308
3766,207907;4195,212610,1;384,12393,0.947692;523,19224,0.985385;587,18202,0.904923;753,27935,0.912769
3977,207887;4194,213083,1;417,12427,0.948308;542,19378,0.987846;601,17890,0.912615;770,28118,0.913538
3767,208273;4193,212664,1;408,12635,0.948462;591,20278,0.985077;602,18203,0.907692;707,28488,0.912154
3876,208661;4145,210566,0.999846;397,12692,0.952154;545,19474,0.99;633,18384,0.898308;795,28969,0.908
3847,207481;4215,212968,1;413,12566,0.947846;566,19421,0.989077;583,17545,0.901692;773,27883,0.909231
3949,207902;4191,212507,1;387,12459,0.948769;581,19780,0.987231;609,18179,0.906769;797,28604,0.913846
3792,208862;4168,210925,1;410,12866,0.949538;549,20021,0.989385;637,18923,0.900615;794,29257,0.907692
3913,208477;4184,211862,0.999846;406,12737,0.944154;579,20444,0.988;608,18223,0.895538;792,29069,0.909846
3875,208810;4179,212986,1;406,13049,0.947846;574,20499,0.988923;615,18318,0.895538;816,29135,0.908923
3837,209049;4141,210288,1;413,13118,0.959846;585,20499,0.990615;644,18761,0.903231;823,29407,0.909077
3794,207190;4171,211838,1;310,12337,0.940462;408,19574,0.985077;448,17645,0.905692;552,27116,0.911538
3794,207815;4169,211460,1;300,12990,0.948;410,20261,0.979231;452,18409,0.908769;597,28730,0.919077
3697,208504;4186,212206,1;301,12911,0.950769;449,20604,0.992308;458,17944,0.903846;772,28072,0.912615
3866,208372;4184,211963,1;402,12653,0.943077;568,20143,0.99;632,18246,0.907385;707,28566,0.916154
3831,206271;4125,209106,0.999846;298,12173,0.953538;396,18910,0.989846;426,17144,0.912154;696,26683,0.918308
3840,207652;4172,211804,1;399,12580,0.949846;539,19070,0.988;589,18036,0.912615;769,28121,0.918923
3758,208053;4146,209705,1;399,12288,0.949231;547,19521,0.991692;582,18344,0.901538;793,28501,0.915077
3795,207950;4147,210345,1;419,12135,0.943385;562,19472,0.987231;638,18112,0.901077;801,28600,0.912154
3872,208870;4187,211869,1;423,13453,0.964615;592,20802,0.992923;622,19067,0.905231;639,29087,0.912769
3783,207784;4166,210952,1;288,12218,0.950923;423,19677,0.991077;556,18042,0.902769;581,28234,0.912308
3910,208717;4147,209963,0.999538;302,12874,0.937538;420,20333,0.985538;447,18316,0.904923;707,29277,0.917692
3804,207814;4171,210866,1;393,12767,0.938923;475,20109,0.985231;443,17769,0.908923;571,28147,0.918615
3900,206981;4150,210137,1;300,13152,0.953692;401,19763,0.988615;431,17737,0.9;558,27710,0.910923
3789,207893;4181,212322,0.999846;285,12391,0.945231;429,19881,0.990154;461,18371,0.903231;621,28879,0.909231
3889,208229;4182,211727,1;314,12654,0.955538;407,19552,0.987846;461,18635,0.900462;600,28764,0.903231
3759,207406;4146,210043,1;292,12268,0.958;401,18942,0.984462;443,17657,0.906769;608,28095,0.909538
3846,208061;4167,210628,0.999846;302,12632,0.960923;418,19896,0.985385;442,18251,0.908308;569,28165,0.911846
3808,207362;4151,210262,1;306,12475,0.948769;577,19567,0.983538;616,18211,0.909231;689,28603,0.910462
3878,208964;4169,211312,0.999846;315,13100,0.946769;434,20846,0.984923;452,18541,0.903846;608,29418,0.910462
3709,207388;4152,210782,1;301,12261,0.949538;432,19794,0.986769;552,18206,0.902769;788,28396,0.911538
3772,206059;4147,209821,1;311,12917,0.948769;414,20297,0.990308;440,17381,0.904615;679,27024,0.913846
3817,207925;4155,210179,1;307,12438,0.953846;394,19002,0.987385;440,18071,0.905692;569,28004,0.917231
3882,207840;4192,212554,1;289,12375,0.942769;527,19403,0.990615;594,18001,0.903385;772,27920,0.913385
3835,207642;4158,210473,1;400,12915,0.944308;566,20192,0.993077;575,18337,0.909692;591,28762,0.913231
3804,208156;4153,210006,0.999692;389,12433,0.952308;464,19384,0.989692;584,17717,0.900462;747,27205,0.913231
3903,206713;4136,209205,1;395,12210,0.952308;536,19124,0.990615;607,17976,0.908;754,27214,0.913538
3794,208167;4244,214437,0.999692;394,12004,0.943385;557,19388,0.988308;588,17777,0.902462;755,27897,0.914462
3888,207738;4141,209218,0.999846;423,12527,0.945077;553,19309,0.987077;599,17927,0.900308;780,27460,0.910923
3860,208673;4078,210660,1;406,12625,0.956769;574,20220,0.995231;624,18707,0.903846;851,29135,0.909692
3798,207018;3888,211693,1;427,11931,0.940769;468,18780,0.986923;622,17903,0.900462;795,28354,0.909846
3805,209232;3898,211592,1;420,12939,0.949385;449,20838,0.989385;600,18892,0.903846;775,28541,0.910154
3795,207084;3888,210200,1;394,11999,0.954615;448,18440,0.990923;553,17413,0.900308;600,26844,0.905231
3938,206980;3919,211671,1;394,11999,0.951538;532,18663,0.988923;573,17296,0.897692;760,27492,0.902615
3973,208437;3893,210826,1;386,12628,0.959385;533,19168,0.987077;596,18120,0.906462;748,28218,0.906462
3822,206414;3923,211708,1;396,12368,0.951385;537,18982,0.986615;601,17999,0.908615;772,27654,0.907077
3809,208088;3893,211209,1;386,11666,0.942;526,18775,0.983231;607,18058,0.901538;755,27372,0.905385
3764,207249;3903,210804,1;395,11907,0.936308;549,18756,0.986308;572,16957,0.897231;741,26696,0.908769
3787,207934;3918,212015,1;407,12043,0.942462;528,18598,0.988308;584,17668,0.900308;740,27198,0.907385
3825,207717;3916,211490,1;424,12789,0.956923;569,19830,0.989538;611,17969,0.902615;767,27858,0.908615
3686,207417;3867,209123,0.999538;395,12395,0.947077;553,19695,0.990154;615,17918,0.908308;757,27761,0.914
3621,208924;3908,210648,1;390,12073,0.932462;545,19598,0.987231;627,18438,0.906769;798,28147,0.908
3637,207174;3858,208035,1;387,11953,0.939385;481,19494,0.990308;425,17166,0.903538;589,26554,0.907692
3630,208028;3899,209984,1;395,12497,0.949385;529,19192,0.990615;575,17326,0.904615;610,27037,0.911077
3590,208086;3872,209109,1;281,12037,0.942615;401,18880,0.991385;433,18058,0.897846;556,27538,0.906923
3798,208235;3855,208072,1;290,11815,0.932923;404,18935,0.985077;594,18038,0.903692;792,28073,0.906462
3844,205274;3890,210102,0.999846;378,11399,0.945385;511,17519,0.986154;503,16640,0.901077;550,25917,0.902769
3861,208920;3929,211560,1;328,12457,0.951538;415,19396,0.991077;453,18170,0.903385;584,27978,0.906462
3904,207791;3886,209791,1;287,11798,0.957077;445,18491,0.988154;597,17615,0.905538;770,27594,0.909385
3757,208665;3924,211636,1;399,12041,0.947077;522,18767,0.988;591,17889,0.896923;769,28509,0.900615
3834,208692;3870,209081,1;394,12511,0.954769;507,19786,0.987077;447,18251,0.902308;665,28909,0.908615
3878,207447;3857,207737,0.999538;414,11933,0.955846;560,18344,0.991385;595,17513,0.907231;779,27444,0.913385
3901,208287;3868,208676,1;392,11830,0.945846;540,19107,0.987692;609,17716,0.906308;764,27879,0.911846
3889,208660;3930,211831,1;304,12725,0.957846;429,19587,0.990462;442,17874,0.897538;581,28478,0.907231
3877,205818;3909,211261,1;283,11835,0.949538;391,19021,0.985692;431,17362,0.901538;727,27211,0.912462
3806,207962;3938,213381,1;399,12097,0.955385;541,19325,0.990615;581,17720,0.896308;764,28011,0.909385
3895,207140;3865,208183,1;402,12256,0.958615;422,18883,0.987231;448,17584,0.903231;559,26901,0.910923
3915,208359;3872,209181,1;406,12663,0.957231;405,19545,0.991846;637,18578,0.905385;800,28438,0.911692
3871,208743;3910,211254,1;415,12473,0.951231;565,19402,0.987692;612,18122,0.909538;783,28312,0.914
3863,208727;3855,208211,0.999846;405,12242,0.953538;564,19495,0.990154;625,18267,0.905231;773,28209,0.909077
3921,207840;3903,210690,0.997385;387,12056,0.932462;548,19508,0.990308;613,18047,0.907846;781,27911,0.911538
3881,207296;3906,211382,1;305,12220,0.948923;534,19137,0.989385;605,17830,0.913385;755,27399,0.916462
3903,208145;3886,209828,1;383,12445,0.952154;452,19439,0.987538;483,18133,0.910462;589,28057,0.915538
3879,207960;3893,210926,1;420,12464,0.938615;570,19871,0.992769;593,17527,0.917846;731,27350,0.923538
3874,207961;3913,210727,0.999692;422,12900,0.946308;554,19374,0.988308;616,18225,0.912923;781,28331,0.916
3837,206879;3951,213709,1;392,12200,0.941385;556,19521,0.991231;442,17607,0.909231;658,27236,0.914154
3898,208609;3967,212440,1;400,12451,0.956769;550,19294,0.989231;605,18571,0.907077;689,29060,0.910769
3968,208126;3930,210858,0.999846;378,12139,0.949385;498,19542,0.988769;448,18079,0.910615;598,27923,0.914923
3837,207859;3912,211169,1;311,13116,0.949538;426,20280,0.994154;480,18637,0.915231;590,28424,0.918769
3815,208836;3896,210834,0.999846;320,13322,0.952462;567,20486,0.989077;515,18874,0.907846;614,29672,0.914308
3867,208236;3916,211440,1;302,12631,0.953846;416,19485,0.988769;450,18445,0.909231;588,28649,0.915692
3929,208412;3924,211649,1;300,12588,0.959538;413,20056,0.991538;444,18463,0.908615;575,28678,0.915692
3918,207740;3897,211121,1;419,12812,0.954154;576,19992,0.990615;509,18290,0.906462;613,28585,0.916615
3766,206110;3937,212767,1;286,11972,0.945538;391,18544,0.99;444,17481,0.904;548,27003,0.912154
3935,207771;3946,214067,1;291,12679,0.954;412,19948,0.986923;461,18567,0.899846;599,29232,0.908462
3902,208023;3959,214371,1;300,12772,0.952769;432,20738,0.990308;468,18471,0.901231;612,28973,0.911077
3894,208121;3902,211607,0.999846;300,12760,0.948154;432,19975,0.989077;622,18041,0.906308;790,28515,0.912154
3832,207853;3923,212528,1;424,12866,0.955538;560,19686,0.987385;567,18264,0.903846;798,29195,0.91
3852,207502;3930,212989,1;390,11993,0.942923;571,19698,0.988308;635,18613,0.903231;796,28831,0.909231
3892,208849;3926,212763,1;426,13158,0.953538;555,20337,0.991231;637,18560,0.903385;832,29439,0.910308
3789,207152;3926,212429,1;409,12244,0.953077;547,19322,0.990154;610,18250,0.898615;703,28236,0.908154
3886,206101;3921,210406,1;388,12609,0.958154;554,19021,0.984308;591,17586,0.905538;681,26872,0.915538
3918,206696;3916,210997,1;274,11712,0.952615;383,18476,0.987385;443,17940,0.911538;556,26886,0.916154
3888,208335;3951,212117,0.999846;316,12667,0.949077;424,20084,0.987231;448,18077,0.902615;609,28893,0.913385
3982,207497;3921,211703,1;383,12423,0.956462;549,19429,0.987385;600,18061,0.909385;829,28967,0.915385
3913,207547;3909,210969,1;306,12632,0.943692;396,19062,0.982923;438,17813,0.910154;591,28595,0.914462
3878,208618;3912,212858,1;408,12605,0.939385;551,19670,0.987692;615,18083,0.906462;820,29158,0.911538
3955,208319;3917,212842,1;408,12823,0.951538;563,20419,0.990308;642,18531,0.898154;786,29055,0.905231
3915,208752;3953,213980,1;287,12606,0.959692;401,19411,0.989692;431,17868,0.899077;591,28662,0.904308
3977,208214;3903,211613,1;282,12078,0.942462;409,19674,0.988308;459,18254,0.898923;607,28881,0.904615
3963,208554;3949,213426,1;346,12325,0.950769;411,19271,0.989077;472,17629,0.897538;808,28992,0.903846
3891,207402;3942,213792,1;416,11815,0.939385;514,18295,0.986769;577,17450,0.894769;789,27719,0.902615
3951,207693;3950,213011,1;396,12064,0.940462;566,19495,0.988;624,17836,0.898;795,28412,0.903077
3895,207937;3985,215978,1;401,12502,0.949538;405,19599,0.99;440,17713,0.898462;577,28406,0.904
3953,208136;3933,212910,1;292,11524,0.948923;423,18789,0.983692;481,17768,0.901846;615,28378,0.908923
3870,207724;3952,214147,1;319,12545,0.948154;433,19496,0.986154;454,17674,0.906;575,27778,0.912462
3896,207149;3881,211360,1;295,11720,0.954154;389,18211,0.99;431,17199,0.904769;576,27553,0.909692
3898,208509;3954,214606,1;284,12147,0.943077;411,19329,0.984615;619,18249,0.896769;824,29303,0.904462
3885,206694;3974,216055,1;413,12062,0.950154;537,18645,0.983846;601,17542,0.901077;779,27806,0.906154
3887,208055;3943,213900,1;407,12209,0.951846;546,19509,0.990308;424,17242,0.900154;587,27739,0.909077
3874,208079;3943,214477,1;290,11904,0.947077;425,19067,0.990308;457,17786,0.897385;603,28874,0.904462
3919,207895;3970,216275,1;279,11900,0.937231;406,19350,0.987231;425,17241,0.896615;575,27444,0.902615
3867,207812;3925,213282,1;306,12136,0.938923;408,19049,0.982154;452,17612,0.900154;572,28113,0.904615
3900,207767;3932,213638,1;290,12009,0.941538;389,19106,0.983231;449,17639,0.901692;573,28029,0.908923
3898,207778;3951,215752,1;295,12488,0.957231;418,19227,0.987538;613,17868,0.898308;755,28465,0.903846
3823,207213;3974,215335,1;281,12317,0.945846;481,19558,0.988154;598,17717,0.901538;760,27812,0.911385
3920,207509;3936,214534,1;389,12359,0.941231;431,19452,0.986615;441,17453,0.902308;570,27602,0.908615
3933,207720;3941,213835,0.999077;274,12087,0.953692;402,19604,0.99;433,17527,0.897846;786,28475,0.907538
3935,208244;3928,213737,1;407,12370,0.947385;563,19668,0.985538;482,17920,0.894308;586,28997,0.902
3889,208294;3972,215960,1;280,12177,0.951077;393,19522,0.987385;437,17674,0.898923;602,28824,0.907231
3860,207233;3952,214414,0.998615;291,11565,0.938769;391,18859,0.987692;452,17693,0.902769;582,28325,0.910462
3867,207361;3931,214213,1;297,12948,0.951077;481,19225,0.989077;598,17950,0.902308;607,28095,0.908923
3934,208421;3948,214252,0.999538;407,12738,0.945692;576,20427,0.990769;592,17937,0.901692;799,28734,0.908615
3937,207658;3925,213847,0.999538;393,11921,0.945077;554,19418,0.990615;577,17209,0.902;745,27686,0.909846
3951,207848;3934,213316,0.999538;394,12231,0.949385;543,18969,0.989692;614,17618,0.895692;814,28336,0.905538
3816,207710;3907,212076,1;412,11818,0.944615;541,18585,0.988615;602,17607,0.895692;655,28101,0.906769
3778,206096;3922,212393,1;305,12149,0.947077;403,19047,0.989692;438,16811,0.890923;563,27154,0.904615
3943,207658;3960,213298,1;289,12138,0.939538;396,19279,0.988308;444,17958,0.899846;561,27478,0.902923
3763,206838;3933,213376,0.999385;304,11990,0.952154;414,18330,0.988;461,17236,0.892615;599,27868,0.902615
3842,207895;3946,214603,1;492,12042,0.943231;397,18286,0.984615;444,17526,0.893077;576,27885,0.902923
3868,207825;3990,216610,1;285,11805,0.943231;393,18701,0.986462;456,17909,0.891538;589,28140,0.901385
3859,208257;3974,215746,0.999385;312,12142,0.954769;412,19221,0.989231;454,17803,0.893692;573,28010,0.896462
3834,206632;3965,214934,0.999077;282,12027,0.954462;405,19105,0.986;470,17210,0.889692;634,28019,0.894308
3872,207090;3955,214734,1;279,11965,0.951385;394,19083,0.981231;449,17653,0.891077;571,27850,0.894
3901,207814;3992,216490,0.999077;378,11786,0.949077;533,19088,0.987231;573,17095,0.892308;767,28392,0.896462
3856,207592;3916,212453,1;398,12142,0.947846;527,19047,0.989231;589,17545,0.894462;806,28377,0.897538
3905,208615;4008,215685,0.999692;411,12519,0.942462;564,19522,0.987231;595,18052,0.894308;813,28805,0.898308
3826,208044;3933,213777,0.999077;380,12017,0.956154;516,18158,0.983692;597,17450,0.886769;756,27948,0.893846
3845,208759;3972,214278,1;372,12010,0.952769;541,19718,0.990154;604,17989,0.889385;837,29561,0.898
3892,207516;3935,213388,1;394,11957,0.952154;514,18591,0.989231;433,17350,0.893385;579,28184,0.897692
3802,206180;3954,213308,0.999692;283,11342,0.945077;409,18192,0.983538;415,17068,0.895385;569,27091,0.898154
3816,207658;3934,213056,1;309,12080,0.954154;407,19078,0.985846;436,16994,0.888308;620,27600,0.893846
3869,208239;3967,214289,0.999846;385,11785,0.940923;536,19089,0.985231;603,18044,0.896615;796,28143,0.899385
3857,206897;3961,214085,1;380,11366,0.940769;536,18267,0.982;580,17205,0.897846;608,27506,0.902462
3811,207814;3932,213121,1;274,11546,0.947231;399,18722,0.987385;459,17370,0.895692;574,27425,0.900923
3854,207615;3998,215957,0.999846;269,11570,0.949846;380,18330,0.986615;600,17432,0.888462;667,27804,0.896615
3892,208175;4006,217232,0.997692;262,11344,0.956615;394,18313,0.983692;431,16953,0.883385;733,27625,0.889846
3869,208084;4034,218655,0.999231;389,11784,0.956;544,19100,0.989692;520,17986,0.888923;734,28842,0.897538
3907,206212;3966,216174,0.999077;377,11099,0.943231;504,17757,0.985231;589,16509,0.891231;742,26122,0.894615
3934,208120;4021,213847,1;377,11751,0.941846;452,18515,0.986923;461,17137,0.891692;596,27708,0.897692
3852,207628;4002,216386,0.999692;290,11591,0.943077;411,18088,0.984154;434,16477,0.888923;577,27337,0.895538
3921,208118;3999,215890,0.999692;276,11753,0.945846;416,18504,0.988769;568,17410,0.888923;782,28491,0.896462
3860,207898;3946,213191,1;354,11713,0.943692;447,18696,0.988154;426,17064,0.893077;604,27053,0.898462
3914,208248;4008,214862,1;386,12245,0.957846;533,18288,0.985077;598,17671,0.895692;784,28546,0.901538
3906,208759;4131,214602,1;364,11632,0.952462;526,18840,0.989538;601,17650,0.893692;794,28349,0.901231
3943,208029;4173,214470,0.998923;381,11544,0.956;546,18947,0.989538;577,16903,0.890462;787,27979,0.899692
3912,207999;4169,214530,0.999692;359,11276,0.946769;512,18345,0.986923;584,17438,0.888462;773,28012,0.895538
3936,207158;4139,213122,1;377,11134,0.939538;504,17829,0.984462;576,16732,0.886308;756,27409,0.895385
3828,208577;4198,216351,0.999846;372,11530,0.938;548,19073,0.988923;575,16901,0.885846;795,27538,0.894308
3951,208610;3955,213478,0.999846;413,12189,0.951231;559,19591,0.991077;604,17451,0.892923;791,28478,0.897692
3808,207007;3946,213536,1;367,11536,0.958308;526,18101,0.987846;557,16745,0.895385;753,26885,0.899692
3804,208341;3965,215282,1;376,11380,0.955231;535,18568,0.987231;593,17425,0.894923;771,27781,0.899077
3902,208650;3952,214207,1;382,11588,0.951385;548,19121,0.990308;582,17120,0.896308;779,27676,0.897538
3970,206758;3955,214836,0.999846;369,11071,0.949538;517,17805,0.987231;540,16057,0.896308;755,26253,0.897231
3890,206666;3954,214263,0.999846;440,11955,0.958923;507,18108,0.986462;566,16932,0.895385;549,27114,0.895692
3903,207251;3966,216265,0.999846;263,11344,0.947846;363,17801,0.983385;403,16634,0.887692;562,26681,0.889846
3942,207642;3974,214756,0.999538;284,11687,0.945846;404,19382,0.986462;412,17135,0.888615;763,28021,0.894
3963,205579;3958,214850,0.999846;396,11210,0.945692;501,17628,0.984308;555,16088,0.890154;760,26380,0.894923
3885,206922;3990,216031,0.999846;397,11451,0.943846;556,18744,0.985846;570,16876,0.884308;753,26827,0.895231
3919,207559;3968,215076,1;385,11570,0.950462;524,18725,0.986923;573,16769,0.888;752,26852,0.894769
3930,208494;4052,215902,1;358,10985,0.935077;515,18125,0.980462;529,17098,0.886615;581,27504,0.895538
3976,207407;4272,218114,1;259,11039,0.941846;374,17715,0.987077;478,16121,0.886769;718,26485,0.895692
3949,206838;4236,216209,0.998308;395,11385,0.939385;545,18104,0.986923;604,16572,0.889538;794,27321,0.894308
3905,207891;4244,216567,0.999692;410,11690,0.951385;517,18348,0.982923;575,16727,0.885846;792,27480,0.895077
3876,206572;4096,215679,1;388,11485,0.939538;527,18030,0.985385;560,16828,0.885077;760,27562,0.891231
3858,205075;4013,217233,1;256,10764,0.948769;364,17327,0.988462;408,16488,0.887385;547,26244,0.890923
3925,208057;4013,216893,1;258,10936,0.936615;384,18259,0.985692;434,16535,0.882615;556,26976,0.888769
3871,207519;4009,216575,0.999538;264,10904,0.938462;377,18080,0.989385;426,16746,0.886154;568,26899,0.893385
3907,207993;4202,216222,0.999231;264,11613,0.948154;379,18553,0.986923;422,17205,0.893692;590,27879,0.896769
3904,206740;4269,218495,1;256,11264,0.948154;364,17391,0.989692;401,16324,0.885077;546,26458,0.893077
3899,206048;4200,214645,1;261,10327,0.943231;360,16718,0.984462;408,16225,0.885231;552,26330,0.887846
3871,207046;4212,216426,1;257,11161,0.951231;362,17635,0.988;426,16774,0.879385;574,27386,0.885385
3786,206094;4218,217380,1;249,10393,0.952154;345,16239,0.984769;423,16353,0.875538;545,26161,0.881692
3848,205165;4240,218918,0.999846;240,10494,0.945385;356,17390,0.982769;410,16485,0.873231;555,26388,0.880308
3785,206769;4193,216469,0.999846;257,10954,0.946615;370,17668,0.984154;405,16425,0.876462;543,26382,0.880462
3841,207379;4227,217508,1;351,10880,0.948462;433,17994,0.985692;586,17094,0.881385;726,26686,0.884154
3890,206293;4243,217926,1;246,10563,0.938615;362,17361,0.983538;446,16166,0.881846;556,26660,0.886154
3890,207409;4295,220659,1;258,10798,0.949692;378,18347,0.99;433,17055,0.874923;564,27598,0.880308
3905,205542;4201,217594,1;324,10673,0.945231;477,16998,0.984154;579,16539,0.877385;728,26028,0.880154
3807,206934;4203,217704,0.999846;352,10712,0.941692;481,17487,0.982923;553,16427,0.873231;750,26965,0.879231
3861,207672;4219,216590,0.999846;276,10752,0.951538;362,17009,0.982308;408,16282,0.870462;541,26652,0.878
3868,205376;4267,218570,1;223,9870,0.949231;350,16274,0.985538;376,15092,0.869231;522,25404,0.875538
3741,200764;4241,217540,0.999846;237,8433,0.951385;317,14359,0.988;365,14061,0.870769;494,23248,0.877385
3557,193301;4243,217019,1;173,7122,0.951692;260,12235,0.990308;314,12137,0.872769;433,20295,0.876308
3523,185991;4200,218423,1;168,5740,0.945538;222,9994,0.987077;264,10425,0.867385;363,17714,0.872154
2998,160192;4122,217964,1;149,4517,0.954769;171,7433,0.985538;187,7414,0.862769;273,13181,0.868923
2507,135035;4279,218322,1;105,3680,0.963231;147,6172,0.985385;155,6153,0.864769;221,10744,0.868
1982,104591;4315,219024,1;85,2342,0.960769;96,3975,0.983077;113,4463,0.864;168,8123,0.866615
1859,100013;4290,219998,1;101,1997,0.959231;137,3471,0.981846;124,3650,0.864923;180,6503,0.866462
1475,79733;4229,218023,1;111,1788,0.963846;110,3173,0.982615;113,3482,0.865692;166,6104,0.867846
1276,68886;4210,217654,1;80,1532,0.965538;105,2505,0.983538;88,2628,0.866154;127,4499,0.868
760,40227;3980,217958,0.999692;73,863,0.966769;69,1570,0.983846;47,1455,0.866462;58,2579,0.866308
822,44273;4133,216325,0.999846;42,806,0.961692;52,1480,0.984;35,1535,0.863846;50,2575,0.866
455,24295;4107,218955,1;36,424,0.966308;27,537,0.983692;18,628,0.864769;26,1013,0.865692
211,11407;4081,218449,1;32,182,0.965692;42,463,0.984154;10,363,0.864308;15,601,0.865385
354,18217;4114,220033,1;38,303,0.966154;40,545,0.984154;14,469,0.865385;23,905,0.866154
413,22477;4055,216976,1;41,371,0.969385;33,542,0.983077;14,477,0.866308;22,858,0.866769
