33,35245;66,22389,1;39,9342,0.98797;53,13057,0.999248;49,9215,0.945865;49,10254,0.97594
31,32848;65,21931,1;11,1830,0.967669;14,2611,0.972932;12,2637,0.910526;13,2659,0.943609
30,31434;67,22532,0.986466;15,1835,0.952632;16,2878,0.982707;14,2757,0.913534;15,2931,0.925564
31,32537;66,22367,0.993233;12,1956,0.950376;17,3197,0.990226;20,2997,0.899248;15,3172,0.919549
31,32649;67,22440,0.972932;16,2059,0.944361;16,2933,0.968421;16,3017,0.912782;15,3122,0.915789
32,33508;64,22033,0.989474;14,2333,0.926316;22,3729,0.972932;17,3416,0.885714;18,3873,0.913534
31,32511;65,22144,0.984962;19,2607,0.945865;21,4040,0.977444;17,3193,0.881203;17,3484,0.9
30,31485;67,22725,0.996241;14,2100,0.943609;17,3312,0.977444;16,3083,0.882707;17,3452,0.884211
31,31664;65,22246,0.979699;14,2081,0.935338;18,3318,0.975188;17,3312,0.867669;18,3610,0.880451
32,32683;66,22573,0.999248;15,2336,0.939098;19,3647,0.965414;17,3290,0.862406;18,3839,0.877444
31,31546;61,22736,0.997744;18,2299,0.923308;21,3721,0.97218;17,3213,0.842105;19,3708,0.869173
32,33139;65,21750,0.97218;18,2490,0.915789;23,3725,0.95188;20,3790,0.824812;21,4209,0.848872
32,33583;69,23112,0.996992;16,2723,0.926316;21,4051,0.957895;22,4137,0.830075;23,4436,0.841353
32,33286;66,22601,0.999248;17,2774,0.942857;21,3995,0.959398;20,3782,0.831579;33,4299,0.842857
31,32262;67,22607,0.996241;18,2623,0.945113;21,3987,0.97218;21,3823,0.821053;21,4127,0.845865
31,31860;67,22824,0.995489;16,2656,0.92406;21,3898,0.966917;20,3692,0.819549;21,4163,0.847368
32,32789;66,22582,0.991729;17,2809,0.927068;23,4350,0.969173;16,4227,0.841353;21,4516,0.859398
32,33285;67,23110,0.969925;19,3064,0.918797;23,4573,0.971429;23,4252,0.854887;23,4660,0.866165
32,32804;69,23258,0.989474;20,3383,0.948872;24,5121,0.97218;24,4352,0.841353;25,5022,0.875188
30,31377;70,23462,0.999248;16,2753,0.94812;20,4056,0.978195;19,3584,0.857895;19,3860,0.860902
30,31355;59,22314,0.992481;16,2732,0.918797;21,4041,0.947368;21,3949,0.872932;22,4086,0.877444
31,32299;67,22999,0.999248;19,2773,0.92782;25,4311,0.964662;25,4193,0.87218;23,4423,0.876692
31,32076;57,23170,1;20,2843,0.930827;23,4250,0.966165;23,4050,0.879699;23,4314,0.878947
32,32976;75,23194,1;19,2995,0.935338;25,4685,0.960902;23,4023,0.857895;22,4315,0.866165
32,32637;75,22612,0.998496;20,3066,0.915789;25,4635,0.948872;24,4364,0.856391;24,4778,0.873684
31,31515;74,22724,0.995489;23,2996,0.916541;23,4659,0.965414;22,4057,0.864662;24,4724,0.889474
33,33329;74,22722,0.987218;19,3175,0.909774;25,5043,0.988722;25,4500,0.878947;27,5276,0.9
32,33131;74,22665,0.992481;18,2980,0.963158;23,4561,0.994737;23,4259,0.87218;26,5024,0.896992
32,32456;75,23052,1;20,2907,0.940602;24,4522,0.982707;26,4285,0.869925;25,4880,0.890226
32,33168;76,23038,0.997744;16,2779,0.933835;23,4340,0.980451;22,4115,0.877444;24,4812,0.890977
30,31379;79,23150,0.992481;19,2352,0.899248;20,3885,0.981955;20,3579,0.852632;20,4046,0.878947
32,32878;76,23085,0.995489;20,3173,0.912782;26,5038,0.985714;25,4477,0.863158;24,4796,0.88797
33,33687;75,23054,0.988722;18,2967,0.918045;22,4491,0.973684;23,4138,0.877444;24,4661,0.887218
32,32510;75,23053,1;18,2804,0.917293;23,4626,0.983459;22,4136,0.869925;24,4651,0.884962
30,30605;75,22757,0.998496;16,2760,0.920301;28,4328,0.974436;20,3673,0.874436;20,4071,0.88797
33,33711;74,23230,0.993233;15,2809,0.916541;21,4372,0.962406;22,4192,0.878195;23,4644,0.885714
32,33276;74,22440,0.996241;17,2750,0.935338;20,4022,0.953383;24,3909,0.87218;24,4413,0.884962
33,32525;74,22332,1;16,2536,0.937594;19,3883,0.955639;18,3512,0.870677;20,4118,0.891729
34,33660;75,22577,0.990977;16,2719,0.926316;23,4341,0.971429;22,4003,0.883459;23,4510,0.890977
34,33212;75,22603,0.992481;15,2493,0.92782;22,4010,0.978947;19,3538,0.87218;20,4067,0.887218
31,30775;74,22325,0.980451;16,2380,0.930827;21,3875,0.98797;20,3628,0.87218;21,3987,0.889474
33,32978;76,23184,0.98797;18,2788,0.96391;21,3960,0.978947;21,3795,0.849624;32,3979,0.864662
34,31959;74,22190,0.996992;19,2804,0.964662;21,4046,0.976692;19,3716,0.859398;21,4147,0.867669
34,31588;76,22947,0.991729;20,2391,0.956391;18,3636,0.97594;18,3523,0.866917;19,3881,0.869925
34,33567;55,22709,0.993233;18,2771,0.970677;21,4154,0.977444;21,4042,0.879699;21,4173,0.874436
32,31357;73,21702,0.998496;16,2383,0.967669;19,3343,0.967669;17,3251,0.866165;25,3577,0.851128
33,32755;72,21465,0.996241;18,2434,0.935338;22,3736,0.963158;21,3715,0.851128;23,4300,0.875188
31,31272;74,22106,0.995489;15,2186,0.942857;21,3494,0.952632;17,3058,0.843609;30,3578,0.867669
33,32251;75,22452,0.993985;14,2386,0.958647;19,3480,0.957895;16,3014,0.830827;18,3576,0.86391
30,30735;74,22237,0.985714;15,2255,0.933083;20,3359,0.945113;17,3166,0.83985;18,3566,0.849624
34,33066;75,22183,0.991729;15,2389,0.950376;18,3410,0.93609;18,3458,0.863158;18,3678,0.856391
36,31804;75,22255,0.997744;14,2187,0.965414;18,3350,0.979699;15,2974,0.853383;16,3304,0.855639
35,31110;59,22199,0.976692;14,2109,0.919549;20,3345,0.970677;16,3131,0.845865;17,3401,0.850376
37,33043;76,22406,0.992481;14,2229,0.93609;18,3257,0.975188;16,3169,0.840602;18,3601,0.84812
37,33087;75,22275,0.992481;16,2343,0.958647;19,3305,0.966165;17,3220,0.842857;18,3666,0.852632
35,31077;79,22614,0.998496;15,2193,0.954887;18,3063,0.972932;17,3066,0.865414;20,3665,0.870677
37,32917;75,22719,0.999248;15,2304,0.952632;19,3181,0.97218;17,3115,0.846617;19,3500,0.866917
36,32017;78,22959,0.991729;12,2066,0.969925;16,2789,0.97218;14,2864,0.852632;16,3256,0.86391
37,33017;64,22359,1;22,2113,0.968421;25,3151,0.973684;15,3055,0.856391;16,3278,0.861654
35,31772;75,22556,0.990226;12,2069,0.975188;16,2952,0.974436;17,3227,0.849624;18,3609,0.856391
33,28984;75,22441,0.996992;8,1311,0.959398;12,1993,0.966165;11,2256,0.854887;12,2480,0.863158
26,23775;74,22079,0.97218;8,724,0.969173;6,1003,0.980451;6,1348,0.851128;7,1562,0.86015
15,14559;75,22524,0.996992;3,395,0.966917;5,636,0.987218;3,661,0.851128;3,717,0.861654
3,2832;74,21989,0.998496;2,65,0.973684;2,100,0.987218;0,147,0.851128;1,193,0.861654
