47,35245;257,64620,1;44,11366,0.983459;53,14534,0.998496;87,11698,0.987218;85,12255,1
44,34945;262,65401,1;18,2344,0.966165;26,3359,0.985338;37,4804,0.960902;38,5691,0.970301
43,34961;265,66354,0.999248;25,2689,0.954135;34,3925,0.98797;41,5206,0.936842;42,6406,0.945865
44,34957;259,64525,1;26,2685,0.952256;35,4018,0.985338;43,5277,0.935338;46,6452,0.934211
44,34911;261,64978,1;31,2877,0.956767;33,4113,0.987594;41,4930,0.909774;44,6388,0.909774
45,35020;266,67121,1;33,3419,0.963158;45,5248,0.993985;56,6059,0.885338;59,8012,0.890977
40,34990;263,65682,1;32,3348,0.967293;39,4690,0.985338;48,5531,0.871053;54,7531,0.885338
40,35027;264,66493,1;34,3674,0.959023;39,5191,0.984962;55,6001,0.857519;62,8389,0.873308
44,34999;261,65193,1;35,3538,0.957143;47,5168,0.987218;57,6131,0.851504;57,7934,0.865038
44,35043;265,65678,1;33,3421,0.964286;40,5015,0.990602;55,6084,0.856767;60,8288,0.86015
44,35047;233,65429,0.999248;32,3488,0.950376;43,5452,0.987218;60,6369,0.850752;66,8825,0.853383
44,35001;233,65630,1;32,3540,0.956767;45,5305,0.990226;62,6495,0.833083;68,8912,0.842105
44,35079;229,64234,1;40,3965,0.955639;43,5787,0.989098;63,6495,0.823308;72,9449,0.841353
43,35073;234,65800,1;36,3960,0.93609;44,6013,0.987594;73,7274,0.828571;80,10533,0.849624
41,35121;235,65902,1;36,4324,0.955639;47,6425,0.993233;72,7349,0.822932;79,10607,0.842857
41,35120;232,65339,1;35,4220,0.948872;46,6529,0.995113;66,6963,0.836466;71,9726,0.840977
46,35159;239,67760,1;41,4443,0.945113;53,6612,0.992857;74,7081,0.818797;79,10030,0.83609
45,35104;236,66482,1;26,4408,0.95188;31,6511,0.997368;49,7100,0.819549;51,10274,0.833083
46,35150;239,67377,1;27,4630,0.957519;36,7163,0.993985;53,7566,0.826692;82,11350,0.832707
46,35142;239,67657,1;33,4243,0.953008;45,6537,0.993985;70,7216,0.823308;75,10399,0.833459
45,35108;238,66769,1;38,4253,0.954135;46,6338,0.990226;67,7151,0.82218;75,10440,0.828571
45,35091;236,66517,1;34,4222,0.96015;43,6419,0.994737;69,7191,0.82406;74,10180,0.82406
49,35128;238,67073,1;41,4374,0.955639;52,6472,0.987594;80,7342,0.823684;86,10486,0.830827
45,35063;239,67838,1;41,3963,0.952632;51,6117,0.985338;76,7161,0.818045;81,10509,0.831203
45,35124;235,65965,0.999624;35,4335,0.96391;49,6430,0.993233;70,6985,0.806767;76,10112,0.819549
57,35121;240,66670,1;37,4199,0.954511;46,6203,0.986466;74,7480,0.811654;77,10354,0.82406
45,35100;239,66619,0.999624;35,3974,0.943985;48,5968,0.98797;72,7186,0.823684;76,10055,0.828195
45,35110;235,65379,1;41,3833,0.965038;45,5590,0.987218;66,6860,0.815414;72,9596,0.819925
45,35060;235,65592,1;33,3414,0.953759;43,5243,0.991729;65,6795,0.81015;71,9502,0.817293
44,35047;235,66016,1;31,3480,0.95;43,5116,0.987218;61,6517,0.809774;67,9534,0.817669
41,35055;233,65779,1;27,3637,0.966165;31,5216,0.995865;47,6884,0.811654;49,9460,0.812782
41,35053;241,66200,1;24,3567,0.959398;28,5180,0.990977;41,6449,0.799248;45,9066,0.801128
44,35046;258,64568,1;23,3521,0.954511;28,5300,0.98985;42,6409,0.78985;47,8964,0.803008
45,35027;256,63946,1;21,3325,0.956767;39,4734,0.98985;58,6103,0.780451;68,8711,0.791353
44,35030;259,64956,1;31,3198,0.952632;41,4887,0.991353;62,6469,0.772556;68,8977,0.781955
44,34966;260,65042,0.999624;29,2981,0.956767;36,4214,0.983835;58,5953,0.776316;65,8458,0.791729
42,35026;263,65788,1;32,3216,0.965038;37,4669,0.98797;57,6160,0.784586;65,8715,0.793233
41,34995;263,66136,1;24,2877,0.962406;42,4438,0.992105;53,5928,0.779323;60,8440,0.791353
42,35030;262,65581,1;31,3130,0.959774;40,4642,0.995489;57,5978,0.787594;67,8560,0.795113
42,34996;261,65433,1;29,3138,0.946992;40,4609,0.984962;61,6148,0.78985;68,8535,0.793985
41,34964;248,64734,1;29,2991,0.958647;39,4546,0.991729;52,5657,0.785338;55,7667,0.793609
64,34981;260,64986,1;36,3247,0.966541;38,4674,0.993233;58,6195,0.783083;62,8333,0.794737
44,34929;259,65126,1;27,2880,0.962406;33,4302,0.995113;56,6006,0.787594;64,8235,0.791353
46,34962;256,64157,1;35,2975,0.963158;35,4233,0.993233;55,5790,0.78797;60,7885,0.794737
45,34949;260,65402,1;23,2899,0.956391;32,4047,0.990602;51,5730,0.790226;55,7974,0.796617
43,34703;259,64758,0.999248;25,2462,0.971053;26,3306,0.991729;45,5006,0.789098;49,6958,0.794737
43,34374;258,64666,1;21,1897,0.969173;23,2713,0.98609;36,3860,0.785714;40,5619,0.788722
44,33904;256,64131,1;15,1449,0.972556;19,1991,0.992481;26,2886,0.785338;32,4508,0.787594
35,26347;244,64931,0.999624;11,704,0.966541;12,1100,0.991729;15,1610,0.782707;17,2519,0.786466
32,24701;257,63994,1;10,549,0.970301;10,922,0.993985;12,1297,0.779699;14,2008,0.784211
23,18310;235,65399,0.998872;5,313,0.969925;8,541,0.996241;7,750,0.779323;8,1222,0.784586
9,6621;237,65537,0.998872;1,54,0.971429;9,210,0.995489;3,285,0.780451;3,507,0.78609
3,2031;219,64636,0.999624;10,67,0.983835;3,101,0.995113;1,144,0.780451;2,313,0.786466
