6521,2418900;4028,972094,0.999091;1665,204679,0.916;2310,260524,0.977545;4005,199961,0.886227;4475,264898,0.973955
6605,2400158;3717,970576,0.999273;1736,84916,0.909591;1692,126887,0.970818;2581,98650,0.894455;2593,156430,0.956273
6435,2388503;3783,969590,0.999182;2155,87150,0.911409;1858,127928,0.970455;2422,100626,0.902455;2385,157117,0.951364
6832,2392985;4437,970929,0.999;1978,86075,0.911;1665,129246,0.970864;2769,100192,0.896727;2914,159966,0.946318
6627,2392926;4409,976544,0.999136;1917,87692,0.900955;2054,132111,0.969227;2767,102001,0.893045;2916,162754,0.943864
6881,2398650;4172,972059,0.999;2233,88549,0.9065;2168,134265,0.968136;2828,104751,0.8955;3022,165731,0.944227
7059,2396034;4538,970367,0.999727;1921,87137,0.908273;1863,132067,0.968955;3104,100986,0.891591;2534,160980,0.946227
6980,2398307;4450,970132,0.999227;2040,88195,0.904909;2461,134920,0.969227;2993,103169,0.891182;2485,167454,0.948227
6805,2396083;4469,974142,0.999318;2129,87629,0.903045;2130,133613,0.969091;2659,101300,0.894364;3034,162164,0.944227
7054,2401344;4453,968243,0.999455;2536,89597,0.901273;1659,134986,0.9675;2598,103038,0.889364;2917,166204,0.944455
6987,2403755;4459,967902,0.998773;2240,88830,0.905909;2097,136619,0.972818;2758,103895,0.892682;2796,166139,0.946409
6884,2403114;4541,971002,0.999545;1940,89953,0.8975;2101,135975,0.974045;2948,104638,0.893955;2584,166856,0.951318
6818,2400453;4659,976711,0.999364;2356,89012,0.903136;2248,135058,0.969455;3150,104251,0.892818;3227,165059,0.95
6842,2400342;4482,975452,0.999091;2351,90989,0.903682;2230,136922,0.9705;2596,105067,0.889409;3314,168038,0.952409
7041,2401079;4432,972049,0.999364;2201,89029,0.901591;1970,137018,0.972091;2700,103822,0.893273;3024,163976,0.953
6979,2401664;4449,974127,0.999273;2134,91413,0.905545;2036,138444,0.970045;3035,106472,0.888182;2612,168417,0.950636
7151,2398842;4460,976812,0.998864;1900,90074,0.904318;1848,135229,0.967909;2952,103775,0.891545;3216,167000,0.955455
7026,2404666;4491,975023,0.999;2054,90450,0.909409;1632,138180,0.972545;3066,107292,0.897045;3353,169737,0.952455
6951,2397359;4476,974922,0.999773;1759,89743,0.909864;1890,135942,0.970773;3015,104327,0.896045;3134,164183,0.950591
7314,2402138;4498,977856,0.999455;2181,90833,0.906545;1848,137311,0.966;2536,104911,0.889045;2671,169136,0.948591
6932,2397019;4465,976207,0.998864;2114,90352,0.904;2157,138066,0.970773;3138,104909,0.893;3643,167133,0.948364
6976,2397766;4467,978792,0.999182;2339,91722,0.901591;2165,136561,0.969455;3031,105339,0.8955;2517,170181,0.952591
7007,2404357;4506,987283,0.999636;2324,92241,0.9095;2136,140711,0.9705;3229,107381,0.897182;3197,171490,0.951045
6739,2393682;4446,975303,0.999364;2164,91069,0.905591;2157,134352,0.971636;3029,104195,0.899136;2621,166619,0.952909
6809,2397832;4466,979032,0.999409;2301,90334,0.907091;2188,135731,0.969727;2989,103673,0.899591;2973,165252,0.953136
6812,2394857;4440,974886,0.999545;1911,89948,0.907909;1568,135721,0.969591;2303,103893,0.892045;3082,166708,0.950136
6928,2403182;4466,976361,0.999636;2273,90524,0.912636;2223,137050,0.972727;2679,103562,0.891;3149,169125,0.951318
6790,2401816;4528,980512,0.9995;2004,90315,0.910591;2215,136634,0.970545;3146,105146,0.895818;3135,167155,0.952409
6876,2403396;4506,977520,0.998636;2239,90064,0.908409;2109,136345,0.971;3046,104863,0.889273;2762,165248,0.947318
6740,2391575;4484,975245,0.999318;2150,90674,0.911455;1953,136765,0.968818;3002,105419,0.899136;2907,166855,0.947591
6612,2398762;4471,976704,0.999;2116,89084,0.903636;2029,137257,0.969636;3071,105057,0.899455;2813,166248,0.948455
6882,2397901;4458,976812,0.999227;1995,91151,0.904682;1800,134235,0.967773;2996,104600,0.901773;3103,164004,0.948318
6749,2399002;4533,972602,0.998727;2001,91349,0.914955;1744,135471,0.969273;2798,104845,0.896318;3132,168068,0.950182
6812,2400362;4228,976894,0.999273;1798,90936,0.910591;1821,136810,0.970318;2675,105018,0.896864;3226,166378,0.947
6897,2396188;3863,974820,0.999136;2055,88859,0.907136;2159,134606,0.972182;3132,103364,0.902091;3222,165084,0.950591
6734,2391485;3651,970084,0.998773;2164,87095,0.906182;2062,132930,0.968818;2439,101485,0.901409;2478,160853,0.952864
6739,2400903;3997,968111,0.9995;2110,89328,0.907;2014,137384,0.970364;2572,105578,0.904455;2944,165110,0.952227
7020,2398115;4058,972053,0.9995;1666,88003,0.906727;1600,135819,0.971455;2257,103091,0.898455;2372,165887,0.949682
6751,2400920;3778,971362,0.998909;1878,90286,0.907682;2157,134789,0.970636;3155,105295,0.906318;3218,166486,0.949591
6849,2395464;4254,966372,0.998909;2187,89658,0.908091;2066,134360,0.968864;2948,105292,0.900318;2512,166417,0.948045
6645,2396890;4019,965445,0.998773;1938,86784,0.905727;1758,131686,0.972636;3061,102213,0.907318;3125,163469,0.9495
6960,2396359;4140,967528,0.998909;2157,87813,0.903455;2063,132968,0.972864;3132,103233,0.902364;3243,164335,0.947318
6613,2396669;4448,964027,0.999045;2473,87773,0.900545;2155,134800,0.972;2978,102313,0.898727;3214,165048,0.951091
6657,2394645;4188,963481,0.998909;2124,86784,0.902727;2049,131355,0.969864;3101,101779,0.901409;3013,159954,0.950545
6703,2391014;4258,963751,0.999136;1868,86192,0.903818;1977,131134,0.972091;2206,100934,0.900273;3017,161025,0.949227
6854,2401885;4353,965298,0.999227;2625,87424,0.906409;2194,131016,0.971636;3104,102973,0.904818;3252,165293,0.948273
7187,2403707;4272,964388,0.998909;2142,88678,0.908364;2166,134780,0.974182;3018,104428,0.901455;2448,165920,0.948364
7058,2393529;4150,962335,0.999;1715,87745,0.910818;1689,130068,0.9645;2555,102075,0.901;2962,161582,0.948773
6986,2396569;4118,960151,0.999091;2147,87527,0.909955;2133,132109,0.970227;3058,100396,0.902045;3152,161874,0.953682
7152,2387957;4092,963064,0.999318;2638,87172,0.914773;2145,129253,0.969773;2981,100488,0.903818;3061,159235,0.952818
7095,2396044;4282,957026,0.999455;1745,87544,0.9175;2318,129566,0.973136;3026,101050,0.897636;3167,159563,0.949273
7009,2399060;4080,962801,0.999409;2261,86044,0.912409;2060,130008,0.9755;2947,101473,0.903182;3100,161202,0.948318
7397,2402319;4078,965142,0.9995;2344,87584,0.911864;1737,131950,0.972591;2283,102165,0.896227;2477,165958,0.946455
7415,2397431;4137,958319,0.9995;1741,85160,0.914909;1587,129063,0.970409;2821,101464,0.900045;2361,160053,0.9445
7395,2403548;4052,959284,0.999091;1861,87862,0.917455;2205,132304,0.972455;3073,103419,0.902;3300,165563,0.946455
7468,2400634;4136,960927,0.999227;1764,88234,0.912182;1772,133246,0.974591;2482,102922,0.903455;2422,163591,0.949318
7677,2398451;4171,958273,0.999318;1960,88715,0.915682;2058,131533,0.974409;2971,102156,0.898545;3164,162924,0.948409
7649,2404478;4583,959158,0.999273;1841,88290,0.909182;1551,133159,0.971909;2337,102571,0.899182;2994,166263,0.946273
7497,2401939;4429,961908,0.999409;2352,86179,0.905682;1997,130622,0.972864;2836,101405,0.895273;2379,163094,0.947409
7561,2403310;4375,962202,0.999182;2133,86910,0.909955;1571,130980,0.973318;2595,100259,0.900909;2714,162721,0.948318
7244,2394235;4393,963131,0.999182;2187,85147,0.911364;1832,128066,0.973682;2603,101338,0.907727;2642,158542,0.949545
7649,2399605;4445,955007,0.999136;1753,86168,0.912727;1593,130965,0.974182;2365,101203,0.908227;2452,161640,0.948273
7504,2396567;4463,959040,0.999682;1832,86473,0.915636;1619,130965,0.972727;2912,99927,0.904864;3272,161132,0.949545
7632,2401319;4277,957921,0.998727;2651,85499,0.916545;2147,128671,0.973955;2594,101240,0.908909;2381,159955,0.948364
7409,2387557;3255,955978,0.999455;1871,85790,0.911;1584,128493,0.973182;2176,98044,0.898636;2398,159849,0.948318
7768,2404031;2783,958598,0.999455;1870,86849,0.908818;1665,130203,0.972455;2304,102181,0.896636;2431,164410,0.947364
7638,2396208;4268,953628,0.999182;1650,84966,0.912682;1589,128944,0.973864;2399,100376,0.903;2425,160006,0.945636
7649,2398689;4498,953359,0.999455;1648,85521,0.914318;1718,127798,0.972909;2265,101411,0.905727;2414,159724,0.946227
7485,2395435;4465,958711,0.9985;1611,83053,0.911727;1573,124100,0.974;2081,97029,0.902455;2734,155635,0.945591
7807,2401137;4385,950288,0.999091;2586,85771,0.909364;2105,127756,0.972682;2934,99983,0.902545;3034,159776,0.946955
7546,2394005;4411,951040,0.999091;1830,84578,0.915273;1615,125934,0.973273;2240,99564,0.903864;2354,154754,0.946909
7810,2399561;4457,961105,0.999409;1925,85857,0.9105;1683,128286,0.973682;2378,101408,0.900727;3090,162559,0.947045
7731,2396115;4434,953534,0.999273;2297,84322,0.909773;2076,126132,0.972455;2833,98432,0.904591;2977,157355,0.947727
7896,2393786;4479,949689,0.999182;2449,85525,0.918364;2003,125935,0.972;2908,99232,0.9;2833,153939,0.946318
8045,2402449;4439,951716,0.999273;2102,85722,0.911227;1783,131779,0.975636;2226,100595,0.901636;2424,162832,0.948273
8169,2394659;4448,950173,0.999136;2252,85537,0.912136;2029,126389,0.972727;2891,99316,0.904364;3020,156104,0.943955
7965,2397415;4428,956625,0.999273;2183,85336,0.912136;1993,126721,0.969955;3039,100139,0.896727;3173,157433,0.940818
8193,2398193;4468,958509,0.999636;2258,84421,0.915955;2006,125477,0.972;2204,99132,0.896955;2308,157109,0.940364
8377,2394883;4516,955286,0.999409;2181,83918,0.910409;2074,126684,0.973545;2398,100022,0.896727;2372,159322,0.942591
8347,2391648;4427,950720,0.998727;1734,83176,0.911636;1593,123558,0.977227;2504,97996,0.894318;2895,153253,0.944182
8275,2394545;4473,952146,0.999364;2032,83152,0.918545;2067,124931,0.973409;2851,97266,0.894545;2974,153162,0.942273
8388,2398432;4469,958169,0.998727;2056,82537,0.911409;2111,124806,0.975727;2868,98601,0.895909;3115,156925,0.942045
8730,2404494;4441,952500,0.998955;1692,84222,0.912864;1693,128321,0.978182;2250,99428,0.898409;2409,161512,0.945273
8381,2401416;4472,954002,0.999091;1805,84740,0.912864;1823,126857,0.974136;2615,99007,0.888773;2399,158524,0.943545
8435,2401125;4398,954962,0.998318;1823,86053,0.909409;2061,128327,0.972045;2993,101755,0.899182;3044,158999,0.948318
8190,2396808;4416,958995,0.999091;2186,84582,0.907591;2174,126638,0.974545;2826,99325,0.899455;3230,158600,0.946227
8560,2400387;4243,957866,0.999455;2357,85862,0.916227;2182,128156,0.974773;3042,100067,0.893182;3209,161297,0.948227
8005,2383964;4041,955312,0.999273;2245,83317,0.914773;2010,125300,0.974955;2920,98424,0.898909;2916,152833,0.950636
8459,2400846;4177,955083,0.998773;1719,84797,0.917455;1790,126865,0.975864;2080,98849,0.9015;2697,159731,0.9495
8099,2397510;4145,951763,0.999455;1821,83862,0.917864;1773,124664,0.973682;2230,99256,0.904955;2343,158772,0.950591
8342,2398730;4086,953098,0.999091;1780,84346,0.918409;2001,125362,0.972727;2788,98354,0.896;3031,158057,0.946136
8208,2400081;4118,948311,0.998818;1866,82866,0.915818;1698,123350,0.974682;2759,97294,0.899;3057,155681,0.946136
8395,2398451;4039,950787,0.999273;2360,83204,0.918455;2055,123772,0.973364;2887,98626,0.897727;3058,157417,0.946727
7934,2399521;4013,952837,0.999182;2263,82918,0.920636;1847,123038,0.975318;2663,96960,0.8975;2963,154657,0.948955
7909,2396693;4138,953544,0.998409;2064,81563,0.914682;2094,123278,0.973773;2676,97695,0.891091;2914,155541,0.945364
7281,2388333;4104,949494,0.999364;1955,81259,0.914727;1666,120417,0.975909;2139,94773,0.889;2459,151960,0.947227
7908,2404088;4025,949282,0.998955;2304,83560,0.918591;1696,123991,0.9755;2804,98866,0.891909;3059,159296,0.945409
7661,2397653;4076,950436,0.999409;2152,81440,0.917864;2191,123667,0.974182;2769,96791,0.896636;2972,152645,0.944227
7752,2396072;4243,942857,0.999136;2441,80271,0.919818;2139,122108,0.974273;2810,97272,0.903818;3015,153664,0.945182
7596,2385109;4416,947293,0.998545;2126,80785,0.911045;2064,119083,0.974091;2716,95441,0.901455;2324,149965,0.944091
7657,2391075;4533,943055,0.999455;1693,82322,0.918773;1552,122372,0.976909;2310,97331,0.901727;2422,156595,0.943
7719,2393664;4446,947885,0.999364;1720,78056,0.921318;1986,118858,0.973273;2658,93065,0.907136;2945,151501,0.947
7309,2393195;4192,946558,0.999409;2182,80666,0.914864;2054,121573,0.976273;2722,94858,0.906545;3063,153405,0.946682
7168,2398125;4171,939536,0.9995;2112,81731,0.918773;1751,122707,0.976045;2539,96260,0.910273;2981,152672,0.946227
7458,2394760;4239,941350,0.998955;1804,79524,0.916955;1617,120126,0.978091;2325,95709,0.910818;2896,151718,0.947864
7541,2398992;4545,950152,0.998227;2112,81598,0.920727;2026,120944,0.978045;2059,96604,0.905636;2262,153176,0.946545
7299,2395792;4878,944843,0.999409;1730,80448,0.919182;1539,119701,0.977409;2135,96115,0.907227;2729,156719,0.945182
7469,2392652;4328,947605,0.998864;2580,81187,0.918;2073,121249,0.972909;2331,95926,0.904091;2275,154322,0.950136
7511,2396878;4327,940128,0.999591;1687,79280,0.921318;1567,118328,0.975818;2623,95116,0.911318;2919,148646,0.951227
7480,2402423;4346,944428,0.999364;2200,80913,0.918455;1984,122831,0.978091;2420,98156,0.908818;2161,152163,0.950455
7451,2393784;4310,945614,0.9995;2226,78290,0.916318;1547,118377,0.977227;2178,94781,0.909;2194,152784,0.949727
7610,2385908;4791,943563,0.999409;1820,77878,0.919273;1526,115298,0.973864;2059,91495,0.904409;2675,148047,0.945409
7446,2391447;4655,945619,0.999682;2084,78761,0.9255;1808,116958,0.975864;2652,93456,0.905;2810,150432,0.943773
7571,2392709;4336,946824,0.999045;2265,77984,0.924318;1761,116013,0.977182;2102,94445,0.908045;2463,148862,0.945818
7679,2391091;4345,944700,0.999318;2084,78293,0.922818;2132,117311,0.975182;2744,95550,0.903364;2905,150653,0.9435
8586,2396306;4320,942785,0.999455;2309,78666,0.916864;1927,116401,0.976727;2577,94306,0.901545;2841,151807,0.942136
8450,2387070;4316,941410,0.999591;2256,77732,0.9255;2061,115362,0.977227;2585,94098,0.902136;2849,148316,0.945091
8601,2393249;5047,940634,0.999455;1655,75988,0.921545;1552,115525,0.977864;1981,91915,0.899091;2175,148103,0.939773
8697,2396145;4360,938031,0.999;1894,75519,0.925773;1645,114031,0.977318;2230,93236,0.908909;2097,145867,0.939818
8684,2401322;4331,939900,0.999227;1964,75521,0.920636;1616,114374,0.977273;2034,93306,0.899591;2259,149471,0.937864
8515,2391653;4319,938448,0.999545;1672,77672,0.921909;1752,115657,0.974636;2134,93857,0.900227;2291,149064,0.939
8295,2371260;4286,944359,0.999636;1662,73272,0.927818;1646,110864,0.975818;1931,87747,0.900273;2215,141598,0.935818
8668,2393673;4075,940056,0.999227;2388,75807,0.922091;2143,114282,0.978182;2753,92442,0.893409;3020,150647,0.933727
8533,2393255;4238,940933,0.999091;1741,74533,0.922636;1577,110850,0.976545;2490,88940,0.899636;2879,144959,0.931045
8836,2303216;4229,940406,0.999318;1867,56437,0.935318;1787,88019,0.978636;2178,73978,0.899318;2403,119687,0.928455
8280,2086286;4322,938265,0.999591;1969,40989,0.944318;1438,65202,0.980591;1472,52110,0.899773;1663,87886,0.925591
7315,1831451;4308,943283,0.999727;1519,29947,0.941909;1123,46482,0.981682;1155,39748,0.903182;1245,66261,0.924227
5344,1343620;4304,940505,0.999591;1064,17877,0.946818;861,28472,0.9825;453,24142,0.901955;615,39492,0.925682
3554,963124;4676,939302,0.999636;908,11800,0.949045;700,19818,0.982318;305,15907,0.902864;434,27512,0.923682
2843,713621;2778,935356,0.999318;862,8617,0.952182;549,13538,0.983409;257,10938,0.904773;267,18350,0.925682
1679,436353;2688,934611,0.999409;581,4773,0.952045;555,7602,0.983091;132,5783,0.905364;170,10994,0.9245
693,167984;2687,937916,0.999773;946,2125,0.950909;737,3305,0.983545;42,2196,0.906682;54,3902,0.925136
531,140363;2807,939449,0.999364;597,1688,0.952682;455,3021,0.983682;34,2189,0.907545;38,3631,0.9255
451,112656;3989,938733,0.999727;498,1206,0.952318;299,1977,0.983545;29,1981,0.906318;31,3138,0.924909
250,60982;3963,935044,0.999318;451,658,0.951545;382,1229,0.983636;16,755,0.905955;24,1633,0.924773
