850,48205;2304,80554,1;485,14163,0.984887;579,17203,0.998392;580,14136,1;584,15451,1
804,47872;2279,81699,1;122,3213,0.965595;176,4865,0.989068;224,6224,0.96045;263,7614,0.961415
798,47861;2263,79781,1;127,3351,0.967846;176,4953,0.988746;227,6311,0.935048;269,7815,0.93537
800,47886;2322,81608,0.999678;125,3456,0.963023;183,5038,0.984566;240,6525,0.907074;295,8492,0.911254
812,47843;2260,79754,0.998714;154,3705,0.957235;205,5547,0.986817;253,6687,0.888103;308,8816,0.891961
799,47910;2267,80473,1;144,3762,0.945016;205,5736,0.98746;259,6923,0.867846;329,9436,0.875241
768,47909;2303,81272,0.999357;150,3626,0.948553;205,5513,0.99164;253,6658,0.85209;331,9398,0.86881
762,47904;2257,80196,0.999357;134,3573,0.949839;214,5702,0.989068;273,7149,0.850482;338,9734,0.86881
760,47918;2288,80868,1;152,4028,0.951125;222,6115,0.985531;277,7268,0.840514;369,10408,0.861415
767,47987;2270,80376,0.999357;172,4563,0.951447;241,6803,0.99164;305,7793,0.824437;389,10948,0.842444
797,48008;2355,83866,1;175,4670,0.956592;250,6951,0.977814;330,8369,0.828939;430,12114,0.845338
783,48032;2317,82268,1;191,4928,0.962701;275,7616,0.992283;350,8780,0.824437;440,12386,0.833119
850,48025;2362,84125,1;177,4691,0.950482;258,7132,0.987138;331,8371,0.782958;444,12486,0.818006
846,48048;2457,84086,1;180,4777,0.938907;274,7637,0.983601;361,9047,0.822508;458,12967,0.815434
839,48043;2448,84387,0.999357;182,4836,0.93537;248,7045,0.98328;331,8406,0.810289;447,12599,0.801929
846,48068;2470,85059,1;209,5300,0.94373;290,8110,0.986495;364,9141,0.807717;495,13943,0.802894
861,48093;2441,84234,1;195,5259,0.940514;282,7897,0.990997;359,8992,0.820257;486,13724,0.832797
874,48113;2457,83800,1;212,5720,0.945016;306,8691,0.992926;366,9183,0.832797;483,13632,0.839228
854,48094;2443,84198,1;214,5600,0.961415;285,8359,0.988103;361,9118,0.823151;481,13661,0.82926
861,48077;2444,84331,1;206,5603,0.955627;300,8508,0.991318;366,9087,0.825723;475,13401,0.83955
856,48099;2445,83867,1;198,5460,0.954984;286,8166,0.993248;355,8934,0.836656;455,13062,0.840514
853,48044;2429,83858,1;196,5281,0.955949;281,8009,0.991318;347,8964,0.839228;463,13493,0.839871
793,48061;2452,84674,1;189,5092,0.945659;275,8008,0.992605;344,8838,0.837621;458,13370,0.839871
826,48050;2424,83754,1;202,5540,0.953376;281,8255,0.99164;352,9015,0.846624;462,13417,0.847267
825,48056;2477,84776,1;204,5658,0.958521;300,8781,0.990675;339,8700,0.839228;463,13411,0.858842
822,48017;2472,84316,0.999678;199,5520,0.961736;273,7994,0.990032;344,8841,0.828617;446,12994,0.836977
836,48026;2459,84213,1;173,4834,0.951768;248,7382,0.994534;321,8440,0.821222;427,12474,0.832476
866,47997;2391,83582,1;185,4921,0.944373;267,7774,0.989711;319,8313,0.815756;411,11937,0.827974
892,48071;2354,82930,1;186,5195,0.959164;254,7368,0.980707;326,8473,0.819936;410,11966,0.83119
881,47978;2309,81605,1;174,4675,0.957556;249,7261,0.987138;304,8056,0.798071;407,11945,0.814791
887,48001;2300,81642,1;163,4542,0.946945;246,7154,0.991318;309,8120,0.799357;393,11493,0.814148
903,47913;2334,82367,0.999678;166,4621,0.952733;231,6829,0.990032;300,7925,0.802894;389,11470,0.81254
873,47961;2303,81297,1;192,4630,0.958199;240,6927,0.988746;299,7939,0.793891;383,11227,0.806431
879,47983;2323,82274,1;153,4282,0.955305;221,6499,0.986495;302,7996,0.797428;371,11358,0.803537
880,47939;2345,81662,0.999357;168,4365,0.945981;238,6588,0.989068;305,8023,0.797749;385,11132,0.8
894,47941;2299,81196,0.999678;159,4392,0.957556;222,6353,0.989711;295,7772,0.802894;368,10609,0.803859
873,47940;2283,80729,0.999678;148,4029,0.961736;220,6227,0.986174;297,7767,0.807717;375,10735,0.807074
945,47966;2296,81519,1;157,4142,0.955305;226,6081,0.982958;288,7514,0.794855;369,10637,0.799035
886,47959;2275,80351,0.999357;158,4287,0.969132;232,6302,0.98746;298,7819,0.79164;383,11017,0.792283
906,47922;2256,79987,1;139,3745,0.956592;208,5807,0.987781;285,7490,0.78328;363,10389,0.782958
884,47899;2270,80279,0.999035;142,3756,0.963023;209,5569,0.985852;274,7220,0.781029;356,10146,0.781994
894,47909;2301,81702,1;157,3766,0.961736;196,5461,0.987781;268,7034,0.774598;349,10044,0.779743
942,47917;2310,81420,0.999357;140,3816,0.966881;193,5470,0.990997;268,7114,0.781994;344,9869,0.784566
888,47882;2336,82482,1;140,3694,0.957556;192,5409,0.984887;261,6954,0.7791;342,9858,0.78328
913,47888;2295,80917,1;134,3630,0.955627;197,5417,0.983923;262,7000,0.78328;346,10015,0.785531
872,47620;2380,82031,1;151,3436,0.957878;181,5030,0.983923;245,6437,0.79164;316,9055,0.797749
883,47255;2386,81179,1;125,2778,0.958842;154,3989,0.984566;200,5249,0.783923;268,7682,0.793569
847,46137;2358,80802,0.998714;101,2187,0.975241;119,3088,0.990354;153,4037,0.782958;207,5932,0.792926
827,44398;2384,81411,0.999678;61,1470,0.970096;89,2271,0.988746;127,3259,0.78135;176,4983,0.793569
720,36963;2410,82329,0.999678;45,966,0.9791;58,1490,0.988103;73,1864,0.775884;107,3086,0.787138
420,22695;2404,81858,1;23,456,0.978457;29,649,0.987138;34,882,0.775241;50,1429,0.786174
318,17185;2354,80627,0.999678;24,335,0.979743;24,455,0.984887;22,573,0.775884;32,934,0.786174
237,12676;2411,81850,0.999678;10,161,0.979421;14,267,0.986495;10,281,0.776206;15,450,0.786495
