25,35245;78,22365,0.989474;44,9667,0.989474;62,13065,1;59,9410,0.954135;54,9941,0.978195
22,32374;74,21437,0.990977;9,1410,0.971429;13,2044,0.996241;13,2368,0.973684;12,2309,0.969925
23,32465;75,21752,0.974436;15,1683,0.966917;15,2548,0.98797;13,2506,0.956391;13,2592,0.95188
23,31798;77,22287,1;11,1515,0.954887;14,2329,0.993233;12,2257,0.93609;12,2379,0.933083
24,33418;78,21982,0.990977;10,1616,0.976692;13,2220,0.989474;11,2163,0.926316;12,2298,0.927068
23,32433;77,22495,0.990226;10,1499,0.970677;13,2196,0.986466;11,2236,0.907519;12,2426,0.91203
23,32230;75,21689,0.985714;10,1511,0.976692;13,2290,0.989474;12,2153,0.907519;12,2288,0.913534
28,32294;76,22073,0.992481;11,1556,0.977444;13,2147,0.990226;12,2284,0.896241;13,2496,0.902256
23,31112;75,22102,0.988722;9,1278,0.975188;12,2020,0.990226;10,2009,0.890977;10,2144,0.891729
23,32387;76,22413,0.992481;10,1557,0.969925;13,2363,0.996241;11,2244,0.879699;10,2328,0.878947
23,30941;75,22092,0.993233;8,1340,0.96015;11,2054,0.992481;9,2033,0.869173;10,2197,0.866917
23,32150;77,22617,0.997744;9,1533,0.96391;13,2240,0.98797;10,2138,0.86015;11,2307,0.857143
25,32062;77,22528,0.987218;9,1396,0.969925;12,1924,0.992481;10,2167,0.851128;10,2285,0.84812
26,33192;74,21942,0.996241;9,1625,0.969925;14,2347,0.986466;12,2446,0.849624;13,2602,0.846617
25,32609;77,22720,1;9,1486,0.957895;13,2183,0.981955;11,2288,0.845865;11,2406,0.841353
24,33622;74,21969,0.98797;12,1769,0.96391;14,2406,0.972932;12,2556,0.842105;12,2744,0.837594
25,34067;90,22328,0.996992;10,1728,0.965414;14,2481,0.977444;12,2593,0.841353;13,2853,0.83609
23,31864;78,22441,0.999248;10,1504,0.958647;13,2288,0.98797;12,2389,0.846617;13,2580,0.833835
24,32491;77,22296,1;12,1632,0.97218;12,2177,0.990226;12,2350,0.843609;12,2381,0.820301
23,32094;76,22331,1;10,1454,0.954887;14,2324,0.984211;12,2370,0.839098;13,2542,0.827068
25,31938;112,22735,1;18,1480,0.960902;14,2228,0.979699;14,2394,0.845113;13,2534,0.837594
26,33020;82,22383,1;10,1559,0.963158;14,2319,0.989474;14,2595,0.847368;14,2735,0.842105
24,30354;82,22050,1;10,1355,0.966165;12,1976,0.987218;15,2284,0.843609;12,2401,0.836842
26,33442;83,22444,0.993985;10,1492,0.96015;13,2165,0.982707;18,2610,0.83985;13,2780,0.835338
25,32235;82,22073,0.993985;10,1531,0.942857;14,2391,0.985714;14,2594,0.85188;14,2771,0.84812
32,31788;84,22445,0.992481;12,1717,0.960902;15,2356,0.981203;13,2499,0.853383;13,2750,0.854135
25,33973;86,22560,0.994737;11,1680,0.964662;15,2544,0.986466;14,2636,0.842857;14,2917,0.839098
24,32279;83,22439,1;10,1559,0.973684;13,2265,0.982707;12,2321,0.831579;13,2684,0.834586
24,32120;83,22521,0.996241;10,1480,0.967669;14,2301,0.982707;12,2358,0.841353;13,2544,0.83609
24,32127;81,21899,1;12,1586,0.963158;14,2350,0.990977;12,2333,0.834586;12,2527,0.833835
24,32878;83,22161,0.986466;15,1788,0.972932;21,2539,0.988722;12,2332,0.813534;12,2560,0.823308
25,33554;81,21882,1;14,1793,0.969925;16,2549,0.992481;13,2616,0.806015;14,2919,0.818045
24,33122;81,22277,0.993985;17,1779,0.961654;20,2584,0.986466;12,2543,0.807519;14,2811,0.815038
24,32514;84,22806,1;11,1666,0.964662;22,2562,0.985714;13,2497,0.802256;14,2715,0.811278
26,33550;82,22418,0.981955;11,1686,0.966917;15,2516,0.991729;12,2452,0.799248;14,2804,0.813534
25,32431;79,21943,1;11,1690,0.954135;20,2514,0.984211;13,2495,0.799248;14,2912,0.816541
25,32411;54,22089,0.996241;9,1537,0.950376;14,2354,0.983459;11,2236,0.802256;13,2603,0.819549
26,32807;82,22023,0.994737;12,1689,0.962406;15,2501,0.993985;13,2475,0.795489;14,2899,0.810526
24,32153;83,22478,0.993233;19,1561,0.954887;19,2345,0.991729;12,2449,0.791729;13,2797,0.805263
26,33619;82,22022,0.982707;10,1747,0.943609;15,2662,0.993233;14,2775,0.803759;15,3056,0.806767
25,32091;84,22337,0.999248;10,1641,0.956391;14,2352,0.990977;13,2590,0.815789;14,2868,0.810526
25,32239;82,22240,0.993985;15,1793,0.969173;17,2662,0.994737;13,2527,0.817293;14,2860,0.813534
25,32102;82,21898,0.996241;11,1632,0.956391;14,2406,0.986466;14,2660,0.812782;15,2933,0.807519
25,32827;84,21922,0.992481;16,1723,0.97594;15,2406,0.992481;12,2444,0.818045;14,2861,0.812782
25,31995;78,22731,0.991729;12,1635,0.967669;15,2503,0.994737;13,2513,0.805263;14,2691,0.802256
25,32083;75,21704,1;12,1620,0.958647;14,2435,0.993233;14,2618,0.816541;14,2852,0.807519
25,31688;75,22128,1;11,1674,0.955639;13,2313,0.991729;14,2583,0.817293;15,2913,0.814286
26,33069;77,22300,1;12,1720,0.966917;13,2428,0.990226;14,2663,0.822556;13,2715,0.813534
25,32698;77,22076,0.994737;12,1719,0.968421;14,2502,0.993985;14,2525,0.818045;14,2839,0.809774
23,31282;76,21793,1;10,1503,0.96391;15,2452,0.990977;12,2380,0.810526;13,2678,0.811278
23,32763;77,22186,0.985714;10,1686,0.970677;15,2357,0.987218;13,2496,0.81203;14,2820,0.810526
23,32158;75,21918,0.999248;10,1517,0.961654;15,2245,0.98797;12,2364,0.813534;13,2517,0.818797
24,32916;74,21415,0.993985;13,1640,0.948872;15,2511,0.984962;15,2873,0.812782;14,2923,0.816541
24,33835;76,22370,0.995489;14,1779,0.959398;15,2534,0.976692;15,2803,0.821053;16,3029,0.821805
23,32268;82,21917,0.992481;12,1702,0.957143;17,2601,0.976692;15,2758,0.819549;16,3024,0.818797
23,31922;82,21867,0.991729;13,1538,0.959398;16,2516,0.991729;14,2485,0.816541;14,2766,0.805263
25,33755;81,22067,0.998496;12,1823,0.968421;16,2698,0.98797;14,2590,0.818045;14,2902,0.806767
23,31419;81,22012,0.992481;11,1620,0.94812;16,2408,0.971429;16,2856,0.809023;16,3098,0.801504
24,33110;83,22332,0.993985;14,1809,0.954887;30,2790,0.975188;14,2875,0.812782;16,3172,0.815038
24,33423;81,21823,0.988722;13,1847,0.96015;18,2733,0.981955;15,2854,0.806767;16,3249,0.815789
23,32984;85,22834,0.978947;13,1690,0.95188;16,2481,0.959398;19,2801,0.805263;19,3026,0.818045
23,31954;78,22104,0.993985;19,1781,0.949624;22,2555,0.951128;19,2766,0.814286;19,3040,0.828571
24,33444;77,21946,0.993985;16,1825,0.939098;21,2806,0.96015;23,2978,0.809774;17,3169,0.832331
22,30779;80,21656,0.985714;10,1448,0.929323;17,2497,0.977444;13,2402,0.814286;14,2628,0.827068
22,30351;75,21780,0.999248;14,1709,0.947368;24,2643,0.982707;16,2773,0.812782;16,2898,0.827068
32,32136;77,22353,0.998496;11,1675,0.935338;15,2525,0.987218;13,2610,0.814286;14,2903,0.826316
25,32495;76,22044,0.993233;12,1732,0.942105;17,2663,0.990977;15,2806,0.821805;15,3091,0.830075
25,31482;76,22216,1;12,1733,0.969925;13,2300,0.981955;14,2683,0.810526;14,2903,0.830827
23,31922;78,22028,0.990226;12,1685,0.960902;15,2485,0.978947;14,2681,0.813534;15,2877,0.831579
23,32630;75,21802,0.981955;12,1649,0.966165;18,2622,0.981203;13,2385,0.798496;14,2727,0.820301
22,31041;76,21937,1;11,1504,0.962406;14,2141,0.979699;12,2286,0.796992;13,2561,0.831579
24,33381;78,21544,0.992481;11,1692,0.963158;16,2636,0.988722;15,2845,0.793233;16,3091,0.822556
24,33390;78,22810,0.984211;17,1801,0.955639;17,2713,0.985714;16,2949,0.801504;17,3359,0.826316
24,32974;79,21957,1;18,1918,0.948872;22,2965,0.989474;17,3058,0.797744;18,3368,0.827068
32,32118;76,22167,0.998496;21,1864,0.937594;20,2663,0.96015;16,2926,0.800752;17,3217,0.819549
25,32010;76,21786,0.993233;15,1608,0.936842;14,2220,0.964662;13,2400,0.806767;13,2638,0.824812
26,32886;76,21878,0.989474;10,1669,0.934586;15,2515,0.947368;14,2611,0.806767;15,2979,0.818797
24,30799;75,21757,1;10,1539,0.935338;16,2524,0.970677;14,2556,0.823308;13,2552,0.809774
26,32430;82,21675,0.990226;13,1630,0.938346;16,2455,0.979699;13,2466,0.817293;12,2567,0.806015
25,32579;76,21994,1;11,1752,0.933083;21,2754,0.981955;19,2794,0.818045;17,3053,0.828571
24,32190;77,22435,0.998496;15,1880,0.933835;20,2715,0.971429;15,2599,0.826316;16,2859,0.827068
23,31429;76,22190,1;14,1843,0.925564;17,2824,0.960902;16,2762,0.813534;17,3099,0.818797
24,32415;77,22452,1;12,1563,0.92406;15,2399,0.972932;14,2624,0.8;15,2948,0.806767
24,32459;76,22044,1;14,2053,0.934586;27,2957,0.960902;17,2951,0.822556;18,3358,0.803008
23,31763;76,22307,0.990226;11,1563,0.932331;13,1992,0.954887;18,2184,0.816541;12,2326,0.8
28,33203;77,22193,0.993985;13,1906,0.927068;20,2797,0.96391;15,2814,0.821805;16,2937,0.818797
24,32787;79,22851,0.998496;18,2030,0.938346;18,2801,0.950376;16,2877,0.818045;17,3151,0.818045
23,30815;75,21954,0.995489;14,1723,0.953383;27,2548,0.954887;14,2443,0.816541;15,2831,0.818045
23,31049;77,22512,0.993985;16,1798,0.960902;15,2665,0.955639;13,2536,0.808271;15,2817,0.815789
26,33019;75,22018,1;15,1768,0.944361;18,2708,0.965414;14,2674,0.827068;16,3063,0.833835
25,32385;79,23011,0.996241;14,1765,0.95188;16,2784,0.977444;15,2786,0.826316;17,3221,0.836842
26,33159;73,21561,0.990226;13,1814,0.945865;15,2560,0.967669;15,2812,0.819549;17,3257,0.844361
27,33711;76,22242,0.993233;16,2068,0.96015;22,3020,0.977444;17,3074,0.818797;17,3272,0.842105
25,31314;75,21670,0.986466;15,1860,0.957895;16,2690,0.97594;16,2770,0.82782;17,3123,0.849624
24,32315;75,22226,0.993233;12,1948,0.960902;17,2675,0.978947;15,2775,0.814286;17,3093,0.845113
23,31907;77,22158,1;15,1954,0.957143;21,3015,0.972932;15,2722,0.804511;17,3145,0.83985
24,32854;76,22391,0.999248;20,2229,0.953383;20,3579,0.97594;18,3141,0.822556;19,3590,0.843609
24,31888;78,23059,0.999248;13,1896,0.930827;18,3088,0.966917;16,2852,0.820301;17,3155,0.837594
25,33664;76,22303,0.997744;15,2235,0.963158;20,3399,0.972932;18,3137,0.831579;20,3615,0.842105
26,32438;76,22148,0.993985;13,2032,0.971429;21,3169,0.971429;16,2896,0.835338;17,3112,0.838346
26,33111;78,22249,0.993985;16,1974,0.951128;18,3227,0.983459;18,3219,0.825564;19,3561,0.833835
26,33128;79,22332,0.984211;19,2222,0.950376;17,3163,0.984211;17,3064,0.835338;17,3318,0.837594
24,30549;76,22279,0.981955;13,1866,0.933835;18,2802,0.985714;16,2937,0.832331;18,3020,0.845113
23,30884;78,22603,0.999248;14,1787,0.932331;17,2771,0.984962;15,2715,0.825564;16,2853,0.839098
23,31094;77,22548,0.991729;19,2027,0.945865;21,2871,0.965414;17,2934,0.814286;18,3271,0.824812
25,32533;77,22430,0.968421;24,2002,0.956391;19,3100,0.981203;13,2961,0.827068;18,3393,0.822556
23,30813;77,22643,0.996241;16,2159,0.918797;18,3133,0.957895;19,3277,0.822556;20,3595,0.821805
24,32013;81,22320,0.979699;16,2060,0.936842;20,2968,0.966917;17,3046,0.828571;18,3254,0.835338
25,33175;75,22058,0.996241;16,2094,0.955639;17,3072,0.973684;16,3028,0.809774;17,3330,0.827068
25,32732;78,22777,1;14,1882,0.937594;16,2923,0.967669;17,3087,0.796992;18,3375,0.827068
24,31011;78,22642,1;16,2239,0.93609;18,3307,0.971429;19,3340,0.787218;21,3910,0.818045
24,31644;78,22887,1;13,1986,0.949624;17,2901,0.962406;18,3148,0.812782;22,3414,0.817293
25,33035;80,22814,0.997744;15,2184,0.949624;29,3309,0.951128;19,3339,0.81203;20,3729,0.829323
25,33803;77,22393,0.998496;16,2338,0.96015;22,3943,0.985714;20,3448,0.812782;21,3938,0.834586
23,31517;80,22239,0.994737;17,2238,0.945865;21,3530,0.97594;19,3328,0.816541;19,3478,0.845113
23,31559;78,22558,0.991729;12,1793,0.943609;16,2515,0.964662;14,2661,0.818045;15,2878,0.845113
25,32724;82,22764,0.999248;15,2022,0.957143;19,3054,0.968421;17,3097,0.804511;18,3467,0.838346
25,32728;75,21761,0.993985;14,1969,0.957143;18,2920,0.966165;17,3089,0.798496;18,3339,0.845865
25,32528;77,22497,0.990226;14,2042,0.940602;17,3082,0.947368;19,3424,0.82782;19,3636,0.854135
24,31648;76,22327,0.996241;17,2159,0.935338;20,3170,0.961654;19,3335,0.829323;19,3581,0.852632
26,33285;76,22397,0.999248;15,2043,0.941353;18,3155,0.967669;17,3144,0.832331;19,3542,0.842857
26,33407;77,22524,0.993985;13,2121,0.946617;21,3400,0.961654;18,3225,0.83985;18,3440,0.839098
26,32674;76,21975,0.997744;14,2030,0.938346;19,3258,0.966165;17,3224,0.83609;16,3310,0.838346
25,31791;77,22391,0.976692;14,2175,0.92406;16,3269,0.955639;12,3322,0.818797;19,3601,0.82782
25,32267;77,22100,0.990226;15,2012,0.928571;18,3262,0.973684;19,3235,0.815789;19,3592,0.821805
25,32420;76,22057,0.997744;18,2340,0.943609;21,3442,0.975188;20,3443,0.831579;21,3808,0.833835
31,32899;82,22165,1;14,1998,0.919549;16,3100,0.97218;21,3362,0.845113;21,3680,0.842857
23,31817;82,22337,1;20,2260,0.93609;23,3448,0.981955;19,3363,0.83985;20,3682,0.84812
24,33028;82,22385,1;14,2174,0.939098;23,3324,0.984211;18,3293,0.83985;19,3703,0.845865
22,30256;82,22060,1;15,2019,0.930075;20,3217,0.982707;18,3125,0.854887;19,3525,0.853383
24,31865;82,22150,1;20,1968,0.926316;18,3077,0.966165;19,3237,0.858647;28,3532,0.853383
24,32671;82,22488,0.995489;15,2207,0.948872;18,3158,0.970677;18,3312,0.853383;20,3685,0.847368
25,34153;84,22730,0.996241;17,2375,0.92406;23,3825,0.962406;22,3877,0.849624;23,4258,0.85188
25,33419;83,22493,1;17,2298,0.942857;19,3161,0.93985;20,3545,0.84812;22,3987,0.845113
25,33184;83,22440,0.993233;15,2242,0.924812;20,3320,0.958647;22,3691,0.852632;23,4288,0.844361
23,30745;82,22099,0.990977;15,2228,0.945113;20,3555,0.972932;19,3362,0.844361;21,3821,0.845113
37,32312;84,22257,1;17,2397,0.955639;20,3618,0.97218;21,3750,0.836842;23,4246,0.839098
25,31335;82,22314,1;26,2208,0.950376;20,3346,0.967669;21,3539,0.826316;21,3753,0.824812
25,33485;82,22401,0.98797;17,2403,0.954887;20,3453,0.965414;21,3637,0.838346;23,4119,0.832331
24,32907;85,22853,1;14,2085,0.933835;24,3485,0.979699;40,3370,0.835338;21,3791,0.834586
23,31671;83,22619,1;15,2119,0.944361;19,3262,0.983459;18,3153,0.82782;19,3454,0.832331
24,32581;83,22341,1;20,2380,0.957895;22,3561,0.992481;22,3677,0.829323;23,3940,0.827068
25,32256;82,22441,0.998496;18,1957,0.930827;21,3197,0.983459;18,3196,0.831579;19,3481,0.827068
25,31806;83,22147,0.990977;14,2180,0.957143;17,3096,0.978195;18,3316,0.848872;20,3641,0.843609
24,31072;82,22436,0.990977;13,1687,0.947368;22,2665,0.973684;16,2859,0.849624;16,3045,0.842105
26,32793;80,22420,0.998496;15,1999,0.952632;18,3046,0.982707;17,3036,0.843609;17,3263,0.841353
26,32903;76,22207,0.998496;18,2281,0.945113;22,3637,0.989474;20,3417,0.849624;20,3718,0.840602
25,31660;75,21985,0.993233;13,2043,0.955639;19,3301,0.989474;17,3035,0.854135;24,3363,0.84812
26,32738;76,22089,0.991729;18,2198,0.955639;20,3301,0.982707;19,3336,0.853383;20,3644,0.847368
26,33352;76,22267,0.999248;17,2106,0.948872;18,3129,0.994737;17,3106,0.852632;19,3485,0.842105
26,32807;78,22736,0.997744;16,2185,0.948872;20,3411,0.975188;19,3261,0.834586;20,3560,0.828571
27,33739;84,22859,0.999248;16,2271,0.950376;20,3637,0.978195;21,3552,0.832331;20,3769,0.82406
34,32836;82,22190,0.990977;16,2175,0.945865;19,3211,0.97218;18,3139,0.825564;20,3538,0.816541
24,32931;82,22341,0.991729;17,2161,0.950376;18,2980,0.959398;21,3400,0.830075;22,3865,0.82782
24,33259;83,22431,0.999248;15,2131,0.946617;20,3256,0.946617;20,3540,0.816541;22,4028,0.828571
23,31674;77,22309,0.990977;14,2039,0.925564;18,2940,0.939098;17,3015,0.8;18,3386,0.816541
23,31640;77,22129,0.997744;16,2209,0.926316;18,3201,0.941353;16,2896,0.790226;19,3545,0.823308
23,31227;76,22263,1;14,2060,0.923308;19,3343,0.97218;18,3189,0.782707;22,3948,0.83609
24,33285;77,22646,0.995489;10,2278,0.945113;16,3514,0.974436;13,3299,0.779699;22,3963,0.834586
23,31576;77,22639,0.989474;15,1945,0.941353;18,3108,0.977444;15,2688,0.784962;18,3342,0.836842
24,33711;79,22843,0.998496;15,2268,0.942105;20,3476,0.981203;20,3483,0.784211;23,4136,0.83609
24,32489;77,22395,0.978947;15,2247,0.963158;19,3091,0.960902;19,3307,0.78797;20,3600,0.82782
24,32939;81,22533,0.999248;16,2198,0.942857;20,3426,0.967669;21,3403,0.810526;20,3755,0.836842
32,33022;77,22752,0.992481;16,2320,0.922556;20,3610,0.978947;20,3521,0.806767;22,4015,0.829323
25,31782;79,23030,1;15,2315,0.944361;24,3419,0.984962;19,3167,0.823308;21,3651,0.845865
25,33900;76,22166,0.999248;16,2312,0.945113;20,3626,0.996992;20,3590,0.830075;21,3872,0.845865
23,31549;76,22204,1;13,1876,0.957143;17,2887,0.977444;18,3012,0.827068;18,3281,0.839098
24,32543;77,22649,0.990977;16,2226,0.963158;20,3332,0.976692;20,3451,0.82782;20,3713,0.842857
24,31958;75,22099,1;19,2135,0.940602;22,3320,0.97594;19,3159,0.815038;20,3612,0.847368
24,32525;76,22268,0.984211;17,2335,0.954887;20,3317,0.979699;20,3243,0.823308;19,3517,0.838346
34,32260;77,22943,0.993985;21,2014,0.93985;17,3177,0.978195;19,3438,0.837594;20,3606,0.835338
24,32556;76,22342,0.998496;16,2176,0.966165;21,3304,0.981203;19,3319,0.842105;20,3816,0.842105
24,32699;77,22377,1;14,2043,0.965414;19,3293,0.990977;19,3305,0.849624;19,3604,0.845113
24,32894;76,22162,0.993233;14,2080,0.964662;17,3137,0.988722;17,3124,0.845113;19,3551,0.848872
23,31058;77,22298,0.984211;14,1857,0.974436;16,2811,0.976692;15,2767,0.839098;17,3250,0.842857
24,32995;75,21946,0.998496;13,2046,0.963158;18,3264,0.98797;18,3240,0.848872;19,3518,0.846617
24,31930;77,22557,0.991729;15,2091,0.954135;20,3206,0.979699;18,3178,0.832331;20,3363,0.836842
24,33009;78,22705,0.993233;15,2196,0.962406;18,3041,0.979699;19,3269,0.833835;18,3482,0.837594
22,30436;76,22466,0.993233;15,1821,0.950376;17,3062,0.978195;17,2947,0.831579;18,3307,0.842857
25,33055;76,22249,0.989474;18,2188,0.976692;22,3297,0.984211;19,3276,0.84812;18,3457,0.843609
22,30435;78,22579,0.990226;14,1842,0.965414;19,2905,0.987218;15,2741,0.850376;16,2934,0.847368
24,32091;78,22272,0.981203;15,1902,0.95188;19,3072,0.979699;17,2942,0.833835;18,3221,0.841353
25,33985;77,22406,0.993233;16,2103,0.947368;19,3300,0.974436;19,3315,0.831579;20,3561,0.828571
24,33105;77,22180,0.999248;14,1925,0.942105;20,2868,0.970677;16,2877,0.813534;18,3252,0.808271
24,31801;78,22705,0.985714;13,1863,0.938346;17,2840,0.958647;17,3030,0.826316;18,3242,0.821805
31,33261;76,22060,0.996241;18,2241,0.940602;22,3624,0.973684;19,3237,0.812782;20,3639,0.822556
24,31072;83,22097,0.990977;16,1971,0.954135;20,2853,0.97594;19,2795,0.793985;17,3085,0.813534
25,33292;81,21563,0.995489;14,2058,0.94812;22,2924,0.974436;17,2963,0.81203;18,3217,0.815789
24,33008;83,22224,1;14,1951,0.934586;19,2961,0.977444;15,2736,0.802256;18,3282,0.817293
23,32023;82,22217,0.992481;14,1918,0.945865;19,3002,0.978195;18,3163,0.815038;19,3384,0.804511
24,32148;82,22091,1;12,1684,0.949624;15,2509,0.982707;13,2442,0.819549;14,2670,0.815038
34,32130;83,22186,1;13,1861,0.931579;17,2701,0.969925;16,2820,0.82406;15,2807,0.814286
24,33074;82,22321,1;32,1932,0.95188;17,2735,0.971429;18,3137,0.820301;17,3150,0.812782
24,32891;80,22348,0.996992;14,1976,0.945865;20,3084,0.979699;17,3108,0.822556;17,3215,0.816541
24,32959;75,21717,0.979699;16,1889,0.944361;19,3071,0.984211;16,2886,0.82782;17,3057,0.812782
24,32763;78,22178,1;17,2103,0.942857;18,2911,0.967669;16,2935,0.805263;16,3057,0.78797
24,32117;78,22294,0.990226;16,2068,0.953383;20,3288,0.977444;17,3097,0.809023;18,3430,0.814286
24,33350;79,22796,0.963158;17,2064,0.96391;19,2970,0.979699;17,3024,0.825564;17,3237,0.809774
24,31724;78,22603,0.991729;13,1750,0.953383;15,2603,0.973684;16,2837,0.830075;17,3156,0.826316
24,33083;77,22587,1;15,2099,0.946617;17,2898,0.957143;11,3139,0.843609;18,3336,0.828571
24,33163;74,21391,0.997744;13,1962,0.93985;17,2757,0.96391;17,2952,0.842857;17,3143,0.821053
24,32014;76,22138,0.986466;15,1860,0.942105;16,2664,0.966165;16,2933,0.83985;15,2849,0.815789
23,31305;78,22459,0.997744;11,1602,0.936842;21,2322,0.969925;14,2551,0.842105;15,2740,0.82782
24,32008;83,22245,0.991729;13,1726,0.929323;18,2752,0.968421;18,2910,0.845113;18,3091,0.830075
25,32775;83,22466,0.983459;17,2083,0.927068;18,2704,0.966165;16,3006,0.839098;17,3173,0.828571
26,32480;81,21717,0.989474;13,1884,0.960902;15,2429,0.969173;16,2709,0.836842;15,2749,0.832331
26,32847;82,22096,0.985714;13,1879,0.954135;21,3044,0.981203;18,3044,0.841353;18,3200,0.829323
26,32228;83,22619,0.999248;13,1745,0.95188;19,2742,0.989474;15,2724,0.837594;17,3203,0.838346
26,32509;83,22650,0.982707;13,1728,0.94812;18,2763,0.982707;16,2750,0.830827;17,3039,0.822556
25,32264;85,22821,0.997744;15,1841,0.93985;22,2918,0.979699;18,2933,0.831579;19,3250,0.826316
30,32296;83,22408,0.993233;14,1899,0.937594;18,2900,0.982707;17,2989,0.838346;18,3150,0.822556
24,31653;84,22398,0.981955;11,1469,0.931579;14,2304,0.981955;12,2371,0.830075;13,2595,0.816541
24,33270;83,22011,0.993985;15,1895,0.945113;17,2755,0.980451;18,3126,0.832331;19,3488,0.819549
24,32844;76,21910,1;16,1772,0.946617;16,2633,0.983459;16,2841,0.818045;16,3029,0.803759
23,30681;75,21743,0.987218;13,1776,0.947368;16,2637,0.978947;15,2765,0.811278;16,3014,0.798496
25,33465;76,21984,1;14,2017,0.96015;17,2839,0.980451;17,3045,0.833835;17,3220,0.811278
24,31878;75,21919,0.993985;11,1533,0.952632;23,2415,0.969925;15,2630,0.82406;15,2739,0.818797
25,33062;76,22168,1;21,1959,0.966165;16,2725,0.972932;16,2854,0.825564;16,3048,0.81203
26,33228;84,21737,1;11,1731,0.974436;15,2627,0.98797;15,2761,0.82406;18,3041,0.821053
26,33174;84,22492,1;11,1661,0.948872;14,2289,0.978947;14,2670,0.82782;14,2874,0.818797
25,31541;82,22150,0.998496;11,1504,0.960902;16,2424,0.976692;12,2294,0.821053;14,2599,0.807519
25,32452;84,22560,0.982707;14,1810,0.950376;17,2543,0.964662;15,2793,0.819549;16,3088,0.806015
25,32152;82,21820,0.993985;12,1768,0.93985;17,2788,0.982707;15,2839,0.818797;16,3106,0.806015
25,32027;87,22547,0.993233;12,1655,0.933835;32,2606,0.974436;15,2742,0.812782;17,3139,0.807519
24,33191;82,22303,0.999248;18,2008,0.957895;22,3031,0.987218;16,2904,0.810526;18,3264,0.809774
26,33053;83,22359,0.98797;12,1823,0.978195;15,2494,0.990226;14,2680,0.812782;16,3062,0.811278
26,33507;73,22061,1;12,1804,0.970677;15,2709,0.984211;13,2696,0.815038;16,3081,0.822556
25,32437;81,21526,0.993233;12,1637,0.972932;15,2357,0.98797;13,2638,0.821053;14,2862,0.833083
26,33833;81,21809,0.993985;14,1802,0.965414;17,2714,0.983459;15,2857,0.82406;16,3078,0.82406
28,31340;82,22007,0.998496;12,1709,0.984962;15,2388,0.972932;14,2615,0.807519;15,2854,0.826316
25,32639;83,21957,0.999248;11,1642,0.967669;15,2292,0.968421;13,2504,0.827068;13,2678,0.822556
24,32497;81,21735,0.98797;12,1544,0.961654;14,2191,0.957143;15,2771,0.831579;15,2876,0.823308
25,33487;82,22000,1;11,1715,0.959398;15,2388,0.960902;13,2583,0.834586;14,2853,0.824812
26,32449;97,21981,1;12,1585,0.947368;16,2419,0.97218;13,2459,0.83609;13,2665,0.819549
24,32237;85,22527,1;12,1638,0.949624;16,2622,0.966917;15,2797,0.826316;17,3060,0.818797
24,31982;83,22212,1;12,1575,0.926316;14,2416,0.965414;14,2598,0.830075;15,2790,0.823308
23,31350;85,22511,0.988722;11,1575,0.945865;15,2510,0.979699;13,2369,0.827068;13,2675,0.815038
24,32274;75,21590,0.983459;12,1617,0.953383;14,2332,0.97594;13,2492,0.821053;13,2661,0.814286
24,32641;76,22204,1;18,1809,0.945113;24,2818,0.975188;18,3018,0.820301;18,3120,0.817293
39,32826;78,22346,0.996241;17,1785,0.945865;18,2476,0.974436;15,2717,0.821053;16,2964,0.8
23,31403;75,21924,1;12,1688,0.963158;15,2439,0.982707;13,2436,0.828571;14,2749,0.813534
24,32816;76,22006,1;11,1659,0.95188;14,2440,0.988722;15,2692,0.832331;15,2854,0.814286
24,32972;76,22136,1;12,1532,0.940602;14,2230,0.985714;15,2415,0.829323;16,2567,0.81203
23,32072;76,22156,1;14,1733,0.945865;19,2365,0.985714;14,2528,0.837594;15,2870,0.814286
24,33337;77,22308,1;14,1693,0.948872;15,2459,0.981955;14,2597,0.831579;14,2845,0.806767
23,31787;79,22707,0.980451;10,1444,0.910526;15,2373,0.967669;14,2696,0.82782;16,2975,0.8
24,32914;77,22248,0.98797;12,1778,0.934586;16,2567,0.969173;14,2566,0.826316;15,2900,0.803759
23,32221;78,22360,0.998496;18,1543,0.919549;14,2370,0.975188;13,2456,0.831579;14,2826,0.805263
23,32370;77,22546,1;12,1797,0.951128;19,2754,0.982707;15,2715,0.833835;16,3207,0.820301
23,31915;89,21657,0.974436;18,1663,0.969925;17,2390,0.976692;14,2534,0.830075;15,2793,0.809023
24,32547;76,21859,0.998496;10,1573,0.958647;15,2399,0.975188;14,2572,0.826316;14,2801,0.809023
24,32146;78,22194,0.995489;11,1696,0.968421;15,2435,0.984962;22,2570,0.826316;19,2804,0.808271
22,31152;76,22026,0.994737;16,1678,0.97594;19,2234,0.977444;15,2330,0.821053;16,2600,0.809774
24,33010;76,22004,0.995489;14,1663,0.975188;16,2557,0.987218;13,2573,0.81203;14,2769,0.809023
25,33327;76,21426,0.992481;11,1580,0.957895;14,2201,0.979699;12,2476,0.812782;13,2783,0.810526
24,31782;76,21912,0.990977;11,1367,0.96015;13,2054,0.979699;11,2226,0.814286;12,2502,0.811278
23,32060;77,22233,0.992481;10,1567,0.96391;15,2279,0.988722;13,2420,0.801504;13,2712,0.8
25,31853;76,21852,0.999248;12,1529,0.962406;14,2145,0.989474;13,2400,0.802256;14,2664,0.802256
25,31592;76,22206,1;10,1369,0.956391;12,1907,0.978947;12,2266,0.793985;13,2634,0.803759
25,32597;78,22153,0.990977;13,1420,0.945113;12,2030,0.974436;11,2161,0.799248;13,2516,0.802256
25,32414;76,21992,0.990977;10,1487,0.930075;14,2323,0.97218;13,2432,0.795489;14,2644,0.804511
26,33407;77,21905,0.999248;10,1656,0.940602;14,2403,0.967669;14,2632,0.794737;15,2936,0.790226
26,33443;82,22578,0.993233;12,1723,0.948872;15,2715,0.984962;15,2720,0.804511;15,2961,0.793985
27,32691;82,22030,1;11,1667,0.945865;14,2276,0.973684;14,2633,0.790226;14,2767,0.782707
28,33740;82,22277,0.987218;14,1904,0.934586;18,2936,0.982707;16,2888,0.789474;15,3019,0.781955
21,32065;82,22074,0.990977;13,1746,0.955639;15,2384,0.97218;11,2898,0.799248;15,2877,0.785714
26,31474;76,22150,0.993233;8,1640,0.954887;18,2456,0.980451;14,2533,0.810526;14,2673,0.799248
27,33553;80,21965,0.997744;11,1674,0.945113;16,2431,0.975188;13,2606,0.806767;13,2697,0.796241
26,33232;76,22012,1;11,1762,0.95188;16,2555,0.981955;14,2602,0.811278;16,3046,0.803759
26,32348;81,22117,0.990977;10,1550,0.951128;14,2330,0.981955;12,2361,0.808271;13,2634,0.809023
25,32293;83,22460,0.995489;13,1841,0.950376;18,2777,0.984211;15,2826,0.815789;17,3247,0.815038
26,32147;80,21303,0.985714;12,1613,0.930075;18,2488,0.969925;14,2656,0.810526;16,2978,0.807519
26,33581;82,21984,0.990977;12,1670,0.942857;15,2515,0.965414;16,2877,0.814286;15,2912,0.807519
26,32291;81,21619,0.988722;10,1555,0.943609;17,2415,0.979699;14,2731,0.826316;14,2790,0.807519
25,31054;82,21949,0.982707;9,1502,0.944361;13,2220,0.980451;12,2449,0.823308;14,2871,0.810526
24,32802;83,22247,1;12,1743,0.942105;14,2379,0.989474;14,2643,0.817293;14,2899,0.81203
23,31192;82,21698,1;8,1275,0.931579;11,1924,0.988722;11,2256,0.816541;11,2438,0.815789
23,31232;81,21610,0.997744;12,1784,0.948872;15,2436,0.984211;13,2628,0.818797;14,2769,0.816541
23,32020;82,21841,1;12,1837,0.969925;16,2583,0.981203;14,2622,0.818797;14,2760,0.82782
24,33270;83,22352,1;15,1670,0.96391;15,2461,0.985714;13,2483,0.820301;12,2672,0.830827
23,31887;84,22758,1;14,1588,0.979699;12,2225,0.988722;12,2379,0.822556;14,2724,0.829323
24,33078;81,21768,0.993233;18,1806,0.97218;18,2628,0.995489;14,2694,0.825564;16,2934,0.830827
24,32362;84,22263,0.992481;11,1641,0.966917;15,2453,0.989474;14,2549,0.821053;14,2694,0.844361
27,32421;80,21470,1;11,1490,0.957143;13,2180,0.990977;12,2326,0.821805;13,2588,0.842857
31,32684;84,21999,0.998496;11,1650,0.96015;14,2479,0.992481;13,2418,0.811278;13,2689,0.833083
25,33163;83,22121,1;11,1636,0.960902;15,2437,0.989474;14,2611,0.815789;15,2920,0.839098
23,30748;82,22117,0.992481;11,1495,0.951128;14,2271,0.982707;14,2518,0.810526;15,2789,0.830075
24,32667;81,21531,0.994737;12,1840,0.96015;16,2941,0.990977;16,2920,0.812782;16,3194,0.831579
24,32071;82,21913,0.997744;12,1750,0.958647;15,2546,0.985714;15,2749,0.815789;16,2939,0.837594
25,33913;81,21485,0.997744;12,1737,0.976692;14,2439,0.993233;18,2744,0.820301;15,3024,0.83985
24,31125;77,22546,0.990977;11,1605,0.969925;15,2392,0.996241;14,2509,0.812782;13,2567,0.836842
25,32545;76,22126,0.997744;10,1554,0.96391;11,2273,0.98797;13,2432,0.817293;13,2532,0.83609
25,32533;76,22119,0.986466;10,1567,0.966165;13,2289,0.991729;13,2503,0.819549;14,2768,0.837594
25,31468;74,21682,0.990977;10,1508,0.966917;16,2281,0.988722;12,2394,0.816541;13,2600,0.839098
25,31701;75,21966,0.998496;18,1678,0.972932;15,2530,0.986466;15,2801,0.818045;16,3030,0.833835
24,31111;75,21806,0.993985;10,1487,0.957895;28,2289,0.989474;23,2456,0.812782;13,2669,0.832331
25,32550;81,22017,0.990977;18,1713,0.97218;16,2432,0.989474;16,2576,0.803759;15,2909,0.820301
25,32620;82,21647,0.993233;12,1902,0.981203;15,2638,0.993233;14,2668,0.810526;15,2987,0.828571
25,31581;82,21941,1;9,1472,0.97218;13,2295,0.981955;8,2312,0.809023;13,2578,0.828571
23,29447;82,22492,0.989474;10,1214,0.969173;11,1768,0.981955;10,1921,0.815038;12,2276,0.82782
20,25917;82,22277,0.998496;26,995,0.949624;12,1738,0.983459;12,2082,0.82782;13,2411,0.83985
18,23930;76,22272,0.996992;9,841,0.952632;9,1342,0.974436;8,1552,0.827068;9,1719,0.835338
17,23471;74,21581,0.999248;6,712,0.957143;8,1051,0.981955;8,1455,0.821053;8,1546,0.831579
14,19264;77,22070,0.996992;4,512,0.954887;7,802,0.968421;4,788,0.823308;4,872,0.833083
14,18897;76,22056,0.993233;5,480,0.966917;6,751,0.968421;5,863,0.820301;4,923,0.829323
9,12732;76,22239,0.993985;3,325,0.965414;4,368,0.981955;2,484,0.821053;3,599,0.828571
8,5544;69,22395,1;2,137,0.966165;2,156,0.979699;1,233,0.823308;1,221,0.831579
2,2834;49,21886,0.992481;1,60,0.966165;1,66,0.979699;0,87,0.823308;0,62,0.831579
2,2834;78,22154,0.989474;2,60,0.966165;2,75,0.979699;0,102,0.823308;0,65,0.832331
1,784;75,21473,0.979699;0,17,0.966165;0,24,0.979699;0,35,0.823308;0,12,0.832331
0,784;77,22337,0.993233;0,15,0.966165;0,20,0.979699;0,35,0.823308;0,11,0.831579
0,1042;71,22076,0.993985;1,23,0.966165;1,32,0.979699;0,36,0.823308;0,12,0.832331
