30,35245;71,22403,1;23,9693,0.976692;30,13139,1;30,9277,0.982707;29,10110,0.978195
29,35105;74,22033,0.990226;8,2543,0.96391;10,3717,0.981955;10,3728,0.95188;10,3901,0.949624
29,35131;73,22635,0.998496;9,2814,0.978195;12,4037,0.98797;10,3771,0.924812;10,3958,0.926316
29,35102;72,22349,0.98797;10,2687,0.97218;11,3853,0.984962;11,3844,0.899248;11,4047,0.903759
30,35102;72,22453,0.986466;11,2947,0.95188;13,4215,0.978947;12,4172,0.868421;12,4442,0.900752
30,35139;72,22625,0.977444;12,3066,0.96015;14,4250,0.966165;13,4463,0.857895;13,4725,0.884211
29,35191;73,22580,0.993985;10,3334,0.944361;15,4908,0.975188;14,4629,0.856391;14,5040,0.866917
29,35186;72,22824,0.998496;11,3310,0.930827;16,5118,0.955639;15,4860,0.835338;15,5408,0.86391
30,35178;71,21940,0.990226;12,3525,0.945865;15,5354,0.967669;14,4712,0.816541;16,5624,0.873684
31,35180;72,22656,0.999248;11,3419,0.953383;15,5173,0.97594;16,5229,0.847368;16,5513,0.860902
30,35212;72,23005,0.990226;18,3708,0.945865;25,5926,0.974436;26,5388,0.828571;27,5874,0.854887
30,35189;73,22975,0.998496;18,3658,0.944361;23,5197,0.982707;25,5202,0.823308;24,5608,0.858647
30,35199;71,22382,0.994737;20,3896,0.933083;25,5749,0.984962;26,5526,0.849624;25,5868,0.848872
31,35237;71,22554,1;19,4066,0.959398;25,5924,0.967669;26,5751,0.86015;27,6382,0.863158
30,35227;75,23260,1;20,4166,0.951128;27,6360,0.992481;28,5994,0.849624;28,6508,0.869173
30,35198;79,22880,0.988722;19,4245,0.921805;26,6558,0.992481;26,5590,0.851128;27,6256,0.874436
23,35244;74,22916,0.993233;20,4407,0.968421;28,6771,0.993985;19,5893,0.828571;20,6595,0.852632
29,35255;76,23592,0.997744;21,4557,0.962406;29,6790,0.993985;32,6440,0.836842;31,7006,0.86391
30,35234;73,23214,0.987218;15,4385,0.959398;18,6797,0.991729;21,6310,0.847368;21,6968,0.866917
30,35160;75,23702,0.994737;14,4406,0.936842;18,6800,0.981955;25,6091,0.830075;32,6987,0.850376
29,35255;72,23190,0.999248;21,4405,0.952632;31,7141,0.991729;31,6229,0.86015;33,7234,0.877444
29,35229;73,23234,0.98797;22,4463,0.938346;29,6959,0.983459;31,6155,0.842857;31,7078,0.866165
29,35253;72,22532,0.983459;22,4482,0.955639;28,6788,0.990977;30,6256,0.856391;31,6955,0.880451
30,35261;72,23034,0.991729;21,4232,0.930827;29,7173,0.987218;31,6501,0.877444;29,7081,0.891729
30,35278;72,22856,0.993985;20,4539,0.942105;28,7139,0.978947;29,6212,0.869173;31,7234,0.886466
31,35212;72,22598,0.988722;21,4419,0.93985;27,6824,0.990977;27,5807,0.840602;28,6530,0.861654
30,35177;72,22396,0.999248;20,4075,0.952632;25,6103,0.986466;27,5708,0.826316;27,6318,0.854887
30,35196;71,22003,0.992481;13,3888,0.954887;22,5435,0.97594;29,5467,0.833835;28,6122,0.856391
31,35220;71,22318,1;18,3541,0.916541;25,5859,0.990226;28,5810,0.845113;26,6197,0.843609
30,35236;72,22873,1;14,3879,0.929323;25,5897,0.993233;27,5642,0.862406;28,6080,0.837594
30,35227;71,22662,0.993985;19,3764,0.941353;26,5606,0.980451;26,5482,0.850376;27,5887,0.840602
30,35215;71,22180,0.993985;19,3771,0.956391;24,5525,0.976692;25,5370,0.864662;25,5791,0.85188
32,35196;71,22228,0.998496;12,3563,0.969173;15,5247,0.982707;16,5075,0.842857;16,5498,0.832331
31,35225;70,22083,0.998496;12,3531,0.949624;15,5420,0.975188;16,5081,0.834586;16,5351,0.826316
29,35162;73,22712,0.999248;11,3266,0.959398;15,4956,0.972932;15,4833,0.830075;21,4937,0.813534
30,35171;69,21856,0.996992;18,3432,0.967669;24,5089,0.978947;22,4857,0.83985;23,5170,0.825564
28,35185;59,22810,0.999248;16,3332,0.926316;24,5144,0.989474;23,5036,0.830075;24,5516,0.839098
29,35197;73,22619,0.984962;17,3436,0.935338;22,5081,0.978947;22,4852,0.832331;23,5189,0.833083
29,35171;72,22435,0.991729;19,3638,0.968421;25,5328,0.980451;25,4981,0.833835;25,5524,0.842105
28,35162;72,22048,0.980451;18,3441,0.968421;23,5032,0.981203;22,4806,0.806015;24,5354,0.830827
31,35178;73,22337,0.980451;16,3396,0.966917;21,4655,0.982707;22,4767,0.801504;23,5177,0.827068
31,35171;72,22077,0.993233;17,3148,0.952632;22,4703,0.972932;22,4767,0.822556;23,5172,0.822556
31,35148;63,21931,0.999248;15,3054,0.931579;21,4670,0.981955;14,4644,0.812782;14,5022,0.820301
31,35087;72,22105,0.985714;11,3008,0.952632;13,4359,0.978195;14,4517,0.812782;14,4942,0.821053
31,35143;70,22031,0.993233;13,3239,0.937594;14,4894,0.980451;14,4678,0.817293;15,5205,0.826316
29,34741;64,22249,0.978195;9,2573,0.951128;12,3945,0.978195;11,3923,0.816541;12,4373,0.820301
29,34039;65,22629,0.997744;7,2080,0.96015;14,3004,0.986466;11,3247,0.820301;11,3633,0.821053
42,30427;64,22435,0.988722;8,1609,0.966917;11,2377,0.989474;11,2575,0.813534;11,2822,0.816541
22,25480;66,22677,0.990977;6,879,0.965414;7,1267,0.981955;6,1542,0.81203;7,1746,0.812782
17,19615;63,21852,0.998496;2,534,0.968421;3,755,0.990977;2,864,0.818045;4,1001,0.813534
7,8596;64,21765,0.999248;4,269,0.978947;2,234,0.98797;1,316,0.818045;1,364,0.814286
