60,35245;81,22540,1;45,9629,0.994737;55,12566,1;54,9047,0.952632;53,9854,0.968421
61,35077;79,22068,1;14,2296,0.980451;19,3512,0.991729;17,3289,0.947368;18,3566,0.948872
61,35073;79,21974,0.986466;14,2413,0.957143;20,3778,0.996241;19,3589,0.921805;18,3634,0.920301
61,35069;86,21717,1;14,2388,0.969173;20,3576,0.987218;19,3623,0.900752;19,3705,0.896241
61,35111;88,22241,1;15,2539,0.96391;21,3826,0.990226;19,3551,0.868421;18,3655,0.86391
61,35116;88,22232,0.996992;9,2540,0.965414;14,3824,0.984962;12,3659,0.850376;12,3756,0.85188
61,35113;81,22495,0.981203;10,2579,0.957895;14,3839,0.984962;12,3610,0.834586;13,3993,0.854887
60,35090;78,21596,0.980451;10,2442,0.970677;13,3382,0.984962;11,3347,0.828571;12,3724,0.85188
60,35109;80,22171,1;9,2331,0.961654;13,3574,0.985714;11,3351,0.808271;12,3659,0.842857
61,35118;88,22275,0.983459;10,2461,0.952632;14,3701,0.984962;12,3492,0.792481;13,3863,0.833083
60,35114;87,21953,0.994737;10,2591,0.951128;15,3932,0.981203;13,3682,0.808271;13,3897,0.814286
61,35122;87,22072,0.993233;10,2533,0.945865;14,3684,0.972932;12,3492,0.803759;13,3835,0.801504
60,35092;78,21796,1;9,2405,0.945113;14,3475,0.978947;12,3592,0.787218;13,3936,0.799248
61,35119;90,21361,0.989474;10,2422,0.942105;12,3350,0.965414;13,3680,0.82782;12,3790,0.788722
60,35065;86,21902,0.981203;12,2647,0.948872;14,3764,0.968421;13,3766,0.823308;13,4051,0.803008
61,35103;87,22353,0.995489;12,2588,0.942857;15,4097,0.979699;13,3809,0.806015;15,4521,0.807519
67,35088;87,22162,1;10,2614,0.963158;14,3640,0.968421;14,3903,0.816541;14,4264,0.821053
60,35057;93,21829,0.998496;11,2513,0.976692;13,3637,0.984211;13,3748,0.827068;13,3979,0.817293
61,35135;88,22216,0.993985;10,2569,0.943609;15,4022,0.976692;13,3944,0.821805;14,4261,0.815789
60,35111;101,22508,0.996992;10,2423,0.931579;14,3761,0.983459;14,3991,0.815789;14,4301,0.795489
68,35107;88,22142,1;12,2783,0.945865;14,4050,0.966917;14,4103,0.809774;15,4329,0.78797
67,35123;88,22024,0.981203;12,2820,0.956391;16,4112,0.964662;14,4005,0.813534;15,4443,0.795489
62,35128;88,22348,0.997744;12,3075,0.950376;16,4464,0.970677;15,4232,0.803008;16,4539,0.802256
61,35117;88,22164,0.999248;11,2803,0.944361;16,4429,0.974436;14,4041,0.803008;15,4473,0.807519
61,35106;92,21409,0.997744;11,2803,0.949624;15,4282,0.967669;15,4109,0.809023;15,4376,0.809023
61,35147;88,22561,0.996241;12,2885,0.959398;16,4430,0.982707;15,4284,0.81203;16,4676,0.808271
61,35103;89,22723,0.994737;13,2851,0.951128;15,4255,0.981955;15,4226,0.809023;16,4618,0.814286
61,35165;86,22412,0.987218;11,2850,0.959398;16,4115,0.989474;16,4372,0.793985;15,4498,0.796992
61,35137;89,22534,1;12,2737,0.930075;15,4230,0.981203;15,4295,0.797744;16,4708,0.802256
62,35152;89,22225,0.985714;13,2949,0.934586;16,4237,0.97218;16,4534,0.796241;17,4733,0.794737
61,35157;89,22289,0.995489;18,3038,0.922556;25,4461,0.954135;19,4641,0.799248;17,5052,0.810526
61,35144;89,22532,0.987218;13,3046,0.906015;17,4690,0.959398;16,4497,0.797744;18,5220,0.816541
61,35136;88,22491,0.991729;13,3063,0.918045;18,5009,0.976692;18,4766,0.804511;19,5368,0.81203
61,35182;90,22459,0.994737;14,3164,0.921805;17,4911,0.985714;18,4849,0.806767;19,5246,0.807519
61,35210;81,22661,0.996241;18,3644,0.920301;21,5753,0.983459;21,5342,0.804511;21,5456,0.820301
61,35226;91,22970,0.993233;15,3619,0.949624;19,5438,0.984211;20,5283,0.82782;19,5353,0.818797
61,35189;91,22959,0.993985;13,3325,0.928571;19,5092,0.978947;19,4937,0.808271;19,5257,0.820301
61,35196;93,22539,0.986466;13,3406,0.951128;19,5415,0.979699;19,4953,0.816541;20,5328,0.817293
61,35204;90,22268,0.996992;14,3442,0.945865;19,5273,0.978195;18,4792,0.803008;19,5313,0.810526
61,35188;91,22811,0.980451;17,3474,0.942857;19,5185,0.961654;19,5134,0.796992;20,5481,0.791729
61,35186;92,23018,0.994737;15,3529,0.922556;20,5412,0.962406;19,5092,0.804511;20,5569,0.782707
61,35195;90,22390,0.987218;15,3509,0.937594;20,5464,0.956391;20,5164,0.818797;19,5397,0.785714
61,35219;88,22229,0.991729;17,3847,0.930827;20,5682,0.958647;20,5392,0.818797;21,5791,0.82782
61,35185;90,22853,0.996241;15,3679,0.941353;20,5552,0.96015;20,5301,0.854135;20,5680,0.838346
61,35227;91,22971,0.990226;16,3719,0.960902;20,5609,0.983459;19,5083,0.824812;20,5749,0.837594
62,35241;89,22460,0.990977;14,3644,0.940602;20,5704,0.984211;20,5316,0.83985;20,5541,0.830075
61,35176;91,23004,0.993233;14,3489,0.935338;20,5510,0.984962;18,4864,0.818045;19,5439,0.843609
61,35216;92,23193,0.999248;14,3521,0.901504;20,5679,0.97218;19,5181,0.810526;19,5521,0.831579
65,35222;89,22606,0.999248;18,4101,0.942857;21,5982,0.957143;22,5749,0.844361;21,5993,0.853383
61,35223;90,22629,0.990226;15,3780,0.941353;20,5743,0.959398;19,5075,0.830827;20,5556,0.845113
61,35213;88,22158,0.999248;16,3805,0.944361;20,5840,0.959398;21,5401,0.835338;22,5981,0.843609
61,35259;89,22565,0.986466;17,4238,0.927068;34,6474,0.965414;34,5702,0.843609;35,6247,0.870677
61,35231;91,23043,0.991729;25,3934,0.941353;32,5889,0.96015;31,5227,0.829323;32,5769,0.858647
61,35232;90,22998,0.996241;24,4069,0.944361;33,6025,0.97218;32,5608,0.842105;34,6013,0.84812
61,35235;90,22760,0.997744;24,4136,0.948872;34,6276,0.988722;34,5650,0.838346;37,6242,0.855639
61,35217;90,22840,1;23,3819,0.962406;31,5905,0.981955;31,5457,0.855639;31,5634,0.869925
62,35249;89,22547,0.997744;27,3836,0.941353;32,6099,0.991729;31,5536,0.849624;33,5884,0.869173
63,35236;81,22515,0.991729;23,3896,0.923308;35,6401,0.994737;34,5649,0.855639;34,6048,0.859398
61,35203;84,23234,0.980451;23,3814,0.948872;34,5891,0.990226;32,5439,0.847368;31,5514,0.849624
68,35236;81,22906,0.981955;26,4116,0.957143;33,6069,0.990226;33,5628,0.842857;33,5836,0.846617
62,35232;90,22813,0.991729;23,3789,0.947368;33,6128,0.97594;32,5453,0.844361;34,6003,0.849624
62,35243;92,23330,1;26,4067,0.955639;34,6366,0.995489;32,5546,0.85188;33,6038,0.854135
62,35146;89,22508,0.995489;23,3666,0.963158;29,5342,0.982707;28,4954,0.836842;29,5332,0.83985
62,35249;89,22222,0.999248;23,3854,0.960902;30,5596,0.984211;31,5326,0.838346;32,5700,0.83985
62,35200;90,22586,0.987218;23,3718,0.963158;30,5277,0.98797;29,5141,0.841353;31,5614,0.845865
62,35187;88,22362,0.999248;22,3696,0.959398;31,5459,0.981203;31,5309,0.840602;29,5438,0.837594
62,35150;90,22701,0.983459;19,3224,0.93985;27,4981,0.97218;27,4935,0.834586;28,5293,0.845113
62,35193;90,22671,0.990977;21,3314,0.909774;28,5122,0.965414;27,4931,0.833083;29,5457,0.847368
62,35169;95,22413,0.997744;22,3534,0.940602;29,5343,0.958647;28,5217,0.838346;30,5613,0.845865
62,35204;89,22971,0.997744;21,3615,0.949624;28,5276,0.971429;29,5185,0.841353;30,5603,0.83985
69,35195;89,22691,0.997744;21,3599,0.940602;29,5557,0.969925;29,5056,0.803008;20,5504,0.816541
62,35175;90,22910,0.995489;15,3554,0.938346;21,5497,0.977444;21,5432,0.843609;21,5676,0.841353
62,35170;80,22592,0.999248;21,3505,0.950376;29,5132,0.981203;29,4977,0.830075;31,5320,0.83609
61,35198;79,22511,0.998496;24,3664,0.959398;32,5388,0.979699;30,4971,0.821805;29,5234,0.829323
61,35182;83,23059,0.987218;25,3561,0.963158;32,5155,0.983459;28,4919,0.81203;29,5231,0.824812
61,35145;80,22297,0.990977;21,3248,0.964662;27,4929,0.978947;28,4844,0.82406;27,5151,0.829323
61,35192;80,22347,0.997744;24,3352,0.943609;31,5128,0.975188;30,4871,0.797744;29,5091,0.822556
61,35138;83,22276,0.999248;21,3096,0.930827;30,4962,0.984211;28,4705,0.809023;28,4801,0.814286
61,35142;82,22741,0.993985;22,3341,0.954135;28,4779,0.988722;17,4511,0.795489;17,4928,0.827068
61,35112;83,23168,0.984211;15,3210,0.945113;18,4745,0.993985;16,4562,0.827068;17,4723,0.833083
61,35138;82,22741,0.992481;13,3111,0.966165;17,4362,0.994737;16,4358,0.831579;17,4718,0.830075
61,35164;78,21821,0.997744;12,2938,0.952632;17,4628,0.987218;16,4349,0.837594;16,4556,0.834586
61,35134;82,22714,0.999248;11,2651,0.937594;16,4220,0.987218;15,4220,0.820301;15,4409,0.819549
61,35135;90,22625,0.982707;12,2780,0.926316;16,4532,0.990226;16,4437,0.819549;15,4513,0.806767
61,35168;88,22480,0.998496;12,2906,0.933835;16,4463,0.987218;15,4433,0.809023;16,4565,0.812782
61,35167;86,22097,1;12,3085,0.97218;18,4730,0.990977;17,4659,0.822556;17,4819,0.825564
60,35115;82,22630,1;11,2590,0.945113;15,4000,0.990977;15,4178,0.826316;15,4378,0.825564
61,35125;79,21787,0.981203;11,2883,0.96015;15,4151,0.988722;15,4109,0.825564;15,4326,0.828571
60,35147;82,22331,0.988722;12,2907,0.977444;15,4070,0.989474;16,4397,0.82782;16,4515,0.82406
61,35135;81,22374,0.994737;11,2819,0.966917;15,4219,0.981203;16,4332,0.82782;15,4438,0.811278
61,35143;81,22650,0.996241;12,2945,0.959398;16,4290,0.972932;15,4114,0.823308;16,4487,0.822556
62,35130;77,21518,0.988722;11,2849,0.95188;16,4079,0.966917;15,4097,0.817293;16,4400,0.809774
62,35152;78,21769,0.993985;14,2903,0.966917;18,4349,0.979699;16,4335,0.818045;17,4725,0.812782
62,35142;79,22018,0.998496;13,2824,0.957895;17,4512,0.991729;15,4271,0.806767;24,4484,0.802256
62,35152;86,22535,0.991729;18,2962,0.948872;27,4613,0.989474;23,4489,0.790226;17,4829,0.792481
62,35137;88,22341,0.981203;12,3070,0.963158;18,4706,0.981955;16,4514,0.794737;17,4940,0.803008
71,35119;87,22181,1;12,2889,0.968421;15,4114,0.975188;15,4243,0.793985;15,4547,0.809774
61,35117;87,22322,0.990226;11,2866,0.955639;18,4352,0.97218;16,4557,0.801504;17,4789,0.803759
62,35152;88,22072,0.98797;13,2921,0.957895;16,4231,0.981203;16,4353,0.806767;16,4621,0.806767
62,35082;85,21613,0.993233;14,2813,0.948872;17,4172,0.973684;15,4153,0.804511;15,4394,0.81203
68,35129;88,22392,0.996241;17,3124,0.963158;15,4105,0.96391;16,4314,0.797744;16,4604,0.81203
61,35136;86,21891,1;13,2806,0.943609;15,4081,0.956391;15,4276,0.801504;16,4419,0.81203
62,35139;86,22107,0.983459;13,2853,0.96015;15,4244,0.973684;15,4276,0.804511;16,4518,0.806015
62,35143;85,21902,0.998496;12,2959,0.968421;16,4344,0.978195;17,4446,0.799248;17,4869,0.798496
62,35143;88,22191,0.997744;12,2817,0.960902;15,4058,0.96391;16,4250,0.801504;16,4533,0.807519
61,35082;87,22049,0.999248;12,2720,0.949624;15,3941,0.965414;16,4294,0.796992;15,4385,0.802256
61,35130;88,22224,0.990226;15,2921,0.962406;16,4218,0.967669;16,4296,0.791729;16,4465,0.799248
61,35086;79,21721,0.990977;12,2611,0.947368;13,3685,0.962406;15,4105,0.787218;14,4202,0.796241
61,35100;80,22263,0.985714;10,2650,0.949624;14,3867,0.971429;14,4014,0.803008;15,4300,0.807519
61,35101;78,21757,0.991729;12,2725,0.954135;14,3733,0.948872;14,4036,0.8;14,4334,0.805263
61,35151;79,21828,0.999248;12,2788,0.948872;14,3854,0.928571;16,4370,0.796241;16,4425,0.799248
61,35099;79,22162,0.999248;12,2797,0.957895;16,4236,0.96391;15,4231,0.812782;16,4529,0.821053
61,35129;79,21729,0.998496;18,2945,0.956391;24,4272,0.966917;23,4233,0.805263;23,4431,0.804511
61,35147;81,22558,0.991729;19,3010,0.957143;26,4288,0.968421;24,4373,0.797744;24,4638,0.800752
61,35116;88,22195,0.986466;17,2803,0.956391;16,4163,0.958647;15,4219,0.8;15,4373,0.806015
62,35121;88,22212,0.992481;11,2663,0.962406;15,4278,0.981955;14,4034,0.781955;14,4170,0.775188
67,35136;90,22751,0.992481;10,2712,0.960902;15,3987,0.986466;14,3970,0.784962;15,4469,0.796241
61,35087;87,22160,0.985714;10,2640,0.962406;14,4053,0.982707;14,4140,0.795489;15,4381,0.8
61,35024;79,21964,0.998496;10,2605,0.967669;13,3626,0.975188;13,3814,0.804511;14,4147,0.808271
60,34894;82,22486,0.993985;10,2461,0.970677;12,3516,0.989474;12,3520,0.783459;13,3884,0.790226
59,34332;82,22776,0.999248;9,2057,0.958647;12,3141,0.985714;11,3227,0.776692;12,3545,0.793233
56,32593;80,22373,0.980451;7,1638,0.958647;9,2494,0.970677;9,2490,0.793233;9,2733,0.789474
49,28403;80,22404,0.983459;5,1105,0.949624;6,1668,0.976692;5,1664,0.798496;6,1849,0.786466
39,22593;81,22759,0.990977;4,831,0.959398;5,1271,0.978947;4,1246,0.801504;5,1448,0.8
26,14988;81,22686,0.989474;2,394,0.96015;3,582,0.978947;2,794,0.8;3,917,0.796241
20,11475;79,21757,0.989474;2,352,0.961654;2,512,0.978947;2,552,0.798496;2,648,0.796241
19,10820;79,21948,0.987218;3,297,0.965414;2,423,0.974436;1,410,0.8;1,532,0.795489
15,8582;82,22263,0.996992;2,274,0.97218;2,300,0.977444;1,297,0.797744;1,383,0.793985
6,3334;79,21958,0.993233;0,74,0.97218;1,94,0.977444;0,115,0.798496;0,147,0.793985
