60,48205;310,79498,1;77,13681,0.982315;93,17313,0.998071;147,13805,0.993248;134,15345,0.994855
56,47812;303,79589,1;23,2756,0.974277;28,3672,0.989389;39,5008,0.96881;44,6252,0.968167
56,47790;317,79912,1;22,2699,0.97717;29,3638,0.987781;39,4980,0.965273;44,6213,0.964309
56,47825;318,80922,1;23,2731,0.976849;34,3784,0.987138;44,5206,0.947588;47,6431,0.94791
55,47799;312,79041,1;24,2680,0.980064;30,3718,0.990997;38,4720,0.940193;44,6198,0.940836
54,47796;304,80182,1;24,2731,0.976849;35,3810,0.987781;40,4828,0.928617;46,6329,0.927331
56,47806;296,80661,1;22,2647,0.974277;30,3723,0.988424;39,4732,0.920257;43,6247,0.921222
55,47842;284,80260,1;23,2691,0.966238;35,4076,0.991318;44,5264,0.911576;48,6803,0.912862
52,47822;282,80133,1;23,2801,0.975241;35,3895,0.991961;43,5092,0.902894;45,6590,0.902572
51,47809;266,79565,1;24,2813,0.974277;33,4103,0.993569;51,5337,0.895498;52,6829,0.896141
51,47786;281,79721,1;22,2549,0.971061;29,3554,0.990354;39,4797,0.892283;44,6426,0.894534
51,47813;318,79464,1;24,2698,0.968489;33,3940,0.990354;44,5276,0.888103;50,6930,0.88746
52,47829;298,80422,1;23,2847,0.967846;32,4021,0.991318;44,5372,0.876527;51,7185,0.873955
52,47819;316,81022,1;42,2823,0.973312;51,3926,0.992605;44,5351,0.874598;50,7087,0.871704
52,47810;307,78519,1;22,2704,0.97074;32,3866,0.993569;41,5023,0.875884;46,6804,0.871383
52,47828;310,79274,1;23,2776,0.972669;33,3833,0.989711;50,5286,0.871704;49,7038,0.866238
52,47808;301,79169,1;22,2597,0.967846;30,3656,0.990032;43,5047,0.867524;46,6829,0.863023
52,47781;302,79935,1;23,2721,0.970096;35,3822,0.98746;43,5104,0.867846;54,7132,0.861736
52,47825;316,80404,1;34,2799,0.97074;36,4052,0.992605;42,5115,0.861093;48,6761,0.856592
51,47795;282,79931,1;25,2715,0.96881;37,3967,0.994212;48,5287,0.861093;51,7135,0.858521
52,47822;289,80476,1;27,2735,0.969775;37,3942,0.992926;47,5219,0.854662;55,7086,0.849518
51,47822;282,79930,1;27,2729,0.972026;38,3803,0.989068;41,4897,0.856913;45,6454,0.851125
53,47800;318,80653,1;22,2619,0.967203;30,3787,0.990675;44,5329,0.849518;49,7066,0.848232
51,47815;305,79841,1;21,2631,0.973955;39,3897,0.992926;42,5051,0.847588;48,6784,0.844695
52,47827;310,80201,1;29,2838,0.963987;34,4028,0.993891;47,5329,0.839871;53,7426,0.839871
52,47800;319,81209,1;21,2671,0.959807;32,3873,0.990032;43,5171,0.836656;51,7010,0.835048
52,47830;317,79994,1;26,2970,0.973633;36,4266,0.992283;46,5343,0.836013;54,7206,0.838264
52,47798;299,79627,1;26,2752,0.973633;34,3705,0.990675;42,5067,0.832797;48,6992,0.833119
52,47826;289,81076,1;24,2809,0.970096;42,4221,0.993248;45,5133,0.827653;57,7093,0.829904
52,47863;312,80472,1;40,3063,0.969453;42,4445,0.99164;54,5826,0.828617;61,7864,0.827331
52,47828;306,80341,1;32,2783,0.975563;39,3909,0.992283;47,5371,0.818971;56,7557,0.820579
51,47832;319,81159,1;25,2728,0.969775;34,3974,0.987781;73,5642,0.820257;59,7509,0.820257
51,47848;307,79473,1;25,2934,0.97717;36,4191,0.990032;42,5224,0.817042;50,7248,0.819293
51,47820;319,80822,1;24,2943,0.975884;33,4020,0.990032;47,5495,0.811897;54,7593,0.814469
50,47826;295,78748,1;25,2915,0.97299;35,4210,0.992605;50,5639,0.809325;56,7601,0.815113
51,47789;285,81300,1;23,2757,0.972347;33,4120,0.990032;47,5314,0.807717;52,7254,0.813826
51,47842;282,80823,1;29,2927,0.967846;40,4104,0.98746;51,5652,0.807074;58,8036,0.809968
51,47833;264,80429,1;33,2873,0.967524;39,4161,0.989711;49,5464,0.808682;56,7769,0.811576
52,47819;280,78923,1;34,2907,0.975563;40,4062,0.993569;49,5471,0.806109;57,7650,0.806109
52,47837;312,79005,1;37,2953,0.960129;45,4430,0.991961;52,5715,0.804502;51,7890,0.805145
52,47836;316,79271,0.999357;26,2899,0.968167;42,4220,0.99582;56,5783,0.806431;62,7772,0.809646
51,47819;304,77889,1;44,2865,0.972347;35,4013,0.990997;45,5210,0.810289;50,7191,0.809968
51,47825;320,79205,1;26,2955,0.965595;37,4248,0.988746;53,5645,0.802894;59,7848,0.809003
51,47841;296,79164,1;28,2997,0.965595;50,4409,0.99164;53,5618,0.801929;66,7709,0.80836
51,47854;315,78641,1;28,3125,0.963344;38,4472,0.990997;59,6213,0.800965;63,8370,0.80836
53,47821;317,79706,1;39,3270,0.97299;49,4677,0.988424;56,6025,0.799357;63,8515,0.805145
52,47799;308,80214,1;39,3059,0.971704;43,4409,0.987781;56,5896,0.797106;62,8387,0.803537
52,47839;321,81219,1;28,3047,0.958521;40,4475,0.988103;61,6266,0.802572;65,8524,0.802572
53,47873;318,79608,1;37,3419,0.971383;49,4741,0.993248;61,6225,0.796141;67,8598,0.800965
53,47856;287,79264,1;30,3009,0.957878;39,4416,0.986174;60,6065,0.799035;63,8431,0.798071
53,47837;305,79070,1;33,3030,0.953376;58,4604,0.985852;53,5740,0.800643;58,7758,0.807717
53,47869;327,79065,1;31,3287,0.953698;43,4842,0.989711;61,6358,0.799357;70,8703,0.805466
53,47895;216,79708,1;40,3278,0.963344;47,4762,0.988424;55,5980,0.797428;64,8459,0.801286
53,47870;318,80027,1;38,3193,0.961093;48,4752,0.990354;71,6384,0.800965;69,8697,0.801286
58,47823;297,78910,0.999678;35,3283,0.978135;37,4480,0.987781;54,5903,0.8;64,8671,0.801286
56,47854;297,79793,1;34,3151,0.963666;41,4624,0.987781;68,6359,0.793569;68,8786,0.796785
58,47881;283,81009,1;33,3237,0.962058;44,4736,0.988103;62,6349,0.788746;76,8983,0.787781
58,47841;302,78996,1;31,3218,0.970096;40,4654,0.988424;65,6495,0.787138;74,9072,0.792605
56,47829;280,79194,1;33,3170,0.96881;42,4654,0.989389;63,6355,0.800322;69,8732,0.798714
55,47865;277,80158,1;30,3231,0.968167;40,4465,0.986174;60,5977,0.793569;71,8366,0.797106
57,47849;286,79866,1;36,3239,0.960772;49,5028,0.995177;63,6340,0.788746;71,9013,0.79164
52,47842;315,80921,1;49,3255,0.964309;48,4781,0.992283;68,6543,0.788103;71,8807,0.792283
52,47876;317,80007,1;33,3372,0.97299;45,4720,0.989711;62,6258,0.785531;72,8874,0.787781
52,47860;291,79866,1;39,3238,0.960129;52,5013,0.986495;67,6328,0.787138;71,8786,0.786174
55,47856;317,79684,1;38,3394,0.970418;56,5030,0.986817;65,6426,0.789711;66,8764,0.788103
58,47885;318,80003,1;37,3403,0.965595;44,4927,0.990675;67,6768,0.791318;74,9266,0.790675
56,47849;316,79460,0.999357;39,3195,0.955949;49,4852,0.988424;61,6610,0.787138;67,8947,0.787781
64,47887;283,79960,0.999357;37,3468,0.967846;43,5038,0.987781;61,6407,0.789711;67,8697,0.789389
52,47905;283,79437,1;44,3596,0.962379;58,5227,0.983923;70,6710,0.790354;78,9265,0.793248
52,47906;287,79572,1;35,3684,0.967524;42,5465,0.99582;67,6841,0.789711;76,9735,0.792605
52,47862;304,80010,1;34,3393,0.965273;48,4997,0.990032;70,6528,0.783601;74,8906,0.786817
56,47884;314,78845,1;32,3491,0.957878;48,5153,0.993569;70,6801,0.790354;79,9507,0.791318
59,47908;304,79472,0.999678;40,3675,0.956913;52,5535,0.991318;78,7054,0.789068;82,9943,0.793569
57,47916;313,77932,1;40,3922,0.957235;55,5827,0.993569;74,7042,0.781672;81,10016,0.786817
53,47952;317,79691,1;39,3955,0.963666;54,5908,0.990675;69,6718,0.796785;78,9853,0.795498
53,47877;311,78999,1;43,4154,0.968167;50,5770,0.993248;74,7171,0.792926;83,10093,0.793248
52,47914;315,78515,1;38,3870,0.962058;54,5538,0.989068;81,7060,0.795498;83,10073,0.794855
53,47921;315,79847,1;40,3870,0.96463;50,5683,0.98746;70,6941,0.787138;80,9795,0.786817
53,47915;319,79635,1;39,3808,0.967203;51,5597,0.985852;74,7057,0.795177;81,9967,0.79164
52,47868;318,80343,1;42,3809,0.964952;51,5388,0.987138;73,6998,0.79582;79,9755,0.792605
52,47921;318,80277,1;44,3977,0.972347;68,5911,0.993248;76,7372,0.790997;85,10207,0.790997
60,47897;309,80406,1;38,3745,0.967203;53,5522,0.992283;70,6773,0.790997;77,9348,0.789068
53,47921;318,79331,1;41,3504,0.962058;52,5496,0.990675;68,6709,0.790997;76,9443,0.786495
54,47936;314,78754,1;46,3827,0.953055;52,5741,0.98746;75,7304,0.789068;85,10432,0.788746
60,47914;315,78873,1;41,3514,0.947588;48,5422,0.989068;71,7017,0.790997;94,9724,0.781672
57,47888;313,79282,1;54,3665,0.961093;55,5144,0.990675;78,6762,0.792926;71,9144,0.776206
58,47909;315,79201,1;37,3542,0.959164;54,5293,0.994534;68,6783,0.782958;77,9635,0.774598
57,47906;314,79111,1;38,3608,0.961736;54,5424,0.993891;67,6815,0.778135;83,9648,0.767846
56,47903;310,78855,1;38,3460,0.953698;55,5237,0.987781;73,6947,0.772669;81,9775,0.765916
58,47900;309,80558,1;43,3831,0.954662;52,5520,0.989068;75,7042,0.77717;97,9868,0.770418
56,47892;320,80309,1;37,3766,0.97299;49,5555,0.99164;84,7415,0.783923;96,10363,0.776527
57,47919;320,80285,1;42,3868,0.973633;51,5268,0.992283;75,7200,0.78746;79,10018,0.779743
52,47903;306,79949,1;35,3464,0.961415;51,5246,0.993891;71,6965,0.786817;85,9996,0.778135
53,47899;304,79920,0.999678;41,3862,0.961736;49,5615,0.987138;76,7192,0.783923;85,10442,0.781029
53,47921;322,81325,0.999678;48,4109,0.967524;59,6010,0.989711;80,7406,0.777814;92,11028,0.778778
53,47927;322,81115,1;40,3896,0.961415;59,5926,0.990032;75,7129,0.771704;88,10384,0.771704
53,47935;286,80532,1;42,3819,0.949196;62,5736,0.989711;86,7430,0.777814;88,10862,0.781029
53,47958;319,80801,1;38,3692,0.945659;54,5777,0.991318;80,7209,0.779743;86,10203,0.783601
53,47962;318,79963,1;42,4028,0.962058;58,5861,0.992926;86,7805,0.78746;83,10934,0.788746
53,47943;321,80783,1;27,3967,0.968489;55,5825,0.993891;82,7438,0.786817;95,11326,0.78746
53,47947;301,81435,1;39,3881,0.952733;53,5842,0.989389;82,7559,0.786174;94,10946,0.785531
53,47948;321,81467,1;48,4036,0.954341;62,6373,0.994855;83,7916,0.790032;87,11241,0.786817
53,47932;307,81300,1;35,4142,0.948232;60,6357,0.990997;79,7766,0.789711;85,11522,0.793248
53,47921;300,80742,1;40,4061,0.962058;56,6439,0.992283;80,7527,0.790032;89,10949,0.798071
53,47965;318,80646,0.999678;45,4040,0.945016;56,6119,0.98746;84,7685,0.796141;90,10816,0.801286
53,47916;312,79371,1;44,4071,0.957556;62,5953,0.992283;84,7577,0.791961;88,10857,0.794855
53,47961;305,81604,1;42,4092,0.954984;53,6207,0.994534;83,7578,0.793891;95,11071,0.792283
59,47978;317,81465,1;51,4220,0.960772;62,6465,0.990032;87,7728,0.79582;93,11078,0.79582
58,47901;307,80423,0.999357;45,4092,0.961415;60,6251,0.993891;82,7596,0.789068;94,11288,0.796141
58,47982;336,81376,1;45,4224,0.953055;53,6175,0.990032;94,7671,0.795177;93,10902,0.799678
59,47901;324,81709,1;41,4035,0.965916;56,5802,0.992283;70,7060,0.789068;83,10206,0.793891
57,47992;324,80674,0.999678;38,4215,0.957878;58,6183,0.987138;78,7855,0.795177;92,11260,0.792605
58,47976;311,79986,1;42,4055,0.947267;58,6226,0.990675;89,7848,0.805466;105,11158,0.801286
56,47935;320,79917,1;44,4019,0.962701;57,6029,0.988424;80,7413,0.801608;94,10712,0.799035
59,47932;288,80333,1;45,4111,0.958521;57,6116,0.993569;83,7509,0.804502;87,10093,0.800322
57,47952;302,79894,1;41,3994,0.961415;50,5696,0.990997;79,7299,0.8;100,10309,0.802251
57,47943;316,80395,1;39,3790,0.945338;54,5826,0.993248;76,7300,0.793248;84,10407,0.792605
56,47876;314,79746,1;43,3912,0.958521;55,5800,0.986174;81,7527,0.785852;105,10722,0.784244
55,47911;269,80882,1;55,4026,0.969453;53,5834,0.985531;78,7224,0.789389;87,10696,0.788103
55,47940;274,80376,1;45,4190,0.961093;55,6468,0.990997;74,7630,0.788103;91,10888,0.787138
56,47943;325,81478,1;43,4289,0.963666;59,6433,0.993248;79,7393,0.790032;93,10950,0.790354
56,47941;317,79613,1;46,4209,0.971383;62,6111,0.993891;86,7545,0.788424;98,11085,0.792605
55,47915;315,80189,1;48,4251,0.963987;62,6247,0.985852;87,7685,0.786174;95,10957,0.795177
56,47932;308,81127,1;42,3890,0.957235;57,5834,0.991961;83,7532,0.793248;91,10566,0.794534
55,47952;317,80554,1;45,3975,0.954341;59,5930,0.989389;80,7380,0.792926;95,10633,0.797749
56,47890;316,79267,1;48,4016,0.963666;59,5664,0.988424;84,7335,0.798392;99,10467,0.800643
54,47870;315,80009,1;50,3859,0.965916;73,5540,0.988424;77,7370,0.789711;81,10332,0.794534
54,47927;309,80553,1;41,3832,0.963344;60,5752,0.987138;81,7168,0.79164;86,10232,0.790354
54,47915;323,81197,1;54,3995,0.963344;58,6138,0.993569;78,7274,0.789389;90,10521,0.787138
53,47890;305,79995,1;44,3793,0.964309;54,5589,0.994212;76,7090,0.790997;82,10353,0.787781
53,47895;319,80115,1;37,3583,0.948553;52,5602,0.993248;80,7341,0.78328;91,10343,0.785531
54,47888;318,78956,1;38,3508,0.962701;50,5240,0.991318;72,6934,0.782637;87,9998,0.785209
54,47887;292,78297,1;50,3459,0.961736;51,5374,0.995498;73,6964,0.780707;83,9880,0.780064
52,47873;285,80536,1;35,3549,0.97074;45,4919,0.993248;71,6930,0.773312;85,9859,0.773955
53,47878;277,79041,1;35,3278,0.957878;52,4993,0.983601;68,6819,0.773312;67,9595,0.772347
53,47889;321,80002,1;35,3488,0.966881;51,5156,0.990997;65,7010,0.772669;78,9975,0.772669
52,47868;312,80969,1;36,3472,0.962058;44,5228,0.990997;64,6600,0.770096;72,9729,0.773955
52,47882;315,80282,1;38,3589,0.965595;67,5160,0.990032;74,6964,0.764952;77,9553,0.771061
59,47883;294,79305,1;38,3579,0.965273;53,5332,0.992283;74,7016,0.763987;85,10167,0.774277
57,47909;291,78870,1;39,3839,0.968167;54,5685,0.989389;77,7094,0.76463;84,10180,0.769453
58,47868;338,79780,1;35,3508,0.963987;45,4996,0.993248;64,6521,0.769453;72,9331,0.772669
58,47888;313,79273,1;45,3563,0.962379;46,5377,0.992283;72,7222,0.773312;84,9965,0.781672
57,47848;314,79685,1;33,3287,0.962701;42,4926,0.989711;66,6462,0.763023;72,9218,0.764309
57,47829;308,81013,1;33,3140,0.961093;44,4830,0.989389;63,6525,0.764952;71,9117,0.765595
59,47891;312,80356,1;32,3353,0.953055;41,4796,0.989068;77,6539,0.771061;72,9453,0.771061
57,47874;264,79742,1;34,3465,0.967203;46,5043,0.990675;68,6724,0.770096;80,9393,0.765916
57,47882;291,78003,1;36,3231,0.963987;48,4794,0.989711;74,6701,0.764309;55,9496,0.763987
57,47891;292,80239,1;33,3299,0.957556;44,4968,0.990032;68,6715,0.758521;76,9634,0.763666
57,47872;279,79707,1;31,3164,0.963023;43,4688,0.993891;68,6397,0.754662;70,9235,0.762058
56,47816;283,79242,1;30,3374,0.972669;44,4853,0.986174;66,6623,0.757556;75,9399,0.76045
57,47863;283,79370,1;33,3239,0.963023;42,4871,0.990997;63,6531,0.758842;72,9163,0.761736
59,47858;285,80340,1;30,3316,0.96463;45,4952,0.992605;67,6499,0.761736;79,9447,0.762701
57,47882;318,79694,1;37,3227,0.97074;40,4705,0.992283;66,6694,0.763023;73,9307,0.763666
57,47834;320,79695,1;34,3188,0.978457;38,4473,0.991961;64,6381,0.76045;72,9069,0.763023
57,47869;320,80849,1;39,3071,0.958842;41,4424,0.988424;73,6686,0.760772;81,9729,0.759807
57,47855;296,79126,1;32,3165,0.969453;40,4545,0.987781;60,6247,0.761093;69,8933,0.756913
63,47861;318,78941,1;33,3004,0.966881;37,4353,0.990997;58,6163,0.756592;69,9073,0.760129
53,47861;319,80036,1;25,2924,0.965595;38,4265,0.98746;66,6451,0.757235;70,9076,0.760129
53,47895;300,78639,1;36,3151,0.95627;57,4857,0.989711;64,6631,0.757556;72,9414,0.762058
54,47854;318,80969,1;28,3080,0.957556;44,4770,0.991961;61,6474,0.761736;67,9107,0.766559
54,47829;312,80135,1;35,3089,0.96045;40,4545,0.988746;71,6407,0.757556;68,8885,0.763666
53,47840;318,78553,1;32,3205,0.967203;39,4600,0.99164;61,6314,0.76045;82,8690,0.764952
54,47838;313,81571,1;30,3023,0.966238;40,4347,0.988103;62,6225,0.753376;70,8766,0.757235
54,47833;262,80166,0.992283;26,2910,0.967524;42,4339,0.993569;61,6116,0.755305;68,8476,0.759807
55,47882;294,78306,1;49,3176,0.969775;44,4505,0.990032;59,6099,0.751768;67,8649,0.754662
55,47815;293,80379,1;31,2905,0.965916;38,4350,0.986817;61,6097,0.75209;66,8503,0.757878
53,47835;318,79140,1;30,3026,0.958842;41,4436,0.989389;59,5995,0.754984;77,8170,0.759486
53,47840;314,79502,1;33,2882,0.958521;35,4212,0.988746;56,5719,0.750482;64,8204,0.75627
53,47830;302,79394,1;30,2849,0.961415;35,4099,0.991961;52,5645,0.753698;60,8052,0.758842
53,47831;296,80179,1;30,3069,0.970096;38,4500,0.990354;55,5933,0.746624;63,8370,0.75209
53,47821;285,80049,1;33,2920,0.966238;40,4386,0.992926;55,5824,0.750804;67,8510,0.757235
54,47823;280,80012,1;30,2930,0.967524;39,4237,0.98746;66,6078,0.747267;68,8404,0.749518
53,47831;290,80152,1;30,3032,0.973312;42,4464,0.993569;56,5765,0.750482;64,8312,0.753376
53,47834;307,79041,1;33,3134,0.9791;42,4534,0.992926;60,6139,0.746624;78,8653,0.749196
53,47815;304,78718,1;27,2890,0.965916;36,4222,0.99164;54,5752,0.741158;61,8295,0.743087
53,47834;317,78164,1;25,2933,0.959807;39,4341,0.990354;65,6165,0.740514;68,8499,0.742122
53,47870;320,79243,1;30,3150,0.971383;41,4383,0.986495;59,5895,0.745981;68,8440,0.750482
53,47855;305,79061,1;31,2965,0.957556;41,4370,0.991318;66,6392,0.74791;72,8874,0.752412
53,47812;319,79261,1;26,2824,0.961093;35,3931,0.990997;52,5572,0.742122;63,7840,0.748232
53,47825;286,78308,1;30,2966,0.965273;41,4368,0.994534;66,6152,0.739871;67,8419,0.745981
52,47817;317,78740,1;24,2814,0.960129;35,3985,0.990997;56,5939,0.751125;64,8476,0.749839
59,47808;319,79279,1;27,2812,0.967524;33,3981,0.992283;53,5780,0.749518;69,8538,0.748232
54,47822;304,77664,1;26,2898,0.967846;34,4069,0.99164;53,5845,0.749518;63,8534,0.754019
54,47852;314,77916,1;28,2999,0.970096;38,4225,0.990032;53,5759,0.742444;60,8527,0.748875
56,47801;321,79405,1;23,2742,0.971704;32,3766,0.983601;51,5641,0.749196;58,7943,0.755305
55,47820;322,78484,1;26,2845,0.964952;36,4156,0.990675;51,5660,0.750804;54,8032,0.753698
59,47815;298,79090,1;28,2999,0.966559;36,4101,0.988103;52,5683,0.745016;61,8068,0.749196
59,47811;315,78169,1;31,2976,0.971383;35,4056,0.988103;53,5684,0.741479;61,8263,0.746624
52,47777;319,79520,1;29,2836,0.969132;36,4134,0.992605;52,5636,0.745016;57,7760,0.748875
52,47815;297,78971,1;27,2831,0.969132;35,3945,0.990997;50,5474,0.739871;56,7746,0.745016
52,47780;313,79131,1;22,2708,0.965273;34,3815,0.986174;52,5653,0.745981;58,8052,0.750804
52,47831;300,80025,1;23,2820,0.966559;35,4221,0.990997;54,5755,0.74791;59,8081,0.754662
52,47826;304,79842,1;30,2941,0.955949;39,4267,0.987781;56,5903,0.742444;61,8262,0.748875
52,47828;303,80040,1;27,3035,0.969132;35,4204,0.985852;51,5697,0.742765;61,8218,0.753055
52,47833;282,80000,1;30,2878,0.976849;34,4168,0.993569;49,5499,0.741479;54,7710,0.753698
52,47842;297,79784,1;34,2905,0.968167;43,4292,0.990997;49,5537,0.740836;57,7889,0.751768
52,47837;316,79436,1;37,3253,0.976206;42,4449,0.993248;56,6025,0.750482;64,8445,0.761093
52,47788;303,79428,1;35,2883,0.971383;38,4138,0.990675;48,5330,0.745016;54,7476,0.752733
53,47836;316,79280,1;31,2844,0.955627;41,4378,0.988746;45,5590,0.739871;38,7827,0.748553
53,47838;298,80369,1;20,2996,0.96045;37,4366,0.99164;53,5828,0.738907;61,8271,0.748553
53,47802;315,80022,1;32,3104,0.967846;37,4447,0.994212;51,5655,0.738907;64,7866,0.748553
53,47846;309,79294,1;26,2921,0.961415;44,4279,0.989711;52,5821,0.740193;60,8197,0.748553
53,47853;321,80045,1;36,3133,0.967203;38,4376,0.987138;55,5952,0.747267;64,8622,0.753698
54,47851;316,79482,1;36,3119,0.97299;47,4500,0.989389;55,5896,0.743087;65,8657,0.753055
54,47825;315,79077,1;29,2962,0.966881;38,4242,0.990032;58,6070,0.748553;68,8561,0.755305
53,47814;310,78389,0.999678;31,2891,0.975884;35,4084,0.988746;54,5659,0.743408;59,7874,0.754019
53,47833;321,79412,1;26,2752,0.966238;34,4028,0.989389;51,5709,0.743087;55,7823,0.756592
54,47810;305,78885,1;24,2943,0.972026;35,4124,0.990354;36,5656,0.742765;42,8088,0.753055
54,47842;312,78626,1;20,2805,0.960129;26,4175,0.986817;34,5733,0.742765;41,8264,0.753698
52,47804;297,79895,1;26,2863,0.963987;42,4244,0.985531;52,5665,0.742122;56,7697,0.756913
53,47827;304,78592,1;37,3058,0.961093;40,4441,0.990354;51,5694,0.746302;59,8155,0.760772
52,47814;312,80326,1;28,3017,0.973955;33,4108,0.988424;51,5655,0.742765;59,8087,0.757556
52,47808;324,79907,1;27,2798,0.966238;41,4070,0.989711;47,5332,0.743087;56,7828,0.758521
52,47837;319,78437,1;34,3119,0.967524;37,4361,0.993569;57,5882,0.73955;55,8187,0.758199
52,47848;313,80054,1;21,2898,0.962379;25,4113,0.989711;38,5883,0.745338;40,8014,0.762701
52,47841;303,79230,1;27,2885,0.965595;27,4037,0.984566;34,5519,0.748875;38,7596,0.764309
52,47816;324,78988,1;18,2987,0.967846;23,4126,0.993248;36,5703,0.753698;56,7679,0.767524
53,47837;301,78395,1;31,2854,0.964952;34,4129,0.990032;54,5898,0.753376;56,7918,0.76881
52,47823;318,79724,1;24,2878,0.964309;38,4257,0.990354;55,5765,0.744051;60,8069,0.756913
51,47859;319,79661,1;41,3016,0.96463;39,4231,0.982637;52,5811,0.745981;62,8082,0.754341
51,47831;322,80070,1;26,2922,0.969132;40,4109,0.990997;53,5582,0.749196;60,7926,0.754662
52,47839;298,79253,1;26,2824,0.963023;38,4084,0.989389;53,5794,0.748232;58,7789,0.752733
52,47841;317,79633,1;33,2899,0.966238;35,3975,0.990354;54,5792,0.742765;61,8270,0.753698
52,47754;300,79875,1;22,2625,0.972026;31,3822,0.993569;45,5243,0.744051;48,7150,0.751125
53,47784;298,78289,1;21,2538,0.965595;29,3779,0.992283;47,5389,0.744051;52,7561,0.748232
53,47825;296,78817,1;27,2791,0.968489;38,3938,0.989711;49,5383,0.744051;54,7482,0.747267
53,47818;321,79632,1;27,2879,0.967203;34,4085,0.99164;58,5664,0.74373;57,7739,0.747267
60,47829;298,79334,1;25,2845,0.973312;35,3871,0.988103;36,5644,0.746302;40,8110,0.752412
53,47799;283,77823,1;19,2833,0.974277;24,3977,0.989711;37,5768,0.743087;41,7999,0.750804
58,47848;277,78718,1;19,2984,0.964952;28,4514,0.993891;40,5854,0.742122;44,8240,0.750804
58,47815;281,79213,0.999678;22,3033,0.963666;28,4253,0.988424;36,5771,0.734084;41,8150,0.753376
58,47840;283,78911,1;22,3093,0.967203;25,4304,0.98746;38,5913,0.748553;59,8119,0.755627
58,47861;285,80117,1;31,2931,0.967846;38,4275,0.987781;50,5545,0.747588;57,7783,0.754662
56,47823;305,80097,1;30,2922,0.967524;42,4126,0.984244;51,5697,0.747588;56,7938,0.755305
58,47755;317,79211,1;26,2751,0.960129;34,4067,0.98328;50,5540,0.744051;56,7819,0.750804
58,47620;292,79593,1;24,2661,0.970096;31,3739,0.990675;47,5223,0.740836;57,7682,0.748553
56,47463;300,78962,1;22,2445,0.975241;27,3448,0.989389;45,4867,0.750161;53,6928,0.755949
58,47315;319,79750,1;22,2262,0.975563;29,3317,0.99164;40,4313,0.750804;48,6337,0.756592
58,47208;294,79724,1;21,1980,0.980707;29,2833,0.990032;44,4219,0.750161;51,6119,0.757556
58,47121;310,78451,1;22,1903,0.978778;25,2762,0.987781;36,3779,0.748553;44,5912,0.76045
59,46851;311,79644,1;20,1639,0.983601;23,2379,0.991318;37,3630,0.750804;42,5300,0.763344
58,46732;309,79522,1;22,1572,0.980707;26,2349,0.992283;36,3457,0.758199;42,5325,0.765916
49,43206;323,79824,1;24,1299,0.983601;21,1884,0.993248;27,2588,0.758199;30,4002,0.766238
46,40504;304,79483,1;27,1081,0.980707;29,1522,0.993569;20,2089,0.759164;23,3183,0.765595
40,36630;308,79531,1;12,839,0.978778;19,1127,0.99164;14,1526,0.761093;17,2269,0.767524
44,35253;325,78963,1;19,710,0.985852;13,964,0.989389;13,1400,0.759807;15,2102,0.765273
43,34487;309,79521,1;8,545,0.984566;11,774,0.990675;11,1192,0.759486;13,1790,0.765273
40,31312;317,79001,1;8,490,0.98746;11,744,0.994534;9,938,0.758521;11,1436,0.764952
32,25869;342,79144,1;5,328,0.987138;8,517,0.994534;7,749,0.759807;8,1046,0.76463
26,21595;301,78900,1;7,312,0.988746;7,435,0.994855;5,569,0.759807;6,898,0.764952
26,21143;317,78854,1;8,295,0.988746;7,403,0.993891;6,647,0.760129;7,961,0.764952
13,11366;309,79233,1;6,168,0.988746;6,231,0.994534;3,351,0.761415;4,567,0.765595
8,6423;317,79358,1;4,70,0.989068;5,123,0.995177;2,166,0.761736;2,358,0.765916
8,6710;305,80728,1;2,78,0.988746;3,123,0.994534;2,166,0.761415;2,329,0.765595
4,3273;277,78986,1;5,42,0.988746;2,39,0.994212;0,66,0.761736;1,105,0.765916
4,3567;273,79633,0.999357;3,49,0.989068;2,42,0.994212;1,94,0.761736;1,142,0.765916
4,3276;302,79561,1;4,50,0.990032;6,81,0.995498;0,64,0.761736;0,91,0.765916
