2146,2418900;1211,322347,0.985727;1213,290360,0.905545;1316,329527,0.976;1561,302179,0.924545;1385,311235,0.974364
2403,2421954;1235,324390,0.987273;971,178328,0.902727;956,220272,0.967;1167,190597,0.886909;1443,207961,0.942182
2958,2421701;1250,325742,0.988;1215,182244,0.893545;1161,223039,0.964273;1394,192876,0.889545;1397,210377,0.949
2568,2421925;1268,323751,0.983091;1243,182420,0.904364;1420,219843,0.964545;1687,192857,0.868909;1570,212136,0.948727
2782,2421540;1240,319207,0.987364;1149,176918,0.894455;1017,219171,0.964636;1338,190039,0.883273;1538,207339,0.945727
2884,2421835;1235,318165,0.990727;1320,176843,0.892818;1522,218604,0.968;1704,188716,0.896545;1398,202473,0.942091
2743,2422060;1193,320687,0.982545;1514,177062,0.903818;1058,220579,0.966545;1175,188475,0.879818;1255,205899,0.947636
2773,2421994;1157,319786,0.983273;1503,179797,0.899545;1547,221757,0.964545;1708,190814,0.881273;1377,208897,0.944636
2694,2421966;1152,316906,0.986455;1409,177974,0.905273;1385,220767,0.968091;1656,194621,0.898727;1563,205969,0.943909
2722,2421766;1147,319664,0.986727;1636,179523,0.900364;1499,220851,0.969818;1505,190512,0.890091;1255,208388,0.945091
2825,2421870;1153,320693,0.986818;1207,183852,0.897909;1439,226066,0.969182;1145,193934,0.899636;1550,210696,0.954455
2978,2421496;1159,321988,0.985182;1584,180105,0.908909;1529,221473,0.968;1671,190646,0.895909;1629,204935,0.954182
2778,2422026;1161,320240,0.989;1655,181512,0.908364;1581,223535,0.973455;1734,189444,0.900636;1710,205438,0.944091
2905,2421942;1146,320879,0.986364;1610,181994,0.906909;1534,221858,0.962727;1650,188497,0.878455;1747,205166,0.946091
3098,2422166;1143,319889,0.986364;1584,179545,0.897273;1575,222656,0.976727;1726,192253,0.904727;1742,208965,0.954909
2863,2421965;1143,319673,0.986182;1647,178842,0.910545;1571,219104,0.968364;1795,190423,0.899818;1703,207561,0.958182
2939,2421511;1166,320949,0.990091;1688,178213,0.9;1569,221279,0.971364;1723,190557,0.894091;1710,205425,0.959364
2890,2421688;1146,318492,0.982909;1568,177879,0.903;1572,221218,0.972455;1709,190417,0.900727;1704,206206,0.941455
3040,2421961;1144,317409,0.985818;1472,177805,0.898273;1156,218635,0.967;1660,189145,0.912091;1682,204894,0.944455
3047,2421449;1160,319976,0.980909;1544,175805,0.899364;1520,217546,0.966273;1687,189036,0.896909;1652,201812,0.939545
3205,2421702;1148,319031,0.988909;1521,175793,0.901091;1439,219547,0.975273;1649,191326,0.897818;1613,205596,0.941364
3116,2421439;1154,320685,0.989273;1528,180899,0.893818;1488,220489,0.971273;1671,190963,0.907273;1681,207615,0.956545
3291,2421905;1131,318688,0.985818;1581,178558,0.898909;1539,219711,0.966273;1738,190365,0.897182;1690,206269,0.956
3217,2421826;1179,320298,0.986455;1522,176626,0.897545;1514,217158,0.971455;1715,189522,0.882909;1723,206399,0.949455
2909,2421356;1165,318376,0.988727;1554,176051,0.904091;1493,215437,0.975545;1681,187492,0.895182;1660,203594,0.946909
3324,2421868;1180,321612,0.989;1606,177441,0.897818;1526,217691,0.968182;1709,189301,0.882727;1701,207122,0.945182
3116,2422009;1170,318766,0.985364;1556,177462,0.895818;1560,218514,0.972545;1786,189805,0.884818;1727,207759,0.953091
3645,2421641;1182,319741,0.987818;1511,178714,0.891;1562,219083,0.971182;1683,189979,0.887182;1650,204649,0.949818
3178,2421728;1177,321270,0.985091;1594,178911,0.901182;1104,218424,0.969818;1591,190347,0.886909;1702,205711,0.942545
2961,2422026;1166,318724,0.987455;1632,178622,0.913182;1595,218810,0.965364;1746,188721,0.888545;1707,205856,0.946091
3052,2421562;1169,318926,0.987364;1560,174805,0.901545;1506,215054,0.963636;1593,187228,0.882818;1148,203959,0.948364
2917,2421503;1173,318734,0.985545;1528,177554,0.905727;1554,218965,0.965364;1715,189577,0.886545;1745,207718,0.953
2999,2421620;1174,316923,0.988182;1594,175245,0.899545;1530,214984,0.969818;1685,186115,0.881727;1685,203350,0.953545
3162,2421283;1159,315677,0.983636;1573,177405,0.907455;1577,213465,0.972;1732,184681,0.891545;1654,199681,0.949273
3133,2421866;1166,318205,0.984909;1136,173438,0.900182;1409,214956,0.973455;1267,189579,0.886455;1117,201085,0.950273
3761,2421416;1160,317941,0.986273;1046,174111,0.897273;1033,213225,0.971182;1265,186297,0.876273;1690,202493,0.959909
2861,2421106;1249,319068,0.988818;1503,170410,0.894455;1497,210116,0.961455;1671,186275,0.885545;1643,197729,0.946727
3021,2421354;1519,318166,0.988818;1571,173005,0.903273;1476,212219,0.972545;1691,187609,0.900364;1461,198858,0.945273
3061,2421747;1210,316289,0.985455;1384,171727,0.893;1459,211515,0.970636;1664,185872,0.891818;1647,201505,0.951909
3181,2421845;1223,316861,0.989364;1445,170759,0.903909;1479,211049,0.968091;1692,185861,0.887545;1676,199848,0.952636
2969,2422036;1221,315921,0.989545;1473,168917,0.902364;1525,211044,0.968909;1174,183996,0.879636;1157,197350,0.948727
3280,2420830;1267,318602,0.990182;1487,171093,0.904818;1518,211250,0.969545;1708,187748,0.890182;1677,198267,0.952182
3322,2421787;1235,318395,0.981545;1508,171249,0.898273;1494,209642,0.971364;1620,180224,0.879455;1629,198452,0.947818
3691,2420734;1217,316973,0.982727;1490,167727,0.894364;1592,206126,0.969;1689,182490,0.889636;1608,193952,0.948455
3138,2420111;1219,315759,0.987545;1020,168704,0.896;977,205113,0.968455;1704,186149,0.890455;1654,195824,0.945545
3051,2421465;1219,314438,0.986818;1499,168764,0.900909;1486,208181,0.967273;1658,182000,0.895273;1620,196271,0.942364
3022,2421447;1235,316048,0.982364;1257,166716,0.889455;1024,207359,0.970364;1104,180664,0.897;1099,195320,0.943091
2959,2421321;1216,315628,0.984636;978,165437,0.896636;1011,204207,0.966909;1101,178984,0.884818;1101,194835,0.944091
3111,2420454;1219,315984,0.988364;1385,160109,0.901909;1465,199942,0.965636;1633,177837,0.901091;1618,191664,0.935364
2860,2399859;1218,315799,0.987455;1320,136232,0.887;1253,170892,0.965091;1359,150470,0.884636;1433,167745,0.931273
2733,2333869;1213,313719,0.988364;1067,109851,0.903364;1037,138031,0.963909;1106,123081,0.884455;1152,136991,0.931
2360,2117011;1223,315129,0.986727;790,83004,0.905182;817,105728,0.959273;728,93613,0.884364;604,104976,0.927727
2524,1745096;1218,313624,0.985455;402,53271,0.905455;383,70800,0.961273;346,62503,0.882727;382,70665,0.925636
1866,1281175;1203,314809,0.988545;308,32158,0.913545;265,43447,0.960091;205,36591,0.887273;243,45384,0.916727
1300,901375;1208,315226,0.989727;221,21131,0.919455;236,27992,0.959;136,24567,0.890636;158,29450,0.920182
873,591261;1203,313894,0.984091;174,12333,0.922636;176,17254,0.963091;80,14893,0.889909;92,17954,0.917909
364,241898;1165,316189,0.985091;104,4465,0.925818;98,7139,0.963818;29,5525,0.888;34,6956,0.916091
207,132144;1158,315372,0.982182;127,2697,0.924364;111,3462,0.964182;13,2738,0.889909;15,3341,0.917091
75,50254;1165,315444,0.986545;108,852,0.924182;62,1123,0.964182;5,885,0.890091;6,1193,0.917273
