478,280875;318,82570,0.983467;240,45427,0.957867;301,56373,0.982667;302,44533,0.954133;280,46180,0.951733
462,262218;390,81464,0.970933;39,7116,0.959733;50,9108,0.984;55,8790,0.951467;55,9191,0.949867
451,257246;386,81259,0.982933;56,6958,0.966133;62,8706,0.984533;69,8630,0.9512;54,9256,0.953333
451,255568;384,81397,0.979733;57,6785,0.9696;56,8494,0.985867;53,8498,0.9536;55,9078,0.958133
458,260152;384,81570,0.978133;54,7353,0.964533;71,9040,0.9856;56,9061,0.953067;58,9774,0.956
449,254266;385,82145,0.980533;65,6825,0.964267;55,8029,0.982133;48,8077,0.949067;54,9061,0.953867
445,251992;390,81047,0.965333;58,7017,0.9672;67,8999,0.9848;50,8546,0.9456;53,9474,0.955733
447,253560;381,81361,0.972267;56,6682,0.969867;60,7973,0.989867;46,8080,0.949067;47,8691,0.9512
459,261303;381,80710,0.979733;63,7318,0.966667;63,8934,0.9848;53,8677,0.9408;59,9846,0.948533
446,253419;384,81502,0.974133;64,6690,0.968267;63,8200,0.9864;49,8179,0.942133;54,9079,0.950933
460,261098;385,81321,0.9784;67,7265,0.9728;69,8795,0.981333;36,8649,0.945867;33,9207,0.948
459,260896;385,81746,0.971733;34,6955,0.970133;39,8564,0.981333;31,8534,0.944533;34,9509,0.949067
453,257047;380,80753,0.971467;34,6497,0.973867;39,8038,0.980533;29,8001,0.948533;31,8792,0.954667
468,263962;379,80377,0.981333;55,6751,0.9704;58,8494,0.979733;43,8511,0.950133;56,9376,0.954667
435,246777;384,81422,0.9728;51,6102,0.971733;54,7271,0.981067;47,7529,0.954667;48,8201,0.957867
466,263625;381,81385,0.969867;51,7039,0.973067;55,8514,0.9816;50,8597,0.954933;55,9482,0.957067
458,259512;376,80073,0.9712;53,6807,0.974933;58,8126,0.982667;46,8115,0.958133;52,9162,0.9624
468,263307;375,79905,0.9744;48,7038,0.9736;71,8723,0.980267;51,8622,0.954133;58,9904,0.959467
458,258729;380,80715,0.982667;58,6680,0.970667;70,8043,0.976;50,8171,0.951467;50,8896,0.956533
449,255100;381,80548,0.976533;56,6619,0.9704;81,8129,0.9776;46,7888,0.952533;49,8760,0.957867
468,264421;380,80504,0.970133;57,7262,0.9728;73,9090,0.977867;55,8852,0.951467;59,9760,0.9552
458,259515;388,81102,0.9728;56,6934,0.973333;61,8444,0.977067;53,8399,0.950667;54,9123,0.9528
465,263111;385,80292,0.9736;52,6925,0.971733;73,8593,0.9792;49,8413,0.949333;52,9193,0.954133
459,259084;376,80185,0.974133;54,6812,0.9752;54,7953,0.98;47,8199,0.950667;50,8948,0.951733
466,261861;378,79813,0.980533;57,6796,0.977067;58,8399,0.985867;47,8233,0.9552;50,9033,0.958133
463,260116;382,80036,0.9736;51,6880,0.9768;67,8781,0.985333;47,8433,0.9504;54,9546,0.956533
462,257881;376,80020,0.979733;54,6847,0.974933;55,7962,0.985333;46,8217,0.952267;51,9304,0.954667
468,262584;384,80433,0.982133;58,6925,0.978933;61,8417,0.984267;48,8479,0.952;49,9248,0.9544
472,263651;379,79371,0.971467;51,7080,0.978933;36,8437,0.9832;30,8432,0.953333;32,9202,0.953333
468,261440;390,81917,0.973067;37,7020,0.976267;44,8671,0.979733;33,8714,0.956533;34,9398,0.960533
484,265546;381,80796,0.974667;35,7244,0.979467;40,8830,0.981867;32,8664,0.956;34,9405,0.960533
475,253561;383,80854,0.9776;35,6622,0.975733;39,8291,0.982933;31,8232,0.950933;32,9021,0.954933
504,261471;386,80446,0.968267;30,6730,0.973067;37,8055,0.982667;29,8065,0.9488;31,8919,0.9536
526,266807;368,80873,0.9784;29,6936,0.974133;33,8203,0.981867;31,8596,0.950667;34,9502,0.955467
487,257072;224,81190,0.9656;31,6637,0.969333;34,7899,0.978133;30,8043,0.9488;30,8720,0.9528
475,252666;220,80590,0.972267;49,6408,0.9736;59,8073,0.9784;51,7976,0.9504;54,8859,0.953867
495,262776;224,80823,0.9768;58,7203,0.9776;66,8691,0.985333;54,8683,0.954933;57,9428,0.9584
473,251994;225,81549,0.974933;46,6415,0.9768;69,8133,0.982933;48,7809,0.950933;52,8740,0.958667
478,254717;222,79969,0.9616;60,6774,0.9752;68,8203,0.983467;53,8249,0.942933;58,9253,0.9536
495,264193;225,82213,0.969067;64,7265,0.9776;73,8855,0.983467;56,8617,0.943733;57,9491,0.957067
496,265706;224,81308,0.972267;57,7065,0.978133;59,8522,0.982133;53,8588,0.9432;59,9628,0.9568
479,258153;224,80813,0.9712;35,6929,0.978667;47,8337,0.9816;30,8135,0.945867;33,9137,0.9568
483,259934;224,80950,0.981067;30,6767,0.9792;36,8341,0.982933;31,8420,0.947467;32,9183,0.958667
474,260161;223,80830,0.974667;35,6661,0.9808;36,7939,0.979467;29,8165,0.9456;32,9174,0.957867
507,262556;225,81375,0.967467;31,6739,0.9792;34,7952,0.976267;30,8199,0.9424;33,9269,0.953867
494,256837;221,81040,0.980533;40,6560,0.9744;36,8071,0.9784;30,8274,0.939467;31,9116,0.950933
531,257706;226,81466,0.9768;60,6764,0.973067;59,8380,0.978667;46,8145,0.9368;52,9165,0.952267
508,260282;354,81088,0.964533;49,6578,0.9728;55,8089,0.9776;46,8366,0.9352;31,9206,0.951733
488,263708;355,80899,0.9728;63,6988,0.977067;54,8333,0.985067;49,8332,0.945333;51,9142,0.954667
474,259322;360,81225,0.976533;47,6620,0.971733;54,8035,0.981333;48,7971,0.942133;50,8765,0.952267
463,256203;356,80124,0.978933;52,6452,0.9728;58,7939,0.978933;47,8005,0.941333;52,8956,0.952267
463,258111;386,80831,0.9768;71,6752,0.9744;58,8006,0.9792;48,8090,0.940267;51,9066,0.955467
475,265362;383,80768,0.972533;53,6935,0.976;64,8333,0.98;50,8548,0.9432;53,9466,0.959733
455,254925;392,81658,0.9776;46,6550,0.974933;55,8027,0.979467;46,7815,0.94;51,8730,0.956533
449,252880;377,79447,0.973867;48,6521,0.9768;65,7881,0.9816;49,7906,0.9432;53,8789,0.9552
461,259134;386,81540,0.974133;50,6681,0.977067;55,8194,0.981867;48,8046,0.9424;53,8952,0.9528
467,262955;387,81785,0.957067;63,6829,0.973067;58,8437,0.977333;48,8361,0.94;52,9333,0.950667
469,264148;378,80420,0.978667;60,7017,0.968533;63,8320,0.974933;48,8448,0.9384;53,9455,0.948
475,268359;386,80708,0.976;49,7194,0.969333;62,8779,0.979733;51,8843,0.943733;56,10017,0.950933
465,262595;381,80896,0.975733;46,6787,0.969067;60,8132,0.980533;45,8095,0.944267;51,9068,0.9528
458,258113;391,81698,0.960267;50,6733,0.967733;52,8123,0.9808;49,8084,0.9424;53,9120,0.952533
461,260107;357,80330,0.970667;67,6771,0.9696;64,8399,0.98;41,8410,0.943467;55,9145,0.951733
453,255347;363,81671,0.9728;56,6532,0.970933;57,7874,0.980533;44,7721,0.940267;45,8793,0.947733
464,262750;360,81662,0.9832;51,6893,0.9768;62,8508,0.980267;52,8455,0.942933;56,9644,0.949867
464,262765;357,81112,0.9808;60,6877,0.981867;59,8381,0.982133;47,8194,0.938133;52,9286,0.948
455,257456;355,80883,0.975467;46,6614,0.984267;43,8214,0.983733;47,8164,0.942133;50,8960,0.9512
469,264831;355,80458,0.971467;48,6829,0.979733;46,8417,0.984267;41,8558,0.9416;49,9391,0.949867
451,255763;359,81139,0.975467;40,6288,0.979733;58,7663,0.985067;42,7906,0.945867;45,8720,0.954133
458,259321;357,80509,0.9744;46,6791,0.977067;68,8422,0.987733;49,8405,0.947733;54,9470,0.954133
460,260115;363,81482,0.974933;43,6670,0.9768;51,8041,0.987467;48,8313,0.947467;50,9088,0.952267
457,258537;370,80278,0.9832;42,6514,0.975733;53,8019,0.9856;45,8023,0.9464;48,8882,0.949333
463,260870;387,80304,0.9784;46,6746,0.974933;53,8286,0.984533;47,8380,0.9392;50,9206,0.944533
464,262209;380,80778,0.980533;47,6769,0.978133;52,8038,0.985867;50,8513,0.94;51,9131,0.947467
463,262245;375,80023,0.974133;66,7140,0.974667;62,8672,0.987467;49,8543,0.935733;55,9613,0.946933
465,263319;379,80673,0.9696;51,6923,0.977067;65,8488,0.990667;47,8435,0.9384;52,9492,0.9456
471,265588;391,82773,0.972267;54,7432,0.973333;57,8738,0.986933;54,9189,0.935733;50,10002,0.944533
460,260108;385,80311,0.978133;49,6747,0.972267;61,8367,0.9856;49,8266,0.941067;53,9298,0.948533
459,258895;386,81298,0.979467;58,6544,0.970133;60,8021,0.9792;49,8252,0.9376;53,9357,0.9392
464,261824;383,80964,0.9696;45,6891,0.971733;58,8501,0.98;48,8395,0.934667;53,9555,0.939467
460,259713;383,81234,0.983733;47,6801,0.972267;56,8346,0.980267;47,8352,0.939467;52,9366,0.9368
455,257089;385,81848,0.974667;65,6931,0.9704;63,8367,0.980533;49,8414,0.9352;54,9532,0.9448
456,257878;389,81138,0.9664;59,6769,0.976267;59,8313,0.981333;47,8037,0.9336;52,9166,0.942933
455,255814;375,79415,0.978133;57,6577,0.978667;52,7844,0.9832;46,7832,0.934133;39,8938,0.9424
469,265050;390,82362,0.982667;46,6892,0.9744;57,8335,0.978667;47,8540,0.929867;53,9307,0.940267
456,257918;378,80038,0.976533;47,6610,0.9752;49,7822,0.979733;43,7928,0.929067;48,8874,0.940267
439,248862;382,81061,0.972267;44,6326,0.967733;66,7998,0.975733;48,8095,0.932;52,8945,0.9392
464,262028;388,80235,0.972;47,6840,0.972267;52,8194,0.9752;46,8076,0.9328;50,9110,0.938933
456,255842;331,80330,0.975733;77,6967,0.9704;59,8510,0.975467;48,8272,0.924;54,9466,0.938133
458,256017;225,80735,0.973067;47,6673,0.969333;77,8490,0.9696;50,8422,0.918933;54,9403,0.936
468,261275;224,82099,0.967733;47,6896,0.9664;58,8526,0.9728;50,8584,0.922667;54,9484,0.935733
472,263886;223,81030,0.9808;56,7317,0.968533;62,8796,0.975467;53,8886,0.922933;57,9798,0.932
478,258301;218,79188,0.970933;49,6668,0.968267;60,8164,0.974933;45,8022,0.9256;52,8922,0.933067
479,255149;219,80528,0.966933;40,6549,0.968267;48,8141,0.9776;50,8165,0.924;55,9387,0.932533
502,262229;226,81841,0.964;59,7326,0.966133;62,9063,0.974133;56,9102,0.9184;60,10022,0.925067
515,260884;223,81267,0.976;54,6763,0.966133;63,8164,0.978933;48,8278,0.9192;45,9234,0.9248
495,261101;220,80589,0.971733;53,7217,0.9616;63,9031,0.98;54,8796,0.912267;59,10004,0.921333
494,262777;220,79932,0.973067;54,7046,0.964267;68,8953,0.982133;52,8777,0.912533;57,9847,0.921867
490,259702;225,82088,0.9712;51,6993,0.967733;65,8834,0.981333;57,8913,0.908267;59,9957,0.9264
485,257909;224,81602,0.9768;60,7059,0.967733;58,8643,0.978933;52,8646,0.909867;58,9701,0.930933
491,260926;221,80237,0.974133;58,7484,0.9688;69,9242,0.9792;56,9243,0.915467;60,10235,0.930133
487,259143;222,80547,0.960267;43,6925,0.970133;59,8698,0.98;52,8580,0.913067;34,9488,0.932533
483,258130;222,80823,0.975733;34,6975,0.967733;63,8719,0.9784;56,9086,0.925067;61,9990,0.927733
484,260333;225,82005,0.9824;60,6860,0.963733;74,8550,0.976533;51,8531,0.923467;57,9616,0.9264
483,258556;226,82003,0.970933;57,7113,0.961867;66,8682,0.973867;56,8911,0.9176;59,9867,0.922133
477,257727;224,82100,0.9712;56,7124,0.9624;69,9021,0.974933;54,8983,0.918667;59,10021,0.923733
414,258336;394,82716,0.9712;55,6951,0.9608;65,8598,0.972267;54,8384,0.9112;60,9524,0.918133
465,257778;393,81593,0.976533;64,7505,0.956;83,9632,0.969067;62,9223,0.904267;68,10619,0.914933
476,261750;382,80749,0.968267;67,8054,0.9528;81,10051,0.962133;68,9927,0.8904;70,10799,0.902133
469,254778;390,81880,0.9672;66,7618,0.950133;82,9920,0.969067;59,9557,0.896267;61,10623,0.909867
485,258831;387,82249,0.9744;61,7936,0.956267;72,9623,0.969867;56,9523,0.896533;64,10885,0.911733
489,261148;385,82110,0.9688;61,7901,0.954667;77,10511,0.9648;60,9664,0.891733;66,10915,0.906667
482,257775;381,80880,0.966133;75,7448,0.955733;68,9663,0.9696;56,9201,0.889067;62,10654,0.9008
474,254498;389,82135,0.978667;60,7107,0.9632;60,8620,0.972;52,8847,0.897867;56,9911,0.909067
479,257177;392,82849,0.9768;58,7759,0.96;72,9808,0.969333;60,9581,0.901867;67,10672,0.918133
484,260937;387,81173,0.979733;88,7612,0.961067;90,9962,0.966667;60,9743,0.9056;60,10421,0.916267
495,261349;390,82264,0.972533;61,7487,0.962933;65,9459,0.964533;57,9087,0.9064;63,10403,0.916267
470,262466;389,82180,0.965867;63,8040,0.953867;77,10254,0.962133;67,10206,0.894133;68,11372,0.911467
473,263878;393,82927,0.975733;65,7978,0.9504;65,10081,0.962933;61,9713,0.884267;66,11016,0.905867
455,253408;392,83047,0.978933;69,7588,0.951733;92,9888,0.959467;58,9173,0.881067;61,10223,0.903733
461,257146;387,81982,0.966667;73,7765,0.957333;70,9510,0.9568;60,9564,0.8768;62,10333,0.895467
461,255010;394,82767,0.9648;65,7567,0.961067;69,9718,0.9696;59,9470,0.882933;64,10567,0.8984
471,257591;391,82540,0.9712;76,8244,0.9496;76,10647,0.965333;62,9837,0.878133;43,11142,0.889067
468,256140;389,82519,0.9632;41,7860,0.9456;51,10300,0.963733;38,9484,0.873867;44,11336,0.888267
488,260191;388,82218,0.9584;54,8779,0.948;75,11033,0.959733;67,10416,0.870133;74,11894,0.888267
484,259599;394,82238,0.952267;69,8340,0.9432;108,11358,0.958933;66,10250,0.868533;73,11711,0.890133
480,255825;388,82231,0.970133;60,7799,0.942133;71,9981,0.9696;59,9341,0.867467;64,10380,0.886933
486,258829;391,82673,0.9752;100,8104,0.9464;73,10275,0.9688;61,9584,0.873067;73,11791,0.8936
490,260426;389,82148,0.965067;67,8281,0.932;77,10302,0.9544;62,9831,0.860267;69,11350,0.8816
486,260857;391,83201,0.969867;87,8903,0.931467;87,11849,0.946133;73,11086,0.859733;79,12547,0.8824
496,260080;391,82294,0.976267;73,8860,0.94;78,11128,0.953867;72,10764,0.8784;78,12248,0.891733
489,257591;397,83859,0.969067;81,9412,0.941333;89,12213,0.957333;72,10811,0.8768;62,12894,0.893867
476,265149;386,81681,0.973867;74,9248,0.946667;96,12067,0.965067;70,10753,0.8768;83,13225,0.8872
517,267655;394,83181,0.966133;70,8401,0.9448;87,10682,0.964;64,10405,0.878933;73,12045,0.890667
468,263391;390,82804,0.963733;67,8375,0.948267;83,11239,0.964533;65,10003,0.871467;73,11783,0.886133
462,260086;391,82675,0.977333;84,8469,0.946133;79,11192,0.9648;68,10406,0.876;76,12177,0.8936
461,259211;391,82694,0.977867;78,8717,0.944267;76,10858,0.967467;68,10386,0.8792;78,12267,0.893867
454,256535;387,82609,0.977067;62,7963,0.941333;83,10852,0.963733;66,9998,0.8744;73,11744,0.886133
462,258639;399,83356,0.978133;67,8719,0.948;79,10915,0.9608;68,10309,0.8736;75,12062,0.8912
457,255499;384,82044,0.972;70,8604,0.944533;80,11626,0.9544;74,10698,0.8736;81,12323,0.8864
463,260069;391,82947,0.9744;65,8412,0.9384;76,10710,0.9464;70,10612,0.876267;75,11719,0.880267
465,260402;394,83321,0.982667;88,8656,0.9464;84,10745,0.951467;67,10265,0.872;73,11854,0.885333
466,260044;394,83931,0.973333;89,8590,0.9536;139,10773,0.961867;94,10749,0.882933;94,11451,0.8904
475,265839;391,83261,0.980533;104,8950,0.949867;89,11220,0.96;96,11152,0.878667;105,12947,0.890133
468,261907;392,82537,0.977867;93,8690,0.9472;104,11127,0.9608;91,10752,0.874933;99,12164,0.8848
464,258381;396,83876,0.967467;88,7961,0.944;97,10509,0.9664;82,9775,0.8632;43,11315,0.875733
465,259211;389,82598,0.970933;44,7921,0.9488;51,10349,0.966133;43,10128,0.862133;47,11455,0.8824
464,255473;393,82696,0.964267;80,8777,0.944533;87,10980,0.9624;71,10313,0.863733;100,11724,0.8872
470,258424;393,82867,0.964;105,8450,0.9448;102,10913,0.9584;97,11046,0.875733;101,12193,0.876533
474,256064;394,83311,0.9616;63,8017,0.940533;81,10005,0.960533;67,10095,0.874933;76,11762,0.885333
471,254799;389,82099,0.9632;69,8509,0.948533;131,10794,0.966933;67,9960,0.878933;77,12109,0.893067
500,264621;393,83171,0.964267;73,9017,0.949067;85,11499,0.9648;71,10727,0.870933;78,12362,0.889067
488,258176;395,83129,0.9568;70,8212,0.953067;79,10712,0.959733;68,10338,0.876267;69,11347,0.890933
538,256119;393,82483,0.963733;83,8952,0.9504;96,11539,0.961067;74,10681,0.8728;82,12640,0.893067
480,257329;389,82299,0.974133;94,8341,0.950933;75,10522,0.954133;41,10209,0.870133;45,11651,0.8928
497,260764;388,82206,0.969067;65,8534,0.9432;90,11471,0.959467;74,10668,0.864533;72,11560,0.880267
492,259164;393,82893,0.973067;66,7892,0.941333;80,10216,0.961867;64,9981,0.871733;69,11210,0.885333
490,257608;398,84365,0.98;70,8700,0.942933;81,11284,0.957867;73,10889,0.8744;70,12120,0.8808
487,256942;400,84567,0.9712;70,8382,0.937333;78,10490,0.961867;68,9802,0.8712;70,11841,0.875467
509,268872;388,82070,0.964533;80,9029,0.9384;103,12123,0.969333;77,11569,0.875733;78,12452,0.881333
500,265482;391,83015,0.977333;75,8730,0.944533;80,10781,0.962933;70,10665,0.868533;76,12024,0.8816
501,266728;386,81515,0.956533;86,9189,0.9432;78,11126,0.957867;72,10990,0.869867;74,12038,0.879467
483,257385;389,82295,0.964267;69,8159,0.942933;76,10456,0.958133;60,9862,0.867467;68,11286,0.884533
479,260777;392,83293,0.968267;88,8877,0.941867;76,10670,0.961867;64,10134,0.8712;72,11519,0.8776
526,267117;392,83055,0.967733;72,9175,0.937333;86,12298,0.9496;87,11512,0.8512;84,12921,0.877067
514,261175;390,82351,0.971467;67,8592,0.923467;86,11046,0.960267;73,10916,0.856;78,12224,0.8784
533,258763;391,82704,0.955733;66,7942,0.927467;72,9571,0.958133;38,9592,0.853333;40,10700,0.8824
512,263194;391,82773,0.9688;74,8841,0.940533;72,10755,0.956533;64,10339,0.854133;72,11759,0.881067
474,254796;396,83658,0.956267;62,8036,0.931467;73,10095,0.9472;58,9976,0.860267;63,11091,0.869067
476,260638;402,84016,0.951467;79,9046,0.934133;87,11656,0.941067;73,10960,0.8544;80,12389,0.8664
479,264249;393,83036,0.969067;66,8499,0.928267;82,11476,0.9384;70,10549,0.845867;76,11942,0.857067
466,257991;394,83090,0.965867;69,8253,0.9272;86,10702,0.9496;65,9884,0.8488;71,11463,0.8704
472,262501;389,82403,0.966133;75,9192,0.935467;89,11835,0.953867;75,11144,0.850133;83,13033,0.8736
473,261849;395,84615,0.960533;88,10122,0.941067;104,13128,0.951733;77,11677,0.850933;91,14165,0.867733
466,258327;364,82403,0.972267;64,7923,0.945867;78,10247,0.954133;64,9990,0.856;69,11411,0.876267
472,262126;368,83158,0.956533;77,9217,0.954667;87,11594,0.960267;72,10950,0.8592;76,12353,0.8752
460,256806;360,82332,0.953867;75,8986,0.944267;86,11723,0.9472;75,11130,0.852;83,13030,0.8784
469,261187;361,82111,0.967733;82,8993,0.935733;80,11564,0.961867;69,10489,0.8536;78,12315,0.878667
460,256943;362,82071,0.966133;78,8421,0.945867;89,11293,0.969333;68,10356,0.853067;76,11803,0.8768
464,259170;368,83548,0.972;61,8074,0.941867;75,10265,0.9736;66,10154,0.856533;68,11139,0.8776
462,257150;364,82328,0.955733;70,7941,0.938667;78,10265,0.9656;51,10242,0.866133;73,11363,0.881333
457,255855;372,83537,0.966133;93,8432,0.934667;97,10736,0.961867;68,10144,0.864;73,11353,0.876
477,267357;362,81809,0.964267;74,8796,0.931467;81,10737,0.9568;69,10591,0.855733;76,12157,0.874133
466,259996;395,83201,0.961333;74,8840,0.927733;102,11893,0.952533;75,11178,0.8432;80,12639,0.861333
475,265453;393,83014,0.959467;68,8876,0.933067;82,11916,0.962133;71,10974,0.8512;81,12933,0.8656
467,261565;389,82687,0.974133;76,9096,0.932;84,11720,0.965333;72,11101,0.854133;81,13015,0.876
462,258020;391,83825,0.973867;72,8816,0.935733;83,11275,0.970133;68,10288,0.857067;67,12467,0.885067
473,263569;391,82491,0.970667;67,9236,0.934667;83,11718,0.9696;74,11002,0.8592;78,12209,0.879733
466,259565;390,82571,0.970667;76,8520,0.938133;79,10856,0.961867;65,10064,0.8496;73,11647,0.8728
466,260159;390,82748,0.965333;72,8576,0.9408;78,11042,0.9592;74,11037,0.851733;79,12660,0.8768
460,256095;392,83190,0.973867;94,8688,0.941067;89,11293,0.963467;68,10476,0.8544;76,12468,0.884
463,257778;387,81943,0.962667;70,8981,0.941867;78,11244,0.958933;68,10624,0.854933;76,12489,0.889867
463,258846;392,82806,0.976;69,8796,0.943733;71,11566,0.962667;76,11313,0.863733;79,12606,0.887733
481,267083;397,83474,0.953333;69,8941,0.944533;84,11929,0.968267;74,11263,0.858933;80,13069,0.883733
462,258744;387,82236,0.9472;70,8247,0.9352;77,10520,0.9496;56,10136,0.8496;43,11540,0.886667
459,256450;389,83179,0.969867;50,8798,0.9392;61,11181,0.949067;44,10589,0.848533;48,12068,0.877867
457,254350;393,82940,0.964267;51,8545,0.927733;99,11959,0.963467;72,10455,0.851467;80,12311,0.864267
468,261164;394,83945,0.959467;69,8684,0.912533;87,11236,0.955733;62,10425,0.848267;79,12388,0.852
472,263487;383,83461,0.964533;70,8938,0.928;96,11588,0.955733;72,10837,0.850933;81,12765,0.8544
460,257085;372,84633,0.968267;72,8012,0.928;60,10369,0.957333;63,9704,0.8528;70,11238,0.862933
479,267001;367,82768,0.9656;67,8715,0.937067;86,10921,0.9504;65,10342,0.852533;72,12271,0.8704
465,259953;365,82924,0.969333;67,8391,0.9352;83,11116,0.951733;66,10354,0.844267;73,11780,0.868533
475,263720;362,82196,0.974133;72,8712,0.930133;92,11930,0.941333;73,11306,0.852533;80,12839,0.8792
460,255805;363,83234,0.971733;70,8373,0.9352;70,10810,0.948;70,10288,0.861867;76,11951,0.881867
464,258983;362,83808,0.973067;72,8178,0.931733;76,10680,0.951733;67,10253,0.854933;77,11784,0.875467
473,263002;363,82818,0.969067;71,8772,0.9344;82,10743,0.954933;74,10638,0.8512;84,12217,0.876267
464,256214;361,81619,0.9608;71,7776,0.940267;92,10010,0.96;63,9737,0.860267;68,11036,0.8792
472,261354;375,83810,0.964533;67,8797,0.939467;76,11332,0.96;66,10532,0.8456;78,12582,0.863733
477,261899;369,83617,0.962933;70,8601,0.9416;87,11554,0.952533;73,10838,0.845867;76,12305,0.868
475,256018;372,84920,0.965867;68,7895,0.935467;68,10076,0.957867;64,9917,0.845333;86,11515,0.876533
499,265660;370,83605,0.969333;132,9644,0.932267;94,12874,0.9472;80,11652,0.843733;88,13595,0.875733
496,260960;365,83153,0.970133;94,8965,0.930133;91,11061,0.951467;67,10318,0.836533;83,12790,0.879467
529,257782;369,83997,0.9664;73,8712,0.924533;83,11696,0.950933;74,11076,0.826933;80,12558,0.871733
491,258201;371,83580,0.955733;83,9251,0.9368;83,11363,0.9496;60,10505,0.831467;81,12109,0.869067
504,265962;367,83058,0.973333;83,8981,0.944533;92,11758,0.950933;47,10881,0.838933;77,12046,0.872267
494,259007;379,84768,0.969333;106,8827,0.94;91,11696,0.945067;72,10795,0.828;79,12427,0.858933
505,265923;369,83431,0.968;74,8929,0.937067;87,11162,0.937867;70,10790,0.8264;76,12229,0.857067
481,254552;372,83281,0.965867;69,8273,0.9424;88,10838,0.9544;66,9651,0.829867;76,11603,0.864
496,262453;369,84361,0.972;76,8388,0.934933;86,10962,0.954667;62,10554,0.833867;47,11850,0.867467
496,261356;370,83908,0.973333;48,8469,0.929067;56,11058,0.961867;45,10530,0.8304;78,12443,0.876533
490,261289;368,83655,0.983733;82,8851,0.933867;80,11049,0.9648;63,9900,0.841867;71,11489,0.878133
485,260041;366,83328,0.966933;70,8801,0.933067;93,11805,0.962667;75,11223,0.8464;82,12920,0.8864
488,258764;372,83626,0.962133;74,8187,0.9272;78,10428,0.957333;65,10265,0.84;50,11768,0.8752
503,256252;374,84050,0.9656;53,8227,0.938667;53,10353,0.9616;66,9915,0.8488;58,11042,0.8712
510,255433;374,83670,0.969867;69,8286,0.930667;77,10465,0.9704;66,10211,0.849867;76,12128,0.8736
546,268578;362,81666,0.9544;96,8814,0.929067;80,11478,0.957333;69,10741,0.8456;78,12432,0.871733
508,263210;361,81988,0.964267;65,8534,0.94;83,11030,0.9576;66,10409,0.850133;74,12055,0.878133
473,256084;361,82507,0.9712;65,8152,0.955733;72,10452,0.9648;59,10161,0.854933;70,11605,0.884267
483,263032;362,81717,0.9712;67,8567,0.9472;80,10994,0.962667;66,10297,0.857333;74,12032,0.885333
481,264087;364,82463,0.961333;68,8848,0.956267;83,10956,0.957333;70,10518,0.8528;79,12304,0.8872
476,262326;234,83146,0.968;69,8464,0.9504;98,10802,0.9528;74,10428,0.845333;80,11840,0.877333
479,265087;226,82750,0.9744;90,8625,0.955733;91,11199,0.956533;74,10416,0.853867;77,12374,0.882933
475,263515;226,81986,0.980533;44,7977,0.9456;50,10506,0.949867;40,10093,0.853067;42,11235,0.873867
466,259399;227,82427,0.966933;46,8423,0.9384;52,10878,0.9632;44,10530,0.8488;48,11991,0.869867
452,251757;224,82334,0.972533;43,7974,0.9408;51,9836,0.9632;41,9832,0.8376;45,11014,0.8552
470,262494;229,81620,0.959733;49,8346,0.945333;51,10607,0.957333;45,10822,0.849867;47,11976,0.8624
464,258600;230,83829,0.964267;60,8292,0.94;52,10868,0.9624;44,10313,0.847467;47,11741,0.8616
473,263768;236,83064,0.964533;51,8555,0.948267;50,10704,0.965067;43,10610,0.857067;47,12292,0.866133
461,257760;231,82789,0.981067;65,8122,0.947467;77,10123,0.969333;60,9908,0.857333;71,11889,0.876533
455,254080;232,84175,0.9832;63,7847,0.953867;68,10042,0.967733;63,9892,0.862667;71,11729,0.8744
472,263390;231,83721,0.974667;73,8802,0.951467;89,11465,0.959467;71,10823,0.861867;78,12182,0.868267
463,257378;232,83906,0.967467;71,8557,0.949333;91,11305,0.959467;69,10511,0.853867;79,12634,0.874933
479,266440;228,82834,0.971733;89,8963,0.9336;79,11421,0.972;72,11189,0.8648;81,12956,0.8872
450,252026;226,82119,0.965333;67,7919,0.945067;71,9951,0.9744;62,9784,0.865867;65,10886,0.886133
469,262274;228,83164,0.969067;63,8181,0.949867;74,10516,0.973067;63,10127,0.8608;69,11668,0.884533
468,261165;225,81880,0.9664;69,8542,0.9552;74,11131,0.9712;68,10659,0.860533;76,12472,0.8888
461,257766;227,82973,0.974933;68,8493,0.9456;111,11061,0.968;67,10362,0.865067;76,12243,0.881333
468,261182;228,82705,0.969333;78,8906,0.9432;86,11287,0.9632;72,10761,0.8664;81,12551,0.881067
462,257315;229,82798,0.976;78,7695,0.950133;76,10147,0.965867;64,9778,0.860533;71,11730,0.878933
475,264790;228,82489,0.9648;77,8806,0.943467;91,11262,0.973333;68,10623,0.864267;76,12228,0.8872
471,263642;394,82871,0.9808;69,7832,0.947733;79,10292,0.9728;62,9971,0.868;69,11454,0.8928
464,259169;391,82834,0.975467;71,8209,0.947467;64,10663,0.973067;60,9653,0.8544;69,11294,0.894667
464,258960;389,83069,0.972267;62,7989,0.941067;77,10516,0.967733;65,9882,0.853067;84,11557,0.890933
460,257114;397,83616,0.966933;73,8045,0.936;51,10253,0.969067;41,9953,0.852533;45,11440,0.885333
467,261535;389,82465,0.9728;41,8193,0.944;53,10475,0.975733;41,10175,0.866933;44,11449,0.888
472,263926;388,82507,0.969067;53,9140,0.937067;53,11413,0.973333;71,10979,0.8592;77,12107,0.870667
469,261536;381,82957,0.9688;77,8375,0.952267;84,10954,0.976267;73,10146,0.868267;79,11535,0.885067
462,258196;229,82137,0.974667;97,7917,0.9528;105,10450,0.974133;71,9886,0.872267;76,11127,0.886133
468,260163;225,81527,0.970133;73,7937,0.9528;78,9898,0.9696;66,9804,0.868267;66,11145,0.880267
462,258347;227,82538,0.9736;81,7996,0.955733;89,10232,0.961067;70,9794,0.864267;76,11261,0.8768
468,260989;229,83029,0.9648;74,8220,0.950933;94,10829,0.961867;73,10249,0.866133;79,11616,0.881333
469,260557;224,82543,0.9712;73,8205,0.950133;77,10459,0.9648;74,10145,0.862667;83,11883,0.882933
476,263360;226,81852,0.968533;82,8429,0.956533;93,10962,0.961867;74,10323,0.8624;81,11868,0.886933
468,259385;227,82100,0.979733;74,8087,0.9568;82,10888,0.965333;71,9926,0.858133;80,11660,0.8848
476,263752;228,81754,0.971733;110,8591,0.956533;97,11132,0.9672;76,10705,0.854667;75,12184,0.887467
470,259978;229,82404,0.968267;88,8092,0.9488;82,10227,0.967733;71,10188,0.8592;72,11367,0.8848
494,264061;230,82674,0.969867;74,8471,0.9464;75,10531,0.965333;64,10019,0.862933;71,11465,0.883467
490,260228;229,83289,0.977067;68,8397,0.9568;78,10852,0.968;65,10070,0.866667;74,11520,0.887733
504,264271;228,82249,0.963467;68,8268,0.962133;74,10540,0.967467;66,9989,0.866133;71,11362,0.8848
503,262607;229,82489,0.964533;66,7765,0.958933;77,9810,0.964267;60,9417,0.8576;66,10817,0.886133
529,258199;229,81900,0.963467;73,8691,0.944533;94,11534,0.962667;70,10568,0.856267;80,11953,0.880533
495,259186;230,82570,0.967733;72,8381,0.943733;84,11338,0.963733;72,10454,0.856267;74,11463,0.882933
483,254550;230,82372,0.968;68,8158,0.945333;79,10756,0.9608;40,9870,0.855467;45,11450,0.8808
493,259962;228,81868,0.961867;80,8909,0.946667;84,11184,0.965333;42,10134,0.868533;45,11461,0.8848
486,255420;228,82584,0.959467;46,8433,0.943467;62,10658,0.963467;41,9871,0.8736;45,11355,0.886933
475,265759;227,81863,0.967467;45,8342,0.946133;48,10461,0.966133;39,9853,0.866133;44,11599,0.886133
466,260738;222,81297,0.972533;48,8045,0.950667;47,10435,0.967733;41,9859,0.865867;45,11397,0.886667
465,260024;228,82379,0.961067;54,9261,0.9472;53,11108,0.957333;47,10611,0.856533;79,12017,0.877867
462,259837;228,82680,0.977333;99,8493,0.953333;78,10915,0.966667;66,10926,0.864;76,11563,0.8808
453,253580;228,82479,0.973867;64,7636,0.9576;71,9702,0.970933;58,9484,0.8696;62,10354,0.878667
468,261525;227,81320,0.970133;65,8329,0.9576;89,10525,0.970667;62,10267,0.866933;72,11530,0.876267
464,259410;225,81632,0.9744;68,7907,0.959467;73,10015,0.973067;63,9948,0.876;68,11300,0.885333
464,259190;225,81082,0.9712;66,7743,0.954667;71,9915,0.978933;66,10282,0.878667;66,11174,0.888267
481,269208;230,83486,0.969867;69,9012,0.955733;99,11870,0.966667;66,10528,0.873333;72,11967,0.885067
461,257112;223,81743,0.9632;68,7607,0.952533;70,9643,0.972;59,9611,0.878133;64,10810,0.881333
462,258407;228,82451,0.970933;65,8171,0.950133;74,10395,0.959733;63,10255,0.8672;70,11262,0.877333
480,259464;224,81784,0.969867;70,8507,0.9464;82,10832,0.9512;66,10313,0.857067;76,12228,0.867467
465,257149;225,82154,0.961867;70,7760,0.953867;74,9704,0.953867;65,9878,0.861867;70,11160,0.8736
469,259393;224,82229,0.969867;67,8203,0.953867;63,10109,0.961333;69,10174,0.866133;72,11134,0.885867
467,260060;230,82903,0.9616;72,8522,0.948533;85,10764,0.964;71,10394,0.881333;78,11731,0.890133
475,265123;225,81514,0.963467;68,8402,0.956533;81,10613,0.968;67,10175,0.885067;75,11791,0.884
470,262492;220,80384,0.957067;85,8287,0.955733;80,10304,0.9672;66,9733,0.873067;75,11507,0.878933
471,262684;222,80681,0.965067;67,8416,0.950667;89,10866,0.960267;69,10271,0.8672;71,11724,0.880533
457,254997;224,82208,0.967467;74,8326,0.953333;86,11278,0.958133;73,10516,0.86;75,11426,0.879733
472,262449;229,82417,0.9736;71,8128,0.9496;77,10408,0.961067;62,9685,0.873067;72,11417,0.8872
469,259646;227,82491,0.977067;68,7936,0.952267;79,10114,0.9576;63,9616,0.870133;70,10987,0.888
471,259403;226,81300,0.961067;70,7724,0.944267;85,10182,0.952267;60,9269,0.865067;68,10877,0.887733
474,264470;329,81621,0.970133;73,8769,0.942933;94,11231,0.9464;72,10820,0.867733;76,11950,0.881867
464,259245;390,82293,0.966667;80,8416,0.9496;79,10873,0.954933;63,9911,0.864533;71,11467,0.8848
473,264446;385,81243,0.968;73,8320,0.949867;80,10575,0.978133;62,9750,0.868533;66,10677,0.890933
466,262064;384,82091,0.980267;60,7333,0.952267;87,9611,0.980533;61,9505,0.881067;62,10183,0.899467
453,252960;390,81729,0.984533;65,7615,0.947733;79,9613,0.985067;57,9103,0.8792;61,10378,0.889067
469,260542;381,81648,0.965867;66,7875,0.949067;73,10229,0.985067;60,9633,0.867467;65,10817,0.879467
474,262622;380,80574,0.965867;67,8143,0.955733;77,10297,0.971733;64,9960,0.874667;67,11204,0.8784
465,256147;385,81384,0.987467;74,8319,0.955733;97,11179,0.981067;71,10307,0.871733;75,12000,0.892267
480,265103;382,81771,0.970667;61,7912,0.950667;73,10270,0.9752;64,10258,0.8664;70,11693,0.886133
471,262682;386,81897,0.976;92,8594,0.950933;78,10680,0.9696;75,10699,0.8608;75,11961,0.885067
464,258760;389,82353,0.976;69,7968,0.964;75,9738,0.978933;64,9798,0.871733;68,10699,0.892
455,254747;385,81196,0.9784;75,8000,0.959733;93,10026,0.9712;71,10261,0.8696;76,11258,0.880267
463,257958;382,81729,0.9744;74,7692,0.953867;87,10172,0.9768;63,9314,0.859467;71,10840,0.888
482,267530;387,81931,0.976;75,8566,0.957067;86,10724,0.9752;68,10156,0.8528;72,11207,0.882933
466,259989;391,82185,0.9752;66,7823,0.949867;74,9516,0.966133;65,9738,0.853333;70,10747,0.876267
471,259778;392,83082,0.964533;72,7879,0.946133;78,9955,0.9672;67,9713,0.856533;72,11088,0.878933
488,268588;387,81889,0.967733;84,8708,0.942933;96,11316,0.970667;72,10495,0.856;78,12039,0.876533
458,255869;389,82230,0.9696;78,8149,0.948533;80,10348,0.9712;65,9526,0.851467;75,11203,0.889333
452,252459;376,80575,0.971467;79,7662,0.962133;83,9118,0.973867;60,9312,0.857867;64,10626,0.894133
469,260537;384,81630,0.952;70,8355,0.958933;75,10153,0.973067;63,10023,0.865333;68,11438,0.896
458,256532;386,81276,0.9776;77,8064,0.947467;82,10663,0.969867;60,9578,0.868267;67,11222,0.898933
454,254118;388,82438,0.9664;67,8185,0.946667;75,10640,0.968533;63,9879,0.854933;69,11230,0.8928
464,259090;392,82370,0.973067;60,7677,0.954133;62,9121,0.969867;59,9583,0.8704;63,10688,0.891733
481,265816;388,82294,0.973333;74,8542,0.946933;78,10608,0.962133;65,10268,0.869067;68,11479,0.883733
474,261348;378,80380,0.967467;72,8125,0.9464;78,10132,0.9584;62,9985,0.8776;42,11197,0.886933
477,262257;379,80399,0.969867;44,7770,0.954667;49,10234,0.972267;38,9753,0.8768;43,10958,0.8904
469,262039;397,82852,0.9776;49,7793,0.952;45,9475,0.9648;38,9614,0.874667;40,10385,0.8864
472,263383;382,81052,0.9728;72,8212,0.9496;73,10113,0.968;63,10110,0.877067;68,11058,0.883467
465,260934;388,81404,0.9696;60,7547,0.947733;81,9719,0.966667;60,9601,0.870933;66,10927,0.881067
469,262061;379,80915,0.968;63,7670,0.962133;68,9444,0.9736;62,9650,0.880267;66,10802,0.890133
463,257993;383,81376,0.969067;66,7993,0.9648;83,10565,0.9728;64,10130,0.8792;72,11647,0.8928
470,261873;390,82398,0.970667;62,7565,0.956533;78,9940,0.9664;60,9658,0.871733;67,10991,0.885333
465,256728;388,82329,0.968;64,7870,0.942667;76,10412,0.968267;64,9911,0.867467;69,11047,0.884533
477,263163;393,82098,0.9808;81,8014,0.952;66,9482,0.9696;60,9471,0.873867;63,10482,0.885333
458,253214;387,82444,0.977067;64,7701,0.957333;78,9471,0.968267;61,9563,0.8672;65,10480,0.882933
460,257543;382,81100,0.979467;103,7924,0.9528;56,9467,0.9752;65,9939,0.8768;69,10985,0.8808
471,262652;381,81401,0.957067;100,8007,0.960267;79,9573,0.966667;59,9175,0.871467;63,10405,0.8872
456,254752;381,80674,0.9648;64,7444,0.9616;69,9113,0.9656;56,8829,0.8592;63,10140,0.886133
474,265243;394,82396,0.966667;66,7789,0.955733;78,10468,0.973333;64,9902,0.865067;69,11402,0.8848
476,265283;383,81097,0.973867;65,7814,0.958133;70,9546,0.973067;60,9714,0.874667;65,10988,0.8888
477,264257;384,81678,0.9744;65,7772,0.954933;75,9939,0.979467;60,9817,0.871467;63,10599,0.8928
476,263377;385,81163,0.969867;62,8009,0.9648;75,9648,0.9784;60,9510,0.870667;66,10868,0.896533
475,262104;386,81985,0.976267;71,7664,0.954667;72,9379,0.9736;59,9461,0.8616;62,10403,0.889333
458,255002;384,80928,0.970933;81,7488,0.956;72,9041,0.969067;57,9125,0.8648;61,10032,0.8872
457,257339;387,81725,0.9632;54,7357,0.968533;67,9008,0.976267;56,9074,0.876533;62,10230,0.887733
459,256477;384,80866,0.970133;58,6993,0.965333;70,8980,0.974133;56,9110,0.885067;61,10049,0.890933
451,251998;391,82521,0.965867;58,6974,0.954667;70,8801,0.967733;55,8777,0.872533;57,9561,0.879467
465,259378;384,81606,0.9792;64,7844,0.962667;90,9915,0.973867;60,9391,0.8728;41,10644,0.901067
466,259947;387,81681,0.985067;64,7029,0.962933;72,9236,0.976267;56,8936,0.884;62,10185,0.9016
460,255196;385,81202,0.976267;58,7306,0.957067;70,9554,0.976267;57,9193,0.883733;63,10495,0.895733
478,264552;375,80763,0.965867;64,7895,0.966933;73,9702,0.972267;57,9433,0.876;64,10957,0.892267
472,258758;393,81461,0.973333;64,7369,0.965333;68,8994,0.974933;52,9326,0.878667;57,10246,0.894667
461,256678;387,81342,0.978667;54,7034,0.9664;65,8746,0.9736;62,8646,0.881867;59,10025,0.8976
472,264248;385,81165,0.9816;67,7802,0.971467;77,9395,0.970933;58,9517,0.889067;64,10688,0.8976
464,258918;389,81713,0.972533;66,7272,0.972;82,8845,0.970933;55,8883,0.889867;63,10326,0.9
452,251745;384,80624,0.972267;56,6920,0.963467;68,8603,0.978933;51,8425,0.892267;56,9585,0.905067
460,256639;384,81038,0.973333;63,6695,0.960533;72,8347,0.978933;51,8363,0.891733;56,9612,0.911733
472,263105;388,81593,0.9816;55,7386,0.964267;71,9187,0.977067;53,8716,0.8912;61,10465,0.912267
467,259729;386,81585,0.9688;61,7039,0.969333;65,8446,0.976267;51,8568,0.892533;56,9711,0.912533
475,263134;224,81194,0.968533;60,7191,0.972;62,8892,0.983733;57,8897,0.888267;61,10124,0.9144
482,264730;219,80225,0.970933;57,7255,0.969067;61,8859,0.980267;54,8927,0.897333;62,10216,0.915733
461,257877;223,81236,0.9752;82,7173,0.968533;64,8695,0.978133;56,9028,0.898933;59,9687,0.913333
424,237139;221,80117,0.966667;47,5736,0.964267;61,7067,0.9816;43,7107,0.895467;48,8044,0.916
390,219225;224,81066,0.972533;78,5002,0.963733;68,6407,0.9792;38,6181,0.893067;42,6888,0.913067
351,194148;224,80954,0.977867;39,4017,0.973333;34,5119,0.983733;19,4677,0.8976;33,5714,0.915733
280,155463;225,81635,0.975733;29,2742,0.976267;38,3656,0.985333;14,3505,0.8968;23,3919,0.914667
256,143237;227,81628,0.975733;25,2623,0.974667;33,3559,0.982667;17,3411,0.898933;18,3565,0.9168
218,122158;225,81151,0.972267;22,2125,0.970133;25,2574,0.9824;16,2733,0.8952;16,2847,0.908267
178,99562;225,81536,0.978667;22,1569,0.977333;21,2047,0.986133;12,1879,0.897333;10,1779,0.916267
106,59851;227,81474,0.9728;21,1071,0.976533;18,1309,0.985867;8,1323,0.8992;8,1356,0.913867
72,40239;222,80750,0.970667;9,579,0.9768;10,712,0.9864;4,635,0.9008;4,724,0.915467
53,29058;224,80532,0.980267;8,402,0.9776;10,556,0.986933;3,470,0.901867;2,540,0.916533
25,14008;224,81251,0.970133;3,184,0.977067;3,248,0.986933;1,247,0.9008;2,278,0.915467
22,11818;223,81001,0.979733;3,139,0.977333;3,206,0.986933;1,165,0.9008;1,197,0.915733
6,2979;220,80552,0.9832;3,46,0.977333;7,55,0.986933;0,71,0.9008;1,82,0.915733
