4736,280875;1600,81158,0.967467;994,46089,0.951467;1225,56143,0.971733;1045,44274,0.9104;1078,46600,0.948533
4230,256670;1561,80106,0.945867;172,7041,0.956;194,8382,0.967467;192,8792,0.919733;202,9157,0.946667
4337,262407;1580,81125,0.960267;180,7076,0.9544;215,8955,0.974133;199,9019,0.935733;200,9295,0.948533
4247,257933;1599,81937,0.959733;171,6912,0.956533;194,8255,0.974933;182,8264,0.937867;198,8907,0.948267
4272,259707;1595,80963,0.9696;164,6878,0.961867;191,8312,0.976;180,8394,0.942133;197,9014,0.949867
4321,262773;1591,81002,0.968533;188,7188,0.961333;210,8501,0.9768;183,8329,0.9424;205,9453,0.949867
4321,261672;1567,80681,0.964;189,7598,0.959467;219,9143,0.9664;197,8929,0.936;216,9909,0.944533
4371,266358;1606,82383,0.969333;180,7237,0.960267;219,8848,0.971733;194,8910,0.936;196,9327,0.943733
4283,259309;1560,80541,0.9712;151,6651,0.960533;210,8175,0.9728;181,8248,0.942933;192,8791,0.949867
4322,263269;1571,80671,0.955467;178,7154,0.963733;182,8188,0.969867;182,8452,0.946133;200,9346,0.955467
4196,254511;1567,80742,0.967467;179,7103,0.972;198,8308,0.976;186,8148,0.943733;188,8905,0.946933
4287,260713;1563,81365,0.976;161,6959,0.9736;193,8280,0.978933;174,8257,0.9432;197,9237,0.942667
4297,262000;1574,81198,0.950933;163,6956,0.970667;202,8442,0.9784;183,8262,0.941067;203,9341,0.946667
4209,256451;1544,79992,0.967733;162,6669,0.970667;205,8384,0.979733;179,8241,0.942933;201,9238,0.9544
4368,265359;1554,81793,0.976533;166,6932,0.973867;193,8386,0.9784;176,8243,0.941867;198,9165,0.9528
4197,256200;1581,81725,0.970133;148,6389,0.9696;178,7711,0.976;173,7774,0.939467;186,8490,0.953067
4279,260681;1556,80816,0.966667;162,6692,0.967467;219,8435,0.979733;180,8256,0.941333;199,9287,0.950133
4272,259920;1593,81119,0.965867;172,6918,0.969333;192,8271,0.98;178,8168,0.938933;203,9244,0.951467
4269,259913;1587,80991,0.962667;163,6806,0.973867;214,8260,0.9808;192,8591,0.9424;205,9050,0.953333
4189,255113;1545,80621,0.969067;159,6393,0.9744;181,7860,0.980533;167,7802,0.941867;184,8814,0.949867
4220,257054;1604,81930,0.962933;161,6585,0.9688;194,7937,0.9776;183,8086,0.936;194,8973,0.944267
4261,258124;1587,81280,0.9736;162,6645,0.973067;185,7900,0.978933;184,7864,0.938933;192,8811,0.946933
4212,256647;1594,82517,0.9648;163,6762,0.969333;231,8272,0.974933;186,8153,0.9352;206,9411,0.949867
4163,253830;1571,81860,0.961333;166,6686,0.964533;194,8238,0.978667;177,8122,0.9336;207,9438,0.945067
4337,263684;1551,80482,0.9792;173,7029,0.962667;204,8311,0.9824;179,8432,0.938933;202,9486,0.946933
4254,259115;1560,81510,0.953867;158,6805,0.965067;191,7950,0.980267;184,8303,0.9336;192,9173,0.944
4395,267639;1570,81214,0.9728;185,7443,0.965333;206,8645,0.977867;200,8884,0.9296;223,9821,0.940267
4236,256825;1590,82636,0.965067;159,6630,0.966933;232,8147,0.9792;223,8257,0.924533;209,9609,0.947467
4176,262626;1589,81842,0.9728;180,7124,0.966933;209,8749,0.9784;197,8876,0.9208;226,9986,0.937867
4030,258739;1584,81921,0.962667;175,6889,0.957067;211,8736,0.972267;195,8776,0.917067;214,9847,0.936533
4046,260941;1556,81998,0.946133;187,7390,0.948267;226,9085,0.9632;207,9275,0.911467;232,10300,0.9256
4045,260209;1578,80997,0.964;197,7771,0.950667;232,9350,0.952533;213,9224,0.9048;232,10334,0.913067
4026,258519;1570,81486,0.9448;193,7487,0.955733;227,8998,0.954133;203,8865,0.898133;234,10639,0.9248
4027,257704;1612,82352,0.9544;212,7725,0.962667;224,9205,0.961867;208,9239,0.893067;230,10319,0.9232
4043,259400;1613,82795,0.962133;226,8165,0.959733;256,10273,0.974133;220,9382,0.883467;254,11140,0.925067
4131,265891;1623,82053,0.950133;201,7845,0.953867;235,9762,0.969333;221,9493,0.8856;243,10823,0.915733
3968,256338;1520,81854,0.9608;197,7757,0.961333;247,9800,0.970133;225,9834,0.8872;256,11360,0.917867
4120,265141;1523,82508,0.969333;223,8236,0.94;295,10743,0.9632;257,11042,0.888533;273,11882,0.8984
4143,266828;1526,83186,0.969333;218,8301,0.945067;258,10399,0.9672;235,10059,0.888;278,12277,0.9104
4086,263570;1628,83366,0.963467;211,8650,0.940267;280,10982,0.958933;247,10310,0.868267;267,11763,0.900533
4004,258217;1639,84121,0.960533;213,8404,0.929867;291,11234,0.961067;241,10619,0.869067;276,12667,0.8936
4159,266606;1598,83070,0.9576;233,9177,0.930933;281,11571,0.968;252,10716,0.868267;302,13149,0.904
4012,258005;1665,85074,0.966667;227,8572,0.931467;258,10925,0.972267;236,9924,0.86;274,11904,0.8944
3943,252745;1653,84752,0.9664;221,7839,0.9464;250,9710,0.954933;223,9516,0.857067;270,11728,0.9072
4033,257061;1630,84840,0.969067;243,9705,0.9488;294,12568,0.9672;269,11292,0.8584;301,12991,0.884267
3971,255307;1658,84520,0.962133;253,9139,0.932533;320,12538,0.955733;276,11423,0.846933;336,14044,0.889333
4075,263280;1615,82704,0.955733;253,9545,0.9328;289,11694,0.9544;281,11435,0.862933;302,12815,0.893333
4020,256724;1621,83534,0.958933;233,8429,0.915467;291,11734,0.9504;263,11171,0.858667;293,12499,0.872533
4205,264859;1645,84689,0.979467;253,9635,0.924;285,11873,0.943733;275,11550,0.852533;306,13115,0.876
4009,255522;1622,84263,0.960533;271,9499,0.9296;332,12950,0.952;272,11375,0.842133;308,12805,0.861333
4186,265359;1623,83302,0.969067;255,9693,0.934667;331,12887,0.956533;265,10953,0.846133;317,13296,0.865067
4105,261268;1644,84182,0.965067;264,9546,0.922667;314,12502,0.945867;292,11985,0.836267;329,13505,0.8552
4178,263238;1621,84453,0.952;234,9056,0.926667;312,12154,0.951467;288,11559,0.836267;314,13582,0.866667
4186,263966;1652,84875,0.965333;263,9771,0.916533;310,12356,0.934933;293,11995,0.825333;327,13553,0.856
4160,263181;1542,83328,0.972;292,10844,0.9208;356,13920,0.9376;329,12970,0.817067;360,14961,0.850133
3997,255082;1569,84724,0.962667;238,9053,0.9192;298,11719,0.930667;271,11214,0.8152;313,13000,0.8488
4119,256776;1627,84664,0.975467;233,8748,0.903733;303,12468,0.944;274,11520,0.812267;310,13054,0.8512
4221,262345;1640,83907,0.969067;269,9774,0.890667;342,13209,0.949867;297,11752,0.811733;347,14187,0.856267
4086,262115;1637,86185,0.964;258,9887,0.9176;321,12707,0.9408;280,11359,0.810133;321,13922,0.858667
4086,259135;1648,86260,0.965867;272,10049,0.928267;339,13130,0.9464;289,11787,0.800533;347,14222,0.8576
4338,266154;1637,85630,0.968533;314,11068,0.922667;398,15607,0.944;342,13567,0.794133;404,16838,0.857867
4119,258023;1676,87031,0.954933;267,9702,0.922133;337,13007,0.943467;309,12386,0.788533;343,14503,0.8472
4219,262381;1663,86162,0.949333;287,10337,0.918133;342,13081,0.9408;304,12288,0.7936;337,14609,0.8416
4245,261989;1683,87007,0.9672;256,9800,0.922667;329,12994,0.942667;293,11817,0.812;337,14432,0.859733
4292,264846;1647,86661,0.958667;276,10438,0.9184;339,13555,0.9488;299,12130,0.804533;359,14909,0.850933
4173,258289;1667,86075,0.960267;281,10605,0.924;342,13852,0.950667;326,13111,0.8048;384,16233,0.852267
4122,257892;1658,86706,0.965067;283,10094,0.921867;374,13983,0.944533;290,12189,0.8088;383,15237,0.861067
4124,258570;1645,86170,0.974667;282,10224,0.9088;352,13766,0.954667;317,12765,0.825867;386,15561,0.864533
4205,264551;1679,87606,0.967467;273,9945,0.9264;348,13484,0.954667;313,12749,0.822933;353,15206,0.8632
4201,260070;1686,86488,0.966933;272,10227,0.914667;375,13980,0.9544;308,12698,0.812;373,15953,0.854133
4169,259315;1619,86369,0.9696;282,10213,0.930667;355,13476,0.955467;295,12186,0.814667;359,15241,0.8608
4152,256582;1594,85902,0.963467;268,10269,0.9256;366,14428,0.956533;314,12915,0.8272;365,15401,0.855467
4380,267272;1564,85738,0.955467;291,10673,0.9144;370,14099,0.947467;314,12825,0.8184;353,14856,0.842933
4301,263352;1593,87357,0.970133;319,11267,0.910667;386,15201,0.9456;340,13381,0.815467;399,16500,0.855733
4257,259675;1581,86584,0.959467;311,11098,0.918933;400,14886,0.943733;356,14249,0.822133;396,16443,0.859733
4256,260807;1577,85438,0.949867;266,10024,0.9152;330,13416,0.9424;288,12020,0.810933;349,14593,0.8528
4325,261005;1590,86563,0.949867;252,9989,0.902933;340,13786,0.9416;306,12387,0.803467;337,14448,0.843733
4215,256541;1587,86717,0.968;264,9564,0.893067;328,13061,0.935733;300,12116,0.802667;338,14379,0.841067
4224,261093;1593,86500,0.965333;318,11868,0.901867;380,15277,0.939467;334,13112,0.8176;398,16283,0.849867
4236,261023;1586,87076,0.967733;302,10677,0.9096;373,14576,0.9472;318,12871,0.816267;376,15585,0.8424
4339,263111;1602,87751,0.965067;270,10060,0.927733;349,13960,0.947733;291,12064,0.823467;380,15787,0.857333
4357,264726;1583,86365,0.9672;291,10651,0.916533;369,14836,0.968533;325,12484,0.810667;377,15311,0.8648
4234,259481;1575,86080,0.969867;303,10575,0.902933;341,13587,0.951467;326,13103,0.8288;365,15133,0.864267
4320,263959;1598,86277,0.962933;287,10209,0.912267;340,13581,0.953867;295,12354,0.822933;365,15340,0.8584
4277,261287;1615,87711,0.9624;276,10031,0.896267;343,14006,0.947467;315,12764,0.8152;374,15827,0.856533
4292,260476;1593,86865,0.9712;262,9860,0.9048;369,13369,0.945333;313,12649,0.825067;337,14263,0.849333
4380,263786;1624,86738,0.958667;294,10597,0.908533;350,13815,0.945333;291,11915,0.814667;327,14636,0.856267
4257,260251;1607,86618,0.958933;241,9670,0.909867;325,13586,0.939733;299,12373,0.8112;354,15116,0.8536
4238,261822;1636,86299,0.961867;253,9922,0.906667;350,14540,0.941067;308,12726,0.799733;366,15177,0.857067
4289,263148;1652,86474,0.974933;285,10352,0.912;344,13859,0.956;304,12533,0.808533;357,14983,0.851733
4263,258754;1648,86252,0.964;249,9320,0.904267;317,12649,0.9568;268,11297,0.8064;322,14075,0.856533
4189,252785;1679,86907,0.972267;266,10080,0.924267;333,13339,0.951733;278,11743,0.809067;325,14130,0.8512
4396,263308;1686,86263,0.958667;269,9824,0.925333;337,13407,0.956533;285,11990,0.816;349,15128,0.856267
4168,256156;1574,84769,0.968533;236,8882,0.926933;311,12446,0.9624;270,11073,0.815467;302,13012,0.86
4307,260881;1568,85329,0.965333;256,9710,0.925067;342,13496,0.961067;285,11828,0.8128;339,14631,0.8456
4218,255927;1566,85763,0.962133;261,9795,0.926933;335,12597,0.9488;276,11381,0.803467;313,13424,0.837867
4251,261174;1559,85034,0.974133;251,9546,0.938933;304,12359,0.949067;284,11812,0.82;328,13970,0.8488
4342,261350;1613,84620,0.966667;254,9402,0.948;289,12101,0.942133;260,11133,0.818133;327,13885,0.86
4394,264447;1629,85222,0.968267;269,9527,0.942667;306,12489,0.9584;274,11257,0.8216;315,13610,0.851733
4231,257592;1639,84982,0.9728;258,9091,0.928533;323,12517,0.967467;279,11288,0.825333;311,13403,0.853333
4219,255595;1654,85554,0.9648;226,8345,0.9328;271,10853,0.965333;242,10243,0.833867;291,12344,0.861867
4618,261964;1633,85469,0.967733;245,9107,0.933333;296,12162,0.9608;251,11108,0.8248;322,13697,0.860267
4606,264223;1665,86106,0.9688;230,8992,0.930667;302,11977,0.958133;267,11357,0.817867;293,13126,0.8576
4674,262390;1645,85672,0.966667;266,9786,0.930133;344,13483,0.9584;285,11717,0.825867;349,14975,0.862933
4653,261171;1649,83983,0.965333;249,9432,0.9344;326,12617,0.950133;266,10995,0.806933;309,13359,0.8544
4479,252072;1643,85525,0.970933;258,9535,0.939467;303,12139,0.960267;252,10656,0.813067;296,12694,0.86
4582,260438;1632,84510,0.971467;245,9528,0.9184;324,13168,0.961067;287,11698,0.829867;319,13382,0.8544
4529,261198;1635,84345,0.963733;245,9554,0.9296;304,12185,0.957867;288,11710,0.829867;315,13336,0.850667
4629,263261;1591,84755,0.9752;263,9772,0.946667;329,12837,0.9672;283,11870,0.831467;322,13735,0.849067
4661,259660;1636,85113,0.951733;239,9126,0.9456;306,11779,0.965333;283,11810,0.830133;307,13059,0.8536
4393,257642;1653,85301,0.964267;250,9274,0.937867;304,12304,0.948533;262,11139,0.816533;309,13376,0.843733
4409,262237;1632,84133,0.965067;268,9669,0.934133;326,13256,0.964;299,12109,0.8168;344,14339,0.858933
4210,256147;1638,84458,0.9704;235,9142,0.9408;312,11804,0.9608;282,11897,0.826667;324,13717,0.861333
4317,263430;1643,84820,0.975733;251,9825,0.934933;299,12120,0.941867;272,11595,0.8208;320,13962,0.856267
4406,262672;1645,84639,0.969067;245,9166,0.930133;310,11985,0.947733;263,11156,0.821867;299,13227,0.861867
4226,257852;1615,83896,0.9528;261,9551,0.932533;337,12698,0.961067;267,11428,0.828533;312,13726,0.8704
4254,258283;1624,84068,0.962133;239,9169,0.9264;333,12037,0.9568;276,11299,0.82;300,12617,0.854933
4281,263190;1620,84164,0.969067;238,8763,0.934933;268,10835,0.961333;251,10700,0.826933;282,12443,0.8568
4153,251378;1612,83221,0.966933;220,8523,0.932533;281,11267,0.949333;243,10200,0.8112;278,11797,0.849333
4230,260221;1579,84716,0.965333;249,8584,0.9288;287,11264,0.9568;240,10263,0.8112;286,12344,0.850667
4218,258244;1555,84783,0.9656;282,8904,0.934133;297,11726,0.954667;257,10968,0.824533;299,12977,0.864
4384,260423;1606,84851,0.958667;237,8878,0.937867;293,11612,0.9544;244,10482,0.8208;296,12672,0.8744
4290,259016;1656,85507,0.962133;218,8476,0.9416;283,11044,0.951467;252,10391,0.819467;287,12264,0.857067
4268,258795;1599,83084,0.950933;230,8538,0.939467;266,10349,0.9552;252,10212,0.82;293,12365,0.861867
4364,263765;1605,83221,0.968;220,8634,0.951467;299,11123,0.974933;251,10681,0.837067;287,12521,0.873867
4251,260257;1591,82141,0.958933;239,8786,0.930667;283,11321,0.972;249,10591,0.830667;281,12311,0.8704
4333,262457;1631,83568,0.963467;227,8690,0.9448;264,10381,0.959733;232,9888,0.8272;275,11827,0.866933
4288,256765;1605,83383,0.9504;222,8621,0.939733;286,10758,0.961867;260,10775,0.8208;286,11941,0.858933
4403,264489;1633,84188,0.958667;234,9009,0.941333;293,11760,0.968533;251,10840,0.828533;292,12475,0.858667
4495,257993;1604,83328,0.9736;264,8609,0.946133;297,11111,0.967733;237,10373,0.833333;272,11815,0.855467
4295,261806;1597,82702,0.956533;234,8588,0.942133;274,11000,0.9648;252,10581,0.823733;277,11839,0.8528
4568,264764;1589,82280,0.954933;239,8556,0.950133;277,11216,0.964267;243,10235,0.823467;274,12034,0.848533
4472,254781;1656,83775,0.959733;205,7732,0.9368;279,10715,0.961067;227,9647,0.831467;252,10787,0.849867
4172,242587;1570,80968,0.967467;190,7206,0.9536;254,9227,0.96;206,8635,0.834667;235,9922,0.853867
4027,229891;1598,82680,0.951467;196,6532,0.942133;208,8245,0.952267;177,7568,0.827467;200,8703,0.844267
3467,197484;1630,83694,0.973067;137,4817,0.948267;165,6068,0.955733;137,5768,0.827733;159,6709,0.854933
2463,143796;1623,84387,0.9688;114,3214,0.942133;127,4342,0.9592;89,3768,0.826133;116,4963,0.853333
2146,122141;1595,83093,0.965067;78,2493,0.944;97,3366,0.961867;72,3132,0.834133;86,3750,0.8584
1429,82399;1604,83768,0.971733;51,1551,0.948533;78,2317,0.966133;48,2077,0.832533;64,2699,0.859733
1075,61177;1601,82651,0.964;55,1228,0.950933;57,1544,0.9672;31,1281,0.8336;47,1968,0.860267
729,41609;1606,83288,0.965333;41,898,0.951467;46,1175,0.967467;24,1005,0.8376;31,1320,0.862133
605,36748;1604,83562,0.969867;25,598,0.9496;27,702,0.965867;16,692,0.836;19,830,0.860533
165,8870;1604,82708,0.970667;8,152,0.9496;8,155,0.965867;5,191,0.836;5,217,0.860533
73,4457;1588,82773,0.9592;7,74,0.9496;5,75,0.965867;2,95,0.836;3,82,0.860533
72,4457;1608,82638,0.9624;6,74,0.9496;6,78,0.965867;2,95,0.836;3,81,0.860533
