4791,280875;1653,81918,0.954133;1015,45719,0.955733;1241,56319,0.969067;1073,44708,0.924267;1139,48281,0.9544
4801,280334;1654,81791,0.950133;271,10810,0.958667;308,12939,0.9688;298,13248,0.936267;304,13644,0.948533
4723,280298;1627,81245,0.967733;276,10455,0.960267;289,12399,0.964267;284,12548,0.9416;299,13401,0.949067
4715,280279;1647,81836,0.9368;250,10617,0.955467;308,12838,0.9664;286,12655,0.9392;305,13631,0.940533
4644,280340;1633,81243,0.963733;248,10440,0.960533;295,12635,0.9632;271,12574,0.9448;313,13874,0.952533
4663,280177;1619,80750,0.967733;232,10128,0.958667;305,12383,0.969867;277,12250,0.9512;302,13416,0.943733
4595,280218;1628,81326,0.970667;233,9959,0.969067;289,12123,0.9808;263,11696,0.951733;294,13073,0.945067
4649,280350;1582,80233,0.965867;235,9973,0.971467;290,11948,0.9752;268,11944,0.9504;298,13343,0.946133
4646,280198;1644,81518,0.971467;252,10217,0.967733;296,12174,0.969333;269,12015,0.9368;300,13300,0.937867
4624,280334;1611,80859,0.969867;251,10392,0.972533;293,12379,0.968267;277,12307,0.937067;300,13442,0.942133
4677,280325;1616,81090,0.955733;275,10590,0.964;310,12915,0.964267;285,12689,0.929333;319,13608,0.9288
4608,280425;1651,82409,0.964533;261,10817,0.956533;327,13703,0.965067;299,12989,0.9224;328,14381,0.9256
4660,280449;1633,82015,0.953067;276,11193,0.953333;338,13993,0.958933;314,13671,0.902133;340,14909,0.921333
4648,280439;1654,82285,0.967467;292,11989,0.954933;359,15052,0.968;321,13867,0.893333;369,15951,0.909067
4610,280346;1666,83599,0.957333;285,11747,0.957867;368,14993,0.969867;336,14189,0.8864;373,16228,0.908267
4669,280494;1700,84857,0.967467;309,12254,0.942133;386,15772,0.960267;362,15323,0.8904;393,16921,0.8984
4675,280477;1676,83600,0.981067;326,13120,0.933867;418,17527,0.958933;364,15541,0.879733;413,18217,0.888
4673,280615;1689,84406,0.955733;368,14597,0.934133;456,19063,0.959467;387,16693,0.8584;470,20104,0.888267
4691,280584;1724,85157,0.971733;372,14747,0.922933;489,19594,0.9432;451,17368,0.835733;489,20758,0.8712
4661,280619;1703,84908,0.9648;382,15405,0.922667;478,19807,0.9456;429,17712,0.838667;490,20813,0.848267
4673,280785;1733,85704,0.958933;409,16132,0.916267;525,21849,0.9512;488,19676,0.8296;530,22415,0.867467
4821,280725;1679,84234,0.965067;384,15549,0.904267;520,21447,0.933067;474,19540,0.8192;528,22089,0.860267
4750,280813;1697,83893,0.949067;427,17133,0.896267;557,23458,0.957333;482,19487,0.8064;555,23130,0.863733
4768,280777;1731,86619,0.966933;410,16669,0.927733;538,22461,0.937067;482,19554,0.808533;534,22139,0.8464
4787,280642;1702,85667,0.9624;413,16067,0.924267;548,21892,0.934933;464,18647,0.814133;565,23095,0.850933
4803,280691;1738,86325,0.976;410,16177,0.9368;496,21180,0.947467;477,18922,0.832533;556,22917,0.842133
4979,280853;1731,86578,0.9784;412,16445,0.892267;533,23038,0.942133;497,20112,0.797333;594,24534,0.8456
4889,280708;1727,86511,0.96;404,16217,0.905867;502,21018,0.936267;463,18729,0.784;540,22479,0.8496
4888,280862;1725,86129,0.965867;440,17343,0.918133;562,23413,0.9288;506,20334,0.8;573,23769,0.8416
4790,280687;1741,87072,0.972;418,16693,0.910667;580,23459,0.9464;498,19751,0.797867;573,23368,0.843467
4939,280802;1737,86760,0.947467;450,17500,0.902133;557,23067,0.930133;526,20799,0.800267;619,24513,0.841067
4828,280548;1731,86170,0.9688;412,16121,0.9016;540,22182,0.932;476,19318,0.800267;583,23867,0.849333
4945,280836;1741,86328,0.96;443,17261,0.897067;553,23267,0.946933;528,20963,0.822667;592,24437,0.8416
4765,280502;1726,86087,0.966933;390,15543,0.903733;502,20780,0.937333;456,18557,0.822667;556,23073,0.852533
4957,280741;1724,84860,0.940267;422,16508,0.920533;531,21983,0.946933;461,18626,0.8128;505,21325,0.846667
4789,280675;1710,84998,0.942933;396,15637,0.910133;516,21794,0.950933;460,18667,0.8168;539,22418,0.861867
4950,280750;1719,85300,0.959733;412,16014,0.918933;512,20599,0.9416;443,18240,0.814667;525,21817,0.837333
4881,280642;1682,83474,0.964;354,14027,0.902133;469,18975,0.941067;401,16697,0.8096;477,20036,0.848533
4896,280749;1721,85947,0.9696;405,15705,0.908267;499,20658,0.936;462,18733,0.808;511,21450,0.840267
4874,280701;1697,84440,0.970133;383,15108,0.919733;489,20354,0.9344;449,18292,0.824;488,20608,0.843467
4976,280612;1689,83773,0.970133;386,15518,0.9128;503,20454,0.9488;445,18132,0.813867;511,21252,0.828
4872,280493;1721,84233,0.971467;364,14295,0.931733;463,18909,0.9488;410,17152,0.828533;477,20126,0.8376
4888,280623;1700,84614,0.970667;366,14710,0.924267;471,19635,0.964267;437,17795,0.823733;499,20710,0.839467
4875,280770;1705,84879,0.9696;402,15947,0.919467;514,21359,0.956;462,18735,0.816267;519,21443,0.8328
4939,280581;1739,86129,0.9744;393,15988,0.937067;496,20904,0.9472;462,18695,0.811467;528,21901,0.824533
4802,280701;1687,83634,0.9504;367,14595,0.926133;487,20212,0.959733;440,18011,0.8048;506,21417,0.8328
4741,280508;1720,85265,0.961067;383,15063,0.937067;487,20028,0.960267;434,17855,0.824267;474,20321,0.8192
4891,280650;1728,85334,0.971733;374,14510,0.943733;443,18466,0.963467;424,17637,0.829067;491,20971,0.8528
4858,280634;1698,84926,0.9568;371,15190,0.941333;498,20939,0.959733;446,18367,0.799733;501,21218,0.821333
4844,280596;1682,83908,0.967733;352,14302,0.941333;463,18918,0.970133;413,17265,0.811733;468,20010,0.8312
4935,280571;1686,83548,0.969867;357,14634,0.938933;452,18886,0.964533;412,17326,0.800267;471,20288,0.826133
4861,280582;1709,84691,0.9728;369,14752,0.941067;439,18993,0.964;401,17040,0.813867;461,19797,0.8256
4876,280224;1668,82688,0.954133;349,14127,0.931733;451,19021,0.960533;404,17122,0.813333;469,20089,0.8336
4813,278416;1669,83054,0.9672;290,11580,0.937067;356,15468,0.968267;323,13994,0.8056;369,16209,0.838667
4734,271244;1679,83507,0.960533;246,9886,0.932267;309,13098,0.965333;269,11607,0.804;324,14283,0.832533
4239,242581;1664,82682,0.960533;196,7023,0.9328;221,8996,0.961333;181,7860,0.806933;232,10256,0.844
3373,189165;1637,82173,0.961067;143,4675,0.934933;155,6045,0.962133;131,5695,0.811733;164,7270,0.842933
2656,149933;1722,84784,0.9592;86,3155,0.9416;116,4090,0.968;84,3701,0.815733;118,5018,0.842133
1349,77368;1615,80665,0.958667;66,1775,0.938933;68,2347,0.9744;55,2382,0.813067;58,2562,0.844
855,48470;1658,82654,0.9584;38,905,0.936267;45,1477,0.972533;31,1348,0.8136;31,1350,0.844267
547,31891;1664,82500,0.951467;52,712,0.938133;40,1058,0.973867;20,844,0.814667;27,1182,0.8432
339,19079;1677,83434,0.958133;16,291,0.94;31,496,0.9736;11,466,0.816533;9,417,0.845067
65,3720;1635,81643,0.958133;4,57,0.94;4,57,0.9736;2,95,0.816533;2,102,0.845067
