15,7260;162,22633,0.998347;46,4324,0.991736;56,5411,1;72,4343,0.998347;66,4902,0.998347
14,7091;162,22584,1;14,759,0.997521;14,880,0.998347;13,1193,0.998347;15,1576,0.998347
14,7096;161,22388,1;9,731,0.987603;13,974,0.999174;13,1235,0.992562;15,1600,0.992562
13,7102;161,22792,1;26,831,0.98843;21,995,0.997521;14,1281,0.989256;16,1675,0.989256
13,7092;162,22862,1;14,750,0.97438;14,1017,1;12,1199,0.995041;15,1605,0.995041
13,7085;164,23151,1;10,719,0.978512;9,864,0.998347;12,1201,0.994215;14,1581,0.994215
12,7075;158,22234,1;8,712,0.992562;8,843,1;11,1119,0.994215;13,1513,0.994215
13,7087;158,22256,1;5,670,0.990083;15,864,1;12,1152,0.994215;14,1540,0.994215
13,7089;164,22963,1;9,714,0.990909;10,851,1;12,1156,0.994215;14,1538,0.994215
17,7085;161,22526,1;5,666,0.990909;7,806,1;11,1129,0.994215;13,1513,0.994215
14,7081;164,22846,1;19,747,0.997521;9,838,0.987603;13,1210,0.991736;15,1561,0.991736
13,7087;168,22163,1;8,704,0.996694;10,825,0.982645;12,1186,0.994215;14,1525,0.994215
14,7083;165,23141,1;11,731,0.996694;14,907,0.996694;14,1300,0.990083;16,1664,0.990083
14,7080;163,22791,1;8,672,0.98843;11,934,0.999174;13,1244,0.986777;15,1631,0.986777
14,7074;167,23444,1;6,676,0.990083;8,851,1;11,1119,0.986777;13,1512,0.986777
14,7079;161,22421,1;8,687,0.998347;9,857,1;12,1165,0.98595;14,1548,0.98595
13,7064;164,22828,1;7,680,0.998347;8,819,0.999174;12,1193,0.985124;14,1552,0.985124
14,7085;162,22713,1;6,688,0.999174;8,821,0.999174;11,1123,0.984298;13,1503,0.984298
12,7096;163,22789,1;5,691,0.999174;7,845,0.999174;11,1134,0.984298;13,1514,0.984298
12,7087;162,22688,1;6,682,0.996694;8,848,0.998347;11,1146,0.982645;13,1522,0.982645
12,7090;166,23361,1;10,757,0.994215;11,946,0.986777;14,1323,0.981818;16,1726,0.981818
12,7082;163,22779,1;8,716,0.996694;10,930,0.996694;12,1197,0.977686;14,1602,0.977686
13,7089;164,22771,1;8,751,0.989256;13,1010,0.997521;15,1399,0.968595;17,1793,0.968595
13,7074;164,22882,1;8,723,0.989256;11,915,0.999174;13,1257,0.964463;15,1680,0.964463
14,7090;161,22691,1;8,752,0.990083;10,877,0.999174;13,1276,0.96281;15,1709,0.96281
14,7096;162,22536,1;10,772,0.993388;10,987,0.999174;13,1258,0.956198;15,1697,0.956198
14,7105;166,23575,1;8,730,0.98595;11,980,0.998347;15,1386,0.952066;17,1879,0.952066
14,7086;163,22901,1;11,832,0.989256;13,1065,0.999174;16,1427,0.955372;17,1863,0.955372
14,7096;162,22954,1;9,798,0.98595;11,1033,0.994215;15,1376,0.949587;18,1899,0.949587
14,7090;162,22720,1;12,810,0.987603;14,1100,0.995041;17,1506,0.94876;20,1981,0.949587
14,7103;162,22754,1;13,873,0.980992;18,1249,0.995041;19,1563,0.947934;21,2051,0.947934
14,7104;165,23504,1;21,954,0.963636;18,1300,0.984298;22,1763,0.924793;24,2293,0.933058
14,7128;167,23697,1;16,1071,0.944628;22,1657,0.989256;29,2220,0.910744;30,2636,0.916529
14,7112;164,23062,1;23,1067,0.973554;24,1326,0.990909;22,1791,0.919835;24,2337,0.917355
14,7136;165,23344,1;20,1196,0.958678;24,1845,0.995041;34,2358,0.909917;34,2968,0.910744
14,7133;166,23520,1;24,1263,0.983471;25,1777,0.990909;32,2338,0.909917;35,3129,0.905785
14,7167;161,22695,1;25,1455,0.956198;34,2170,0.989256;36,2519,0.885124;41,3551,0.88843
14,7159;165,23175,1;21,1439,0.955372;26,2108,0.983471;36,2601,0.860331;41,3639,0.88843
14,7165;169,24091,1;19,1574,0.976033;26,2234,0.991736;39,2802,0.857851;42,3806,0.871074
14,7176;166,23737,1;18,1400,0.971074;26,2089,0.983471;37,2718,0.857025;43,3943,0.860331
13,7128;165,23903,1;23,1532,0.95124;27,2469,0.990909;42,2842,0.849587;49,4293,0.855372
13,7174;166,24282,1;22,1816,0.96281;29,2677,0.980165;51,3240,0.847934;56,4806,0.852066
13,7175;173,25420,1;24,1711,0.934711;31,2759,0.98595;51,3158,0.829752;58,4976,0.842975
13,7185;170,25080,1;23,2072,0.963636;32,3119,0.992562;55,3326,0.82562;63,5266,0.842149
14,7238;166,24808,1;28,2233,0.946281;38,3645,0.991736;64,3758,0.831405;68,5739,0.838017
15,7173;169,24948,1;32,2290,0.966116;33,3214,0.991736;60,3416,0.831405;63,4937,0.830579
15,7245;169,24970,1;26,2131,0.929752;36,3282,0.980165;67,3710,0.814876;73,5676,0.829752
14,7224;167,24938,0.999174;30,2326,0.950413;39,3573,0.98843;63,3535,0.804132;76,5868,0.828926
14,7215;169,24889,1;30,2247,0.944628;38,3512,0.986777;65,3601,0.82314;69,5449,0.833884
14,7225;171,25525,1;38,2299,0.936364;43,3626,0.995868;63,3529,0.81405;72,5642,0.827273
14,7208;170,25130,1;27,2183,0.93719;38,3480,0.977686;64,3616,0.812397;72,5598,0.819835
14,7216;171,25490,1;25,2097,0.923967;37,3360,0.989256;66,3580,0.795868;72,5651,0.822314
14,7209;167,24863,1;32,2398,0.942149;39,3665,0.987603;66,3589,0.8;81,6203,0.828099
14,7218;171,25370,1;30,2505,0.947934;41,3783,0.981818;71,3824,0.810744;77,5966,0.833884
14,7230;170,25093,1;28,2265,0.95124;37,3345,0.980165;64,3544,0.802479;73,5817,0.823967
14,7207;171,25522,0.999174;29,2328,0.934711;41,3695,0.981818;64,3549,0.812397;73,5857,0.83719
14,7215;172,25381,0.999174;28,2404,0.957851;38,3600,0.98595;66,3672,0.800826;72,5756,0.82562
14,7194;169,25366,1;29,2367,0.928926;40,3707,0.987603;65,3585,0.789256;74,5898,0.821488
14,7177;169,25292,0.999174;31,2303,0.949587;45,3549,0.982645;79,3661,0.800826;84,5599,0.822314
14,7192;173,25802,0.999174;35,2258,0.942975;47,3687,0.985124;68,3257,0.772727;73,5710,0.806612
14,7206;170,25821,1;30,2313,0.919008;44,3992,0.984298;73,3776,0.77686;84,6355,0.81157
14,7232;170,25618,1;32,2443,0.942149;53,3922,0.977686;78,4016,0.786777;80,6052,0.810744
14,7222;175,26309,1;36,2384,0.93719;39,3582,0.987603;64,3447,0.801653;77,5813,0.822314
14,7183;171,25643,1;27,2234,0.94876;36,3328,0.986777;67,3568,0.802479;75,5717,0.823967
14,7224;172,25670,1;31,2360,0.946281;40,3591,0.985124;71,3822,0.813223;77,5999,0.832231
27,7204;173,25968,1;31,2272,0.953719;39,3613,0.98595;67,3656,0.796694;73,5765,0.81157
14,7195;169,24961,0.999174;26,2180,0.943802;37,3475,0.993388;61,3473,0.780992;70,5588,0.806612
14,7167;172,25003,1;25,2068,0.952893;36,3372,0.98843;57,3308,0.77438;71,5779,0.813223
14,7200;168,24623,0.999174;27,1967,0.932231;34,3207,0.970248;59,3358,0.767769;68,5333,0.804132
14,7181;173,25786,0.998347;26,2199,0.928926;37,3225,0.963636;66,3658,0.779339;70,5503,0.803306
14,7215;172,25752,1;25,2138,0.919008;35,3262,0.95124;64,3488,0.771901;73,5717,0.800826
15,7204;169,25466,1;25,2162,0.926446;37,3417,0.959504;66,3605,0.780165;74,5831,0.801653
14,7217;172,25901,1;28,2246,0.91405;35,3280,0.940496;70,3798,0.807438;75,5871,0.82562
15,7224;175,26676,1;26,2082,0.895041;37,3479,0.935537;69,3723,0.795041;75,5873,0.810744
14,7202;167,24836,0.999174;25,2033,0.901653;35,3188,0.928926;61,3426,0.785124;69,5479,0.799174
14,7214;172,25388,1;25,1872,0.896694;31,2795,0.923967;63,3554,0.773554;72,5762,0.804959
14,7195;169,25065,1;26,1830,0.910744;32,2809,0.945455;61,3468,0.775207;68,5481,0.795868
14,7188;172,25478,1;23,1886,0.919835;33,2953,0.943802;59,3362,0.78595;67,5503,0.803306
14,7195;178,25057,1;25,1814,0.894215;33,2877,0.932231;59,3342,0.790083;71,5597,0.819008
14,7193;171,25084,1;24,1874,0.88843;35,3017,0.914876;61,3500,0.768595;71,5662,0.799174
27,7180;169,24838,0.999174;20,1625,0.867769;32,2726,0.913223;61,3510,0.761983;69,5555,0.798347
15,7176;170,25059,1;22,1734,0.880165;31,2653,0.906612;57,3321,0.765289;69,5438,0.801653
15,7167;168,24475,1;25,1761,0.889256;33,2793,0.915702;60,3392,0.770248;71,5535,0.795868
15,7182;173,25534,0.999174;26,1911,0.861157;33,3027,0.904959;64,3481,0.763636;73,5680,0.806612
15,7196;167,24675,0.998347;29,2030,0.882645;35,3162,0.905785;65,3642,0.754545;72,5616,0.784298
15,7196;172,25325,1;22,1806,0.87438;33,3003,0.913223;59,3385,0.726446;67,5315,0.770248
15,7187;175,25989,0.999174;25,1950,0.860331;34,3094,0.908264;59,3390,0.731405;71,5549,0.77686
15,7178;177,26395,1;25,2053,0.864463;35,3240,0.902479;59,3349,0.729752;69,5370,0.789256
15,7171;168,24477,1;25,1921,0.857851;32,2837,0.890083;56,3254,0.709917;71,5657,0.812397
15,7187;172,25042,0.999174;27,1842,0.838843;33,2867,0.887603;58,3336,0.719835;72,5677,0.818182
15,7175;173,25127,1;23,1818,0.869421;33,2936,0.896694;60,3380,0.726446;71,5610,0.809917
15,7159;168,24401,0.998347;27,1861,0.864463;37,3040,0.884298;55,3173,0.697521;66,5322,0.782645
14,7162;172,25082,1;24,1765,0.842975;33,2926,0.882645;55,3221,0.690083;68,5454,0.787603
14,7173;172,25000,1;23,1708,0.865289;29,2620,0.889256;58,3377,0.690909;67,5365,0.780165
14,7172;170,25091,1;22,1712,0.846281;32,2787,0.894215;57,3316,0.680992;73,5754,0.805785
14,7188;173,25306,1;26,1846,0.842149;39,3039,0.868595;63,3534,0.660331;70,5609,0.786777
14,7233;173,25664,1;28,2143,0.805785;40,3426,0.840496;64,3473,0.633058;83,6492,0.787603
14,7211;176,26351,1;25,2018,0.810744;36,3093,0.847107;68,3522,0.62314;84,6377,0.800826
15,7230;175,26068,1;25,1940,0.809091;36,3211,0.840496;64,3435,0.622314;81,6223,0.790909
15,7224;171,25092,1;26,1885,0.798347;35,2972,0.838017;65,3487,0.612397;73,5662,0.780165
9,7200;177,26305,1;24,1979,0.812397;34,2962,0.832231;66,3464,0.623967;76,5730,0.784298
15,7212;171,24901,1;23,1772,0.805785;35,2992,0.845455;58,3183,0.617355;74,5645,0.780165
14,7197;177,26440,1;24,1871,0.807438;32,2850,0.835537;59,3312,0.609091;73,5635,0.767769
14,7237;175,26208,1;23,1754,0.786777;40,3073,0.821488;66,3620,0.6;84,6359,0.780992
13,7209;171,25108,0.999174;33,1928,0.816529;34,2997,0.845455;57,3244,0.628926;72,5585,0.783471
13,7189;166,24345,1;25,1890,0.802479;32,2787,0.82314;55,3170,0.607438;75,5775,0.771074
13,7171;170,24951,1;25,1794,0.809917;36,3037,0.835537;55,3176,0.636364;71,5571,0.795868
14,7200;167,24456,1;23,1832,0.818182;32,2842,0.833058;53,3119,0.610744;68,5351,0.793388
14,7197;174,25425,1;25,1995,0.828099;34,2978,0.852066;57,3253,0.605785;75,5896,0.794215
14,7182;173,25377,1;24,1845,0.845455;35,3029,0.866116;63,3507,0.642975;73,5638,0.81405
14,7212;168,24580,1;24,1940,0.832231;33,2896,0.85124;60,3410,0.639669;71,5554,0.808264
14,7218;174,25482,1;24,1856,0.82562;36,3167,0.857025;56,3236,0.633058;72,5627,0.809091
15,7195;170,25110,1;29,2004,0.83719;37,3178,0.865289;60,3427,0.633058;72,5655,0.810744
15,7199;178,26407,0.998347;24,1985,0.839669;37,3074,0.858678;52,3067,0.607438;75,5833,0.790083
15,7215;169,24971,0.999174;25,1933,0.818182;32,2903,0.838843;56,3235,0.603306;77,5964,0.801653
15,7207;174,25677,1;25,2005,0.785124;35,3112,0.796694;54,3144,0.583471;75,5937,0.806612
15,7203;172,25385,1;19,1666,0.761983;32,2717,0.791736;64,3198,0.568595;87,5649,0.799174
15,7197;169,24798,1;30,1734,0.747107;42,2967,0.771074;67,3346,0.567769;87,5930,0.804132
15,7167;167,24764,0.999174;20,1578,0.721488;31,2557,0.766116;56,3215,0.575207;73,5519,0.793388
27,7174;173,25433,1;24,1771,0.743802;33,2704,0.769421;55,3186,0.583471;69,5188,0.799174
15,7209;170,25059,1;22,1662,0.740496;32,2814,0.766116;54,3070,0.575207;70,5376,0.792562
15,7207;174,25848,1;25,1751,0.752893;36,2906,0.775207;57,3266,0.581818;73,5489,0.795868
14,7192;173,25353,0.999174;23,1675,0.728926;32,2643,0.758678;62,3424,0.56281;76,5798,0.802479
14,7209;177,25908,1;23,1673,0.704959;34,3028,0.743802;58,3246,0.558678;72,5613,0.801653
14,7212;172,25538,0.999174;26,1994,0.739669;36,3171,0.763636;61,3478,0.586777;75,5851,0.804132
14,7184;178,25940,1;23,1807,0.720661;32,2755,0.741322;54,3118,0.561157;70,5558,0.785124
15,7213;171,25343,1;24,1839,0.728926;35,3114,0.753719;58,3335,0.593388;75,5778,0.804132
15,7186;170,25023,0.999174;23,1766,0.710744;33,2791,0.733884;55,3283,0.559504;73,5685,0.792562
15,7218;173,25872,1;24,1674,0.702479;34,2689,0.728926;57,3271,0.555372;76,5891,0.791736
15,7196;172,25575,1;22,1749,0.726446;31,2684,0.742975;57,3275,0.543802;70,5586,0.792562
15,7196;172,25154,1;26,1936,0.717355;33,2785,0.730579;56,3233,0.547107;74,5827,0.819835
15,7224;169,24806,1;26,1886,0.714876;35,2953,0.728926;60,3427,0.538017;80,6160,0.800826
9,7174;172,25291,1;28,1839,0.690083;35,2824,0.706612;58,3315,0.532231;74,5779,0.802479
9,7228;170,24959,1;22,1547,0.666942;29,2448,0.700826;54,3168,0.517355;69,5453,0.78595
10,7216;172,25181,1;21,1669,0.682645;32,2576,0.698347;58,3266,0.526446;73,5580,0.787603
14,7194;173,25510,1;21,1658,0.66281;32,2663,0.691736;57,3188,0.513223;78,5814,0.78843
16,7234;174,26032,1;27,1903,0.684298;35,2962,0.699174;67,3657,0.526446;79,5917,0.792562
15,7206;169,25046,1;23,1703,0.671901;31,2567,0.68843;58,3246,0.51157;75,5660,0.803306
15,7219;172,25540,0.999174;23,1715,0.657025;33,2661,0.671901;59,3342,0.502479;79,5931,0.795868
15,7204;170,25158,1;22,1606,0.641322;32,2597,0.658678;57,3232,0.500826;79,5936,0.793388
15,7243;169,25108,1;21,1671,0.63719;31,2570,0.65124;54,3164,0.486777;76,5807,0.790909
15,7216;169,25021,1;29,1727,0.62562;34,2691,0.641322;54,3242,0.471074;75,5724,0.795868
15,7220;170,25394,0.999174;21,1601,0.619008;32,2647,0.642975;57,3336,0.461983;80,5975,0.799174
15,7214;172,25290,1;24,1754,0.633058;31,2621,0.63719;52,3104,0.467769;76,5771,0.792562
16,7210;170,25007,1;24,1822,0.626446;34,2704,0.633058;51,3090,0.460331;75,5696,0.804132
16,7229;170,25351,0.999174;24,1672,0.613223;33,2807,0.633058;51,3014,0.470248;80,5876,0.8
14,7186;168,25029,1;27,1706,0.616529;34,2725,0.631405;51,3019,0.465289;77,5801,0.795868
14,7234;171,25398,1;24,1693,0.61157;31,2614,0.630579;58,3350,0.476033;77,5790,0.793388
14,7212;170,25410,1;21,1559,0.608264;32,2516,0.622314;53,3156,0.444628;79,5898,0.809091
15,7192;170,25591,1;21,1531,0.589256;28,2336,0.615702;53,3162,0.472727;73,5570,0.809917
14,7216;172,25639,1;21,1694,0.612397;31,2648,0.618182;54,3184,0.461157;73,5566,0.781818
15,7256;174,25974,1;23,1639,0.614876;30,2478,0.633884;53,3178,0.468595;79,6039,0.792562
15,7192;172,25769,1;21,1593,0.613223;28,2335,0.622314;55,3242,0.472727;76,5864,0.804132
14,7229;174,26017,1;27,1855,0.604132;35,2880,0.612397;57,3275,0.461157;78,5929,0.809091
14,7255;176,26540,0.998347;29,1777,0.569421;35,2650,0.593388;58,3347,0.460331;78,6000,0.801653
15,7264;177,26334,1;24,1756,0.572727;34,2785,0.589256;57,3360,0.443802;82,6158,0.81157
15,7217;169,25307,1;24,1632,0.57438;31,2591,0.593388;53,3164,0.457025;68,5752,0.814876
14,7231;175,26238,1;22,1678,0.600826;25,2292,0.607438;54,3223,0.452066;73,5770,0.801653
15,7204;172,25898,1;19,1483,0.591736;28,2393,0.604959;51,3081,0.460331;74,5720,0.812397
16,7236;174,25903,1;22,1594,0.62314;30,2363,0.643802;49,3017,0.469421;77,5901,0.809091
15,7240;171,25150,1;22,1605,0.591736;30,2418,0.609917;51,3065,0.459504;76,5891,0.804132
15,7203;174,25639,1;22,1637,0.591736;29,2357,0.598347;54,3266,0.466942;69,5513,0.814876
15,7218;171,25317,1;22,1598,0.590083;33,2562,0.599174;53,3223,0.441322;74,5666,0.795041
14,7220;176,25949,1;23,1631,0.561157;33,2663,0.576033;52,3149,0.440496;77,5809,0.799174
15,7243;174,25865,1;30,1864,0.571074;35,2882,0.583471;58,3330,0.454545;79,5884,0.804959
15,7248;174,25322,0.997521;25,1800,0.598347;33,2709,0.607438;58,3430,0.47686;80,6016,0.794215
14,7244;178,25854,0.998347;22,1791,0.572727;33,2703,0.586777;53,3210,0.470248;79,5951,0.804959
14,7262;171,25019,1;34,1851,0.566116;35,2721,0.573554;55,3300,0.453719;76,5883,0.824793
14,7231;172,25567,0.997521;22,1650,0.582645;33,2692,0.599174;52,3116,0.458678;74,5683,0.809091
15,7225;175,25808,1;21,1648,0.564463;36,2887,0.595041;51,3098,0.461983;79,6092,0.828099
25,7261;174,25858,1;25,1848,0.570248;33,2833,0.603306;54,3200,0.454545;78,6026,0.823967
15,7257;181,27222,1;28,2023,0.552066;36,3045,0.570248;59,3469,0.452066;79,5987,0.83719
15,7250;174,25626,1;22,1783,0.581818;34,2808,0.590909;51,3043,0.456198;78,6033,0.833058
15,7238;180,26943,0.999174;24,1839,0.529752;33,2893,0.557025;56,3288,0.440496;81,6154,0.842975
14,7239;178,26572,1;23,1803,0.542975;36,3056,0.563636;57,3352,0.431405;84,6327,0.828099
14,7248;182,27199,1;26,1900,0.567769;35,3011,0.583471;53,3133,0.431405;86,6429,0.836364
14,7288;177,26164,1;29,2179,0.582645;37,3177,0.589256;63,3493,0.454545;87,6418,0.823967
14,7259;179,26900,1;26,1962,0.561157;37,3083,0.575207;61,3451,0.459504;81,6039,0.834711
14,7256;178,26359,1;26,2007,0.57686;33,2848,0.589256;59,3398,0.452893;82,6211,0.838843
14,7268;178,26656,1;26,1930,0.573554;35,2840,0.580165;59,3393,0.441322;83,6254,0.831405
14,7259;178,26778,1;23,1705,0.56281;34,2793,0.580992;54,3105,0.416529;80,6155,0.82314
14,7287;180,27055,1;30,2055,0.555372;38,3037,0.567769;59,3429,0.424793;87,6542,0.832231
14,7251;184,26264,1;25,1968,0.521488;36,2993,0.522314;59,3417,0.410744;84,6223,0.828099
14,7266;179,26897,0.999174;26,1877,0.516529;37,2967,0.528926;53,3090,0.398347;86,6470,0.831405
15,7289;179,26726,1;26,1928,0.482645;38,3106,0.506612;64,3643,0.395041;88,6589,0.847107
15,7263;178,26832,1;27,1890,0.489256;35,3011,0.517355;55,3247,0.427273;84,6338,0.845455
15,7246;176,26649,1;27,2073,0.503306;37,3084,0.514876;55,3215,0.433058;81,6164,0.864463
15,7281;178,26502,1;27,2083,0.51405;37,3277,0.519835;57,3328,0.431405;80,6117,0.877686
15,7280;179,26554,1;29,2238,0.514876;39,3358,0.53719;59,3423,0.439669;82,6215,0.878512
15,7265;174,26097,1;26,2070,0.544628;35,3049,0.555372;56,3344,0.461157;89,6684,0.864463
14,7282;175,26338,1;26,1947,0.531405;35,3015,0.540496;56,3331,0.443802;81,6188,0.855372
14,7264;175,25969,0.999174;26,1819,0.552066;38,3024,0.561983;55,3308,0.450413;79,6024,0.858678
14,7241;178,26764,0.999174;22,1689,0.543802;35,2877,0.567769;54,3279,0.461983;81,6225,0.861983
29,7259;177,26104,1;31,1912,0.578512;36,2930,0.604132;54,3279,0.479339;78,6032,0.84876
15,7257;178,26735,1;25,1783,0.553719;33,2709,0.575207;54,3281,0.452893;83,6375,0.843802
15,7238;180,27153,1;23,1736,0.559504;37,2901,0.58595;52,3137,0.457851;78,6007,0.838017
14,7244;180,27199,1;25,1889,0.555372;34,2874,0.570248;51,3149,0.447107;80,6108,0.842975
14,7254;181,26851,1;24,1832,0.571901;32,2763,0.586777;51,3095,0.468595;80,6103,0.840496
14,7244;179,26613,1;23,1829,0.553719;36,2891,0.578512;55,3267,0.461983;83,6265,0.850413
14,7243;178,26429,1;26,1842,0.584298;33,2717,0.586777;51,3118,0.455372;78,5962,0.844628
15,7253;176,26480,1;22,1752,0.549587;32,2704,0.564463;55,3287,0.440496;81,6238,0.839669
17,7227;177,26389,1;23,1673,0.55124;32,2702,0.563636;52,3148,0.428099;80,6064,0.817355
14,7264;172,25658,1;26,1708,0.565289;41,2928,0.585124;56,3348,0.435537;85,6459,0.822314
14,7247;175,25881,1;23,1710,0.539669;33,2749,0.557851;57,3305,0.41405;78,5980,0.843802
14,7226;174,25931,1;25,1707,0.559504;27,2556,0.568595;54,3269,0.419008;76,5897,0.849587
14,7252;176,25867,1;20,1553,0.561157;29,2363,0.571901;48,2976,0.421488;79,6109,0.841322
14,7237;174,26111,1;22,1684,0.580992;31,2540,0.6;55,3273,0.429752;78,6028,0.83719
14,7222;170,25457,0.999174;20,1601,0.547934;31,2568,0.581818;53,3208,0.431405;80,6115,0.838843
14,7234;175,26174,1;22,1634,0.571901;31,2492,0.580165;54,3280,0.41157;73,5618,0.817355
14,7230;172,25230,1;24,1808,0.595868;35,2813,0.609917;54,3222,0.438017;78,5939,0.820661
14,7248;172,25730,1;23,1669,0.568595;34,2747,0.587603;59,3347,0.442975;79,5938,0.798347
14,7239;172,25965,1;27,2044,0.610744;37,3094,0.620661;60,3432,0.468595;86,6416,0.820661
14,7227;171,25579,1;26,1859,0.581818;34,2946,0.595868;58,3342,0.439669;85,6398,0.842975
14,7225;171,25649,1;23,1794,0.604132;33,2810,0.632231;53,3137,0.44876;79,6099,0.840496
14,7230;171,25792,1;29,1833,0.618182;33,2807,0.633884;56,3214,0.461983;84,6274,0.852066
14,7199;176,26586,1;21,1744,0.600826;32,2812,0.618182;54,3136,0.453719;78,5885,0.841322
15,7253;173,25916,1;28,1894,0.609091;35,2929,0.617355;56,3262,0.454545;82,6219,0.84876
14,7213;173,25818,1;22,1612,0.632231;31,2608,0.65124;53,3178,0.471901;78,5906,0.841322
15,7201;173,25629,1;24,1676,0.63719;36,2620,0.645455;56,3298,0.455372;76,5815,0.824793
15,7240;175,25806,0.999174;21,1644,0.627273;31,2551,0.646281;54,3165,0.461157;78,5927,0.828926
15,7213;172,25085,1;28,1808,0.619835;36,2874,0.640496;55,3138,0.452893;78,5892,0.817355
14,7227;173,25761,1;22,1677,0.613223;34,2614,0.626446;59,3333,0.453719;85,6432,0.820661
14,7237;172,25729,1;25,1859,0.595868;34,2897,0.61157;58,3300,0.438017;85,6420,0.836364
14,7224;169,25054,0.999174;24,1835,0.578512;35,2931,0.599174;60,3431,0.433058;82,6168,0.832231
15,7230;174,25741,0.999174;25,1944,0.594215;35,2987,0.604132;57,3244,0.42562;79,6072,0.827273
15,7199;171,25544,1;22,1700,0.57686;35,2831,0.597521;57,3220,0.42562;77,5956,0.819835
15,7210;172,25554,0.999174;21,1706,0.564463;35,2939,0.584298;55,3263,0.424793;80,6163,0.826446
24,7220;172,25376,1;20,1592,0.557851;31,2575,0.583471;54,3229,0.424793;76,5916,0.816529
15,7199;174,26199,0.999174;22,1615,0.57686;29,2382,0.58843;51,3082,0.435537;82,6063,0.831405
15,7217;172,25944,1;24,1689,0.580992;35,2798,0.592562;54,3174,0.421488;79,6044,0.821488
15,7218;173,25580,1;25,1830,0.590083;35,2711,0.597521;56,3279,0.438017;77,5981,0.82562
15,7197;167,24386,1;20,1559,0.563636;30,2409,0.583471;50,3021,0.419835;69,5498,0.815702
15,7169;172,25548,0.999174;21,1645,0.571901;29,2527,0.57686;48,2893,0.432231;69,5553,0.805785
19,7197;171,25728,1;25,1640,0.566942;32,2560,0.589256;52,3114,0.444628;78,5976,0.804132
15,7222;171,25747,1;24,1737,0.571901;30,2412,0.580165;50,3022,0.42314;77,6015,0.822314
15,7209;173,25809,0.999174;27,1825,0.565289;37,2714,0.569421;56,3330,0.414876;79,6089,0.832231
15,7188;170,25270,1;20,1517,0.579339;30,2422,0.590909;51,3156,0.444628;72,5694,0.809091
15,7235;167,24666,1;22,1613,0.560331;32,2441,0.570248;51,3158,0.426446;73,5683,0.815702
15,7185;171,25022,1;21,1535,0.547107;28,2237,0.565289;46,2822,0.422314;76,6006,0.805785
14,7186;168,24696,1;23,1579,0.554545;30,2430,0.567769;50,3136,0.416529;73,5648,0.804132
15,7179;170,25093,1;22,1505,0.545455;32,2480,0.557025;52,3146,0.400826;76,5747,0.802479
15,7210;172,25407,1;22,1689,0.543802;31,2561,0.556198;54,3156,0.416529;78,5950,0.814876
15,7164;168,24509,1;21,1533,0.547107;30,2421,0.561983;60,3178,0.42562;71,5611,0.828926
15,7174;169,24584,1;23,1662,0.513223;31,2610,0.542149;56,3225,0.408264;70,5484,0.830579
14,7176;169,25190,1;22,1621,0.52562;31,2558,0.534711;53,3101,0.401653;73,5577,0.830579
15,7203;168,24807,1;20,1470,0.529752;30,2510,0.547934;55,3234,0.4;74,5704,0.834711
13,7159;172,25432,1;20,1430,0.528926;28,2209,0.549587;49,2904,0.409917;67,5285,0.809091
13,7149;173,25596,1;20,1448,0.546281;30,2405,0.567769;52,3045,0.41157;71,5570,0.815702
14,7159;168,24886,1;22,1460,0.557851;30,2359,0.580165;47,2870,0.406612;71,5569,0.82562
13,7089;172,25381,1;19,1222,0.572727;26,2056,0.592562;48,2827,0.428099;68,5477,0.822314
13,7070;174,25684,1;21,1433,0.577686;26,2184,0.589256;50,2826,0.439669;66,5221,0.81157
14,7018;167,24884,1;18,1328,0.555372;25,2079,0.565289;48,2773,0.42314;59,4603,0.809917
13,6926;173,25580,1;18,1239,0.561157;24,1843,0.578512;46,2515,0.440496;59,4671,0.833884
13,6794;167,24572,1;14,850,0.568595;21,1581,0.58595;38,2228,0.438843;49,3692,0.830579
14,6726;172,25501,1;19,1012,0.573554;22,1565,0.576033;36,1969,0.435537;52,3965,0.830579
12,6003;173,25663,1;12,703,0.582645;16,1085,0.585124;26,1472,0.444628;40,3013,0.840496
13,6139;170,25366,1;12,687,0.58595;18,1245,0.58595;24,1464,0.443802;42,3246,0.839669
13,6200;167,24747,1;10,599,0.571901;14,977,0.580992;21,1200,0.442149;37,2843,0.853719
12,6452;168,24691,1;9,485,0.571074;12,751,0.578512;20,1169,0.436364;31,2421,0.83719
7,3945;172,25803,1;8,311,0.57438;8,434,0.579339;6,384,0.433058;9,752,0.833884
8,4210;172,25603,1;6,265,0.575207;8,418,0.580165;5,339,0.434711;10,807,0.834711
6,3367;170,25135,1;4,118,0.571901;6,261,0.578512;3,207,0.435537;7,527,0.835537
4,2358;170,25304,1;5,98,0.569421;6,189,0.57438;3,192,0.435537;7,537,0.836364
5,2712;174,25676,1;5,159,0.573554;5,241,0.577686;2,175,0.436364;9,695,0.838843
5,2449;176,26105,1;3,92,0.575207;4,151,0.578512;2,131,0.436364;5,434,0.834711
5,2263;171,25381,0.999174;3,86,0.577686;3,147,0.580165;2,158,0.438017;4,389,0.832231
3,1394;170,25231,1;2,57,0.57438;4,111,0.57686;0,57,0.436364;3,315,0.833058
3,1609;171,25391,1;3,91,0.561983;5,212,0.575207;2,153,0.436364;7,548,0.838843
4,1978;173,25692,1;3,67,0.557851;8,248,0.576033;4,196,0.436364;11,805,0.838843
