5,7260;24,7878,0.98843;14,3421,0.98843;18,4890,0.996694;14,3134,0.923967;12,3636,0.993388
5,7150;26,7993,0.995041;2,660,0.97686;2,810,0.966942;2,1022,0.975207;2,983,0.978512
5,7189;26,8249,1;2,868,0.957025;4,1320,0.973554;3,1319,0.966942;3,1315,0.942149
5,7212;28,8450,0.983471;6,1310,0.955372;9,2108,0.963636;8,1708,0.919008;10,1766,0.887603
6,7304;28,9074,1;9,1870,0.895868;14,3210,0.966942;16,2919,0.831405;14,2916,0.872727
6,7305;27,8828,0.981818;10,2117,0.927273;14,3404,0.98843;15,3086,0.872727;15,3348,0.895868
6,7322;27,8787,0.993388;10,2359,0.94876;15,3713,0.980165;16,3120,0.778512;16,3588,0.857851
6,7331;27,8907,0.998347;10,2390,0.93719;14,3754,0.985124;20,3657,0.884298;17,3858,0.895868
6,7316;26,8560,0.995041;9,2364,0.938843;15,3990,0.98843;17,3351,0.894215;16,3696,0.904132
6,7281;28,9118,1;10,2222,0.923967;14,3765,0.985124;17,3361,0.902479;16,3915,0.933884
6,7282;26,8779,0.998347;9,2240,0.915702;12,3322,0.961983;17,3207,0.920661;16,3861,0.933884
6,7282;26,8755,0.995041;10,2164,0.905785;10,3642,0.97686;12,2980,0.87438;12,4089,0.91405
6,7275;26,8656,0.990083;6,1958,0.902479;9,3709,0.978512;12,3101,0.86281;12,4043,0.915702
6,7279;27,9051,0.991736;6,2194,0.940496;8,3496,0.970248;16,2933,0.872727;17,4106,0.900826
13,7231;26,8731,0.993388;8,1821,0.912397;11,3089,0.968595;16,2795,0.869421;17,3831,0.922314
6,7236;27,9107,0.990083;8,1820,0.892562;11,3065,0.953719;15,2702,0.87438;17,3644,0.923967
6,7268;26,8678,0.991736;10,1978,0.92562;10,2963,0.947107;14,2713,0.88595;15,3648,0.900826
6,7296;28,8905,0.993388;10,2238,0.88595;14,3775,0.935537;21,3383,0.872727;21,4315,0.922314
6,7255;27,9093,0.986777;9,2085,0.882645;15,3763,0.975207;17,2829,0.821488;19,3951,0.907438
16,7239;26,8940,0.983471;10,2060,0.92562;9,3292,0.97686;12,2965,0.846281;11,3828,0.902479
6,7289;26,8850,0.993388;6,2108,0.912397;14,3891,0.985124;18,3363,0.88595;18,4237,0.909091
6,7288;28,9540,0.998347;10,2122,0.894215;13,3514,0.968595;18,3137,0.85124;19,4246,0.889256
6,7256;17,9321,0.991736;8,1962,0.87438;12,3367,0.953719;19,3115,0.819835;19,4174,0.879339
6,7286;17,9104,0.996694;10,2372,0.917355;14,3715,0.960331;19,3204,0.804959;20,4479,0.879339
6,7319;21,9726,0.996694;10,2329,0.905785;16,4243,0.968595;23,3692,0.846281;22,4889,0.892562
6,7271;27,9141,0.98843;10,2376,0.933884;13,3705,0.985124;18,3114,0.859504;19,4334,0.897521
6,7243;29,9539,0.990083;10,2169,0.902479;13,3606,0.97686;19,3141,0.846281;20,4321,0.902479
6,7284;27,9068,1;9,2014,0.904132;14,3588,0.970248;18,3055,0.833058;17,4307,0.869421
6,7284;27,8992,0.995041;10,2503,0.915702;16,3948,0.960331;20,3248,0.854545;22,4552,0.897521
6,7281;31,9618,0.993388;10,2287,0.890909;10,4002,0.966942;14,3537,0.844628;14,4561,0.889256
6,7335;28,9283,0.996694;8,2755,0.869421;10,4272,0.960331;22,3945,0.841322;21,4652,0.872727
6,7309;28,9389,0.996694;11,2712,0.928926;16,4427,0.981818;22,3740,0.861157;22,4740,0.897521
6,7334;25,9151,0.991736;11,2428,0.831405;16,4260,0.975207;22,3696,0.809917;22,4734,0.899174
6,7346;26,9681,0.991736;13,2808,0.904132;17,4440,0.971901;22,3877,0.88595;22,4982,0.915702
6,7367;25,9291,0.991736;12,2933,0.899174;17,4758,0.981818;21,3703,0.849587;22,4967,0.932231
6,7317;26,9555,0.995041;10,2596,0.871074;15,4304,0.975207;22,3774,0.847934;21,4776,0.899174
6,7312;25,9408,0.991736;11,2801,0.942149;16,4647,0.945455;21,3579,0.856198;21,4741,0.912397
6,7338;25,9493,0.993388;11,2743,0.915702;15,4373,0.94876;22,3851,0.877686;23,5102,0.91405
6,7333;27,9448,0.98843;11,2630,0.85124;17,4697,0.955372;23,3586,0.842975;25,5104,0.919008
7,7324;28,9512,0.991736;13,2851,0.905785;16,4194,0.960331;24,3659,0.867769;23,4636,0.922314
6,7328;27,9182,0.993388;12,2658,0.907438;17,4115,0.960331;22,3461,0.849587;24,4867,0.922314
6,7336;27,9335,0.991736;13,2898,0.922314;15,4509,0.971901;23,3944,0.818182;22,4999,0.910744
6,7298;28,9511,0.993388;10,2412,0.910744;14,3854,0.975207;19,3561,0.882645;19,4545,0.917355
6,7290;28,9695,0.97686;10,2453,0.887603;14,4077,0.978512;20,3508,0.887603;19,4582,0.927273
6,7207;26,8931,0.995041;10,2260,0.942149;14,3633,0.961983;17,3008,0.904132;12,3934,0.935537
6,7171;28,9585,0.998347;6,2258,0.923967;9,3674,0.968595;13,3219,0.887603;19,4077,0.93719
6,7091;27,9546,0.993388;9,2182,0.912397;13,3694,0.97686;18,3055,0.894215;18,3959,0.933884
6,6966;24,9526,0.98843;9,1915,0.887603;13,3338,0.965289;15,2620,0.889256;16,3600,0.919008
5,6581;25,9469,0.998347;8,1565,0.890909;10,2583,0.957025;11,2044,0.864463;13,2907,0.91405
4,5128;25,9637,0.996694;5,905,0.877686;6,1609,0.961983;7,1472,0.859504;8,1984,0.919008
4,4941;24,9290,0.98843;4,832,0.880992;6,1500,0.952066;6,1200,0.859504;6,1671,0.919008
3,4283;28,9714,0.990083;2,462,0.88595;4,891,0.955372;4,750,0.838017;4,1111,0.912397
