7,10153;52,10122,0.997203;30,4551,0.997203;36,6009,0.994406;39,4264,0.991608;31,4148,0.988811
8,10263;56,11340,0.997203;26,3600,0.917483;35,5625,0.986014;40,4263,0.882517;36,4877,0.93007
8,10290;57,11665,1;27,3812,0.896503;39,6234,0.983217;45,4781,0.87972;43,5582,0.942657
8,10305;55,11407,0.993007;26,3691,0.878322;37,6006,0.963636;50,5070,0.913287;46,6127,0.93986
10,10323;55,11198,0.994406;27,3946,0.907692;37,6097,0.979021;52,5077,0.890909;51,6219,0.935664
8,10307;56,11428,0.997203;28,3909,0.893706;38,6324,0.963636;54,5158,0.867133;52,6639,0.941259
9,10359;58,11773,0.973427;29,4000,0.875524;44,7359,0.967832;62,5644,0.862937;59,7354,0.93986
9,10344;58,11675,0.984615;28,4188,0.911888;41,6878,0.959441;61,5427,0.806993;57,7106,0.923077
9,10307;58,11832,0.99021;27,4087,0.890909;41,6874,0.972028;57,5226,0.844755;57,7081,0.944056
9,10356;59,12103,0.99021;30,4385,0.868531;41,6875,0.956643;59,5406,0.844755;58,7171,0.925874
9,10287;57,11942,0.988811;25,3710,0.848951;38,6298,0.966434;55,5074,0.851748;54,6805,0.937063
9,10114;58,12064,0.987413;28,4115,0.888112;37,6254,0.959441;56,5155,0.833566;51,6511,0.934266
7,8565;59,12281,0.983217;18,2346,0.816783;26,4177,0.953846;31,3067,0.853147;33,4306,0.945455
5,6467;58,12274,0.995804;11,1305,0.820979;15,2322,0.92028;21,2039,0.864336;22,2920,0.946853
2,2694;58,11986,0.991608;5,320,0.834965;4,391,0.911888;4,402,0.862937;5,674,0.938462
