17,7260;166,23322,1;42,4224,0.98595;51,5281,0.998347;68,4346,0.998347;64,4916,0.998347
14,6800;164,23082,1;5,393,0.98843;6,511,0.998347;9,798,0.998347;11,1130,0.998347
14,6806;166,23393,1;5,418,0.991736;5,539,0.998347;9,812,0.998347;11,1150,0.998347
14,6616;163,22798,1;11,405,0.991736;11,539,0.998347;9,752,0.997521;11,1104,0.997521
14,6632;164,23023,1;11,451,0.994215;6,507,0.985124;9,750,0.997521;10,1082,0.997521
14,6776;161,22460,1;5,411,0.995868;11,590,0.995041;10,848,0.996694;12,1204,0.996694
14,6769;162,22650,1;14,471,0.999174;13,630,0.998347;10,813,0.997521;12,1176,0.997521
14,6638;161,22729,1;5,374,0.994215;11,538,0.999174;9,749,0.997521;10,1052,0.997521
14,6816;163,22644,1;6,435,0.996694;6,558,0.999174;10,858,0.997521;12,1242,0.997521
15,6803;163,22937,1;9,436,0.995868;10,623,1;10,862,0.996694;14,1331,0.996694
14,6814;164,23114,1;5,419,0.996694;6,564,1;10,852,0.996694;12,1246,0.996694
14,6781;166,23296,1;6,384,0.98843;15,642,1;10,874,0.996694;12,1220,0.996694
14,6806;163,22626,0.999174;7,416,0.990909;6,542,1;9,804,0.996694;11,1159,0.996694
14,6779;165,23030,0.999174;13,445,0.999174;6,513,1;9,781,0.996694;11,1130,0.996694
15,6797;166,23206,1;5,419,1;6,500,1;9,813,0.996694;11,1180,0.996694
15,6766;165,23200,1;5,394,0.998347;8,552,1;9,815,0.995868;11,1180,0.995868
15,6778;161,22671,1;6,418,0.996694;8,568,0.999174;10,840,0.993388;12,1210,0.993388
15,6780;164,22681,1;5,388,0.999174;6,524,1;9,770,0.993388;10,1102,0.993388
15,6804;160,22228,1;7,424,0.981818;12,607,1;10,851,0.994215;12,1219,0.994215
15,6650;163,22686,1;3,394,0.981818;5,484,1;8,735,0.994215;10,1078,0.994215
15,6726;162,22848,1;11,455,0.979339;9,622,0.983471;12,999,0.987603;14,1324,0.987603
15,6793;165,23038,1;7,438,0.995041;9,565,0.998347;9,789,0.987603;10,1156,0.987603
15,6740;161,22649,1;5,411,0.997521;6,522,1;8,764,0.987603;10,1137,0.987603
15,6830;166,23125,1;7,468,0.984298;12,716,1;12,1030,0.980992;14,1429,0.980992
15,6784;164,22862,1;6,415,0.987603;5,500,1;9,793,0.980992;11,1165,0.980992
15,6837;163,22775,0.999174;13,501,0.981818;16,761,0.997521;12,986,0.979339;14,1357,0.979339
18,6817;161,22447,1;7,429,0.990909;7,557,0.998347;9,825,0.978512;11,1203,0.978512
14,6775;165,22832,1;7,443,0.996694;7,545,0.995041;9,813,0.975207;11,1158,0.975207
29,6649;166,22910,1;8,430,0.997521;8,551,0.996694;9,772,0.97438;10,1079,0.97438
17,6824;167,23241,1;7,459,0.98595;11,686,0.995868;12,1015,0.966116;14,1379,0.966116
17,6774;164,23047,1;10,485,0.986777;13,759,0.995041;14,1110,0.961157;17,1619,0.963636
15,6819;163,23044,1;7,491,0.971074;14,840,0.996694;13,1073,0.961983;16,1532,0.961983
15,6804;164,23121,1;20,802,0.965289;23,1222,0.989256;20,1418,0.955372;20,1914,0.957851
15,6709;164,23000,1;12,558,0.964463;13,848,0.998347;14,1114,0.953719;16,1588,0.953719
15,6815;165,23356,1;12,573,0.97438;11,745,0.998347;16,1167,0.942149;19,1671,0.942149
28,6835;163,23072,1;14,586,0.968595;14,885,0.991736;18,1304,0.933884;22,1960,0.940496
15,6828;166,23476,1;23,750,0.986777;18,990,0.991736;19,1378,0.933884;21,1934,0.936364
15,6808;163,23173,1;10,617,0.977686;14,909,0.987603;17,1277,0.926446;20,1780,0.930579
15,6826;164,23357,0.999174;15,668,0.98843;16,985,0.995868;17,1301,0.929752;19,1713,0.930579
15,6838;166,23715,1;12,641,0.990909;14,933,0.996694;20,1527,0.926446;22,1961,0.926446
15,6844;169,24167,1;12,677,0.952893;21,1392,0.995041;29,1978,0.913223;31,2622,0.914876
15,6789;166,23596,1;16,813,0.966942;25,1179,0.990909;25,1694,0.901653;29,2399,0.904132
15,6845;168,23853,1;35,1082,0.952893;34,1780,0.985124;34,2215,0.892562;39,3201,0.903306
15,6809;163,23453,1;25,1071,0.95124;24,1514,0.97438;27,1783,0.87438;31,2630,0.900826
15,6770;168,24241,1;22,866,0.964463;20,1346,0.983471;28,1784,0.856198;32,2572,0.88843
15,6862;167,24117,1;27,1160,0.94876;24,1852,0.978512;39,2374,0.880992;39,3274,0.904959
15,6844;167,23824,1;28,1354,0.978512;29,2054,0.996694;41,2414,0.878512;45,3641,0.895041
15,6757;168,24243,1;15,909,0.991736;16,1205,0.991736;26,1659,0.884298;32,2684,0.890083
15,6819;168,23892,1;14,945,0.965289;22,1731,0.989256;32,1988,0.86281;37,3030,0.868595
15,6800;166,23865,1;14,756,0.959504;26,1428,0.981818;29,1835,0.858678;32,2774,0.866116
15,6819;166,23897,0.999174;19,1071,0.972727;26,1749,0.994215;31,1949,0.846281;35,2919,0.849587
15,6805;165,23841,1;22,1032,0.939669;22,1708,0.981818;36,2189,0.843802;41,3404,0.849587
15,6885;166,24427,0.999174;23,1368,0.943802;33,2460,0.980165;46,2605,0.829752;54,4272,0.856198
15,6767;170,25121,1;26,1271,0.968595;28,2082,0.984298;37,2177,0.824793;46,3714,0.85124
14,6754;173,25389,1;24,1136,0.963636;23,1781,0.986777;33,1955,0.817355;39,3223,0.849587
15,6806;165,23980,1;17,1021,0.957851;23,1700,0.990909;33,1908,0.806612;41,3361,0.850413
15,6814;173,25275,1;22,1245,0.968595;27,1974,0.980165;43,2469,0.81157;48,3814,0.842149
15,6848;170,24917,1;22,1401,0.973554;27,2173,0.980992;44,2446,0.828926;50,3947,0.85124
15,6855;172,25420,1;18,1137,0.95124;29,1990,0.985124;42,2398,0.82562;51,4032,0.842975
15,6800;168,24648,1;29,1305,0.92314;36,2306,0.98595;42,2423,0.836364;50,4078,0.85124
15,6821;167,24301,1;24,1227,0.960331;27,1982,0.989256;40,2256,0.842975;44,3565,0.844628
15,6731;162,23549,1;17,1193,0.957851;25,1903,0.995041;40,2275,0.847107;44,3539,0.852893
16,6856;173,24851,1;31,1415,0.955372;29,2244,0.981818;51,2868,0.836364;61,4816,0.861983
15,6791;171,25150,1;24,1256,0.931405;34,2233,0.986777;40,2347,0.833058;45,3603,0.855372
15,6833;173,25379,1;28,1374,0.936364;35,2383,0.986777;45,2502,0.828099;48,3708,0.844628
15,6841;167,24568,0.999174;22,1384,0.958678;25,2286,0.97686;46,2528,0.841322;54,4229,0.856198
15,6860;171,25215,1;31,1557,0.960331;35,2537,0.984298;47,2565,0.820661;56,4318,0.835537
15,6890;169,24967,1;29,1524,0.971901;32,2495,0.983471;51,2766,0.803306;63,4920,0.838017
15,6840;174,24987,1;22,1315,0.947934;29,2379,0.984298;50,2649,0.812397;60,4647,0.842975
15,6748;168,24537,1;21,1438,0.960331;29,2543,0.985124;48,2558,0.819008;52,4029,0.85124
16,6807;168,24737,1;31,1563,0.942149;36,2674,0.991736;52,2782,0.831405;55,4218,0.852893
16,6834;175,26035,1;22,1575,0.945455;30,2491,0.98843;53,2824,0.83719;58,4467,0.852066
16,6799;172,25687,1;25,1561,0.954545;32,2482,0.989256;46,2400,0.833884;59,4547,0.861157
16,6770;171,25206,1;19,1303,0.930579;28,2157,0.966116;47,2486,0.842975;55,4230,0.861983
16,6779;173,25681,1;35,1654,0.933058;39,2728,0.972727;53,2759,0.833884;61,4660,0.86281
16,6818;173,25767,1;31,1750,0.953719;32,2680,0.986777;53,2759,0.815702;62,4715,0.861983
16,6809;169,25275,1;24,1414,0.942975;27,2432,0.97438;43,2292,0.815702;48,3765,0.849587
16,6879;177,26513,1;22,1587,0.92314;36,3135,0.985124;55,2818,0.831405;68,5112,0.864463
16,6675;175,26148,1;19,1398,0.927273;25,2227,0.973554;49,2512,0.849587;56,4247,0.86281
16,6721;172,25769,1;22,1452,0.947107;27,2323,0.980992;43,2283,0.83719;53,4085,0.861983
16,6779;177,26475,1;26,1657,0.953719;37,2864,0.981818;55,2775,0.826446;64,4702,0.855372
16,6777;175,26194,1;27,1614,0.957851;36,2587,0.986777;52,2658,0.833058;55,4128,0.85124
16,6785;174,25703,1;27,1367,0.953719;28,2379,0.985124;52,2596,0.841322;58,4351,0.859504
16,6804;173,25757,0.999174;28,1634,0.961157;34,2703,0.989256;57,2844,0.83719;61,4570,0.849587
16,6827;171,25354,0.997521;22,1623,0.958678;31,2697,0.992562;54,2716,0.819835;59,4434,0.838017
17,6811;173,25756,1;26,1524,0.956198;41,2741,0.985124;56,2782,0.810744;67,4875,0.847107
17,6759;176,26213,1;41,1712,0.967769;29,2556,0.981818;50,2471,0.820661;59,4333,0.84876
18,6793;171,25599,0.999174;27,1405,0.946281;34,2328,0.97686;50,2599,0.821488;57,4349,0.842975
17,6803;176,26424,0.999174;21,1398,0.935537;30,2654,0.987603;50,2554,0.815702;54,4116,0.839669
18,6854;174,26273,1;23,1764,0.957025;32,2791,0.990083;54,2770,0.82314;62,4602,0.838843
17,6771;176,26189,0.999174;26,1539,0.952066;35,2653,0.985124;45,2374,0.81405;57,4339,0.838017
17,6846;169,25172,0.999174;21,1549,0.94876;30,2675,0.982645;53,2767,0.81405;62,4737,0.839669
16,6840;172,25646,1;23,1595,0.960331;34,2726,0.987603;55,2852,0.819835;64,4846,0.84876
16,6770;170,25099,1;19,1352,0.94876;27,2240,0.986777;47,2498,0.822314;55,4202,0.843802
16,6793;173,25780,1;21,1381,0.950413;29,2434,0.98843;50,2525,0.823967;55,4067,0.833058
16,6807;174,25919,0.999174;23,1481,0.957025;31,2577,0.987603;49,2482,0.823967;53,3953,0.836364
16,6812;179,26499,0.998347;20,1455,0.936364;31,2706,0.982645;48,2473,0.810744;60,4453,0.833058
17,6818;171,25368,1;22,1549,0.958678;30,2530,0.986777;54,2751,0.798347;61,4556,0.823967
16,6816;171,25516,1;24,1592,0.953719;33,2848,0.991736;59,2870,0.809091;66,4690,0.830579
16,6769;173,25662,0.999174;19,1392,0.932231;30,2413,0.982645;53,2635,0.803306;62,4508,0.826446
16,6794;166,24235,0.999174;23,1488,0.952066;31,2654,0.984298;53,2685,0.777686;67,4827,0.806612
15,6737;171,25091,0.999174;22,1436,0.957025;26,2295,0.978512;49,2478,0.779339;59,4531,0.815702
16,6790;170,25059,1;19,1305,0.960331;24,2067,0.985124;47,2414,0.791736;53,3933,0.802479
15,6720;169,24661,1;20,1229,0.942149;32,2122,0.982645;42,2291,0.789256;53,3910,0.810744
14,6502;172,25050,1;26,1397,0.957025;26,2166,0.983471;45,2225,0.787603;49,3637,0.810744
15,6757;170,24762,0.999174;28,1342,0.938017;42,2416,0.989256;43,2343,0.771901;55,4132,0.802479
15,6823;165,23919,1;25,1332,0.938017;31,2226,0.980165;44,2330,0.779339;51,3871,0.795868
16,6762;169,24711,1;23,1349,0.934711;33,2359,0.978512;49,2631,0.789256;58,4390,0.804959
16,6832;174,25390,1;34,1651,0.946281;34,2512,0.979339;52,2722,0.776033;63,4665,0.809917
16,6749;172,24966,1;24,1520,0.935537;32,2410,0.966116;48,2447,0.776033;55,4163,0.807438
16,6771;172,25687,1;25,1525,0.92562;37,2646,0.985124;53,2648,0.777686;60,4481,0.82562
16,6812;171,25611,1;26,1815,0.958678;32,2683,0.989256;59,2913,0.780992;67,4967,0.828926
16,6757;170,25159,1;29,1563,0.93719;33,2769,0.98595;54,2758,0.771074;63,4600,0.819835
16,6779;169,25108,0.999174;28,1640,0.932231;35,2864,0.989256;62,3022,0.773554;67,4825,0.823967
16,6842;170,25237,0.999174;23,1501,0.936364;31,2491,0.984298;51,2593,0.770248;63,4670,0.820661
16,6816;168,24769,1;22,1439,0.945455;31,2604,0.980992;48,2474,0.797521;57,4260,0.823967
16,6809;171,25290,1;27,1515,0.955372;31,2487,0.989256;53,2681,0.804132;64,4728,0.820661
16,6833;171,25078,1;41,1727,0.950413;40,2679,0.990083;57,2782,0.809917;63,4689,0.821488
16,6797;169,24843,1;21,1316,0.938017;27,2141,0.989256;52,2652,0.798347;57,4325,0.816529
16,6800;181,25409,1;23,1578,0.932231;31,2570,0.983471;50,2574,0.786777;58,4315,0.809091
16,6822;170,24987,1;33,1694,0.941322;36,2721,0.980992;59,2975,0.779339;66,4825,0.798347
16,6805;171,24880,1;21,1319,0.93719;35,2458,0.989256;47,2396,0.76281;53,3921,0.775207
16,6836;173,25217,1;48,1709,0.938017;30,2562,0.985124;50,2522,0.780165;60,4463,0.795041
16,6777;163,24749,1;19,1266,0.949587;27,2128,0.977686;47,2427,0.783471;56,4167,0.8
16,6829;189,26251,1;20,1493,0.957025;30,2553,0.990909;48,2486,0.780165;57,4318,0.799174
16,6812;184,25574,1;18,1199,0.938017;28,2354,0.991736;48,2532,0.792562;57,4295,0.805785
16,6793;182,25239,1;21,1506,0.964463;28,2287,0.987603;49,2517,0.796694;53,4031,0.806612
16,6832;185,25564,1;21,1433,0.953719;30,2382,0.986777;52,2702,0.795868;61,4609,0.803306
16,6764;184,25295,1;24,1421,0.957025;28,2207,0.985124;49,2544,0.790909;57,4295,0.799174
15,6836;185,25404,1;23,1409,0.95124;29,2420,0.981818;44,2693,0.773554;61,4604,0.78843
15,6773;180,24592,1;16,1130,0.961157;23,1812,0.984298;38,1995,0.771901;44,3353,0.782645
15,6846;180,24688,0.998347;24,1588,0.950413;32,2623,0.978512;55,2715,0.771074;66,4704,0.787603
15,6798;185,25309,0.999174;26,1347,0.965289;28,2146,0.977686;51,2525,0.761157;56,4143,0.78843
15,6821;179,24632,0.997521;20,1283,0.960331;27,2196,0.980992;46,2432,0.757851;56,4207,0.786777
15,6816;184,25304,1;23,1310,0.950413;32,2574,0.98595;52,2697,0.754545;57,4305,0.773554
15,6734;183,25132,0.999174;20,1368,0.943802;27,2241,0.989256;49,2542,0.771901;57,4259,0.791736
15,6833;184,25261,0.998347;21,1389,0.934711;31,2493,0.987603;51,2622,0.779339;61,4579,0.790909
15,6810;183,25148,1;27,1236,0.961157;29,2271,0.987603;48,2543,0.795041;53,4039,0.800826
15,6800;176,24083,0.999174;20,1303,0.959504;27,2239,0.980165;47,2455,0.778512;55,4053,0.786777
15,6775;184,25245,0.999174;23,1461,0.953719;29,2396,0.986777;46,2372,0.765289;58,4354,0.786777
15,6850;186,25417,1;26,1470,0.957851;30,2465,0.98595;53,2760,0.77686;59,4393,0.78843
15,6778;184,25344,1;26,1379,0.95124;32,2370,0.977686;48,2494,0.763636;55,4178,0.781818
15,6810;183,25254,1;23,1328,0.945455;27,2262,0.989256;43,2326,0.761157;51,3882,0.777686
15,6830;181,25130,1;23,1522,0.94876;30,2579,0.98595;54,2781,0.766116;61,4623,0.773554
28,6766;188,26019,1;22,1381,0.969421;29,2250,0.990909;53,2617,0.777686;58,4242,0.789256
15,6708;180,24812,1;24,1224,0.960331;28,2131,0.98843;47,2379,0.792562;52,3830,0.807438
15,6809;184,25592,1;25,1490,0.932231;31,2531,0.986777;54,2677,0.78595;61,4464,0.808264
16,6818;181,25124,1;26,1644,0.953719;34,2839,0.982645;58,2825,0.791736;65,4654,0.81405
15,6691;184,25372,1;20,1300,0.94876;29,2414,0.987603;53,2609,0.786777;55,4110,0.807438
15,6799;184,25338,1;19,1361,0.956198;29,2425,0.984298;48,2459,0.8;58,4254,0.815702
16,6821;186,25648,1;28,1495,0.958678;33,2457,0.984298;52,2557,0.782645;60,4348,0.805785
16,6802;183,25028,1;37,1493,0.964463;38,2378,0.987603;52,2630,0.790909;56,4112,0.812397
16,6839;182,25030,1;27,1557,0.928926;37,2765,0.984298;59,2900,0.799174;66,4846,0.819008
16,6714;181,24900,1;22,1387,0.952893;29,2279,0.989256;49,2523,0.803306;54,4049,0.823967
16,6800;180,24381,1;21,1348,0.95124;28,2250,0.981818;47,2483,0.806612;54,4103,0.822314
15,6802;186,25822,1;20,1384,0.943802;28,2239,0.981818;46,2361,0.795041;55,4179,0.821488
15,6814;184,25439,0.997521;25,1457,0.942149;31,2369,0.98843;53,2725,0.797521;57,4313,0.820661
15,6846;180,24990,0.998347;25,1594,0.944628;35,2666,0.972727;61,3042,0.786777;65,4863,0.81157
15,6797;184,25635,1;36,1744,0.957025;40,2866,0.985124;55,2719,0.771074;65,4774,0.810744
15,6751;188,26282,1;31,1761,0.961983;34,2732,0.986777;55,2696,0.773554;63,4574,0.814876
15,6768;185,25839,1;32,1584,0.96281;31,2463,0.980992;53,2653,0.772727;62,4539,0.815702
15,6824;186,26188,0.999174;24,1472,0.944628;34,2713,0.980165;52,2633,0.804959;59,4368,0.820661
15,6807;185,25623,0.999174;23,1517,0.952066;31,2758,0.98595;48,2477,0.795041;55,4106,0.81405
15,6839;184,25578,1;23,1578,0.949587;31,2647,0.989256;61,3015,0.81157;66,4740,0.824793
15,6746;184,25669,1;22,1621,0.96281;26,2231,0.980165;46,2311,0.8;51,3842,0.828926
15,6802;182,25311,1;36,1592,0.956198;39,2801,0.97686;51,2596,0.813223;62,4627,0.83719
15,6785;182,25257,0.998347;24,1491,0.952066;32,2541,0.98595;57,2888,0.806612;60,4496,0.822314
15,6872;186,26164,1;27,1667,0.940496;37,2957,0.977686;61,3049,0.808264;68,4975,0.819008
15,6818;187,26318,0.997521;22,1554,0.942975;32,2693,0.987603;55,2736,0.804132;62,4565,0.821488
15,6855;188,26480,1;30,1722,0.933884;36,2869,0.98595;59,2906,0.795868;68,5016,0.820661
15,6809;188,26237,1;25,1628,0.958678;31,2597,0.98595;56,2826,0.789256;64,4771,0.812397
14,6779;181,26142,1;32,1659,0.949587;35,2867,0.980165;58,2864,0.790083;65,4747,0.813223
15,6829;187,26187,1;21,1457,0.953719;30,2524,0.989256;48,2477,0.801653;58,4305,0.819835
15,6811;184,25726,0.998347;26,1535,0.949587;31,2510,0.985124;51,2533,0.780992;57,4240,0.809091
15,6784;185,25803,1;34,1586,0.956198;29,2524,0.985124;52,2647,0.789256;55,4112,0.815702
15,6843;186,25978,1;27,1432,0.947107;34,2637,0.986777;53,2698,0.781818;60,4405,0.818182
15,6816;180,24901,1;19,1269,0.949587;26,2195,0.98595;52,2658,0.780992;58,4301,0.804959
15,6840;182,25245,0.999174;24,1524,0.957025;31,2599,0.986777;54,2822,0.801653;64,4681,0.815702
15,6703;185,25506,1;19,1306,0.947934;28,2392,0.981818;50,2526,0.792562;59,4349,0.813223
21,6817;183,25169,1;26,1628,0.940496;34,2744,0.98843;51,2635,0.791736;60,4564,0.818182
15,6784;180,24891,0.999174;18,1309,0.936364;28,2347,0.98595;51,2628,0.790909;55,4191,0.808264
15,6835;183,25533,1;22,1609,0.934711;32,2735,0.963636;55,2826,0.773554;63,4641,0.800826
15,6816;189,26392,1;22,1550,0.932231;31,2638,0.98843;54,2660,0.780992;61,4488,0.805785
27,6819;182,25191,0.999174;22,1491,0.946281;32,2682,0.992562;56,2779,0.773554;58,4621,0.797521
15,6814;184,25535,1;22,1550,0.954545;32,2570,0.980992;56,2813,0.784298;65,4737,0.81157
15,6836;183,25554,1;19,1404,0.918182;30,2653,0.982645;54,2773,0.800826;58,4308,0.821488
15,6846;180,24732,1;31,1628,0.945455;37,2800,0.990909;55,2788,0.804132;64,4653,0.828926
15,6801;181,24755,0.998347;21,1499,0.957851;29,2519,0.985124;55,2800,0.799174;58,4255,0.82562
19,6797;179,24685,0.999174;19,1309,0.942975;31,2648,0.981818;49,2527,0.803306;57,4350,0.828099
15,6843;186,25849,1;24,1533,0.950413;32,2490,0.980992;52,2679,0.792562;61,4598,0.822314
15,6726;180,24906,1;26,1494,0.934711;35,2510,0.981818;53,2679,0.804959;58,4199,0.826446
15,6841;185,25433,0.998347;25,1614,0.953719;33,2614,0.98843;57,2881,0.821488;67,4935,0.842975
15,6827;185,25453,1;24,1385,0.93719;27,2304,0.990909;54,2713,0.822314;57,4215,0.841322
16,6766;187,25498,1;22,1258,0.952893;25,1971,0.986777;43,2279,0.827273;48,3627,0.839669
16,6830;184,25191,1;30,1690,0.936364;33,2792,0.987603;60,3056,0.820661;67,4956,0.839669
16,6854;184,25543,1;34,1630,0.930579;41,2907,0.985124;57,2897,0.815702;65,4776,0.835537
16,6812;185,25538,1;24,1564,0.949587;31,2530,0.981818;53,2703,0.802479;60,4464,0.823967
16,6792;182,25174,1;24,1373,0.94876;29,2237,0.976033;52,2651,0.802479;58,4244,0.822314
16,6824;188,26039,1;27,1620,0.952066;33,2592,0.977686;58,2904,0.820661;64,4622,0.832231
16,6762;187,25981,1;30,1779,0.94876;38,2832,0.97686;57,2808,0.792562;63,4540,0.824793
16,6824;184,25375,0.999174;28,1612,0.950413;36,2749,0.975207;63,3167,0.813223;64,4657,0.838017
16,6847;183,25282,1;29,1637,0.92562;34,2812,0.983471;55,2856,0.803306;58,4405,0.832231
16,6711;182,25162,1;32,1821,0.932231;32,2805,0.97686;54,2762,0.813223;58,4362,0.833884
15,6602;183,25191,1;39,1561,0.944628;37,2626,0.982645;48,2606,0.822314;54,4263,0.840496
16,6888;182,25155,1;25,1797,0.95124;37,3011,0.98595;61,3080,0.810744;66,4905,0.82314
15,6800;185,25094,1;23,1608,0.963636;29,2611,0.985124;53,2682,0.817355;57,4366,0.823967
16,6784;186,25210,0.999174;28,1447,0.952893;27,2369,0.987603;48,2603,0.813223;57,4432,0.828099
19,6787;187,25282,1;24,1569,0.934711;30,2597,0.983471;54,2802,0.814876;64,4853,0.828926
15,6809;184,25424,0.999174;24,1591,0.957851;29,2523,0.983471;47,2467,0.81405;55,4219,0.833884
15,6874;191,26348,0.999174;31,2061,0.966116;43,3363,0.984298;66,3231,0.801653;74,5268,0.824793
15,6788;186,25714,0.998347;26,1762,0.957025;33,2898,0.987603;54,2654,0.797521;63,4567,0.828926
15,6791;184,25616,1;27,1758,0.970248;33,2802,0.98843;55,2751,0.81405;60,4434,0.838843
15,6775;184,25322,1;23,1571,0.958678;31,2779,0.97686;55,2734,0.814876;62,4499,0.845455
15,6878;187,25718,1;27,1779,0.95124;37,3124,0.982645;60,3057,0.834711;68,5088,0.855372
15,6832;190,26004,1;27,1700,0.947107;34,2824,0.992562;56,2871,0.845455;62,4643,0.861983
15,6844;188,25765,1;29,1683,0.961983;33,2833,0.994215;59,3048,0.843802;65,4907,0.857025
15,6825;184,25181,1;36,1576,0.940496;37,2504,0.989256;51,2657,0.839669;62,4644,0.860331
15,6737;187,25473,1;21,1384,0.919008;30,2462,0.978512;50,2590,0.827273;57,4095,0.847107
15,6789;184,25164,1;34,1817,0.956198;38,3033,0.990909;57,2873,0.82314;66,4942,0.84876
15,6812;187,25745,1;29,1523,0.946281;29,2369,0.989256;47,2464,0.809917;60,4467,0.839669
15,6884;187,26003,1;39,2006,0.953719;43,3197,0.996694;64,3209,0.828099;73,5360,0.843802
15,6790;187,26049,1;38,1744,0.96281;41,2781,0.990909;52,2695,0.833884;59,4378,0.856198
15,6816;187,25865,0.999174;21,1338,0.946281;29,2371,0.989256;47,2542,0.841322;50,3874,0.852066
15,6802;183,25092,0.999174;25,1514,0.959504;31,2550,0.983471;51,2666,0.827273;59,4536,0.847107
15,6855;185,25423,1;21,1390,0.935537;35,2645,0.982645;58,2976,0.829752;65,4915,0.839669
15,6848;183,25520,1;24,1659,0.953719;33,2500,0.971074;48,2516,0.833884;53,4030,0.845455
15,6868;185,25647,1;26,1791,0.950413;36,3191,0.977686;56,2839,0.831405;67,5000,0.852893
15,6869;185,25876,1;26,1780,0.945455;35,3039,0.990909;55,2839,0.819835;62,4721,0.847934
15,6772;190,25781,1;23,1490,0.942149;34,2366,0.979339;51,2597,0.819835;60,4492,0.850413
15,6843;186,25574,1;30,1789,0.940496;34,2779,0.983471;54,2788,0.828926;63,4531,0.856198
14,6790;188,26235,1;24,1779,0.952893;34,2860,0.984298;52,2615,0.838843;62,4642,0.855372
15,6850;186,25805,1;25,1575,0.957851;31,2671,0.98595;59,3028,0.838017;66,4818,0.854545
15,6860;186,25938,1;32,1881,0.958678;39,3154,0.98843;61,3021,0.842149;71,5160,0.858678
16,6797;186,25707,1;35,1776,0.961157;37,2614,0.982645;49,2498,0.844628;56,4123,0.867769
16,6773;190,26554,1;26,1765,0.957851;37,3023,0.980992;57,2908,0.855372;61,4546,0.869421
16,6836;184,25511,1;26,1649,0.959504;35,2781,0.990083;54,2779,0.843802;61,4616,0.861157
16,6856;193,26937,1;25,1565,0.927273;35,2745,0.990909;57,2930,0.835537;66,4908,0.866116
16,6857;184,25672,0.999174;31,1789,0.957025;36,2854,0.98843;55,2794,0.839669;62,4642,0.864463
15,6841;180,25024,1;25,1722,0.944628;33,2850,0.984298;57,2916,0.847107;62,4738,0.863636
15,6849;189,26242,1;24,1575,0.95124;33,2874,0.987603;49,2552,0.831405;55,4273,0.855372
15,6852;186,25698,0.999174;28,1852,0.964463;37,2986,0.990909;56,2804,0.844628;62,4548,0.853719
15,6855;184,25474,1;24,1548,0.961983;31,2459,0.984298;54,2799,0.841322;63,4615,0.847934
15,6856;185,25655,0.999174;35,1809,0.952066;40,3179,0.984298;59,3089,0.843802;66,4956,0.855372
15,6740;182,25137,1;23,1422,0.944628;31,2642,0.98843;52,2676,0.861983;57,4105,0.863636
15,6883;188,25864,1;28,1997,0.95124;41,3428,0.987603;61,3112,0.852893;66,4847,0.871901
16,6835;182,24625,0.999174;29,1859,0.959504;41,3010,0.992562;57,3046,0.861983;63,4717,0.884298
16,6816;189,25954,1;31,1567,0.945455;35,2517,0.985124;52,2762,0.857851;56,4272,0.877686
16,6840;179,24448,1;25,1552,0.946281;32,2627,0.990909;49,2615,0.852066;58,4413,0.873554
15,6722;179,24458,0.999174;38,1537,0.947934;36,2493,0.990909;42,2304,0.826446;51,3859,0.858678
16,6803;188,26001,1;21,1393,0.946281;32,2547,0.985124;48,2618,0.82314;53,4055,0.847107
16,6823;183,25102,0.997521;26,1798,0.943802;37,2962,0.982645;59,3010,0.82562;65,4710,0.852893
30,6835;186,25486,0.997521;26,1623,0.93719;32,2614,0.970248;58,2993,0.82562;66,4875,0.85124
15,6759;184,25430,0.998347;21,1334,0.942975;30,2342,0.983471;47,2435,0.828926;56,4226,0.860331
15,6854;188,26092,1;33,1834,0.954545;37,2812,0.979339;61,3088,0.819008;69,4995,0.844628
15,6875;184,25452,1;29,1889,0.95124;36,3009,0.982645;62,3121,0.819008;69,5134,0.841322
15,6866;187,25926,1;22,1689,0.949587;34,2884,0.984298;56,2903,0.820661;65,4717,0.83719
15,6840;188,26009,1;27,1565,0.94876;36,2820,0.986777;55,2835,0.808264;62,4561,0.829752
23,6822;187,25741,1;21,1533,0.938843;33,2913,0.990909;49,2600,0.794215;58,4303,0.822314
15,6844;183,25170,0.998347;28,1778,0.956198;34,2879,0.994215;52,2704,0.804132;62,4647,0.835537
15,6843;185,25332,0.995868;26,1578,0.950413;31,2605,0.990083;54,2772,0.81405;59,4502,0.842975
15,6864;190,26192,1;24,1751,0.955372;34,2840,0.97686;60,3052,0.808264;68,5095,0.838017
15,6774;183,24935,0.998347;22,1412,0.940496;35,2467,0.980165;51,2649,0.810744;57,4233,0.836364
15,6821;185,25098,1;25,1549,0.919008;33,2702,0.990909;57,2950,0.827273;62,4682,0.85124
15,6773;182,25045,0.999174;32,1654,0.953719;32,2499,0.979339;48,2517,0.828099;58,4327,0.846281
15,6826;186,25489,0.998347;29,1572,0.932231;36,2694,0.980992;54,2764,0.826446;62,4657,0.843802
15,6823;181,24656,1;26,1493,0.958678;32,2453,0.987603;51,2614,0.810744;57,4151,0.829752
15,6822;186,25723,0.998347;24,1680,0.95124;35,2693,0.990909;48,2473,0.817355;58,4345,0.841322
14,6602;187,25908,1;22,1419,0.95124;29,2396,0.984298;45,2350,0.823967;51,3908,0.844628
15,6881;182,25277,1;25,1562,0.955372;32,2694,0.990909;59,3070,0.822314;65,4870,0.83719
15,6868;185,25424,0.999174;38,1796,0.968595;36,2751,0.982645;54,2787,0.83719;65,4838,0.850413
11,6833;181,25119,1;22,1618,0.96281;32,2747,0.987603;49,2578,0.824793;58,4390,0.842975
9,6819;180,24780,1;26,1628,0.96281;33,2746,0.992562;56,2943,0.850413;62,4714,0.857025
15,6741;183,25286,1;21,1437,0.930579;32,2629,0.986777;49,2583,0.843802;54,4089,0.850413
15,6696;183,25372,1;30,1785,0.930579;38,2804,0.978512;55,2740,0.819835;63,4629,0.839669
15,6802;180,24768,1;31,1638,0.960331;32,2629,0.982645;59,3035,0.828099;68,5071,0.860331
14,6467;182,25103,1;23,1479,0.953719;26,2222,0.984298;45,2352,0.832231;52,3966,0.855372
15,6822;177,24114,1;30,1562,0.95124;34,2606,0.993388;56,2977,0.846281;66,4988,0.855372
29,6812;185,25334,1;23,1324,0.94876;28,2286,0.98843;48,2609,0.838017;54,4213,0.844628
16,6816;182,24991,1;29,1646,0.93719;34,2597,0.992562;52,2701,0.823967;61,4676,0.843802
15,6818;180,24582,1;33,1686,0.95124;32,2507,0.987603;54,2856,0.813223;59,4438,0.826446
16,6827;181,24684,1;23,1398,0.954545;30,2377,0.980992;51,2645,0.815702;58,4432,0.822314
16,6839;184,25063,1;24,1577,0.961983;28,2466,0.984298;49,2559,0.804132;58,4425,0.822314
16,6846;180,24467,1;21,1476,0.944628;31,2555,0.981818;54,2898,0.828099;60,4611,0.834711
16,6885;185,25412,1;22,1543,0.957851;30,2357,0.987603;57,2987,0.819008;62,4754,0.826446
16,6825;184,25423,1;25,1306,0.953719;28,2141,0.983471;45,2439,0.790909;56,4248,0.808264
16,6853;187,25826,1;23,1565,0.939669;30,2626,0.980165;56,2946,0.790083;68,5151,0.821488
16,6850;179,24526,1;24,1544,0.966942;33,2708,0.990909;50,2591,0.797521;62,4768,0.815702
15,6754;183,25047,1;23,1311,0.952893;27,2242,0.98843;37,2244,0.799174;47,3699,0.822314
16,6863;180,24598,1;25,1689,0.954545;32,2800,0.991736;59,3001,0.801653;65,4828,0.828099
16,6819;182,24907,1;23,1435,0.942149;28,2333,0.985124;47,2434,0.813223;53,4049,0.836364
16,6834;184,25333,1;24,1487,0.940496;30,2409,0.98595;56,2978,0.817355;59,4583,0.83719
16,6895;179,24628,0.999174;25,1579,0.947107;31,2693,0.990909;54,2786,0.819835;61,4646,0.835537
20,6824;186,25828,1;21,1440,0.957851;29,2485,0.982645;51,2655,0.809091;56,4266,0.831405
16,6803;183,25278,1;24,1483,0.957025;30,2396,0.989256;50,2536,0.803306;56,4272,0.834711
28,6776;178,24451,1;22,1425,0.967769;28,2134,0.989256;45,2383,0.809917;52,4038,0.838017
14,6465;180,24843,0.999174;23,1410,0.935537;27,2240,0.970248;50,2543,0.806612;53,4016,0.843802
14,6712;184,25123,1;20,1217,0.957851;26,2107,0.983471;43,2335,0.815702;51,4004,0.847934
15,6755;179,24453,1;20,1210,0.960331;24,1856,0.980165;46,2468,0.815702;47,3719,0.833058
14,6701;177,24122,1;17,1185,0.949587;25,2101,0.984298;39,2118,0.82314;46,3623,0.836364
14,6594;183,25237,1;22,1421,0.966942;27,2250,0.990909;42,2271,0.834711;49,3746,0.847107
14,6569;185,25633,1;20,1334,0.950413;28,2315,0.990909;45,2390,0.827273;52,4012,0.842975
13,5998;184,25248,1;19,1185,0.961983;23,1820,0.98843;37,2017,0.817355;41,3224,0.839669
14,6555;183,25311,1;20,1334,0.947934;28,2341,0.993388;44,2354,0.827273;53,4046,0.846281
13,6142;187,25826,1;17,902,0.945455;23,1667,0.991736;34,1901,0.835537;39,3001,0.865289
14,6513;182,25123,1;20,1325,0.947107;27,2343,0.986777;41,2212,0.833058;48,3684,0.86281
15,6726;183,25201,1;23,1355,0.963636;29,2232,0.995868;43,2352,0.839669;48,3755,0.86281
14,6682;182,25195,1;26,1512,0.940496;33,2646,0.992562;49,2551,0.846281;54,4154,0.866942
15,6856;179,25064,1;23,1591,0.946281;29,2508,0.979339;52,2772,0.846281;58,4411,0.857025
13,6083;184,25737,1;16,1118,0.958678;22,1811,0.978512;37,1933,0.865289;41,3251,0.879339
14,6420;182,25254,1;15,989,0.964463;19,1662,0.978512;34,1873,0.863636;39,3099,0.875207
14,6722;184,25603,1;24,1506,0.960331;27,2247,0.987603;43,2293,0.857851;49,3780,0.867769
11,5315;186,25821,1;18,1052,0.952893;23,1738,0.987603;33,1776,0.843802;39,3086,0.868595
12,5546;183,25500,1;24,1369,0.935537;25,1984,0.987603;33,1755,0.866942;41,3175,0.886777
13,6194;184,25779,1;20,1279,0.96281;27,2066,0.996694;38,2043,0.87438;46,3506,0.881818
14,6366;184,25424,1;20,1331,0.954545;30,2377,0.994215;42,2280,0.867769;48,3679,0.88595
13,5877;182,25435,1;14,798,0.945455;21,1601,0.995041;32,1712,0.866116;37,2901,0.880165
11,4943;186,25896,1;15,763,0.940496;19,1393,0.987603;26,1394,0.873554;29,2368,0.886777
12,5647;181,25102,1;12,711,0.970248;17,1228,0.992562;25,1369,0.881818;28,2230,0.896694
6,2781;186,25874,1;6,266,0.963636;8,552,0.993388;11,619,0.877686;12,1126,0.890909
5,2224;186,25733,1;8,280,0.961157;8,448,0.992562;9,529,0.882645;10,877,0.898347
24,3816;182,25180,1;11,408,0.957851;16,867,0.990083;16,836,0.88843;18,1374,0.896694
4,2011;181,24939,1;5,221,0.968595;7,336,0.992562;9,499,0.886777;10,828,0.893388
5,2273;186,25905,1;5,176,0.967769;6,355,0.995041;7,387,0.882645;8,737,0.890909
5,2383;183,25321,0.999174;5,184,0.96281;7,419,0.992562;9,496,0.881818;7,753,0.892562
4,2091;182,25303,1;5,163,0.967769;7,356,0.992562;8,418,0.883471;10,799,0.891736
1,783;184,25526,1;4,104,0.967769;5,145,0.993388;2,144,0.887603;3,254,0.894215
4,1911;187,26147,1;9,227,0.961157;9,416,0.990083;8,420,0.878512;11,882,0.892562
