6,7140;26,8812,1;9,4121,0.978333;12,6007,0.998333;13,4139,0.991667;13,4768,0.983333
7,6708;28,9143,1;4,1789,0.973333;12,3059,0.96;12,2349,0.868333;12,2863,0.955
7,6879;31,8702,0.986667;10,2185,0.978333;12,3148,0.983333;8,2353,0.841667;8,2706,0.793333
6,6305;25,8142,0.993333;6,1371,0.963333;10,2530,0.99;9,1876,0.755;10,2267,0.863333
6,6291;23,8411,1;4,1423,0.868333;6,2330,0.881667;8,1816,0.808333;10,2160,0.78
7,6699;23,8250,1;8,1680,0.923333;10,2748,0.893333;10,2047,0.751667;8,2212,0.826667
7,6794;23,8349,0.998333;9,1854,0.926667;13,3209,0.95;12,2480,0.833333;12,2781,0.891667
6,6528;23,8546,0.996667;8,1695,0.895;9,2778,0.913333;10,2004,0.826667;10,2170,0.831667
6,6466;23,8459,1;9,1923,0.923333;9,2821,0.918333;8,2293,0.865;10,2276,0.78
7,6894;23,8196,0.998333;6,1806,0.86;11,2918,0.896667;13,2492,0.69;13,2867,0.855
7,6830;23,8396,0.991667;9,1875,0.896667;14,3427,0.995;14,2639,0.831667;12,2547,0.83
7,6968;23,8332,0.998333;9,2022,0.943333;13,2947,0.973333;9,2658,0.758333;10,2875,0.91
6,6375;22,8189,1;7,1491,0.88;10,2301,0.93;10,1812,0.748333;9,1974,0.836667
6,6626;32,8413,1;7,1629,0.803333;7,2615,0.966667;11,2310,0.808333;11,2482,0.91
6,6646;23,8173,1;8,1683,0.825;11,2637,0.96;11,2019,0.708333;11,2421,0.815
6,6642;23,8249,1;5,1542,0.821667;7,2524,0.966667;8,2253,0.811667;7,2261,0.915
6,6717;23,8216,1;5,1568,0.886667;7,2510,0.98;6,1880,0.765;6,1915,0.825
6,6459;33,8204,1;5,1510,0.77;6,2409,0.9;8,2303,0.711667;6,1975,0.803333
6,6717;26,8121,1;9,1765,0.915;11,2602,0.931667;9,1881,0.758333;11,2349,0.865
6,6661;25,7894,0.986667;8,1575,0.873333;11,2593,0.981667;10,1792,0.741667;9,1851,0.835
6,6409;25,8066,1;7,1440,0.806667;9,2221,0.935;8,1731,0.763333;8,1827,0.848333
6,6853;25,7816,0.998333;8,1664,0.828333;12,2687,0.933333;10,1789,0.721667;10,2180,0.823333
7,6991;25,7782,1;8,1683,0.965;12,2671,0.98;11,2130,0.861667;9,1916,0.75
6,6413;26,8351,1;7,1383,0.865;9,2053,0.831667;8,1636,0.673333;8,1843,0.746667
6,6787;23,7993,1;8,1657,0.913333;10,2309,0.768333;9,1586,0.61;9,1971,0.81
6,6504;23,8221,1;7,1400,0.836667;8,2359,0.77;6,1551,0.65;5,1789,0.758333
6,6397;23,8151,1;5,1534,0.886667;7,2434,0.833333;5,1607,0.646667;5,1743,0.748333
6,6276;24,8052,1;6,1247,0.771667;10,2233,0.811667;8,1550,0.683333;8,1666,0.85
6,6578;22,7540,1;7,1450,0.875;10,2339,0.898333;9,1596,0.818333;8,1761,0.818333
5,5769;23,8011,1;5,1050,0.736667;9,1828,0.875;7,1378,0.775;6,1250,0.708333
5,5632;23,7941,0.985;6,1205,0.768333;8,1834,0.885;6,1194,0.753333;7,1490,0.778333
6,5900;23,8059,0.978333;7,1367,0.801667;8,1929,0.883333;6,1215,0.711667;6,1397,0.826667
6,5864;37,8236,1;6,1271,0.773333;9,2018,0.883333;7,1567,0.725;7,1577,0.755
5,5669;23,8121,1;6,1182,0.703333;9,2039,0.81;7,1342,0.79;6,1445,0.823333
5,5506;23,8322,1;6,1119,0.661667;9,1956,0.906667;13,1451,0.813333;6,1233,0.761667
4,4756;23,8122,0.998333;5,947,0.685;7,1611,0.886667;4,860,0.725;4,1066,0.665
4,4559;23,8085,1;5,954,0.66;8,1625,0.923333;7,1402,0.84;6,1383,0.8
4,4171;23,8213,1;5,787,0.656667;5,1119,0.928333;4,840,0.858333;4,971,0.763333
3,3533;23,8119,0.985;4,534,0.555;5,1029,0.866667;3,716,0.785;4,1022,0.83
2,2524;26,8441,1;2,307,0.5;3,455,0.756667;2,523,0.791667;4,1062,0.888333
1,1497;23,8307,1;2,297,0.463333;2,538,0.775;3,721,0.8;2,619,0.9
0,837;24,8589,0.998333;2,250,0.463333;4,521,0.785;1,304,0.815;1,295,0.898333
0,361;25,8730,1;1,54,0.453333;1,116,0.786667;0,73,0.798333;0,116,0.881667
