118,7140;266,9508,0.991667;123,4246,0.953333;172,5978,0.976667;154,4749,0.97;160,5125,0.975
110,6591;266,9540,0.988333;58,1914,0.975;88,2961,0.976667;69,2126,0.803333;81,2642,0.85
106,6521;253,8817,0.996667;54,1873,0.945;81,2854,0.97;73,2380,0.815;83,2807,0.92
105,6399;243,8609,0.998333;52,1725,0.938333;78,2761,0.971667;66,2152,0.813333;71,2364,0.918333
113,6671;253,8797,0.995;54,1817,0.941667;79,2765,0.966667;65,2111,0.835;65,2218,0.885
108,6550;248,8479,0.996667;54,1771,0.87;80,2748,0.946667;68,2223,0.818333;74,2502,0.821667
118,6839;245,8539,1;65,2139,0.94;89,3113,0.97;79,2543,0.805;83,2733,0.913333
110,6495;244,8416,0.998333;52,1649,0.89;84,2889,0.955;61,1972,0.818333;75,2498,0.891667
108,6560;251,8680,0.996667;57,1918,0.936667;83,2860,0.953333;71,2315,0.878333;77,2562,0.848333
114,6826;256,8828,1;63,2109,0.936667;92,3192,0.966667;78,2521,0.888333;85,2742,0.798333
112,6615;256,8884,0.996667;54,1701,0.933333;86,2884,0.935;65,2067,0.786667;92,2942,0.845
113,6809;242,8540,0.995;50,1556,0.808333;88,2917,0.916667;68,2088,0.835;85,2704,0.771667
115,6790;242,8349,1;57,1842,0.901667;89,2979,0.973333;79,2453,0.8;76,2438,0.768333
109,6549;242,8482,0.998333;56,1809,0.928333;90,3034,0.953333;76,2399,0.786667;76,2474,0.748333
109,6531;243,8488,0.99;52,1678,0.923333;78,2675,0.976667;62,1995,0.696667;67,2206,0.828333
111,6637;238,8351,1;47,1533,0.863333;84,2824,0.963333;79,2461,0.74;61,2019,0.753333
109,6509;255,8729,1;50,1617,0.851667;80,2722,0.921667;55,1747,0.746667;60,1941,0.741667
114,6850;244,8446,1;61,1937,0.88;91,3066,0.88;73,2304,0.908333;85,2667,0.843333
106,6326;242,8425,1;52,1626,0.896667;86,2801,0.931667;57,1771,0.865;64,2031,0.771667
107,6599;244,8430,0.981667;54,1695,0.933333;81,2619,0.898333;53,1650,0.743333;70,2218,0.831667
105,6488;233,8103,0.976667;47,1447,0.955;64,2060,0.898333;53,1636,0.791667;67,2119,0.858333
111,6830;247,8403,1;57,1820,0.945;90,2993,0.913333;69,2133,0.788333;69,2249,0.906667
97,6009;244,8526,1;52,1558,0.895;77,2414,0.933333;68,2026,0.788333;58,1793,0.773333
105,6487;245,8342,0.998333;47,1416,0.826667;81,2540,0.938333;54,1621,0.77;61,1876,0.795
107,6587;241,8360,1;52,1599,0.845;77,2464,0.84;68,2029,0.746667;65,2026,0.751667
98,6096;236,8134,0.998333;43,1307,0.815;72,2270,0.891667;62,1878,0.786667;60,1868,0.795
104,6463;236,8247,0.993333;48,1498,0.826667;67,2182,0.818333;55,1677,0.795;59,1864,0.728333
101,6263;213,7987,0.988333;45,1387,0.805;70,2269,0.885;58,1751,0.825;63,1947,0.855
102,6324;200,8362,1;51,1526,0.806667;78,2470,0.843333;53,1605,0.791667;54,1641,0.758333
113,6189;242,8250,1;49,1443,0.756667;75,2363,0.851667;53,1552,0.741667;59,1775,0.75
97,6059;244,8465,0.991667;50,1459,0.815;76,2303,0.858333;39,1149,0.723333;59,1776,0.811667
96,5939;241,8195,1;50,1423,0.82;60,1795,0.771667;55,1611,0.883333;47,1401,0.821667
99,6137;235,8134,1;39,1128,0.798333;57,1682,0.823333;51,1475,0.888333;51,1526,0.785
90,5332;239,8126,0.99;42,1218,0.79;63,1926,0.858333;45,1337,0.923333;48,1439,0.855
94,5672;241,8377,0.998333;39,1133,0.803333;59,1779,0.886667;41,1206,0.808333;47,1426,0.846667
88,5354;236,8088,0.996667;39,1122,0.765;61,1817,0.873333;46,1363,0.935;48,1456,0.846667
79,4751;245,8532,0.998333;35,993,0.718333;51,1519,0.843333;33,981,0.913333;36,1122,0.77
68,4168;256,8807,1;31,920,0.79;37,1089,0.806667;42,1252,0.955;37,1120,0.813333
61,3627;248,8692,0.998333;26,742,0.736667;44,1337,0.783333;36,1090,0.895;34,1061,0.798333
39,2333;264,9196,0.996667;16,423,0.636667;27,826,0.801667;26,776,0.923333;23,735,0.791667
29,1374;268,9412,0.998333;11,249,0.625;13,346,0.815;12,364,0.951667;8,280,0.816667
18,1063;265,9223,0.98;7,140,0.563333;16,476,0.796667;10,320,0.911667;16,509,0.811667
6,361;263,9339,0.975;5,97,0.568333;7,155,0.793333;4,115,0.911667;3,105,0.813333
4,243;268,9300,0.998333;3,52,0.566667;5,117,0.795;1,50,0.913333;2,69,0.813333
