6,7140;28,9094,0.998333;14,3914,0.968333;20,5863,0.996667;23,4357,0.971667;20,4531,0.971667
6,7260;28,8877,1;11,2727,0.966667;15,4036,0.991667;16,2952,0.915;15,3341,0.925
6,7259;27,8465,1;12,2682,0.956667;18,4316,0.988333;16,3053,0.903333;16,3405,0.888333
6,7281;35,8301,0.965;13,2921,0.976667;30,4532,0.988333;26,2959,0.918333;21,3321,0.915
6,7291;27,8557,1;18,2896,0.958333;20,4462,0.99;18,2942,0.916667;15,3282,0.95
6,7275;34,8745,0.998333;12,2758,0.945;18,4237,0.893333;17,2967,0.881667;15,3216,0.96
6,7264;27,8372,1;12,2555,0.968333;18,3978,0.923333;16,3031,0.92;14,2851,0.875
6,7236;27,8306,1;12,2508,0.873333;17,3822,0.99;15,2701,0.881667;13,2643,0.718333
6,7245;26,7883,0.998333;10,2208,0.85;16,3551,0.99;14,2549,0.878333;13,2770,0.915
6,7242;27,8261,1;13,2581,0.965;17,3762,0.991667;15,2768,0.813333;14,2817,0.91
6,7235;27,8139,1;12,2605,0.936667;16,3754,0.978333;15,2801,0.845;15,3076,0.955
6,7253;28,8404,1;12,2559,0.951667;15,3583,0.936667;15,2741,0.853333;14,2874,0.951667
6,7237;28,8280,1;12,2406,0.916667;23,3513,0.901667;13,2364,0.88;13,2740,0.866667
5,6955;26,7950,1;10,1812,0.831667;12,2629,0.775;12,2264,0.83;11,2245,0.951667
6,6703;24,8096,1;9,1949,0.84;12,2918,0.836667;10,1922,0.85;9,1969,0.856667
5,5850;24,8168,1;6,1085,0.668333;9,2085,0.721667;8,1659,0.923333;7,1639,0.84
3,4128;25,8593,1;5,1019,0.638333;7,1402,0.66;6,1213,0.863333;6,1338,0.796667
1,1941;25,8672,0.998333;3,375,0.54;5,957,0.658333;3,649,0.883333;3,851,0.831667
