10,7140;30,8774,1;16,3596,0.99;22,5155,0.978333;21,3524,0.913333;19,3724,0.98
11,7239;30,8473,1;12,2369,0.943333;16,3614,0.991667;10,2448,0.835;16,2857,0.883333
11,7216;32,9037,0.996667;13,2356,0.93;18,3972,0.995;11,2847,0.826667;14,2712,0.87
11,7209;41,8215,0.998333;12,2543,0.943333;12,3800,0.965;17,2937,0.865;15,2909,0.928333
17,7251;33,8270,1;15,2973,0.928333;20,4333,0.93;14,2884,0.921667;15,3233,0.91
11,7246;27,8266,0.996667;14,2809,0.968333;15,4258,0.993333;12,2940,0.886667;11,3129,0.916667
11,7269;29,8517,0.985;13,2521,0.951667;29,3962,0.991667;17,2836,0.855;16,3011,0.87
11,7227;31,9010,0.993333;14,2787,0.93;20,4153,0.96;20,3120,0.946667;17,3206,0.921667
11,7264;30,8284,0.996667;15,2629,0.843333;21,4198,0.975;16,2598,0.77;17,3157,0.886667
11,7265;31,8721,1;14,2850,0.956667;20,4319,0.99;18,3149,0.851667;18,3446,0.866667
11,7233;30,8726,1;14,2667,0.958333;18,3894,0.98;17,2886,0.9;15,2826,0.981667
11,7243;29,7968,0.998333;14,2586,0.911667;19,3866,0.925;17,2785,0.793333;16,2940,0.87
11,7185;33,9079,1;12,2312,0.88;23,3801,0.978333;15,2727,0.878333;16,3196,0.883333
11,7233;44,8665,0.988333;14,2707,0.816667;18,3992,0.945;17,2922,0.836667;16,3105,0.91
11,7256;31,8765,0.986667;10,2904,0.926667;17,4246,0.978333;18,3072,0.846667;16,3052,0.851667
11,7238;31,8612,1;13,2575,0.913333;13,4157,0.968333;13,2576,0.871667;16,2968,0.908333
11,7249;30,8560,0.996667;14,2633,0.913333;21,4481,0.956667;14,2474,0.728333;16,3006,0.893333
11,7267;30,8501,0.998333;29,2759,0.946667;21,4191,0.963333;29,2881,0.715;17,3195,0.95
11,7267;30,8529,0.996667;15,2820,0.928333;20,4088,0.961667;13,3161,0.808333;17,3003,0.943333
11,7279;37,9050,1;15,2893,0.861667;21,4525,1;21,3418,0.928333;19,3442,0.963333
11,7270;30,8497,0.998333;15,2916,0.945;21,4399,0.995;18,3007,0.95;16,2900,0.841667
11,7240;34,8393,1;14,2646,0.945;20,3977,0.96;17,2739,0.83;16,2857,0.935
11,7268;30,8604,1;15,2785,0.901667;13,4385,0.961667;20,3258,0.853333;18,3359,0.866667
11,7245;30,8087,0.996667;13,2699,0.916667;17,3994,0.953333;15,2549,0.821667;16,3125,0.883333
11,7257;30,8353,0.986667;12,2295,0.831667;18,3906,0.961667;16,2664,0.823333;14,2749,0.825
11,7245;29,8374,1;13,2693,0.903333;20,4326,0.995;19,3064,0.848333;22,3395,0.921667
11,7251;28,7771,0.998333;13,2766,0.98;18,3834,0.936667;15,2522,0.813333;14,2595,0.918333
11,7238;30,8338,0.991667;14,2628,0.905;18,3862,0.92;17,2729,0.803333;14,2588,0.706667
11,7237;30,8427,1;17,2664,0.981667;19,3839,0.921667;15,2512,0.743333;15,2788,0.9
15,7227;30,8436,1;14,2577,0.901667;18,3937,0.963333;15,2629,0.921667;16,2972,0.938333
12,7213;30,8237,1;11,2033,0.87;16,3564,0.991667;13,2316,0.84;15,2777,0.901667
12,7228;29,7938,0.998333;12,2039,0.853333;18,3576,0.95;17,2934,0.833333;10,2685,0.861667
12,7232;29,8335,1;13,2377,0.931667;30,3757,0.896667;18,2948,0.808333;14,2722,0.91
12,7225;29,8109,0.988333;12,2246,0.901667;16,3344,0.873333;16,2760,0.818333;14,2549,0.89
12,7235;29,7857,1;13,2261,0.941667;17,3347,0.983333;15,2420,0.775;13,2304,0.95
12,7240;27,7727,1;12,2409,0.911667;16,3465,0.921667;16,2605,0.918333;15,2539,0.831667
12,7217;29,8058,0.985;12,2103,0.836667;17,3460,0.931667;13,2128,0.858333;13,2366,0.783333
12,7230;29,8030,1;13,2291,0.956667;16,3119,0.82;14,2290,0.786667;13,2319,0.931667
12,7208;28,7748,0.976667;12,2007,0.933333;17,3344,0.906667;14,2372,0.886667;13,2316,0.836667
12,7224;29,8193,1;12,2263,0.923333;16,3241,0.915;16,2714,0.895;13,2408,0.835
12,7244;28,7735,1;12,2125,0.883333;19,3609,0.908333;17,2579,0.848333;15,2493,0.836667
12,7262;29,8018,0.995;14,2512,0.88;18,3582,0.903333;15,2398,0.721667;16,2919,0.868333
12,7236;28,7844,0.985;13,2401,0.956667;12,3540,0.998333;16,2597,0.838333;15,2774,0.883333
12,7218;30,7932,0.96;11,1962,0.768333;16,3354,0.981667;13,2215,0.823333;12,2229,0.805
12,7258;28,7700,0.991667;9,2458,0.886667;11,3465,0.971667;14,2151,0.89;13,2416,0.856667
12,7256;33,7937,1;12,2266,0.915;17,3328,0.881667;13,2292,0.705;14,2541,0.908333
11,7226;28,7652,0.98;11,2010,0.728333;22,3425,0.998333;15,2399,0.906667;13,2137,0.871667
11,7222;29,8213,1;13,2463,0.846667;18,3474,0.935;13,1975,0.67;13,2309,0.853333
11,7234;33,7883,1;12,2113,0.861667;18,3442,0.911667;15,2363,0.783333;16,2854,0.875
11,7193;29,8036,1;12,2182,0.971667;15,2974,0.936667;16,2534,0.801667;14,2444,0.858333
11,7246;29,8106,0.985;13,2216,0.831667;18,3560,0.978333;14,2371,0.83;15,2600,0.878333
18,7233;29,7864,0.986667;11,2059,0.836667;16,3098,0.946667;12,2012,0.831667;14,2540,0.883333
11,7227;29,7837,0.998333;13,2181,0.766667;17,3249,0.975;13,2120,0.84;13,2199,0.946667
11,7218;29,8237,1;9,2330,0.896667;17,3376,0.9;16,2656,0.86;15,2588,0.858333
11,7236;28,7950,0.963333;12,1993,0.773333;17,3250,0.896667;13,2176,0.783333;15,2435,0.898333
15,7250;30,8176,0.978333;13,2299,0.925;14,3296,0.87;13,2291,0.828333;14,2311,0.895
11,7243;30,8028,1;13,2374,0.98;19,3512,0.936667;15,2323,0.826667;13,2260,0.931667
11,7226;28,7493,1;12,1893,0.816667;17,3145,0.95;14,2167,0.855;12,2128,0.96
11,7237;29,8002,1;10,1912,0.781667;16,3296,0.966667;13,2248,0.903333;12,2178,0.875
17,7230;29,8005,1;12,2296,0.853333;17,3379,0.928333;17,2515,0.756667;15,2566,0.888333
11,7210;27,7439,1;9,1825,0.853333;15,2883,0.875;12,2105,0.84;12,2116,0.836667
11,7216;33,7544,1;11,2086,0.916667;14,2546,0.806667;12,1902,0.753333;13,2202,0.81
11,7207;29,7859,1;11,1763,0.755;24,3490,0.975;11,1778,0.821667;12,2046,0.921667
11,7230;34,7709,1;9,2004,0.848333;15,2877,0.948333;13,2324,0.735;12,2289,0.93
11,7213;28,7879,1;7,1928,0.86;14,2753,0.855;13,2303,0.823333;11,2191,0.89
11,7203;30,7837,1;9,1778,0.895;14,2697,0.791667;10,1831,0.745;10,1936,0.856667
11,7217;29,7445,0.998333;11,1896,0.906667;15,2709,0.906667;13,2011,0.801667;12,2008,0.763333
11,7215;29,7862,1;12,1950,0.836667;15,2747,0.918333;9,2011,0.836667;9,2351,0.771667
11,7210;28,7700,0.983333;6,1797,0.845;9,2747,0.896667;7,1902,0.771667;12,2061,0.823333
11,7221;28,7320,1;10,1669,0.878333;14,2634,0.84;10,1509,0.731667;11,1971,0.78
11,7183;29,7594,0.983333;8,1446,0.833333;11,1861,0.725;10,1587,0.798333;10,1821,0.733333
11,7204;28,7538,1;10,1622,0.823333;16,2831,0.828333;13,2184,0.866667;11,1982,0.816667
11,7196;28,7617,1;7,1931,0.936667;12,2561,0.871667;11,1791,0.705;11,1890,0.861667
11,7181;30,8093,1;10,1684,0.868333;14,2568,0.881667;11,1920,0.77;9,2038,0.84
11,7197;28,7536,1;7,1783,0.92;8,2145,0.798333;11,1805,0.858333;10,1750,0.795
11,7200;29,7754,1;10,1621,0.958333;15,2687,0.906667;12,1856,0.866667;12,1948,0.866667
11,7198;28,7571,0.99;9,1484,0.773333;15,2662,0.871667;12,1915,0.833333;11,1930,0.866667
11,7205;30,7880,1;9,1596,0.843333;14,2585,0.858333;11,1836,0.843333;11,2023,0.853333
11,7117;28,7538,1;9,1558,0.951667;12,2279,0.916667;9,1550,0.891667;7,1657,0.745
10,7104;29,8082,0.995;10,1624,0.91;15,2685,0.963333;11,1837,0.893333;11,2034,0.863333
10,6888;30,8317,0.985;8,1435,0.863333;15,2456,0.971667;12,1850,0.898333;12,1912,0.913333
10,6741;30,8220,1;11,1569,0.833333;15,2370,0.965;13,1909,0.93;9,1818,0.895
10,6913;30,8262,1;10,1631,0.821667;12,2541,0.985;9,1903,0.898333;10,2051,0.92
9,6284;31,8655,1;6,1018,0.793333;7,1547,0.905;10,1456,0.888333;14,1387,0.831667
9,5912;29,8074,0.995;5,849,0.815;7,1286,0.893333;24,1356,0.9;7,1414,0.88
9,6176;32,8365,1;6,1172,0.841667;12,1543,0.966667;7,1313,0.866667;7,1413,0.851667
8,5216;28,8029,1;3,766,0.85;5,1202,0.943333;6,1180,0.895;4,889,0.813333
7,5073;30,8467,0.985;5,650,0.765;7,1355,0.898333;6,1120,0.883333;7,1315,0.88
8,5345;30,8669,1;3,852,0.76;6,1716,0.906667;5,1206,0.836667;19,1418,0.801667
6,4305;31,8616,1;4,904,0.836667;7,1401,0.916667;5,914,0.796667;5,1042,0.885
2,1707;29,8462,1;3,427,0.856667;3,657,0.95;1,416,0.82;1,470,0.93
3,2384;30,8397,0.991667;3,311,0.838333;5,630,0.93;4,569,0.82;3,667,0.94
1,1042;31,8858,1;1,130,0.818333;2,306,0.928333;1,241,0.816667;0,220,0.941667
1,1047;29,8569,1;1,112,0.805;2,295,0.896667;1,238,0.815;1,323,0.93
0,242;29,8179,1;1,54,0.801667;1,48,0.888333;0,29,0.803333;0,73,0.915
