1418,650370;1471,446932,0.998247;644,91634,0.915863;574,119220,0.977213;1350,82715,0.716126;1268,123919,0.903418
1481,643740;2036,454806,0.996757;501,35566,0.914987;540,52720,0.964943;905,41911,0.757844;908,64902,0.894741
1593,644471;2004,450576,0.995793;647,38122,0.907099;625,59906,0.958282;915,42486,0.772217;1007,69421,0.899299
1525,644876;2005,457274,0.997634;632,38830,0.89255;708,60412,0.955828;1082,43924,0.796319;1108,70575,0.889132
1475,638244;2024,458964,0.997721;656,37501,0.890359;703,57657,0.953199;840,42666,0.801928;836,66401,0.889483
1590,644069;2032,462865,0.998948;716,38641,0.887117;709,61407,0.958019;1145,44239,0.808501;1075,74277,0.89518
1554,642036;2025,462203,0.998773;511,38701,0.886503;534,61646,0.960473;801,43878,0.817003;862,71807,0.897809
1537,644341;2030,463665,0.998685;563,39130,0.888168;743,62711,0.960473;920,43660,0.812971;1193,74025,0.897108
1653,645432;2021,463039,0.997809;764,40614,0.879404;779,63642,0.959684;1250,46432,0.816039;1107,76640,0.9078
1781,642211;2031,467556,0.999211;685,39356,0.889571;753,61044,0.961262;1226,44415,0.818317;1232,74743,0.909553
1628,639782;2019,462847,0.99816;704,38787,0.878791;731,61508,0.956442;1150,43624,0.801665;1227,73963,0.906836
1607,643496;2020,466012,0.997897;778,39420,0.884575;752,62921,0.959422;864,45177,0.797546;908,74418,0.907274
1670,644778;2039,466684,0.998072;586,40779,0.886678;580,64431,0.95837;1267,47417,0.812708;1296,75382,0.914023
1716,644538;2047,466430,0.998072;711,39770,0.873883;739,62533,0.963015;1077,45967,0.827169;1142,75555,0.911481
1534,640757;2051,467408,0.998598;499,37882,0.86915;638,61021,0.957932;922,43621,0.830324;844,72054,0.910692
1607,643956;2033,466275,0.998685;533,39694,0.887379;538,61539,0.960561;862,45216,0.829185;939,76281,0.917879
1599,641966;2021,467010,0.998335;470,37394,0.887292;626,59782,0.95872;948,42671,0.827607;1167,72530,0.917967
1735,641777;2028,468278,0.998422;731,37943,0.886591;697,60418,0.960999;833,44335,0.828309;837,73080,0.923401
1811,644412;2008,464045,0.997546;457,39460,0.895793;520,61850,0.962051;884,45934,0.835758;1189,75089,0.928396
1923,642656;2017,465571,0.997634;748,38369,0.894654;734,61687,0.963891;1097,44261,0.833392;930,72501,0.931288
1854,646215;1999,463226,0.997108;491,37904,0.8922;522,61382,0.958983;957,45672,0.840403;1200,74520,0.928221
1733,641589;1874,463581,0.997634;593,37642,0.892813;609,59869,0.958457;1099,43506,0.835933;1177,71817,0.918142
1685,642730;2001,463496,0.999036;643,37068,0.894128;688,59184,0.95986;1087,43673,0.833129;1127,71271,0.923663
1767,643910;1999,461547,0.998773;669,36761,0.890272;503,59114,0.963365;973,43098,0.848642;1120,71248,0.930324
1855,645473;1987,462725,0.998422;612,37986,0.89106;694,61312,0.965294;1109,44305,0.838212;1150,74361,0.927783
1723,644649;2010,464073,0.997721;565,37600,0.899562;666,61444,0.961262;1123,45332,0.839702;1177,74650,0.929097
1769,641952;2037,462235,0.997634;482,36099,0.884224;497,58197,0.959947;795,43258,0.841455;1045,70766,0.925153
1702,643449;2050,466015,0.998072;701,38172,0.896845;691,59431,0.963804;1036,41985,0.837862;1165,72180,0.930938
1730,642226;1996,461810,0.99851;666,35659,0.904207;508,56474,0.965294;749,41495,0.850482;818,68385,0.929974
1823,641526;1985,459085,0.999299;526,34898,0.902103;747,56259,0.964943;1048,41077,0.852673;1136,68513,0.925679
1736,644941;1993,458554,0.998247;716,35881,0.894391;644,56890,0.966608;822,43577,0.845048;1171,71036,0.923488
1910,645583;1987,459201,0.998861;756,36670,0.903155;772,57192,0.967134;1155,44421,0.844084;1231,73786,0.925767
1838,641174;1990,460766,0.999299;751,35412,0.897195;543,56417,0.964417;761,42295,0.852848;842,69680,0.930938
1806,643377;1992,457568,0.999036;687,35766,0.896407;594,56557,0.966959;872,42132,0.856266;1206,68509,0.92787
1789,643507;1358,455161,0.998598;719,34516,0.906661;821,54246,0.966871;1113,40947,0.858633;1170,69084,0.927783
1721,640096;1975,456511,0.996407;703,34712,0.895355;587,55245,0.961262;851,41763,0.845399;878,68074,0.922787
1835,643105;1988,459384,0.998861;687,33935,0.896933;666,54963,0.965557;796,41372,0.847064;877,67654,0.922436
1822,644126;1970,455487,0.999299;617,35154,0.897195;539,55433,0.967923;811,41607,0.848554;890,70668,0.925504
1708,640695;1983,456231,0.998598;502,34462,0.894128;559,54138,0.96617;832,40824,0.845574;1139,67023,0.923138
1758,641172;2017,454138,0.997721;686,34422,0.898948;577,54669,0.966959;754,40598,0.849343;915,67802,0.927344
1676,641677;1734,453533,0.99851;451,33370,0.89369;690,52929,0.965732;924,39937,0.849518;882,66740,0.921648
1812,643760;1496,455864,0.998335;715,33812,0.893865;443,54053,0.970114;738,40755,0.847327;770,66183,0.925592
1756,640802;1981,449561,0.998948;472,33576,0.901227;476,53023,0.967134;711,40507,0.848466;881,66500,0.919544
1769,643499;1972,449300,0.998861;622,32626,0.906573;674,52357,0.973532;1040,40197,0.848203;1029,64213,0.923138
1883,645451;1989,451389,0.999124;783,33944,0.907888;775,54310,0.971341;1092,42642,0.848904;1124,67345,0.921472
1732,644232;1395,449054,0.997897;648,33348,0.904645;702,52613,0.967046;1074,41047,0.855039;1079,67807,0.923926
1786,643948;1183,447388,0.99851;679,32839,0.901052;744,52373,0.971429;974,39460,0.860911;1108,65520,0.922436
1710,644101;1178,448242,0.998335;737,33529,0.907362;710,52957,0.97099;1061,41173,0.865294;1095,66291,0.920947
2138,644142;1192,447541,0.999036;594,32812,0.897458;775,52409,0.965819;874,40153,0.85872;1075,66454,0.91823
2128,644972;1189,449068,0.998422;642,32492,0.909202;773,51707,0.970202;952,39770,0.85241;828,65743,0.912358
1732,641402;1184,448601,0.999124;469,30791,0.904733;531,49692,0.969413;739,38914,0.852323;870,63328,0.909991
1786,645035;1875,443632,0.999036;679,32507,0.916477;686,52495,0.974671;841,40726,0.858545;1108,65777,0.920771
1735,643486;1934,444524,0.998335;672,31312,0.91376;717,50761,0.975372;1002,39123,0.851709;1045,65231,0.914549
1685,642713;1953,445860,0.999036;728,31689,0.903418;523,50798,0.97064;753,39804,0.856442;761,63960,0.912445
1754,644389;1971,445833,0.999737;438,32520,0.908414;573,51920,0.972656;975,39996,0.850131;1074,65172,0.913409
1918,644241;1985,443325,0.998773;747,31903,0.910342;590,51101,0.969763;695,39321,0.853988;828,63843,0.914461
1848,643385;1981,441645,0.998685;565,32489,0.911832;600,51957,0.967923;840,39679,0.844347;1018,64716,0.917353
1874,642911;1951,443407,0.997283;587,30617,0.90149;644,49058,0.966784;990,38753,0.844172;1048,63543,0.910079
1833,642633;1877,442278,0.997984;648,32092,0.911043;741,50732,0.971691;1062,39807,0.849869;1155,65616,0.908414
1759,642427;1764,438029,0.996933;693,30772,0.913585;783,48574,0.974058;959,38757,0.849255;1026,62563,0.908589
1838,643798;1780,436464,0.998861;688,31301,0.908764;739,49933,0.971341;1049,39402,0.858808;1106,63856,0.917528
1755,645177;1819,441041,0.998685;718,32253,0.916214;726,50040,0.973181;1006,39579,0.846976;1067,64256,0.913497
1842,642930;1959,440042,0.999124;643,30386,0.911744;727,49363,0.976161;1024,38997,0.849781;1010,63054,0.910342
1759,643411;1955,438724,0.999562;661,31172,0.899124;643,49791,0.973444;796,39955,0.845574;1113,64949,0.915688
1756,642584;1937,435187,0.997897;615,30994,0.906047;810,48851,0.972918;1011,39541,0.849956;959,63088,0.916477
1861,642953;1956,438376,0.998422;489,30342,0.915513;734,47863,0.968624;927,37851,0.851709;992,60953,0.909991
1782,640101;1943,436518,0.998948;650,30221,0.909378;668,48602,0.975022;839,38297,0.850745;1002,60961,0.905171
1937,645653;1965,438818,0.998422;570,31420,0.911481;530,49758,0.969763;743,39566,0.851096;827,64412,0.903593
1811,640271;1990,437666,0.998948;479,30671,0.916477;500,48663,0.971166;740,38352,0.8461;802,61271,0.90482
1841,638160;1992,438156,0.99851;462,30248,0.908238;470,48235,0.969763;817,38470,0.845311;792,61914,0.904733
1752,640763;1949,435234,0.998861;586,30478,0.903155;713,48484,0.970114;988,37810,0.842419;1001,62379,0.905083
1692,639468;1946,436461,0.999124;719,29762,0.90333;554,48232,0.972656;885,37516,0.853199;1014,62821,0.913585
1646,638647;1949,432578,0.998598;605,29454,0.9;672,46257,0.969763;966,37329,0.858195;1007,60801,0.915776
1787,641093;1942,436878,0.998422;698,30285,0.911218;704,46621,0.967748;1003,38654,0.850131;993,61212,0.907888
1675,640823;1948,436767,0.999299;525,29367,0.909991;525,46539,0.974145;850,37305,0.858019;1018,61685,0.9156
1791,639309;1953,438427,0.998422;717,29637,0.905872;583,46590,0.969851;941,37599,0.848904;984,59680,0.905784
1666,628644;1956,438043,0.998335;670,29879,0.904207;700,46788,0.970202;816,36923,0.847327;719,58795,0.904645
1745,642315;1960,437994,0.997897;469,30879,0.913848;504,48164,0.969325;712,38073,0.854689;713,62101,0.908852
1647,633628;1942,435249,0.998861;505,29301,0.916827;486,45469,0.971516;680,35645,0.842244;1023,59474,0.908238
1659,630216;1993,435397,0.998861;702,28758,0.906135;826,45480,0.973094;993,36368,0.852498;955,58611,0.9156
1629,627140;1987,433893,0.998598;621,28839,0.915776;683,45599,0.974408;657,35425,0.858107;800,56747,0.922875
1646,635984;1979,436402,0.998861;650,28756,0.909728;705,45966,0.976249;938,36192,0.8461;730,57534,0.91411
1701,636552;1952,435761,0.998598;573,28898,0.924189;518,45266,0.980982;670,35768,0.844522;671,58510,0.911656
1577,637199;1948,436865,0.999036;618,28605,0.903506;635,46302,0.975723;891,35888,0.841718;832,60127,0.909728
1722,631232;1938,439219,0.99816;450,29289,0.914286;457,44196,0.963541;656,34847,0.840491;944,56511,0.905609
1552,623652;1166,434904,0.998598;652,27024,0.91674;663,42511,0.971779;844,34092,0.845574;917,55957,0.904908
1595,623453;1174,437134,0.997809;588,26375,0.915688;606,42542,0.972217;631,33215,0.849606;885,55863,0.909465
1510,613255;1960,437489,0.998948;495,25989,0.916039;431,40542,0.973269;763,31973,0.847502;604,53200,0.911656
1333,597051;1955,437956,0.999036;499,24552,0.910254;616,38035,0.971954;726,30657,0.84645;800,49099,0.910342
1229,570430;1948,436234,0.997721;505,21209,0.922875;520,33139,0.972568;639,26183,0.843996;676,43453,0.909465
1101,519032;1776,433739,0.999036;597,15130,0.909115;473,25442,0.97099;500,20431,0.836547;541,34767,0.903944
1003,436830;1169,434988,0.999474;361,10705,0.920596;383,17932,0.974847;343,14588,0.831551;380,25471,0.90631
797,258582;1167,433710,0.998948;246,5573,0.919106;265,9605,0.974847;158,7105,0.829798;211,13802,0.902103
659,209633;1318,433622,0.999474;358,4214,0.922787;238,7242,0.973357;136,5390,0.833041;145,9935,0.90184
272,92711;1953,433350,0.999474;255,1686,0.922787;199,3132,0.973707;48,2192,0.833392;55,3846,0.902805
116,36852;1972,434925,0.998422;174,540,0.922875;132,1268,0.972656;19,994,0.832866;23,1627,0.90184
46,13533;1856,436180,0.999211;268,401,0.924715;111,504,0.973357;5,283,0.833567;4,415,0.902805
