14537,6659425;2344,616594,0.948548;3822,760379,0.795507;4044,829329,0.915397;4724,754623,0.769808;4724,797685,0.915671
15627,6198721;1718,600762,0.952548;1925,226427,0.867562;1950,269599,0.930411;2066,241176,0.807562;2296,272086,0.896384
16406,6204794;1656,597344,0.954521;2083,225287,0.855726;2159,276574,0.923452;2125,243926,0.797151;2447,274808,0.88137
16569,6192536;1639,596160,0.960932;2182,226042,0.842247;2300,271213,0.915836;2256,240017,0.785589;2502,274556,0.864932
16216,6052531;1738,595826,0.960219;2441,211473,0.813534;2256,260812,0.900712;2272,229757,0.777973;2468,262102,0.857863
16070,5973463;1780,599095,0.954521;2421,207769,0.787288;2328,253656,0.883233;2231,219398,0.742959;2578,253717,0.854685
15389,5744750;1700,598886,0.95063;2532,192852,0.744438;2292,238377,0.861425;2071,204372,0.720493;2286,235328,0.860384
14086,5325870;1645,602869,0.943288;1736,169498,0.690411;1445,212952,0.832438;1313,179620,0.691616;1443,206919,0.84389
12602,4780184;1721,609055,0.936932;1393,144173,0.617973;1280,181208,0.786301;1083,155509,0.655781;1236,176625,0.841205
10075,3804303;1764,617577,0.933644;1122,113972,0.528329;1030,146670,0.742192;834,124008,0.605425;932,139540,0.832877
6436,2515160;1767,628361,0.926521;833,69928,0.43326;786,89137,0.664712;551,79412,0.562137;614,93802,0.82137
