8370,6659425;3150,587979,0.97589;4966,742852,0.874904;5384,807896,0.957096;6213,755593,0.876658;6136,767784,0.959507
8917,6203634;3173,580360,0.978247;2465,213397,0.911507;2441,253666,0.957973;2581,226157,0.874795;2921,249574,0.923178
8903,6233017;3177,573835,0.977425;2677,213817,0.897699;2851,260294,0.956438;2714,233148,0.85989;3097,263803,0.896274
9117,6213653;3176,568908,0.976767;2872,216343,0.891342;2929,261787,0.952329;2920,229166,0.847781;3164,259915,0.893041
9185,6218140;3138,567141,0.978959;3010,216893,0.888822;2929,264029,0.952712;2989,231757,0.829863;3204,263860,0.892055
9037,6156362;3172,567653,0.976658;2939,206400,0.892932;2849,250692,0.947726;2808,220625,0.834521;3120,247177,0.89737
9143,6157369;3252,566287,0.983671;3177,213646,0.875562;2867,261194,0.952438;2898,228996,0.846082;3195,255814,0.899397
8987,6065734;3147,566179,0.979781;3146,206605,0.860438;2744,248713,0.945973;2824,223176,0.833699;3022,246077,0.895233
9436,6035036;3121,563192,0.978356;3194,201524,0.861973;2763,242224,0.932219;2764,217603,0.83863;2975,242849,0.901973
9496,5934550;3143,567020,0.972986;3033,191183,0.830027;2778,234024,0.926959;2699,206458,0.828822;2858,227178,0.902849
9249,5680025;3148,568278,0.975288;2694,178805,0.807342;2463,216611,0.912329;2452,192266,0.812438;2736,210500,0.895068
8660,5333965;3144,569669,0.971726;2539,162334,0.77326;2291,199013,0.899068;2158,173072,0.793808;2410,189230,0.899342
8004,4992594;3190,572134,0.972384;2475,143776,0.728548;2182,177102,0.869644;1895,150799,0.768164;2159,166175,0.899836
7055,4395872;3190,575044,0.971452;2147,121648,0.675397;1866,152817,0.852274;1643,129419,0.752877;1916,141931,0.899068
5607,3459711;3231,586491,0.971342;1642,92335,0.598027;1542,117962,0.816658;1274,102675,0.717589;1378,112514,0.899123
3603,2189231;3176,584453,0.960493;1085,56285,0.527178;1007,71990,0.782192;808,65473,0.698082;822,71096,0.896603
1194,713739;3210,586866,0.96537;723,21302,0.515014;559,26518,0.778301;254,22582,0.693808;273,25753,0.901644
