301,153181;801,205403,0.998736;217,40862,0.894946;285,54117,0.964621;600,37051,0.8;481,55226,0.951986
293,151132;773,196399,0.999097;94,17038,0.927076;108,25632,0.971841;224,19649,0.837004;217,30401,0.922744
308,151506;835,194929,0.998195;103,17797,0.920217;124,27791,0.972744;237,20135,0.829061;337,33529,0.909386
308,151536;824,194722,0.999819;150,17301,0.909747;188,28166,0.972202;364,20860,0.837365;340,31879,0.86444
319,151650;836,193932,0.998556;127,17779,0.894043;128,27632,0.97148;253,21441,0.817509;263,34375,0.890433
299,150986;838,191113,0.999639;113,16470,0.884477;139,27128,0.970397;242,20669,0.823466;249,33360,0.861552
303,151204;814,188952,0.999819;165,16935,0.914621;207,27046,0.974549;361,21167,0.833394;357,33120,0.883032
319,150824;802,189671,0.999639;190,16722,0.897653;205,26772,0.975451;300,20225,0.833032;230,30791,0.904874
309,151195;806,187139,0.999278;118,17386,0.920939;140,27038,0.972383;269,21674,0.877978;316,34234,0.916968
299,151368;803,186588,0.998917;122,17281,0.923827;140,26242,0.972202;346,20169,0.842238;305,33035,0.896029
301,151587;791,185382,0.999819;117,16933,0.927978;215,27306,0.970578;319,21454,0.88231;339,33321,0.880325
301,151022;752,185550,0.999097;121,16070,0.882671;139,25647,0.975632;294,19458,0.845668;338,32272,0.881769
302,151314;726,185873,1;172,16745,0.908484;197,25009,0.974729;322,20193,0.841516;336,33821,0.905596
319,150810;796,185131,0.999639;178,15825,0.902166;196,24407,0.973827;247,20210,0.884838;238,31242,0.900903
311,149939;795,184219,0.999819;111,15209,0.886823;132,24158,0.96769;219,19445,0.861191;230,31865,0.911733
312,150054;775,179966,0.999639;111,15036,0.888087;128,23371,0.962996;214,19442,0.885199;211,29466,0.918412
303,151645;704,180338,0.999458;130,15279,0.906137;147,24243,0.980144;229,18786,0.874729;240,30632,0.891155
299,151137;712,180246,0.999639;133,15042,0.884296;155,25031,0.978159;237,18962,0.873285;252,31292,0.911733
297,149320;746,180481,0.999639;141,14064,0.901805;154,21564,0.962996;214,17332,0.824549;207,27167,0.890975
309,150876;802,178883,0.999819;119,14909,0.899819;135,23115,0.977798;228,19582,0.88556;211,28642,0.908484
318,149937;790,178717,0.999639;109,14291,0.912996;116,21493,0.976715;204,18688,0.918953;209,28306,0.940794
318,151755;793,178647,1;127,14056,0.927256;123,21399,0.98231;193,18197,0.889531;198,27996,0.908664
311,151204;788,178216,0.999819;120,13689,0.922744;116,20493,0.947653;190,17271,0.906859;190,26293,0.905776
303,151258;773,176774,0.999458;188,13141,0.940794;185,19805,0.962094;261,16558,0.895126;256,25541,0.879603
301,151313;785,177726,1;122,12271,0.925271;179,20061,0.97509;274,16894,0.918773;223,27854,0.941516
306,150495;769,179351,1;106,12060,0.925451;118,18188,0.976534;163,14988,0.880144;179,24065,0.924188
323,151451;718,178414,0.999819;166,12627,0.9213;140,19239,0.981047;164,16060,0.894043;168,25074,0.934477
309,150105;775,176715,1;90,11008,0.936282;164,15676,0.978339;224,13910,0.894946;198,20297,0.912635
303,148807;775,174658,0.999819;148,10982,0.933935;176,16118,0.964079;213,13969,0.865884;216,20867,0.91083
294,150359;744,177627,1;160,10831,0.924368;167,16254,0.974729;157,13520,0.899458;218,21208,0.924729
298,150565;790,179473,0.999819;141,9821,0.90343;152,15862,0.957401;192,13321,0.916968;190,19573,0.939892
301,149609;771,178161,0.999639;127,9842,0.912274;108,14125,0.960289;178,12554,0.907762;178,18402,0.927437
315,149435;785,179398,0.999639;137,9129,0.909025;118,13848,0.978159;111,11146,0.915162;144,15917,0.945487
302,148001;791,180996,0.999458;123,7911,0.86787;129,12581,0.970578;104,10677,0.916426;109,16191,0.950903
315,149168;787,182506,0.999819;84,7979,0.898375;88,12250,0.970758;97,10192,0.901805;97,15145,0.933755
287,145125;774,182821,0.998736;118,7865,0.88935;114,11568,0.968412;128,9259,0.8787;135,13824,0.931949
294,148640;786,182714,0.998917;100,6930,0.888448;106,9252,0.924007;112,8300,0.881949;122,12666,0.922744
289,146015;769,184469,0.998917;94,5575,0.890433;82,8949,0.945307;79,6660,0.881047;123,11886,0.943863
306,147527;767,187543,0.999278;86,6313,0.908484;118,9412,0.962816;86,6966,0.865704;100,10427,0.950181
297,146471;806,192939,0.996751;78,5662,0.87852;93,8480,0.959386;94,6599,0.837906;116,11556,0.93917
292,145462;780,191724,0.997834;63,3989,0.900722;67,5820,0.970578;65,4820,0.853069;71,7615,0.954874
191,97878;820,193069,0.998014;44,1915,0.907942;41,2533,0.974549;27,2293,0.85343;33,3820,0.952347
135,68807;810,190970,0.998195;32,815,0.915884;22,1145,0.976895;11,996,0.854332;13,1533,0.951805
64,32491;814,191419,0.998556;12,325,0.918231;8,376,0.977437;4,431,0.854332;5,675,0.951805
