818,396495;1531,368961,0.996857;465,73064,0.861953;593,99592,0.951515;1549,69302,0.781145;1416,98598,0.939843
838,398493;1522,357243,0.997755;455,44465,0.874635;561,66499,0.943322;1025,45942,0.783502;1040,70565,0.889899
827,398615;1482,348409,0.998092;534,47473,0.876543;596,70032,0.961167;1164,47730,0.810325;1061,71855,0.90404
849,398530;1480,347091,0.996857;573,46780,0.894613;645,68750,0.955668;1031,46496,0.837935;1069,69111,0.910887
885,398539;1457,339676,0.998316;680,44901,0.885971;728,65894,0.968238;1062,43430,0.844444;1043,67419,0.909203
854,398444;1468,340774,0.999551;659,45658,0.892817;657,66373,0.972391;926,42976,0.884287;926,64337,0.936027
898,398365;1464,341107,0.999439;596,42560,0.878002;662,63693,0.961728;935,43599,0.882379;932,63885,0.931089
881,398358;1482,340516,0.998765;597,44625,0.89147;658,65866,0.968575;935,42724,0.882043;934,65329,0.936027
890,398441;1464,338177,0.999102;586,43876,0.874299;525,65246,0.96936;674,43672,0.897755;647,65072,0.946577
901,398453;1476,338468,0.998541;604,45607,0.895511;648,66152,0.966891;917,42668,0.887318;909,66435,0.941077
929,398404;1479,342600,0.998653;560,44216,0.872054;634,65971,0.960831;728,44866,0.8633;677,69219,0.939955
887,398399;1476,340373,0.997643;411,44936,0.891807;435,66900,0.971493;869,43905,0.861504;960,65529,0.941863
835,398503;1480,338499,0.997868;606,44206,0.872727;666,65657,0.969136;1015,45033,0.868799;914,65342,0.938721
846,398480;1456,333281,0.999214;443,44232,0.880022;442,65186,0.96734;738,43369,0.891358;961,64676,0.942873
912,398520;1441,328632,0.997868;614,42913,0.894052;708,63774,0.971156;934,42414,0.892929;933,61785,0.940853
903,398234;1442,326053,0.998429;520,40567,0.892256;414,60182,0.943098;632,42193,0.890797;749,62738,0.940741
871,398240;1461,320288,0.999214;539,38266,0.876992;585,57503,0.978339;824,39897,0.913244;811,58244,0.945791
907,398165;1460,315757,0.999776;556,38680,0.896296;624,54979,0.974972;835,38880,0.91358;782,56435,0.935466
900,398085;1448,312038,0.99899;559,36279,0.895735;608,52413,0.980584;776,38050,0.910662;779,55491,0.95174
880,397930;1412,310004,0.998541;576,35475,0.895847;591,52181,0.978676;716,36643,0.885522;727,54005,0.953984
870,397784;1422,312451,0.99899;550,34600,0.894052;397,49972,0.975533;498,36245,0.909989;480,52592,0.957576
867,397718;1430,314517,0.999439;340,34459,0.920426;359,49116,0.980022;496,35803,0.920539;458,50588,0.927946
882,397564;1428,313815,0.999776;345,32114,0.884736;464,50067,0.969136;562,35914,0.926263;681,50407,0.960269
922,397218;1417,314728,0.999439;447,32202,0.901459;435,47375,0.977441;472,33811,0.921549;484,50292,0.953535
880,397204;1429,318456,0.998541;298,31564,0.893603;325,45881,0.970819;496,32711,0.885185;462,49449,0.954433
876,397138;1430,318050,0.99899;345,29920,0.883165;340,44244,0.97284;465,32583,0.877778;483,49652,0.957015
886,396898;1178,326831,0.99899;418,28619,0.852525;303,44137,0.947587;483,32062,0.844557;454,48680,0.917957
937,396687;1421,325601,0.998653;289,27109,0.876207;298,40291,0.958361;410,30203,0.887767;446,45694,0.950505
919,396165;938,330436,0.99798;281,24218,0.87284;288,36852,0.951964;412,27744,0.857015;390,43696,0.938047
851,395299;1224,333917,0.997531;268,17966,0.84927;233,28057,0.9578;284,20923,0.82615;309,34038,0.939282
785,387637;1472,338932,0.997531;192,13463,0.841414;214,20821,0.9578;204,14516,0.833895;267,23815,0.931425
747,371693;1465,339184,0.997194;171,8931,0.860718;171,11821,0.959147;106,9263,0.828058;115,14771,0.933782
594,308273;1484,340637,0.997306;97,5967,0.886083;136,7550,0.9633;61,5448,0.834568;69,9397,0.9422
398,185273;1489,339497,0.997306;79,2382,0.895847;57,3036,0.96532;25,2590,0.832772;29,3965,0.941751
139,61013;1507,341332,0.996857;60,897,0.893378;48,1276,0.96734;9,807,0.834231;13,1659,0.944332
114,47803;1496,339063,0.997755;46,494,0.896184;52,792,0.968126;5,422,0.834905;5,652,0.945118
