240,153181;248,71164,0.963899;158,34625,0.838989;194,49218,0.933213;249,36112,0.801444;264,45997,0.936823
264,153965;242,66930,0.96787;133,23661,0.893863;146,34297,0.950181;189,25809,0.828881;211,31733,0.896751
259,153952;237,65401,0.979061;136,22697,0.898917;175,34003,0.956679;182,24494,0.806137;194,30126,0.91444
257,153947;239,64019,0.988809;144,21989,0.897834;175,32699,0.952347;179,23299,0.811913;182,27436,0.890614
267,153847;221,64816,0.983394;149,22167,0.852347;180,33135,0.955957;179,23218,0.848014;178,27427,0.903249
267,153892;216,64151,0.979422;139,21526,0.887365;164,31122,0.938989;167,22415,0.823827;165,26660,0.902888
265,153872;246,64449,0.985921;143,21293,0.868953;173,32056,0.961372;180,23026,0.882671;173,26911,0.897834
252,153872;195,61189,0.9787;144,21656,0.894946;160,30359,0.949819;166,21998,0.897473;160,26180,0.934657
250,153875;207,61390,0.990975;133,20229,0.874007;159,30454,0.972924;155,21697,0.880505;173,25873,0.937184
251,153754;205,60407,0.989892;139,19538,0.935018;167,29031,0.976534;162,21315,0.910108;161,24869,0.949097
255,153713;207,60742,0.989531;117,18080,0.916245;148,26518,0.964982;142,19176,0.895307;160,24034,0.951986
264,153516;202,61155,0.978339;119,17449,0.919134;141,24584,0.959928;142,18510,0.886282;142,21604,0.95343
258,153465;200,60834,0.984838;106,15633,0.875451;128,22832,0.954874;136,18073,0.905415;132,21497,0.934296
255,153300;212,61889,0.980505;74,13980,0.86787;113,19832,0.947292;117,15670,0.865704;121,18938,0.942599
250,153103;213,62249,0.967509;91,12485,0.857401;104,17365,0.939711;99,13639,0.873646;93,16292,0.923105
260,152782;222,63792,0.961372;60,10030,0.847653;77,13612,0.928159;75,11693,0.846931;76,13793,0.914801
245,144746;220,65463,0.966065;58,6398,0.807581;54,9434,0.915884;50,7776,0.850181;56,9825,0.912635
202,119083;219,64502,0.951264;28,3315,0.817329;33,5136,0.933574;23,4053,0.844043;30,5664,0.93213
102,62711;221,65440,0.961372;17,1281,0.825632;20,1785,0.936462;7,1332,0.848736;17,2043,0.942238
31,19198;218,64484,0.958484;9,318,0.82852;13,604,0.936823;3,443,0.852708;4,699,0.943682
