328,396495;229,120594,0.97037;185,68901,0.838384;222,90619,0.934231;333,72092,0.851627;312,84175,0.938721
293,360041;227,117633,0.972615;151,26181,0.900561;177,35902,0.944781;208,28668,0.868462;222,35555,0.927273
297,367876;222,113419,0.973064;165,26205,0.900786;202,38954,0.946801;225,30016,0.847811;239,37746,0.912233
301,372202;225,114971,0.981594;166,26051,0.895623;212,38534,0.947026;231,29827,0.858586;243,37019,0.904377
297,366216;221,111397,0.984961;182,26257,0.906173;200,37833,0.951291;216,29158,0.875421;237,36183,0.900337
294,361357;219,109068,0.980247;174,24510,0.908418;125,35394,0.95578;140,28241,0.864422;155,34073,0.910213
302,366724;265,110134,0.991919;184,25276,0.89697;199,36004,0.961392;228,29209,0.883502;227,34155,0.91156
308,373312;381,109615,0.993042;181,26316,0.914478;206,37693,0.966105;201,29970,0.883053;148,35180,0.92009
301,371568;377,107842,0.99147;121,25884,0.914478;138,37845,0.96835;146,29568,0.89899;176,35461,0.908642
295,364004;379,108033,0.993715;172,24704,0.902357;206,36050,0.960943;197,28415,0.898316;146,33860,0.907969
302,369562;378,107632,0.982716;130,25736,0.899663;132,36835,0.959596;144,29242,0.890011;157,35626,0.927722
311,375608;377,108090,0.99147;130,25835,0.907744;138,37072,0.967677;210,29552,0.880808;162,35878,0.918519
308,369321;374,106637,0.989001;142,25736,0.92009;135,36815,0.973288;147,28820,0.899663;150,33989,0.927497
305,369294;376,106900,0.98945;135,25326,0.916498;198,35447,0.96835;143,28460,0.88642;150,33847,0.922559
301,365970;370,106634,0.988777;119,24006,0.915376;123,34217,0.971942;210,27770,0.901908;219,32863,0.923681
311,372645;218,106864,0.993266;181,25097,0.898092;198,34719,0.961841;210,28895,0.886195;236,34609,0.935129
309,371994;216,106257,0.988777;186,24095,0.901459;207,35365,0.963412;219,27410,0.884624;233,33120,0.938272
336,369686;215,105490,0.988552;183,23933,0.905724;215,34552,0.9578;220,27423,0.878563;229,32847,0.936251
334,367640;218,106234,0.989899;181,23545,0.900561;204,33670,0.961392;211,27279,0.904377;222,32260,0.921886
330,367806;223,106656,0.989001;190,22867,0.91358;202,33343,0.971942;204,26547,0.893603;225,32316,0.929742
313,362417;260,106022,0.992593;179,23175,0.912458;194,32130,0.971044;192,25270,0.878114;214,31921,0.940067
318,372907;379,105852,0.988103;183,23437,0.919192;219,32987,0.958025;201,26597,0.890011;210,31454,0.937598
305,360475;378,105474,0.986532;226,22126,0.922783;165,30989,0.959147;191,24976,0.882828;200,30219,0.924804
304,357340;301,104403,0.973064;166,20669,0.904826;171,29523,0.944108;182,24082,0.889338;188,28091,0.926375
314,370944;217,104503,0.988103;162,22358,0.925926;179,31170,0.958698;193,25765,0.903928;199,30351,0.936476
316,374153;216,104530,0.982941;156,21318,0.896072;179,30111,0.954882;173,24429,0.899663;187,29187,0.931313
304,360234;213,103047,0.984736;152,20894,0.881481;170,29713,0.961392;174,23896,0.897868;192,29510,0.938945
307,362052;219,106096,0.986981;145,20215,0.89899;169,27505,0.968575;162,22689,0.926824;162,26997,0.955107
312,367242;213,103994,0.983389;99,20308,0.908642;111,28729,0.974186;105,22835,0.938047;110,27219,0.954433
312,366777;392,106791,0.992144;118,19822,0.911785;102,27123,0.97037;105,22822,0.940067;109,26662,0.956678
312,365184;382,104511,0.983838;135,18670,0.905499;149,24911,0.962963;148,21389,0.94119;151,24695,0.950393
311,361350;383,106556,0.994388;141,16660,0.898092;157,22878,0.964759;131,18906,0.931089;136,22264,0.952189
322,354940;379,105872,0.987879;173,17657,0.897868;143,24125,0.955331;142,19998,0.930864;150,23143,0.952637
311,344303;382,106610,0.984287;132,15553,0.895174;125,21360,0.947699;119,17840,0.92615;129,20929,0.952413
319,352504;380,106293,0.983389;119,15896,0.895623;122,21645,0.962738;113,17199,0.922334;125,20674,0.959596
309,342595;382,107270,0.981145;112,14671,0.921661;109,18303,0.960269;103,16012,0.917845;107,18004,0.956229
314,349360;382,107379,0.988777;101,13028,0.925701;112,17766,0.966779;92,14623,0.915825;101,17274,0.965432
294,335392;384,107752,0.980696;98,12244,0.913131;116,16648,0.959147;84,13046,0.925926;94,15683,0.962065
307,340046;385,108674,0.970819;92,11564,0.902357;88,14476,0.954658;75,12439,0.9156;83,14718,0.965881
291,338247;384,108743,0.980022;64,9850,0.894501;57,13557,0.949719;45,11767,0.917172;50,14510,0.967452
263,313493;384,108443,0.981818;47,7593,0.906846;47,9825,0.963636;28,8068,0.90752;33,10412,0.965208
151,179677;386,109021,0.982716;54,3349,0.911336;42,4421,0.968799;20,3526,0.911111;24,4368,0.970595
55,67808;386,109598,0.985634;22,1069,0.909989;25,1497,0.969024;6,1015,0.910438;9,1481,0.97037
