233,153181;251,69107,0.961372;132,34638,0.811552;191,49147,0.919134;237,36574,0.818412;232,44961,0.919856
247,153888;247,67279,0.979783;104,21115,0.832491;133,32592,0.929603;164,22887,0.798556;176,29959,0.863177
245,153873;249,67473,0.976895;119,22266,0.837906;143,33072,0.928881;164,23715,0.823827;184,30527,0.892058
245,153786;224,65230,0.9787;117,21080,0.854874;138,32364,0.936462;108,23116,0.828881;160,27766,0.875812
247,153814;244,65112,0.977978;120,20913,0.849819;150,31578,0.95704;164,23948,0.862816;168,28354,0.9
252,153804;248,64499,0.972924;124,21502,0.889531;158,31952,0.954513;160,22868,0.843682;168,28046,0.916606
261,153759;243,64709,0.987004;122,21175,0.896751;152,30928,0.95704;158,22948,0.834657;155,26202,0.896751
265,153778;222,63300,0.983755;120,19948,0.895668;151,31002,0.965343;148,21670,0.850181;154,25024,0.904693
255,153744;239,63139,0.97509;121,20338,0.898556;150,30105,0.959567;124,21680,0.86065;148,24630,0.895307
262,153657;234,64139,0.987004;120,20681,0.880866;97,31090,0.954513;101,22282,0.81769;102,26259,0.914079
261,153783;238,63204,0.98917;81,20713,0.902888;99,31335,0.962816;103,22721,0.843682;156,26289,0.901444
260,153591;248,63706,0.983394;118,20097,0.89639;154,30993,0.956679;150,21712,0.83574;146,25845,0.915162
256,153895;241,63480,0.981588;110,20617,0.876895;150,31185,0.956679;165,22964,0.874007;148,26996,0.907581
252,153815;236,61898,0.990614;75,19951,0.911552;113,30009,0.961011;125,21054,0.833935;95,24495,0.868953
255,153690;207,61776,0.99278;76,19150,0.89278;92,29146,0.968953;95,20743,0.849819;118,24285,0.910108
252,153756;229,61243,0.980144;114,19489,0.891336;146,28890,0.975812;139,21243,0.849819;134,24144,0.920578
249,153695;234,61713,0.980505;121,18930,0.914801;102,27334,0.965704;98,21593,0.906137;98,23813,0.935018
249,153779;226,59821,0.990253;117,19109,0.893141;111,28387,0.976173;101,20461,0.933574;110,22892,0.940794
252,153688;230,60109,0.990614;105,18333,0.896751;116,27264,0.974729;87,19682,0.904693;93,23358,0.954874
251,153690;229,60592,0.987004;75,18346,0.92852;86,26046,0.966787;87,19578,0.916606;86,22716,0.93213
251,153666;233,60902,0.988448;71,17760,0.909386;86,25921,0.979783;86,19412,0.909386;132,22221,0.935379
252,153564;235,60332,0.98917;93,16439,0.908664;127,25163,0.974007;121,18359,0.923466;93,22111,0.938628
255,153500;224,59652,0.984116;65,16825,0.920578;129,24066,0.954513;130,18458,0.900722;117,21090,0.917329
255,153478;233,61183,0.988087;73,16312,0.895668;85,23914,0.954152;85,18211,0.909025;88,21894,0.956679
252,153471;231,60999,0.985921;71,15563,0.874729;82,22661,0.959567;81,16855,0.885199;85,20460,0.934296
251,153083;232,62203,0.979061;60,13771,0.840794;72,20105,0.922744;72,15602,0.880866;78,19337,0.928881
248,153244;236,63074,0.984116;59,13496,0.820578;76,20727,0.941877;72,15846,0.869314;77,19180,0.937184
246,152895;241,64473,0.982671;56,12373,0.845487;65,17542,0.942238;66,13890,0.877978;64,16727,0.941516
247,151485;236,62648,0.964982;51,11050,0.806498;60,15963,0.925632;55,12498,0.855235;60,16701,0.941877
247,150752;221,64606,0.974368;51,8760,0.829603;47,12612,0.949458;38,9794,0.871841;45,12869,0.958123
230,141416;217,63885,0.968231;27,5912,0.834657;31,8592,0.93935;28,7302,0.861372;31,9244,0.958845
208,129700;220,64711,0.958845;22,4028,0.81769;23,6194,0.937545;19,5028,0.848014;22,6641,0.96426
163,101484;220,65728,0.963177;15,2344,0.826715;14,3259,0.941516;10,2973,0.857762;12,3793,0.963899
80,49647;226,65503,0.963899;16,1261,0.831047;16,1432,0.94296;6,1207,0.857401;7,1467,0.966065
33,20224;224,64928,0.955235;15,532,0.829964;10,653,0.943321;3,543,0.855957;3,706,0.967148
21,12387;216,64203,0.961733;6,241,0.829964;9,404,0.944404;2,298,0.854874;2,434,0.966787
