4143,3186550;1305,384024,0.976396;1935,376900,0.886574;1451,424984,0.960713;1733,385303,0.894495;1626,403830,0.961267
4960,3188857;1388,381596,0.975446;1140,182511,0.883168;1172,230859,0.950574;1289,193125,0.857109;1387,215974,0.91897
5145,3189765;1377,379653,0.983683;1291,185594,0.887762;1170,230516,0.953822;1536,194058,0.851564;1878,217020,0.923248
5336,3189964;1354,377254,0.97505;1768,182540,0.883089;1793,231361,0.960792;1824,192361,0.857584;1876,214109,0.930693
5346,3189161;1397,372134,0.982099;1864,180235,0.887604;1782,226730,0.961347;1929,192331,0.864238;1848,210657,0.928713
5502,3189925;1354,374481,0.981465;1878,185453,0.890693;1873,230126,0.961743;1811,192518,0.857743;1702,215690,0.937505
5324,3189261;1396,373857,0.979406;1399,177269,0.878574;1315,225048,0.964356;1419,188622,0.872871;1357,206968,0.934416
5361,3189134;1392,373534,0.983446;1415,175743,0.889267;1330,221643,0.958337;1359,183927,0.875723;1364,206471,0.930376
5500,3189588;1432,375896,0.980832;1487,178102,0.889584;1337,226543,0.952554;1311,187782,0.862653;1313,207650,0.933941
5661,3189264;1468,372528,0.986218;1437,173655,0.877386;1310,217721,0.965228;1353,181251,0.848713;1332,200717,0.935683
5481,3189595;1411,372944,0.986614;1560,178065,0.900673;1496,223585,0.971248;1774,184971,0.866218;1795,204406,0.937822
5474,3189292;1443,371676,0.984871;1959,175644,0.899802;1802,221319,0.965703;1799,183777,0.862178;1887,201349,0.935208
5765,3189074;1389,371885,0.986931;1934,175928,0.892198;1876,220501,0.972119;1776,182374,0.889109;1781,202549,0.939406
5582,3189055;1444,371860,0.98804;1836,167566,0.895446;1767,217315,0.969822;1801,179797,0.870812;1752,197849,0.931644
5597,3188888;1390,372250,0.990812;1987,168571,0.900436;1839,215852,0.973782;1756,179467,0.87105;1758,194727,0.934416
6061,3188655;1406,369186,0.983762;1971,168856,0.895842;1828,213343,0.964752;1762,177766,0.882218;1869,192572,0.930693
5948,3189523;1429,373262,0.989069;2084,169922,0.911446;1930,214443,0.970139;1759,177970,0.886337;1759,194299,0.929426
5919,3188727;1397,367464,0.986455;1870,166952,0.899723;1825,212583,0.967366;1795,177822,0.869861;1817,195092,0.931723
5915,3188656;1410,366543,0.983921;1872,169673,0.904554;1962,214239,0.969584;1907,176528,0.842376;1706,191381,0.933782
6157,3188311;1343,364885,0.983129;1939,170042,0.906376;1406,212629,0.970851;1227,175153,0.852436;1279,193266,0.92895
6085,3189132;1419,366867,0.989861;1558,171916,0.897822;1703,215489,0.972277;1762,178965,0.861941;1724,195314,0.940673
6134,3188557;1330,366874,0.984871;2040,172221,0.90804;1771,215672,0.965703;1879,178301,0.859723;1820,191745,0.936317
5931,3188978;1403,369480,0.98796;1893,171533,0.90297;1708,216493,0.969584;1386,182017,0.883327;1624,195328,0.938931
6125,3189213;1400,370913,0.984554;1989,170854,0.893149;1707,214787,0.966337;1784,179676,0.88602;1691,194629,0.938218
6082,3188867;1400,371664,0.989307;1922,171548,0.899564;1905,216545,0.969109;1693,178092,0.881267;1720,195200,0.939485
6120,3189597;1420,373247,0.988277;2043,174286,0.908119;1835,218015,0.97299;1399,182137,0.876752;1457,198717,0.943604
6339,3189031;1386,374563,0.986851;1998,171167,0.900673;1780,218417,0.963089;1694,180960,0.868515;1734,198055,0.93196
5961,3188638;1460,375712,0.988752;2179,173996,0.893861;1912,223299,0.963644;1743,183219,0.856792;1780,203945,0.940515
6071,3189504;1392,372378,0.98503;1902,174086,0.891089;1807,221246,0.967842;1862,181996,0.876594;1831,203846,0.941307
6001,3189705;1411,375228,0.988832;2004,176866,0.890376;1938,224675,0.963327;1823,185050,0.865505;1847,208776,0.947881
6313,3189503;1453,377198,0.984238;1990,178346,0.887604;1831,227465,0.96;1833,189588,0.884198;1879,209657,0.946455
5944,3189594;1399,376308,0.982257;2033,178354,0.895842;1821,227872,0.966257;1855,188156,0.877386;1860,206938,0.940594
5845,3189998;1424,374145,0.985505;1965,180520,0.894416;1945,227628,0.956911;1926,192521,0.89505;1913,210172,0.936079
5578,3189299;1362,374159,0.986059;2007,178938,0.878099;1998,226572,0.962376;1875,188075,0.872079;1791,207884,0.939485
5720,3189563;1471,375894,0.981941;2082,181006,0.882772;1889,227612,0.956277;1900,193016,0.874772;2107,213717,0.941941
5704,3188285;1378,375275,0.982812;2168,180295,0.886099;1886,229204,0.965703;1827,190071,0.876752;1869,207670,0.936238
5807,3188759;1404,379690,0.987723;1892,178100,0.879762;1892,225531,0.963485;1819,187101,0.844594;1919,208542,0.930931
5852,3189442;1486,376698,0.978535;2090,182208,0.893782;1891,231496,0.963089;1876,192921,0.860673;1959,215747,0.935762
5713,3189372;1414,376572,0.980594;1951,181823,0.886337;1836,227574,0.962059;1949,190215,0.856079;1954,211570,0.924911
5850,3189983;1460,378562,0.984238;2035,180848,0.891802;1948,228702,0.965149;1888,189290,0.861782;1899,213429,0.928158
5883,3188921;1396,377115,0.979564;1938,180283,0.872475;1822,229083,0.94899;1980,193389,0.858218;1920,212504,0.93996
6106,3189275;1423,378238,0.983762;2090,179583,0.881426;1842,227432,0.955723;1782,188914,0.861703;1533,213073,0.945426
6159,3189413;1462,377365,0.981782;2033,184503,0.879921;1796,232278,0.96;1933,195244,0.867089;1962,218246,0.941228
6122,3190082;1419,378474,0.98503;1856,183173,0.888158;1866,234512,0.964356;1808,193644,0.877941;1803,216464,0.93497
5936,3189455;1462,373334,0.98202;1876,182686,0.891802;1912,230976,0.964119;1896,192222,0.864713;1780,212417,0.928475
6077,3189672;1403,377444,0.985109;1983,181131,0.883644;1751,232270,0.95905;1850,192374,0.864;1794,212896,0.931723
5933,3189792;1455,379127,0.984158;2011,183474,0.885069;1922,232726,0.961663;1916,193493,0.87295;1772,213296,0.942812
6052,3189461;1399,377794,0.986139;1818,183831,0.888871;1932,232919,0.961584;1830,191768,0.871525;1760,212493,0.941545
5971,3189844;1377,375588,0.98297;1869,181388,0.886653;1728,232633,0.966337;1984,192195,0.861228;1862,211915,0.942337
5775,3189380;1416,379918,0.984079;2072,185228,0.880871;1948,232826,0.962772;1755,193948,0.861703;1949,216628,0.93497
5908,3189291;1436,377219,0.983683;1911,182406,0.891564;1910,229241,0.962297;2027,193351,0.864475;1889,213674,0.931089
5738,3189399;1460,374766,0.982733;2390,186665,0.888;2307,229776,0.962772;1832,193672,0.862416;1857,214003,0.946693
6150,3189328;1432,373739,0.98701;1819,179880,0.893228;1768,225351,0.956356;1829,188641,0.856871;1879,206028,0.932198
5764,3188691;1419,377186,0.981386;1812,180715,0.872792;1976,229779,0.962059;1780,189803,0.845861;1955,209661,0.935129
5735,3188941;1471,374048,0.97901;1955,182145,0.890931;1951,229964,0.968;1998,192903,0.880317;1941,208562,0.93996
6175,3189576;1452,375894,0.983446;2123,181431,0.89204;1911,230030,0.966733;1765,191920,0.865505;1817,207035,0.936634
5613,3189470;1459,373116,0.980911;1949,176068,0.888238;1808,226352,0.965386;1768,186762,0.869782;1876,205705,0.946455
5822,3189135;1568,374810,0.98297;1958,180287,0.890455;1986,228005,0.965624;1835,190176,0.874218;1785,205604,0.932436
5623,3189306;1429,375175,0.984792;2021,180108,0.902891;1891,228236,0.962772;1842,187456,0.857822;1987,209866,0.940515
5663,3189459;1424,376072,0.987089;1956,183208,0.892832;1592,227701,0.961267;1322,189801,0.872396;1410,207776,0.935683
5802,3188886;1432,377689,0.982178;1804,180830,0.892832;1442,226491,0.963723;1434,191595,0.884911;1643,208596,0.936871
5895,3189167;1407,376792,0.983446;1933,183568,0.890931;1724,228695,0.961584;1762,191955,0.867248;1859,212580,0.935683
6210,3188807;1382,376622,0.987406;1879,180429,0.884673;1514,230131,0.966416;1620,191157,0.856317;1857,209498,0.932515
5648,3188433;1461,377291,0.985347;1897,181493,0.885069;1765,227041,0.960871;1817,192257,0.864475;1766,208603,0.938376
5654,3187937;1413,378371,0.983762;2016,178648,0.885149;1832,226666,0.963406;1949,189002,0.87604;1842,207487,0.932277
5728,3185951;1377,374505,0.982257;1986,178387,0.880158;1821,225226,0.959604;1846,187075,0.868515;1810,207216,0.936713
5906,3188334;1428,374635,0.983287;2033,180579,0.876911;2037,228419,0.961663;1877,188238,0.842851;1873,213163,0.933703
6087,3180777;1390,376180,0.984713;1994,177806,0.883168;1903,223742,0.962693;1803,184970,0.866297;1828,205953,0.945109
5710,3181484;1439,378282,0.985901;1878,174354,0.879921;1780,220817,0.958099;1853,184491,0.878574;1783,206093,0.944317
5563,3172731;1387,377513,0.987089;1932,171139,0.882614;1767,220928,0.962772;1753,180182,0.857426;1765,199672,0.936554
5686,3161529;1377,376382,0.983129;1906,169034,0.88301;1774,213653,0.961584;1710,179768,0.869941;1711,197164,0.94503
5622,3135352;1411,374071,0.983683;1893,162032,0.872079;1686,207163,0.95905;1680,172385,0.852356;1671,191039,0.934812
5320,3093483;1371,376760,0.98503;1747,157434,0.86202;1719,198320,0.955881;1633,170447,0.867248;1579,183914,0.94701
5305,3074535;1368,373604,0.983921;1907,154613,0.861069;1653,194162,0.954851;1576,161929,0.862337;1558,182110,0.940198
5431,3018857;1436,375430,0.984079;1695,144296,0.847762;1582,184144,0.948198;1441,154910,0.860119;1500,170451,0.941861
5219,2957855;1440,376118,0.982574;1584,139885,0.848554;1450,173623,0.948356;1390,146692,0.863366;1453,161917,0.943842
4908,2780593;1456,380143,0.981545;1436,116740,0.84396;1338,149395,0.937267;1170,123652,0.858535;1247,143477,0.942257
4875,2538972;1489,375719,0.978535;1197,98608,0.837069;1103,125986,0.931564;961,104085,0.849188;1048,120436,0.940436
4342,2209673;1418,380364,0.978139;1013,80940,0.834455;871,103886,0.927683;691,86736,0.856158;832,98434,0.943762
3904,1938208;1430,381573,0.982812;1127,66133,0.82503;917,85038,0.926891;614,69552,0.843723;675,80549,0.934178
3225,1682424;1476,379221,0.979723;886,53309,0.823287;799,69885,0.929347;529,56109,0.849347;530,67000,0.935525
2872,1449815;1461,382779,0.980436;664,39500,0.825267;687,52967,0.92198;398,45598,0.844198;449,54507,0.935762
2044,1034456;1445,382872,0.980832;594,28123,0.828752;517,36560,0.923802;248,30257,0.838178;308,37692,0.936475
1541,762789;1457,381657,0.975842;514,19052,0.83097;422,24069,0.928158;158,20144,0.841901;206,26365,0.932911
1152,587930;1408,380646,0.979168;378,13956,0.833584;346,18066,0.926574;116,14294,0.838495;141,19160,0.931881
488,242338;1404,380190,0.979248;391,5456,0.832;299,6456,0.925861;40,5365,0.841663;59,8174,0.932119
338,169151;1427,382550,0.982653;398,3259,0.831604;289,4481,0.924673;41,3858,0.841822;43,5237,0.931564
175,77705;1414,384116,0.97901;284,1256,0.831208;306,1771,0.92499;22,2234,0.840871;20,2196,0.93101
95,42722;1414,383009,0.979089;245,560,0.831921;337,1005,0.925228;9,711,0.840713;12,965,0.930614
81,35208;1406,381154,0.977584;184,698,0.831129;161,822,0.924911;8,761,0.840634;9,957,0.930297
20,7565;1427,380329,0.979168;106,73,0.831762;129,149,0.925149;4,218,0.841188;6,289,0.930376
