10550,3186550;7724,1095241,0.999525;3753,221900,0.950772;3545,275929,0.988832;6773,212353,0.945149;5982,278701,0.991604
10721,3160813;7834,1090883,0.999446;2726,91463,0.932198;2750,136767,0.978614;3759,111138,0.930455;4039,169228,0.96899
10770,3162546;7768,1092782,0.998931;2731,93446,0.924634;2814,142196,0.980277;3961,113961,0.93101;4212,173584,0.961624
10789,3145974;7902,1100124,0.998772;2873,91623,0.92301;2838,138422,0.98;3890,110059,0.927644;4401,173678,0.95501
11057,3160102;7770,1095566,0.999525;2974,92996,0.918693;2956,140344,0.977743;3970,110183,0.92099;4446,173083,0.953307
10979,3154885;7900,1101477,0.999406;2829,93290,0.919208;2898,138975,0.97703;4181,111376,0.917743;4485,174501,0.949743
11036,3153681;7843,1104895,0.998574;2968,92206,0.925149;2800,138793,0.976475;4134,109096,0.913505;4420,172547,0.948475
11053,3145601;7948,1105841,0.999327;3139,92563,0.92602;2925,137434,0.975168;4078,108590,0.909307;4248,165345,0.942614
11320,3163673;7828,1097126,0.999366;3717,94241,0.915921;2939,140716,0.976277;4266,112713,0.906574;4551,176825,0.942218
11234,3150216;7922,1100259,0.999366;3321,93139,0.917822;2886,139191,0.976832;4197,110584,0.905624;4504,173695,0.943327
11211,3153231;7827,1099121,0.999644;3263,93635,0.915248;3061,140353,0.974891;4849,111044,0.897188;4830,171975,0.942851
11256,3155279;7855,1097948,0.999683;3281,94149,0.922614;3123,141355,0.975366;4422,111787,0.89897;4715,174377,0.943485
11285,3163743;7812,1098052,0.99905;3232,94252,0.911762;3155,141261,0.976277;4504,112874,0.902455;4488,174761,0.944832
11148,3163519;8666,1100281,0.998772;3177,93851,0.916317;3137,142136,0.973347;4252,111406,0.901703;4664,176774,0.942099
10878,3158068;7962,1105435,0.999129;3202,92882,0.921109;3138,140431,0.973069;4227,112007,0.900673;4471,175897,0.944832
10773,3160866;7771,1106061,0.999366;3166,94735,0.911287;3085,144058,0.973584;4325,112277,0.904752;4549,175186,0.946653
10891,3149236;7745,1110687,0.999168;3145,94112,0.911842;2929,140993,0.971762;4231,110364,0.90004;4503,172535,0.944911
11264,3162891;8677,1104628,0.999287;3183,95782,0.912436;3118,144846,0.97505;5021,113379,0.898178;4955,178953,0.942931
11439,3163796;8366,1106862,0.999327;3247,95531,0.91501;3206,144482,0.973901;4592,115092,0.902733;4875,179792,0.947406
11642,3154241;7715,1104176,0.999287;3257,94527,0.914693;3097,140513,0.97497;4512,112057,0.89897;4524,175374,0.945822
11382,3158885;7718,1102356,0.999762;3140,93550,0.916198;3066,140035,0.974416;4382,111701,0.901624;4754,178496,0.94796
11487,3154711;8224,1101200,0.999248;3185,92175,0.919366;2941,139518,0.977188;4168,109126,0.903842;4465,173581,0.946455
11483,3169062;8773,1104565,0.999525;3149,96342,0.921188;3105,145253,0.976594;4544,115791,0.899762;4762,182618,0.944634
11310,3160057;7757,1110550,0.999287;3176,93960,0.916594;2963,143157,0.974416;4348,112782,0.897149;4153,173689,0.943446
11269,3162176;7740,1105947,0.998297;2723,96076,0.913465;2807,142935,0.973386;4111,114742,0.903446;4370,176632,0.945426
11181,3161906;7779,1105785,0.999248;2976,95650,0.913782;2779,143928,0.975723;4140,114542,0.899446;4388,178343,0.944554
11308,3163202;9170,1105768,0.999525;2963,95141,0.915089;2774,144075,0.97295;4188,114730,0.906337;4532,177953,0.947248
11103,3153544;7745,1103626,0.99905;2902,94080,0.918772;2958,142464,0.977109;4228,110071,0.903564;4362,170690,0.949941
11035,3150421;7694,1097610,0.999406;3098,93384,0.91901;3100,141327,0.97596;4151,110436,0.90804;4485,172329,0.953188
11117,3150444;7703,1099705,0.999644;3096,92416,0.917465;2889,140142,0.973901;4225,110493,0.911248;4399,174173,0.952752
11090,3164492;9414,1099181,0.999802;3360,93435,0.923406;2807,139707,0.978099;4280,112436,0.904832;4401,176908,0.952238
10865,3165879;7725,1100055,0.999723;3039,93663,0.92503;2950,143434,0.978772;4271,113699,0.911366;4517,178523,0.953861
10662,3153162;7721,1098497,0.999723;2739,91960,0.916119;3004,138818,0.977545;4103,109855,0.903564;4271,171639,0.950931
11094,3157916;7706,1094221,0.999604;3189,91891,0.92198;2942,137067,0.975525;4117,110015,0.910257;4297,171020,0.950931
11159,3153711;9268,1097341,0.999366;2886,93109,0.921109;2894,137596,0.977465;4261,111074,0.906891;4417,173474,0.950297
10807,3158481;7714,1098174,0.999802;2818,91812,0.920634;2913,138724,0.977663;4249,110716,0.90404;4430,173539,0.949386
10792,3150012;7737,1100898,0.999604;2833,91726,0.919644;2774,136385,0.977426;4218,110385,0.908396;4332,171486,0.954059
10934,3144300;7749,1100069,0.999287;3132,91913,0.924911;2884,135796,0.977426;4159,110945,0.916673;4288,168616,0.953703
11349,3163613;8867,1099726,0.999248;2878,91407,0.916594;2905,137024,0.977782;4040,110404,0.916752;4511,174786,0.953347
11147,3152213;8128,1100925,0.999644;2986,91195,0.920713;2797,136860,0.977545;3995,108778,0.917228;4332,171441,0.951881
11087,3144332;7722,1099052,0.999644;2956,89889,0.921822;2730,134499,0.978376;3937,108956,0.921782;4244,168152,0.95101
11312,3151406;7690,1094254,0.999762;2972,89540,0.92404;2970,133830,0.977465;3876,107441,0.921663;4195,169778,0.95303
11314,3157373;8417,1097420,0.999208;3102,90413,0.92305;2932,137946,0.976436;3979,109729,0.920436;4248,172448,0.951168
10992,3154548;8516,1094805,0.999842;3101,90341,0.925861;3011,136061,0.980911;3934,108353,0.917743;4187,170502,0.953386
10986,3150630;7704,1090870,0.998693;3077,89609,0.923802;2923,133088,0.97695;3865,106755,0.927366;4080,167470,0.956436
11412,3161776;7643,1085849,0.999406;2928,90904,0.921743;2920,136538,0.980317;4021,110435,0.929267;4194,171758,0.952911
11328,3169932;7877,1088223,0.999683;2991,90679,0.930416;3059,136620,0.982139;4087,111094,0.92095;4348,174979,0.953743
11151,3158563;8937,1086516,0.999366;2847,88553,0.92305;2829,133619,0.980475;3972,107927,0.921624;4240,172378,0.950416
11304,3148076;7638,1083682,0.999604;2909,87522,0.932515;2747,130762,0.98103;3873,105749,0.923683;4062,163119,0.950851
11174,3161558;7649,1086977,0.998931;2812,88901,0.92998;2753,132593,0.981347;3993,109934,0.929861;4260,170062,0.954059
11413,3152419;7696,1090967,0.999762;2952,88165,0.923564;2714,131544,0.978376;3829,107409,0.927327;4215,167080,0.951129
11511,3154958;9380,1085387,0.999525;2914,88049,0.931089;2989,130126,0.98103;3740,105590,0.926495;4206,167129,0.952119
11337,3141986;7671,1085291,0.999842;2775,86093,0.927881;2729,128941,0.982257;3626,103702,0.929703;3972,163630,0.953347
11263,3150418;7664,1081157,0.999762;2914,86259,0.933663;2768,130180,0.983564;3707,105211,0.92796;3960,163509,0.952079
11463,3164922;7679,1081751,0.999762;2813,87519,0.929624;2872,131476,0.981228;3905,108996,0.933505;4020,166490,0.953584
11385,3147714;9311,1084662,0.999683;2802,86490,0.930812;2720,128776,0.981465;3662,104833,0.931208;3988,163745,0.955406
11339,3151075;7653,1083202,0.999802;3000,86566,0.932198;2733,128786,0.981465;3731,106165,0.940871;3951,164288,0.958851
11560,3161573;7667,1082940,0.999604;2959,86537,0.936198;2790,127837,0.983881;3652,106128,0.935644;3973,164886,0.955881
11562,3162102;7680,1080607,0.999564;2881,86513,0.934376;2827,130081,0.983406;3741,106846,0.93699;3965,166031,0.954733
11635,3158942;8821,1082181,0.999802;2867,86224,0.933901;2705,127079,0.98305;3622,104051,0.933188;3943,164897,0.952911
10963,3159970;8062,1082316,0.999881;2860,86383,0.937703;2967,126995,0.983802;3553,104278,0.935287;3901,163672,0.953782
11090,3164223;7707,1083244,0.999723;2811,86777,0.940079;2855,128849,0.982614;3767,106502,0.932554;3954,166706,0.952515
10952,3152948;7647,1079978,0.999802;3171,84952,0.932475;2871,126830,0.983802;3705,105389,0.933545;3905,161895,0.954099
10884,3155246;7557,1084370,0.999683;2952,85239,0.939208;2809,125605,0.982099;3603,104636,0.932832;3976,163430,0.953069
10870,3152621;7424,1079946,0.999723;2724,85013,0.934812;2764,126578,0.982851;3637,104808,0.936356;3860,161120,0.955485
11173,3161685;7366,1080159,0.999802;2832,85212,0.935129;2649,126459,0.98297;3702,104802,0.935168;3915,162279,0.953861
10846,3149157;7613,1075759,0.999762;2782,84974,0.938772;2641,125364,0.982693;3593,102814,0.937386;3763,157841,0.954931
11097,3159081;7837,1082591,0.999881;3067,84782,0.930851;2624,126371,0.982733;3672,104604,0.935208;3922,162726,0.952594
10912,3156447;7804,1083874,0.999881;2896,85821,0.941505;2762,125343,0.983564;3664,104246,0.933109;3930,160454,0.952832
11056,3160834;7888,1083713,0.999802;2785,84736,0.93798;2718,126065,0.984911;3509,104159,0.936871;4044,163144,0.956198
11101,3164708;7831,1085631,0.999604;2910,84727,0.935921;2653,126476,0.982733;3661,106623,0.941624;4043,162791,0.956594
11149,3167999;7876,1079696,0.999842;2860,86267,0.934812;2690,128285,0.986099;3647,106344,0.94095;4033,164273,0.953069
11087,3164534;7797,1079534,0.999921;2790,85850,0.940911;2620,126014,0.985545;2908,104675,0.938455;3916,165970,0.954059
11138,3164317;7886,1079801,0.999762;2711,85683,0.943683;2752,127482,0.985782;3693,106891,0.940752;4028,166183,0.955485
11126,3161516;7803,1078866,0.999723;3050,83473,0.941069;2775,123526,0.985941;3573,103706,0.935604;3809,159832,0.953703
10810,3158184;7874,1077806,0.999802;2896,84048,0.939327;2791,122431,0.983842;3568,101922,0.936792;3877,159269,0.955168
10910,3162786;7772,1073505,0.999683;2940,84263,0.935129;2833,125045,0.983564;3524,104505,0.93398;3889,161014,0.954733
10863,3159570;7731,1076839,0.999802;2999,84578,0.936515;2651,123647,0.984158;3570,104495,0.942574;3929,160699,0.955287
10322,3152781;7859,1076592,0.999683;2772,83609,0.937941;2768,122708,0.985505;3570,103616,0.939248;3912,160514,0.954495
10534,3168255;7869,1076482,0.999644;2954,85904,0.940277;2608,127627,0.987525;3716,107203,0.942931;4011,166889,0.95699
10561,3167447;7877,1079270,0.999723;2873,84718,0.941663;2687,126282,0.987129;3645,106324,0.94103;3853,161550,0.954693
10349,3161291;7837,1072149,0.999881;3058,84636,0.937822;2784,125719,0.985149;3598,103809,0.942178;3844,159991,0.957545
10435,3166044;7797,1069530,0.999921;2937,84183,0.943406;2748,124644,0.985109;3560,104767,0.942812;3874,161961,0.956752
10275,3160227;7886,1078902,0.99996;2803,82804,0.934891;2611,123299,0.98404;3510,103974,0.945109;3898,160653,0.959089
10129,3149090;7833,1072883,0.999802;2925,82518,0.935366;2577,123351,0.985307;3427,102251,0.943921;3872,158309,0.956158
10270,3152678;7825,1075738,0.999842;2895,83188,0.935644;2648,121590,0.984871;3484,103000,0.943921;3683,152972,0.958733
10572,3163189;7777,1070310,0.999762;2800,85612,0.944911;2716,125080,0.985822;3510,102991,0.943525;3789,159878,0.958772
10325,3152101;7780,1070095,0.999723;2893,81763,0.942178;2659,122096,0.985505;3407,101275,0.945782;3742,159951,0.959287
10392,3158736;7815,1070640,0.99996;2949,83592,0.948356;2604,123113,0.984158;3467,102313,0.944871;3746,158328,0.956238
10985,3160302;7818,1074803,1;2803,82881,0.943089;2758,122107,0.984515;3538,102955,0.939446;3759,158391,0.955921
10912,3149116;7802,1074729,0.999881;2999,82094,0.940119;2724,121971,0.98396;3397,99176,0.941109;3632,154773,0.954931
11034,3159048;7782,1070715,0.999683;2759,83905,0.940871;2685,122319,0.987446;3594,103639,0.946733;3787,159918,0.957188
10931,3155865;7835,1074930,0.999644;2681,80764,0.932396;2701,122471,0.986812;3531,102035,0.947248;3808,159965,0.958693
11270,3155360;7879,1077523,0.999921;2784,83136,0.939327;2730,122983,0.984436;3553,102154,0.946891;3821,160177,0.960594
11247,3161255;7859,1074720,0.998733;2717,81949,0.945584;2620,120402,0.985545;3535,101594,0.943525;3705,156529,0.958257
10948,3159020;7824,1068820,0.99996;2996,82153,0.94198;2682,122413,0.983921;3537,103932,0.944158;3768,158683,0.957149
11196,3160620;7800,1066821,0.999762;2643,83313,0.938337;2680,123620,0.985069;3506,103496,0.945109;3799,159013,0.958059
11318,3160595;7869,1068678,0.999842;2914,82623,0.94701;2630,121743,0.985188;3441,103178,0.94305;3764,160293,0.955406
10960,3149244;7863,1070704,0.999842;2760,79908,0.935406;2533,119143,0.985228;3491,99779,0.93695;3656,155440,0.955248
11147,3158901;7859,1068970,0.999802;2792,84342,0.945149;2709,121062,0.98499;3682,104185,0.942772;3797,158370,0.956277
11110,3154219;7894,1076502,0.999881;2867,81867,0.942851;2603,120808,0.984832;3653,103270,0.943168;3770,157989,0.958297
11070,3162750;7892,1074064,1;2998,82455,0.937347;2642,123253,0.984752;3432,101408,0.945347;3920,158630,0.957743
11339,3160235;7862,1072094,1;2981,83518,0.938891;2697,123354,0.985901;3514,103708,0.94598;3911,161578,0.956436
11213,3165875;7877,1073327,0.999525;2906,83081,0.941426;2746,123239,0.985822;3475,103301,0.944396;3748,160038,0.956396
10976,3153534;7823,1068316,0.999881;2634,81570,0.937465;2760,121785,0.984871;3485,102206,0.945505;3726,157602,0.955248
11517,3157553;7875,1072423,0.999921;2719,83100,0.941465;2697,121029,0.985861;3495,102212,0.946812;3762,157879,0.956673
11471,3165938;7843,1069296,0.999644;2707,82715,0.941822;2632,123423,0.984594;3670,104926,0.945109;3816,160203,0.955248
11241,3158415;7840,1067775,0.999842;2802,82036,0.940713;2819,120910,0.985624;3547,101616,0.946416;3692,156666,0.95905
11251,3155792;7828,1067206,0.999921;2855,82096,0.935327;2608,121385,0.984475;3544,102089,0.942455;3693,156070,0.957624
11393,3164583;7887,1075707,0.999248;2734,83202,0.942257;2677,122595,0.985188;3449,101633,0.940673;3746,157682,0.95699
11142,3165169;7872,1072143,0.999921;2817,82579,0.940079;2743,122976,0.989228;3544,102656,0.941228;3766,157403,0.955762
10288,3153083;7884,1073850,0.99996;2809,82412,0.94198;2616,120990,0.986891;3384,101562,0.943287;3692,153050,0.95596
10348,3160969;7831,1067499,0.999921;2862,82478,0.94396;2656,121022,0.985941;3495,102927,0.939644;3806,157423,0.955366
10190,3156348;7895,1076824,0.999881;3025,81286,0.942851;2597,120935,0.986059;3409,102360,0.941782;3677,153894,0.952713
10048,3158940;7898,1074865,0.999762;2929,82504,0.935762;2809,122935,0.986297;3483,102607,0.939683;3803,158123,0.953149
10154,3166492;7886,1074566,0.999881;2683,82476,0.941069;2697,122507,0.986416;3405,101298,0.944198;3740,158422,0.954733
10287,3161638;7852,1069864,0.999762;2995,82221,0.94103;2586,120841,0.983248;3432,102405,0.940752;3692,156776,0.954812
10016,3162457;7958,1074885,0.99996;2955,81234,0.933703;2626,121323,0.98495;3459,102129,0.945307;3738,159144,0.955644
9991,3163924;7895,1074353,0.999881;2854,82965,0.935723;2692,121914,0.985901;3535,103423,0.943248;3721,158395,0.955881
10281,3155199;7853,1068378,0.999802;2806,81542,0.937505;2761,120908,0.985426;3485,102737,0.943723;3739,158054,0.957505
10204,3154263;7851,1070271,0.999802;2723,81022,0.936594;2728,120331,0.984119;3441,101884,0.940436;3700,157465,0.953545
10066,3160046;7749,1069055,0.99996;2708,82326,0.943129;2820,120815,0.985426;3464,102900,0.94598;3741,159067,0.956317
10204,3152536;7684,1069490,0.999842;2736,81279,0.941307;2714,120543,0.985109;3412,101130,0.945347;3613,154925,0.956634
10009,3160637;7758,1072702,0.999881;2756,81379,0.942218;2742,120965,0.985901;3532,101417,0.944832;3700,157742,0.95703
10010,3169491;7810,1070474,0.99996;2744,83198,0.94499;2660,123654,0.98705;3635,105055,0.94404;3854,163133,0.957465
9973,3151779;7841,1068808,0.999842;2746,81494,0.940673;2596,119894,0.984317;3539,101861,0.944752;3735,156587,0.95596
10257,3159403;7841,1070869,0.999921;2699,80796,0.937624;2625,120865,0.985822;3442,101360,0.944832;3755,155877,0.955446
9905,3153253;7895,1075266,0.99996;2801,82000,0.941703;2822,120727,0.98701;3514,101894,0.940238;3777,155999,0.954059
10159,3163713;7848,1071930,1;2844,82412,0.94202;2682,121894,0.985941;3458,101953,0.942257;3807,157491,0.954099
10422,3156709;7834,1069754,0.999842;2987,81128,0.94305;2560,119849,0.986653;3452,101692,0.938178;3741,156382,0.954535
10008,3145929;7878,1074628,0.99996;2784,80932,0.942574;2663,119570,0.985545;3354,100878,0.942851;3730,154888,0.957505
10301,3157021;7882,1072781,0.999762;2861,81391,0.939802;2735,122069,0.986376;3379,101892,0.945307;3616,155211,0.957267
10147,3151557;7872,1074838,0.999842;2909,81467,0.943802;2732,120555,0.98598;3399,101587,0.947406;3642,155703,0.958772
10515,3167879;7858,1073052,0.99996;2854,81191,0.935723;2686,122037,0.98503;3537,103252,0.945545;3712,159261,0.958851
10519,3159295;7860,1075228,0.99996;2942,81880,0.942772;2681,121314,0.986495;3383,100743,0.940119;3692,156379,0.958851
10333,3161472;7872,1073824,1;2691,83960,0.943089;2979,123820,0.98503;3541,104535,0.938099;3752,158749,0.955564
10291,3163892;7834,1070157,0.998931;2696,83094,0.937069;2775,123806,0.986218;3549,103898,0.94095;3888,164363,0.95596
9969,3153733;7860,1074250,0.999881;2787,82090,0.943168;2783,120687,0.986297;3476,101376,0.943604;3642,154967,0.957861
10301,3154376;7899,1073028,0.99996;2665,79549,0.937743;2657,118385,0.985545;3476,100114,0.94499;3601,153984,0.957109
10007,3167413;7872,1071831,0.999921;2706,82970,0.939089;2657,122504,0.986139;3641,105032,0.944752;3792,162107,0.956356
9884,3154137;7889,1075112,1;2885,81600,0.942376;2670,120798,0.984673;3517,101380,0.946733;3738,157654,0.958455
9879,3144089;7876,1074538,0.99996;2902,81378,0.941069;2756,119855,0.985861;3453,99895,0.944911;3710,155487,0.958178
10274,3163016;7746,1073840,0.999921;2935,82666,0.933228;2754,123024,0.989347;3581,102846,0.940554;3739,159091,0.956317
10128,3161363;7722,1071340,1;3033,81261,0.937069;2623,121907,0.984832;3531,102951,0.940475;3769,159233,0.955921
9859,3159874;7784,1072621,0.999921;2838,83389,0.940356;2693,122734,0.98804;3530,103933,0.94598;3925,163750,0.95905
9480,3161161;7852,1069518,0.999842;2727,82245,0.943683;2751,121869,0.988436;3437,103080,0.945505;3896,161475,0.955406
9881,3153676;7841,1068754,0.999921;2642,81674,0.943842;2538,121151,0.986337;3331,100882,0.94701;3734,155438,0.956515
10178,3156044;7829,1066013,0.999842;2783,82692,0.938297;2636,120884,0.983802;3365,100818,0.946812;3765,156494,0.958812
9770,3153394;7855,1067254,0.999723;2893,83508,0.942653;2653,121587,0.985386;3416,102618,0.946059;3763,157285,0.956792
10155,3162680;7841,1067439,0.999921;2888,82613,0.935921;2660,122029,0.984158;3493,103609,0.941663;3724,155699,0.955683
9566,3161173;7879,1071974,0.999762;2875,83129,0.946574;2668,123848,0.985307;3515,103902,0.942099;3948,162381,0.957624
10023,3164004;7868,1070660,0.998931;2782,83280,0.942574;2727,123760,0.984396;3532,104096,0.940792;3795,159285,0.955129
9760,3152742;7877,1070966,0.999921;2771,82619,0.940356;2630,121235,0.985267;3498,102593,0.942257;3756,156668,0.954574
10097,3152014;7902,1077828,0.999842;2673,81110,0.936911;2618,120315,0.985347;3487,102333,0.94103;3743,156253,0.95596
10287,3170175;7838,1072370,0.99901;2766,82868,0.940515;2737,124610,0.985941;3552,105475,0.943762;3996,164297,0.954416
9823,3165064;7891,1076862,0.999762;2846,84238,0.935802;2660,124553,0.984792;3515,103523,0.93501;3934,162015,0.952198
9894,3150187;7873,1072482,0.999842;2770,82244,0.942574;2631,120725,0.986416;3332,98940,0.936238;3805,155313,0.955525
10237,3157820;7840,1069472,1;2831,81515,0.937624;2656,121489,0.984594;3489,102789,0.939327;3890,160247,0.956277
10376,3160979;7891,1075598,0.99996;2838,83791,0.944277;2607,123356,0.984;3543,104141,0.944475;3892,160296,0.959842
10484,3161910;7853,1069214,0.999921;2996,84217,0.938574;2720,125257,0.986931;3587,103913,0.94499;3850,161898,0.957822
10180,3159349;7846,1067949,0.999683;2936,83354,0.937822;2622,122862,0.986574;3568,103005,0.944277;3803,160268,0.957307
10157,3156442;7773,1069485,0.999921;2740,83175,0.936594;2665,124097,0.98301;3585,103516,0.943881;3810,161289,0.957901
10387,3166402;7725,1078149,0.999881;3005,84584,0.938495;2833,124679,0.984198;3588,104181,0.941228;3799,163121,0.957228
10184,3161270;7734,1078486,0.999881;3069,83249,0.941465;2752,125184,0.985901;3615,104205,0.941703;3762,159102,0.957782
10119,3164083;7791,1074631,1;2874,83798,0.936396;2634,124020,0.985188;3587,105171,0.944911;3923,162039,0.960158
10265,3169992;7893,1077265,0.999842;2792,85276,0.944396;2658,126391,0.985703;3610,105266,0.94503;3961,163334,0.957663
10150,3166402;7866,1075288,0.999762;2881,83075,0.943168;2629,123473,0.986733;3600,104323,0.945465;3854,162715,0.955683
9795,3156595;7847,1072142,0.999921;2795,82804,0.937545;2723,123371,0.986218;3530,103361,0.945584;3755,159494,0.957822
9867,3158893;7832,1071174,0.998812;2712,81978,0.934812;2786,122319,0.984911;3496,103563,0.943129;3738,159132,0.957703
10034,3168275;7859,1072903,0.999723;2964,85166,0.937545;2799,126897,0.985347;3556,104722,0.940871;3974,164349,0.956515
9582,3152350;7856,1071123,0.999802;2700,82041,0.93695;2649,121473,0.985307;3604,102636,0.942574;3772,159397,0.955604
9816,3154938;7804,1069401,0.999842;2753,82930,0.940277;2709,121866,0.986455;3530,103329,0.941267;3791,158308,0.957386
9485,3154873;7854,1075058,0.999723;2720,82966,0.940634;2599,122763,0.984752;3580,102855,0.942574;3784,159893,0.956396
9194,3158379;7862,1075225,0.999881;3048,83335,0.939485;2660,123462,0.986891;3580,103981,0.947802;3941,164331,0.958891
9575,3164514;7850,1072805,0.999762;2855,84264,0.932238;2838,125220,0.984792;3667,105635,0.946297;3900,162033,0.958218
9907,3159287;7850,1072029,0.999644;2924,83474,0.940475;2781,122585,0.983683;3362,104402,0.942416;3271,163815,0.95695
9697,3157271;7552,1074651,0.999842;2593,83337,0.936356;2471,122998,0.986257;3559,103520,0.941624;3700,162554,0.959564
9323,3142368;7417,1073106,0.999802;2587,83024,0.938653;2546,121221,0.982139;3445,102355,0.938178;3630,156502,0.956515
9604,3164795;7309,1077889,0.999802;2602,85093,0.935525;2582,127226,0.983248;3536,106381,0.94095;3855,165623,0.957505
9468,3162406;7422,1073396,0.999842;3003,85359,0.938455;2809,125439,0.983525;3622,105701,0.942495;3888,163701,0.957822
9396,3148685;7480,1079584,0.999683;2858,83257,0.936158;2696,124653,0.985149;3579,104143,0.939564;3956,161747,0.956436
9638,3158950;7339,1074954,0.999762;2998,84953,0.938218;2671,125242,0.983881;3682,104572,0.940594;3887,163669,0.95901
9707,3158466;7483,1081763,0.999802;3044,84329,0.937188;2728,123798,0.983168;3609,103839,0.934851;3981,162184,0.952673
9840,3160214;7466,1077146,0.999802;2724,84004,0.938535;2713,123431,0.981822;3596,103390,0.93501;3887,161681,0.954139
9702,3166830;7279,1070337,0.999604;2859,86050,0.938218;2734,127946,0.986733;3733,106431,0.935762;4072,166925,0.955168
9835,3167025;7451,1076784,0.999881;3056,85249,0.936356;2722,126660,0.98499;3669,105370,0.934099;4013,167271,0.952792
9093,3145962;7429,1070380,0.999802;3209,84297,0.933228;2591,124802,0.98499;3573,104232,0.940673;3812,159272,0.956832
9133,3156870;7315,1073249,0.999802;2928,84900,0.938574;2689,126274,0.984356;3677,105368,0.938614;3892,163352,0.954376
9227,3159097;7462,1076670,0.999644;2797,85001,0.93295;2701,127005,0.983683;3678,105434,0.937228;3983,165878,0.954376
9364,3157533;7431,1075736,0.999842;2782,84144,0.927762;2638,123829,0.983287;3772,105076,0.940158;3828,160963,0.957624
9158,3155795;7341,1079401,0.999485;2849,85929,0.935366;2664,125491,0.986574;3558,103067,0.939881;3835,163293,0.957584
9300,3164914;7447,1074967,0.999802;2889,87116,0.93295;2695,128141,0.984752;3663,106836,0.943762;3964,162664,0.95996
9101,3143075;7325,1078568,0.999485;3013,82437,0.936356;2606,122886,0.983327;3574,103179,0.936673;3856,160860,0.956356
9148,3155963;7410,1076365,0.999525;2776,85012,0.939644;2802,126340,0.984911;3575,104061,0.93802;3830,160908,0.957505
9345,3156537;7410,1071549,0.998891;3186,86246,0.938535;2716,126102,0.985941;3662,104311,0.936;3935,162896,0.955485
10365,3169358;7280,1069381,0.999881;3027,86913,0.940436;2747,130134,0.98598;3720,107676,0.938257;3991,167570,0.955802
10107,3161965;7457,1073328,0.999446;2827,85629,0.941347;2621,126024,0.986218;3836,107380,0.939723;3985,165559,0.954851
10007,3143211;7462,1076168,0.999683;2653,82766,0.93402;2626,121919,0.983683;3527,102273,0.937822;3745,157345,0.954455
10031,3146328;7310,1076887,0.999723;2802,84821,0.935446;2723,126722,0.982693;3650,105772,0.931723;4072,165266,0.955683
10069,3157143;7445,1073326,0.999802;2785,85342,0.944;2738,125810,0.982772;3664,105253,0.930376;3974,165220,0.957109
10078,3153555;7377,1072076,0.999762;3242,85247,0.936;2759,128100,0.984198;3650,105611,0.933584;3862,164194,0.957228
9961,3160152;7447,1070476,0.999525;2846,84046,0.936515;2848,125208,0.983723;3739,105707,0.931762;3901,163099,0.953703
10087,3160770;7429,1071027,0.999842;2916,84512,0.93303;2751,125629,0.983802;3616,104336,0.932594;3913,163180,0.954178
10092,3157876;7341,1074789,0.999802;2810,85467,0.93604;2637,127115,0.986178;3794,105970,0.934297;3888,161376,0.953267
9870,3163958;7467,1080333,0.999089;2940,85993,0.936396;2837,126972,0.985426;3695,106037,0.936713;3968,164612,0.952515
9861,3153659;7346,1075981,0.999921;2761,84520,0.937386;2757,126458,0.983604;3540,104316,0.937188;4090,164759,0.957624
9864,3159943;7480,1076429,0.999802;2974,85830,0.935168;2799,127349,0.982812;3864,107538,0.938455;4033,164919,0.958733
9789,3158730;7512,1080170,0.999644;2915,85459,0.938099;2915,127022,0.985347;3832,106684,0.938416;4013,163667,0.957545
10275,3161435;7345,1075212,0.999683;2792,83932,0.938733;2683,124214,0.984713;3661,104863,0.940594;3966,161809,0.957228
9416,3154977;7452,1074585,0.999842;2763,84517,0.934733;2676,125202,0.984554;3723,104144,0.935208;4007,163080,0.954257
9435,3156563;7379,1077572,0.999644;2900,84143,0.939723;2775,125282,0.983327;3701,103915,0.936713;3977,163687,0.954614
9935,3157750;7435,1071648,0.999644;3099,84565,0.942733;2721,125820,0.984119;3619,104920,0.937941;4059,163653,0.956356
10137,3158778;7516,1078283,0.999842;2769,85318,0.937584;2874,126581,0.983366;3780,106437,0.934772;3966,163068,0.951802
10231,3162388;7382,1084579,0.999762;2806,86269,0.936396;2790,128241,0.987089;3773,106582,0.936119;4088,164691,0.954931
10076,3166653;7484,1085630,0.999683;3049,85909,0.939366;2849,128542,0.985465;3813,106593,0.938455;4057,163929,0.953149
9932,3156328;7409,1083519,0.999762;2953,84965,0.940554;2903,126849,0.98404;3824,105550,0.936634;4107,163609,0.951129
9945,3161205;7491,1078617,0.999723;3007,84936,0.937069;2777,125585,0.984752;4317,105492,0.93798;4367,162350,0.952792
9989,3152557;7500,1079115,0.999723;2890,84035,0.938614;2909,124187,0.985307;3730,102796,0.942376;4124,162218,0.956792
9507,3156941;7357,1073603,0.999842;3103,83681,0.932673;2799,122980,0.984673;3584,102994,0.936356;3906,162859,0.956871
9419,3153002;7493,1076097,0.999723;2992,83172,0.937584;2760,122929,0.983366;3687,102542,0.936158;4055,162832,0.955248
9471,3161679;7445,1082673,0.999842;2966,85581,0.935921;2765,126917,0.982337;3769,106944,0.935089;4080,166778,0.954059
10177,3166290;7524,1080671,0.999683;2873,84895,0.938139;2959,126097,0.982416;3792,105896,0.938495;4074,165250,0.955208
10060,3160300;7556,1086683,0.999921;3064,86257,0.933505;2816,127898,0.983446;3802,105508,0.93596;4088,164580,0.95505
9892,3158942;7391,1083064,0.999802;3298,85983,0.936356;3299,127518,0.983485;4322,105431,0.93699;4158,165800,0.956238
9999,3160972;7510,1079764,0.999327;3258,86044,0.939525;2943,128430,0.981743;3938,105965,0.933426;4282,166619,0.955921
9912,3153478;7380,1076895,0.999762;3103,85374,0.938139;2730,126836,0.983248;3741,106066,0.937584;4181,167094,0.957465
9922,3159013;7515,1081993,0.999089;3160,86565,0.936594;2983,128357,0.982574;3900,106214,0.942653;4227,166918,0.956752
9532,3165975;7543,1087943,0.999881;2877,85998,0.941069;3079,129043,0.984673;3789,104877,0.939564;4113,163868,0.956317
9745,3164875;7430,1085716,0.999723;2942,87495,0.932;2773,130950,0.983406;3843,107160,0.938218;4233,168019,0.956198
9672,3157502;7526,1085854,0.999683;3006,86848,0.933149;2881,126707,0.985901;3829,105451,0.93802;4210,166289,0.954733
10032,3163604;7384,1077504,0.999802;3562,87390,0.93901;2918,128917,0.982931;3815,106621,0.935881;4177,166918,0.956436
9522,3155355;7418,1083353,0.999762;3083,85275,0.939129;3023,127305,0.984317;3658,105225,0.934812;4076,164819,0.956634
9553,3164702;7527,1084148,0.999604;3107,86472,0.93798;3043,128465,0.982693;3724,106287,0.938099;4086,166326,0.956792
9408,3171320;7399,1082440,0.999683;3098,87303,0.933188;2915,131054,0.985149;3842,108609,0.933188;4277,171030,0.953465
9462,3160509;7524,1081235,0.999683;3144,85768,0.933228;2961,127068,0.983287;4181,105387,0.935881;4185,165967,0.953426
9637,3161451;7517,1081168,0.999089;3020,84535,0.938178;2908,127402,0.983802;3846,104612,0.933426;4153,163252,0.957149
9543,3163222;7429,1082375,0.999762;2935,87075,0.93897;2855,129346,0.98404;3799,106633,0.940158;4298,168103,0.95905
9401,3149439;7539,1084338,0.999842;2891,84982,0.93402;2807,125561,0.979723;3715,103919,0.934059;4096,162752,0.958772
9333,3160687;7414,1080773,0.999881;2805,86421,0.930455;2869,127912,0.983604;3911,106655,0.933941;4258,166409,0.953861
8862,3161089;7526,1083734,0.999485;3406,85337,0.934733;3068,125322,0.982337;3785,106821,0.936832;4224,165332,0.956238
9390,3165434;7532,1086520,0.999881;3109,86418,0.930653;2998,127853,0.984356;3746,105961,0.940238;4027,164809,0.957545
9807,3151648;7417,1081722,0.999683;3051,85724,0.931683;2900,125886,0.984554;3747,104983,0.937426;4121,166594,0.955525
9675,3151661;7522,1080574,0.999485;3193,86515,0.93505;2843,127071,0.983287;3797,106198,0.941069;3980,162952,0.956238
9895,3158184;7542,1081028,0.999683;3287,85586,0.930218;2877,127575,0.982614;4051,106520,0.940792;4392,166154,0.957188
9776,3167302;7336,1075505,0.999485;3048,86585,0.940277;2892,129042,0.984198;3988,106440,0.939802;4252,166696,0.959168
9624,3167932;7516,1079644,0.998574;2840,86419,0.935604;2808,130283,0.981386;3892,107560,0.940792;4283,169296,0.955485
9411,3162790;7390,1077144,0.999525;3019,86867,0.929545;2874,130643,0.982653;3858,107608,0.935525;4258,168392,0.956792
9444,3160764;7396,1078005,0.999485;2901,87198,0.93196;2934,129315,0.984079;3933,107493,0.934376;4219,165893,0.952832
9468,3162853;7621,1082597,0.999485;3535,87370,0.937465;3183,129013,0.984752;3744,106839,0.935327;4347,169292,0.956832
9344,3154999;7855,1079875,0.999723;3154,84641,0.93501;3013,125960,0.98305;3755,106256,0.937703;4008,162177,0.95596
9449,3152308;7929,1089963,0.999683;3112,85455,0.929386;3009,125829,0.982178;3678,103817,0.935129;3903,161526,0.953149
9744,3163423;7849,1079726,0.999604;2995,86137,0.929188;2927,129512,0.981861;3740,106112,0.939604;4134,167668,0.955604
9565,3149790;7650,1078472,0.999802;3109,84469,0.931406;2869,125930,0.982337;4067,104483,0.93996;4195,161157,0.958693
9789,3160390;7315,1077828,0.999762;3025,87305,0.939327;2930,126102,0.984317;3978,105851,0.938297;4198,163457,0.955723
9792,3153927;7320,1079196,0.999842;2784,84456,0.932634;2769,127260,0.983089;3883,105301,0.939327;4059,161279,0.955129
9513,3159630;7377,1079010,0.999485;2941,86824,0.936436;2710,127619,0.983366;3772,105068,0.938653;4184,165527,0.956158
9667,3160593;7383,1081605,0.999446;3020,86495,0.934257;2829,128408,0.984356;3906,106898,0.943248;4127,162996,0.95798
9642,3164647;7385,1079899,0.998931;3330,86092,0.931287;3248,128557,0.981109;3826,107618,0.940277;4256,167537,0.957901
9539,3163440;7350,1077325,0.999604;3062,87771,0.936436;3003,129192,0.982851;3793,108464,0.938416;4132,168929,0.958495
9562,3164492;7406,1080190,0.999406;2973,87784,0.935881;3030,130686,0.984356;3807,107257,0.941465;4135,170072,0.956792
9655,3161765;7389,1082583,0.999644;2961,86713,0.942495;2875,128715,0.983248;3754,105969,0.938574;4156,166166,0.958693
9737,3164242;7412,1081405,0.999723;3024,86493,0.936238;2914,129602,0.982851;4012,105953,0.937267;4374,164251,0.955762
9640,3160851;7371,1078362,0.999723;2821,86215,0.938851;2893,128995,0.984673;3797,104806,0.937347;4251,166008,0.956
9574,3149569;7426,1079802,0.999723;3036,85878,0.93703;2687,127319,0.983762;3729,103927,0.938297;4035,158543,0.956832
9569,3155975;7375,1078441,0.999366;2966,84955,0.929465;2737,126219,0.983683;3640,103588,0.93402;4030,160902,0.955802
9590,3157051;7409,1080494,0.999644;3303,86818,0.937584;3175,129463,0.984554;3849,106006,0.938416;4192,167110,0.959089
9742,3163175;7395,1084340,1;2991,86201,0.932119;3307,130248,0.985149;3859,107492,0.937822;4174,166940,0.954851
9640,3161189;7470,1084706,0.999089;3032,86546,0.930614;2949,128094,0.984792;3881,106317,0.934099;3980,165156,0.955406
9987,3170766;7385,1083411,0.999723;3075,87355,0.935168;2987,130379,0.98499;3916,106994,0.933941;4075,168723,0.957743
9856,3163898;7413,1083723,0.999604;2992,86657,0.937743;2953,129268,0.984554;3952,108356,0.938139;3976,165319,0.95497
10135,3157697;7378,1078157,0.999683;2943,86759,0.938059;2974,128132,0.982891;3884,105958,0.938614;4648,166222,0.955406
10455,3158566;7321,1078334,0.999762;2918,86089,0.93695;2870,129803,0.983644;3923,106985,0.934257;4252,164641,0.956634
10660,3168523;7393,1082464,0.999802;3150,86935,0.938535;2762,129136,0.984515;3812,107746,0.936911;4228,168255,0.958693
9925,3157928;7356,1080827,0.999683;3134,85391,0.941347;2632,127470,0.982851;3865,107694,0.940238;4244,167895,0.957901
9675,3164876;7394,1079652,0.999366;3284,85885,0.929149;2816,127736,0.981663;3855,106711,0.935881;4225,167184,0.955881
9449,3154081;7312,1072297,0.999604;3093,85970,0.932871;2745,127434,0.985426;3663,104207,0.937822;4002,161808,0.957663
9411,3150145;7376,1069915,0.999723;2796,84655,0.935564;2710,126515,0.986574;3638,103135,0.939762;4000,163481,0.958772
9668,3166114;7359,1075650,0.999842;2820,86445,0.938614;2780,129435,0.98396;3749,106174,0.939168;4029,166566,0.958178
9476,3155888;7391,1076309,0.999723;2908,85431,0.937188;3179,126815,0.983366;3655,105554,0.938693;3994,163601,0.95695
9555,3161412;7335,1075704,0.999921;3039,85747,0.937941;2803,126666,0.983208;3687,104971,0.939327;3936,164228,0.958178
9479,3157049;7424,1075316,0.99996;3182,85085,0.933386;2769,126966,0.98297;3754,106020,0.93996;3964,164315,0.957069
9243,3147226;7370,1077724,0.999762;3381,86403,0.941386;2806,125513,0.98495;3578,104515,0.939208;3995,162794,0.959485
9356,3149108;7338,1077761,0.999762;2779,84445,0.931802;2696,125689,0.984554;3718,104392,0.941188;3968,162126,0.957228
9439,3147095;7368,1076453,0.999564;3123,83741,0.938495;2846,124339,0.986495;3578,101438,0.941109;3906,157426,0.959683
9464,3156529;7350,1075248,0.998733;2673,83522,0.933782;2511,123999,0.982178;3460,103151,0.944554;3833,164897,0.958059
9607,3163998;7388,1080968,0.999644;2692,85651,0.934455;2582,127524,0.982297;3615,106153,0.940436;3865,165949,0.95699
9671,3160575;7359,1078493,0.999762;2975,85732,0.93604;2866,127535,0.983644;3709,105901,0.935446;4037,166403,0.953743
9526,3161805;7390,1080673,0.999644;2996,85418,0.938297;2771,127355,0.983525;3636,104692,0.931802;3954,163567,0.951723
9430,3156641;7335,1078169,0.999762;2941,84903,0.930891;2680,127133,0.985703;3654,104783,0.937267;4034,166107,0.951525
9617,3160925;7434,1081543,0.999723;2980,85776,0.938495;2682,127812,0.984079;3630,105366,0.937941;3902,164295,0.952436
9341,3151929;7398,1082106,0.999842;3001,83449,0.935564;2689,125004,0.983446;3581,103441,0.936911;3888,162610,0.95402
9616,3158266;7394,1077229,0.999842;2777,85164,0.937386;2729,126641,0.984198;3614,104988,0.93703;3912,161179,0.954851
9445,3156271;7332,1077743,0.999842;2956,83365,0.936832;2735,125284,0.984594;3629,104522,0.942614;3942,161766,0.954574
10385,3162228;7367,1078786,0.999644;2861,85526,0.937149;2831,126944,0.984832;3624,105167,0.941465;3969,164716,0.956396
10334,3154717;7374,1080170,0.999921;2929,84831,0.939089;2733,123802,0.983921;3557,104378,0.942574;3941,165969,0.958891
10546,3164193;7377,1073273,0.999446;2798,84295,0.939248;2664,123446,0.981188;3613,105427,0.941307;3907,164337,0.958178
10706,3171823;7399,1077050,0.999762;2749,84268,0.931366;2731,126909,0.983644;3653,105811,0.93798;3952,167841,0.958416
10408,3151843;7360,1072757,0.999446;2705,84307,0.93295;2681,124190,0.985109;3504,104355,0.940554;3810,161407,0.959208
10507,3159326;7354,1072744,0.999723;2913,85156,0.932158;2566,125841,0.982891;3567,105182,0.938733;3853,163908,0.956752
10397,3155635;7398,1078290,0.999723;2743,83386,0.928792;2701,124926,0.985465;3533,103799,0.93802;3756,161035,0.957188
10883,3170504;7441,1079906,0.999842;2753,86671,0.942851;2689,127912,0.98396;3637,107182,0.938574;3950,167848,0.955881
10692,3165301;7367,1075793,0.999842;2748,84861,0.93996;2706,127539,0.984911;3609,106059,0.944356;3921,165739,0.958139
10662,3168553;7433,1076929,0.999485;2879,85853,0.934455;2672,127440,0.984554;3575,106541,0.940396;3969,166624,0.95703
10636,3164942;7403,1075694,0.999762;2707,85527,0.931089;2659,127885,0.986535;3630,106227,0.938772;3920,165229,0.958614
10591,3155652;7412,1077782,0.999564;2725,82732,0.929703;2712,124711,0.983525;3363,101302,0.937426;3712,159845,0.95802
10715,3157882;7387,1073688,0.999723;2715,84693,0.937109;2692,125603,0.984554;3490,104141,0.94499;3838,163366,0.958891
10679,3151422;7401,1072471,0.999762;2886,83336,0.943881;2613,122657,0.982178;3428,101456,0.942812;3773,159594,0.958495
10647,3146472;7356,1073553,0.999802;2756,83671,0.934218;2619,125001,0.985545;3541,103603,0.939723;3761,160213,0.958772
10765,3155096;7365,1072843,0.999842;2676,84168,0.937149;2617,124633,0.984158;3536,104011,0.937901;3774,159596,0.957465
10898,3157841;7371,1071821,0.999208;2714,82968,0.940079;2820,123255,0.985624;3487,104266,0.938257;3794,161089,0.955089
10642,3158026;7370,1073918,0.999881;2766,84745,0.942574;2799,124149,0.983762;3643,106323,0.940356;3875,163571,0.955168
10752,3162090;7413,1073276,0.999802;2858,84050,0.935327;2782,124945,0.985584;3537,105276,0.941347;3828,161838,0.954653
10661,3156410;7362,1073100,0.999723;3045,83736,0.946178;2565,122905,0.985901;3408,102674,0.941228;3793,160540,0.955842
10915,3159664;7442,1077210,0.999762;2667,83145,0.934693;2635,124738,0.98602;3534,104790,0.942337;3767,162238,0.958297
10681,3147401;7397,1075316,0.999446;2749,82898,0.938535;2764,123520,0.981861;3356,100476,0.941861;3650,158171,0.959287
10835,3154857;7407,1073298,0.999881;2670,83007,0.93204;2573,124461,0.983564;3375,101730,0.942495;3642,156027,0.956871
10891,3159158;7350,1074885,0.999881;2674,83331,0.934931;2549,124781,0.984673;3521,105161,0.941069;3821,163606,0.955683
10865,3154718;7402,1076637,0.999723;2660,84390,0.938297;2784,125116,0.986218;3503,103428,0.940832;3800,160868,0.956871
10903,3160661;7353,1071305,0.999842;2834,83531,0.937822;2718,126359,0.985347;3522,105039,0.944198;3761,162071,0.959446
10833,3159915;7402,1074526,0.999762;2956,82815,0.934297;2528,123910,0.984832;3485,103801,0.94297;3788,162167,0.957901
11026,3168186;7381,1073759,0.999723;2854,84845,0.940238;2619,126110,0.984158;3593,105753,0.940713;3780,163013,0.956871
10800,3151127;7413,1077784,0.99996;2586,82082,0.933465;2548,123070,0.986099;3432,103907,0.940475;3746,161667,0.958812
10978,3160523;7386,1077172,0.999842;2779,83620,0.934297;2663,124986,0.986891;3464,104515,0.944594;3704,159273,0.958059
10877,3160358;7402,1078424,0.999881;2795,83970,0.939287;2671,124090,0.983287;3472,103806,0.943406;3726,159628,0.955921
10836,3157011;7358,1076832,0.999921;2769,84395,0.937624;2598,124564,0.984515;3446,103506,0.944119;3707,161721,0.957307
10802,3154785;7377,1075066,0.999921;3064,85543,0.941505;2691,125491,0.985703;3432,103443,0.944277;3727,160308,0.956079
10957,3169690;7432,1078735,0.999802;2715,85099,0.940238;2628,126381,0.986693;3520,105236,0.94198;3779,163067,0.957545
10718,3161788;7378,1074735,0.999802;2817,84440,0.939287;2656,125067,0.985505;3500,105029,0.945703;3737,161509,0.956911
10804,3166745;7426,1078971,0.999723;2643,83624,0.936396;2554,124516,0.986297;3428,103924,0.941743;3768,163227,0.956673
10623,3154318;7400,1074537,0.999762;2628,83512,0.941861;2507,122996,0.985901;3449,103125,0.940356;3802,161960,0.957228
10802,3158382;7404,1079499,0.999762;2654,82511,0.937624;2644,124118,0.98503;3429,102934,0.936;3652,159516,0.95501
10193,3163001;7376,1075278,0.999921;2753,84130,0.948792;2566,122987,0.985822;3453,104263,0.942614;3707,160144,0.954297
11053,3169023;7423,1079275,0.999762;2792,83909,0.937624;2611,124467,0.984752;3540,105527,0.941624;3870,165561,0.952871
10852,3155505;7363,1076137,0.999881;2702,83373,0.940475;2664,121916,0.986455;3404,102436,0.944594;3700,160039,0.955881
10962,3153573;7430,1072009,0.998851;2715,82206,0.936119;2653,123419,0.986337;3407,101495,0.94495;3632,157539,0.957386
10907,3157993;7354,1071095,0.999921;2714,84202,0.937624;2717,126114,0.986614;3489,103312,0.945465;3739,161558,0.960832
10820,3153922;7375,1069093,0.99996;2685,81603,0.937188;2528,121742,0.983683;3368,101163,0.939129;3629,155293,0.955842
10871,3149441;7375,1075207,0.999762;2872,84001,0.93802;2616,123598,0.983881;3511,103518,0.942218;3716,158929,0.957505
11109,3167912;7379,1072786,0.999921;2680,84435,0.93596;2606,126067,0.985426;3534,105730,0.946099;3807,164613,0.96
11075,3163967;7346,1074820,0.999921;2889,86109,0.941782;2597,125987,0.98598;3527,105611,0.939287;3820,164603,0.954851
11013,3162790;7418,1076569,0.999762;2616,83670,0.942614;2692,125143,0.98495;3427,102946,0.943842;3635,160113,0.955881
11149,3166849;7375,1078289,0.999723;2807,85073,0.944158;2614,125119,0.985941;3443,104932,0.942376;3812,163149,0.955248
11101,3165017;7420,1084113,0.999881;2729,85867,0.940713;2672,125142,0.984752;3568,105684,0.942218;3769,163354,0.955485
10817,3156320;7349,1074328,0.999842;2766,84238,0.938733;2663,126125,0.985465;3441,104048,0.941584;3751,160409,0.957861
11106,3160791;7362,1072863,0.999842;2816,85287,0.941267;2668,125907,0.986495;3416,104054,0.94202;3719,161941,0.958059
11044,3159680;7383,1077003,0.999802;3011,83844,0.938178;2727,122919,0.986376;3482,104172,0.940317;3756,162053,0.957149
10706,3166014;9245,1071529,1;2682,84991,0.941307;2507,124940,0.986495;3562,105346,0.943762;3852,164466,0.956475
10539,3153731;7711,1080635,0.99996;2590,82701,0.94095;2532,120826,0.982812;3396,103041,0.940832;3753,160191,0.955327
10593,3151832;7625,1074510,0.999881;2581,80685,0.935564;2524,120280,0.984871;3364,102521,0.942931;3571,155630,0.956396
10674,3165903;7621,1074876,0.999921;2875,84220,0.938693;2673,124635,0.98499;3472,105178,0.94404;3732,162100,0.954851
10557,3154121;9396,1074716,0.999921;2825,81476,0.937505;2502,120552,0.98598;3523,102410,0.940356;3642,158346,0.952832
10701,3164578;7621,1074050,0.999881;2787,83655,0.933941;2550,125227,0.986297;3428,104288,0.947327;3809,163234,0.95905
10740,3169087;7644,1073824,0.999881;2835,84300,0.937901;2588,124577,0.986851;3622,105411,0.939446;3768,164006,0.953901
10639,3159044;7654,1081036,0.999921;2772,82904,0.939406;2544,123236,0.986139;3451,103870,0.943208;3662,160069,0.957267
10529,3150605;7586,1071695,0.999881;2591,81019,0.940832;2529,119621,0.982495;3401,101897,0.941228;3623,157834,0.953347
10679,3159862;7392,1079281,0.999802;2642,82940,0.944396;2558,123101,0.985267;3358,101643,0.943089;3710,159573,0.95596
10883,3169237;7501,1079730,0.99996;2737,86342,0.940713;2620,127263,0.986416;3520,106042,0.940475;3763,164055,0.955683
10751,3163661;7316,1076267,0.999842;3024,83961,0.942653;2657,123807,0.984832;3420,103865,0.943089;3720,160243,0.95604
10758,3158744;7357,1075791,0.999881;2769,83657,0.934535;2563,122377,0.982059;3533,104479,0.942178;3735,160672,0.95501
10834,3162196;7380,1081955,0.999921;2740,84687,0.942891;2618,124617,0.986099;3439,104135,0.942218;3845,164198,0.953307
10399,3152693;7497,1080490,0.999921;2645,82270,0.940752;2696,122783,0.983564;3348,100998,0.94103;3597,157118,0.952752
10767,3161938;7598,1071836,0.999842;2715,83713,0.936792;2667,124844,0.984911;3493,105136,0.942337;3739,161979,0.955802
10937,3166989;7634,1077124,0.999921;2944,84887,0.94297;2601,124631,0.98499;3452,103724,0.942495;3751,162577,0.954455
10718,3159270;9019,1079485,0.999921;2797,82027,0.931604;2555,121771,0.984356;3355,101736,0.94404;3649,160068,0.956792
10612,3152518;7795,1070742,0.999842;2711,81834,0.94099;2562,121774,0.984792;3376,102667,0.944238;3647,159642,0.959881
10631,3149150;7628,1073318,0.999208;2592,81605,0.941624;2519,120283,0.98598;3335,100330,0.944911;3599,156919,0.958812
10732,3162547;7660,1078445,0.999921;2871,82770,0.942812;2520,122838,0.984;3416,103925,0.943723;3713,161522,0.955287
10656,3156275;8564,1077093,0.999683;2616,81021,0.938099;2513,121267,0.98697;3387,101447,0.941149;3561,155881,0.954614
10657,3157647;8283,1079429,0.99996;2661,82322,0.940277;2562,123653,0.986891;3337,101865,0.94499;3648,157875,0.956317
10683,3163138;7655,1078313,0.999683;2741,82679,0.93497;2528,122754,0.984832;3304,101512,0.942931;3697,159760,0.958376
10774,3158849;7687,1081216,0.99996;2631,83164,0.937822;2576,122708,0.986772;3358,102732,0.94697;3608,158228,0.958574
10882,3167690;8096,1081971,0.999842;2906,84057,0.945465;2654,123658,0.985703;3457,105673,0.944634;3799,165203,0.957347
10668,3152244;8755,1081112,0.999802;2778,81882,0.938931;2668,122806,0.987089;3379,101319,0.942455;3600,158057,0.958218
10769,3166371;7656,1076735,0.999881;2803,84142,0.94301;2666,123752,0.988079;3321,102585,0.946931;3690,160084,0.959723
10601,3158100;7667,1078927,0.999881;2576,82162,0.944119;2581,121913,0.987287;3389,102692,0.941703;3683,160178,0.958851
10632,3155564;7619,1075894,0.999842;2845,83020,0.936634;2624,121524,0.984475;3350,101015,0.946178;3628,158067,0.958495
10657,3158469;9239,1076331,0.999921;2675,82942,0.940198;2587,123008,0.98602;3388,102332,0.945347;3670,159310,0.958337
10668,3163132;7667,1080714,0.999921;2720,83252,0.941545;2586,123847,0.987327;3373,103177,0.945703;3712,162554,0.958574
10768,3165697;7666,1079067,0.999802;2941,83606,0.943525;2563,123902,0.987485;3470,104353,0.944713;3719,162227,0.956792
9864,3153757;7658,1076656,0.999802;2709,82289,0.943406;2681,121560,0.98701;3332,101630,0.94598;3634,159230,0.956554
10512,3155582;9397,1077668,0.999921;2760,82700,0.943881;2692,121514,0.987802;3162,101153,0.947842;3572,158994,0.957267
10518,3154061;7672,1076884,0.999842;2621,82698,0.940238;2527,121417,0.98396;3317,101225,0.946139;3684,158429,0.955525
10596,3164469;7669,1081371,0.999921;2828,84824,0.94297;2681,124936,0.985703;3553,104962,0.943723;3956,163568,0.955168
10539,3156037;7655,1078336,0.99996;2977,81108,0.941426;2677,121121,0.986455;3412,101086,0.944;3620,157035,0.954337
10557,3163075;9137,1080446,0.999881;2680,82705,0.938376;2757,124922,0.986851;3624,103319,0.944673;3787,160048,0.95703
10615,3162118;7841,1083420,0.999881;2753,82310,0.941822;2671,122540,0.985861;3391,101862,0.938535;3673,159261,0.952396
10533,3158994;7697,1083089,0.999802;2933,82177,0.942257;2655,121453,0.986772;3418,102588,0.940356;3658,157787,0.952871
10558,3161437;7669,1077781,0.999723;2752,81949,0.940911;2594,122211,0.986337;3567,103235,0.945584;3703,157512,0.955446
10596,3164307;8742,1086333,0.999762;2843,84061,0.939129;2672,125238,0.985861;3506,105328,0.946416;3770,162510,0.957822
10569,3156524;8198,1081288,0.999881;2946,83115,0.937307;3062,123209,0.985743;3525,103913,0.940079;3683,158493,0.955525
10647,3162321;7656,1082136,0.999921;2642,83543,0.936713;2611,122828,0.985782;3451,103549,0.940475;3850,162340,0.955406
10705,3157676;7688,1078433,0.999881;2871,82029,0.937228;2711,123322,0.985347;3537,103253,0.947723;3757,159442,0.959446
10649,3152309;8256,1081379,1;2759,82218,0.936079;2595,122732,0.98697;3497,102279,0.944515;3824,160171,0.95695
10802,3165676;8672,1078740,0.999762;3017,84300,0.938297;2833,125056,0.985861;3605,105500,0.949347;3908,164152,0.961069
10791,3162928;7676,1078819,0.999723;2901,82071,0.936119;2755,123882,0.984871;3587,104217,0.944594;3906,164117,0.958257
10685,3147680;7658,1079320,0.999881;2816,80958,0.940594;2589,120701,0.986455;3493,101011,0.94396;3721,156923,0.957624
10737,3158646;7693,1072727,0.999723;2807,83231,0.936158;2767,123621,0.987406;3521,103435,0.943564;3880,163324,0.956317
10789,3159279;9099,1076184,0.999921;2814,83863,0.93996;2694,124812,0.986851;3570,104281,0.941426;3813,161206,0.954772
10811,3164747;7700,1081057,0.999168;2787,83794,0.944673;2665,124335,0.986178;3493,102325,0.942535;3863,162990,0.954851
10574,3161142;7692,1079952,0.999881;2775,82924,0.931248;2663,122555,0.985624;3499,103229,0.939129;3911,163311,0.954059
10495,3162605;7620,1075626,0.999802;2890,83168,0.938574;2700,123070,0.987881;3532,102179,0.940594;3794,158902,0.955287
10710,3166627;9399,1080663,0.999881;2829,83753,0.932752;2811,125502,0.988673;3668,105405,0.943485;3978,164210,0.95802
10703,3161958;7664,1079832,0.999842;2960,83792,0.940356;2630,123651,0.985347;3501,102466,0.939802;3862,160383,0.955564
10592,3156561;7672,1076866,0.999842;2793,81888,0.942733;2716,123306,0.98495;3553,102796,0.941901;3819,159122,0.954376
10503,3155360;7660,1078349,0.999881;2825,83040,0.941545;2653,124558,0.984554;3519,102504,0.943248;3817,160153,0.957545
9897,3157108;9221,1080263,0.999762;2669,83300,0.941386;2778,123597,0.985307;3424,103509,0.940752;3723,159460,0.955366
10267,3158374;7695,1079292,0.999564;2782,84720,0.941109;2566,124366,0.984713;3412,103793,0.93905;3703,159247,0.954139
10151,3157745;7689,1084492,0.999842;2589,83322,0.940792;2628,123316,0.986059;3400,102430,0.93798;3772,161327,0.954693
10242,3154211;7702,1081291,0.999485;2610,82796,0.938891;2589,122209,0.986297;3343,101192,0.940752;3728,159143,0.955446
10020,3163839;8738,1078059,0.999762;2830,84572,0.939802;2652,125648,0.985545;3426,103544,0.93905;3745,161040,0.953624
9784,3159531;8133,1082809,0.999723;2682,83848,0.935564;2565,124477,0.98503;3445,104132,0.942059;3733,159956,0.955446
10083,3158518;7680,1082585,0.999842;2797,82981,0.939525;2642,124382,0.984198;3395,103301,0.944;3754,159757,0.955604
10098,3160915;7672,1080109,0.999683;2920,82728,0.939644;2564,123720,0.98297;3389,102445,0.939287;3836,162718,0.952871
9940,3162870;8347,1083580,0.999802;2762,84194,0.939248;2635,125769,0.985505;3499,105069,0.938931;3794,161329,0.952752
9383,3149139;8560,1080669,0.999842;2987,83295,0.941228;2606,122998,0.984158;3398,102370,0.940436;3622,155557,0.954891
10038,3160402;7711,1083916,0.999723;2712,84655,0.940475;2527,124724,0.983842;3494,104320,0.941149;3791,161659,0.954218
9975,3151387;7698,1083874,0.999842;2869,83728,0.935327;2607,124985,0.985584;3486,102908,0.940911;3799,160353,0.955921
10092,3161089;7913,1081712,0.999881;2764,83643,0.936158;2514,123521,0.982772;3458,103423,0.942416;3752,160661,0.956158
10064,3163237;9006,1082302,0.999842;2734,84852,0.943366;2586,125102,0.983208;3549,105244,0.945743;3850,163580,0.957465
10292,3154940;7717,1081031,0.999842;2671,83611,0.94;2534,124387,0.983762;3422,102306,0.941584;3742,160947,0.957188
10363,3152434;7677,1077385,0.999842;2730,82400,0.936119;2583,122968,0.984673;3420,101947,0.94202;3754,161075,0.95699
10457,3151212;7661,1077664,0.99996;2601,84418,0.936911;2626,124907,0.983564;3458,103582,0.938218;3797,161349,0.957307
10435,3147550;9398,1079110,0.99996;2681,81793,0.928158;2570,122696,0.985149;3360,101990,0.943762;3751,159445,0.958416
10476,3155581;7662,1079798,0.999644;2968,84737,0.932396;2793,124902,0.983842;3402,103260,0.938574;3721,159866,0.955683
10597,3164799;7690,1081641,0.999881;2823,84713,0.937228;2583,125227,0.983723;3541,105400,0.934931;3871,164675,0.953069
10480,3151391;7707,1081630,0.998812;3063,84225,0.939604;2583,124078,0.982931;3431,103192,0.940475;3696,160405,0.956673
10567,3155541;9398,1076610,0.999604;2830,84471,0.938693;2664,124774,0.984238;3497,103766,0.943604;3732,160939,0.958337
10523,3152781;7655,1077520,0.999723;2798,83711,0.942376;2534,123448,0.983683;3475,101825,0.940713;3811,163256,0.959406
10545,3154811;7659,1074112,0.999842;2966,83150,0.93402;2612,124302,0.983921;3516,102976,0.937188;3708,159510,0.955129
10487,3151160;7679,1077250,0.999842;2709,85215,0.936356;2629,125213,0.982851;3647,105543,0.939564;3805,161250,0.955762
10600,3159984;8981,1079954,0.999881;2732,83967,0.938297;2662,124899,0.982931;3588,104510,0.937505;3875,165947,0.955446
10638,3163246;7958,1080952,0.999762;2689,84209,0.939485;2613,125910,0.985347;3534,104664,0.939683;3713,161088,0.955287
10510,3141166;7709,1082727,0.999842;2674,84221,0.93905;2566,125331,0.982851;3441,101250,0.936634;3670,157920,0.952792
10661,3164839;7729,1080545,0.999644;2719,84677,0.935564;2584,125906,0.983802;3577,104388,0.934416;3818,163234,0.95398
10330,3150010;8534,1077414,0.999842;2641,83795,0.935485;2520,124216,0.982931;3499,103507,0.939564;3828,162580,0.95505
10156,3144779;8366,1075614,0.999723;2715,83296,0.936277;2653,123991,0.986495;3485,102378,0.938178;3720,159626,0.952832
10150,3149232;7706,1079501,0.999644;2724,84499,0.937149;2546,124303,0.983683;3532,104020,0.936673;3768,160908,0.955366
10307,3150649;7654,1071946,0.999446;3035,84093,0.935762;2608,124007,0.98305;3554,103456,0.937069;3705,158601,0.954772
10445,3158964;8041,1074909,0.999366;2781,84866,0.933584;2670,127679,0.98503;3584,104556,0.935921;3810,162261,0.955366
10240,3148399;8864,1078276,0.999564;2756,83525,0.933545;2640,123637,0.984554;3512,103931,0.939287;3776,160674,0.956277
10507,3164036;7661,1073204,0.999525;2752,86045,0.940792;2717,128285,0.984554;3605,106233,0.93505;3893,165612,0.955644
10184,3146740;7687,1072938,0.999208;2639,84383,0.93398;2663,125389,0.984515;3546,103938,0.934851;3751,159205,0.954455
10271,3152867;7674,1075058,0.999921;2656,82953,0.939208;2679,124355,0.984396;3560,103886,0.936475;3779,160681,0.955723
10342,3162345;9298,1076235,1;2800,84639,0.936713;2757,125738,0.985465;3571,104782,0.935446;3879,166618,0.954178
10400,3160707;7653,1073975,0.999802;2816,84756,0.934772;2669,126277,0.984673;3605,104793,0.939881;3853,164488,0.956634
10326,3158066;7692,1076743,0.999604;2735,85857,0.935208;2657,126378,0.98396;3563,104429,0.939644;3888,164090,0.953743
10446,3160293;7689,1076549,0.999842;2944,85991,0.938851;2700,127131,0.983881;3542,104320,0.936792;3839,162385,0.95299
10224,3150832;9461,1078324,0.999921;2802,84881,0.93798;2638,124345,0.985307;3489,104117,0.940634;3825,162216,0.955287
10162,3143295;7698,1074524,0.999762;2651,83121,0.930416;2634,123289,0.984752;3466,101826,0.938812;3748,158465,0.95699
10162,3146179;7687,1074211,0.999881;2810,83232,0.939327;2627,123581,0.984238;3501,103488,0.93901;3810,160786,0.957267
10240,3149712;7650,1070359,0.999604;2815,85062,0.938812;2662,125417,0.98602;3569,103599,0.936594;3805,159209,0.954535
10236,3156655;8995,1067433,0.999802;2910,84104,0.938337;2587,124950,0.983921;3603,103559,0.942257;3834,159113,0.95798
10193,3136256;7828,1070008,0.999842;2702,81849,0.93699;2681,121393,0.98598;3595,101839,0.938099;3796,157131,0.956871
10269,3150049;7689,1076441,0.999842;3112,84327,0.939168;2710,124474,0.984911;3627,102996,0.935644;3934,159368,0.955644
10055,3144743;7678,1078269,0.999723;2944,83149,0.935762;2718,122718,0.982851;3566,101242,0.939762;3876,158400,0.956634
10179,3140698;8607,1075119,0.999644;2930,83582,0.937901;2743,124327,0.984079;3633,101840,0.940436;3862,157824,0.95699
9118,3142896;8335,1078771,0.999564;3065,83479,0.93402;2692,123828,0.983208;3632,102791,0.937267;3930,157780,0.955287
9909,3152798;7689,1080336,0.999802;2821,84484,0.933861;2925,125335,0.984317;3878,103791,0.937901;3872,158562,0.955208
9898,3137800;7671,1079200,0.999802;2771,82571,0.932;2769,123639,0.981822;3582,101166,0.935446;3911,157089,0.952673
9721,3134399;8091,1077879,0.999762;3073,83018,0.932436;2637,123334,0.985188;3684,102017,0.934257;3897,156882,0.952396
9974,3140921;8813,1081997,0.999881;2791,83717,0.935762;2964,124071,0.983208;3663,101643,0.932119;3850,156504,0.953069
9686,3136461;7681,1074869,0.999842;2911,82699,0.93604;2756,122821,0.983168;3570,101583,0.937545;3819,153642,0.953663
9315,3123407;7634,1071377,0.999525;2849,82883,0.939683;2661,120983,0.982851;3630,100184,0.932396;3791,153628,0.952198
9521,3124581;7654,1077368,0.999564;2919,84257,0.937386;2812,122784,0.983921;3604,101169,0.938891;3820,155312,0.955802
9385,3116768;9223,1073649,0.999762;3150,82699,0.942376;2720,121224,0.982297;3569,99487,0.937267;3816,153796,0.955446
9411,3126810;7640,1073045,0.999802;3032,82900,0.932396;2905,125480,0.983683;3683,102135,0.932752;3949,158690,0.955921
9297,3134854;7659,1076717,0.999762;2937,83623,0.933069;2792,123870,0.981941;3649,101379,0.934297;3916,157878,0.955564
9167,3124913;7604,1070235,0.999802;3038,83074,0.936752;2791,122616,0.980752;3584,101124,0.936515;3858,154148,0.956673
8812,3097262;9406,1077746,0.999842;2791,81197,0.932;2897,118957,0.981584;3437,97203,0.934337;3631,148397,0.953149
8887,3090086;7621,1070688,0.999683;2878,80657,0.935604;2778,118826,0.983802;3433,97174,0.939366;3641,147301,0.957624
8916,3131482;7659,1069654,0.99905;2885,82661,0.932871;2782,121844,0.981941;3580,100804,0.933743;3863,155804,0.951485
8852,3127566;7673,1076303,0.999525;3229,82804,0.934257;2696,122732,0.982614;3554,99614,0.931723;3871,155403,0.954099
8845,3111044;9011,1071890,0.999802;2606,81052,0.935525;2506,119413,0.983644;3359,99322,0.934455;3680,152732,0.95402
9006,3114536;7850,1074991,0.999842;2909,80597,0.933228;2704,119068,0.981941;3388,97965,0.934812;3652,151806,0.956396
9681,3141281;7624,1067733,0.999723;2971,83296,0.936356;2717,122536,0.984158;3428,100406,0.936515;3736,156106,0.955168
8580,3103647;7674,1079388,0.999683;2637,81600,0.931446;2554,119466,0.983327;3333,96814,0.935881;3468,146593,0.954495
8539,3097588;8582,1075218,0.999723;3394,80471,0.933901;2757,119687,0.984396;3321,97546,0.936792;3465,147727,0.956515
8655,3092213;8284,1073634,0.999881;2765,79877,0.932119;2532,118223,0.983921;3199,95498,0.933822;3526,147122,0.954297
9180,3093546;7663,1075640,0.999881;3067,80963,0.930257;2494,118219,0.979446;3310,95340,0.929109;3513,148633,0.952119
9267,3098221;7690,1080309,0.999604;2729,81416,0.931406;2675,121033,0.984475;3311,97754,0.935564;3573,149984,0.955366
9090,3107705;8069,1075148,0.999604;2961,80584,0.933188;2579,119188,0.982178;3293,96729,0.932079;3553,150543,0.951525
9049,3061795;8776,1079682,0.999921;2685,80313,0.935644;2429,117380,0.982891;3251,95228,0.932119;3440,145760,0.952832
9045,3088214;7676,1080163,0.999683;2633,79524,0.929782;2662,119468,0.984396;3312,94630,0.931168;3557,145381,0.952515
9109,3102261;7682,1082223,0.999723;2887,80935,0.933703;2692,118526,0.982574;3398,97644,0.927287;3616,149066,0.95002
9130,3062883;7662,1077823,0.999723;2815,78844,0.935208;2637,114134,0.981228;3273,93641,0.935129;3486,142486,0.954574
9033,3039968;9219,1073456,0.999644;2771,76127,0.936317;2654,110353,0.982059;3226,90490,0.931248;3398,138052,0.953109
8996,3025477;7680,1081312,0.999762;2846,76425,0.934851;2540,111514,0.98305;3195,89620,0.930931;3374,138214,0.952475
8932,3053380;7629,1076956,0.999683;2845,77726,0.937267;2579,112656,0.980554;3153,90297,0.923762;3420,140462,0.95295
8977,3067996;7641,1076440,0.999644;2707,77596,0.937307;2487,112762,0.980238;3215,92326,0.929861;3586,146618,0.953347
8831,3017471;9397,1077748,0.999683;2720,75886,0.933861;2752,111180,0.980396;3146,89881,0.925861;3384,138538,0.95105
8933,3039426;7675,1083989,0.999683;2784,77002,0.935168;2660,115486,0.980436;3464,90715,0.922772;4057,140520,0.951406
9026,3053569;7664,1080534,0.999683;3221,77627,0.936436;2845,113965,0.983604;3390,91315,0.927366;3683,140648,0.954337
8994,3029660;7672,1081372,0.999802;3186,76233,0.937663;2675,112226,0.983525;3202,88774,0.926653;3470,138244,0.953861
8954,2988596;9037,1083778,0.999485;2590,74112,0.928158;2373,108231,0.983842;3011,86775,0.925545;3232,133426,0.950931
8931,3018363;7822,1078788,0.999564;2690,75042,0.936475;2563,110699,0.983762;3070,86693,0.927406;3286,136248,0.952515
8869,2957663;7679,1082769,0.999644;2500,72348,0.93295;2460,106895,0.983129;2879,83778,0.930297;3054,127264,0.95101
8813,2915150;7653,1083249,0.999525;2458,71994,0.933307;2441,104854,0.982693;2832,82081,0.92499;2964,124091,0.94895
8781,2896261;8574,1084443,0.999129;2675,70377,0.932396;2301,101751,0.981822;2864,81697,0.924238;2980,123936,0.948713
8803,2954868;8265,1079650,0.998614;2661,72198,0.932356;2408,105329,0.981267;2910,82526,0.920277;3116,128898,0.947802
8485,2917932;7649,1084732,0.998772;2456,71381,0.933545;2319,104862,0.981188;2797,81353,0.921703;2968,124020,0.951327
8390,2941065;7686,1090249,0.999248;2852,72631,0.930574;2299,106235,0.980475;2850,82746,0.918218;3156,128078,0.948277
8282,2918352;8055,1082064,0.999406;2412,70055,0.934931;2352,103419,0.982337;2770,79318,0.922812;2954,122215,0.946653
7634,2889506;8800,1089075,0.999723;2523,68014,0.929584;2437,99970,0.979287;2631,76892,0.920396;2944,120815,0.946653
7790,2916328;7622,1082283,0.999406;2915,68237,0.931446;2201,100198,0.978574;2736,78736,0.916317;3007,122697,0.945069
7721,2782138;7695,1091589,0.999248;2326,64282,0.930337;2112,93537,0.982178;2503,72962,0.914455;2759,113652,0.942139
7677,2936656;7639,1091083,0.999366;2352,67000,0.938337;2332,100236,0.98095;2792,78230,0.915762;3021,123135,0.942733
7255,2733683;9249,1089227,0.999644;2376,59953,0.937465;2163,88813,0.98301;2353,68729,0.912475;2572,106078,0.938733
7208,2627253;7684,1092254,0.999327;2085,53003,0.93699;2070,81339,0.982495;2171,60905,0.911129;2336,97530,0.938733
7171,2620154;7685,1093896,0.999485;2004,51154,0.938178;2023,77136,0.979921;2137,58906,0.909149;2335,96415,0.937584
6861,2540361;7634,1092344,0.999564;1967,45023,0.938733;1886,69611,0.982535;1893,53053,0.907683;2142,88329,0.937109
6533,2396112;9390,1090232,0.999802;1785,40014,0.943168;1681,62521,0.981149;1782,48719,0.908752;1967,81541,0.93497
6799,2242466;7688,1097404,0.999287;1721,34099,0.944277;1685,53392,0.981822;1515,42184,0.907802;1682,69918,0.932554
6177,1963023;7684,1095668,0.999446;1732,29108,0.948792;1530,44383,0.981386;1282,35971,0.907089;1368,58286,0.931525
5209,1657916;7686,1093200,0.999762;1418,23789,0.950416;1350,36443,0.980792;1030,29774,0.906178;1105,48063,0.929941
4916,1556743;9118,1096636,0.999525;1312,20096,0.94895;1138,31028,0.979327;933,26625,0.902495;983,42660,0.928792
4457,1367657;7810,1096634,0.999723;1423,16025,0.949703;1125,23987,0.980594;714,20889,0.900436;853,36762,0.926812
3752,1176546;7673,1094983,0.999525;1157,12233,0.950733;1062,20381,0.981228;602,17538,0.902614;669,29362,0.926772
2685,859004;7648,1093097,0.999446;1460,9543,0.954178;840,14565,0.981069;437,13358,0.901069;485,22011,0.925901
2044,676885;8684,1095976,0.999248;979,6625,0.953941;719,10441,0.981861;297,8747,0.902059;346,15226,0.925545
1510,488147;8321,1094772,0.999802;792,5057,0.95497;676,8106,0.981465;239,7051,0.902733;243,11045,0.926416
1406,476538;7657,1091780,0.999168;937,4399,0.953149;673,6501,0.981703;213,6361,0.902495;232,10773,0.925386
990,314064;7720,1097747,0.999366;677,2242,0.955208;714,4738,0.981109;152,4645,0.901624;155,7262,0.925149
728,239435;8207,1092023,0.999644;642,2126,0.955881;548,3206,0.982139;81,2571,0.901782;105,4769,0.924911
471,141800;8787,1095984,0.999762;782,1541,0.95505;428,2491,0.981941;63,1839,0.902257;74,3145,0.925307
193,57625;7711,1097816,0.999287;679,696,0.955485;475,1041,0.982178;25,644,0.902495;29,1122,0.925149
