59014,3186550;23705,1129662,0.996317;7088,247924,0.909426;8607,309914,0.971327;10574,229108,0.814931;11409,315215,0.947327
62233,3194155;24398,1123000,0.997901;6005,158679,0.911446;6961,213817,0.969505;8069,157269,0.852911;8727,224175,0.929505
62167,3194287;24484,1116181,0.998812;6373,160102,0.916594;7261,220601,0.973782;8101,159492,0.879089;8788,226077,0.937782
62419,3194157;24310,1109127,0.999089;6623,157916,0.913663;7312,215389,0.977307;7646,155614,0.892277;8733,223162,0.945782
62725,3193829;24488,1110680,0.998614;6845,156833,0.916238;7089,215252,0.976792;7560,153745,0.89604;8924,221910,0.948119
62029,3193709;24437,1108047,0.999248;6491,157820,0.920238;6942,214981,0.979366;7628,155501,0.913267;8666,223643,0.959485
59929,3193628;24396,1108364,0.999525;6280,157104,0.920752;6803,215398,0.983168;7637,154482,0.922931;8340,219069,0.965307
60042,3193550;24341,1102540,0.999525;6238,155129,0.927485;6964,211959,0.98198;7353,153155,0.930059;8341,218663,0.967208
59613,3193348;24326,1102440,0.998891;6262,152274,0.926733;6890,211129,0.981386;7168,151322,0.927683;8077,215408,0.968356
59635,3193528;24384,1101727,0.99905;6703,156023,0.929347;6700,210791,0.984713;7120,150908,0.92495;8244,215425,0.964594
59094,3193512;24178,1097772,0.999208;6676,155299,0.927842;6787,210801,0.985267;7183,152797,0.925465;8197,213072,0.96602
58941,3193628;24229,1097988,0.999168;6542,156227,0.926772;6686,209878,0.98297;7159,150790,0.928;8217,214195,0.965347
58508,3193547;24410,1099680,0.998495;6552,155983,0.923446;6857,213282,0.981228;7489,153511,0.924832;8236,219615,0.964673
58839,3193770;24252,1103413,0.99901;6452,157684,0.92396;6953,213857,0.981505;7405,154083,0.918535;8180,217711,0.961267
58593,3193692;24386,1108286,0.999406;6505,158174,0.915168;7175,217607,0.982535;7441,154492,0.908832;8240,219615,0.960911
58789,3193987;24356,1105778,0.998891;6842,159527,0.91501;7022,219200,0.980317;7532,156618,0.911842;8609,225356,0.963644
59027,3193750;24403,1107221,0.998733;6747,161299,0.917505;7035,221159,0.976673;7686,158842,0.910257;8719,225498,0.962693
58392,3193872;24482,1108490,0.998931;6680,162249,0.908634;7005,222219,0.978099;7878,158289,0.898812;8714,228527,0.958416
58100,3193954;24462,1112663,0.998535;6667,163727,0.908158;7342,227532,0.977861;8102,163342,0.899287;8904,235055,0.958059
58135,3193925;24457,1114420,0.999129;6957,166241,0.914495;7255,226424,0.979485;7806,160755,0.903129;8876,232872,0.960792
58706,3193821;24583,1115532,0.998218;6779,163584,0.907604;7090,224889,0.978851;7832,161305,0.90903;9066,231424,0.960475
58688,3194064;24406,1112714,0.998416;6628,163750,0.911089;7109,225465,0.977347;8189,163390,0.909149;8689,229280,0.959406
58859,3194031;24600,1113445,0.998733;6886,164203,0.91196;7191,228343,0.979287;7869,162787,0.903327;8655,230975,0.955842
58125,3194084;24496,1115777,0.999327;6901,168184,0.918733;7212,228626,0.978059;7884,163632,0.901624;8895,236667,0.958257
58234,3194042;24618,1115521,0.998733;6691,166156,0.911129;7016,226215,0.978139;7750,161048,0.899802;8729,232762,0.960119
58307,3193915;24490,1116561,0.998693;6485,163228,0.916832;7227,226457,0.97897;7842,163666,0.903525;8735,233225,0.958931
58529,3193843;24591,1119396,0.998931;6604,164461,0.921624;7083,224614,0.978059;7661,160815,0.906297;8691,230770,0.961505
57550,3193983;24549,1115618,0.998693;6626,165227,0.918139;7088,225651,0.979248;7783,162121,0.91105;8751,234058,0.961505
57472,3193842;24570,1118103,0.998812;6659,165694,0.918218;7070,227088,0.978297;7710,160506,0.904277;8631,230698,0.963683
57273,3193814;24567,1114394,0.99905;6528,164926,0.917901;7062,226281,0.980317;7819,163126,0.906099;8660,232475,0.962574
58079,3193961;24273,1115257,0.999525;6831,166767,0.915644;7069,227194,0.980752;7739,162065,0.904158;8817,235174,0.960871
57074,3192261;24335,1119185,0.999525;6471,161762,0.91303;7002,223485,0.979723;7506,157945,0.902099;8580,229697,0.963248
57899,3193578;23800,1107130,0.99897;6513,162653,0.915485;7075,222743,0.978851;7606,159747,0.915762;8579,229585,0.962099
57679,3190123;24096,1111499,0.99905;6575,161324,0.908356;6968,217252,0.978851;7418,155905,0.905069;8578,226677,0.963723
58775,3182283;24090,1111602,0.998416;6361,157188,0.906139;6743,213556,0.976594;7299,152994,0.908436;8349,219198,0.958812
57517,3177826;23891,1108725,0.998337;6393,153848,0.910693;6745,209725,0.974931;7158,149361,0.893188;8270,217119,0.960713
57106,3156845;24123,1112387,0.999248;6262,149291,0.890931;6447,202186,0.974653;7038,147227,0.895248;7897,209096,0.955287
56488,3134805;23967,1108985,0.998139;5845,140834,0.885901;6294,194222,0.967406;6619,137787,0.887366;7750,201412,0.949267
55810,3093609;24129,1109188,0.997743;5674,131579,0.875485;6115,183685,0.964238;6387,131338,0.873149;7002,191517,0.943327
52036,2875007;23973,1118231,0.997703;4586,106649,0.863921;4983,150835,0.958257;4981,105178,0.857188;5728,155940,0.932
51805,2822565;24110,1114615,0.998257;4428,85996,0.873465;4214,123682,0.960238;4183,88046,0.857426;5008,135418,0.929584
45154,2495130;24181,1117818,0.997188;3280,64770,0.873228;3740,95192,0.961149;3241,68497,0.842614;4030,108841,0.919287
35692,1957446;24013,1116930,0.997941;2351,41796,0.871921;2406,60293,0.956158;2058,44755,0.839644;2644,71159,0.911802
27594,1515901;24109,1116893,0.996436;1911,25443,0.873347;1753,38581,0.956119;1322,29265,0.83402;1670,46607,0.907762
16957,936264;24140,1119656,0.997426;1416,12934,0.875287;1357,20230,0.955327;702,14851,0.833584;919,25506,0.903762
9847,545760;24314,1121650,0.99802;1012,6710,0.878812;906,10926,0.956119;366,8154,0.831644;478,13808,0.902139
4278,234597;24044,1119368,0.996277;625,2612,0.878059;666,4084,0.956871;113,2533,0.832594;166,4852,0.902455
