18972,4276350;2407,451497,0.975111;3117,486494,0.881368;3348,541157,0.964855;4089,500375,0.886906;4072,516873,0.959316
13045,3917626;2440,451132,0.975316;1676,148837,0.881094;1700,186025,0.953231;1844,161501,0.869265;2057,180979,0.931966
17005,3965033;2434,450386,0.976547;1722,151921,0.882803;1815,189658,0.947214;1863,163245,0.862838;2120,185778,0.919658
17516,3981931;2454,453344,0.98106;1761,153982,0.878632;1969,192521,0.947761;1914,165700,0.862427;2222,190775,0.918632
17709,3987975;2477,451705,0.980239;1866,156902,0.879385;1995,193397,0.949265;2069,169704,0.857436;2252,191203,0.916376
17448,3953875;2423,447529,0.978803;1866,149130,0.880274;1938,187378,0.950291;2032,163467,0.871316;2138,184986,0.917333
17661,3991874;2469,448827,0.984;1958,154822,0.876239;2039,192006,0.942701;2051,165273,0.866803;2245,190988,0.920821
17221,4000680;2406,443373,0.979966;1973,150630,0.878838;1995,192733,0.953094;2063,165123,0.866462;2183,187137,0.919521
17849,3991166;2429,445980,0.977709;2011,150490,0.884308;1968,188876,0.947077;2109,164608,0.874462;2209,188243,0.921368
17660,4004436;2439,445807,0.979282;2056,154530,0.886906;1934,190520,0.948581;2060,164806,0.86865;2197,188051,0.922667
17196,3952266;2504,444334,0.982906;2039,150091,0.879111;1953,188443,0.951658;2063,165673,0.870154;2168,184963,0.927248
16795,3929485;2512,443976,0.977641;2025,149503,0.886017;1942,186560,0.953231;2024,162938,0.867077;2110,181271,0.925333
17008,3994873;2507,442081,0.980239;2053,152246,0.888205;1979,189167,0.951521;2060,165472,0.878974;2170,185787,0.926359
17321,4019012;2528,444493,0.97894;2110,154355,0.883556;1995,195804,0.955624;2123,168983,0.877949;2259,192563,0.926838
17513,3947639;2436,439427,0.983932;2106,151711,0.888205;1909,187092,0.950769;2031,162775,0.879111;2134,182425,0.930803
16972,3964909;2429,443749,0.980923;2119,151428,0.888957;1966,186746,0.956991;1984,159297,0.878632;2145,183010,0.921026
17153,4005884;2483,441457,0.980991;2119,152553,0.890051;1934,190896,0.955145;2039,164091,0.875487;2186,185204,0.927932
17080,3964995;2499,441216,0.986462;2035,149848,0.873436;1881,186078,0.957265;2001,162039,0.875145;2164,184142,0.930598
17723,4014803;2514,444062,0.984479;2061,153089,0.88;2161,189481,0.957128;2224,165510,0.878564;2387,183432,0.926496
17310,3951552;2492,440195,0.98359;2035,150239,0.879795;1879,184379,0.954803;1949,161038,0.880342;2220,179310,0.933265
17749,3978947;2525,442173,0.982564;2146,151661,0.887385;2110,191080,0.954188;2140,161436,0.870632;2175,185867,0.929915
16990,3949939;2463,441670,0.983111;1992,149506,0.887795;1968,181287,0.947761;2046,156702,0.875966;2195,176112,0.923556
17373,4002354;2425,439498,0.982154;2273,151316,0.888137;2003,189345,0.953162;1995,161792,0.875282;2166,184206,0.927248
17452,4008259;2485,446507,0.984615;2175,152032,0.905368;2099,190158,0.955692;2119,162812,0.872137;2395,185021,0.929162
17420,3939357;2511,441719,0.983795;2387,149714,0.887316;2409,185104,0.959043;2033,159871,0.883214;2118,179791,0.93641
17783,3968941;2492,440113,0.987145;2204,150281,0.884034;2073,186046,0.957675;2144,161650,0.885265;2377,180831,0.926564
18292,3971301;2486,438367,0.98441;2364,151332,0.886222;2021,187055,0.954325;1915,158384,0.877402;2094,180503,0.92
17971,4004556;2506,441072,0.983111;2157,153607,0.890325;2094,189936,0.953983;2173,164098,0.889026;2405,186368,0.928479
18129,4010480;2462,439824,0.986735;2095,150526,0.892581;1959,187883,0.958359;2044,162001,0.885128;2271,183442,0.935658
17996,3968868;2406,440226,0.981402;2179,146498,0.889846;2108,184552,0.964513;2004,159058,0.888274;2105,176205,0.93012
18220,3950635;2482,441437,0.985573;2109,147020,0.891829;2078,185379,0.964171;2045,158487,0.876034;2295,180253,0.929162
17893,3985121;2517,438858,0.98147;2312,151136,0.894769;2317,187324,0.962667;2355,161378,0.884786;2144,180369,0.938803
18367,4016883;2487,436803,0.983316;2019,152190,0.897778;2166,188915,0.957128;2165,161504,0.880821;2345,181715,0.93347
18112,3989655;2495,440876,0.985162;2315,152595,0.897299;2192,190186,0.964171;2002,161407,0.878769;2095,180939,0.934359
18093,4029639;2495,439986,0.986256;2039,153254,0.905846;2109,191140,0.957744;2104,165584,0.87959;2343,184332,0.925607
18297,4021913;2509,440758,0.979009;2275,153732,0.90106;1967,192870,0.963145;2014,164981,0.881299;2319,185966,0.931487
17786,3990415;2449,441487,0.980444;2155,151354,0.903795;2051,185178,0.959248;2151,164082,0.879521;2163,183208,0.927863
18243,3995781;2459,441035,0.986872;2001,149301,0.897231;2035,187815,0.953094;2082,160268,0.876581;2275,179939,0.928821
17430,3950643;2449,436500,0.982222;2204,147281,0.893949;2165,182931,0.960068;2201,155552,0.891282;2514,174421,0.927932
17319,3967434;2499,441475,0.984068;1973,149513,0.887932;1904,183924,0.960752;2081,158729,0.880889;2291,178635,0.935932
17306,3948376;2533,442568,0.986256;2220,150250,0.88759;2086,183777,0.956308;2123,157582,0.879385;2271,181310,0.939009
17865,3961035;2487,439391,0.981812;1951,148353,0.895111;1897,184538,0.96294;2045,161571,0.89559;2231,178935,0.938872
17421,4030241;2505,439348,0.981402;2254,155824,0.896342;2194,190687,0.961915;2044,167098,0.891487;2144,183708,0.93388
17957,3997161;2480,440020,0.984821;2113,150911,0.898598;2068,186792,0.963556;2030,160087,0.898598;2324,179519,0.938462
17442,3975207;2438,436463,0.987829;2060,146078,0.899282;1943,184947,0.964034;1934,158012,0.899761;2227,177670,0.939761
17302,3982119;2433,440297,0.98653;2238,149467,0.89347;2051,186053,0.963556;2130,158720,0.895316;2330,178608,0.944205
17345,3974396;2520,437519,0.987487;2573,144968,0.887248;1967,180952,0.964308;1886,158287,0.891419;2211,175077,0.930188
17181,3931944;2539,439584,0.986325;2113,144523,0.891966;2022,177879,0.956855;2030,154626,0.884581;2237,171298,0.927795
17427,3993527;2506,438852,0.980171;2259,148862,0.894564;1899,182897,0.951179;1896,159077,0.894564;2196,178973,0.93053
17088,3991227;2519,439498,0.985231;2120,147675,0.896821;2135,183768,0.952205;2115,159562,0.88;2203,176994,0.92841
17399,3969759;2482,438119,0.983726;1954,147919,0.894222;1867,182445,0.954803;1990,158877,0.890325;2228,177975,0.929915
17311,4000153;2454,442568,0.984479;2216,153305,0.894017;2153,188688,0.960205;1969,162559,0.89053;2143,180349,0.930256
17674,4007575;2419,438417,0.984615;2177,151136,0.892376;2101,187957,0.958701;2121,162943,0.889299;2298,181557,0.936342
17241,3917013;2460,437145,0.986735;2341,144108,0.890803;2351,178176,0.965333;2090,154339,0.893197;2060,174479,0.931282
17231,3940239;2496,438498,0.985709;2107,148201,0.895043;2033,181960,0.955419;2016,154591,0.871043;2213,173874,0.927111
17489,3995683;2493,436443,0.982769;2315,150846,0.899624;2190,187779,0.961983;1982,162694,0.888;2152,180395,0.937915
17327,3972823;2500,440494,0.984137;2037,146208,0.888957;2047,185842,0.95959;2046,158872,0.893265;2264,177414,0.931761
17307,3983568;2493,439657,0.982906;2194,151994,0.894359;1963,185894,0.957607;1942,160361,0.884171;2190,179061,0.926838
17470,4006059;2477,439113,0.984068;2179,150700,0.89853;2101,184653,0.954188;2188,163845,0.888889;2116,178436,0.924034
17195,3987367;2436,440622,0.983179;1991,151088,0.89306;2102,188006,0.959453;2152,163795,0.886222;2279,180450,0.927658
17664,4041992;2466,441971,0.987214;2309,155328,0.896137;2179,189498,0.955214;2449,167824,0.891009;2413,186124,0.933197
17432,3938568;2503,440936,0.983385;2029,150170,0.89641;2077,186145,0.950154;2053,157884,0.882188;2301,178886,0.931556
17361,4052848;2488,442039,0.987077;2329,154604,0.891624;2258,194438,0.959248;2280,169779,0.885265;2203,188581,0.932513
17462,4016864;2509,443719,0.985573;2034,152660,0.887726;2034,189849,0.958974;2146,164447,0.889915;2242,182717,0.927453
17489,3988958;2495,440516,0.984137;2260,153389,0.889778;2096,190192,0.956513;1950,163738,0.892171;2165,183208,0.92335
17050,3968182;2512,441863,0.986803;2150,150879,0.887316;2059,187405,0.956034;2063,161042,0.889709;2327,184110,0.92506
17045,4001664;2438,443533,0.986667;2038,149665,0.895932;1961,187390,0.959453;2033,159808,0.879863;2255,180288,0.928957
17265,3957388;2434,442473,0.983316;2179,150579,0.895521;2066,183967,0.959863;2180,160392,0.882598;2424,178493,0.932513
19106,3986482;2474,438999,0.987282;2524,148796,0.888957;1926,185921,0.959726;2024,163417,0.88759;2329,181102,0.92547
19720,3985161;2508,442481,0.986735;2277,150220,0.890325;2147,188382,0.955077;2189,161054,0.892171;2403,182197,0.933538
19499,3991762;2515,441285,0.98612;2090,152924,0.887795;1962,189504,0.956513;2018,165274,0.889709;2284,182928,0.927179
19647,3980592;2517,442817,0.983726;2155,151311,0.894154;2143,187164,0.956513;2179,163600,0.878974;2117,181311,0.929983
18581,3989047;2514,441078,0.985709;2020,153439,0.888068;2056,188692,0.957128;2045,161283,0.86906;2301,184057,0.924991
18888,3958701;2499,443350,0.981812;2280,151275,0.875556;1895,187305,0.955966;2017,165448,0.877333;2269,182412,0.927043
19498,3997159;2432,446272,0.981744;2269,154190,0.884581;2123,192790,0.958838;2218,165838,0.879111;2416,186883,0.922256
18775,3928644;2452,443651,0.984;2599,150253,0.885265;2283,188417,0.958906;1952,159908,0.876513;2205,183016,0.932376
18693,3988099;2503,443856,0.98147;2275,152172,0.893812;2150,189389,0.95241;2173,163271,0.887043;2429,186990,0.931692
18440,3964969;2535,449706,0.985709;2289,152151,0.888;1989,187978,0.94906;2005,163270,0.874393;2242,183453,0.932239
18723,3978171;2520,445759,0.981744;2170,150519,0.892923;2120,187252,0.951726;2223,164977,0.87159;2308,183595,0.932239
18880,4035083;2499,442549,0.982085;2059,153928,0.878496;2071,195248,0.953026;2215,168695,0.87535;2402,192554,0.929641
18700,3926911;2528,445214,0.985983;2262,149661,0.884308;1958,184025,0.953504;2032,162275,0.870291;2201,183769,0.929778
18998,4030243;2526,449311,0.983248;2181,155291,0.891829;2135,195958,0.95535;2194,167082,0.868786;2499,192990,0.928821
19117,4015564;2456,445615,0.981197;2504,155974,0.886564;2524,195790,0.957675;2103,169373,0.872615;2278,192613,0.93388
19161,3979738;2455,446846,0.978598;2217,152381,0.881573;2159,193261,0.959795;2209,162941,0.876444;2415,187566,0.931829
18815,4004432;2530,446584,0.985983;2336,154667,0.881846;1958,192208,0.953915;2031,166326,0.869402;2278,190963,0.928821
17832,3967334;2533,446996,0.984205;2170,156159,0.886085;2121,192722,0.95412;2230,167508,0.874598;2355,188587,0.928479
17296,4002292;2521,446662,0.982838;1989,153305,0.880684;1999,194002,0.953094;2133,165738,0.869812;2364,189660,0.93388
17249,3993292;2509,442917,0.979419;2200,153627,0.878906;2205,192105,0.948171;2038,164517,0.870701;2242,187690,0.931419
17318,3977589;2505,444851,0.975111;2228,152519,0.885812;2209,192058,0.948991;2130,158738,0.873368;2370,185072,0.931829
17561,3980663;2502,446864,0.982496;2404,152831,0.875419;2483,193233,0.948239;2181,166255,0.876581;2297,192334,0.936
17386,3967311;2460,449327,0.983726;2225,152423,0.879521;2143,193367,0.953094;2176,163082,0.861675;2428,188821,0.93347
17591,4006047;2478,449198,0.980718;2362,154768,0.881915;2052,195488,0.957607;2050,168252,0.869538;2264,192134,0.931419
17353,3956292;2489,445376,0.978325;2194,152032,0.890667;2082,190465,0.951795;2198,164606,0.872;2372,186941,0.935316
17566,3976549;2499,444884,0.978598;2030,149734,0.876786;1940,188364,0.950564;2129,163075,0.87665;2344,186678,0.931556
17699,3997022;2532,445276,0.979897;2261,156427,0.874735;2197,194591,0.953368;2036,166358,0.880547;2250,190537,0.929436
17454,3996363;2550,447348,0.983043;2283,153346,0.875692;2161,193855,0.945162;2220,167328,0.881026;2457,191818,0.930735
17143,3968027;2564,451013,0.981607;2411,154621,0.881641;2451,191118,0.94694;2122,163372,0.873709;2208,188191,0.929162
17651,3950605;2506,445036,0.976615;2209,148700,0.873026;2108,187377,0.950085;2152,162245,0.879385;2369,182940,0.931214
17305,4013990;2456,451076,0.984615;2337,154071,0.879043;2149,194570,0.954462;2040,164731,0.866667;2204,190027,0.929573
17457,4000027;2453,448256,0.984547;2148,153991,0.873436;2143,195326,0.953983;2209,168884,0.875829;2435,191054,0.931556
17164,4012551;2522,449859,0.981402;2245,155767,0.881299;2108,194368,0.95241;2133,169296,0.885265;2288,191161,0.934701
17213,3994220;2513,444390,0.982632;2062,151933,0.882735;2033,192173,0.952479;2117,163082,0.872957;2363,187773,0.930667
17381,3981370;2555,450180,0.982085;2042,154877,0.877128;1972,191353,0.956171;2009,161399,0.870769;2238,186921,0.928
17382,4024686;2525,449065,0.980103;2184,156569,0.875692;2221,197036,0.950974;2135,169496,0.871863;2361,194207,0.928889
16968,3984264;2510,448473,0.984547;2098,152274,0.875692;1982,191330,0.947214;2109,165686,0.875487;2343,186939,0.927726
17261,3959506;2538,448420,0.98441;2121,149047,0.873436;2035,191974,0.953299;2045,163568,0.888137;2221,185731,0.93388
17503,4000807;2466,448911,0.983453;2140,154824,0.881709;2156,193807,0.955419;2152,166078,0.878427;2251,188944,0.935179
17331,3975147;2436,444663,0.984684;2085,153470,0.874735;1972,190265,0.951248;2049,163705,0.879316;2299,186667,0.939624
17435,3966581;2545,447793,0.982701;2120,152052,0.880342;1979,190003,0.952821;2048,164629,0.869744;2204,185407,0.936
17455,3990354;2517,448087,0.984274;2065,151010,0.879453;2060,193742,0.954256;2057,165397,0.871726;2217,187697,0.932513
17458,4005319;2540,451090,0.983932;2055,153385,0.879043;2018,191612,0.948786;2301,165773,0.870838;2354,189679,0.933812
17564,3988235;2524,447468,0.980513;2225,155739,0.883692;2045,191777,0.952;2083,164378,0.879795;2228,186603,0.93388
17333,3942589;2527,444544,0.984;2165,148968,0.888479;1912,185427,0.955077;1962,159870,0.877128;2172,183502,0.935111
17877,4008089;2486,446374,0.981675;2165,158071,0.888479;2036,195387,0.954051;2065,170032,0.875966;2235,188213,0.93306
17577,3994179;2449,447132,0.985094;2053,153980,0.888479;2003,192151,0.959043;2082,165984,0.883214;2256,187045,0.928342
17570,4025323;2449,445725,0.98441;2422,154520,0.87788;2124,196380,0.952957;2192,166886,0.876923;2369,189861,0.930462
17727,4004518;2542,449254,0.985094;2151,158630,0.889641;2034,194464,0.952752;2135,165661,0.887726;2288,192977,0.93559
17738,3966580;2528,445220,0.982906;2074,154353,0.885744;1972,190330,0.94906;2034,163013,0.878291;2233,186997,0.93135
17654,3972770;2538,444201,0.982017;2098,152555,0.889846;2020,191349,0.953846;2087,165208,0.878222;2155,183982,0.935658
17614,3933582;2527,445661,0.984342;2029,148967,0.87788;1961,188053,0.950291;1998,158781,0.871385;2397,181885,0.932581
17740,3974298;2528,445797,0.984479;2191,153218,0.881778;2155,191201,0.95665;2099,164548,0.878769;2216,187605,0.932786
17933,3987325;2508,448651,0.981675;2089,155464,0.879795;2011,190124,0.956308;2040,164254,0.872547;2200,186472,0.931282
17870,3972014;2444,446013,0.984;2040,154398,0.88212;1995,193382,0.952068;2052,167238,0.875556;2219,188652,0.926291
17958,4013986;2469,444877,0.983453;2092,157316,0.882188;2034,193894,0.95665;2078,167643,0.883966;2283,189101,0.929915
17915,3997894;2532,445782,0.984205;2091,154090,0.885812;2044,190874,0.958496;2233,162754,0.883829;2270,186776,0.927248
17700,3978170;2515,447730,0.984821;2209,154948,0.876376;1971,189551,0.95494;2002,163850,0.86735;2244,186374,0.929299
17728,3945937;2502,442375,0.978803;2160,154342,0.888;1922,189127,0.951795;1995,162308,0.877538;2144,182771,0.93265
17647,4003846;2516,445426,0.982291;2058,152033,0.885744;1965,189341,0.951248;1981,162664,0.870701;2195,184232,0.934359
17487,3978267;2503,443037,0.976752;2131,154183,0.88588;2020,191046,0.955145;2061,165719,0.877675;2206,185425,0.931009
17716,3987369;2436,444697,0.981333;2283,154378,0.881436;2207,193793,0.95412;2067,168858,0.873846;2245,189787,0.937573
17785,4012578;2436,444026,0.976137;2145,157935,0.878427;2029,195144,0.952821;2053,169949,0.878906;2218,188662,0.927726
17722,3979832;2512,443964,0.983863;2149,154879,0.881026;1987,190936,0.953299;2028,165548,0.876513;2208,186561,0.931624
17530,3947636;2508,444850,0.984274;2046,150536,0.871453;1985,186144,0.952684;2051,161839,0.874598;2226,181440,0.930256
18024,4021829;2546,446349,0.984889;2087,156691,0.879043;2020,195082,0.953915;2100,166982,0.874051;2191,186618,0.936957
17564,3945072;2529,445856,0.982291;2182,150474,0.875897;1984,187065,0.954051;1983,159686,0.873915;2151,180502,0.934701
17394,3934520;2513,442988,0.979897;1993,150914,0.881573;1850,185712,0.950838;2028,160667,0.880684;2206,181723,0.927658
17065,3966639;2453,446126,0.981333;2139,155416,0.87535;2041,192078,0.948513;2019,162599,0.871726;2176,185925,0.930803
17685,4007505;2423,443397,0.983179;2132,153199,0.884308;2071,191016,0.955624;2122,166361,0.869949;2198,187405,0.928547
17995,3984461;2495,443718,0.980718;2032,156190,0.879453;1993,192338,0.954803;2095,168841,0.881846;2268,186759,0.931214
18369,3985152;2536,444868,0.983385;2140,153556,0.877744;1976,191183,0.955214;2034,163572,0.873846;2236,187276,0.934154
18465,3981313;2505,444392,0.981197;2095,155851,0.884239;2034,194157,0.950701;2100,166330,0.884923;2219,187655,0.932923
18667,4021172;2547,446879,0.983385;2103,155951,0.892923;2064,195014,0.952615;2117,170760,0.884581;2325,191665,0.935179
18344,3981426;2514,447278,0.981402;2147,152110,0.884855;1975,189588,0.950701;2014,163155,0.871658;2213,185174,0.927043
18520,3938572;2532,446974,0.982427;2027,149822,0.879043;1989,186561,0.953709;2063,162516,0.87747;2161,182245,0.928547
18510,3991123;2460,445946,0.983453;2137,157818,0.883077;2009,191548,0.953162;2035,165521,0.877265;2266,186621,0.932923
18128,3956334;2428,446594,0.980034;2124,152302,0.879248;1948,190178,0.953231;2021,163980,0.87959;2206,184641,0.93347
18555,3994222;2518,445471,0.979624;2100,153383,0.873709;2035,191696,0.951111;2118,166133,0.883897;2205,186724,0.930872
18549,3983648;2540,449406,0.98065;2056,153440,0.884376;1944,190181,0.945436;2020,164022,0.875556;2296,186412,0.927726
18228,3965796;2539,447886,0.982427;2166,153699,0.883897;1938,188372,0.953778;2034,162820,0.868308;2210,186073,0.929231
18195,3950042;2515,444590,0.982291;2085,154291,0.886701;2049,189843,0.946462;2094,164804,0.880684;2211,184917,0.934632
18325,3981411;2512,446396,0.986735;2058,150654,0.882051;2018,192408,0.953983;2035,162826,0.885128;2274,185254,0.938667
18279,3936093;2480,444942,0.984137;2086,149751,0.880479;1907,186943,0.956718;1974,161089,0.887795;2156,181584,0.93894
18332,3991318;2439,444018,0.987556;2148,154434,0.889436;2034,191427,0.95747;2095,167547,0.893675;2208,185379,0.937231
17822,3979161;2440,442809,0.981812;2074,151196,0.877333;1993,192507,0.956718;2067,166306,0.885128;2253,186220,0.935726
17914,3939534;2536,444334,0.983453;2212,150644,0.887043;1941,190091,0.953846;1998,161464,0.879453;2204,182494,0.934769
17847,3922912;2516,444751,0.982701;2069,147650,0.880137;2002,186511,0.961436;2001,156848,0.883282;2142,180228,0.940923
17652,3916178;2515,445203,0.985299;2074,151066,0.878496;1970,183545,0.953094;1998,161430,0.88335;2227,183050,0.934974
17058,3897370;2520,443715,0.980923;2153,147529,0.88041;1925,185270,0.954256;1975,160001,0.883624;2146,179737,0.93853
17315,3961350;2524,444704,0.98735;2077,151685,0.87241;2031,188487,0.956513;2034,161110,0.873368;2121,181811,0.934359
17321,3900703;2511,444493,0.980581;2007,150233,0.880137;1940,185124,0.957128;1950,158730,0.884991;2159,178087,0.936479
18127,3932066;2445,444262,0.982701;2156,151935,0.879316;1960,189064,0.953368;1996,162391,0.883009;2158,183340,0.938188
19798,3947612;2442,445776,0.984;2156,154308,0.886769;2057,190869,0.963897;2087,163088,0.881709;2180,183361,0.93812
18827,3913600;2520,444397,0.982496;1985,148517,0.892444;1931,182889,0.950701;1994,160114,0.876855;2204,181842,0.938325
18035,3885275;2496,442276,0.981607;2083,146796,0.884786;1941,183153,0.953299;1989,159841,0.872957;2092,178243,0.935248
18361,3923053;2530,441942,0.980923;2090,146817,0.87788;2013,183967,0.952889;1986,158581,0.872684;2158,179477,0.935248
18281,3917928;2522,444915,0.983795;2062,153214,0.876444;1925,188176,0.953026;1952,161538,0.872137;2224,185203,0.932923
18522,3895683;2514,445667,0.984889;2086,146058,0.876308;2012,185608,0.956444;1920,156364,0.861812;2090,174264,0.936342
17515,3901749;2417,441037,0.98147;2141,148804,0.880615;1911,181395,0.959316;1996,158484,0.870906;2144,177791,0.932103
17258,3850948;2443,445771,0.981949;2007,144039,0.877538;1849,178541,0.95747;1921,154399,0.879726;2131,174190,0.931829
16917,3839160;2492,445961,0.981607;2060,141683,0.881026;1877,178502,0.957128;1846,151038,0.870496;2052,171095,0.935248
17394,3879941;2524,446173,0.983316;2106,146899,0.873368;1965,181243,0.956786;1976,158149,0.871385;2100,176546,0.931145
17297,3810474;2542,445547,0.985983;2005,142688,0.875009;1839,175985,0.948718;1842,153059,0.873436;2088,168758,0.936547
17417,3864602;2530,443375,0.985094;2195,147388,0.874462;1910,184110,0.955556;1911,157168,0.865231;2106,178004,0.935658
17519,3801946;2523,449185,0.984547;1974,141581,0.878564;1943,177188,0.949744;1928,153960,0.878496;2021,169960,0.934769
16991,3830718;2511,446081,0.984;1946,144804,0.870496;1885,179442,0.945436;1849,154431,0.882462;2130,173511,0.934564
17050,3765198;2429,442987,0.982154;1970,140153,0.874256;1759,171737,0.952;1744,145460,0.872;1996,166702,0.934222
16937,3766286;2415,441184,0.983316;2000,139901,0.880342;1956,172669,0.951111;1827,148145,0.871043;1998,165292,0.935453
17030,3724272;2497,442723,0.979624;1965,135769,0.87453;1785,169102,0.949675;1716,143066,0.872547;1944,162515,0.93094
17054,3747010;2513,446351,0.977573;1925,136438,0.873504;1801,168843,0.949949;1755,146663,0.871932;1973,164437,0.936547
16841,3737014;2501,445691,0.981744;1921,134478,0.867966;1748,169432,0.945983;1836,143265,0.859897;2020,164096,0.944479
16373,3624886;2535,449147,0.982769;1942,131464,0.86653;1743,165878,0.949744;1685,143117,0.874325;1926,160990,0.943316
16604,3637273;2524,447295,0.983658;1886,131474,0.866872;1809,166747,0.954872;1742,141315,0.869402;1899,157885,0.943111
16076,3540051;2459,447004,0.985299;1726,126922,0.85894;1687,157724,0.952068;1621,133875,0.875145;1903,151039,0.94147
15599,3429737;2450,448502,0.980171;1730,123301,0.860171;1630,154707,0.948308;1589,130874,0.870291;1749,146305,0.944205
15643,3447786;2501,447066,0.97935;1835,121922,0.856821;1611,151471,0.947487;1636,130474,0.879316;1771,146711,0.940308
15543,3452938;2502,446162,0.981197;1762,123300,0.852991;1595,151551,0.945094;1537,128566,0.871043;1787,148146,0.943726
14944,3250978;2519,445863,0.977368;1613,112150,0.840615;1643,142333,0.942564;1432,119051,0.873436;1639,132515,0.93388
15137,3338992;2495,445157,0.977915;1711,121560,0.852718;1555,147388,0.942291;1453,124155,0.855863;1645,138751,0.941812
14658,3208971;2528,450065,0.979624;1619,110115,0.835214;1482,136801,0.937709;1398,115516,0.85853;1579,131009,0.934701
14634,3197318;2530,450201,0.977368;1617,111381,0.840684;1486,138788,0.938803;1403,117247,0.858051;1532,129518,0.939282
13645,2996399;2422,446518,0.980991;1506,100724,0.826051;1422,125688,0.939897;1295,107074,0.858735;1398,120776,0.939761
13081,2873535;2443,451852,0.981744;1383,95008,0.825504;1300,121149,0.939487;1173,102145,0.854222;1345,115395,0.939077
12915,2846453;2470,448816,0.980786;1445,93415,0.825368;1360,116297,0.932103;1135,96330,0.846222;1374,113035,0.938051
12107,2684616;2511,451276,0.976615;1215,83981,0.827214;1176,107025,0.93094;1045,90665,0.846496;1185,103936,0.935521
10531,2350736;2511,450486,0.982154;1122,71813,0.819761;1019,90123,0.932923;841,74233,0.854085;968,85965,0.936137
8908,2006662;2509,452180,0.975726;873,54253,0.827282;878,70018,0.929094;675,57688,0.848137;761,69234,0.935385
7608,1698303;2508,452375,0.977641;790,46072,0.836376;691,56597,0.929573;552,49078,0.850803;630,58258,0.935795
6139,1377625;2518,453263,0.975726;639,34061,0.841299;642,43301,0.93135;398,36887,0.853197;482,45586,0.931419
4481,1002782;2435,453184,0.978462;517,25039,0.839658;463,29560,0.932923;288,25899,0.851145;350,32749,0.928821
2725,613391;2434,455860,0.979009;476,13773,0.839179;373,18777,0.933812;160,14790,0.851692;183,18599,0.928137
1721,385435;2515,452857,0.976547;321,7815,0.837675;334,10382,0.932581;98,8853,0.849915;115,11239,0.928205
1326,292867;2540,455622,0.980376;330,5345,0.837333;214,7329,0.933197;55,5312,0.851145;74,7701,0.92759
817,179250;2512,452421,0.975795;206,3103,0.836718;189,4070,0.931966;35,3444,0.851214;50,5145,0.927726
895,199182;2526,454110,0.974906;234,3141,0.837744;218,4765,0.932786;47,4231,0.852239;65,6323,0.926838
260,55340;2531,453882,0.980786;194,1227,0.839111;136,1178,0.933265;17,1476,0.851829;16,1524,0.926838
379,81415;2488,452234,0.978462;269,1068,0.839658;163,1540,0.933607;16,1367,0.85265;19,1773,0.92759
437,95856;2474,455245,0.981265;125,1515,0.839658;163,2026,0.934017;25,2159,0.852308;29,2803,0.927248
73,14599;2469,454282,0.979692;64,197,0.838838;136,218,0.934154;6,329,0.851829;7,351,0.927385
85,17514;2527,453488,0.980103;195,265,0.839521;113,445,0.934222;6,219,0.852513;7,425,0.927316
