58849,3186550;20259,1125067,0.997188;5857,244964,0.902139;7736,308405,0.967287;8731,231633,0.818931;8206,313873,0.947564
61854,3193483;18784,1121424,0.997941;4166,152780,0.899644;5304,211127,0.966099;6572,153905,0.852673;6259,219555,0.930772
61865,3193506;20408,1121519,0.997188;5479,153153,0.887366;6553,214106,0.966495;7414,151480,0.85695;7982,221024,0.930416
61924,3193493;20930,1121540,0.998416;5827,152310,0.899604;6685,209475,0.968792;7010,151903,0.86602;8307,220188,0.936554
61909,3193210;21444,1117460,0.998614;5688,148118,0.897228;6266,205852,0.970733;7004,149859,0.868475;7920,215657,0.935446
61426,3193162;17971,1111010,0.998376;5717,146201,0.901386;6284,205827,0.974337;6917,146755,0.886891;6337,210839,0.943762
61070,3193179;20808,1112814,0.998851;4378,145050,0.911248;4854,204143,0.97798;6442,144373,0.88305;7626,210140,0.943446
59449,3193042;20877,1113412,0.999208;5499,141556,0.906733;6101,201096,0.977861;6444,143595,0.892;7489,206110,0.946931
59384,3192653;19863,1107759,0.998455;5514,138564,0.910178;6239,195079,0.977505;6634,139497,0.90396;7304,202075,0.951248
58886,3192679;18378,1108727,0.999446;5487,139207,0.918257;5909,195107,0.97497;6137,139096,0.904277;7276,202723,0.955129
58452,3192673;22664,1122091,0.999366;5326,138930,0.91505;5894,193410,0.979564;4962,137810,0.910139;6311,199289,0.953426
58854,3192507;21642,1116375,0.998851;5499,137568,0.920911;4663,188907,0.97905;4583,136367,0.915842;5328,198233,0.95703
58815,3192484;20147,1105375,0.998891;4376,136896,0.913822;4591,193532,0.981584;4944,136196,0.912673;6992,196043,0.957584
58520,3192429;21547,1111212,0.999129;5408,136442,0.928436;5751,189327,0.982535;5767,134034,0.924792;6723,193430,0.958376
58125,3192266;22186,1108355,0.999525;5341,136663,0.919208;5822,188565,0.983168;5677,133406,0.922297;6954,198030,0.962297
57785,3192259;21316,1098125,0.999406;5378,135464,0.922772;6085,188461,0.983525;6163,135175,0.919287;7078,195778,0.965188
58247,3192283;20762,1094675,0.999366;5401,133982,0.922733;5785,184899,0.982891;5682,133092,0.92903;6562,188757,0.96198
57946,3192187;19821,1098853,0.999168;5432,132483,0.921465;5798,184397,0.98103;5255,131880,0.923604;5041,191184,0.96103
58613,3192065;22466,1092946,0.999248;4077,132675,0.919881;4902,184127,0.982337;5697,131731,0.924713;6723,191815,0.96099
58171,3192041;22378,1098599,0.99901;5488,131543,0.922416;5933,183015,0.980356;5846,133191,0.927089;5935,189179,0.959089
58510,3192115;20107,1100696,0.99905;5102,132340,0.921545;4386,183959,0.981465;4338,132704,0.918733;5080,193401,0.961267
57761,3192208;22073,1102678,0.999406;4170,135401,0.919327;4492,186474,0.98198;4508,135536,0.92404;6641,191178,0.958178
57866,3192337;20051,1105082,0.998851;5563,134529,0.923683;6013,187855,0.980277;5920,132559,0.928515;7298,193810,0.962693
57978,3192441;22417,1095381,0.998851;5596,134938,0.919723;5973,186273,0.979842;5851,133933,0.923525;6744,192345,0.959366
57451,3192325;21648,1100271,0.999327;5418,135680,0.915485;5874,188361,0.980752;5881,135434,0.931723;6762,192123,0.960713
57282,3192426;20198,1096133,0.998693;5505,137489,0.916356;5989,190968,0.983129;5727,135997,0.921109;6959,194339,0.95901
57407,3192489;18920,1105079,0.998653;5389,137385,0.913426;5966,193480,0.980634;6083,137591,0.921545;6968,196717,0.958614
57486,3192431;20534,1108733,0.999248;5152,137986,0.920792;4642,192698,0.982139;4740,137779,0.923842;5296,196449,0.959723
57673,3192409;20755,1102822,0.99905;4291,138840,0.918297;4614,192903,0.97996;4663,137598,0.918059;6562,197885,0.957109
57076,3192590;20617,1106555,0.999525;5322,140050,0.920634;6007,194884,0.980475;6288,136796,0.904079;7075,201572,0.95905
57353,3192507;21606,1110914,0.998535;4506,139170,0.907406;6218,197303,0.976594;5904,140460,0.904634;6012,201312,0.953347
57182,3192839;21211,1111733,0.998693;5248,140406,0.906653;6006,197117,0.978931;6259,140654,0.901149;7047,203448,0.952238
56742,3192781;19691,1112981,0.998851;5104,142341,0.908634;6628,199689,0.976119;6504,142057,0.900515;7552,205635,0.952515
57328,3192914;21898,1113344,0.998614;5852,142576,0.906099;6029,198777,0.977069;6302,140514,0.901267;6851,204357,0.952832
58576,3192726;21771,1111197,0.998297;5226,141594,0.905703;5669,199404,0.974099;4990,140186,0.893703;5645,205499,0.950218
59017,3192940;21741,1119181,0.998733;4354,144554,0.909188;4783,202798,0.97695;5048,143957,0.89703;6001,207747,0.95204
58579,3192949;21055,1112420,0.998574;5514,142616,0.913188;6029,198783,0.975604;6655,142832,0.907564;7365,204240,0.952475
57648,3192821;20319,1119749,0.998178;5444,143400,0.901822;5971,201341,0.974891;6282,142426,0.900475;7318,205896,0.951485
57957,3192883;19243,1124342,0.998891;5830,146508,0.903881;6098,202857,0.974772;6351,142240,0.893228;5832,209800,0.950495
57827,3192591;21216,1117727,0.998931;5555,141763,0.90796;5987,200366,0.974614;6341,141877,0.901861;6812,205004,0.948634
58586,3192971;20591,1120009,0.998614;4400,144093,0.907129;6124,201847,0.975723;6396,141950,0.897782;7494,206830,0.950218
57775,3192832;21624,1113621,0.999168;5117,142883,0.901109;4738,201299,0.976911;6374,141345,0.886614;5989,208874,0.94998
57663,3192705;19410,1114953,0.99905;4343,142990,0.907287;4725,200612,0.976634;4995,142198,0.903129;6013,208197,0.951089
57528,3192897;20346,1117532,0.998455;5647,143455,0.90804;6170,202377,0.975881;6491,140841,0.890455;7328,206553,0.94705
57028,3192889;21326,1116217,0.998574;5402,142801,0.900277;6125,201708,0.978059;6498,142396,0.897188;7304,207519,0.951644
57619,3192687;22451,1117613,0.999208;5465,142157,0.911089;6009,197117,0.977663;6296,141222,0.896673;7381,204220,0.952317
57067,3192750;22354,1117261,0.998614;5388,143132,0.909188;4800,199990,0.977109;6201,139860,0.902733;6769,205307,0.946851
57220,3192862;22874,1111207,0.998772;4713,144619,0.914099;5554,200573,0.977941;6228,141384,0.905822;7174,204350,0.955683
57548,3192677;22591,1117019,0.999129;5600,142782,0.913465;6222,199731,0.979327;6406,140035,0.898614;7147,202365,0.95303
58273,3192608;18465,1118068,0.99905;5537,142298,0.916436;5992,198396,0.980911;6190,139584,0.906297;5552,203609,0.951604
58308,3192662;20470,1114635,0.998693;5655,142588,0.913267;6230,200459,0.980554;6724,143611,0.903327;6914,207006,0.952871
57841,3192690;22074,1110468,0.998891;4929,142495,0.920673;5417,196534,0.981188;5902,139851,0.908277;6964,200821,0.955644
57497,3192835;21981,1119122,0.998772;5536,141515,0.918535;6013,198302,0.978733;6059,138790,0.897545;7229,202657,0.955168
58242,3192566;19402,1110156,0.999287;5534,142605,0.920436;6359,198989,0.977782;6266,141885,0.900911;7264,204977,0.957069
57028,3192844;21063,1119781,0.999168;5584,143004,0.910376;6124,198441,0.976;6365,142233,0.902059;7261,205197,0.952475
57393,3192749;21522,1115355,0.99901;5550,143305,0.914297;6135,198601,0.978535;6410,142378,0.905624;7407,206216,0.95905
57885,3192701;21070,1112255,0.998891;5647,142926,0.916713;6156,198833,0.979129;6242,139618,0.899327;7670,204548,0.959129
59333,3192694;21669,1115132,0.998772;5606,142569,0.916871;6506,197068,0.977386;6051,142786,0.914416;6329,203763,0.956752
59519,3192704;22579,1112499,0.99901;5128,142797,0.914574;6052,200610,0.980515;6246,139414,0.905822;7267,203193,0.957822
59315,3192691;21568,1120262,0.999129;5892,142100,0.921188;6186,196378,0.980277;6344,139471,0.906733;7463,203252,0.95497
57981,3192718;21029,1124903,0.99897;6467,142877,0.906653;6347,197928,0.980396;6527,139558,0.906455;7478,203982,0.957743
58622,3192523;19675,1119488,0.998653;6014,141751,0.913069;6433,196389,0.976713;6415,139174,0.902693;7249,200441,0.954851
57887,3192697;20219,1118820,0.998812;5890,143458,0.908594;6315,198117,0.974891;6564,141054,0.905347;7460,203525,0.948277
57390,3192498;21334,1121763,0.998891;5881,143093,0.912079;6830,199014,0.976792;6625,140249,0.898772;7644,204634,0.951723
57271,3192363;20655,1118405,0.999248;5886,140938,0.909941;6212,197357,0.977901;6431,139227,0.894653;7531,206075,0.955129
57301,3192187;21015,1116875,0.998653;5833,140291,0.905228;6332,194935,0.980079;6428,138216,0.904119;7258,199029,0.953307
57168,3191166;20746,1115434,0.998059;5798,141354,0.907287;6306,195184,0.977347;6777,138178,0.901822;7601,199061,0.954812
57387,3191153;20903,1115901,0.998733;5833,141505,0.904079;6164,196516,0.978099;6356,139115,0.897941;7302,201078,0.952
57941,3190261;18982,1110093,0.998772;5546,138763,0.906772;6082,194881,0.976752;6360,137876,0.897465;7307,201880,0.951089
57806,3181626;21645,1115738,0.99901;5393,134449,0.903762;6102,186733,0.977861;6176,133377,0.902178;6992,192872,0.95196
57749,3176345;20039,1116061,0.999366;5683,134189,0.906614;5758,187336,0.975762;5993,131232,0.893069;7070,193003,0.949109
57616,3166593;16560,1105531,0.999168;5356,130572,0.898099;5820,182020,0.971683;5917,129074,0.890416;6858,187836,0.945624
58003,3161909;19140,1112613,0.997624;5426,131401,0.894812;5759,182128,0.972594;6009,130158,0.889109;7039,189194,0.943564
57477,3138506;18209,1110979,0.998891;5532,126033,0.892238;5735,174385,0.968475;5648,122335,0.880554;6620,181915,0.946257
56990,3088861;20574,1107883,0.998099;4768,116294,0.882257;5218,162947,0.964634;5193,115212,0.881743;6120,170585,0.943366
56137,3039695;22019,1109305,0.997465;5022,108350,0.871168;5016,155188,0.965545;5037,109631,0.861386;5784,161870,0.933782
54585,2997543;22590,1110311,0.997861;4348,99568,0.868871;4772,145209,0.961782;4691,101635,0.85295;5348,150902,0.927208
51546,2847123;19972,1114336,0.996911;3817,86190,0.866653;4226,125354,0.958891;3961,88960,0.851802;4723,135190,0.92495
47149,2593916;21411,1118946,0.997624;3320,70011,0.872515;3541,103697,0.959168;3311,73532,0.843525;3943,111931,0.919525
43113,2369472;21781,1112793,0.996198;3275,57763,0.873822;3161,85303,0.961505;2590,59164,0.840475;3252,92998,0.917941
39590,2186816;19865,1115699,0.997426;2542,46519,0.875564;2580,71219,0.960079;2293,51465,0.836911;2784,79815,0.91703
33381,1849743;20859,1118107,0.997941;2899,34785,0.881465;2447,52055,0.960079;1709,37879,0.835564;2107,60674,0.912396
28876,1603703;21336,1116189,0.996198;2303,24802,0.881584;1890,38109,0.95901;1301,29895,0.828752;1670,48158,0.90895
17366,965945;20459,1120091,0.997109;1368,13104,0.884554;1393,20634,0.960158;674,15220,0.827564;827,24163,0.90701
14892,829087;19790,1118504,0.997505;1372,10319,0.887248;1098,15703,0.961149;488,11331,0.828832;665,19708,0.906376
9674,538925;22719,1119923,0.996713;1061,6145,0.88804;926,9575,0.961941;340,7548,0.828752;423,12404,0.907208
4939,275631;22583,1118213,0.997386;1028,3151,0.889703;923,4848,0.96301;166,3733,0.828158;203,5885,0.906257
2289,127099;22081,1117451,0.99699;603,1031,0.889545;448,1771,0.961149;55,1356,0.828198;71,2160,0.906416
1265,70116;19259,1118285,0.997149;449,417,0.888832;630,606,0.962733;33,858,0.827921;49,1545,0.906614
459,25139;21067,1121141,0.996634;187,140,0.888198;232,191,0.962376;11,175,0.828752;13,324,0.906812
