58326,3186550;22197,1132563,0.997347;6731,244034,0.910772;8298,311883,0.972752;11334,230878,0.818455;11106,319661,0.943089
59685,3160612;22432,1120274,0.997109;4230,101087,0.918376;4656,144937,0.970693;5415,112907,0.841703;6576,170621,0.931287
59203,3148847;22726,1118032,0.998178;4687,101252,0.915089;5095,148743,0.969307;6204,116565,0.850059;7001,172851,0.922257
58995,3155900;23012,1117291,0.998297;4749,102194,0.913307;5408,150895,0.971881;6452,118282,0.854891;7567,181523,0.91905
58906,3157575;22623,1113002,0.997901;4890,102679,0.909228;5519,151688,0.968832;6608,119045,0.871168;7894,185069,0.923525
58184,3163901;22832,1111324,0.998772;5033,101776,0.917426;5601,151138,0.970772;6550,120288,0.876594;7858,185425,0.928277
59106,3159412;22886,1113424,0.998891;4845,100890,0.919248;5572,152005,0.973743;5606,119062,0.884752;7662,185725,0.92903
58773,3164058;22949,1110415,0.999248;4935,102502,0.922218;5725,150314,0.975802;6511,119644,0.892515;7795,189428,0.934099
59694,3158301;22895,1108689,0.99905;4772,100901,0.920673;5406,149154,0.976238;6438,117811,0.893861;7503,181911,0.932554
60073,3165004;22913,1109661,0.999564;4856,102487,0.916634;5473,151252,0.975644;6613,119779,0.892158;7552,186442,0.933861
60128,3161592;22840,1107012,0.99897;4806,99702,0.91402;4452,148487,0.972832;5702,115309,0.895683;7256,182218,0.936515
59437,3141419;22721,1106115,0.998812;5211,98529,0.914535;5228,147175,0.976158;6350,114717,0.894891;7443,181020,0.940119
59322,3152650;22521,1104732,0.999287;4956,100979,0.920079;5440,146921,0.97798;6343,116905,0.900713;7565,182842,0.944
59210,3156864;22339,1096428,0.998297;4682,99465,0.922099;5354,147751,0.978851;6325,118707,0.911327;7515,183649,0.94899
59202,3152215;22539,1105501,0.999129;4712,98994,0.918495;5388,147349,0.977386;6187,115558,0.911366;7325,182728,0.94602
57660,3156554;22468,1098121,0.999168;4578,99868,0.921624;5461,149570,0.977149;5633,118749,0.916356;7330,184136,0.951406
57539,3165899;22661,1106491,0.999089;4685,100056,0.926772;5431,148355,0.97505;6159,118695,0.916317;7476,188126,0.950931
57087,3166598;22517,1096730,0.998614;4716,99688,0.91703;5577,150791,0.97695;6180,120880,0.914416;7399,190034,0.952079
57199,3161237;22585,1102946,0.997545;5321,100725,0.922337;5326,147829,0.976871;6199,120075,0.922059;7284,185999,0.953069
56414,3151573;22548,1105937,0.99905;4702,98593,0.924317;5206,145980,0.978337;5963,116193,0.91897;6995,180921,0.951525
56598,3168572;22406,1097385,0.998812;4728,99852,0.925188;5300,148474,0.975089;5998,117870,0.916079;7213,189005,0.950931
56351,3154417;22526,1100871,0.99905;4966,99327,0.934139;5286,146058,0.976198;5692,116165,0.916475;7037,183695,0.951327
56513,3155530;22625,1100539,0.999168;4618,97964,0.928752;5168,145292,0.976356;5923,116758,0.919644;6871,180604,0.951604
55153,3165612;22310,1099078,0.999208;4786,99558,0.928752;5195,146397,0.980554;5711,118233,0.917426;7084,184258,0.947762
56773,3169609;22631,1101198,0.999327;4535,99892,0.922416;5224,148494,0.979525;5303,119697,0.919644;7242,186592,0.946059
56048,3155673;22764,1101942,0.99905;4559,97825,0.917465;4955,145726,0.976871;5677,117403,0.920554;7104,186982,0.947762
55840,3153812;22738,1105752,0.998416;4762,100041,0.92198;5004,146801,0.977624;5747,116844,0.91295;7012,183628,0.943287
57020,3163542;22633,1101712,0.999089;4526,99995,0.923168;5253,149546,0.976713;5914,119614,0.915168;7354,191332,0.950535
57133,3161780;22545,1100916,0.999248;4717,100299,0.923842;5246,148139,0.977505;5814,117755,0.918535;7474,189480,0.952634
54395,3161869;22627,1101081,0.999168;4749,100939,0.926455;5339,149200,0.974693;4367,117068,0.923366;7160,186308,0.953941
56473,3158193;22617,1098989,0.998574;4531,98844,0.919525;5164,148562,0.974812;5797,118035,0.910614;7217,191131,0.952634
56530,3158667;22546,1096101,0.998891;4613,99276,0.918891;5138,147122,0.977149;5816,118761,0.918257;7128,186330,0.948475
56769,3148317;22767,1103639,0.998693;4517,99418,0.916911;5101,147179,0.975604;5843,114940,0.908832;7108,187054,0.949545
56200,3165429;22760,1105599,0.998851;4672,100543,0.919248;5178,150349,0.976;6043,119955,0.904673;7254,190402,0.945743
57516,3157582;22812,1103379,0.998931;4784,100167,0.916832;5067,148887,0.975564;5765,118654,0.914772;7251,190743,0.952673
57920,3156098;22869,1104788,0.998614;4749,100656,0.922099;4925,149890,0.977386;4497,117854,0.90899;5490,188019,0.952475
57153,3167200;22897,1107773,0.999327;4796,102837,0.921426;4120,152368,0.975762;4570,121309,0.910376;6683,193034,0.953663
54865,3163457;22573,1099387,0.999089;3834,101007,0.922059;5227,148471,0.97703;5948,120090,0.916158;7338,190431,0.955208
56742,3164194;22760,1104782,0.99897;5003,101359,0.915762;5310,151973,0.977386;5987,119499,0.908515;7339,191443,0.948911
55815,3146916;22845,1107453,0.998772;4564,100137,0.91703;5241,148291,0.973069;5833,117432,0.900515;7358,187736,0.949347
54772,3155879;22507,1103135,0.998733;4558,100707,0.911604;5153,150011,0.974297;5556,120314,0.900752;7207,187787,0.946059
55994,3153477;22595,1105729,0.998851;4496,101312,0.915881;5195,149950,0.972594;5713,118305,0.906059;7140,187079,0.948594
53944,3143020;22772,1112863,0.999089;4324,100148,0.919366;4924,148895,0.971921;5319,119961,0.902495;7063,189058,0.947327
55253,3144130;22750,1114354,0.998139;4307,99550,0.913624;5070,147635,0.970891;5692,117190,0.901188;6932,184782,0.948554
54118,3164229;22727,1110279,0.998099;4660,104282,0.914218;5228,155454,0.974574;5555,121109,0.903485;7338,192797,0.943604
55661,3153451;22781,1116723,0.998931;4651,103251,0.918653;5033,152763,0.974812;5675,120701,0.898297;7413,191724,0.944792
56596,3157252;22610,1109929,0.998891;4687,103781,0.915168;5388,154316,0.973941;4813,121807,0.906178;6883,193801,0.950614
57249,3156385;22832,1114650,0.998455;4749,103704,0.916238;5255,153939,0.97204;5987,121833,0.901703;7294,191874,0.947248
56299,3152459;22898,1117609,0.998733;4752,102055,0.920198;5119,149638,0.974812;5909,118403,0.901782;7283,187888,0.94903
55795,3146653;22657,1108827,0.998416;4822,99830,0.911762;4319,147378,0.971921;4481,117355,0.903842;6745,185562,0.949109
54685,3145995;22816,1111926,0.998139;4575,101493,0.909465;5176,150963,0.971921;6040,120335,0.907208;7140,187259,0.949228
54870,3159373;22838,1113038,0.998178;4693,102988,0.91097;5295,153422,0.971485;5877,120225,0.901149;7367,192814,0.946455
56014,3160915;22719,1111854,0.998059;4670,102114,0.905426;5499,153699,0.971921;4901,120762,0.898614;5628,189558,0.944079
56494,3151974;22749,1115249,0.998891;3691,104005,0.909149;4130,152412,0.974931;4657,120188,0.894376;7069,189393,0.943604
56950,3153417;22608,1111286,0.998257;4664,103412,0.910614;5221,152178,0.972158;6065,121161,0.902218;7479,193085,0.947129
54134,3162257;22235,1112643,0.998337;4865,103333,0.913347;5268,151375,0.971366;5916,122377,0.908752;7439,192788,0.950178
54608,3167957;21963,1112429,0.998772;4683,103296,0.915089;4745,154877,0.97604;5304,121600,0.897307;7288,193463,0.950614
54542,3156201;22675,1116862,0.998495;4679,102299,0.914931;5369,151827,0.973505;6046,120727,0.896317;7302,190484,0.949703
57078,3161476;22597,1113021,0.998535;4661,101729,0.914535;5186,151941,0.972317;5881,119015,0.906416;7259,190449,0.950139
56316,3159964;22460,1112993,0.998812;4794,102953,0.915129;5486,154108,0.971842;6017,122565,0.907287;7178,190296,0.952317
57033,3158030;22775,1117353,0.998931;4481,101566,0.917386;5029,152075,0.970931;4742,118963,0.907802;7219,188933,0.947406
58081,3166327;22584,1114949,0.998614;4360,102087,0.910574;4107,154179,0.971406;5207,119487,0.904752;6560,190848,0.945069
57036,3154500;22804,1116112,0.999287;4448,101982,0.919525;4772,151851,0.97303;5428,119914,0.905228;6369,194293,0.948871
57242,3158280;22993,1117927,0.998653;3928,101457,0.910733;5073,153801,0.975248;5384,119439,0.906099;5923,188996,0.951168
57832,3147536;22888,1114503,0.99905;4861,101555,0.917743;5323,150724,0.977069;5916,118678,0.902653;7045,186214,0.954337
57668,3160044;22798,1109579,0.998851;3872,102853,0.914812;5226,152430,0.972911;5935,121134,0.90705;7446,195992,0.954337
56826,3153382;22827,1112291,0.99901;4662,101825,0.916396;5242,150586,0.978178;5956,120308,0.908;7080,188887,0.952673
57254,3153209;22793,1114150,0.998693;4687,101137,0.909703;5467,153663,0.97505;5943,119345,0.900238;7200,191578,0.952594
57749,3157247;22672,1112789,0.999089;4973,103439,0.916673;5388,153769,0.974376;5569,121728,0.904634;7183,190462,0.951406
54371,3155605;22714,1113085,0.998614;4907,102015,0.916515;5243,151824,0.977426;5905,119095,0.905426;7280,190017,0.953267
54155,3154612;22906,1114225,0.999089;3942,102127,0.917624;4807,151004,0.974257;4987,119794,0.910495;6794,189856,0.952871
53636,3153082;22830,1108249,0.998693;4814,102470,0.91299;5409,152924,0.97398;5111,120147,0.90499;5969,190912,0.952594
54365,3147371;22987,1119797,0.998653;4606,100999,0.914376;5338,150949,0.975723;5919,118597,0.902337;7304,188164,0.953426
55579,3135933;22733,1115080,0.998337;4452,99014,0.91596;4989,148202,0.97596;4490,114966,0.906812;6810,181223,0.952158
55802,3139779;22610,1107901,0.99897;4944,100666,0.917426;4793,147527,0.974693;5545,117548,0.910495;7292,188136,0.953347
55850,3146871;22548,1110726,0.999168;4559,100334,0.916198;5385,148562,0.972079;5913,118646,0.914297;7061,185202,0.953782
55669,3139796;22155,1103559,0.998733;5276,100683,0.91101;5206,147993,0.975921;5927,117419,0.903089;7157,185888,0.948475
55610,3146817;22565,1112555,0.998851;4668,101533,0.917941;4899,150560,0.976317;5110,117631,0.90697;6747,187192,0.948
54610,3147914;22641,1108195,0.997901;4771,101504,0.91303;5296,152082,0.97604;5734,118511,0.90701;6615,186341,0.950812
52955,3092975;22793,1109599,0.998535;3974,98632,0.916475;4068,145195,0.976238;4547,114547,0.903485;5360,178369,0.94903
53980,3112271;22838,1114212,0.998733;4210,99329,0.908673;4338,146144,0.974535;4577,115887,0.905624;5268,178139,0.948871
52820,3101795;22065,1111605,0.99905;4408,97752,0.908475;5325,146718,0.973267;5750,115461,0.90705;6698,175839,0.950495
52816,3096745;22810,1108653,0.99901;4823,98308,0.911921;4963,145617,0.971921;5627,113362,0.901149;6838,174596,0.949347
52519,3086335;22806,1114148,0.998733;4555,98320,0.91402;4470,144340,0.974455;4447,112189,0.905584;5685,175661,0.946297
52292,3078758;22759,1110480,0.998376;4756,96766,0.909149;5031,143334,0.974218;5788,111686,0.902653;6629,171203,0.949545
51741,3039619;22297,1109970,0.998772;4359,94255,0.90103;5112,140452,0.969465;5420,108048,0.898139;6620,168186,0.950455
51558,3027247;21462,1110379,0.998337;4591,93808,0.905347;4836,136636,0.970535;5282,106905,0.89996;6224,162060,0.949822
50931,2997520;21445,1109535,0.998772;3840,92034,0.911168;4025,133460,0.967762;4837,101463,0.893228;6089,159361,0.943287
50341,2943737;21488,1109689,0.999129;4250,90022,0.898218;4688,132304,0.96705;4957,99312,0.888238;5388,154646,0.946337
50363,2956820;21414,1104516,0.998653;4533,90926,0.90095;4571,132854,0.966257;4903,100239,0.889465;6126,156665,0.941901
51174,2987534;22575,1106374,0.998139;3831,91346,0.896554;4170,132691,0.963881;5030,102001,0.879644;4793,160245,0.933941
48919,2823277;22568,1106793,0.998495;3413,86195,0.89501;4423,124273,0.962812;4644,92351,0.879604;5665,144058,0.941822
49282,2902482;22661,1111408,0.997663;4557,88400,0.90004;4720,127207,0.965703;4903,96645,0.88396;5797,147195,0.940871
49194,2788374;21963,1103718,0.998099;3618,83180,0.894891;3595,122686,0.964752;3510,88834,0.867366;4208,137824,0.935762
47783,2714399;22790,1113232,0.997822;4458,81478,0.894099;4485,117255,0.964356;3522,87521,0.868475;4467,134063,0.929347
47723,2683585;22732,1109773,0.997782;3938,78618,0.889663;4366,113144,0.964396;4011,83280,0.871604;4756,126108,0.932119
43548,2551908;22716,1111561,0.997545;3647,74783,0.87802;4208,104928,0.961188;3728,76543,0.858851;3296,115719,0.927683
46363,2715069;22696,1111217,0.997861;3926,76730,0.883564;3989,111907,0.96202;3951,79978,0.85699;4684,125045,0.927327
44822,2538422;22710,1115363,0.998218;3694,69677,0.884792;3649,99934,0.96305;3116,71535,0.854059;4210,112654,0.923644
39498,2206187;22704,1116887,0.996871;3097,54672,0.882891;2431,79027,0.959089;2115,58520,0.846337;2581,90597,0.91996
35620,1996234;21916,1118577,0.997386;2313,41089,0.875564;2118,62266,0.960832;1685,45848,0.834931;2017,72450,0.912713
31029,1744770;21662,1120756,0.997624;2170,31170,0.880119;2096,48776,0.960911;1508,34959,0.832396;1994,56158,0.90701
20606,1161480;22657,1118399,0.997267;2354,19450,0.882772;1938,29341,0.959762;1027,22279,0.828475;1255,35007,0.902812
13438,757021;22770,1121511,0.997149;1746,10595,0.88697;1350,16219,0.959485;513,12076,0.826495;706,19184,0.901703
8035,453417;22751,1121005,0.997109;1249,5626,0.887723;1018,7996,0.959208;294,6713,0.825505;388,11351,0.900277
5492,309246;22716,1117868,0.997941;1263,3107,0.887644;1063,5076,0.959921;165,3801,0.825149;223,6275,0.899842
