8970,4276350;1697,455112,0.980991;2390,488342,0.879248;2575,538164,0.959658;2980,506372,0.871385;1960,519209,0.961778
11646,4279667;1697,450619,0.978872;1332,234084,0.877333;1614,286888,0.949675;2249,245337,0.850803;2375,268747,0.919248
10262,4279157;1463,449081,0.978667;2126,231281,0.875829;2133,284546,0.951726;2318,241182,0.83959;2498,270579,0.921641
9747,4278728;1099,444274,0.979214;2135,232277,0.871453;2256,285423,0.959316;2439,246743,0.854906;2462,268625,0.922393
9098,4278420;1130,448338,0.98065;2171,229025,0.885128;2202,285668,0.963556;2315,237882,0.859761;2346,261731,0.931282
11700,4279383;1560,441731,0.97935;1585,226137,0.884308;2150,279536,0.960274;2266,238093,0.850872;2385,260001,0.925949
11878,4279871;1785,445601,0.983111;2347,224723,0.88588;2208,280923,0.96041;2296,233642,0.858803;2271,260975,0.926427
10789,4279333;1890,443873,0.980239;1728,228648,0.883419;1536,280730,0.960205;1656,238695,0.873915;1656,263746,0.927863
10124,4279624;1802,442399,0.983248;1685,226069,0.884308;1559,283319,0.963692;1586,234937,0.853607;2287,262140,0.933128
8871,4279840;1815,442951,0.982974;1863,228947,0.886496;2163,281900,0.958632;1718,238906,0.847248;1638,260467,0.931214
12160,4278743;1840,444721,0.982427;2234,223321,0.897026;2738,277950,0.965607;2326,229584,0.873915;2420,255597,0.938256
10566,4279887;1811,442288,0.986462;2728,219800,0.90065;2409,277000,0.967385;2597,229713,0.861949;2653,253832,0.940513
13174,4279877;1820,439921,0.980923;2804,223916,0.899419;2313,275083,0.964103;2327,231731,0.878838;2426,251632,0.932103
13645,4279499;1824,440854,0.986735;2648,220764,0.879658;2412,273413,0.964786;2524,230413,0.871932;2000,254160,0.93135
14715,4278599;1819,440073,0.985915;1625,217927,0.891829;1765,273173,0.963624;2185,228128,0.865436;2286,248415,0.932923
13548,4279673;1881,440123,0.985778;2415,219023,0.895658;2171,273625,0.969983;2161,228340,0.865436;2305,245798,0.934154
15463,4279240;1803,437182,0.979282;2060,217879,0.894769;2208,271921,0.970462;2240,228582,0.865641;2324,251175,0.936684
14149,4279208;1800,439649,0.983795;2393,216150,0.887726;2277,269445,0.970051;2220,226746,0.870838;2272,247774,0.931214
13294,4279048;1914,439548,0.986393;2434,216376,0.89265;2121,268001,0.969846;2159,227706,0.865436;2222,247993,0.939282
13262,4279576;1777,438678,0.986667;2373,216325,0.90612;2210,269033,0.962598;2182,226675,0.884718;2253,245216,0.93853
12843,4278096;1732,439485,0.985983;2372,213484,0.89388;2114,266475,0.969846;2170,220979,0.862974;2347,242734,0.943248
13599,4279999;2031,440368,0.983453;2446,219735,0.903795;2391,270171,0.966085;2525,227334,0.86988;2389,246139,0.936615
13541,4279590;1729,439835,0.982701;2614,217271,0.898188;2363,268543,0.966701;2352,225519,0.881709;2368,243249,0.931692
9472,4279309;1709,438914,0.985915;2614,216485,0.896137;2367,266481,0.96294;2443,225152,0.86865;2114,245367,0.929915
12016,4279187;1724,440132,0.985846;1710,220370,0.888547;2015,270564,0.961231;1580,226129,0.852786;1600,248783,0.937094
11067,4279085;1718,439732,0.982359;1935,218429,0.891214;2208,274949,0.967453;1921,229964,0.865573;1651,248419,0.937983
14063,4279712;1707,440919,0.982701;2359,219931,0.894154;2203,281068,0.967521;2378,236691,0.875897;2371,253870,0.930735
13217,4278759;1749,443413,0.982906;2441,221393,0.883829;2456,275807,0.96547;2390,231519,0.865983;2432,256538,0.934701
12708,4278889;1125,441012,0.985504;2528,224902,0.886154;2350,282054,0.961231;2432,235422,0.867897;2466,258803,0.932581
10105,4279389;1734,442651,0.982427;2501,220965,0.885812;2312,278585,0.96;2457,234471,0.867624;2535,256501,0.931077
8766,4279439;1703,445834,0.984205;2504,231456,0.886154;1573,281948,0.962598;2305,238160,0.861949;1995,264101,0.935726
8994,4279569;1119,445860,0.985094;2370,230373,0.887248;2060,286861,0.95535;1701,240502,0.872752;2122,262431,0.931419
8897,4279353;1115,447160,0.98441;2563,228582,0.885607;2528,288239,0.961299;2537,241307,0.878838;2514,264644,0.939897
12604,4278543;1141,446857,0.985094;2525,233941,0.882598;2387,290077,0.960615;2647,244669,0.866325;2578,270634,0.939487
12969,4280188;1125,447268,0.98441;2539,232271,0.882393;2413,287992,0.964308;2574,240031,0.86106;2552,266285,0.933333
13344,4279565;1779,444836,0.983385;2399,231721,0.877333;2165,282694,0.957607;2336,241671,0.875009;2387,262927,0.925128
12712,4279367;1771,449009,0.985846;2649,235722,0.881436;2431,293747,0.96294;2510,245995,0.862701;2469,269581,0.927111
13245,4279429;1691,446350,0.980171;1978,227418,0.877265;2362,287802,0.963145;2468,239775,0.848752;2460,266716,0.93306
13384,4279363;1744,453155,0.984205;2463,232498,0.878359;2203,289221,0.961504;1698,241867,0.867419;1764,272958,0.939556
11952,4279099;1727,446293,0.984479;2070,230811,0.875829;2310,287874,0.958154;2585,242132,0.86065;2542,272047,0.937709
13062,4279838;1715,447676,0.983863;2545,232486,0.876513;2432,289834,0.956308;2523,248130,0.864205;2524,268172,0.93094
11992,4280135;1891,446246,0.980376;2603,231824,0.872137;2218,286749,0.96212;2124,245763,0.869675;2472,270907,0.942222
10513,4280073;1714,448404,0.983795;2490,235852,0.889162;2390,293988,0.961162;2481,251674,0.868034;2545,274503,0.935521
13570,4280048;1696,447546,0.982564;2482,232336,0.887932;2336,289201,0.962393;2433,243673,0.861812;2451,266394,0.932308
12093,4279748;1751,449688,0.985162;2480,235481,0.875829;2325,288262,0.963009;2481,246087,0.852991;2492,270439,0.939077
11996,4279150;1688,443736,0.981197;2402,229783,0.884923;2375,289698,0.958974;2439,244737,0.863043;2444,267984,0.937026
9953,4280107;1814,446800,0.983932;2507,231730,0.879316;2339,291739,0.960137;2406,243748,0.856821;1691,266044,0.928137
11596,4279248;1830,447333,0.984;1736,233671,0.883487;1800,288044,0.959658;1702,242972,0.861265;1758,269881,0.934427
12033,4279643;1855,446743,0.984205;1802,232380,0.889778;1675,289453,0.958564;1763,243478,0.855248;2595,268463,0.93894
9928,4279611;1831,445862,0.983658;2667,231875,0.874051;2436,286328,0.957197;2662,241414,0.857641;2739,265780,0.928342
9952,4280338;1830,447905,0.979282;2642,234897,0.886017;2488,290254,0.95747;2636,244743,0.86865;2626,268802,0.934701
9012,4279988;1850,447531,0.982359;2747,233272,0.876991;2419,292343,0.954872;2727,245756,0.868513;2637,270953,0.935521
11108,4279589;1839,447646,0.985162;2726,233373,0.886085;2381,290019,0.960274;2484,244489,0.858325;2497,269314,0.93265
12122,4279428;1828,446455,0.982427;2453,231055,0.894974;2284,284656,0.961094;2580,244738,0.874188;2472,263600,0.938735
10119,4279991;1832,446829,0.983932;2662,235927,0.883829;2439,288740,0.959385;2668,245217,0.859487;2633,265656,0.918359
13103,4279181;1825,446215,0.982496;2714,233946,0.887179;2517,284110,0.952752;2690,241172,0.867556;2714,266195,0.936274
10104,4278765;1806,443676,0.981607;2841,229915,0.886496;2505,286779,0.961094;2638,240566,0.862017;2797,267363,0.935111
9588,4279834;1843,442213,0.983726;2538,234755,0.891077;2269,285255,0.966085;2509,240150,0.857094;2533,260704,0.937026
10240,4279439;1822,447190,0.984342;2825,235259,0.89347;2698,288077,0.953983;2866,243350,0.859487;2469,266083,0.934359
10270,4279491;1823,447446,0.987692;2520,233852,0.885949;2345,287534,0.959795;2464,245214,0.861128;2481,268613,0.936274
13465,4279637;1913,446612,0.985094;2666,233690,0.887726;2460,289925,0.959248;2612,245730,0.865983;2631,270006,0.939077
11138,4279134;1853,449040,0.979829;2653,229575,0.879932;2508,289220,0.963009;2610,242371,0.852103;1761,265007,0.931692
14346,4279066;1838,447401,0.981675;1720,232379,0.887658;1886,291984,0.963692;2602,243257,0.862291;1973,266884,0.933538
12798,4276868;1889,449712,0.982632;1865,227900,0.880752;1616,283815,0.957128;2409,238973,0.862769;2422,259743,0.934291
13660,4276944;1836,447272,0.984205;2482,227208,0.889709;2279,281421,0.961436;2363,237220,0.880615;2372,261668,0.93853
12103,4277644;1832,448913,0.982974;1755,234068,0.887726;2276,285865,0.962598;2890,240432,0.862496;2451,269403,0.942427
14319,4275266;1903,444574,0.982701;2627,230057,0.878291;2524,286904,0.962051;2691,242961,0.867966;2705,265555,0.944342
13811,4267410;1809,444810,0.983043;2834,225626,0.885675;2561,280335,0.961368;2338,235914,0.855658;2412,260673,0.942222
13201,4259266;1753,444817,0.985094;2693,219988,0.878496;2429,273678,0.963214;2535,231266,0.865709;2409,250148,0.943658
12639,4247824;1735,445398,0.983385;2604,217999,0.879043;2475,267604,0.956444;2399,222847,0.859487;2466,246148,0.933812
13457,4235325;1744,445342,0.979487;2553,215115,0.874803;2336,262669,0.948513;2471,224956,0.851145;2498,242938,0.942427
10371,4209516;1772,447878,0.984274;2823,205934,0.859897;2648,257726,0.959863;2521,216174,0.846632;2421,235000,0.933607
11468,4174814;1835,447849,0.983932;2682,201020,0.866188;2361,246573,0.954051;2409,210751,0.866325;2459,230980,0.943111
11682,4122590;1811,448156,0.982017;2284,196192,0.851692;2155,239600,0.957265;2273,205269,0.856821;2211,226383,0.945026
8872,4032631;1144,446243,0.982701;2184,185082,0.848615;1943,226664,0.951179;2134,194986,0.867282;2212,214337,0.944068
10557,3960294;1125,448167,0.981333;2256,175576,0.833915;2067,219471,0.947282;2023,184294,0.856342;2150,202427,0.935043
8525,3796426;1115,446426,0.981402;1721,154692,0.828034;1523,193779,0.940308;1592,162706,0.849573;1757,184538,0.942427
9863,3519884;1132,450052,0.978735;1557,132607,0.817573;1455,167938,0.939282;1345,142899,0.856137;1511,159482,0.942427
10103,3109588;1134,449392,0.981949;1377,107282,0.815863;1222,138301,0.939487;1095,115197,0.846427;1242,132744,0.942359
8400,2808703;1113,452556,0.980718;1090,90844,0.818256;1013,113471,0.930598;882,95830,0.846769;994,110394,0.931692
7291,2364284;1138,450957,0.977231;853,70899,0.824;766,91090,0.93135;460,74283,0.848684;875,88257,0.931214
5420,1804000;1146,454665,0.977504;432,48491,0.821675;434,63151,0.933333;301,53463,0.851624;368,64049,0.932513
4180,1404108;1810,448079,0.977915;451,34781,0.824615;367,44688,0.933128;220,39206,0.847179;250,46188,0.935726
3013,1000163;1856,452904,0.976342;296,22790,0.82653;262,28709,0.934085;139,25803,0.843692;176,32593,0.934154
2306,733992;1866,450503,0.97641;251,15856,0.827009;258,21348,0.931419;105,19036,0.84335;127,22808,0.934017
1235,402090;1840,453724,0.979077;319,8487,0.829333;181,10061,0.933949;60,10666,0.843214;66,12642,0.933607
767,241917;1839,450791,0.979556;195,5530,0.83159;160,6948,0.934769;32,5907,0.842803;38,7373,0.932376
304,95879;1863,450981,0.97812;232,2227,0.831043;168,2488,0.934838;18,2276,0.843214;23,2807,0.932034
110,34998;1861,452535,0.977231;115,551,0.830769;113,731,0.933812;8,800,0.842667;8,752,0.931009
