15837,7085730;7845,1839764,0.997371;6361,416476,0.901859;6244,519406,0.967437;12981,378411,0.683214;10933,531137,0.887012
14575,7023649;7967,1852363,0.99668;4635,154967,0.893785;4372,227648,0.956414;6417,173028,0.725498;6517,253726,0.879044
14526,7027906;7981,1873041,0.994635;5563,163250,0.87822;5255,242925,0.950385;7033,174290,0.739894;7224,268480,0.874661
14784,7013567;8051,1875349,0.99583;5825,163861,0.87243;5513,241966,0.948792;6772,172931,0.739522;6820,267736,0.872351
14903,7035263;8036,1880343,0.996733;5308,169274,0.875618;5411,247317,0.945604;8187,181888,0.757583;8045,278162,0.871899
14610,7018122;8075,1877079,0.995113;6710,168250,0.874343;6070,246977,0.946375;8018,177670,0.759336;8328,279117,0.875671
14782,7026648;8667,1878517,0.994821;6556,167983,0.877397;6037,252678,0.948579;8469,180622,0.782072;8422,279173,0.872563
14672,7026729;7922,1878841,0.995299;6367,168385,0.872351;5885,251450,0.947517;7636,180271,0.779867;8205,282027,0.879894
14627,7040481;8051,1874169,0.995591;6207,167410,0.876388;5983,249872,0.948234;8123,183123,0.785259;8605,284976,0.884701
14639,7044145;8040,1878901,0.996255;6936,169206,0.874449;6388,252282,0.951633;7690,182576,0.794635;8400,287633,0.888606
14595,7029411;8055,1870884,0.996255;6095,165193,0.875936;5273,246613,0.951288;6968,180205,0.810385;7491,282127,0.891607
14755,7036905;8431,1863917,0.995777;5711,167161,0.879389;5396,247898,0.952802;6887,178953,0.815086;7141,281077,0.897716
14862,7035238;7903,1859386,0.996042;5861,166301,0.882975;4862,250948,0.956839;6459,182158,0.815963;7359,285215,0.907224
14690,7035858;8085,1856709,0.995671;5651,165324,0.888446;4766,247617,0.957663;6651,180231,0.824197;7487,281165,0.911129
14694,7036446;8022,1861678,0.996202;5740,164491,0.887543;5238,247808,0.957955;6641,181614,0.828393;7313,279412,0.906215
14806,7037576;8013,1848382,0.997131;6624,166842,0.88834;5801,251070,0.960956;6310,181947,0.843878;6750,286224,0.912643
14776,7006581;8082,1846720,0.997025;5386,162092,0.88571;5521,245417,0.960266;6466,180221,0.85421;6926,284628,0.923984
14694,7025938;8668,1845078,0.997716;5825,163248,0.890226;5392,243193,0.959283;6645,181295,0.852776;6887,276475,0.915618
14713,7034138;8854,1839013,0.997689;5703,164427,0.890784;4915,248475,0.960292;6561,184497,0.857503;6825,287813,0.921886
14994,7037056;8728,1846754,0.997928;5778,165863,0.893254;5428,249700,0.963665;7320,187331,0.865896;7531,288507,0.925392
14643,7025845;8714,1846538,0.998619;5492,162594,0.89421;5082,246669,0.961886;6718,182105,0.868526;7299,284414,0.929482
14790,7024926;8773,1842514,0.998486;5917,162237,0.89761;4879,244810,0.963851;6419,180519,0.870332;7298,280811,0.929615
14601,7027730;8779,1842086,0.998194;6340,165108,0.900106;5920,248191,0.961939;7923,185230,0.871607;8189,288326,0.931421
14818,7029857;8704,1848313,0.998513;6385,164636,0.897928;5837,248483,0.959575;7769,183733,0.872643;8433,287407,0.933254
14704,7046394;8732,1847206,0.998566;6555,167603,0.898167;5732,252167,0.965232;7830,187362,0.877769;8142,288461,0.934714
14657,7037766;8708,1841721,0.998566;6387,165149,0.895697;5727,245363,0.964542;7969,183902,0.873015;8372,285206,0.934422
14843,7034968;8666,1843365,0.998433;6287,163814,0.901487;5705,246688,0.963958;7460,184334,0.882258;8299,286634,0.934608
14722,7036401;8722,1848116,0.998752;5847,164933,0.89668;4833,250461,0.964542;6222,184190,0.878194;6671,287860,0.937131
14755,7024165;8727,1847587,0.999017;5413,163009,0.894741;4821,246476,0.962789;6653,183851,0.878805;6848,284842,0.937849
14706,7035824;8832,1844727,0.998247;5231,164312,0.897078;5015,247341,0.964011;6559,185346,0.875511;7300,283187,0.933413
14710,7032205;8692,1851694,0.998619;6186,163416,0.895777;4623,247734,0.963639;6574,182464,0.870199;6912,285829,0.93259
14533,7026512;8546,1846241,0.998752;5290,164527,0.89012;4932,246769,0.961487;6444,184047,0.87413;7720,285551,0.936361
14684,7020086;8551,1843559,0.998274;6165,163461,0.892032;5882,246815,0.964117;7694,183845,0.879389;9159,289165,0.940558
14714,7018161;8643,1847055,0.998459;6503,165857,0.893201;5794,248225,0.962629;7714,184598,0.881009;8090,282976,0.939495
15311,7025812;7789,1846439,0.99822;6331,163159,0.893891;5561,247353,0.963772;7682,182975,0.878141;8221,281240,0.935724
14859,7018578;7782,1852221,0.998513;6447,164172,0.89081;5881,247361,0.963665;7920,183761,0.87506;8525,282413,0.935591
15873,7005345;8297,1857984,0.998406;6931,163119,0.88749;5947,246296,0.962284;7656,184379,0.871474;7022,281240,0.933201
15774,7035362;8530,1852600,0.998274;5805,165616,0.88842;5317,246839,0.95923;6773,185198,0.872935;7256,287704,0.936361
15599,7011493;8574,1853352,0.998274;5155,163041,0.891713;4820,244366,0.963028;5987,181556,0.877742;6627,282479,0.930651
15404,7039072;8548,1856137,0.998194;5131,165082,0.890996;4763,248942,0.963851;6407,182740,0.878725;6898,286577,0.938141
15220,7032273;8723,1861890,0.998035;5376,165545,0.892058;4707,250058,0.963878;6302,184487,0.876255;6856,290204,0.936813
15275,7025828;8500,1851712,0.998433;5407,165469,0.889402;4918,247480,0.963586;6478,182361,0.872404;6916,286995,0.938805
15154,7022103;8558,1856096,0.998167;5429,164821,0.890173;5099,249058,0.960744;6326,185093,0.874821;6971,288345,0.937636
15143,7017158;8442,1852974,0.997795;5071,163987,0.888367;4655,244495,0.960212;6603,182138,0.877769;6989,284381,0.940239
15366,7036373;8519,1848978,0.998141;5574,166266,0.888473;5038,249596,0.962762;6390,184616,0.871766;6700,285111,0.937955
14880,7037396;8519,1858600,0.997981;5482,166617,0.893758;4447,248937,0.963559;6349,186377,0.880425;6951,288207,0.938539
14781,7032506;8518,1854760,0.998486;5529,167697,0.897875;4755,251600,0.961461;6338,186017,0.879867;6888,293744,0.938619
15191,7032167;8493,1858041,0.998247;5331,164055,0.889934;4913,251148,0.965684;6262,185023,0.878353;6752,290289,0.936946
15215,7015992;8484,1851867,0.998964;5802,165311,0.897397;4952,245616,0.963639;6317,183543,0.880159;6609,286020,0.942045
15126,7009604;8512,1847867,0.999097;5220,163430,0.89166;4737,243680,0.961647;6366,182429,0.883347;6409,282394,0.942284
15173,7031649;8534,1848568,0.998858;5028,165718,0.901726;4937,245667,0.965631;6374,183094,0.880691;6683,287477,0.942922
15281,7013259;8573,1843507,0.998513;4867,161983,0.896069;4754,239237,0.962364;6394,180805,0.881009;6821,283559,0.942948
15200,7032536;8489,1844996,0.998459;5230,162711,0.889057;4930,243862,0.962045;6158,185933,0.886029;6858,285140,0.943506
14853,7025178;8563,1847470,0.998274;5188,164650,0.892908;4858,243691,0.962284;6437,185004,0.880505;6624,283301,0.942098
14806,7030517;8495,1853961,0.998619;6113,165644,0.893997;4508,246925,0.963692;6214,184808,0.873254;6683,285447,0.934821
15033,7036522;8626,1850439,0.998725;5408,164492,0.893121;4740,249419,0.967729;6327,187418,0.882842;6902,290106,0.938725
15192,7031627;8528,1841677,0.998805;5539,163850,0.892749;4492,244492,0.962337;6194,185442,0.884887;6785,288113,0.940983
15422,7037684;8503,1847036,0.998964;5093,162549,0.893413;4979,246387,0.965365;6126,183968,0.882125;6625,286415,0.941567
15209,7029626;8602,1846825,0.998752;5267,162735,0.892218;4831,244788,0.964807;6139,184443,0.878353;6539,288275,0.941541
15289,7028898;8535,1845721,0.998645;5200,164392,0.89506;4758,246510,0.963453;6361,184970,0.878539;6897,289382,0.939947
15209,7031534;8589,1848434,0.998725;5411,164803,0.894582;4637,245471,0.965498;6403,187111,0.880425;6521,286022,0.94077
16284,7026314;8539,1850443,0.998831;5418,164274,0.892802;4662,247420,0.96324;6607,186699,0.873865;6879,287718,0.941301
16605,7032605;8663,1851652,0.998752;5206,163981,0.89413;4763,247476,0.965153;6374,184673,0.873201;6711,288353,0.939681
15554,7021065;8642,1844210,0.998592;5261,162950,0.894768;4457,243382,0.963187;6274,185161,0.873254;6614,284390,0.936733
15205,7044976;8541,1852866,0.998884;5179,163216,0.893785;4611,247244,0.965392;6381,186099,0.884409;6454,285402,0.939363
14995,7033827;8526,1848252,0.998194;5113,164906,0.888313;4670,246665,0.962683;6451,184394,0.88008;6674,285819,0.936441
15288,7034454;8566,1847606,0.998433;4989,162620,0.889402;5040,245690,0.964064;7095,186159,0.877636;6475,285464,0.936972
15131,7011406;8565,1853046,0.998805;5507,162586,0.890916;4679,243617,0.963904;6335,183036,0.877556;6642,283631,0.939097
15111,7037149;8605,1857793,0.998539;4855,162942,0.889588;4474,247383,0.962709;6445,185810,0.877583;7012,285475,0.939734
15311,7044441;8602,1855821,0.998911;5191,165549,0.895857;4680,247644,0.958938;6652,187968,0.876627;6701,286194,0.939867
15374,7034261;8612,1855717,0.998672;5130,161628,0.889721;4494,243228,0.96247;6488,184190,0.877397;6781,286914,0.938088
15310,7035553;8566,1851022,0.998486;5279,166341,0.889349;4757,250390,0.964675;6634,186363,0.870332;6808,289605,0.939734
15228,7034018;8586,1859898,0.998858;4882,163386,0.886693;4766,244071,0.963214;6465,185379,0.865232;7197,286383,0.936892
15184,7021495;7225,1852418,0.99822;5059,162490,0.884675;4771,245953,0.96077;6448,185040,0.872908;6783,287351,0.938884
15168,7026607;8470,1850076,0.998274;4858,162791,0.883533;4651,245348,0.961142;6295,182673,0.868526;6583,284465,0.935299
15487,7017545;7901,1850134,0.997477;5083,160743,0.878194;4580,242046,0.959097;6472,182452,0.863001;6847,284775,0.938858
15770,7034004;7813,1852622,0.997981;4910,162195,0.886109;4656,246684,0.962922;6316,183823,0.865737;6765,285988,0.936149
15866,7022595;7888,1854494,0.998672;5086,164886,0.884436;4438,243315,0.960239;6566,186492,0.863453;6913,287327,0.936335
15318,7026455;8024,1848375,0.997742;5230,164294,0.888792;4580,245310,0.95992;6603,185659,0.862975;6934,289193,0.932244
15034,7009715;7892,1846583,0.998167;5487,161301,0.887543;4644,241957,0.961169;6102,179848,0.861275;6856,282413,0.934396
15608,7030266;7955,1854859,0.998035;5833,163726,0.881965;4741,247021,0.959124;6601,183101,0.858592;6914,287555,0.930969
15529,7028407;7987,1861360,0.997981;4764,163707,0.881248;4589,245740,0.960558;6522,183364,0.858645;6692,284549,0.931368
15356,7023641;7998,1862624,0.998752;5139,163496,0.880345;5098,245888,0.961461;6624,185658,0.854794;6938,287353,0.932244
15845,7024452;7991,1860655,0.99838;4727,162493,0.882337;4507,247605,0.95838;6545,185808,0.857742;6757,285639,0.929296
15874,7009378;7915,1851130,0.997981;5078,163019,0.881859;4774,245777,0.956335;6718,183016,0.855432;6955,286395,0.933068
15990,7037123;7965,1863052,0.998566;5154,162961,0.87838;4903,248469,0.959522;6579,186463,0.855883;6909,288891,0.934449
15957,7021632;9307,1859626,0.998486;5405,164616,0.884223;4631,249143,0.962072;6764,185902,0.854927;7275,286621,0.932377
15909,7043443;8087,1870622,0.997981;5364,165711,0.877663;4934,248856,0.955857;6742,186442,0.848606;7083,291282,0.929376
15649,7019278;7954,1868982,0.998194;5253,162250,0.872882;4563,245151,0.956096;6569,182606,0.847384;6744,280883,0.925684
15915,7025121;7872,1868937,0.998433;5496,165994,0.87753;4538,249391,0.95668;6701,184388,0.846587;6918,288521,0.930677
15779,7009341;8083,1859473,0.998035;5105,163444,0.877822;4743,247656,0.958539;6754,184011,0.848021;7224,287290,0.927437
15686,7023401;8017,1865282,0.998406;5573,167354,0.877981;4823,250002,0.959602;6732,185445,0.836202;7062,291055,0.923533
15870,7034434;7956,1863794,0.998327;5645,164280,0.87753;4558,249042,0.958035;6697,186718,0.849402;7233,292359,0.931288
15992,7034129;8047,1865874,0.998061;5307,167272,0.879814;4699,248189,0.956042;6948,185804,0.842762;7089,290859,0.929615
15929,7021701;7994,1863066,0.998274;5362,164015,0.876361;4601,247171,0.954741;6540,185830,0.837131;7076,289316,0.926268
15661,7000384;8031,1860688,0.997716;5234,164144,0.878141;4806,246380,0.952643;6892,183939,0.837052;7042,285224,0.924781
15113,7024940;7931,1860329,0.997981;4977,163424,0.873944;4751,249599,0.954661;7111,186883,0.836122;7449,290585,0.923533
15921,7016821;7963,1868617,0.998035;5555,164206,0.877211;4797,246574,0.955166;7186,187059,0.837769;7999,289941,0.92255
15821,7025324;8107,1868206,0.997317;5185,163373,0.873758;5313,248721,0.95251;7219,183788,0.826932;7395,290816,0.922072
15751,7015702;7875,1857531,0.997503;5476,164344,0.872005;5156,247675,0.953572;7302,184276,0.830332;8186,289592,0.922683
15445,7037441;7830,1863342,0.997902;5443,165553,0.869934;4793,253489,0.952324;7587,188666,0.828924;8102,299140,0.923639
15704,7025962;7959,1868910,0.997795;5424,166064,0.87012;4881,249900,0.955086;7860,187609,0.828021;8767,291180,0.920345
16166,7029149;8020,1863393,0.997716;5383,165316,0.876813;5342,250215,0.951979;8219,187250,0.824754;7956,292198,0.92247
16030,7033534;8034,1863197,0.997636;5368,166740,0.871102;5506,256638,0.954821;8021,192764,0.827729;8907,296823,0.92162
15879,7009655;7895,1865343,0.998433;5878,163097,0.873971;5212,249471,0.955564;7744,185557,0.826826;8415,287314,0.919628
16059,7032195;7900,1867464,0.998008;5616,164904,0.869641;5194,251844,0.954343;7526,186516,0.8234;8544,292149,0.920664
16053,7029945;7996,1868813,0.997185;5771,166626,0.868473;5189,253028,0.953758;7869,188037,0.823267;8217,297080,0.920611
16201,7017918;8036,1861798,0.997556;5618,166598,0.867862;5459,250277,0.95073;8071,187555,0.819203;9156,291682,0.91838
15801,7037891;8081,1866672,0.997424;6268,168267,0.868499;5273,254583,0.949456;7865,189178,0.818459;8462,300116,0.920903
16142,7035612;7999,1859531,0.997211;5881,164670,0.867756;5315,252191,0.950412;7819,187039,0.817795;8923,295752,0.919788
16034,7035530;8017,1857401,0.99761;5896,167719,0.872696;5706,257100,0.95413;7988,189156,0.819124;8186,294347,0.920823
16838,7040683;7929,1871404,0.997689;5532,165367,0.866295;5379,254793,0.950173;8110,190092,0.816707;8687,300117,0.918274
16218,7025228;7968,1862072,0.997955;5385,166875,0.869429;5617,253913,0.951846;8024,188048,0.817078;8348,291994,0.917131
16116,7005531;8019,1867122,0.997078;5948,166253,0.868871;5136,248101,0.95004;8030,185996,0.812244;8388,290144,0.914449
16304,7028646;8033,1858416,0.997822;5595,166888,0.867224;5423,253684,0.95004;8032,188222,0.809349;8374,296168,0.917503
15954,7023344;7898,1856426,0.997742;5965,167196,0.871474;5064,253635,0.950757;8302,189733,0.81591;8482,297636,0.917052
15321,7021309;7825,1851718,0.99761;5655,164473,0.865684;5139,250861,0.949137;8080,188069,0.812961;8387,295852,0.916228
15505,7021221;7997,1856771,0.997769;5554,165336,0.86494;5607,250839,0.948526;8519,189444,0.816122;8377,291944,0.918194
16027,7026747;8001,1855963,0.997981;5655,163997,0.861301;5444,251681,0.951607;8080,188895,0.811208;8331,295861,0.911182
15215,7017384;8003,1859851,0.997742;6101,164767,0.861328;5312,253430,0.949987;8716,189228,0.805657;8172,294121,0.914529
15164,7005254;7966,1857493,0.997849;6211,165122,0.868207;5238,250905,0.951421;8162,186861,0.810757;8244,291415,0.913944
15470,7025478;8567,1849332,0.998061;5940,167727,0.86571;5329,253323,0.95004;8447,189747,0.811952;8363,297045,0.913254
15325,7028025;8689,1858187,0.997556;6064,169468,0.862125;5289,256489,0.948101;8290,191908,0.803506;8785,300988,0.915139
15201,7022276;8550,1856530,0.997689;5872,165766,0.859416;6494,253357,0.94672;8183,188586,0.796813;8456,295594,0.914661
15445,7033539;8574,1860452,0.997556;5905,167512,0.862603;5437,258067,0.946906;8480,191095,0.803904;8682,300342,0.912112
15345,7038272;8570,1864012,0.998274;6085,169888,0.862205;5468,257837,0.946056;8566,193975,0.800611;8658,300687,0.909535
15318,7023916;8643,1856934,0.997583;5963,167722,0.863187;5358,253418,0.951952;8267,187559,0.797849;8731,295688,0.910093
16074,7018507;8548,1855866,0.997397;5762,167781,0.864117;5569,254811,0.952855;8302,189678,0.796733;8695,296279,0.909084
16194,7034427;8578,1857109,0.998008;5629,165799,0.866667;6131,255183,0.947995;8553,190112,0.804914;8544,301090,0.914821
16098,7032009;8486,1848029,0.996946;5673,166664,0.857795;5727,254662,0.946003;8407,190516,0.800292;8657,298575,0.912112
16005,7029894;8566,1854554,0.997185;6045,167794,0.866162;5449,255592,0.950173;7896,191416,0.802523;8258,297303,0.915564
16432,7021074;8521,1853168,0.997477;5802,166987,0.866162;5952,253104,0.947039;7965,187919,0.802072;8100,298939,0.915485
15538,7037988;8570,1851411,0.997503;6122,169440,0.865418;5584,257654,0.949163;9098,194433,0.793865;9163,298444,0.912324
15154,7018448;8732,1856112,0.996786;6051,166795,0.865817;6005,254871,0.948977;8615,190768,0.793785;8639,300268,0.911846
15435,7031618;8526,1857505,0.997238;5766,167596,0.867888;5796,254518,0.947463;8132,192368,0.807517;8697,301258,0.913015
15359,7028299;8531,1851390,0.997716;5784,168446,0.860664;5531,257140,0.951368;8307,190369,0.801753;8577,297946,0.912563
15222,7030173;8601,1857336,0.997849;6019,167207,0.858353;5660,255027,0.951262;8199,190907,0.797742;8911,299246,0.908526
15022,7006408;8667,1853593,0.99753;5490,166118,0.865206;5501,251650,0.949163;8590,189399,0.799867;9013,298097,0.91012
15207,7031306;8567,1848893,0.997742;6527,169220,0.87004;5564,254320,0.950438;8489,192074,0.804329;9286,301205,0.912218
15282,7038192;8608,1843288,0.997716;6324,169995,0.863347;6105,258600,0.947065;8754,191318,0.799495;9481,300906,0.910624
15170,7016488;8557,1850950,0.997875;5791,166711,0.860664;4881,252402,0.946799;7620,188796,0.796388;6886,295842,0.906773
15282,7028952;8533,1841472,0.997769;5450,168479,0.869695;4287,256435,0.951155;7476,189272,0.800027;7060,296960,0.912058
15541,7022686;8652,1845258,0.996813;5510,169736,0.867942;5130,254352,0.948207;8085,192659,0.805498;7977,297824,0.910544
15441,7034300;8668,1842199,0.997371;5620,169010,0.869748;4799,256964,0.949137;6566,193482,0.804728;6966,302905,0.910704
15358,7019620;8682,1842421,0.997371;5119,164447,0.862417;4480,252361,0.948074;6910,189083,0.799469;6725,296004,0.910571
15174,7021701;8648,1843283,0.99753;5472,167149,0.86255;4881,254559,0.947543;6871,189936,0.792058;7340,298786,0.909084
15112,7040788;8527,1832907,0.997078;5096,168031,0.856547;4809,255445,0.948871;7463,192856,0.80425;7556,298255,0.909456
15253,7026669;8520,1840404,0.996441;5620,167961,0.866082;4629,253379,0.948393;7252,189341,0.801726;7810,299371,0.912935
15136,7022577;8659,1839268,0.99745;5089,166113,0.859044;5021,254953,0.948207;7684,190879,0.79915;7544,296605,0.907357
15092,7032929;8628,1842481,0.997344;5411,168267,0.86239;4844,253785,0.949509;7373,192915,0.805737;7923,303083,0.913121
15645,7023412;8553,1839789,0.997583;5080,166803,0.86178;4866,254112,0.946614;6708,189336,0.808021;6151,297316,0.912961
15545,7022031;8618,1842348,0.997131;5276,167192,0.867517;4985,253861,0.948765;7530,190019,0.806375;7785,299407,0.913493
15799,7027616;8601,1841295,0.997981;5572,167628,0.859761;3937,255188,0.947995;7028,192828,0.811315;7623,297663,0.911899
15339,7040588;8632,1843829,0.997185;5457,167486,0.86826;5030,255842,0.948845;8108,193166,0.811076;8465,300587,0.912882
15367,7035138;8584,1832757,0.997663;5269,167702,0.86749;4957,255550,0.949562;7969,190531,0.806056;8104,300652,0.912244
15438,7036908;8605,1839353,0.997583;4969,164356,0.864914;5184,253036,0.950757;7539,191088,0.809057;8028,299697,0.914661
15414,7036130;8696,1834414,0.997397;5822,169099,0.863798;5061,256167,0.946268;7671,191836,0.814104;8151,300324,0.911049
15255,7031546;8560,1831777,0.997371;5635,169378,0.867809;5187,255448,0.949031;8068,191388,0.820956;7917,295434,0.912908
15143,7018998;8562,1834647,0.99745;5577,162960,0.8634;5182,250575,0.948951;7137,187233,0.812776;7713,291344,0.908924
15185,7031218;8544,1830784,0.997317;5301,168490,0.863559;4839,254920,0.948977;6658,193082,0.807968;8000,300990,0.908924
15351,7035584;8587,1835977,0.997291;5824,168028,0.867145;5113,257053,0.951527;7733,192108,0.809349;8139,301631,0.913971
15331,7028969;8604,1833641,0.997716;5170,166008,0.868207;4781,253512,0.948367;7491,191861,0.806135;7904,300381,0.91344
15139,6993790;8562,1835930,0.997397;4999,162792,0.868367;4434,249020,0.948871;7671,188064,0.809854;7587,289732,0.912005
15340,7020618;8532,1829128,0.997264;5620,165765,0.863054;5324,250947,0.948579;7673,188009,0.807809;7883,294797,0.911155
15409,7037874;8585,1829947,0.99761;5003,167981,0.863931;5033,254755,0.946985;7433,193092,0.811341;7961,304186,0.91421
15107,7019437;8591,1830632,0.997981;5205,167241,0.867012;4814,252275,0.946295;7283,191363,0.81498;7765,295935,0.913732
15179,7003812;8530,1836101,0.997424;5534,168846,0.868765;5029,251444,0.945312;7796,190399,0.815697;7908,296714,0.914316
15633,7023139;8612,1831004,0.997849;5333,167370,0.863825;5136,256938,0.950651;7671,191287,0.820531;7964,300761,0.918114
15339,7022707;8682,1829603,0.996972;5314,168445,0.863267;5346,253635,0.948313;7848,191925,0.820425;7968,298516,0.91761
15523,7023777;8550,1830635,0.997636;5286,166446,0.867198;4977,252615,0.951819;7383,189789,0.816786;7794,297205,0.921487
16067,7028365;8551,1836454,0.997822;4772,163632,0.866534;4895,252397,0.950784;7716,191142,0.823718;7754,297036,0.920133
15716,7029236;8540,1826884,0.997636;5404,166595,0.867995;4966,254328,0.95012;7658,192361,0.822019;7083,300085,0.920372
15988,7011939;8574,1827790,0.996627;5471,165268,0.870465;4803,248783,0.948287;7590,188811,0.822815;7641,295521,0.920266
16235,7031720;8521,1828470,0.99761;5520,166085,0.870279;5297,253582,0.95174;8207,191890,0.818752;7785,296312,0.918114
16213,7030437;8561,1831972,0.997981;5465,165785,0.869562;5198,252559,0.951793;7538,189677,0.827145;7923,297351,0.916388
16304,7020741;8549,1828263,0.997477;5482,166430,0.870863;5131,251405,0.952297;7275,189080,0.828792;7850,295109,0.918406
16127,7028372;8538,1824903,0.997583;5301,165116,0.865657;5110,251622,0.950199;7896,188808,0.822629;7846,296343,0.91923
15004,7030084;8613,1832005,0.997981;5528,165977,0.876016;5307,251923,0.950624;8268,193820,0.826667;8246,299451,0.918991
15907,7040521;8516,1824960,0.998061;5662,167018,0.875511;5693,253190,0.953201;7489,190724,0.828792;7902,299771,0.919602
15140,6989187;8572,1818878,0.997636;5653,161189,0.872563;4791,244333,0.951315;7418,182999,0.827092;7339,282718,0.920664
15357,7020185;8719,1830448,0.997875;5255,164198,0.872112;5048,250997,0.950943;7422,188391,0.820876;7693,292969,0.916866
15622,7027755;8447,1818178,0.997689;5349,165942,0.872271;4528,250606,0.954502;7367,191323,0.824648;7524,293004,0.919363
15414,7021098;8520,1824738,0.997902;5237,162685,0.87081;4827,246356,0.954608;7468,189979,0.83166;7742,296496,0.922683
15379,7019859;8603,1814906,0.997636;5212,163289,0.878513;5006,246284,0.95429;7483,190874,0.83753;7306,291361,0.924462
15415,7041992;8544,1817842,0.997636;5265,166394,0.875803;4929,254187,0.953121;7574,192996,0.837822;6788,299906,0.923692
15931,7033762;8544,1814957,0.997583;5281,162099,0.875591;4862,248669,0.955936;7189,188253,0.840876;7692,292987,0.927065
15896,7027835;8577,1820532,0.997822;5442,164000,0.875803;4582,249160,0.954024;7320,188824,0.834582;7371,291435,0.923612
15549,7037823;8566,1819126,0.997477;4529,165783,0.882205;4872,249847,0.953944;6421,190249,0.83907;7203,294705,0.92409
15871,7027490;8576,1823119,0.99745;5234,162779,0.872271;4866,248081,0.952457;6760,190218,0.841222;6036,289727,0.920053
15582,7038174;8651,1826450,0.997689;4921,166596,0.87915;4090,250240,0.95251;7372,190581,0.836069;7714,296968,0.923931
16189,7045601;8566,1820102,0.997052;5152,165370,0.881673;5142,252628,0.954422;7240,191958,0.838194;7236,301288,0.929721
15945,7020890;8631,1815005,0.997185;5430,164906,0.872112;4795,246967,0.950863;7284,190276,0.836122;7049,292923,0.924223
15919,7025817;8580,1815989,0.997822;5160,162768,0.873413;4048,247729,0.95243;6893,187454,0.836707;7650,288927,0.923931
15453,6995446;8492,1822902,0.997663;5387,160936,0.870066;5122,243230,0.951474;7461,184604,0.83923;7429,282011,0.924542
15748,7025726;8507,1826489,0.997344;4773,164647,0.876361;5005,246807,0.952935;7619,187638,0.840744;7757,293196,0.923479
15900,7030982;8599,1813509,0.997291;5690,165200,0.877503;4973,249762,0.955803;7763,190867,0.842311;6610,292765,0.925126
15927,7017475;8590,1814993,0.997822;5084,160801,0.87745;4456,242542,0.954635;6414,185737,0.839867;7322,287756,0.92579
16551,7029387;8499,1822010,0.997928;5647,163568,0.876999;4819,246505,0.955405;7382,187613,0.842231;8011,292304,0.922098
15300,7026576;8486,1819019,0.997689;5431,162188,0.880983;4869,245462,0.954422;7208,187133,0.847145;7484,287467,0.922789
15291,7030418;8501,1814778,0.997636;6325,160981,0.880505;4769,243674,0.953254;6848,186475,0.855113;7580,291108,0.927782
15424,7036454;8568,1827240,0.997716;5256,164219,0.877689;5228,247252,0.952377;7321,187155,0.851819;7021,290976,0.927171
16106,7021938;8586,1820318,0.997477;5471,159907,0.874768;4826,243390,0.953758;7828,186031,0.849641;6740,289769,0.927703
15277,7035523;8487,1811274,0.997742;4858,161801,0.879469;4081,247603,0.955378;7105,188674,0.849854;7426,290846,0.92595
15243,7045816;8583,1820597,0.997849;5076,163263,0.880398;4892,246320,0.954927;7306,187709,0.847968;7708,293626,0.926189
15155,7023088;8479,1816666,0.997875;5495,161233,0.884622;5203,242842,0.953918;7308,184806,0.843267;8079,286111,0.922178
15319,7039027;8440,1818803,0.997105;5266,163310,0.887463;4954,246162,0.95429;7232,186963,0.846029;7590,289867,0.923506
16052,7019713;8463,1816019,0.997371;4913,160817,0.884276;4797,244165,0.957264;7149,185631,0.84834;7352,284878,0.924542
15740,7022523;8557,1817294,0.997583;5516,160778,0.887118;4866,241647,0.959973;7307,185740,0.851341;7283,289401,0.928287
15168,7025359;8559,1820347,0.997875;5593,158897,0.882576;4758,242150,0.956361;7080,186878,0.853546;7186,284912,0.924781
15168,7022929;8486,1820649,0.998141;5175,158591,0.881833;4635,239396,0.956866;6904,183793,0.855272;7219,285920,0.930412
15227,7018027;8512,1815282,0.998167;5333,158781,0.877078;5011,241421,0.955458;7080,184097,0.84672;7323,284210,0.925737
15331,7007908;8493,1814366,0.997477;5016,155198,0.877689;5138,239752,0.957291;6213,181148,0.851288;7776,283633,0.927251
15312,7041781;8543,1819108,0.997185;5808,161847,0.881195;4964,243496,0.957371;7651,186253,0.847092;8077,293967,0.927224
15265,7021240;8528,1816542,0.997716;5787,159423,0.88;4431,240475,0.956467;5888,184465,0.854954;7422,284131,0.92664
15173,7030083;8538,1814640,0.997928;5032,159288,0.886375;4744,239677,0.956786;7289,184078,0.861222;7409,286862,0.92911
15439,7045397;8580,1805267,0.997689;5328,160234,0.882869;5107,244905,0.957583;7721,186815,0.859097;7972,291135,0.931952
15810,7019789;8456,1807793,0.997636;5236,155519,0.881647;5196,237995,0.958035;7382,180612,0.856786;7643,277301,0.930332
15698,7024288;8431,1806538,0.997397;5588,156948,0.882205;5291,239494,0.96008;7586,183688,0.862922;7795,280246,0.931368
16045,7035784;8421,1804115,0.997583;5484,155774,0.889376;5232,234933,0.960956;7681,182374,0.862762;8014,281238,0.929562
15300,7021871;8509,1808786,0.9983;5738,156636,0.887862;5018,235413,0.960823;7317,182433,0.861275;7648,283907,0.93259
15328,7038562;8530,1805827,0.99761;5743,157661,0.892908;5279,237052,0.961434;7309,183319,0.86595;7590,282976,0.931979
15366,7020992;8468,1801586,0.99761;5800,156166,0.891394;4978,233449,0.960478;7120,180816,0.86656;7470,277241,0.93004
15154,7037041;8480,1808658,0.997955;5458,157769,0.889509;4999,236317,0.962125;7261,178620,0.866826;7703,279975,0.933201
14977,7024322;8475,1803079,0.997902;5579,152938,0.882603;4922,232495,0.960452;6885,177282,0.861833;7404,277376,0.932271
14748,7011794;8496,1801671,0.998141;5424,155489,0.884781;4996,229722,0.958486;7204,180285,0.859841;7344,275867,0.931819
14678,7013606;8437,1803856,0.997477;5638,153514,0.89174;4908,230413,0.960266;6925,177113,0.864329;7265,274378,0.932191
14798,7037418;8511,1799384,0.998327;5421,156147,0.894343;4881,233926,0.96247;7352,182261,0.863187;7171,278743,0.928526
14621,7029121;7693,1795052,0.998327;5609,155235,0.893333;5020,233149,0.962337;7191,182875,0.869456;7516,280193,0.930837
14671,7018436;7654,1794308,0.997849;5325,155482,0.892244;5284,232728,0.961647;7114,180017,0.874874;7392,280162,0.934821
14662,7026035;7715,1795102,0.997849;5470,154521,0.896919;5142,232508,0.963904;6787,177067,0.874661;7242,274871,0.935618
15119,7025480;7729,1798136,0.998141;5611,154373,0.89336;5197,231098,0.961726;6881,180003,0.870837;7323,277325,0.937211
15118,7031289;7716,1791246,0.998327;5677,152939,0.892855;4883,229482,0.961089;6859,178014,0.869615;7007,273003,0.93328
15233,7028479;7743,1790223,0.998141;5448,152156,0.896149;5184,228566,0.964197;6657,177610,0.867596;6990,272809,0.934316
14775,7027173;7727,1798970,0.9983;6211,151789,0.895883;4855,226542,0.963533;6694,176333,0.869615;7098,273763,0.932537
14665,7018449;7849,1795333,0.998008;5342,150676,0.900505;4728,225487,0.963214;6659,177189,0.873997;6993,271631,0.93344
14652,7024055;8293,1789187,0.998088;5633,152130,0.900319;5270,224889,0.964993;6969,176568,0.87583;6749,270404,0.931793
14611,7032841;8330,1787612,0.998167;5259,151942,0.898167;4923,228555,0.96656;6621,176448,0.875246;6860,271584,0.931899
14610,7017848;8315,1787917,0.998406;5678,149037,0.895272;5249,224660,0.964515;6390,174047,0.874104;6888,272341,0.932961
14651,7027159;8331,1788481,0.9983;5606,149883,0.897025;4943,223415,0.964409;6250,174582,0.877185;6867,266468,0.931607
14660,7028837;8285,1792928,0.99822;5262,151619,0.897636;4824,228507,0.966667;6610,177616,0.881461;6838,271466,0.934688
14773,7032341;8288,1788870,0.997875;5381,150969,0.90255;4839,225559,0.96741;6735,177155,0.884595;6742,270684,0.933891
14718,7032532;8329,1787350,0.997238;5258,149409,0.903001;4834,223936,0.967384;6419,175661,0.886693;6750,269989,0.934954
14684,7030536;8328,1795249,0.99838;5256,150475,0.904356;4833,225636,0.964436;6517,176239,0.882842;6939,271103,0.933971
14798,7031161;8363,1786865,0.998406;5299,149682,0.901408;4542,224293,0.96672;6448,176801,0.885046;7040,272719,0.936467
14604,7024695;8391,1782523,0.998884;5062,147222,0.897025;4648,220258,0.966375;6553,174139,0.88247;6754,267369,0.936388
14737,7014933;8373,1779185,0.998592;5356,148509,0.900053;4787,221998,0.965286;6577,173732,0.887676;6830,265606,0.937928
15043,7023787;8393,1782166,0.998274;5612,150265,0.901647;5396,223723,0.96842;6606,178203,0.88672;6875,272949,0.938035
14650,7026475;8407,1788094,0.998167;5556,148106,0.902948;4858,221742,0.968021;6634,174451,0.885312;7072,268406,0.93923
14655,7019227;8408,1786477,0.998831;5498,148441,0.907171;4885,220058,0.969216;6545,172461,0.885976;6925,264658,0.93591
14608,7036825;8385,1776020,0.998566;5442,149933,0.902789;5500,224571,0.969641;6742,176693,0.890279;7081,270842,0.939708
14665,7036011;8419,1782068,0.998911;5629,149491,0.907012;4976,220809,0.96757;6656,176079,0.887304;6891,269829,0.938008
14687,7011922;8387,1772589,0.99838;5503,144659,0.907596;4851,215396,0.969163;6388,170039,0.889801;6633,259288,0.940212
14532,7001772;8409,1773807,0.998672;5563,143624,0.904595;5517,215366,0.968234;6012,169857,0.891049;6415,262199,0.938752
15089,7034559;8356,1769004,0.998991;5298,149417,0.90927;4738,222453,0.967357;6409,176894,0.893466;6304,269166,0.941169
15517,7018067;8384,1772713,0.998911;4757,146204,0.903347;4548,218020,0.970279;5934,171022,0.893838;6217,264062,0.938247
14651,7047616;8396,1778561,0.999177;4916,148409,0.906401;4986,222451,0.969695;6393,177529,0.895219;6534,269345,0.938247
15077,7030259;8332,1774559,0.998459;5493,147491,0.911846;5038,221112,0.969296;6516,173160,0.895564;6755,263868,0.937158
14734,7018918;8370,1775467,0.998911;5318,144716,0.906401;5226,217069,0.971793;6521,171948,0.896627;6708,264801,0.939044
14601,7020714;8342,1776019,0.998592;5252,147213,0.909004;4894,219472,0.973015;6289,171885,0.898645;6692,262136,0.940531
15282,7014546;8398,1781415,0.998459;5243,144549,0.910651;4936,216394,0.970093;6390,171761,0.893625;6547,263118,0.938991
14799,7028307;8338,1766695,0.998539;5749,145230,0.909376;4714,216650,0.968977;6409,174027,0.893493;6546,261185,0.938884
14610,7008110;8389,1777570,0.998327;5242,144925,0.906056;4885,214523,0.971023;6231,171226,0.890412;6474,258954,0.937317
14628,7032251;8361,1774272,0.99907;5247,146115,0.908712;5076,220296,0.972802;6457,175435,0.895936;6603,265030,0.938884
14680,7029768;8324,1773859,0.999416;5261,146132,0.911633;4773,217705,0.972138;6309,174186,0.899522;6506,265497,0.94093
14701,7022183;8351,1780395,0.998831;5225,146907,0.911129;4541,217925,0.970757;6271,170526,0.895697;6472,260330,0.940637
14699,7030433;8338,1772459,0.998964;5147,145275,0.906056;4739,218843,0.96988;6291,174182,0.896653;6887,268243,0.941567
14653,7038867;8333,1778074,0.998964;5267,149210,0.911129;4869,220360,0.96996;6357,173787,0.89822;6683,267961,0.943267
14688,7028082;8368,1782838,0.998911;5777,146157,0.910385;4473,219046,0.971235;6481,172610,0.901009;6505,263223,0.944728
14719,7008497;8334,1776638,0.998831;6021,145909,0.908712;4829,218096,0.971607;6513,174184,0.903479;6572,261756,0.943612
14806,7029893;8363,1782116,0.99907;5649,146364,0.908898;4739,219176,0.973785;6512,174178,0.899788;6741,266462,0.94502
14789,7023782;8363,1782796,0.999363;5388,145071,0.907543;4911,218726,0.972935;6393,173493,0.905153;7045,263214,0.945232
14633,7024977;8363,1779952,0.999124;5297,145628,0.904037;5211,220884,0.971474;6890,176177,0.901142;6900,266666,0.942895
15252,7017903;8387,1783966,0.998991;5892,146833,0.914024;5135,218023,0.973546;6751,171417,0.90178;6945,263113,0.942231
15270,7029598;8307,1775345,0.999177;5329,146658,0.913572;4928,219811,0.970571;6834,175208,0.902762;7001,263155,0.941886
15337,7027959;8362,1780247,0.999017;6162,145421,0.907437;4975,220534,0.971899;6828,175413,0.902736;7135,267690,0.945179
14834,7033666;8383,1781550,0.998858;5675,146522,0.907703;4813,217630,0.971607;6765,174776,0.906746;7074,264182,0.945153
14706,7014848;8344,1779319,0.999363;5425,145854,0.904861;5574,217684,0.968818;6641,172551,0.904382;7043,264023,0.94417
14783,7013173;8316,1782885,0.999256;5612,145315,0.91174;4997,216262,0.968792;6680,169287,0.900292;6782,261958,0.943958
14686,7030912;8445,1791785,0.998805;5522,147700,0.906773;5093,221280,0.969216;6773,176217,0.904675;7107,266301,0.941939
14672,7016215;8396,1792194,0.999044;5471,145226,0.90842;4854,217798,0.971182;6714,171086,0.90093;7089,264600,0.945073
14660,7019245;8434,1795729,0.999389;5575,147878,0.909774;5101,220077,0.970093;6920,175778,0.901726;7023,265480,0.943665
14751,7020247;8381,1792971,0.999309;5686,145475,0.907304;4920,219638,0.972005;6745,172902,0.907118;6966,261948,0.945259
14654,7023968;8438,1791624,0.999124;5339,147494,0.906375;5322,220935,0.970173;6671,173844,0.903772;6870,265028,0.944436
14697,7018774;8424,1789386,0.999469;6253,145291,0.91004;4944,218385,0.970544;6691,170392,0.899044;6908,263645,0.943453
14653,7024751;8379,1786101,0.998991;5809,145524,0.908765;5082,219158,0.96988;6460,171634,0.895511;7151,263395,0.942205
14890,7034363;8442,1793557,0.998911;5413,145514,0.903267;5471,220467,0.970518;6742,175665,0.897424;7018,265960,0.939947
14656,7033063;8459,1795380,0.998752;5878,147260,0.910385;4946,222349,0.97243;6713,175170,0.902337;7066,269034,0.940691
14733,7042644;8427,1793547,0.998672;5489,147283,0.904037;4886,223598,0.971102;6638,175361,0.904728;7184,270084,0.945976
14735,7035640;8420,1788610,0.999044;5356,147717,0.904993;5022,222214,0.970651;6874,176324,0.901912;6904,266808,0.945684
15365,7031024;8461,1797782,0.999203;5709,146628,0.909216;4946,219319,0.970093;6583,173385,0.900823;7002,266873,0.944675
15212,7026577;8458,1797555,0.99915;5544,148004,0.907065;4980,223930,0.97012;6667,175620,0.900823;7198,268171,0.945339
15117,7026305;8486,1792944,0.999017;5419,145028,0.903958;4892,219933,0.970837;6874,172695,0.900637;6726,265804,0.942231
15115,7001159;8520,1803465,0.99907;5912,145046,0.910677;4696,216213,0.96911;6459,170220,0.898486;6787,260915,0.942337
15141,7038138;8469,1798392,0.999044;5256,147845,0.90178;4864,221747,0.970412;6784,175441,0.891102;7113,269851,0.94178
15172,7035421;8502,1801960,0.999203;5317,149990,0.904356;4955,223169,0.969907;6709,174612,0.897742;6937,269090,0.9434
15256,7005233;8525,1799736,0.99907;5235,145228,0.907304;4874,214950,0.967862;6458,169684,0.894396;6881,261926,0.940637
16667,7017072;8475,1801495,0.999097;5279,147455,0.904914;4955,220316,0.967171;6594,173694,0.8949;6961,266574,0.942709
15068,7023149;8482,1800880,0.999177;5661,146546,0.906003;4877,220458,0.965525;6801,174987,0.898008;6648,265477,0.942922
14762,7024099;8546,1800612,0.999256;5949,148540,0.903214;4998,222034,0.967198;6602,174705,0.898114;7295,270618,0.943665
14624,7019104;8465,1807360,0.999469;5342,149618,0.907278;5337,223915,0.969456;6827,173721,0.89259;7231,268643,0.943108
14680,7017899;8473,1803030,0.999017;5655,147825,0.909296;5040,221431,0.966667;6738,175177,0.894847;6580,265176,0.943772
14735,7027362;8491,1808952,0.99923;5144,146708,0.905126;4960,222991,0.972802;6560,173004,0.894502;6957,269591,0.942258
14586,7023607;8500,1807671,0.99915;5382,149948,0.899867;4875,222503,0.967331;6794,176179,0.890385;7019,269382,0.940744
14630,7019724;8547,1802576,0.99915;5487,146630,0.898752;5023,220161,0.966242;6778,175173,0.891076;7250,268223,0.940584
14581,7003480;8482,1804555,0.998805;5446,146819,0.901647;5112,220848,0.967331;6545,172364,0.888765;7135,263574,0.939814
14882,7026962;8470,1803418,0.999602;5120,147428,0.899336;4616,220765,0.964382;6852,173201,0.890252;7108,268939,0.936441
14602,7025520;8530,1808341,0.998991;5677,148461,0.900345;5219,225262,0.965684;6827,174318,0.890332;7194,270629,0.939256
14547,7011980;8549,1809881,0.999097;6604,146539,0.900797;4670,223723,0.966667;6830,171789,0.890173;6978,267799,0.941301
14973,7030542;8516,1809193,0.999256;5309,151548,0.9051;5124,227130,0.969721;6672,176464,0.891766;7202,270139,0.942762
15110,7033122;8540,1808085,0.999363;6006,149897,0.903426;5037,225859,0.969057;7064,176621,0.887623;7158,273488,0.941833
15162,7029319;8541,1810569,0.999336;5524,149387,0.901859;5303,224249,0.96749;6838,176700,0.891049;7245,272541,0.94247
15018,7027323;8483,1811938,0.99907;5469,149141,0.893944;4977,224284,0.966082;6970,175842,0.886242;7131,271593,0.93838
15047,7023869;8496,1810261,0.99915;5641,148998,0.900983;4983,224428,0.96741;6588,174861,0.887331;7315,269981,0.939522
15100,7030753;8479,1808540,0.998964;5368,148445,0.899734;5297,226511,0.967437;6952,176216,0.890863;7225,271749,0.938513
14696,7031628;8480,1808777,0.999044;5331,148946,0.891049;5087,227389,0.966746;6792,174642,0.88741;7299,270058,0.938831
14597,7004613;8438,1806044,0.999256;5607,148271,0.898194;4872,221865,0.966587;7001,172717,0.885232;7111,269308,0.937636
14537,7037232;8525,1812037,0.999283;5590,150344,0.896653;4826,225590,0.969402;6911,176097,0.888207;7316,272496,0.937795
14510,7013128;8497,1807094,0.999336;6183,149615,0.897185;5191,220982,0.96749;6729,174753,0.888021;7074,267078,0.938513
14637,7035607;8524,1811436,0.998699;5308,150655,0.904197;5193,225528,0.967809;6779,174869,0.888393;7032,269986,0.939309
14601,7005627;8534,1812268,0.999097;5276,145376,0.897371;4812,221308,0.968738;6842,173465,0.885578;6785,264071,0.937822
14555,7013953;8482,1812543,0.999017;5725,148716,0.898247;5082,222463,0.964754;6696,172912,0.884409;6949,268617,0.936839
14595,7024670;8531,1810357,0.999363;5541,148708,0.902258;5081,222094,0.966746;7017,174720,0.882019;7074,269942,0.9366
14603,7018072;8530,1815682,0.999017;5437,146955,0.90162;4743,222546,0.965126;6937,173850,0.879203;7081,268529,0.934714
14771,7023054;8478,1812535,0.999203;5610,149216,0.901859;5077,225980,0.964754;6866,174228,0.881142;7406,271173,0.935724
14554,7027255;8514,1809399,0.998725;5115,148310,0.898672;5019,226238,0.966109;6855,174696,0.883081;7247,272011,0.936627
14729,7031412;8533,1814426,0.999097;5942,152359,0.896335;5081,228049,0.963665;7124,179236,0.882948;7240,273139,0.938035
14627,7016356;8474,1814893,0.999017;6303,149389,0.895113;5188,225534,0.965498;6964,176595,0.878858;7349,275549,0.935618
14590,7046394;8502,1814315,0.998459;6002,152293,0.896282;5198,230244,0.966003;7039,181010,0.877317;7440,280455,0.93498
14682,7048907;8482,1813812,0.999177;6035,152238,0.897105;5206,230865,0.96409;7002,178152,0.87158;7445,277391,0.932218
14554,7035675;8441,1814509,0.99907;5548,150477,0.893546;4972,229287,0.967171;6993,177081,0.872908;7496,275682,0.936096
14779,7027942;8452,1818016,0.999177;5309,150108,0.899522;4947,226434,0.965339;6722,172642,0.872085;7276,270489,0.935963
15143,7031610;8461,1807895,0.998805;5436,150086,0.901381;5093,229302,0.966056;7210,175145,0.879416;7327,271182,0.937556
15103,7026801;8500,1816051,0.998672;5606,151818,0.900266;5415,228922,0.964064;6870,176461,0.876839;7460,274759,0.937211
15221,7022084;8504,1811680,0.998486;5715,149972,0.894608;5302,226354,0.965339;7148,177608,0.877742;7447,274065,0.936707
15042,7015444;8459,1820602,0.998725;5689,150340,0.897689;5099,225613,0.965737;6992,176130,0.882364;7577,272130,0.936494
15104,7031200;8477,1814244,0.998752;5761,152488,0.895857;4853,229525,0.96494;7274,174989,0.87575;7331,270201,0.934927
15266,7037487;8496,1808720,0.998725;5993,151769,0.896547;5423,229498,0.965259;7119,176199,0.873625;7498,274072,0.933147
15057,7020983;8469,1811869,0.998805;5520,148209,0.892563;4830,225075,0.964781;6626,172010,0.876149;7122,268250,0.933493
14614,7039459;8485,1817413,0.998805;5284,150963,0.8966;5341,226434,0.965631;6790,176007,0.874555;7292,274042,0.93583
14719,7038865;8476,1820029,0.998805;5760,153698,0.89838;4963,230539,0.966082;7008,177116,0.87575;7266,274315,0.937397
14721,7031871;8430,1810028,0.998884;5568,149208,0.896521;5091,226053,0.965843;6762,175720,0.87158;7187,270897,0.933094
14843,7038524;8453,1809632,0.998778;5666,151667,0.897636;5245,228810,0.964887;7011,177454,0.871182;7061,271862,0.937503
14904,7030797;8440,1815698,0.998699;5758,151964,0.895671;4812,228486,0.966189;7037,176753,0.872085;7243,274756,0.935591
14676,7044454;8478,1814325,0.997928;5528,151979,0.8983;5383,227872,0.963533;6980,176829,0.869668;7115,270335,0.933891
14920,7023497;8492,1818158,0.998433;5416,151912,0.900345;4973,228431,0.96579;6924,175479,0.868473;7180,269405,0.933997
14868,7030783;8468,1815647,0.998539;5666,151546,0.899044;4953,227667,0.964515;6970,177431,0.873466;7238,272763,0.93838
14504,7020215;8421,1814331,0.998513;5678,148840,0.896574;4992,225708,0.963692;6918,175355,0.871899;7301,270981,0.935538
14574,7020430;8450,1818247,0.9983;5514,148617,0.891368;4916,225972,0.963772;6936,175011,0.875883;7366,268549,0.936866
14598,7029729;8476,1814480,0.998884;5795,153212,0.897317;4837,227998,0.9617;6720,176051,0.873254;7070,272021,0.935299
14575,7007261;8436,1819807,0.998725;5880,149434,0.890598;4904,225671,0.964011;6788,174743,0.872058;6949,268361,0.934821
14755,7036029;8579,1821310,0.998699;5546,153293,0.89745;4829,230905,0.964276;6717,177955,0.87004;7350,276251,0.932961
14665,7018593;8551,1826136,0.998699;5228,149513,0.89158;4973,224008,0.961806;6640,173949,0.869084;7041,270929,0.934157
14653,7024102;8618,1825842,0.998433;5549,150245,0.887729;5111,228268,0.961912;6787,175955,0.864675;6983,270128,0.93073
14866,7032833;8583,1828831,0.998938;5719,152453,0.891819;5030,229842,0.962922;6835,176575,0.868074;7205,273711,0.934077
14639,7007833;8561,1826347,0.998486;5672,150715,0.893838;5631,227112,0.961594;6424,172674,0.869748;7184,269756,0.933944
14559,7010827;8589,1824857,0.999044;5092,147684,0.889243;4859,222362,0.964568;6605,170962,0.869429;7021,267181,0.934954
14672,7017388;8561,1822006,0.998194;5450,151830,0.893307;4962,227763,0.964489;6941,174131,0.867331;7117,272686,0.930252
14598,7041815;8642,1825696,0.998486;5620,153429,0.896388;4968,229766,0.963214;7000,175707,0.869296;7416,276810,0.936839
14579,7027399;8560,1822367,0.997742;6267,152742,0.891023;5196,229155,0.964064;7116,178592,0.866667;7512,275248,0.93421
14636,7012656;8595,1824387,0.999017;5668,150490,0.893015;4725,225474,0.963347;6359,173664,0.863479;6740,267563,0.931182
14512,7025695;8585,1826314,0.998672;5446,152808,0.889137;4879,228432,0.963931;6507,177170,0.866932;6954,271519,0.929774
14588,7028167;8549,1827384,0.997928;5228,152281,0.892404;5074,226038,0.961673;6569,176250,0.858991;6445,272770,0.929562
14582,7026636;8594,1826646,0.998274;5066,152420,0.887835;4432,226760,0.961886;6019,174976,0.854475;6469,269275,0.927171
14981,7039764;8565,1830633,0.998459;5409,154243,0.892563;4869,230580,0.9617;6773,177772,0.856282;6802,270164,0.927092
15093,7029138;8633,1833184,0.998035;5561,150326,0.887703;4918,228103,0.960664;6863,176407,0.851208;7417,272231,0.927623
15165,7030964;8585,1833849,0.998566;5704,152786,0.886985;5246,229746,0.962815;6776,175591,0.850704;7404,271738,0.923772
14506,7021274;8589,1834259,0.99838;5602,152629,0.886481;5208,230282,0.960903;6917,174571,0.850412;7370,271961,0.925604
14642,7010735;8637,1835617,0.998539;5612,146434,0.880558;4939,224785,0.961355;6799,170808,0.849004;7106,266451,0.926375
14664,7017142;8661,1840724,0.998141;5568,152201,0.885578;4976,226045,0.958831;6833,172557,0.848287;7345,269726,0.923745
14573,7015695;8690,1839992,0.998592;5836,150116,0.885817;4901,227165,0.960133;6851,172329,0.847437;7218,268965,0.924861
14746,7018277;8605,1838682,0.998831;5569,151640,0.884409;4949,226094,0.963745;6768,173527,0.845737;7448,270404,0.925153
14643,7019177;8619,1844223,0.998672;5273,152075,0.886268;5266,230131,0.960637;6953,176227,0.842736;7483,273515,0.92332
14672,7020373;8636,1843796,0.99838;5440,154558,0.885551;4968,231978,0.962603;7079,176067,0.844754;7328,273936,0.924728
14768,7023057;8621,1848848,0.998459;5525,153574,0.890943;4952,228793,0.958274;7228,178098,0.839788;7319,276632,0.923108
14633,7006918;8685,1849910,0.998008;5398,149842,0.886587;4993,226967,0.961753;6812,173387,0.840584;7243,268456,0.922815
14599,7036066;8647,1848110,0.998274;5442,154609,0.885259;5070,235224,0.960637;7004,178624,0.837158;7500,275817,0.926375
14734,7033977;8647,1850489,0.998247;5304,152559,0.886029;5372,231308,0.957981;7001,176983,0.842869;7314,272550,0.925498
14638,7034017;8652,1846621,0.99822;5434,154651,0.882895;4856,231575,0.956866;7085,175032,0.834714;7205,273004,0.924436
14573,7039245;8650,1849579,0.998088;5576,154083,0.881806;5038,233312,0.960266;7103,178682,0.84;7446,277493,0.922762
14518,7026862;8640,1848650,0.997317;6015,152815,0.885259;5250,232316,0.957556;7139,177859,0.836228;7376,274628,0.925631
14557,7026458;8707,1853652,0.998486;5671,154440,0.884329;5295,232195,0.958911;6996,175419,0.834157;7294,272171,0.922444
14910,7010236;8637,1855729,0.998247;5479,151209,0.883453;5148,230789,0.957052;6907,173864,0.83591;7559,270209,0.923772
14815,7034933;8743,1857668,0.99838;5079,153153,0.885073;5033,230423,0.958088;6789,177511,0.836308;7235,274952,0.925126
15128,7035564;8685,1855078,0.997955;5737,153846,0.878433;5011,233301,0.960053;6964,179401,0.834741;7411,279335,0.925764
17331,7027206;8633,1862053,0.998247;5635,154149,0.878274;5275,233186,0.957795;7000,176378,0.836361;7287,269095,0.92
15162,7025277;8687,1857290,0.998008;5452,152446,0.876016;5203,232256,0.958858;7090,174597,0.836255;7414,270723,0.922603
16420,7021070;8718,1857340,0.997981;5428,155007,0.875697;5448,233659,0.959841;7173,177173,0.838752;7720,274869,0.923958
15705,7022641;8614,1856691,0.998539;5590,153877,0.875883;5241,231966,0.953652;7276,175891,0.830784;7840,279703,0.922656
16083,7018885;8707,1858811,0.998194;5608,153569,0.878274;5062,231400,0.953891;6601,175670,0.83336;7246,275264,0.921328
14905,7010691;8650,1862697,0.9983;5328,153343,0.879628;4813,229844,0.957928;6575,173464,0.829535;7047,273220,0.923798
14862,7022966;8682,1865297,0.998406;5665,154206,0.879124;4867,233393,0.955989;7182,178347,0.822125;7300,273297,0.919548
14633,7008884;8709,1861123,0.99838;5437,153271,0.885604;4759,230199,0.95753;6965,174024,0.824223;7257,270892,0.919522
14668,7044002;8657,1864628,0.998513;5708,157637,0.886082;5299,238356,0.957503;7087,177400,0.82587;7518,280114,0.922656
14423,7024849;8674,1858359,0.997663;5810,152902,0.880983;4893,233408,0.958539;6931,176241,0.831819;7260,272774,0.922603
14773,7020895;8719,1866534,0.998035;5353,153745,0.88093;5004,232432,0.956813;6838,175092,0.829243;7529,274077,0.921355
15061,7044586;8708,1869827,0.997822;5333,157224,0.879734;5210,240064,0.957078;7134,179150,0.82911;7494,278354,0.919283
15341,7022018;8712,1872953,0.998008;5718,153908,0.87344;5869,236390,0.956361;7085,178763,0.829668;7477,276887,0.922178
14783,7027999;8738,1876833,0.997583;5245,156962,0.876361;4912,237833,0.955139;7189,176795,0.823718;7386,277533,0.918938
14669,7030164;8683,1868537,0.997742;5655,156813,0.878539;5132,241366,0.953386;7170,176769,0.823293;7368,275983,0.918672
14606,7015329;8734,1877376,0.997424;5768,156257,0.872988;4852,235388,0.956813;7051,174021,0.822284;7387,273487,0.916574
14654,7027225;8749,1874556,0.997955;6110,158929,0.87915;5291,237238,0.956786;7171,177485,0.821355;7518,279080,0.918778
14652,7018605;8753,1872792,0.997981;5015,155594,0.878088;5092,236760,0.956866;6762,174716,0.819973;7501,277234,0.921009
14684,7028688;8810,1880107,0.997636;5413,157426,0.872776;5073,240305,0.955671;6956,178023,0.82178;7578,281530,0.923931
14860,7035903;8715,1868493,0.9983;5314,157389,0.881434;4992,238048,0.956999;7136,178613,0.825471;7520,278110,0.921408
14838,7030224;8689,1867458,0.998194;5535,156875,0.880717;5132,237163,0.955485;7043,179314,0.826879;7484,279988,0.919867
14775,7038564;8687,1878087,0.998061;5497,158684,0.881859;5039,241421,0.954316;7251,180456,0.823479;7475,280968,0.917158
14764,7029043;8669,1874834,0.997955;5501,153948,0.877185;4893,233594,0.956627;6858,176487,0.824143;7539,275692,0.918805
14764,7032139;8737,1885644,0.997503;5121,158252,0.879788;5244,239414,0.957663;7072,177180,0.822125;7441,277778,0.917822
14834,7033384;8209,1871159,0.99745;5489,156738,0.877875;4915,240721,0.957424;7101,177890,0.826003;7652,277443,0.915166
15029,7032625;8339,1874091,0.997902;5562,159350,0.877849;5068,241194,0.953333;7234,179741,0.819867;7718,281571,0.91583
14768,7029366;8641,1882699,0.997371;5510,158861,0.87081;4929,239995,0.953865;7386,181137,0.820611;7694,282860,0.917689
14758,7028211;8485,1876206,0.997902;5674,159319,0.876149;4977,240597,0.953785;7069,176473,0.816467;7302,278565,0.922205
14828,7044521;8456,1886066,0.997795;5626,158915,0.8783;5326,242425,0.954475;7006,179296,0.819548;7536,280450,0.920133
14848,7031419;8654,1881946,0.997902;5681,158685,0.874635;5059,239994,0.953732;7380,180852,0.819256;7622,280443,0.920531
14592,7018872;8503,1883058,0.997955;5620,155734,0.87259;5046,237854,0.95259;7248,178084,0.816999;7608,281755,0.922869
14700,7018422;8435,1885201,0.997795;5288,155843,0.87344;4956,237282,0.951554;6969,175876,0.813865;7542,275765,0.917105
14685,7026315;8733,1888189,0.997583;5602,155005,0.868685;5064,237677,0.951049;7131,177243,0.81166;7520,279169,0.916919
14920,7016993;8751,1878463,0.997849;5486,154843,0.87073;4891,236575,0.951049;6834,178131,0.816069;7044,278018,0.918486
15124,7015468;8660,1886458,0.99838;5229,157352,0.870996;4747,240094,0.952191;6803,177425,0.80996;7276,276469,0.916016
14999,7028072;8866,1889095,0.997902;5305,158258,0.871023;4916,242014,0.952085;7162,180050,0.809668;7606,280762,0.912058
14732,7037996;8653,1893944,0.9983;5652,159743,0.872404;5311,242273,0.950491;7288,180703,0.811527;7674,283016,0.910837
14893,7030402;8670,1890500,0.997902;5453,157462,0.866135;5107,241276,0.951926;7157,177736,0.812404;7749,282937,0.915803
14806,7011321;8497,1892494,0.997875;5478,157559,0.869774;4935,238689,0.954316;6891,175792,0.816255;7521,276215,0.914688
14846,7027756;8755,1887625,0.997742;5212,158191,0.875724;5095,239770,0.951341;6967,179210,0.814157;7732,280821,0.916574
15399,7037010;8720,1887708,0.997928;5342,161386,0.873174;5219,245800,0.951899;7470,183902,0.810544;7851,289322,0.919283
15379,7033483;8708,1886703,0.997849;6014,157254,0.868021;5388,238973,0.95174;7617,180943,0.812404;8028,280956,0.918114
15316,7025843;8715,1886673,0.998194;4812,157476,0.868818;4941,240286,0.954343;6819,180251,0.819044;7375,281161,0.920133
15344,7023905;8745,1889926,0.998194;5405,158264,0.870518;4727,241204,0.954236;6889,179022,0.812563;7862,281055,0.918884
15103,7034911;8718,1890326,0.997955;5449,159950,0.872404;5291,243891,0.951235;7381,184212,0.814422;8281,287652,0.918592
14841,7019014;8704,1884834,0.998088;5726,158211,0.871527;5239,237825,0.94927;7673,181046,0.813041;7237,281486,0.917371
14918,7024786;8749,1894017,0.997928;5390,158822,0.87089;5339,242807,0.953466;7279,179876,0.817716;7576,280650,0.916308
15298,7022954;8750,1891995,0.998167;5691,158963,0.874874;5257,240093,0.948871;7461,178858,0.812722;7892,282296,0.913997
15331,7011669;8733,1891667,0.998061;5572,159076,0.869721;5188,242124,0.951341;7376,178775,0.812005;7894,281070,0.919814
15356,7034311;8766,1892647,0.997583;5751,162209,0.871952;5586,246695,0.95591;6888,180824,0.812138;7934,282606,0.922231
15589,7030482;8726,1893161,0.998167;5631,158872,0.869163;5179,242981,0.952165;7594,181729,0.813254;8163,286649,0.919814
15297,7020051;8707,1886784,0.99838;5719,158093,0.87081;5390,237152,0.951315;7670,180559,0.816707;8176,278720,0.918672
15480,7023418;8719,1886339,0.998247;5320,158799,0.869907;4687,242361,0.952058;6822,179917,0.81506;7207,283415,0.91992
16118,7039984;8696,1890136,0.998274;5306,159263,0.871102;4854,244579,0.953413;6973,181207,0.813068;7566,288748,0.918911
15499,7033366;8749,1897488,0.997955;5302,160523,0.867782;4830,242661,0.953732;6950,179964,0.806906;7424,284593,0.916892
15421,7031629;8707,1886317,0.997795;5443,159663,0.87073;4869,240517,0.949057;7083,179673,0.805923;7354,283163,0.916999
15904,7022913;8697,1890547,0.998327;5277,159760,0.873307;4723,242405,0.954077;6930,178442,0.806906;7553,284392,0.920558
15688,7024870;8703,1891545,0.998566;5451,158051,0.872908;5020,241220,0.953094;6783,177826,0.80988;7306,278995,0.917211
15717,7025958;8702,1886679,0.998194;5319,158813,0.86996;4706,241793,0.952377;6887,179943,0.812669;7184,279408,0.916096
15917,7022785;8703,1888252,0.997902;5011,158897,0.871235;4801,244441,0.954529;6969,180410,0.812404;7324,282237,0.916653
15544,7017844;8705,1890451,0.997424;5240,157492,0.870066;4926,244223,0.947782;7002,178369,0.804515;7456,286673,0.918194
15249,7026092;8702,1890994,0.99753;5646,161132,0.871607;4793,245306,0.954927;6976,180039,0.808845;7500,283637,0.918194
15523,7025369;8645,1882930,0.99745;5391,159716,0.868021;5035,243937,0.951501;7063,182382,0.810677;7476,286652,0.921381
15010,7032349;8696,1889958,0.997928;5366,158723,0.868659;4674,244018,0.955166;7050,181955,0.813811;7417,283888,0.917822
14923,7032773;8738,1899047,0.998088;5336,160425,0.868818;4756,244670,0.949827;6950,180319,0.810279;7503,286226,0.918539
14848,7025254;8720,1894464,0.997636;5319,161103,0.870146;4689,244935,0.951554;7171,180607,0.809562;7407,284188,0.913679
14804,7012014;8689,1890833,0.998433;5346,159707,0.870412;4957,241605,0.953307;7320,179320,0.807862;7762,281944,0.917716
14812,7025497;8689,1891173,0.998194;5087,161040,0.870651;4632,244136,0.950332;6998,182440,0.801408;7659,288757,0.921275
14867,7031430;8730,1894318,0.998035;5473,159765,0.872138;4997,241786,0.951368;7132,180940,0.812138;7138,281813,0.917503
14852,7020825;8713,1890960,0.997264;4896,157262,0.869402;4726,240570,0.951527;6875,177486,0.813944;7453,278031,0.916202
15357,7030891;8717,1889826,0.998353;5286,157343,0.869934;5047,241349,0.95336;7180,179470,0.814927;7583,285553,0.917317
15540,7032395;8714,1892371,0.998061;5267,160130,0.870969;4902,247282,0.951474;7276,181310,0.808659;7595,285126,0.915378
15481,7034049;8703,1888980,0.998114;5336,158375,0.867357;5047,243183,0.95429;7071,181061,0.807331;7738,284671,0.916096
15403,7027721;8799,1889668,0.997981;5622,162088,0.871766;5273,243364,0.951527;7058,179696,0.799256;7650,286191,0.917716
15612,7015299;8828,1896124,0.998061;5200,157853,0.872032;4990,241119,0.953838;6897,177584,0.806242;7575,282601,0.919389
15477,7036342;8786,1888541,0.997928;5248,159891,0.869137;4995,245813,0.949535;7122,182219,0.799522;7483,285087,0.917849
15305,7031171;8829,1896384,0.9983;5445,159279,0.867331;4728,244903,0.949216;7252,180277,0.80239;7656,286485,0.920212
14960,7025777;8805,1898151,0.998459;5793,161196,0.870677;4795,244046,0.950784;7177,181300,0.801195;7448,281170,0.91822
14781,7023449;8819,1897028,0.998274;5595,159913,0.869296;5008,242248,0.949641;7291,182868,0.806853;7648,283062,0.915936
15283,7034607;8809,1900809,0.997928;5140,159626,0.868579;5144,247091,0.951846;7048,181312,0.804037;7849,287230,0.91753
14771,7021575;8812,1901253,0.997742;5269,160651,0.867756;5217,245022,0.951341;7167,181875,0.805631;7640,285119,0.921806
15230,7026587;8783,1896931,0.997344;5202,160900,0.865896;5135,245290,0.949137;6934,175359,0.796282;7586,281338,0.919177
15478,7038290;8779,1892743,0.997902;5250,160027,0.872138;5011,243837,0.952191;7415,184318,0.809296;7480,282564,0.918964
15359,7029777;8769,1894967,0.99761;5248,160479,0.870332;4796,244110,0.948526;7218,181950,0.811394;7568,285612,0.92077
15489,7028002;8775,1890531,0.997902;5288,161152,0.869588;5254,245499,0.949987;7094,181030,0.807915;7658,284677,0.916228
15571,7037443;8806,1893449,0.997902;5393,159475,0.867862;4815,244078,0.952351;7126,180267,0.815219;7666,283858,0.917131
15286,7029572;8764,1893557,0.997769;5267,160390,0.869084;4992,242351,0.949668;7193,181949,0.817317;7646,286451,0.915618
15264,7027591;8728,1890544,0.997317;5491,160498,0.866215;4939,244781,0.950438;7294,181484,0.806906;7566,287202,0.912961
15335,7016158;8787,1897281,0.997663;5522,158549,0.863931;4960,244138,0.952483;7126,179506,0.809137;7693,283034,0.918645
15193,7020838;8754,1897020,0.997211;5633,159302,0.868712;5043,241278,0.951873;6888,177563,0.811819;7537,281599,0.918406
14908,7032831;8722,1891229,0.997716;5630,160749,0.869535;4869,245114,0.951633;7032,180156,0.812218;7718,287350,0.91753
14840,7020167;8784,1895824,0.997636;4910,158128,0.866959;5044,241378,0.952669;6914,178840,0.815272;7202,279298,0.920106
15133,7019929;8726,1895055,0.998459;5473,157988,0.870359;4788,242068,0.951474;6997,177850,0.809934;7478,283000,0.920717
15381,7022992;8743,1891577,0.997742;5546,158703,0.867384;4976,242536,0.950571;6984,179194,0.814927;7591,282250,0.919017
15446,7026664;8771,1899464,0.997636;5787,161328,0.867835;4982,243852,0.949349;7119,181477,0.812191;7769,285796,0.918167
15221,7033417;8741,1888687,0.997769;5503,161308,0.865312;5149,246268,0.951023;7223,181864,0.807543;7881,285634,0.917955
15220,7023586;8764,1888775,0.997902;5506,161170,0.873201;4876,243807,0.952085;7094,181541,0.809987;7531,285644,0.918141
15443,7027552;8731,1887808,0.997663;5324,159849,0.871341;5300,243146,0.951607;7119,179239,0.814635;7525,284391,0.920053
15388,7020246;8754,1889819,0.997291;5141,157287,0.866295;5005,241952,0.950996;7014,179089,0.811448;7378,280816,0.915936
15494,7024546;8744,1890985,0.997583;5406,161083,0.868898;5048,243596,0.952058;7088,181553,0.809774;7802,284468,0.912377
15267,7008884;8736,1889048,0.997689;5433,158995,0.869004;4900,241003,0.95174;6995,179745,0.805312;7742,286383,0.9149
15486,7042353;8747,1888704,0.997583;5463,162157,0.868393;4954,245951,0.947729;7325,184028,0.810757;7674,288161,0.912696
15556,7019511;8765,1892648,0.997902;5264,161038,0.867623;4812,241830,0.949588;7132,180443,0.805764;7510,283486,0.91506
15459,7020144;8772,1889691,0.997344;5243,159954,0.86988;4888,244206,0.951129;7155,180984,0.812404;7590,282595,0.915113
15357,7045232;8790,1891726,0.996733;5365,160672,0.870438;4966,245679,0.950996;7240,182858,0.808659;7735,289850,0.916627
15341,7028355;8787,1892773,0.998008;5553,161516,0.866109;5136,244295,0.949137;7140,180556,0.800876;7616,284297,0.910571
16084,7024435;8791,1900274,0.997981;5370,158554,0.864462;5038,242961,0.950093;7187,182914,0.808313;7494,281678,0.908579
15458,7034029;8756,1885731,0.99822;5433,162891,0.866401;4910,246326,0.953732;7208,182415,0.811288;7471,287491,0.915246
15389,7035251;8719,1886373,0.997822;5370,161571,0.866667;5009,247109,0.950996;6926,181126,0.811182;7717,289258,0.91344
15429,7020877;8810,1893817,0.997742;5729,160892,0.862523;4734,240439,0.949057;6842,177986,0.809535;7576,282321,0.913201
15401,7029960;8732,1885209,0.997716;5176,162152,0.871527;4884,244557,0.95166;7051,183075,0.816839;7676,287744,0.918964
15737,7026583;8790,1888248,0.997344;5235,160410,0.868021;4823,246333,0.952829;7121,181281,0.810385;7490,285051,0.919416
15457,7032688;8722,1890002,0.997902;5145,159900,0.868818;4991,243219,0.951421;7134,181948,0.815113;7441,282902,0.915857
15349,7013334;8742,1886346,0.998088;5200,159190,0.865976;5141,241950,0.950252;6973,179110,0.811448;7483,283054,0.913041
15244,7015501;8678,1881544,0.997769;5678,158604,0.867995;5167,242452,0.950173;6719,177334,0.813068;7393,280187,0.913254
15649,7020210;8741,1884998,0.997955;5359,161090,0.873413;4793,241494,0.954714;6870,177773,0.815113;7439,283415,0.915299
15530,7025643;8704,1884240,0.997078;5139,159945,0.871899;4878,244001,0.953599;7003,179002,0.81251;7438,283528,0.9166
14773,7014849;8718,1880468,0.997583;5269,159117,0.869854;4928,243454,0.95575;6899,179898,0.816813;7505,284332,0.918327
15520,7032521;8689,1883621,0.997981;5215,158517,0.870226;5150,243662,0.95251;6909,179703,0.813094;7288,281941,0.912483
15403,7037147;8776,1890616,0.997503;5083,159695,0.870677;4795,244742,0.952749;6887,182962,0.81012;6990,289001,0.913546
15419,7020844;8714,1886883,0.997875;4848,160323,0.870013;4411,241832,0.952643;6554,178505,0.809827;7161,282103,0.913652
15583,7031794;8720,1881428,0.997981;5508,162085,0.865445;4975,246992,0.952988;7075,184437,0.816175;7889,289975,0.916388
14824,7024366;8683,1880303,0.997556;5300,159462,0.870385;5139,240043,0.951926;6883,178085,0.818539;7417,281048,0.918167
15508,7023291;8718,1885653,0.998114;5547,160471,0.871235;5254,242927,0.95174;7151,181840,0.81429;7570,282932,0.917344
15448,7020217;8676,1877113,0.997689;5361,158973,0.874157;5145,240333,0.951394;7116,178311,0.817981;7378,278863,0.91591
15467,7035308;8655,1884630,0.997769;5450,160846,0.868606;4913,247328,0.951155;7334,182114,0.815618;7730,288742,0.917238
14956,7015386;8562,1880945,0.996813;5396,157698,0.874157;5120,241171,0.953413;6921,178337,0.815485;7589,280073,0.914688
15311,7033098;8683,1881816,0.997397;5344,160516,0.873121;5147,246146,0.952112;7191,179638,0.816016;7714,286806,0.917424
15511,7015774;8654,1874955,0.997158;5287,157147,0.870677;5251,239108,0.950571;7076,177907,0.822603;7721,279037,0.917928
15044,7038979;8669,1882858,0.997902;5456,161288,0.872696;5067,242636,0.954104;7258,183260,0.822311;7618,287300,0.921328
15491,7034516;8677,1880258,0.99838;5359,159446,0.877105;5069,243908,0.955325;7076,184773,0.825153;7561,283402,0.917158
15354,7024273;8690,1878125,0.998008;5330,159258,0.875352;4793,240441,0.951554;6925,179930,0.822815;7418,284736,0.923108
15034,7019574;8676,1883315,0.998486;4982,157146,0.871633;4778,237845,0.95413;6432,175996,0.827331;6987,276686,0.918991
14884,7031796;8670,1876910,0.998008;5366,157647,0.876892;4642,238270,0.95166;6581,176125,0.820505;6948,282125,0.921355
15099,7022568;8664,1876630,0.997716;4898,156646,0.873041;4929,237281,0.950757;6559,178534,0.824861;6997,278616,0.921514
15000,7020433;8660,1873743,0.997636;5146,159095,0.874343;4708,240540,0.957371;6579,178372,0.831341;6856,278287,0.92247
15222,7030064;8680,1879992,0.9983;4982,157081,0.873413;4506,238188,0.953413;6387,176797,0.821965;6872,277332,0.919947
15750,7022685;8659,1874649,0.997981;5003,157295,0.868473;4631,239682,0.953466;6478,180540,0.827517;7000,277422,0.919628
15378,7014440;8672,1875275,0.997795;5452,156400,0.880319;4648,237651,0.954529;6555,178003,0.828181;6969,278151,0.919788
15218,7011644;8666,1873853,0.997955;5111,158732,0.880239;4502,239800,0.955405;6253,176637,0.828951;6749,278442,0.918274
15255,7025112;8631,1870124,0.997955;4955,155123,0.875007;4350,236755,0.954236;6342,175903,0.825657;6780,279971,0.9183
15517,7031267;8596,1865926,0.997105;5030,160891,0.879017;4512,242618,0.954343;6499,181043,0.829084;6865,283577,0.921487
15414,7042620;8639,1871434,0.997981;5710,160068,0.874635;4735,244995,0.955697;6558,180082,0.828234;7310,284562,0.918752
15145,7018448;8664,1874299,0.997875;5382,158112,0.873254;4685,239251,0.954449;6579,181271,0.827782;6932,281995,0.921142
14678,7036855;8651,1871981,0.997875;4878,157396,0.871049;4525,240503,0.95575;6274,180280,0.828154;6856,280727,0.917291
14743,7036555;8647,1873908,0.998141;5052,157733,0.87259;4495,239636,0.955352;6378,179361,0.833413;6779,279017,0.919124
15043,7040843;8657,1874948,0.997795;5248,159211,0.874608;4252,240299,0.956866;6319,180528,0.826693;6777,285394,0.920292
15305,7027573;8654,1874036,0.998406;4859,156971,0.878964;4381,238470,0.957211;6181,178103,0.831421;6816,279008,0.924276
15337,7034189;8657,1871896,0.998008;5021,156504,0.871421;4713,239895,0.956202;6575,179507,0.837424;6878,279844,0.921647
14994,7026133;8612,1867070,0.997955;5209,155598,0.874927;4552,235753,0.954529;6382,175978,0.83745;6935,278905,0.927251
14647,7011157;8638,1871000,0.998327;5091,156004,0.880478;4659,235052,0.955113;6378,176529,0.836892;6886,275592,0.925286
14718,7017701;8639,1867270,0.997928;5360,156245,0.881939;4705,233638,0.956228;6756,178170,0.839761;7406,277758,0.924515
14690,7014534;8635,1867904,0.998061;5613,154212,0.875697;4902,236370,0.957556;6646,174721,0.832218;7003,274661,0.924622
14788,7039750;8708,1875790,0.997875;5520,159756,0.884329;4872,241103,0.958884;6931,181680,0.83923;7322,284059,0.925578
15041,7025213;8626,1868086,0.998433;4987,157267,0.882151;4738,238004,0.959522;6672,180289,0.840372;7084,280969,0.927357
15264,7034591;8645,1869107,0.998513;5195,158552,0.882231;4693,237611,0.958858;6576,181545,0.832271;6988,282375,0.922709
14880,7041674;8656,1869144,0.99838;4888,156750,0.881673;4627,239896,0.960239;6530,180923,0.837663;7142,282362,0.922231
14741,7016720;8626,1861006,0.998513;4921,155206,0.881248;4607,232237,0.956999;6429,175817,0.833944;6994,276987,0.92571
14817,7026728;8634,1864708,0.997928;5021,156885,0.885445;4912,236267,0.957742;6549,179215,0.834555;6882,278715,0.925498
14845,7025663;8627,1864372,0.997636;5121,156475,0.887171;4751,238336,0.959044;6556,177646,0.843958;6857,278483,0.922656
15104,7044014;8621,1863173,0.99822;5192,158767,0.884675;4601,239743,0.96;6574,181909,0.846109;7076,284948,0.924117
14887,7032936;8673,1868896,0.998513;5081,157572,0.880398;4779,237188,0.955405;6772,178256,0.843347;7338,280423,0.924648
15194,7038218;8651,1867981,0.998752;5398,159007,0.8834;5039,239844,0.95745;6761,179596,0.845578;7567,280987,0.926375
14741,7037644;8649,1870223,0.998035;5418,156952,0.88077;5254,239298,0.961487;6987,181587,0.847888;7460,281245,0.930173
14832,7017527;8611,1855130,0.997902;5673,153315,0.881673;4926,233807,0.96;6657,177615,0.853015;7201,274355,0.929402
14708,7018347;8619,1859912,0.9983;5180,156170,0.883028;5023,237044,0.958566;6978,179083,0.848074;7288,276851,0.928845
15483,7024994;8619,1858626,0.998539;5227,155389,0.886082;4937,236077,0.961142;6743,175059,0.843745;7180,276954,0.926454
15380,7028434;8628,1858189,0.998141;5338,156659,0.888765;4803,235656,0.962019;6588,177226,0.853758;7101,274338,0.92988
15496,7043675;8590,1857510,0.998486;5416,159664,0.892722;4994,238286,0.959867;6817,180084,0.858114;7378,280697,0.932058
15419,7045514;8582,1857310,0.998406;5361,156679,0.882125;5229,241003,0.959495;6726,178739,0.854024;7590,281288,0.926693
15447,7019013;8612,1858006,0.99822;5319,155571,0.888021;4926,234985,0.961541;6718,175279,0.854449;7035,276268,0.929641
15453,7020051;8604,1857707,0.998539;5334,154239,0.885126;4884,233230,0.961036;6751,176530,0.849934;7410,276774,0.927915
15389,7029982;8633,1855641,0.998141;5623,158320,0.889774;5272,235447,0.95915;6910,179019,0.852882;7484,279851,0.928977
15421,7037655;8609,1855862,0.998513;5469,154938,0.884329;4931,235613,0.961142;7063,178614,0.852457;7368,278479,0.931501
15466,7024862;8619,1852398,0.99822;5951,156446,0.888393;5028,237122,0.962762;7002,178315,0.855246;7409,278329,0.931501
15423,7018352;8594,1853682,0.998141;5726,156857,0.887942;4999,233190,0.961036;6969,177677,0.855033;7523,280705,0.933254
15442,7035694;8635,1856190,0.998539;5641,157776,0.889748;5076,237576,0.960637;6984,181322,0.857477;7541,278864,0.930916
15510,7039392;8584,1851722,0.998513;5604,157967,0.893147;5109,236210,0.960053;6967,178622,0.853201;7714,280595,0.928659
15434,7023163;8551,1848809,0.998858;5544,154543,0.886375;4934,233073,0.961275;6829,177408,0.850465;7261,275496,0.93174
15397,7005643;8610,1857107,0.998752;5439,151686,0.889031;5255,229209,0.961487;6428,176320,0.855777;6793,268187,0.930252
15435,7032161;8576,1849935,0.99838;5192,155407,0.893625;4871,234173,0.960717;6778,178337,0.860106;7078,278308,0.931155
15583,7020578;8592,1851701,0.998194;5607,156108,0.892032;4744,236203,0.962125;6606,178608,0.85753;7194,279530,0.930491
15409,7023310;8599,1852007,0.998194;5366,155594,0.88919;4459,235655,0.961886;6589,177978,0.862922;6973,276039,0.934608
15437,7032696;8590,1850282,0.998141;5362,155077,0.894183;4647,232652,0.963081;6297,175921,0.861461;7211,277504,0.932935
15397,7020271;8536,1843086,0.997928;5568,155274,0.887942;4647,230964,0.963878;6553,177562,0.863506;6994,273793,0.931182
15354,7029807;8560,1850701,0.998008;5430,157174,0.887092;5073,236186,0.959655;6489,179171,0.859124;6960,277667,0.93158
15556,7036694;8546,1842825,0.998247;5271,156789,0.892908;5097,234163,0.964382;6667,181840,0.867676;7104,279145,0.932218
15456,7021155;8547,1848119,0.9983;5338,154035,0.890518;4814,232668,0.965286;6363,176747,0.864914;7001,273116,0.932696
15369,7024310;8593,1850909,0.998725;5467,155688,0.893493;5019,231867,0.96239;6393,176197,0.863001;6980,277610,0.930544
15492,7034538;8610,1852863,0.998725;5352,156031,0.891208;4668,235677,0.962815;6452,179200,0.869668;7023,281989,0.933493
15558,7022860;8601,1847369,0.997902;5745,154697,0.890677;5026,232988,0.962948;6317,178223,0.866029;6856,275219,0.93243
15395,7018934;8573,1841049,0.998592;5200,154212,0.890863;4871,232588,0.96247;6320,177221,0.865073;6847,274043,0.932351
15314,7025108;8569,1845642,0.998831;5124,155187,0.895936;4746,232231,0.963187;6531,180763,0.872537;6902,275457,0.935644
15375,7028621;8590,1843200,0.997902;4799,153164,0.888127;4586,230003,0.961753;6400,176489,0.868579;6888,273607,0.933732
15102,7017298;8538,1840473,0.998459;4954,153127,0.885206;4752,230693,0.961222;6743,176882,0.865232;7334,272686,0.933254
15365,7017827;8589,1849634,0.998752;5472,153868,0.89498;5066,230627,0.96332;6811,177295,0.871102;7221,271486,0.931341
15387,7023830;8555,1839989,0.998566;5363,153439,0.890465;4862,229722,0.961939;6868,176809,0.866321;7255,273633,0.931315
15292,7014506;8591,1843302,0.99838;5523,150996,0.893997;5170,228400,0.960505;6751,175985,0.865365;7225,272879,0.932457
15357,7024912;8516,1832365,0.998539;5193,153628,0.895989;4771,231802,0.964356;6702,178399,0.86826;7232,276341,0.933121
15591,7022391;8263,1837321,0.997742;5316,153419,0.898353;4804,230997,0.964117;6801,176462,0.870863;7194,277027,0.935246
14724,7016170;8595,1841350,0.998353;5758,151828,0.896149;5047,228936,0.961753;6965,177437,0.867968;7404,275678,0.936042
14749,7024230;8268,1839524,0.997795;5453,152950,0.891023;4689,232551,0.964648;6257,175690,0.869243;6937,275072,0.932935
14856,7030935;8368,1835882,0.998619;5347,155902,0.894396;4844,233922,0.966215;6521,180019,0.873811;6980,278018,0.935511
14884,7031762;8016,1848965,0.998566;5512,155370,0.890651;4557,231883,0.964382;6613,178046,0.868074;7208,278411,0.936866
14883,7022771;7880,1843704,0.998778;5438,153320,0.893519;5037,229543,0.964489;6733,178109,0.873493;6897,271193,0.935857
14733,7002418;8347,1848633,0.998406;5471,153575,0.898672;4688,228407,0.966746;6477,176037,0.879841;7114,270132,0.935405
14813,7025087;7962,1848847,0.998619;5790,154585,0.89923;4913,233861,0.966003;6633,177092,0.879602;7144,274232,0.938645
14783,7021878;8004,1841718,0.998619;5653,155155,0.897158;4691,231954,0.964622;6724,179665,0.879309;7162,277465,0.936069
14817,7034149;8480,1842196,0.998991;5684,156416,0.889535;5659,237376,0.964675;6888,180465,0.872855;7504,276106,0.934449
14934,7018313;8188,1845332,0.9983;5425,153382,0.893758;4846,230798,0.962789;6916,176233,0.871315;7394,273897,0.932988
14858,7029544;8539,1844963,0.998566;5702,154661,0.88834;5269,233539,0.963904;7076,177736,0.874927;7510,278750,0.935618
14754,7035303;8482,1841380,0.998167;5802,155470,0.896361;5157,233783,0.967171;7102,179712,0.877902;7507,273738,0.936414
14644,7005887;8462,1840047,0.998459;6247,152705,0.895086;5119,229136,0.96494;6848,175298,0.873758;7282,271088,0.934954
14666,7019742;8497,1845230,0.998619;5635,155943,0.896467;5157,233596,0.962975;7111,178286,0.881514;7529,275244,0.936255
14673,7023057;8507,1846966,0.998566;5590,152793,0.891633;5095,230495,0.964914;7127,176848,0.88324;7646,274838,0.935325
14980,7030517;7649,1843866,0.998831;5781,157121,0.900797;5266,231700,0.962975;6997,177709,0.876414;7571,280451,0.937052
15286,7054079;7620,1838598,0.998911;6089,157565,0.896866;5286,237783,0.966401;7435,182835,0.881301;8004,283479,0.940212
15309,7025359;7679,1837953,0.998858;5639,154706,0.894794;5403,232568,0.965976;7623,178055,0.880983;7892,276089,0.936282
14831,7025808;7696,1835491,0.998592;5711,156268,0.901062;5137,233188,0.967703;7309,179586,0.874263;7595,277470,0.93838
14705,7024911;7710,1838008,0.998805;5477,153980,0.895432;5081,230282,0.966773;7013,177382,0.87174;7440,274758,0.934954
14625,7028659;7777,1836109,0.998513;5959,155403,0.897663;5381,231311,0.966959;6986,179369,0.874874;7584,278273,0.936999
14707,7033857;8372,1833734,0.998725;6036,157358,0.900744;5114,234819,0.965073;7202,178474,0.872882;7182,281745,0.936282
14854,7026992;8347,1837111,0.998645;5290,155172,0.892722;4975,234189,0.964967;7039,179331,0.876149;7509,279307,0.94093
14629,7041209;8150,1837662,0.998592;5432,155124,0.896096;5315,232722,0.964197;7024,179622,0.878114;7524,277363,0.938539
14629,7021786;8378,1840443,0.998699;5537,155058,0.89761;4905,230965,0.96417;6751,176528,0.874157;6993,274771,0.936308
14706,7035639;7998,1843285,0.998406;5580,157157,0.900319;4914,234581,0.96579;6968,180570,0.88008;7245,274089,0.936069
14750,7036999;8206,1838718,0.99838;5430,154728,0.896202;5015,234266,0.965604;7043,181058,0.881567;7637,278708,0.937185
14967,7030765;7907,1836600,0.998539;5425,155518,0.899363;4941,235105,0.965471;6726,177660,0.877556;7226,275410,0.934768
14923,7021503;8147,1838211,0.998911;5802,154596,0.89012;5238,231723,0.965206;6601,177938,0.877264;7390,275100,0.936308
14836,7026369;7788,1832475,0.998061;5717,155235,0.899416;5021,232212,0.964914;7335,179451,0.871182;7700,276161,0.936122
14759,7020433;8535,1840712,0.998805;5805,155253,0.895113;5304,234065,0.968313;7037,176489,0.873147;7384,272132,0.934502
14878,7008940;7841,1837894,0.998619;6196,153532,0.898141;5279,229030,0.965923;7196,175526,0.87575;7302,273691,0.936999
14955,7020648;8476,1835042,0.999017;5469,153791,0.895113;4780,231274,0.964781;6639,178596,0.87328;7097,275093,0.932802
14652,7025133;8420,1835829,0.998725;5559,156002,0.898459;5006,228592,0.964754;6644,177170,0.87166;7123,271407,0.931793
14847,7008534;8117,1838373,0.998699;5531,153211,0.894927;5141,229192,0.967278;6531,175028,0.868021;7119,273274,0.934475
15287,7033374;7724,1841022,0.998884;5608,153992,0.896813;4981,232909,0.966162;6753,178399,0.870863;6843,275453,0.937158
15276,7033126;7709,1834659,0.998592;5118,152389,0.895538;4933,231186,0.964568;6498,177199,0.872218;6948,275484,0.938513
14984,7030438;8161,1841975,0.998991;5478,153297,0.894794;5098,232614,0.964303;6445,177711,0.871262;6937,273365,0.93413
14677,7020395;7840,1837890,0.99838;5203,153415,0.891235;4722,231031,0.963134;6480,180105,0.869535;6860,275950,0.935724
14719,7036091;7902,1842555,0.998539;5426,156404,0.896149;4724,236172,0.965232;6470,179733,0.873068;7175,278012,0.938194
15129,7012682;7814,1838045,0.998327;5658,153098,0.893546;4784,228555,0.965339;6359,174871,0.873307;6641,269276,0.939336
14790,7021434;8252,1832158,0.998566;5465,154192,0.890916;4637,232670,0.962842;6139,177476,0.875511;6717,273974,0.937105
15152,7009456;8523,1831751,0.998167;5030,153961,0.897716;4537,228451,0.966906;6180,175881,0.874821;6646,271996,0.935352
16394,7022629;8561,1837724,0.998566;5175,154098,0.901753;4893,233374,0.967437;6416,177271,0.87413;7092,273146,0.936282
15099,7013178;8478,1833517,0.998433;5445,153862,0.896733;4976,230418,0.965525;6773,178517,0.875033;6982,272963,0.9366
15332,7027382;8516,1839297,0.998566;5630,152181,0.897211;4932,230232,0.966428;6467,176255,0.878964;6798,270095,0.937556
15251,7018919;8470,1825335,0.998858;5551,154434,0.897371;4849,231234,0.965551;6682,177438,0.881886;6298,276251,0.939841
15259,7008706;8497,1827304,0.998327;4951,153659,0.897875;4597,228065,0.966879;6017,174172,0.881939;6899,269173,0.938592
15394,7043836;8521,1829947,0.997636;5140,155225,0.900823;4709,230881,0.967092;6505,177551,0.877849;7109,274268,0.937849
15227,7026168;8532,1835484,0.998672;5862,152667,0.895352;5112,229797,0.96324;6512,175387,0.872776;6977,267701,0.932696
15188,7009130;8178,1835412,0.998831;5497,150470,0.892138;4793,227939,0.965657;6559,176031,0.875325;6962,268691,0.936733
15165,7010490;8513,1836973,0.9983;5515,154282,0.896255;4864,231519,0.966481;6600,177533,0.875458;7077,270975,0.936892
15079,7011481;8498,1835401,0.998566;5788,153974,0.898194;5395,231209,0.965206;6589,174936,0.878008;7142,269466,0.934874
15326,7033236;8487,1829777,0.99838;5384,155628,0.897981;4884,233288,0.963533;6747,176796,0.868792;7091,275840,0.936361
15211,7028003;7900,1844474,0.998167;5802,154793,0.893865;5119,232980,0.966029;6541,177468,0.873068;6949,273505,0.940584
15220,7012014;7724,1836613,0.998194;5403,152448,0.898884;4712,225411,0.966162;6213,174531,0.876653;6704,269549,0.937025
15078,7004268;7765,1844946,0.998433;5114,152241,0.891129;5028,226505,0.96324;6191,173933,0.873652;6551,269785,0.93429
15279,7032050;8062,1835776,0.998353;5247,153446,0.89915;4398,230372,0.964701;6002,176789,0.878274;6704,275080,0.9366
15512,7000806;8490,1837931,0.998513;5124,149779,0.893652;4851,224534,0.96417;6043,171594,0.874104;6281,267546,0.936335
15147,7023506;8464,1833303,0.99838;5452,154379,0.894104;4611,232052,0.963904;6255,177739,0.864834;6652,272882,0.935325
15561,7008692;8502,1833493,0.998353;5252,152521,0.895644;4464,226092,0.963718;5882,172521,0.868207;6316,267564,0.935007
15210,7004963;8487,1833324,0.998114;5045,150190,0.89328;4331,224063,0.961673;5674,171354,0.864781;6272,266400,0.934688
15313,6995229;8478,1832696,0.998911;4699,152302,0.896946;4519,228828,0.964356;5962,174218,0.873572;6524,268213,0.936733
15496,7009531;8502,1833908,0.998327;5044,152836,0.897185;4455,228801,0.964781;6051,176074,0.872297;6390,270790,0.933625
15452,7020714;8501,1836405,0.998008;4837,152860,0.897317;4824,227404,0.964462;5955,175298,0.867835;6151,268374,0.936521
14571,6997727;8458,1836699,0.998725;4915,152834,0.89753;4081,229442,0.964197;5415,170594,0.868234;5901,267303,0.933174
15237,7011524;8481,1841378,0.997875;4063,151283,0.895803;3827,227611,0.962523;5058,173508,0.872563;5431,267363,0.935618
15558,7001511;8517,1841727,0.997981;4265,153642,0.899256;3861,229246,0.962603;4859,173338,0.869641;5306,269422,0.934236
15632,7012861;8490,1838610,0.998274;4486,153725,0.90162;3929,231488,0.963214;5370,177264,0.870465;5948,272248,0.931262
15214,7008933;8369,1833380,0.99822;4577,151144,0.891952;4064,229206,0.964542;5525,173681,0.868977;5935,270503,0.937291
15022,7003165;8558,1834683,0.998167;4702,151336,0.890943;3856,224527,0.964303;5187,171615,0.864436;5316,264802,0.934794
14879,7003864;8487,1840374,0.998459;4083,153402,0.89089;3616,229407,0.964914;5164,177568,0.869774;5662,269490,0.939761
14743,6988337;8523,1843335,0.997928;4030,151593,0.892616;3783,226246,0.963426;5096,170897,0.862683;5874,267601,0.937158
15270,6996811;8537,1844040,0.998353;4882,150704,0.891262;4402,227341,0.96255;5761,172498,0.865604;5985,267128,0.934794
15032,6985434;8552,1847401,0.99838;4745,152335,0.893572;4139,227849,0.963001;5310,169584,0.857742;5380,265204,0.935803
15262,6998523;8552,1841874,0.997689;4126,153951,0.891102;3573,230583,0.962736;4629,174549,0.857928;5037,269417,0.935246
15694,6987633;8439,1834034,0.997477;4269,151985,0.890013;4011,230008,0.96077;4737,173191,0.859336;5318,267630,0.930252
15448,6996496;8495,1840491,0.99838;4095,153538,0.885126;3534,231425,0.962576;4751,172002,0.859734;5506,270266,0.930943
15224,7007302;8067,1844395,0.99822;4062,153239,0.887649;3776,231872,0.963586;5295,175872,0.861434;5684,270285,0.934369
15236,6985068;8516,1841273,0.998194;4416,152068,0.895246;3727,227223,0.964382;4966,172605,0.861992;5255,265790,0.933015
15233,6976265;8542,1842977,0.998433;4477,151985,0.885843;3684,229090,0.963373;4852,173043,0.862205;5318,271635,0.9383
15195,6973428;8572,1844810,0.998247;3977,152783,0.890757;3451,226402,0.961992;4572,172438,0.861434;3677,264190,0.934449
14786,6964703;8571,1837680,0.998406;2778,150628,0.890757;2170,225622,0.965232;2705,170737,0.864728;3022,263072,0.937822
15215,7005725;8545,1843990,0.998513;2303,151258,0.890013;1947,229374,0.964143;2524,171486,0.862709;2868,266668,0.935803
15150,6961698;8601,1844111,0.998274;2274,151608,0.886189;1883,229979,0.962603;2555,173297,0.861514;2854,266908,0.934768
15467,6977651;8475,1836726,0.998619;2396,151236,0.89405;1884,224062,0.963639;2476,169289,0.861806;2834,266483,0.937503
15174,6974594;7693,1842472,0.99838;2370,152114,0.886773;1860,228503,0.962842;2550,172234,0.860159;2806,263160,0.930863
15223,6961441;7961,1833972,0.998513;2347,151552,0.887224;1895,228027,0.961673;2544,171285,0.864197;2801,260700,0.929216
15312,6970149;7750,1836216,0.998327;2352,150060,0.883718;1868,224698,0.96239;2474,168155,0.858831;2848,264267,0.929562
15364,6987382;7838,1843780,0.998619;2381,148797,0.89328;1860,225803,0.964117;2479,168526,0.857211;2804,261207,0.933838
14860,6983288;8031,1843147,0.998141;2425,150928,0.891155;1885,225727,0.960478;2512,168882,0.859469;2858,265311,0.936202
14962,6951853;8487,1846309,0.997902;2332,152413,0.88664;1889,228884,0.961248;2522,170812,0.860983;2849,263514,0.93328
15235,6956393;8503,1842967,0.998459;2442,149891,0.889588;1865,223389,0.963347;2476,168242,0.857689;2803,260556,0.931607
15233,6952194;7866,1843654,0.998831;2312,149719,0.89004;1818,222759,0.963134;2515,169626,0.859363;2827,262017,0.936228
15088,6959532;7745,1845923,0.998141;2363,150317,0.88842;1879,224264,0.962178;2456,168652,0.864489;2697,258094,0.938353
14840,6946681;7611,1838955,0.998141;2334,149016,0.893307;1842,223872,0.962736;2406,166733,0.867596;2714,259269,0.937795
14793,6967558;7637,1836448,0.998539;2216,148209,0.894343;1839,221540,0.964861;2367,165671,0.858406;2693,258450,0.939336
15320,6952020;7647,1841137,0.998831;2229,147179,0.890624;1753,218198,0.961965;2393,166854,0.863533;2667,255323,0.937795
15251,6952423;8034,1833316,0.998247;2250,146748,0.892935;1799,217245,0.963559;2385,166125,0.870385;2676,253964,0.936042
15823,6916596;8506,1832632,0.998327;2204,145416,0.895033;1764,215999,0.962444;2309,161228,0.866614;2651,251614,0.938141
15728,6916013;8525,1834040,0.998539;2242,143502,0.890173;1808,214145,0.961301;2349,162274,0.861062;2615,247221,0.93907
15751,6901691;8555,1834797,0.998938;2248,144466,0.890412;1803,216264,0.962497;2349,162502,0.858725;2682,253370,0.939495
15499,6889022;8552,1837758,0.998672;2375,144868,0.887596;1798,215284,0.962231;2365,162689,0.859336;2662,250507,0.935936
15554,6910047;8581,1841351,0.99838;2179,144346,0.887118;1807,213237,0.960292;2356,161760,0.854077;2626,247340,0.935485
15861,6900338;8363,1841777,0.998114;2218,146072,0.888579;1798,216722,0.961036;2330,160198,0.854077;2651,248797,0.936149
15755,6919409;7708,1834500,0.998406;2211,144347,0.889376;1741,214772,0.962098;2313,159342,0.848021;2605,247435,0.936733
15612,6905836;7699,1839782,0.998486;2331,146749,0.89174;1757,216477,0.962072;2373,162852,0.841567;2715,251945,0.934475
15455,6842325;7724,1843621,0.998539;2301,141492,0.889509;1798,212623,0.963426;2348,159267,0.849827;2623,243307,0.934263
15810,6868619;7727,1844879,0.997716;2270,142422,0.885498;1783,210253,0.963161;2311,157935,0.849402;2646,245744,0.935325
15142,6846943;7785,1842675,0.99822;2229,141496,0.887092;1768,213184,0.963665;2316,157384,0.85004;2607,242397,0.935803
15372,6894251;7686,1842057,0.998486;2254,142101,0.888526;1743,209620,0.963904;2287,158151,0.85081;2558,242479,0.934741
15111,6891872;7712,1838190,0.99838;2230,141443,0.883586;1728,210091,0.959256;2296,158231,0.848021;2598,245653,0.937742
15391,6825972;7771,1844794,0.99822;2110,138981,0.885392;1666,206504,0.961408;2221,155679,0.853865;2529,239844,0.936839
15506,6811386;7712,1841350,0.998433;2132,139673,0.890996;1756,207220,0.96587;2217,153099,0.854555;2500,235187,0.933785
15472,6825004;7797,1840269,0.998566;2328,137430,0.888845;1696,202411,0.958592;2183,151868,0.850518;2510,235220,0.93251
14900,6770792;7951,1848850,0.998327;2183,134658,0.883612;1724,202105,0.959628;2135,149922,0.845259;2426,230634,0.933254
14853,6784545;7816,1850882,0.998194;2094,134840,0.88672;1632,200467,0.960452;2129,150107,0.845073;2378,229314,0.931394
14890,6829841;7855,1846641,0.998327;2114,137851,0.891182;1682,203397,0.959788;2121,149763,0.843293;2432,232937,0.93328
14787,6702184;7794,1847912,0.99838;2144,134982,0.889615;1719,199278,0.964356;2130,147415,0.844223;2384,223713,0.934422
14948,6726152;7740,1844499,0.998699;2097,133150,0.893918;1700,198052,0.96332;2155,148215,0.843506;2382,224235,0.931448
15980,6713479;7713,1849514,0.998247;2038,131320,0.887968;1647,196707,0.962019;2061,144416,0.838884;2333,221914,0.928898
16206,6751292;7674,1846445,0.997981;2037,131135,0.890996;1596,194729,0.963958;2000,142900,0.840691;2331,224799,0.934449
15266,6650492;7649,1844401,0.998141;2017,131512,0.890943;1646,195052,0.964728;2002,142631,0.838619;2240,216592,0.935325
15564,6634735;7649,1841829,0.997849;2371,132931,0.886799;1717,195349,0.961992;2017,143479,0.843001;2307,221939,0.933758
14986,6627038;7663,1845009,0.997981;1974,129172,0.883772;1620,191129,0.963134;1958,139950,0.842815;2245,216693,0.934024
14668,6637523;7687,1850415,0.998327;1984,131096,0.888898;1611,192649,0.961301;2050,144284,0.840797;2223,215036,0.930066
14682,6563069;7714,1852003,0.997742;2035,127342,0.886454;1561,186558,0.961992;1929,137573,0.840823;2157,208796,0.930385
14846,6580857;7690,1848837,0.997928;2051,127257,0.886321;1524,185558,0.96332;1894,136431,0.843293;2148,208404,0.932855
14311,6532333;7700,1849817,0.997822;2043,125130,0.892988;1544,183367,0.964011;1890,135863,0.841434;2117,205457,0.931076
14024,6488316;7702,1854731,0.997317;1903,122834,0.88919;1468,178826,0.962815;1857,132724,0.835458;2099,204027,0.931979
14193,6524881;7705,1859789,0.997636;1864,123469,0.888765;1524,182199,0.965232;1839,132741,0.832218;2055,200739,0.932377
14378,6449859;7720,1855620,0.997689;1874,121942,0.892218;1522,177066,0.96425;1804,130396,0.828234;2029,198164,0.926985
14171,6339176;7717,1854303,0.997795;1818,118479,0.88927;1515,175065,0.963665;1736,125631,0.818911;1973,192523,0.92656
13616,6368835;7978,1855155,0.997955;1933,117596,0.888181;1433,173114,0.96425;1728,125639,0.818619;1964,190738,0.928977
13920,6270567;8074,1852169,0.997822;1807,115295,0.885179;1470,169713,0.963745;1715,123160,0.81575;1944,186786,0.928924
14100,6223984;7813,1854113,0.99745;1802,115590,0.886268;1415,166847,0.962656;1668,119913,0.807145;1921,184664,0.926773
14045,6285373;7912,1857845,0.99668;1828,113236,0.890385;1392,165365,0.96595;1686,121872,0.818592;1889,181533,0.927543
13998,6321295;8554,1861001,0.997636;1768,110967,0.884568;1408,163039,0.966295;1758,116986,0.813891;1826,176212,0.928313
13943,6192016;8540,1853388,0.997955;1826,111345,0.893944;1449,159578,0.967065;1585,117421,0.820956;1769,173979,0.930624
13968,6182413;8552,1854603,0.997503;1763,108485,0.894714;1416,156958,0.96741;1681,113838,0.817503;1714,170255,0.931315
13814,6148653;8525,1852269,0.997556;1723,107795,0.890226;1289,154219,0.965737;1590,111745,0.810279;1686,167180,0.92757
13194,5864419;8572,1850877,0.997583;1713,102204,0.893705;1239,146872,0.964701;1398,106635,0.809854;1566,159411,0.927862
13118,5875198;8611,1843965,0.997185;1526,100863,0.892749;1249,145094,0.964037;1473,104461,0.81413;1534,157009,0.930359
13031,5836057;8616,1850290,0.997078;1587,100877,0.88842;1202,143192,0.965046;1458,101964,0.818699;1493,153032,0.928659
12860,5751132;8599,1848664,0.997795;1593,98911,0.89243;1267,142296,0.967331;1449,101333,0.814608;1462,149183,0.927092
13062,5811891;8610,1848132,0.997264;1464,95834,0.894555;1217,136820,0.966428;1341,98148,0.810332;1398,144841,0.927835
12883,5760250;8583,1843353,0.996255;1582,94639,0.89591;1242,134853,0.963347;1338,97212,0.809987;1396,144598,0.927649
12639,5699568;8518,1845002,0.997663;1551,93126,0.899788;1178,133719,0.967703;1248,93351,0.808579;1301,138034,0.927065
12432,5580831;8517,1841526,0.996999;1472,90215,0.894821;1151,125735,0.967888;1184,89639,0.809137;1259,134721,0.928579
12948,5789604;8583,1842764,0.997105;1355,85846,0.899894;1104,119779,0.965923;1087,85034,0.805126;1159,126413,0.92927
11670,5273882;8590,1848110,0.996202;1273,80522,0.89761;1085,112378,0.965764;1032,78860,0.798486;1076,119398,0.927278
12526,5577535;8553,1838481,0.997131;1238,76500,0.900292;1050,109303,0.965896;1005,77927,0.801062;1034,115508,0.928579
11809,5306702;8583,1838234,0.996653;1248,73125,0.89915;964,102962,0.964409;957,73590,0.799841;987,110991,0.926773
11426,5097933;8547,1845712,0.997371;1173,70205,0.898619;947,99411,0.965737;912,71026,0.788021;926,105425,0.921116
12163,5303601;8531,1846490,0.995352;1127,66169,0.898114;1003,94632,0.963692;850,66734,0.778513;897,102649,0.918566
11014,4940075;8550,1849982,0.995352;959,57676,0.896361;875,81872,0.963772;735,58489,0.7834;781,90707,0.915325
11019,5021018;7894,1855981,0.996042;960,52764,0.894343;905,75400,0.959894;612,54542,0.775246;717,84978,0.914502
10068,4516997;7764,1846307,0.995644;913,45286,0.894183;776,65717,0.962258;514,46696,0.771687;592,71755,0.91073
9772,4406357;7855,1859030,0.996733;866,40290,0.900106;718,59045,0.965764;472,40984,0.77012;544,66208,0.906029
8338,3792603;8343,1857267,0.995618;763,31827,0.902815;628,47236,0.965498;372,33550,0.770704;400,51145,0.907623
7432,3059455;8624,1857984,0.995618;735,26821,0.897424;636,38904,0.964303;301,27204,0.765259;336,43259,0.908685
7621,3339580;8599,1862151,0.996441;696,24336,0.902364;586,38186,0.965551;292,26831,0.765896;348,45000,0.908792
5885,2694015;8585,1858596,0.995936;712,21990,0.904462;554,30601,0.965418;217,20756,0.769296;251,33563,0.911235
5309,2441809;8573,1866304,0.99583;596,18214,0.90077;502,27133,0.965445;208,20072,0.764914;235,31361,0.91012
4523,2056930;8561,1870556,0.995883;690,15616,0.902948;565,25041,0.96502;155,15313,0.758645;192,25829,0.910784
4780,2200941;8355,1864411,0.996228;541,14652,0.903665;392,22147,0.963984;135,13457,0.757716;180,24582,0.910093
3712,1708734;7712,1862475,0.99583;545,11427,0.904037;443,16888,0.965179;108,11122,0.757397;135,18723,0.910518
2814,1342620;7711,1871699,0.99668;546,8914,0.904143;469,13427,0.96502;84,8574,0.758619;110,15516,0.911023
2364,1041165;8381,1878235,0.996467;501,6556,0.905259;378,9912,0.965764;72,7302,0.758778;85,11949,0.91081
1895,894390;8495,1868595,0.995458;667,5827,0.905312;327,8317,0.966693;48,5335,0.758459;62,8859,0.910916
1566,731766;8517,1872917,0.995883;458,4737,0.906321;324,7393,0.967039;53,5505,0.759416;72,9720,0.911633
1849,724505;8528,1880561,0.995671;481,4317,0.905232;289,6517,0.967039;40,4299,0.761381;56,7854,0.911607
1194,548867;8505,1875538,0.99498;441,3097,0.907437;319,4811,0.967012;36,3683,0.762205;38,5190,0.912563
755,352497;8517,1875623,0.99591;329,2071,0.907517;321,3339,0.966162;24,2359,0.762125;27,3696,0.912297
471,208971;8524,1871151,0.994688;438,1527,0.906746;255,1911,0.967065;16,1739,0.762284;17,2415,0.912351
425,153306;8521,1875482,0.99575;329,1015,0.906879;283,1614,0.967357;11,1124,0.762019;13,1741,0.912537
397,171866;8528,1871290,0.995857;326,1295,0.906879;268,1741,0.966826;11,994,0.762098;17,2272,0.912377
368,171833;8563,1884525,0.996255;377,1552,0.907331;248,1791,0.967145;10,824,0.762444;17,2301,0.913811
542,223626;8531,1877066,0.995299;276,1153,0.907171;207,1459,0.967171;12,1145,0.762683;13,1646,0.913785
270,119732;8517,1872229,0.995564;234,711,0.907384;254,1204,0.967331;9,654,0.762603;9,906,0.913971
184,86162;8513,1873777,0.995139;379,427,0.907543;228,740,0.967517;5,268,0.762709;6,552,0.914104
72,30043;8603,1878434,0.994608;295,293,0.907649;275,498,0.96757;5,278,0.762098;5,406,0.914077
173,78692;8611,1877543,0.995671;258,452,0.907649;199,614,0.96749;4,148,0.762258;5,414,0.914183
