9082,7085730;1686,622502,0.952191;2757,790580,0.842019;3001,856534,0.936467;3332,802506,0.811102;3228,804211,0.914635
9172,7088069;2781,618387,0.954157;2301,356530,0.839363;2265,429412,0.911501;2441,374345,0.7549;2620,393107,0.832297
9170,7088063;2770,620663,0.957716;2567,364695,0.846428;2556,435584,0.918513;2521,375229,0.775724;2768,404063,0.868367
9207,7088788;2765,619117,0.967915;2827,370960,0.838406;2712,443515,0.924568;2818,380334,0.780027;2779,407540,0.864382
9197,7088708;2694,614824,0.959203;3884,369578,0.833732;3621,447444,0.933386;3803,390065,0.787888;3455,422276,0.884728
9164,7088902;2535,619388,0.956494;3065,377924,0.841594;2763,447392,0.919256;2837,385784,0.787835;2921,423869,0.884834
9224,7089884;1807,622146,0.956388;3195,395756,0.839309;2932,467203,0.927915;2867,404298,0.799309;3501,435917,0.889721
9235,7089566;1748,615815,0.962497;4250,395692,0.835432;4401,475220,0.927809;4024,408582,0.803506;3536,439882,0.883931
9303,7089483;2814,626319,0.961965;3175,404750,0.844143;2788,475883,0.921487;2880,409798,0.787092;3019,444719,0.891633
9278,7090165;2746,625519,0.964462;3116,411046,0.829482;2958,494521,0.932537;3022,424816,0.79591;3030,464261,0.903214
9211,7088561;1784,624615,0.960797;3145,402807,0.836228;2993,489279,0.926693;2989,428066,0.813015;3039,460773,0.913625
9278,7088189;1991,631498,0.961965;3410,414196,0.832032;2967,500437,0.933599;3039,432544,0.812802;3099,468905,0.901142
9287,7089553;1922,633917,0.966428;3336,427549,0.839097;3009,502443,0.93328;3115,444876,0.813227;3115,472049,0.909535
9214,7089525;2147,630081,0.964356;3220,432601,0.84239;3663,507455,0.929349;4415,453100,0.827676;4412,484205,0.91336
9164,7089776;2806,632632,0.960744;4535,445908,0.836919;4166,518170,0.934927;4276,458193,0.810412;4329,497339,0.908313
9163,7090123;2791,634918,0.969084;4311,450115,0.833147;4256,527256,0.930412;4330,464797,0.81583;4424,498811,0.910916
9218,7090691;2824,636947,0.959734;4481,455747,0.821195;4149,536552,0.922869;3246,473819,0.793519;3332,513104,0.911129
9221,7089136;2769,634680,0.959256;3359,448496,0.821726;3217,529200,0.921009;3253,468516,0.80664;3345,514483,0.916707
9224,7090669;2788,633253,0.954741;3739,464954,0.816096;4330,540184,0.916016;3958,474808,0.800478;3384,517484,0.908792
9261,7091403;1821,638667,0.95336;3207,463832,0.812005;3576,541333,0.913838;3222,475493,0.787198;3362,516238,0.898699
9301,7091124;1827,638353,0.955644;3119,461607,0.800319;3176,548846,0.916388;3257,474309,0.777689;4146,528484,0.903798
9263,7091156;2694,638215,0.958406;4192,460482,0.796335;3192,545266,0.919947;3364,477517,0.780717;3448,520973,0.901248
9228,7091101;2110,635686,0.957238;3265,461088,0.806162;3178,544195,0.912616;3381,475510,0.769137;3517,525271,0.908685
9270,7091551;1854,637833,0.954635;3215,462103,0.791926;3153,546447,0.908632;3407,479815,0.774768;3581,526804,0.903373
9279,7089389;2796,637538,0.947942;3247,461502,0.79915;3183,538537,0.907942;3488,477794,0.772058;3626,526754,0.903745
9242,7090003;2798,636098,0.953519;3245,457356,0.802019;3236,542222,0.909748;3403,466617,0.770465;3561,522760,0.909854
9256,7090065;2754,634046,0.954104;3181,454162,0.800372;3368,540807,0.91421;4685,471154,0.777742;4649,513694,0.910173
9297,7091104;2520,632411,0.955963;4065,445815,0.797822;3211,529215,0.914847;3458,456349,0.784117;3610,512776,0.907517
9263,7090112;2567,630023,0.952988;4049,435486,0.798247;4349,525028,0.904436;4679,454245,0.770943;4733,512271,0.912191
9245,7090470;2540,631113,0.957716;4283,442570,0.806162;4413,524058,0.909801;4698,457770,0.775086;4810,505191,0.910651
9284,7089710;2006,627963,0.956707;4172,437615,0.798566;3184,516904,0.910651;3454,454923,0.782098;3590,505396,0.910598
9309,7090850;1807,627436,0.952563;3131,438308,0.805631;3248,522882,0.906242;3545,457877,0.767171;3531,507242,0.90927
9258,7091242;1776,626044,0.955697;3053,434929,0.805418;3000,519040,0.910598;3264,449729,0.784542;3346,506648,0.919841
9290,7089978;1825,626212,0.953413;3026,433113,0.802815;3410,514331,0.907517;4549,443366,0.77923;4560,496413,0.908898
9246,7090208;2742,625045,0.956919;4202,423629,0.815936;4231,509185,0.916972;3376,440204,0.799309;4397,491050,0.905923
9244,7090352;2557,619745,0.954529;3428,427728,0.808393;2945,508671,0.911873;3318,440855,0.789907;3357,492656,0.913625
9265,7090790;2522,620372,0.953625;2959,425889,0.812749;3116,503439,0.9149;3461,441709,0.802231;4448,490347,0.91421
9210,7090654;2737,623965,0.955219;4240,420947,0.800478;4196,506395,0.921381;4776,435953,0.804515;4561,482912,0.912191
9255,7090451;2728,620652,0.956016;4221,415543,0.819548;4066,499067,0.919894;4428,435994,0.810677;4461,479887,0.914263
9278,7091263;2743,623679,0.957822;4197,418913,0.825073;4029,504172,0.921275;4255,437013,0.802922;3357,485158,0.920956
9313,7090594;2512,621607,0.960531;3227,409169,0.817955;3119,498533,0.92494;3177,425615,0.810412;4287,476602,0.921594
9219,7090373;2674,617281,0.964303;3288,411244,0.830438;2975,491647,0.925684;3230,424357,0.814183;3276,474738,0.922284
9230,7090847;2719,620689,0.964037;3068,405335,0.833041;2948,488667,0.926534;3159,424179,0.829216;3255,464977,0.927596
9260,7090319;2680,616122,0.964834;3646,406514,0.841009;3998,489604,0.936627;4164,419060,0.840584;3221,460349,0.923878
9256,7090552;2654,619047,0.966587;3069,398277,0.847171;2964,481711,0.928765;3037,412841,0.827623;3107,458806,0.916547
9237,7089733;2747,616664,0.964728;3199,393439,0.844675;2857,472873,0.933971;2948,407406,0.828738;3080,453217,0.925046
9273,7089942;2711,611574,0.967862;3167,397284,0.848234;2934,481144,0.935618;2937,413044,0.846853;3028,452863,0.928127
9292,7090071;1757,613445,0.969349;3219,403500,0.85413;2815,481018,0.937052;2962,417812,0.839309;3073,453712,0.929084
9234,7090211;1743,613570,0.969084;3374,394121,0.863001;2914,473417,0.942789;2890,407355,0.848977;2907,439827,0.934874
9235,7090331;1715,606200,0.972112;3179,385967,0.861833;2804,464414,0.946667;2737,395724,0.856255;2948,432452,0.93158
9225,7090747;1753,610211,0.970996;3138,385051,0.866985;2848,465897,0.946826;2848,401027,0.850465;2923,433809,0.930465
9229,7089777;2165,606847,0.972855;3292,382164,0.866879;2801,459453,0.942258;2791,394850,0.859442;2916,431068,0.932165
9328,7090039;2470,604676,0.972696;3190,381153,0.868207;2716,456033,0.951448;2756,395232,0.85498;2810,427873,0.929668
9202,7089676;2449,604195,0.970465;3094,376397,0.866773;2740,449240,0.949376;2704,386435,0.846959;2820,426526,0.937211
9220,7090448;2550,607483,0.972537;3497,377216,0.872404;3775,455268,0.948048;3966,391438,0.861726;3959,428393,0.93753
9222,7088934;2534,607996,0.971049;4184,370230,0.875007;3721,444157,0.951979;3783,377493,0.848499;3836,417210,0.933865
9199,7090368;2494,609323,0.976308;4112,369547,0.873838;3752,446992,0.950279;3940,381333,0.853811;3645,420704,0.932324
9260,7089410;2501,607729,0.971368;3850,368003,0.866614;3547,444572,0.950385;3524,377577,0.845365;3758,420822,0.929402
9220,7089610;2519,607492,0.971687;4015,364004,0.862842;3805,441833,0.947782;3657,382250,0.859973;3570,414074,0.933121
9197,7089391;2501,607693,0.974236;3182,368921,0.858645;3755,449975,0.94417;3778,376710,0.849243;3488,418561,0.931208
9185,7088772;2527,609818,0.975511;3099,364412,0.859177;2732,444217,0.936627;2818,387909,0.847596;2887,411672,0.919469
9162,7088964;2481,605325,0.973121;3172,376702,0.860133;2841,450601,0.946082;2851,388759,0.852218;2895,423980,0.925471
9242,7089380;2491,607586,0.972961;3102,369321,0.860186;3457,449713,0.937264;3821,383382,0.850677;3973,426012,0.927703
9153,7090355;2649,613325,0.97344;4218,384280,0.858752;3850,461217,0.943479;4135,393674,0.837822;4050,434261,0.926693
9234,7088906;2566,614566,0.973121;4234,378251,0.843559;3824,453864,0.937689;3887,394284,0.833891;3991,435008,0.927915
9208,7089917;2524,618359,0.972749;3633,385866,0.857689;2798,466225,0.938752;2902,398787,0.846906;4134,440396,0.92494
9235,7089235;2474,616033,0.971315;4337,395430,0.851899;3531,463980,0.935139;3250,402802,0.841541;4001,438621,0.917078
9236,7090384;2497,616039,0.971421;4103,387810,0.844409;3799,475309,0.938858;3799,408169,0.836441;3060,440779,0.917503
9236,7090452;2551,614202,0.963984;3527,402876,0.853652;3798,479657,0.939602;3663,412222,0.837185;3129,447520,0.923718
9329,7088853;2551,619999,0.9651;3243,402324,0.838088;2921,479659,0.93344;3043,416685,0.837981;3077,455583,0.918088
9243,7089942;2530,622369,0.963931;3250,399628,0.841381;3136,481587,0.935511;4079,416346,0.819336;4295,460193,0.922497
9180,7089652;2565,624871,0.965418;4315,405843,0.831341;3030,486890,0.934183;3038,426267,0.825445;3213,462521,0.919363
9217,7090238;2603,624928,0.966906;3281,413403,0.835007;2960,491885,0.933971;3154,430322,0.821886;3377,467030,0.919681
9251,7090557;2556,626657,0.962019;3278,421558,0.824648;3232,500411,0.93089;3226,439667,0.820983;3143,476710,0.917291
9263,7089460;2552,629292,0.961381;3372,423906,0.827835;4053,505892,0.928659;3208,443892,0.812324;3398,487449,0.91575
9213,7091052;2533,627767,0.964515;3519,428072,0.828632;3007,505881,0.927968;4351,439106,0.817742;4477,478231,0.911607
9222,7089413;2560,629163,0.960319;4387,428025,0.826242;4339,511436,0.926853;4411,445341,0.796441;4574,483112,0.913997
9201,7089514;2620,632093,0.957928;4641,422692,0.820027;4327,507997,0.922603;4590,448216,0.804781;4520,483663,0.908526
9249,7089163;2582,635320,0.953147;3471,438749,0.820876;3281,511095,0.917928;3406,449855,0.791394;3448,488722,0.902683
9238,7089024;2814,635095,0.957663;4304,437508,0.82178;4265,512993,0.917397;3362,456750,0.791926;4056,497082,0.905179
9178,7090148;2786,635286,0.96255;3766,439569,0.815139;3347,515911,0.914263;3383,449097,0.790651;4066,493152,0.901726
9181,7089317;2793,636420,0.95405;4323,434955,0.806215;3398,514516,0.911182;3411,455632,0.783798;3527,494530,0.908473
9203,7090865;2804,641137,0.959416;3483,441483,0.808924;3317,520685,0.914635;3527,451899,0.778964;3729,494611,0.894768
9233,7090684;2846,638733,0.955538;3480,438655,0.802815;3293,525965,0.911766;3297,456050,0.783001;3795,505823,0.901195
9186,7089397;2800,639400,0.957185;3685,442900,0.807118;3500,529756,0.91251;3518,466402,0.771527;3556,510862,0.910651
9194,7089651;2834,641883,0.962444;4401,438156,0.797981;4582,522022,0.909695;4871,456213,0.77907;4881,500681,0.904754
9238,7090490;2820,642047,0.958778;4793,443838,0.784701;4713,527735,0.913785;4932,462738,0.773386;5111,509730,0.902895
9246,7090581;2910,646146,0.954157;4818,447519,0.810837;5077,528011,0.915485;5582,463317,0.766534;5539,516791,0.898645
9150,7090407;2763,641374,0.953944;5317,449948,0.803187;5257,541496,0.913997;5474,472956,0.773599;5716,518701,0.904436
9197,7089875;2651,645495,0.956228;5226,447731,0.798513;5042,534491,0.909057;5532,470828,0.778699;5617,512923,0.892324
9199,7089803;2643,643842,0.958991;5211,454244,0.790491;5299,531575,0.910969;5553,466006,0.765365;5708,513797,0.908579
9222,7091520;2637,644931,0.953625;5279,446747,0.784861;5167,537484,0.912404;5486,467465,0.764728;5717,516187,0.899017
9220,7090604;2581,643923,0.954475;5367,455910,0.793625;5332,544581,0.89822;5532,472264,0.763506;5694,519636,0.887756
9158,7090288;2635,645058,0.953094;5190,450951,0.794104;5086,534061,0.906454;5472,464879,0.76664;5569,517421,0.901514
9224,7090002;2607,646487,0.956653;5268,456397,0.79506;5455,542399,0.905179;5500,474418,0.763931;5616,525957,0.895989
9236,7088142;2602,647678,0.950916;5101,455809,0.799681;5213,542303,0.911394;5374,473185,0.755378;5572,516058,0.891421
9163,7091073;2576,644093,0.951819;5280,453536,0.79405;5131,543790,0.910013;5445,470652,0.769615;5489,521505,0.898114
9216,7089406;2670,647219,0.949057;5255,451210,0.798035;5126,533793,0.90656;5340,468032,0.772005;5523,516732,0.89907
9174,7091322;2629,646873,0.948951;5370,460377,0.803772;5196,542132,0.903639;5434,472513,0.751607;5524,521213,0.897795
9263,7090643;2655,650565,0.948313;5283,455407,0.789163;5312,541263,0.903904;5325,468261,0.772802;5689,523034,0.89992
9248,7090576;2729,651196,0.956175;5233,452701,0.79915;5162,535138,0.904754;5324,468481,0.77498;5554,514793,0.904542
9195,7089766;2618,644998,0.952404;5156,459479,0.806428;5294,540447,0.905976;5382,473898,0.781992;5567,520345,0.899336
9224,7090659;2576,640231,0.949588;5414,452916,0.803187;5060,534235,0.914582;5342,469522,0.769349;5648,516519,0.904436
9217,7090581;2554,640179,0.949801;5269,449721,0.802284;5133,533388,0.912351;5436,471073,0.781301;5476,518242,0.898645
9209,7090994;2609,638798,0.954794;5222,451217,0.810837;5138,535972,0.920903;5359,464033,0.792404;5422,508080,0.895618
9205,7090952;2582,638658,0.955963;5136,456357,0.816308;5190,542406,0.91915;5304,471440,0.789588;5519,521652,0.907888
9213,7088802;2588,636463,0.956707;5149,455657,0.814927;5210,532306,0.917663;5316,468359,0.797344;5499,513964,0.898433
9208,7090147;2570,633994,0.96;5333,446584,0.818114;5053,526597,0.921328;5199,465558,0.806906;5291,499430,0.911607
9213,7090572;2595,631666,0.959841;5317,455761,0.829163;5251,534377,0.928393;5196,467573,0.813174;5378,507744,0.908685
9207,7090736;2743,631549,0.956069;5332,445225,0.823373;4964,525764,0.924993;5129,459711,0.811846;5326,506592,0.909748
9199,7090563;2775,632483,0.961434;5450,448421,0.829429;5068,527984,0.929349;5280,459917,0.81243;5454,503188,0.907729
9188,7090631;2725,628180,0.960478;5135,452479,0.828207;4852,535953,0.932005;5138,466414,0.82008;5321,506529,0.911766
9252,7090929;2773,630411,0.961753;4963,446020,0.833094;3822,522236,0.928552;4965,464029,0.829057;5111,500791,0.912138
9205,7090735;2730,630272,0.964887;5371,454192,0.829429;4806,525889,0.925684;4923,464718,0.816467;5142,502683,0.915644
9224,7089227;2777,624509,0.967968;5231,451982,0.838194;4811,532382,0.930837;4976,465959,0.822736;5019,502699,0.921753
9236,7090193;2758,628157,0.966746;5242,447330,0.84919;4699,533101,0.931208;4905,463359,0.810624;5101,501021,0.911873
9172,7089973;2727,626430,0.968393;5246,460564,0.841806;4798,531888,0.928818;5113,469879,0.828207;5031,506127,0.918247
9169,7089578;2746,626842,0.967596;5151,451906,0.842656;4903,531927,0.931208;5053,468504,0.826667;5057,506513,0.917981
9145,7090475;2732,626874,0.962975;5074,448588,0.837503;4886,529854,0.92988;4902,466503,0.832776;4994,499514,0.914954
9216,7089898;2729,629914,0.965312;4836,452419,0.834847;4742,530354,0.928287;4861,460690,0.821301;4951,501798,0.919309
9263,7089883;2740,627628,0.966746;5110,459924,0.843293;4625,529182,0.93583;4905,472653,0.819761;5092,511273,0.920159
9213,7090470;2757,631362,0.965153;5162,452494,0.836494;4649,531151,0.937689;4949,473207,0.832085;5113,512904,0.919203
9200,7089328;2733,628817,0.971049;5031,461071,0.842922;4284,535056,0.93344;4895,472829,0.824967;5051,507067,0.918725
9197,7089404;2722,627910,0.967171;4932,455964,0.850199;4658,534078,0.930677;4814,464453,0.820292;5073,509968,0.920425
9208,7089593;2744,627829,0.965578;5070,461082,0.844728;4988,532654,0.937849;4979,472612,0.821355;4977,507974,0.917185
9214,7087500;2726,628749,0.962762;4897,456235,0.839841;4745,534076,0.936892;4944,476383,0.830544;4988,508554,0.92239
9232,7089057;2728,626283,0.962497;4981,457567,0.840053;4660,520763,0.926799;4764,461832,0.814608;4985,502200,0.916122
9221,7087841;2563,627051,0.965843;5038,453876,0.838831;4684,527592,0.928871;4805,465284,0.822683;4949,502405,0.909801
9247,7087453;2543,625405,0.964834;4986,445485,0.842231;4689,524076,0.93668;4719,460307,0.814714;4894,496463,0.918406
9245,7087322;2571,625294,0.964197;4892,454001,0.837344;4753,526815,0.931793;4855,466841,0.830757;4929,505729,0.926959
9259,7086109;2521,627277,0.964781;4887,449466,0.843559;4708,519153,0.928606;4744,454406,0.810465;4049,493949,0.918566
9189,7086300;2522,630293,0.972324;3912,450870,0.844834;4706,523934,0.929615;3634,457877,0.807065;3733,493210,0.918035
9220,7075126;2538,624895,0.969509;4671,433445,0.834529;4569,510774,0.93004;4755,450355,0.806693;4831,486040,0.917556
9212,7077581;2806,626942,0.964887;4876,432052,0.832032;4839,506211,0.932749;4056,447367,0.830491;4769,477477,0.917291
9232,7074729;2747,624392,0.965153;5005,432173,0.842125;4797,502226,0.93259;4639,444400,0.824064;4862,479199,0.919841
9184,7070311;2760,627334,0.960212;5078,425625,0.828738;4655,493517,0.92919;4717,435329,0.811315;4678,469207,0.916707
9214,7060297;2865,623117,0.961381;4822,422156,0.834529;4323,488975,0.927224;4629,432069,0.804993;4805,467584,0.91421
9173,7047284;2733,622842,0.967065;4792,405232,0.831076;4882,480395,0.932377;4708,419617,0.819602;4633,449725,0.914422
9192,7024733;2742,622231,0.963878;4702,405641,0.831394;4416,466246,0.92425;4425,415066,0.811049;4427,447292,0.921487
9172,7016690;2750,621990,0.964037;3719,393127,0.828207;3332,461936,0.926959;4260,406941,0.828526;4270,440875,0.918725
9268,6973910;2879,623894,0.961169;4197,387762,0.825392;3998,444675,0.92255;3935,391168,0.804728;4074,423016,0.927331
9216,6956467;2726,617872,0.961222;4058,374781,0.830173;3848,434082,0.926109;3836,382980,0.815618;3934,412636,0.921541
9261,6899417;2773,624293,0.96595;4052,357827,0.822205;3810,413596,0.9234;3645,367047,0.817158;3687,390154,0.923984
9241,6881080;2703,619399,0.960053;3929,339706,0.817636;3562,394100,0.926534;3481,349431,0.81328;3423,374990,0.921116
9072,6770258;2890,623472,0.95761;3773,318092,0.822364;3352,367880,0.925312;3226,327475,0.812696;3168,347066,0.916122
8822,6632823;2708,617709,0.960053;3279,290150,0.815352;3133,337791,0.926481;2926,298307,0.819814;3031,320464,0.916122
8737,6535612;2735,622548,0.954475;2958,248174,0.81907;2763,295793,0.92595;2675,262292,0.816149;2572,279072,0.918725
8244,6214639;2717,623788,0.9617;2775,215037,0.824064;2396,251730,0.922019;2111,220828,0.813174;2263,242812,0.918513
7653,5835219;2718,623774,0.957981;2249,183810,0.820664;2082,208141,0.914954;1818,188951,0.819655;1858,203284,0.915325
7288,5545932;2556,624122,0.958884;2182,152207,0.817689;1782,176171,0.911979;1475,161279,0.817583;1530,171939,0.910704
6400,4922709;2596,628063,0.961009;1614,119945,0.821673;1572,141538,0.90842;980,126464,0.820876;842,135628,0.912085
5454,4128708;2526,626457,0.952776;1121,93848,0.816946;987,109002,0.908526;615,97689,0.819761;688,105033,0.912988
4849,3666725;2526,627567,0.950173;908,73157,0.818539;932,86127,0.908738;473,74773,0.82178;479,82957,0.914635
4065,3123760;2498,633170,0.948898;835,59429,0.823054;695,67934,0.91012;361,61305,0.82008;392,66127,0.914422
3128,2401410;2523,633018,0.955644;766,42646,0.824754;674,50353,0.909907;273,44175,0.822948;294,47619,0.912882
2455,1892578;2520,636127,0.954847;595,32851,0.824382;460,38654,0.908473;173,31747,0.818433;199,35542,0.91166
2001,1558732;2560,633820,0.957397;698,24494,0.823161;580,30079,0.908951;147,25143,0.821301;159,27840,0.912191
1433,1063004;2630,636364,0.95421;588,18171,0.82093;543,20724,0.907835;102,17617,0.819017;110,19499,0.911394
1142,905798;2600,638487,0.956122;530,13557,0.821142;529,15641,0.907782;73,14000,0.81838;85,16676,0.912085
787,592699;2478,640371,0.946507;531,8192,0.821142;379,9878,0.90927;48,8172,0.81822;51,9143,0.911713
433,349202;2523,636060,0.954529;512,4084,0.82093;508,5324,0.909482;27,4586,0.81822;33,5583,0.910704
204,164566;2531,637720,0.955591;497,2004,0.820398;585,2568,0.909535;22,1963,0.817689;24,2320,0.910969
90,71313;2531,635680,0.95421;283,1569,0.820133;244,1779,0.909748;14,1235,0.817742;14,1356,0.910651
126,93748;2562,640183,0.950332;337,1894,0.820717;235,2146,0.909004;15,1513,0.818274;24,1896,0.910226
117,75025;2548,636555,0.952988;43,807,0.820717;251,692,0.909588;6,711,0.818327;11,871,0.910598
18,11287;2552,639116,0.948048;293,379,0.820398;202,390,0.909588;7,196,0.81822;9,285,0.910332
