7954,7085730;3408,602567,0.97498;5161,791270,0.906189;5265,837519,0.970996;6234,786694,0.901567;5941,792741,0.962125
9022,7089053;3268,604922,0.973068;4062,363523,0.861248;4054,433299,0.941567;4368,373435,0.810305;4952,412452,0.886003
9998,7089921;3320,612427,0.963772;4583,395433,0.828792;4659,477774,0.929562;5075,410309,0.785126;5669,462417,0.898486
12855,7090707;3705,614726,0.954104;4806,422879,0.793307;5017,504060,0.910544;5657,437751,0.78162;6123,492294,0.900876
12562,7089817;3324,605562,0.951819;5023,420901,0.809243;5179,505886,0.922178;5949,443773,0.789907;6149,499672,0.91166
10997,7091772;3280,596711,0.959203;4939,422425,0.81429;5200,502428,0.924993;5878,429256,0.80425;6091,492444,0.923028
11115,7090969;3275,593820,0.967384;5216,425236,0.843187;5149,496691,0.935246;5813,429451,0.82247;5999,487990,0.92749
9846,7090392;3389,587133,0.967012;5392,408205,0.867676;5043,478477,0.947198;5516,416106,0.845206;5638,462690,0.938327
12745,7091153;3213,585740,0.972749;5440,395555,0.874316;4988,465763,0.956813;5328,398944,0.856042;5348,448793,0.942576
13265,7089494;3201,579352,0.977317;5307,386210,0.894343;4934,454948,0.964834;5190,395556,0.875963;5206,429395,0.945073
13344,7090869;3545,579218,0.981992;5365,381949,0.889721;4936,452907,0.965737;5346,408795,0.881541;5269,432872,0.94996
10375,7090773;3167,576720,0.979761;5347,378566,0.885418;4776,450808,0.96085;5247,393210,0.880903;5262,433058,0.940239
13192,7090811;3203,578281,0.975989;5281,390336,0.86911;4836,463637,0.955113;5483,402031,0.865445;5574,449593,0.947198
13080,7089670;3210,587316,0.97328;5423,401242,0.856999;5039,475585,0.94656;5560,410920,0.833732;5966,461057,0.942045
13054,7090777;3433,584189,0.964515;5522,413302,0.840212;5144,488162,0.937477;5791,427815,0.808393;6159,478534,0.941195
10382,7091565;3271,596701,0.953838;5170,420065,0.814555;5092,499785,0.926746;6029,434619,0.798778;6203,490859,0.934821
13318,7091137;3263,599620,0.950544;4919,428325,0.796016;5230,514611,0.919894;6225,447921,0.792032;6470,503001,0.925365
13169,7090705;3621,601760,0.950544;5091,442521,0.788313;5316,526522,0.914529;6221,450516,0.77498;6647,518745,0.921328
13186,7090470;3270,602660,0.949641;5150,447107,0.790651;5427,535870,0.908101;6269,457805,0.777636;6693,523350,0.919575
13376,7091000;3294,606876,0.949376;5158,449768,0.800372;5391,533279,0.913466;6358,458121,0.783479;6654,523939,0.920106
13209,7090448;3292,605152,0.950544;5019,442741,0.802231;5303,522627,0.918247;6235,455475,0.78093;6524,521620,0.921965
13154,7090713;3534,605735,0.953201;5023,439092,0.813811;5197,509210,0.918619;6279,448050,0.785923;6385,504713,0.919309
13328,7090139;3349,608607,0.957025;4779,432546,0.807596;5231,508608,0.915113;6286,449179,0.80324;6260,501617,0.9251
13273,7087096;3322,605650,0.959044;4799,422512,0.808818;5054,491708,0.92409;5801,430784,0.797663;5963,486074,0.927065
12230,7082069;3664,602666,0.958619;4770,397244,0.810837;4912,467747,0.922125;5433,418321,0.811793;5818,459781,0.932112
11718,7069960;3304,602068,0.965578;4662,391043,0.81243;4824,453333,0.927649;5240,400127,0.809615;5445,447845,0.932483
12662,7066366;3288,601380,0.970465;4325,366034,0.826773;4363,421040,0.934555;4767,383343,0.830598;5001,422762,0.939283
12636,7040428;3320,600940,0.972005;4371,335426,0.830066;3961,388032,0.934874;4207,341605,0.841062;4290,381885,0.943373
12617,6959082;3469,607880,0.971687;3292,289522,0.82757;3562,333211,0.933121;3563,295865,0.851208;3595,331254,0.941886
12896,6738449;3306,607918,0.974236;2622,221085,0.833147;2624,257560,0.936042;2576,231563,0.849509;2666,261527,0.950916
10988,6229512;3317,613993,0.973015;2110,158065,0.841859;1951,186935,0.939548;1781,164984,0.84749;1739,187474,0.951766
10291,5183714;3682,618028,0.969456;1511,102306,0.852855;1290,119555,0.940983;976,105283,0.847649;1076,120942,0.951235
6528,3311558;3350,620715,0.972483;875,55657,0.856361;819,64777,0.938645;511,56205,0.847012;569,65939,0.949482
4155,2139809;3329,621961,0.968127;666,30677,0.859283;550,33985,0.940027;263,29698,0.848074;303,36032,0.95166
1767,1065986;3439,619412,0.969827;481,15472,0.860452;406,16500,0.939548;108,13699,0.84919;140,17555,0.950066
864,603266;3404,618762,0.967224;304,6496,0.862417;277,7244,0.940611;62,6456,0.849296;66,7516,0.951235
91,56290;3346,620447,0.967171;92,501,0.86247;37,475,0.940611;9,185,0.849296;13,739,0.951341
13,3769;3335,618131,0.965631;231,286,0.862311;95,197,0.940505;9,255,0.849296;13,315,0.951341
