173283,7085730;55051,1980834,0.992218;16747,445727,0.821461;20487,575323,0.934608;24470,391778,0.56595;27256,573989,0.843612
177226,7025072;55380,1920618,0.993944;8071,160581,0.897955;9942,227828,0.947278;12399,183222,0.698645;13619,262455,0.870146
164538,7029483;55684,1908080,0.996202;9210,164610,0.888685;11054,244769,0.948951;12845,187891,0.752271;14681,276347,0.877052
167447,7038196;55159,1885363,0.997397;10405,167136,0.882258;11676,251407,0.947012;13150,189246,0.790624;15841,284101,0.880664
158921,7025740;54721,1868436,0.997344;10948,167299,0.883108;12359,247726,0.951819;13387,185917,0.810199;15256,280230,0.883639
171790,7031669;54598,1864455,0.997211;10538,168826,0.870837;12199,255569,0.950571;13375,184101,0.808898;16016,285877,0.883533
168535,7034231;54697,1863804,0.996946;10172,169702,0.872563;12085,255705,0.948127;13516,186708,0.803267;15622,288309,0.886242
156679,7027917;54342,1852051,0.997981;10314,169956,0.869031;12022,259192,0.950465;13517,187465,0.808898;16281,294309,0.889163
165321,6996833;54398,1851001,0.99753;11146,170544,0.866348;12000,252684,0.944037;13504,185588,0.801408;15828,286412,0.884887
164661,7028634;54399,1844767,0.997158;10499,173365,0.863533;12153,259336,0.944807;13530,187355,0.796096;16925,292610,0.877663
161630,7033071;56582,1844667,0.997025;10867,173473,0.852908;12403,260714,0.939336;13969,192709,0.791687;16918,298364,0.875564
166813,7013643;56613,1843142,0.996096;10127,172144,0.844993;11844,259203,0.937981;13572,187861,0.780452;17963,295131,0.87073
168395,7022889;56332,1840770,0.996228;11138,174936,0.842922;11882,266071,0.935485;14385,192686,0.7749;17299,300494,0.86579
172184,7021116;56089,1838181,0.995644;10307,174340,0.839283;12427,264182,0.933519;15278,191641,0.755724;18010,301831,0.85915
178136,6995001;56154,1839935,0.994104;10294,175314,0.831341;12012,266230,0.928313;14264,190039,0.738911;17749,301667,0.851368
176975,7022900;56534,1844945,0.99429;10595,177264,0.824834;13313,269744,0.925923;15168,195345,0.747649;18101,309406,0.857902
161912,7030771;55908,1830004,0.994661;10716,180662,0.824489;12201,274376,0.925418;15216,197666,0.751527;18450,309505,0.856069
178693,7037541;56105,1834625,0.993785;11502,180588,0.818964;12631,278237,0.924887;15663,200423,0.7417;18795,318705,0.85251
157508,7045942;56039,1832670,0.993015;10443,178059,0.815857;12634,276449,0.926507;16080,201199,0.745923;19224,316125,0.852988
161526,7015994;55808,1826073,0.99251;10668,178930,0.821567;12282,270712,0.927596;15390,196302,0.741939;18404,307125,0.847304
163837,7042985;55686,1823402,0.993333;10783,181104,0.823612;13267,276974,0.923293;15879,197538,0.742311;18698,315806,0.85243
177986,7021148;55387,1813056,0.991979;11546,181151,0.821753;12536,271551,0.922497;15821,196630,0.740212;18382,311692,0.851846
177586,7016339;55444,1814322,0.992696;11401,177935,0.825498;12767,272832,0.919203;15691,198415,0.745206;18543,313548,0.854024
181949,7039391;55372,1812569,0.992218;10707,178419,0.832377;12402,275062,0.92834;16002,199854,0.755378;20213,316221,0.864223
159259,7029103;55227,1809009,0.993174;10807,178337,0.830863;12116,272035,0.926879;15524,197108,0.751049;18522,313125,0.866003
170727,7021058;55080,1800146,0.992749;10428,176522,0.834794;12506,264743,0.928526;16155,196585,0.7651;18247,304975,0.86757
166938,7028461;54994,1795923,0.992112;10878,176267,0.838353;12125,265640,0.928792;15386,197377,0.767118;18603,313606,0.872191
154870,7028510;55094,1793454,0.993758;12055,173744,0.838645;12592,266149,0.93259;15390,194987,0.771926;18225,305699,0.874635
157020,7023240;54780,1786017,0.994343;10671,172977,0.846401;12318,260396,0.938035;15016,192785,0.785286;18594,300375,0.881301
169986,7012893;54529,1774524,0.994502;10863,171140,0.849429;12083,256886,0.940558;15093,193524,0.799336;17518,299274,0.886454
159146,7037978;54647,1775720,0.994369;10574,173524,0.850359;12004,259838,0.937822;15826,194341,0.802656;18134,306813,0.891474
168484,7028848;54147,1763702,0.994821;10428,172806,0.857158;12101,260543,0.941116;14689,193534,0.807835;17885,304317,0.895511
162196,7037021;52942,1758438,0.994396;10379,171108,0.857317;12982,259794,0.944117;15325,195861,0.814582;17850,300487,0.902922
159493,7036302;53132,1769386,0.995857;10509,171066,0.865471;11752,252273,0.944781;14893,196676,0.823904;17411,299371,0.908499
162963,7033659;52933,1760801,0.996786;10225,166648,0.864117;12131,252622,0.946321;14524,192011,0.830093;17184,296864,0.910252
145444,7019702;52815,1757570,0.996441;10310,167368,0.876441;11753,248967,0.95259;13879,188102,0.833307;16640,294215,0.913147
151232,7032978;52835,1755312,0.996653;10098,164866,0.877424;11816,247894,0.95336;14019,190460,0.841381;16221,291914,0.922895
167611,7018832;52570,1750154,0.996972;10248,162929,0.883798;11369,242805,0.955086;13682,188744,0.857317;15911,288087,0.926906
165963,7023354;52448,1740117,0.997131;10022,163916,0.886082;11252,244137,0.957052;13479,189148,0.865498;16451,288996,0.929854
156625,7032989;53206,1742976,0.997291;10253,163615,0.889429;11514,243224,0.959177;13539,187634,0.868632;16398,287442,0.929216
165458,7035956;53418,1753999,0.997849;9992,163042,0.888154;11499,244038,0.962072;13710,191405,0.871129;16346,290931,0.933068
161007,7047994;53199,1743408,0.997397;9997,161000,0.892218;11269,240879,0.961541;13674,192019,0.8851;16500,290866,0.935378
163056,7028203;53354,1743550,0.998353;9916,161559,0.897663;11281,238054,0.964595;13208,185808,0.882576;15498,285468,0.93838
165789,7052743;53249,1737093,0.998274;9844,161370,0.898911;11406,241187,0.962656;13164,190250,0.886481;15926,293533,0.939522
176556,7033142;53593,1748755,0.998645;10000,158998,0.905684;10938,233229,0.96494;12921,184301,0.884303;14983,278151,0.9383
148909,7028035;53517,1744261,0.998619;9735,158274,0.902019;10930,233682,0.969562;12608,186086,0.891023;15100,283334,0.939947
171234,7021900;53447,1741879,0.998831;9889,156190,0.901408;10661,228520,0.969296;12563,183527,0.895538;14844,280810,0.944728
172879,7030599;53593,1746693,0.998991;9618,156486,0.905817;10827,228726,0.969031;12554,181526,0.892058;15250,282691,0.9417
171392,7017271;53646,1752503,0.998858;10032,155878,0.908287;10872,228594,0.968738;12529,183456,0.896574;14216,275746,0.942629
149637,7035751;53496,1746339,0.999309;9716,155149,0.907463;10921,231022,0.972537;12580,183481,0.895219;15647,280443,0.942444
167977,7043615;53575,1749248,0.999203;10015,156234,0.912324;11050,232427,0.970438;12873,186703,0.897928;15949,286041,0.944064
158472,7008551;53401,1747122,0.999309;9370,152489,0.909084;10317,223788,0.972085;11898,179517,0.89328;15095,272386,0.941726
169335,7025297;53525,1755950,0.999256;9684,155005,0.905232;11262,229289,0.971288;12301,182952,0.893493;14958,276842,0.940531
171477,7031521;53185,1747520,0.999203;10333,154086,0.90757;10738,228152,0.970359;12316,182271,0.892749;14745,276999,0.937344
154831,7035376;53619,1760355,0.999203;9443,154981,0.907145;11120,229123,0.970757;12268,184234,0.890226;15229,279306,0.939761
168550,7036562;51592,1761230,0.998858;10071,153653,0.904515;10763,227582,0.968287;12534,182608,0.888712;15226,279545,0.936574
158560,7024865;51144,1763461,0.99915;10077,155116,0.904436;11082,229053,0.968287;12243,181739,0.884781;15717,279748,0.937477
158535,7030458;51396,1773327,0.999044;9706,155396,0.90587;10982,231123,0.967835;12958,184211,0.881487;15296,281199,0.938805
148974,7013658;51526,1776309,0.99907;10006,153738,0.902683;10695,226641,0.966481;12210,179539,0.876892;14982,275598,0.931341
170725,7034712;51539,1777573,0.998513;9932,159028,0.900956;10939,237814,0.970438;12926,186465,0.870412;15432,285694,0.930863
160455,7035699;51626,1779748,0.998964;10105,157495,0.898274;11165,234257,0.963134;12556,185442,0.866481;15909,286965,0.927596
155353,7027235;51748,1785575,0.998911;10363,156355,0.887304;11494,235740,0.964807;12688,184126,0.85676;15979,288354,0.927543
175718,7035629;51796,1788821,0.998725;9941,159613,0.889323;11198,236824,0.962125;13432,187823,0.855724;15721,288396,0.927039
177165,7044146;51885,1787691,0.998566;10364,161981,0.894847;11400,240410,0.96247;12906,186214,0.851713;16108,290128,0.923533
153200,7018473;51914,1794474,0.998486;9705,157779,0.886162;11430,239833,0.960398;13261,184293,0.846215;15652,285657,0.91676
155553,7036589;53625,1792915,0.998141;10236,159528,0.881833;11373,242908,0.958539;12978,184222,0.834608;16441,294124,0.914369
158715,7035569;54118,1800010,0.998566;9922,161470,0.879575;11679,241990,0.956069;12984,185466,0.830385;16680,298681,0.915538
151171,7036551;54464,1806191,0.99745;10025,161936,0.878964;11259,241853,0.954422;13353,186098,0.822151;16133,292860,0.909801
167328,7031812;54355,1807271,0.998114;10343,159309,0.876388;11284,242161,0.952377;13145,185285,0.814422;16337,291739,0.903559
148982,7038380;54347,1807454,0.997556;9835,162601,0.877131;12014,246483,0.950598;13598,189740,0.812802;16748,298207,0.902922
176856,7035553;54613,1814166,0.997052;10039,163608,0.873811;11640,248967,0.949323;13915,186623,0.80178;16681,299032,0.895246
150183,7030991;54483,1816109,0.996653;10425,163890,0.863081;11743,251909,0.946268;13802,189019,0.793652;16968,298627,0.891899
150089,7041457;54864,1823441,0.996653;10509,165798,0.863293;11871,250465,0.946799;13691,190726,0.790385;15903,299416,0.889243
170721,7014573;54823,1823067,0.996733;10176,164085,0.85421;12029,251852,0.947065;14784,186313,0.779973;17637,299887,0.885923
177006,7022241;55030,1827383,0.995724;10027,163968,0.855166;11894,250563,0.943108;13654,186572,0.776414;16941,296956,0.878858
174640,7036652;55196,1837930,0.996414;10250,166400,0.850013;12780,252017,0.940531;14239,189059,0.773466;16966,299926,0.878141
162501,7025896;55435,1842948,0.996919;10415,165203,0.849668;11737,252971,0.939097;13982,188379,0.764382;16930,297555,0.873971
179408,7008518;55342,1842943,0.995857;11022,164734,0.847357;12138,252275,0.936441;14076,184466,0.75506;17264,296966,0.870465
153596,7031131;55552,1854000,0.995511;10368,166701,0.845179;12134,256994,0.934555;14415,191069,0.748552;18652,308566,0.867676
147312,7019690;56020,1862802,0.996122;10768,168802,0.845737;12235,258080,0.93344;14358,189457,0.747862;17429,305229,0.864037
151303,7038940;55917,1866210,0.995378;10592,172525,0.84239;12136,260406,0.933068;15302,193825,0.742895;18658,312108,0.862603
166656,7013892;54837,1870663,0.995883;10412,167786,0.835325;12651,258409,0.931633;14566,191404,0.739814;17991,307692,0.866242
174882,7037251;54542,1860785,0.995724;10743,172037,0.832669;12905,260275,0.931474;14950,192007,0.736282;17479,306142,0.86595
144515,7027490;54516,1871503,0.995086;10770,170348,0.83676;12435,263966,0.929748;14821,192664,0.732165;18077,308834,0.863028
156797,7028380;54758,1876125,0.995219;11827,170219,0.836999;12380,262624,0.930916;14388,189722,0.724595;17674,306486,0.855564
150974,7029807;54670,1877323,0.994714;10280,170208,0.838167;12279,264259,0.930996;14487,191103,0.719973;18722,309506,0.858645
164949,7027529;54673,1876798,0.9949;10739,170838,0.831102;11950,259040,0.92826;14617,192497,0.716202;17467,305739,0.853785
173406,7028088;55019,1882109,0.99498;10505,174811,0.834263;12108,263743,0.926481;15522,193109,0.723984;18683,314407,0.858088
162649,7033386;54655,1877717,0.995644;10309,173258,0.828712;12532,267434,0.926507;14748,194416,0.729057;18596,316377,0.855246
170733,7034814;55120,1889330,0.995007;10616,172201,0.825126;13237,265516,0.929402;14818,190778,0.725578;17808,308485,0.853386
160191,7023651;54816,1883244,0.995538;10764,172989,0.831315;12062,264808,0.930863;14500,191234,0.725339;17586,307369,0.854024
148017,7026491;55267,1894409,0.995272;11735,175782,0.829323;12330,265779,0.926879;14825,194779,0.722311;18232,316357,0.853254
161393,7033212;57404,1888087,0.995644;10261,173145,0.824409;12200,267567,0.925392;14749,193808,0.712749;19361,314093,0.851846
151221,7005791;56783,1884051,0.994449;10915,170590,0.826348;12032,260893,0.92842;14446,188354,0.716255;17783,307336,0.852085
152168,7035778;56362,1886217,0.995803;10854,174738,0.830465;12364,269354,0.930199;16064,195844,0.716282;18177,312551,0.861673
163477,7010000;56202,1880789,0.994502;11700,172490,0.834582;12310,261678,0.927384;14572,193162,0.730784;17970,308175,0.866587
155383,7031173;56480,1888847,0.995405;10695,174658,0.832563;13520,266588,0.930173;15113,195271,0.726693;18142,312338,0.856839
149349,7020846;56157,1879890,0.994927;10884,173290,0.835857;12122,263728,0.930093;14513,192110,0.731421;17894,308698,0.860239
148795,7027945;56103,1879818,0.995246;11314,174143,0.838327;12584,266641,0.93158;14667,194754,0.734582;18003,312674,0.869509
164250,7014218;56240,1883284,0.99575;10495,172239,0.835485;12752,265714,0.93004;14489,191745,0.73259;19366,312654,0.873732
150853,7024189;56230,1885699,0.995591;11246,173740,0.836627;12077,267793,0.931474;14846,198251,0.746614;17816,312591,0.868313
155176,7028383;56145,1880487,0.995219;10346,172602,0.839442;11906,265256,0.933493;14076,192024,0.747198;17650,308821,0.872244
152770,7018231;56221,1883140,0.994741;10601,174580,0.838327;11838,264168,0.934449;14175,192234,0.739309;17806,310820,0.870996
164366,7002708;56162,1879455,0.995193;10445,170743,0.835193;11805,262912,0.934582;13968,189639,0.740505;17405,306366,0.873891
160167,7024051;55965,1873132,0.995219;10327,173067,0.842842;12288,261617,0.932908;14183,191114,0.745896;17538,305649,0.87429
160393,7030493;56389,1883225,0.995139;10206,174011,0.847357;12115,265326,0.936069;14286,191109,0.750943;17725,304484,0.877955
163468,7009426;56082,1878956,0.995963;10283,171494,0.836414;12073,263933,0.933015;14229,188569,0.748738;17518,299764,0.879044
161016,7011596;56021,1874118,0.996149;10809,170544,0.834714;12199,260066,0.936308;13771,184032,0.747968;17534,299010,0.875538
143723,6987436;56053,1878695,0.995564;10435,167275,0.840425;11804,255313,0.932404;13930,186496,0.75174;16727,296332,0.874874
158313,6995916;56220,1883461,0.995644;10040,168484,0.842072;11691,254690,0.932112;13495,184735,0.752112;16309,292895,0.876308
159838,6980889;56047,1876259,0.996494;9896,168626,0.841461;11713,256054,0.93421;13600,185976,0.75336;16865,294897,0.882311
173358,7026276;56005,1877237,0.995432;10550,168827,0.845498;11605,254334,0.935777;13632,185482,0.759336;16975,295069,0.885046
157224,7015200;56434,1884755,0.995139;9826,166562,0.847118;11720,253679,0.937052;13346,184152,0.76409;16201,289901,0.889509
153867,6981704;56012,1878001,0.996042;10374,164590,0.843825;11395,251252,0.937769;12933,180927,0.766428;16073,290995,0.889668
168171,7008723;55936,1873143,0.995777;9704,165014,0.842948;11477,248130,0.936547;13091,182202,0.764887;15706,286770,0.894608
152441,6962601;55823,1868947,0.995697;9633,163033,0.841912;11102,243927,0.936441;12853,180215,0.762629;15567,280943,0.891129
162901,6972165;56187,1878748,0.995564;10032,159451,0.845657;11156,242237,0.936521;12510,174773,0.758672;15259,276592,0.889296
150397,6961572;56345,1888871,0.995724;9513,161405,0.840717;11257,242090,0.93591;12653,175248,0.757583;15633,275619,0.891527
155902,6919681;56385,1884199,0.996202;9945,162904,0.844701;11341,241269,0.932908;13173,178991,0.757795;15616,274424,0.888977
157095,6935765;56435,1886665,0.995007;9630,157633,0.837238;11159,238129,0.93413;12188,170360,0.750385;14970,268736,0.888712
157883,6925973;56841,1897102,0.995325;9663,157337,0.838645;10997,235943,0.933891;12227,171037,0.755936;14554,266022,0.888287
164463,6977774;56642,1892832,0.995352;9686,156555,0.837371;10956,236221,0.933891;12428,171186,0.755591;15241,269754,0.894369
167822,6899583;56635,1895574,0.994608;9449,152885,0.837424;10739,228783,0.929031;11935,165532,0.746667;14234,256345,0.883612
172722,6911175;56758,1898985,0.993971;9390,151331,0.832829;10629,227807,0.931235;11772,165249,0.74324;14042,257145,0.882576
142433,6849315;56587,1893998,0.994874;9135,148714,0.827198;10399,223496,0.932138;11149,158927,0.732297;13558,249711,0.878141
165892,6891666;57094,1909793,0.993811;9224,151086,0.827437;10357,222033,0.93012;8902,158086,0.721062;13259,249877,0.878141
173345,6870419;57154,1913099,0.993918;8736,144177,0.820372;10083,214510,0.929004;10567,153612,0.711873;13031,240624,0.878353
167447,6766146;57347,1926234,0.993891;8660,143779,0.822576;8708,213518,0.927463;11493,153501,0.707384;13488,239569,0.876733
148772,6783464;57480,1928090,0.993386;8748,141369,0.824197;10355,209067,0.927915;10242,147344,0.695671;12473,230153,0.874927
150012,6653380;57879,1936527,0.99259;8735,138867,0.81506;9574,203891,0.923639;10665,144871,0.683958;12880,221735,0.865259
157925,6767745;57868,1946700,0.993068;9074,137172,0.814529;9494,203710,0.923825;10114,142952,0.681594;12034,221897,0.85915
171561,6652585;57234,1957051,0.991501;8444,132146,0.809084;9098,193423,0.921381;9650,137788,0.677052;11509,210479,0.859256
152826,6597527;56663,1960272,0.992191;9413,129997,0.804276;9468,190075,0.91583;9588,133223,0.668765;11027,204223,0.849349
160102,6659998;56638,1962812,0.989668;8037,123815,0.800717;8702,184004,0.916892;8534,124971,0.658061;10655,197346,0.847888
147735,6561109;56878,1970031,0.990412;7944,123635,0.801541;8392,179564,0.917769;9133,125013,0.647649;10834,188885,0.838619
160931,6460177;56365,1975040,0.990385;7980,120816,0.796175;8495,173857,0.910412;8021,117938,0.625312;9277,181802,0.82996
148446,6353555;56345,1971926,0.98757;7002,115325,0.793041;7619,165310,0.908473;7119,110227,0.617397;8461,167174,0.822258
134584,6332503;57029,1989559,0.988154;6642,108917,0.784329;7349,157294,0.904993;6922,106556,0.595086;8252,163115,0.810757
144436,6147519;57422,2002480,0.988632;6273,101577,0.78239;6738,144316,0.902603;6020,94641,0.582151;7389,147871,0.802922
142136,6247093;57913,2020646,0.987251;5766,96838,0.773705;6721,141035,0.897078;5853,91707,0.565657;6955,139691,0.794768
125898,6035809;58164,2032755,0.987543;5589,91877,0.772271;5918,126646,0.8966;5342,84650,0.558141;6402,129674,0.78757
145307,6049087;58980,2059227,0.986906;5098,83955,0.765525;5548,117703,0.893227;4686,75422,0.536813;5622,115097,0.776946
138773,5950010;58975,2058024,0.984329;4586,74015,0.75413;5156,104838,0.888924;4245,68702,0.520876;5037,104719,0.767543
130901,5851942;59309,2074919,0.983347;4189,62831,0.750518;4458,90524,0.889641;3450,57088,0.505578;4325,90883,0.755803
124943,5033086;60305,2090422,0.983347;3651,47584,0.745896;3912,68983,0.886826;2355,39409,0.485764;3083,65229,0.744568
108065,4358897;59937,2113701,0.983001;2924,34188,0.741248;3015,50229,0.884436;1600,27573,0.471262;2078,45289,0.735644
84685,3485443;59985,2114764,0.981726;2626,23732,0.740584;2466,33932,0.886321;967,16762,0.459389;1388,30001,0.728579
66740,2607927;59918,2114560,0.980558;1919,14329,0.740531;1657,20605,0.886614;678,11524,0.456388;893,19359,0.727463
27890,1402404;60192,2123643,0.982258;1416,7594,0.740319;1622,11591,0.887065;350,5805,0.45344;476,10242,0.725684
18428,809270;59937,2116850,0.981912;1965,5315,0.741195;1289,6887,0.886375;229,3712,0.451687;306,6211,0.72502
11166,548691;60093,2124665,0.981355;1991,3839,0.740053;1228,5012,0.885339;216,3251,0.449402;258,5349,0.725046
9717,417914;60091,2118962,0.979973;1438,2180,0.740505;744,2875,0.88579;110,1600,0.449057;115,2256,0.725312
4121,156896;60214,2128939,0.980797;1372,964,0.741036;830,1216,0.886135;46,636,0.448977;81,1344,0.725817
2916,112214;60372,2131336,0.979416;660,498,0.741301;382,676,0.886029;32,478,0.449084;51,850,0.72595
