20811,7085730;1380,616499,0.974927;4403,790823,0.868632;4994,855618,0.956441;5517,789657,0.870173;5415,809281,0.952829
22395,6563797;1499,612321,0.97429;2416,205563,0.901726;2304,253416,0.955166;2166,225092,0.864754;2527,248880,0.911501
23371,6613985;1437,602605,0.977105;2708,217807,0.892377;2393,263822,0.952722;2274,230409,0.840797;2728,255446,0.892112
23155,6624642;1412,600841,0.975033;2900,224216,0.884197;2694,273358,0.945286;2605,239308,0.835272;2599,266827,0.887756
22330,6612169;1500,598791,0.977902;2804,227704,0.869376;2726,274210,0.944807;2374,241530,0.826507;2602,270363,0.887384
16795,6605311;1455,601631,0.972537;3011,233524,0.847118;2729,284364,0.934236;2981,240607,0.818167;3007,278943,0.886534
19255,6550013;1477,604979,0.969296;3062,231234,0.843718;2837,284045,0.92988;2647,241908,0.801753;2781,283084,0.887862
18970,6618755;1459,605751,0.963028;3109,233406,0.833147;2910,291114,0.924197;2882,252262,0.797769;2951,288554,0.886534
23834,6575374;1461,610929,0.967171;3297,240608,0.821673;2995,295313,0.917238;2940,255307,0.788207;3001,294941,0.886056
23218,6462048;1495,606202,0.959203;2949,235564,0.819602;2852,288944,0.91506;2671,246343,0.785551;3059,288680,0.887437
22599,6543798;1566,615298,0.956866;3204,244787,0.809668;3056,294324,0.901886;2999,259298,0.777052;3150,300082,0.887703
23251,6565325;1608,612646,0.949801;3169,244525,0.804622;3038,302561,0.897583;2899,256043,0.764515;3116,302358,0.884622
18581,6559085;1972,616964,0.944967;3081,248151,0.792351;3032,301089,0.896786;3126,262399,0.748048;3628,308443,0.883931
20714,6688224;1562,614001,0.945657;3388,250420,0.790066;3322,311297,0.89668;3239,264010,0.747039;3468,321846,0.889774
19800,6531092;1515,616357,0.946826;3095,248083,0.782842;3022,303595,0.891155;3413,264093,0.74741;3135,309874,0.891633
17503,6616533;1583,620204,0.946348;3047,252455,0.779283;3158,308152,0.88919;3188,262299,0.741248;3477,311474,0.887543
19575,6601881;1484,616014,0.941036;3234,253094,0.781195;3175,313597,0.894343;3469,272937,0.741939;3717,322671,0.890093
22054,6572190;1540,616147,0.941992;3230,245088,0.767437;3208,306195,0.893546;3353,267493,0.74757;3506,316874,0.891049
20723,6583055;1510,611409,0.947304;3644,246586,0.77907;3207,307589,0.895193;3289,262294,0.753679;3453,314322,0.891315
18352,6652618;1456,612855,0.94332;3185,256645,0.770465;3128,311621,0.89073;3468,270239,0.751607;3598,322439,0.893546
21298,6667294;1511,608287,0.94247;3311,255493,0.770837;3262,316321,0.889562;3421,274412,0.759841;3643,324864,0.889668
22058,6551627;1556,610813,0.935458;3161,244862,0.777424;3037,306110,0.894396;3557,263092,0.762019;3581,316385,0.90178
22188,6577216;2228,608194,0.939708;3344,248740,0.782258;3190,307813,0.897955;3234,264660,0.768446;3657,315112,0.903108
21661,6572177;2299,607817,0.943798;3366,247117,0.783054;3128,306649,0.897158;3210,258907,0.773918;3711,312159,0.908048
21811,6617491;2253,606156,0.948207;3729,249797,0.794475;3242,309971,0.90008;3471,263122,0.771952;3725,319054,0.907198
21693,6597996;2346,603360,0.943904;3503,249384,0.798035;3195,310574,0.902736;3508,265512,0.779602;3977,317392,0.902258
21932,6636705;2178,606395,0.94162;3332,249576,0.803453;3408,311293,0.908951;3425,266782,0.783533;3586,315754,0.90927
20362,6561979;2163,599259,0.945179;3279,244137,0.802762;3276,302693,0.914847;3465,254786,0.787198;3477,305572,0.911394
21560,6597093;2301,601476,0.948951;3161,250230,0.813599;3182,303385,0.911873;3131,260002,0.790173;3395,311970,0.912457
20081,6600005;2140,598817,0.945232;3613,248482,0.810146;3549,302899,0.911926;3518,255326,0.795857;3778,311945,0.9183
21675,6610914;2075,598142,0.953254;3610,245834,0.815618;3537,304819,0.917238;3596,259492,0.802497;3742,311580,0.918619
23394,6653517;2377,600232,0.954582;3803,246882,0.828845;3561,301356,0.922762;3567,260059,0.814608;3791,312977,0.921753
24081,6593365;2206,597232,0.959309;3895,246037,0.829854;3555,300808,0.925312;3404,258557,0.823958;3669,304761,0.923931
25162,6625166;2162,598998,0.956441;3572,248060,0.846959;3456,302858,0.928021;3547,262283,0.833041;3806,304787,0.924197
22627,6619661;2102,597649,0.963187;3799,239632,0.841806;3565,298272,0.93243;3400,254052,0.829695;3612,302834,0.923931
22894,6664663;2024,593595,0.96255;3912,246402,0.848234;3514,301765,0.936042;3368,256268,0.840797;3555,305204,0.926906
22838,6643378;2106,593183,0.965737;3431,242942,0.849509;3271,298005,0.933758;3378,259115,0.840372;3523,300405,0.928765
22448,6596247;2247,595867,0.969084;3918,239275,0.851846;3354,291438,0.931262;3182,253115,0.840319;3521,295953,0.928127
23221,6669152;2154,593795,0.963984;3606,242242,0.864117;3394,296270,0.937902;3498,257531,0.856096;3560,299605,0.929721
22420,6569158;2116,589331,0.96834;3414,235548,0.853705;3160,288458,0.941886;3120,249645,0.860345;3361,287789,0.931687
22631,6661724;2554,589081,0.975511;3677,237050,0.86502;3423,290555,0.943108;3154,251692,0.850677;3321,296904,0.928234
20705,6649780;2406,589244,0.974449;3555,239431,0.869429;3498,290871,0.944701;3230,253427,0.857795;3432,293446,0.930518
20900,6575134;2235,587410,0.97073;3427,239070,0.87012;3324,285041,0.944754;3077,252033,0.868367;3486,288520,0.935193
20168,6569056;2298,591764,0.974183;3609,233081,0.868048;3271,280717,0.946189;3025,250091,0.873891;3129,285815,0.939389
21705,6557958;2226,587780,0.975989;3233,235896,0.866879;3091,286068,0.95081;2943,248752,0.879841;3142,286828,0.936361
23582,6589145;2287,588509,0.976627;3297,228539,0.864436;2890,279773,0.947835;2817,246032,0.869535;3194,280582,0.934555
24124,6542706;2233,586882,0.979495;3198,230930,0.873094;2995,282219,0.953094;2639,247261,0.867304;3025,280766,0.940133
23972,6625374;2206,588275,0.980292;3454,236458,0.875644;2993,286384,0.959628;2870,248749,0.873094;3136,286966,0.935618
24021,6630167;2265,584206,0.981142;3284,231569,0.872882;3053,284716,0.958566;2806,245575,0.881487;3116,286194,0.936574
17659,6588430;2402,586861,0.98093;3315,238756,0.881328;3438,282077,0.955219;2782,244679,0.873094;2965,281672,0.936999
19341,6611875;2237,583802,0.981726;3272,225027,0.879469;2864,279803,0.955272;2923,245704,0.881965;3129,281633,0.939495
21290,6616768;2178,581945,0.978274;3271,230023,0.871182;3092,283109,0.952138;2802,247782,0.87761;3147,284416,0.938327
19462,6642508;2254,585459,0.979017;3325,234334,0.878672;3140,287096,0.950598;2737,246633,0.882444;3491,288327,0.942683
23288,6540573;2377,585135,0.982151;3253,232035,0.879416;2986,277372,0.95012;2832,240932,0.872988;3087,282293,0.938486
23632,6569199;2450,582466,0.978061;3347,226733,0.868579;3032,277210,0.95081;2870,241213,0.875219;3014,278390,0.938008
23017,6577313;2263,580133,0.975936;3216,227238,0.875219;3038,279001,0.952829;3050,242095,0.877716;3121,278667,0.937902
20437,6624167;2259,582970,0.978486;3349,232586,0.87421;3095,285583,0.947676;2919,248065,0.865126;3216,287900,0.93413
20001,6500240;2311,583738,0.97344;3288,226577,0.87081;3081,273718,0.948154;3112,241567,0.864807;2994,279711,0.933015
20344,6570267;2267,586562,0.976733;3469,230444,0.869482;2894,279316,0.940239;2824,241043,0.851368;3008,282116,0.926162
15915,6601295;2237,587394,0.973121;3250,233385,0.85413;2901,285170,0.937477;2649,246201,0.842603;3133,288321,0.934396
16807,6595221;2313,583662,0.968606;3167,231410,0.857583;3021,283972,0.936627;2840,246126,0.84749;3188,288299,0.925312
16572,6589144;2215,584940,0.96919;3235,233311,0.853758;3148,290864,0.935989;3232,247068,0.840372;3531,293320,0.923293
15933,6596284;2383,587512,0.968234;3463,239298,0.8451;3615,292052,0.937371;3194,250943,0.832882;3193,292070,0.920053
21481,6563167;2352,586846,0.958459;3493,233446,0.832138;3156,287418,0.926056;3152,248672,0.831129;3340,289083,0.917769
21390,6696792;2301,590312,0.960266;3592,240872,0.838247;3147,293351,0.923453;3222,251750,0.823267;3393,297864,0.916866
20519,6577212;2237,585569,0.9566;3332,233776,0.827782;3018,287841,0.915113;3079,247339,0.816733;3281,292467,0.915007
18388,6624338;2504,587431,0.955219;3348,238005,0.819973;3108,293030,0.918035;3284,249182,0.806056;3669,295892,0.90996
22522,6607814;2325,594276,0.949429;3261,240102,0.813227;3185,292647,0.916335;3276,253226,0.799522;3368,296522,0.907942
22591,6613628;2273,592611,0.953679;3079,232187,0.802125;3005,290094,0.910598;2924,249842,0.796016;3233,291701,0.907995
24115,6657970;2275,596242,0.949004;2964,244951,0.806799;3212,295921,0.909004;3381,256350,0.783373;3534,309150,0.906507
23777,6565055;2477,595216,0.943851;2923,235898,0.801859;3260,293539,0.909323;3337,249367,0.774024;3571,299424,0.903533
22050,6608984;2430,593622,0.935564;3172,240733,0.794475;3476,295009,0.897477;3456,251402,0.765843;3737,305004,0.901514
21280,6587229;2305,599364,0.942948;3352,238722,0.788685;3183,296544,0.897371;3498,257329,0.769774;3685,306096,0.904595
20936,6626096;2249,600509,0.937264;3298,243084,0.790438;3466,301630,0.898592;3513,255703,0.774555;3489,306686,0.902417
20864,6564020;2485,599842,0.937211;3255,239957,0.78741;2960,294759,0.896627;3426,253862,0.76595;3458,303092,0.897264
19815,6607775;2379,603368,0.931368;3409,243170,0.77838;3301,298700,0.895352;3774,255652,0.76425;3808,311618,0.903054
22462,6525672;2340,601582,0.933386;3293,244514,0.772324;3083,297270,0.891793;3503,252559,0.754369;3494,307152,0.898592
16411,6594934;2502,602137,0.930305;3167,243452,0.768446;3293,303205,0.886215;3433,256511,0.74093;3734,310165,0.89259
15323,6580075;2651,603710,0.923293;3484,243115,0.756972;3298,303321,0.886906;3510,253233,0.733918;3807,309279,0.885631
18674,6555641;2395,603094,0.92425;3243,240835,0.757078;3494,301842,0.882869;3522,255668,0.739442;3765,309815,0.885631
19345,6619496;2444,605630,0.92494;3140,251881,0.772271;3287,311630,0.882072;3510,267329,0.743108;3525,320223,0.888499
19859,6688729;2278,603282,0.921965;3069,253776,0.769084;3299,312405,0.88;3644,272105,0.73073;3746,325084,0.884993
18391,6562943;2493,609334,0.929084;3007,249356,0.756547;3199,306140,0.872351;3477,260342,0.720531;3702,315326,0.881965
22632,6568074;2231,609649,0.921328;3105,240674,0.752138;3211,300477,0.876228;3466,253811,0.721222;3630,308242,0.883559
19154,6675430;2312,613461,0.920531;3295,251381,0.756972;3565,315814,0.872776;3665,267215,0.7183;3754,322063,0.884515
20323,6582031;2285,609499,0.924356;3012,247999,0.752935;3160,308129,0.870863;3618,263622,0.726056;3721,319247,0.884462
22764,6579159;2402,607811,0.921541;3075,247304,0.756866;3241,308930,0.884781;3969,262565,0.719416;3661,311640,0.877875
22704,6593981;2317,609696,0.921062;3205,250678,0.756335;3311,312461,0.875857;3406,261893,0.718513;3380,319412,0.882975
23007,6545524;2414,611306,0.915219;2947,250112,0.752032;3431,307570,0.874741;3534,259087,0.722178;3806,317785,0.888765
23515,6599924;2311,610985,0.916388;3050,249718,0.75166;3132,307630,0.873679;3591,262420,0.715857;3812,316745,0.880903
22510,6644189;2428,611473,0.9234;3281,256717,0.746135;3083,315891,0.861355;3684,271096,0.718353;3719,327332,0.881753
22629,6610843;2397,609362,0.91745;3014,250204,0.742098;3115,306834,0.863533;3653,261590,0.721381;3904,319678,0.879841
22566,6621405;2380,618084,0.918938;3289,259962,0.753572;3313,319461,0.868632;3769,271316,0.722656;3821,326206,0.882072
23370,6658688;2416,614964,0.916175;3363,252559,0.753572;3293,313278,0.871288;3624,268891,0.715963;3830,326238,0.879416
23486,6595973;2383,611231,0.91676;3094,251148,0.757503;3165,312019,0.867304;3742,261144,0.718247;3978,317273,0.879947
22598,6632806;2376,612891,0.920797;3324,249850,0.756335;3207,315436,0.876388;4163,271481,0.72255;3882,321664,0.882975
22903,6479227;2307,610824,0.920372;3349,246861,0.765525;3196,301515,0.874688;3705,251458,0.719309;3594,306266,0.884993
21484,6595006;2504,612873,0.920478;3586,253681,0.762444;3087,311323,0.872244;3564,266293,0.733174;3743,318283,0.888606
22042,6657076;2348,612211,0.92085;3104,251688,0.755857;3470,317703,0.873732;3975,270272,0.737955;4046,322313,0.886056
22383,6584113;2426,612950,0.921169;3427,251707,0.753094;3539,308272,0.868738;3943,266161,0.736361;3988,315211,0.880797
19635,6633647;2312,612284,0.926375;3520,255372,0.764887;3871,308429,0.879681;4047,267843,0.745604;4295,321470,0.890518
22491,6567099;2334,617123,0.927596;3463,242889,0.759044;3492,304914,0.872085;3732,258442,0.733918;3888,308996,0.886321
22222,6599829;2449,616714,0.932749;3467,252938,0.759416;3625,309705,0.88239;3735,264567,0.736999;3963,318763,0.895458
20100,6515984;2575,614412,0.929721;3530,245984,0.767171;3395,295869,0.883931;3535,254165,0.742045;3785,302890,0.895299
23359,6600998;2323,609473,0.928659;3339,249246,0.769615;3583,305443,0.886906;4049,263000,0.748367;3984,316269,0.901886
23460,6537245;2405,615600,0.929827;3386,248833,0.766268;3476,308072,0.882603;3744,258334,0.750279;3874,308685,0.896839
23352,6606801;2411,614328,0.930996;3427,247927,0.776946;3439,303417,0.892377;4029,264317,0.759203;4096,314702,0.896308
20440,6569923;2463,613904,0.936521;3581,245646,0.782151;3550,302327,0.893599;3570,262293,0.762709;3942,312994,0.900239
21572,6484670;2310,613157,0.932483;3456,241374,0.777742;3624,294081,0.887384;3633,250522,0.765578;3838,303254,0.899761
18688,6596144;2418,615754,0.935352;3533,251783,0.785551;3809,307690,0.890093;3734,263323,0.772749;3699,309613,0.898645
21455,6549693;2448,617744,0.935458;3343,242211,0.78332;3720,296048,0.894927;3701,254774,0.767384;3733,307425,0.899017
17766,6504570;2534,614065,0.936042;3409,242214,0.783745;3240,296085,0.890943;3189,250387,0.777371;3553,302407,0.899708
22441,6571020;2486,615529,0.941514;3043,244670,0.788685;3034,297664,0.894343;3497,256136,0.783639;3585,302023,0.905604
22547,6523331;2726,613166,0.941408;3029,238730,0.790066;3047,296199,0.90178;3454,253220,0.782364;3285,295117,0.90927
22716,6547495;2446,613373,0.940823;2872,235081,0.7949;2942,291544,0.89992;3149,250195,0.781301;3319,297270,0.904223
21436,6467168;2517,614232,0.946879;2761,230184,0.787835;2847,285496,0.90178;3117,245561,0.776786;3193,287655,0.913838
22015,6473110;2332,621898,0.948845;3107,235346,0.7949;3099,289500,0.894821;3240,245774,0.779814;3194,294604,0.91012
24184,6495882;2259,612287,0.939389;3020,233372,0.795378;3257,289413,0.898858;3256,246520,0.776202;3072,293610,0.910438
23912,6525712;2426,614465,0.949907;3159,237547,0.799734;3263,287449,0.910385;3618,248723,0.778699;3310,289945,0.910066
23938,6502481;2482,618249,0.951023;3077,235251,0.806481;3109,287911,0.907039;3186,254390,0.795272;3209,292647,0.911341
23805,6493602;2352,616564,0.952138;3148,230526,0.807915;2952,283782,0.903108;2986,242214,0.790013;3489,285687,0.910757
22234,6472858;2257,615388,0.952457;3082,229987,0.809615;2859,283784,0.904011;2969,239322,0.78656;3013,285566,0.913041
20908,6506608;2349,617534,0.94757;2828,227061,0.805206;2748,279027,0.911394;3042,242321,0.78417;3197,282167,0.914847
21994,6366012;2449,611773,0.947623;3089,222024,0.797503;3101,270352,0.913254;2939,235441,0.791766;3277,274186,0.915803
21463,6352780;2422,613256,0.94502;3155,223586,0.796228;2815,265878,0.909695;2889,232643,0.789695;3209,273188,0.909376
21206,6189023;2372,610384,0.953785;2912,215043,0.801434;2697,265008,0.913466;3016,228811,0.791766;2976,271223,0.912244
21846,6279751;2436,615618,0.956282;2876,210897,0.803931;2670,254170,0.908898;2838,220114,0.78911;3251,259162,0.914316
18830,6249017;2565,616992,0.953572;2883,211188,0.808127;3123,257791,0.907251;2817,217618,0.786295;2869,256387,0.914847
20492,6212850;2434,614991,0.961541;2719,210609,0.806906;2689,250592,0.907888;2811,219818,0.789748;2840,261842,0.924037
18581,6180614;2388,613567,0.957503;3298,206005,0.802603;2878,252238,0.911076;2580,214297,0.798672;2659,254543,0.923347
21108,6116482;2345,617097,0.957981;2673,200928,0.798725;2479,245356,0.908048;2579,210975,0.7983;2603,250339,0.917928
21705,6113721;2378,616631,0.963665;3228,199627,0.81073;3407,245087,0.908207;2973,211301,0.79336;2650,244361,0.925737
21864,6150617;2271,613331,0.961912;2917,192397,0.809243;2660,232380,0.914422;2361,199072,0.792776;2488,236129,0.925259
20787,5933448;2368,617636,0.959628;2595,186194,0.814768;2613,224671,0.911023;2855,195143,0.788951;2552,224742,0.930305
20941,5970622;2377,616175,0.964356;2809,179568,0.812802;2504,215335,0.910385;2123,188298,0.792085;2262,217710,0.932749
20914,5919298;2560,618667,0.962072;2491,177794,0.819973;3002,216784,0.906667;2577,187439,0.785286;2349,217083,0.920956
19838,5722828;2384,618615,0.963134;2290,171779,0.814927;2215,203100,0.912032;2048,175953,0.779283;2110,206818,0.926799
17927,5709351;2365,621988,0.960106;3011,168610,0.812537;2600,199868,0.913679;1909,169760,0.793041;2046,200322,0.927331
20199,5689189;2369,620638,0.966853;2350,159463,0.812112;2024,192861,0.910544;1801,165734,0.790491;2026,192450,0.93158
18421,5456411;2425,625260,0.958831;2135,148875,0.815936;2673,180307,0.906879;2043,152100,0.779177;1788,180477,0.930093
17491,5215557;2445,626771,0.956972;2243,143912,0.81259;1953,168668,0.90672;1425,144450,0.77073;1642,166704,0.93498
12216,5053286;2418,628342,0.96085;2583,127628,0.819495;2187,151213,0.904117;1610,129841,0.780292;1471,152369,0.932802
12703,4882204;2518,629370,0.95745;1678,120873,0.808924;1540,143272,0.904542;1085,120124,0.771846;1079,143843,0.932802
13489,4845427;2460,632759,0.956282;1502,97158,0.812483;1353,121794,0.901673;855,102509,0.772643;1058,122750,0.929137
12087,3926947;2448,635008,0.955538;1380,74546,0.808074;1198,88812,0.901514;608,75071,0.763984;670,88502,0.931049
11170,3060755;2429,637285,0.953944;1075,54853,0.810465;980,63580,0.89838;426,53508,0.760903;493,65830,0.928287
8372,2388220;2436,634646,0.951394;1123,37435,0.813865;816,43038,0.896361;287,37600,0.76;322,44832,0.929349
5341,1591484;2432,641093,0.951607;760,25358,0.812696;854,27807,0.898061;198,23204,0.758884;227,30025,0.930571
3350,1017504;2520,644083,0.951235;785,14156,0.814821;628,18378,0.899336;123,14853,0.759734;137,17677,0.930943
2155,621386;2645,641720,0.949057;563,9276,0.814343;542,10951,0.900027;64,8471,0.75591;71,10353,0.93004
1750,487664;2552,641987,0.953732;537,5885,0.814821;418,6769,0.901355;37,4992,0.756016;46,6814,0.93073
688,201638;2529,639781,0.951873;382,3457,0.814024;305,3348,0.901036;31,3169,0.755644;33,3536,0.930412
453,160749;2407,641761,0.952244;294,2227,0.815033;285,2585,0.901567;19,2422,0.75591;20,2840,0.930996
