3,1770;12,3572,1;6,1477,0.993333;8,2132,0.996667;7,1515,0.993333;7,1580,1
2,1536;12,3569,1;2,603,0.96;4,972,0.983333;4,778,0.96;4,790,0.906667
3,1596;13,3570,1;3,690,0.946667;6,1399,0.99;6,1089,0.933333;7,1395,0.94
2,1581;12,3602,1;3,740,0.913333;5,1188,0.986667;5,944,0.836667;4,976,0.843333
3,1632;12,3311,1;4,839,0.94;5,1239,0.993333;6,1100,0.903333;3,1114,0.923333
3,1693;11,3303,0.996667;2,836,0.986667;4,1340,0.97;3,1035,0.77;9,1188,0.883333
3,1667;13,3736,1;3,800,0.91;6,1405,0.996667;6,1076,0.813333;5,1131,0.943333
3,1629;11,3279,1;3,728,0.916667;5,1254,0.99;5,971,0.79;5,1103,0.86
3,1647;12,3169,1;4,791,0.9;5,1278,1;6,1002,0.853333;5,976,0.906667
3,1612;14,3545,1;3,630,0.813333;5,1115,0.916667;4,833,0.783333;4,869,0.823333
3,1663;13,3420,1;4,716,0.88;6,1270,0.983333;5,876,0.803333;6,1113,0.933333
3,1661;14,3546,1;3,645,0.933333;6,1273,0.993333;5,986,0.906667;4,897,0.89
3,1638;14,3418,1;3,620,0.913333;4,943,0.82;4,809,0.91;4,839,0.84
2,1581;13,3295,1;2,494,0.923333;4,898,0.946667;3,608,0.913333;3,551,0.773333
3,1613;14,3471,1;3,549,0.91;4,917,0.886667;4,837,0.88;4,869,0.863333
3,1666;14,3493,1;3,697,0.88;5,1089,0.986667;4,805,0.79;4,873,0.84
3,1670;14,3414,1;3,798,0.933333;3,1272,0.963333;3,908,0.873333;3,859,0.936667
3,1678;13,3220,1;3,734,0.86;6,1299,0.966667;5,899,0.85;5,924,0.87
3,1680;13,3266,1;4,730,0.956667;6,1163,0.93;4,754,0.73;5,861,0.873333
3,1626;12,3111,0.996667;3,658,0.986667;3,943,0.896667;3,770,0.94;3,793,0.836667
2,1434;13,3208,1;2,547,0.996667;3,758,0.916667;3,615,0.893333;3,688,0.846667
3,1710;14,3342,1;3,638,0.916667;6,1229,0.996667;5,946,0.856667;5,1077,0.883333
3,1657;14,3433,1;3,678,0.973333;5,1021,0.966667;4,799,0.886667;4,831,0.903333
3,1616;13,3237,1;3,634,0.966667;5,1014,0.996667;4,714,0.883333;4,861,0.896667
3,1613;13,3281,1;3,540,0.953333;4,867,0.96;4,675,0.893333;3,704,0.9
2,1585;13,3097,1;3,492,0.89;4,881,0.976667;4,691,0.9;4,775,0.916667
2,1552;13,3270,1;3,564,0.88;4,840,0.956667;4,698,0.89;4,712,0.886667
2,1542;14,3540,1;3,532,0.976667;3,724,0.9;4,752,0.893333;3,737,0.91
2,1537;12,3432,1;2,453,0.946667;4,836,0.983333;3,678,0.9;4,732,0.876667
3,1705;12,3220,1;3,583,0.933333;5,1045,0.996667;5,895,0.866667;5,1008,0.85
3,1690;11,3183,1;3,512,0.92;5,1052,0.966667;4,809,0.74;4,856,0.883333
3,1628;11,3092,1;2,507,0.8;4,878,0.95;3,849,0.866667;2,799,0.786667
3,1661;11,3168,1;2,505,0.79;4,982,0.923333;11,724,0.766667;4,839,0.79
3,1680;11,3157,1;3,691,0.933333;4,967,0.85;4,781,0.83;4,916,0.913333
3,1668;12,3449,1;3,568,0.856667;5,1257,0.993333;4,860,0.886667;4,985,0.936667
3,1653;15,3367,1;3,553,0.89;4,999,0.996667;5,906,0.8;4,930,0.836667
3,1682;14,3632,1;3,670,0.956667;5,1186,0.98;5,961,0.863333;6,1118,0.893333
3,1590;13,3306,0.97;2,542,0.916667;4,822,0.99;4,755,0.863333;4,852,0.87
2,1589;13,3329,0.993333;3,616,0.93;4,998,0.946667;4,772,0.843333;4,904,0.85
2,1570;13,3344,0.97;2,541,0.966667;4,862,0.993333;3,692,0.873333;3,745,0.873333
2,1617;13,3366,1;3,573,0.876667;3,944,0.996667;2,763,0.873333;3,944,0.883333
3,1676;16,3350,1;3,563,0.886667;4,904,0.963333;4,885,0.803333;4,950,0.813333
2,1622;13,3352,1;2,479,0.743333;4,860,0.963333;3,708,0.91;4,801,0.916667
2,1626;14,3460,1;3,594,0.92;4,840,0.94;3,604,0.883333;3,663,0.833333
2,1524;13,3277,1;1,385,0.866667;3,716,0.893333;3,633,0.846667;3,646,0.796667
2,1550;11,3229,1;3,553,0.883333;4,827,0.916667;4,767,0.81;3,752,0.79
2,1626;12,3464,1;3,588,0.916667;4,843,0.926667;3,648,0.796667;4,724,0.823333
3,1666;12,3391,1;4,568,0.896667;4,829,0.916667;5,929,0.836667;5,921,0.85
3,1633;12,3479,1;3,547,0.946667;11,846,0.89;4,748,0.846667;5,939,0.863333
2,1639;11,3249,1;3,604,0.916667;5,1288,1;18,854,0.91;4,949,0.923333
2,1614;12,3575,1;3,554,0.9;4,887,0.976667;4,901,0.886667;4,910,0.906667
2,1591;15,3469,1;3,687,0.916667;4,1001,0.91;4,893,0.84;5,966,0.896667
3,1649;11,3335,1;3,660,0.946667;5,1127,0.973333;4,916,0.826667;4,896,0.896667
2,1524;12,3427,1;2,498,0.96;3,807,0.986667;4,819,0.873333;4,836,0.89
3,1660;13,3588,1;2,484,0.936667;5,912,0.95;3,703,0.853333;3,807,0.876667
2,1576;12,3359,1;2,426,0.9;4,904,0.99;3,681,0.853333;4,775,0.876667
2,1573;12,3453,1;3,635,0.93;4,903,0.976667;4,735,0.816667;3,773,0.876667
2,1523;12,3268,1;2,466,0.953333;3,614,1;3,668,0.82;3,669,0.833333
2,1619;11,3077,1;2,441,0.873333;3,728,0.963333;4,680,0.81;4,760,0.84
2,1535;11,3270,1;3,452,0.913333;3,541,1;3,642,0.81;3,690,0.84
2,1601;11,3302,1;3,530,0.96;3,640,0.946667;4,780,0.8;4,860,0.883333
2,1506;11,3259,1;3,519,0.98;3,569,0.85;3,555,0.823333;3,599,0.853333
2,1613;11,3169,1;2,359,0.933333;3,706,0.95;3,633,0.773333;3,689,0.8
3,1684;11,3176,1;2,417,0.93;3,584,0.906667;4,725,0.766667;4,838,0.843333
3,1664;12,3233,1;2,430,0.9;3,594,0.843333;3,675,0.85;3,678,0.856667
2,1571;11,3145,1;2,472,0.923333;4,713,0.92;3,521,0.736667;3,570,0.8
3,1661;11,3213,1;2,398,0.82;4,689,0.836667;3,656,0.743333;3,697,0.723333
2,1604;11,3190,1;2,366,0.846667;3,561,0.85;3,585,0.786667;3,640,0.77
2,1501;11,3135,1;2,401,0.893333;3,577,0.846667;3,579,0.813333;2,546,0.826667
2,1568;12,3347,1;1,300,0.83;2,448,0.843333;2,499,0.78;3,584,0.796667
2,1511;12,3241,1;3,483,0.903333;4,688,0.963333;3,520,0.796667;2,505,0.826667
2,1446;11,2992,1;2,368,0.863333;3,617,0.87;4,656,0.756667;2,623,0.846667
2,1639;11,3182,1;2,447,0.893333;11,770,0.893333;3,638,0.723333;3,651,0.866667
2,1585;11,3072,1;2,463,0.85;4,692,0.953333;4,718,0.803333;4,755,0.836667
2,1567;11,3053,1;2,401,0.833333;4,802,0.973333;3,639,0.866667;3,678,0.863333
2,1584;12,3176,1;3,516,0.91;4,803,0.94;5,837,0.84;4,827,0.873333
3,1650;11,3070,1;2,503,0.933333;4,863,0.996667;4,685,0.86;8,685,0.88
3,1690;11,3057,1;2,510,0.873333;3,720,0.93;3,717,0.776667;3,751,0.87
2,1597;11,3054,1;2,491,0.913333;3,697,0.94;2,628,0.813333;2,641,0.833333
2,1607;11,3140,1;1,469,0.98;2,733,0.96;2,665,0.836667;2,652,0.853333
2,1629;11,3081,1;3,471,0.916667;5,886,0.953333;5,713,0.816667;5,728,0.863333
2,1456;11,3195,1;2,281,0.773333;4,576,0.946667;3,566,0.806667;3,501,0.826667
2,1621;11,3094,1;3,532,0.883333;5,779,0.963333;6,749,0.82;4,776,0.856667
2,1618;11,3011,1;3,548,0.973333;4,701,0.973333;3,578,0.81;3,536,0.793333
2,1641;11,3059,1;2,444,0.92;4,823,0.99;3,625,0.84;4,725,0.853333
2,1519;11,3011,1;2,447,0.986667;3,628,0.996667;3,604,0.833333;3,667,0.83
3,1665;11,3093,1;3,516,0.953333;4,795,0.996667;4,753,0.83;4,818,0.833333
2,1382;11,3062,1;1,254,0.886667;2,449,0.986667;2,400,0.786667;2,472,0.796667
2,1610;11,3087,1;1,318,0.786667;3,516,0.866667;3,614,0.856667;3,566,0.83
3,1656;11,3020,1;2,453,0.91;4,612,0.833333;3,619,0.836667;3,625,0.843333
2,1497;11,3119,0.996667;1,300,0.926667;2,424,0.866667;2,484,0.826667;2,450,0.796667
3,1690;12,3224,1;3,506,0.88;4,867,0.996667;4,701,0.826667;4,798,0.826667
2,1549;11,3115,1;2,429,0.946667;3,530,0.876667;3,497,0.846667;3,523,0.816667
2,1583;12,3319,1;2,428,0.936667;4,827,0.96;3,589,0.82;3,626,0.803333
2,1528;11,3164,1;2,312,0.896667;3,629,0.983333;3,582,0.84;3,699,0.826667
3,1627;12,3073,1;2,429,0.916667;3,587,0.956667;3,567,0.87;3,696,0.853333
2,1544;13,3400,1;1,264,0.823333;2,442,0.886667;2,479,0.826667;3,611,0.866667
3,1642;13,3261,1;2,462,0.813333;4,915,0.98;4,693,0.886667;4,768,0.883333
2,1553;13,3385,1;2,355,0.856667;3,560,0.973333;2,426,0.896667;2,528,0.883333
3,1670;13,3196,1;2,448,0.846667;4,747,0.883333;4,730,0.883333;4,851,0.896667
2,1557;12,3175,1;2,395,0.883333;4,708,0.953333;15,564,0.786667;3,587,0.81
2,1489;13,3147,1;2,346,0.866667;3,538,0.933333;3,671,0.886667;3,669,0.876667
2,1547;13,3098,1;2,487,0.903333;3,676,0.846667;3,626,0.92;4,738,0.86
2,1596;14,3383,1;2,465,0.946667;2,431,0.843333;3,508,0.903333;2,539,0.82
3,1593;13,3143,1;2,434,0.893333;3,516,0.786667;3,615,0.826667;4,743,0.88
3,1633;13,3192,1;2,491,0.94;4,823,0.93;3,581,0.846667;4,680,0.856667
2,1475;13,3126,1;2,355,0.953333;3,516,0.883333;2,524,0.863333;2,519,0.853333
2,1515;13,3115,1;2,367,0.936667;3,707,0.966667;2,457,0.88;2,535,0.856667
2,1471;13,3103,1;2,382,0.923333;2,521,0.996667;3,551,0.893333;3,586,0.87
2,1656;12,2925,1;2,435,0.99;3,592,0.96;3,529,0.8;3,565,0.78
2,1608;13,3215,1;2,420,0.906667;3,647,0.943333;3,600,0.84;2,506,0.7
2,1606;13,3185,1;2,476,0.906667;4,751,0.96;3,662,0.863333;3,703,0.85
2,1653;12,3096,1;2,399,0.893333;3,694,0.9;4,782,0.846667;4,799,0.823333
2,1382;13,3296,1;1,272,0.853333;3,572,0.89;3,578,0.843333;3,634,0.796667
2,1572;13,3089,1;2,407,0.896667;3,622,0.92;3,609,0.846667;3,668,0.83
2,1654;13,3257,1;3,547,0.903333;4,809,0.996667;4,783,0.85;4,861,0.826667
2,1620;13,3277,1;2,516,0.966667;4,796,1;4,709,0.826667;4,723,0.82
2,1413;13,3078,1;1,233,0.876667;2,415,0.976667;2,418,0.82;2,458,0.816667
2,1474;12,3065,1;1,277,0.91;3,479,0.986667;3,583,0.84;3,646,0.836667
2,1652;13,3155,1;2,441,0.88;4,754,1;3,589,0.83;4,808,0.82
2,1626;12,3140,1;2,346,0.873333;3,623,0.973333;3,553,0.853333;3,577,0.826667
3,1674;13,3204,1;2,334,0.86;10,613,0.946667;4,671,0.823333;4,819,0.823333
2,1539;13,3086,1;2,457,0.97;3,576,0.92;3,589,0.823333;3,577,0.796667
3,1665;12,3088,1;2,327,0.893333;3,519,0.926667;3,625,0.83;4,723,0.793333
2,1617;12,2853,0.966667;2,372,0.893333;3,577,0.933333;4,714,0.84;4,730,0.803333
2,1479;12,3154,1;2,352,0.936667;2,440,0.896667;2,545,0.82;2,654,0.82
2,1617;13,3220,1;2,409,0.933333;4,645,0.943333;3,602,0.82;3,659,0.816667
2,1625;13,3294,1;2,345,0.94;3,519,0.94;3,587,0.786667;3,666,0.79
2,1613;12,3035,1;2,333,0.93;3,583,0.943333;3,569,0.776667;3,657,0.733333
2,1482;13,3292,1;1,257,0.9;2,463,0.963333;2,451,0.73;2,368,0.68
2,1639;13,3212,1;2,409,0.906667;4,763,0.996667;4,842,0.713333;5,956,0.723333
2,1519;13,3206,1;1,232,0.816667;2,457,0.936667;3,572,0.756667;3,643,0.73
2,1579;12,2935,0.993333;2,468,0.963333;3,601,0.966667;3,544,0.763333;3,579,0.74
2,1659;13,3157,1;3,517,0.98;4,766,0.98;4,691,0.783333;4,672,0.723333
2,1535;12,3015,1;2,417,0.943333;3,731,0.98;3,617,0.81;3,752,0.783333
2,1537;13,3198,1;2,319,0.936667;3,499,0.963333;3,562,0.756667;3,528,0.783333
2,1558;13,3357,1;2,307,0.93;2,408,0.91;3,629,0.746667;3,706,0.75
3,1677;12,3028,0.986667;2,469,0.88;4,714,0.946667;3,669,0.783333;4,773,0.766667
2,1605;12,3020,1;3,528,0.976667;11,583,0.903333;3,585,0.826667;4,752,0.8
2,1649;13,3150,1;2,365,0.96;3,520,0.956667;2,512,0.846667;2,545,0.82
2,1599;13,3095,1;2,357,0.91;2,406,0.863333;3,604,0.806667;4,780,0.816667
2,1634;14,3396,1;2,445,0.933333;3,656,0.92;3,716,0.793333;3,716,0.813333
2,1530;14,3369,1;1,415,0.853333;2,697,0.933333;2,716,0.836667;2,709,0.83
2,1593;13,3314,1;1,284,0.753333;2,628,0.92;2,632,0.85;2,702,0.853333
2,1654;13,3357,0.99;2,538,0.87;3,976,1;5,866,0.796667;5,846,0.866667
3,1693;13,3232,1;2,507,0.86;5,1014,0.963333;5,800,0.82;4,819,0.826667
3,1659;12,3012,1;2,480,0.86;4,700,0.92;4,746,0.85;4,848,0.806667
2,1419;13,3075,1;1,385,0.876667;4,896,0.95;3,662,0.853333;4,713,0.796667
2,1464;14,3326,1;1,233,0.723333;3,536,0.923333;3,594,0.856667;3,625,0.826667
2,1668;14,3416,1;2,397,0.836667;4,718,0.913333;4,818,0.85;4,849,0.83
3,1677;14,3339,0.996667;3,553,0.883333;5,973,0.966667;3,681,0.836667;4,795,0.823333
2,1632;12,3126,1;2,497,0.933333;4,872,0.963333;3,671,0.813333;4,846,0.786667
2,1643;13,3136,1;2,456,0.903333;4,835,0.95;4,688,0.793333;3,674,0.756667
2,1610;17,3151,1;2,380,0.866667;4,663,0.926667;4,688,0.793333;4,764,0.783333
2,1574;12,3300,1;2,416,0.933333;4,749,0.92;3,600,0.803333;3,685,0.766667
2,1537;12,3245,0.986667;2,386,0.856667;3,733,0.943333;4,732,0.833333;4,820,0.84
2,1618;12,3219,0.996667;2,517,0.896667;4,881,0.996667;3,700,0.823333;3,769,0.853333
3,1685;12,3226,0.983333;2,466,0.956667;4,919,0.993333;4,628,0.843333;3,655,0.846667
2,1586;12,3168,1;2,449,0.956667;3,663,0.93;4,663,0.846667;4,805,0.86
2,1609;12,3204,1;2,429,0.89;4,702,0.933333;4,737,0.826667;4,776,0.85
2,1613;13,3129,1;2,391,0.896667;3,590,0.886667;3,605,0.813333;3,626,0.86
2,1541;11,2950,1;2,344,0.923333;3,530,0.833333;3,578,0.803333;3,607,0.826667
2,1423;11,3137,0.986667;2,474,0.873333;4,761,0.96;3,575,0.83;3,608,0.82
3,1675;11,3212,1;3,483,0.89;4,787,0.963333;3,636,0.813333;4,799,0.816667
2,1458;12,3230,1;2,353,0.86;3,450,0.913333;2,465,0.836667;3,526,0.82
2,1602;13,2768,1;2,336,0.92;3,503,0.986667;3,608,0.793333;3,566,0.813333
2,1655;11,3127,1;2,375,0.803333;4,778,0.97;4,667,0.796667;4,779,0.856667
3,1645;11,2873,1;2,491,0.963333;3,624,0.96;4,692,0.82;3,675,0.876667
2,1401;11,3000,1;1,222,0.87;2,295,0.88;2,471,0.753333;2,444,0.863333
2,1617;13,3062,1;2,398,0.876667;3,589,0.916667;3,542,0.823333;3,522,0.863333
2,1584;13,3138,1;2,348,0.823333;2,517,0.946667;2,393,0.813333;2,503,0.836667
2,1559;13,3111,1;2,392,0.813333;3,570,0.966667;2,515,0.816667;3,656,0.82
2,1582;13,3131,1;1,338,0.863333;2,514,0.976667;2,430,0.833333;2,543,0.796667
2,1592;12,2908,1;2,450,0.943333;2,555,0.896667;3,721,0.8;3,676,0.826667
3,1681;13,3192,0.996667;2,417,0.92;4,800,0.94;4,753,0.843333;4,887,0.836667
2,1593;14,3311,1;2,395,0.886667;3,596,0.9;3,715,0.883333;2,840,0.81
2,1464;14,3177,1;1,426,0.916667;2,532,0.996667;1,454,0.856667;2,605,0.866667
3,1661;11,3185,1;2,512,0.976667;3,792,0.993333;3,729,0.826667;3,671,0.833333
2,1649;11,3223,1;2,396,0.906667;3,667,0.933333;3,620,0.84;4,660,0.83
7,1660;11,3168,1;2,411,0.87;4,739,0.926667;3,635,0.846667;4,697,0.846667
2,1624;11,3029,1;2,362,0.843333;3,541,0.923333;3,631,0.843333;3,678,0.833333
2,1635;12,3427,1;2,397,0.903333;3,664,0.92;3,656,0.8;3,761,0.77
2,1682;13,3331,1;2,352,0.866667;4,865,0.933333;4,820,0.75;4,853,0.73
2,1660;13,3276,1;3,587,0.913333;4,828,0.97;4,846,0.84;4,903,0.736667
2,1585;13,3171,1;2,374,0.94;3,712,0.976667;3,647,0.823333;4,877,0.826667
2,1591;13,3351,1;2,434,0.956667;3,723,0.996667;3,708,0.766667;3,738,0.766667
2,1526;14,3454,1;2,347,0.856667;3,626,0.966667;3,614,0.763333;3,733,0.78
2,1626;13,3324,1;3,528,0.93;4,815,0.996667;3,636,0.796667;3,679,0.756667
2,1670;13,3022,1;2,486,0.986667;3,711,0.97;4,824,0.8;4,918,0.786667
2,1630;13,3076,1;2,352,0.97;3,482,0.943333;3,565,0.733333;3,686,0.686667
2,1450;14,3312,1;1,185,0.93;2,344,0.98;2,394,0.743333;2,549,0.726667
2,1554;14,3394,1;2,337,0.87;2,482,0.883333;3,636,0.806667;4,791,0.786667
2,1632;13,3180,1;2,502,0.92;3,587,0.903333;3,666,0.816667;4,798,0.816667
2,1509;11,3134,1;2,419,0.913333;3,696,0.856667;3,629,0.8;3,738,0.836667
2,1588;12,3487,0.986667;2,542,0.94;4,853,0.916667;4,840,0.796667;4,887,0.82
2,1591;12,3471,1;2,512,0.916667;4,870,0.98;4,762,0.816667;4,812,0.82
3,1656;12,3347,1;2,454,0.943333;4,752,0.99;4,723,0.806667;4,812,0.806667
2,1584;12,3233,1;2,352,0.893333;2,547,0.95;4,705,0.813333;4,730,0.816667
2,1641;11,3035,0.996667;2,385,0.933333;4,756,0.886667;3,621,0.783333;3,679,0.796667
2,1636;11,3236,1;2,307,0.813333;3,559,0.933333;4,753,0.823333;4,737,0.81
2,1504;11,3197,1;2,368,0.806667;3,503,0.86;3,537,0.83;3,598,0.823333
2,1551;12,3236,1;2,432,0.873333;3,570,0.97;3,617,0.82;3,717,0.81
2,1515;12,3279,1;2,487,0.95;3,643,0.986667;3,662,0.82;4,722,0.816667
2,1630;11,2982,1;2,374,0.903333;3,617,0.923333;3,620,0.833333;3,676,0.836667
2,1534;11,3093,1;3,526,0.91;3,704,0.913333;4,672,0.796667;4,710,0.793333
3,1676;12,3302,1;3,521,0.986667;4,733,0.97;4,717,0.833333;3,700,0.836667
2,1545;11,3033,1;2,331,0.983333;2,468,0.916667;3,552,0.81;3,601,0.793333
2,1638;11,3173,1;2,378,0.893333;3,702,0.986667;4,697,0.786667;4,844,0.776667
2,1465;11,3118,1;1,228,0.873333;2,283,0.956667;1,356,0.81;1,369,0.753333
3,1658;11,3074,1;2,366,0.85;3,546,0.886667;4,773,0.82;4,863,0.79
2,1515;11,3005,1;1,262,0.856667;2,391,0.866667;2,513,0.806667;3,696,0.756667
2,1457;11,3210,1;1,321,0.846667;3,562,0.9;3,578,0.846667;3,662,0.783333
2,1593;17,3113,1;2,362,0.866667;3,691,0.966667;3,595,0.83;3,708,0.796667
2,1637;11,2956,1;2,343,0.91;3,557,0.93;2,400,0.833333;2,405,0.753333
3,1686;19,3113,1;2,416,0.89;4,727,0.953333;3,635,0.8;3,677,0.816667
2,1531;13,3127,1;1,261,0.803333;3,585,0.97;2,462,0.733333;9,541,0.806667
2,1613;12,3062,1;2,443,0.813333;3,518,0.903333;3,594,0.796667;2,504,0.803333
2,1611;13,3208,1;2,397,0.886667;3,662,0.973333;2,514,0.816667;4,773,0.86
2,1484;13,3116,1;2,315,0.836667;2,512,0.89;2,526,0.786667;3,638,0.846667
3,1655;13,3280,1;2,467,0.923333;4,685,0.853333;4,757,0.796667;4,796,0.866667
2,1609;23,3299,1;2,374,0.913333;3,656,0.856667;3,678,0.806667;4,784,0.876667
3,1644;12,3009,1;3,536,0.93;4,733,0.91;4,785,0.846667;4,833,0.883333
3,1656;13,3229,1;2,380,0.936667;3,727,0.893333;4,739,0.86;4,890,0.89
3,1673;13,3331,1;2,429,0.943333;3,559,0.873333;4,723,0.83;4,784,0.86
2,1573;13,3331,1;2,365,0.936667;2,554,0.896667;3,608,0.853333;3,661,0.836667
3,1624;13,3245,1;1,316,0.923333;3,647,0.9;3,600,0.85;3,610,0.823333
3,1623;13,3331,1;2,391,0.893333;3,757,0.953333;3,686,0.856667;3,729,0.823333
2,1505;12,3242,1;2,470,0.926667;3,615,0.98;3,610,0.856667;4,754,0.84
2,1499;12,3186,1;1,335,0.956667;2,532,0.996667;2,507,0.836667;2,572,0.826667
2,1592;12,3435,1;2,446,0.94;3,587,0.996667;3,576,0.833333;3,694,0.833333
3,1680;13,3141,0.976667;2,497,0.916667;4,748,0.94;4,743,0.82;4,792,0.813333
2,1615;13,3213,1;2,366,0.883333;3,728,0.953333;3,694,0.833333;4,819,0.823333
2,1605;12,3153,1;2,410,0.92;3,626,0.99;2,462,0.803333;3,589,0.79
2,1456;13,3252,1;2,383,0.93;2,461,0.906667;3,532,0.83;3,615,0.843333
2,1550;13,3265,1;2,351,0.936667;3,586,0.933333;3,644,0.833333;3,753,0.853333
2,1639;13,3168,1;2,333,0.96;3,571,0.996667;3,622,0.813333;3,635,0.826667
2,1610;14,3399,1;2,333,0.96;3,513,0.993333;3,545,0.813333;3,654,0.83
3,1685;13,3270,1;2,365,0.886667;4,682,0.913333;3,590,0.796667;3,698,0.86
2,1535;13,3168,1;1,312,0.883333;3,679,0.973333;2,490,0.76;2,519,0.8
2,1627;12,3112,1;2,342,0.886667;2,454,0.93;3,590,0.803333;2,527,0.773333
2,1519;13,3163,1;1,249,0.78;2,524,0.84;3,524,0.856667;3,577,0.793333
2,1355;12,3045,1;2,350,0.806667;3,614,0.903333;2,517,0.836667;2,578,0.766667
2,1643;13,3116,1;2,427,0.86;3,776,0.933333;4,738,0.856667;5,843,0.786667
2,1455;13,3148,1;2,311,0.843333;3,535,1;2,505,0.82;2,598,0.826667
2,1561;13,3065,1;2,460,0.85;4,761,0.976667;4,697,0.826667;4,821,0.846667
2,1610;12,3040,1;2,417,0.84;4,670,0.993333;4,700,0.836667;4,786,0.816667
3,1694;13,3288,1;3,602,0.9;4,859,0.943333;5,868,0.856667;4,908,0.84
2,1556;12,3167,1;2,376,0.88;3,718,0.916667;3,663,0.87;4,788,0.873333
3,1684;13,3349,1;3,565,0.91;4,892,0.956667;3,683,0.823333;4,831,0.84
3,1659;13,3200,1;2,415,0.873333;4,759,0.896667;4,776,0.79;4,818,0.85
3,1621;13,3349,1;2,415,0.906667;3,572,0.906667;3,705,0.843333;3,689,0.813333
2,1605;12,3177,1;2,469,0.916667;3,752,0.943333;4,750,0.84;4,882,0.873333
2,1625;14,3317,1;3,559,0.963333;3,720,0.966667;4,818,0.84;4,930,0.873333
2,1666;13,3331,1;2,467,0.943333;4,848,0.976667;4,804,0.803333;5,940,0.83
2,1583;12,3131,1;2,442,0.94;3,717,0.986667;3,618,0.84;3,743,0.836667
2,1626;11,3136,1;2,408,0.973333;3,657,0.986667;3,690,0.83;3,732,0.833333
2,1327;11,3145,0.99;1,290,0.97;2,407,0.96;2,427,0.823333;2,529,0.836667
3,1696;11,3142,0.996667;2,357,0.86;4,653,0.94;4,891,0.813333;4,889,0.84
2,1606;12,3289,1;2,405,0.843333;4,793,0.983333;4,648,0.803333;3,685,0.81
2,1622;12,3308,1;2,425,0.886667;3,650,0.97;3,625,0.823333;3,650,0.823333
2,1494;12,3365,1;1,301,0.866667;3,566,0.96;3,665,0.783333;3,689,0.8
2,1670;12,3319,0.993333;2,410,0.9;3,587,0.95;3,638,0.8;3,765,0.796667
2,1645;13,3265,1;2,367,0.84;3,583,0.863333;3,653,0.826667;3,709,0.823333
2,1596;13,3196,0.996667;2,322,0.78;3,790,0.913333;4,736,0.846667;4,811,0.843333
2,1260;13,3399,0.996667;2,312,0.813333;3,732,0.986667;3,675,0.8;3,730,0.833333
3,1676;13,3352,0.993333;2,427,0.873333;4,760,0.986667;4,670,0.793333;3,730,0.836667
2,1463;12,3158,0.993333;2,469,0.963333;3,602,0.983333;3,686,0.843333;3,734,0.863333
3,1654;13,3413,1;2,511,0.966667;3,689,0.933333;4,809,0.803333;4,837,0.81
2,1660;13,3270,1;2,358,0.906667;4,758,0.976667;4,742,0.803333;4,848,0.806667
2,1640;13,3432,1;2,388,0.91;3,697,0.99;4,711,0.806667;3,728,0.803333
2,1637;13,3392,1;2,480,0.906667;3,672,0.986667;4,828,0.786667;5,902,0.79
2,1513;17,3333,1;2,399,0.88;2,443,0.953333;3,542,0.756667;3,599,0.76
2,1406;14,3557,1;1,326,0.896667;1,323,0.926667;3,642,0.766667;3,600,0.766667
2,1524;13,3318,1;2,343,0.916667;2,438,0.92;4,717,0.783333;4,753,0.776667
2,1542;13,3242,1;2,383,0.963333;2,490,0.95;3,687,0.776667;4,791,0.78
2,1551;13,3285,1;1,304,0.94;2,551,0.956667;3,606,0.75;3,730,0.77
2,1513;13,3368,1;1,319,0.85;2,515,0.883333;3,663,0.71;3,712,0.766667
2,1578;13,3387,1;2,490,0.91;3,659,0.93;4,760,0.773333;4,819,0.833333
2,1510;13,3324,1;1,404,0.87;3,536,0.936667;3,699,0.786667;4,751,0.806667
3,1623;13,3354,1;2,554,0.953333;3,731,0.953333;10,801,0.793333;4,790,0.806667
3,1658;13,3145,0.993333;2,464,0.98;3,762,0.99;4,728,0.806667;4,741,0.796667
3,1662;13,3295,1;2,363,0.876667;3,665,1;3,634,0.806667;4,781,0.8
2,1586;12,3189,0.996667;2,418,0.85;3,664,0.906667;4,667,0.77;4,782,0.776667
3,1671;13,3423,1;2,432,0.806667;3,721,0.856667;3,610,0.75;4,763,0.81
2,1552;12,3140,1;2,458,0.843333;3,717,0.916667;3,618,0.803333;3,679,0.79
2,1635;12,3034,0.996667;3,536,0.933333;4,762,0.966667;4,750,0.776667;3,700,0.766667
2,1466;14,3473,0.996667;2,402,0.896667;3,647,1;3,692,0.826667;3,734,0.78
2,1474;13,3346,1;2,412,0.886667;3,775,0.98;3,700,0.803333;3,573,0.8
2,1667;14,3488,1;2,437,0.906667;3,702,0.966667;3,638,0.783333;3,715,0.786667
2,1562;12,3253,1;2,396,0.95;3,583,0.946667;3,658,0.786667;3,616,0.83
2,1517;13,3370,0.996667;1,351,0.84;3,724,0.883333;3,691,0.806667;3,709,0.82
2,1656;13,3533,1;3,575,0.876667;4,972,0.923333;4,727,0.796667;4,795,0.83
2,1658;13,3479,1;2,505,0.91;4,894,0.956667;3,700,0.75;4,877,0.84
2,1659;13,3287,0.993333;2,525,0.956667;4,789,0.966667;4,828,0.77;8,1015,0.826667
2,1622;13,3318,1;2,431,0.933333;3,743,0.906667;4,730,0.783333;4,817,0.84
2,1615;16,3230,1;2,363,0.906667;3,743,0.946667;4,766,0.816667;4,761,0.846667
2,1564;13,3363,0.973333;1,267,0.84;2,497,0.95;3,667,0.826667;4,789,0.826667
2,1589;13,3271,1;2,509,0.9;4,841,0.943333;4,810,0.813333;4,900,0.82
2,1643;13,3452,1;2,405,0.943333;3,760,0.96;4,805,0.813333;4,979,0.833333
2,1662;13,3226,0.99;2,413,0.876667;3,742,0.916667;4,806,0.856667;4,865,0.816667
2,1642;12,3135,1;2,403,0.93;3,682,0.926667;3,677,0.85;4,824,0.843333
3,1680;13,3295,0.986667;3,653,0.963333;4,1001,0.993333;4,789,0.826667;4,901,0.823333
2,1633;14,3536,1;1,440,0.943333;3,722,0.96;4,735,0.796667;4,889,0.836667
2,1529;13,3233,1;3,583,0.96;3,728,0.966667;3,595,0.793333;4,791,0.833333
2,1459;12,3191,1;2,378,0.936667;2,570,0.953333;2,511,0.8;3,677,0.873333
3,1640;13,3395,1;2,426,0.95;3,672,0.916667;4,710,0.783333;4,740,0.853333
2,1647;12,3086,0.993333;3,537,0.953333;4,915,0.993333;4,770,0.81;3,605,0.836667
2,1630;13,3245,1;2,395,0.93;4,875,0.976667;4,695,0.773333;3,604,0.823333
2,1603;14,3263,1;2,324,0.966667;2,532,0.98;3,673,0.793333;3,576,0.816667
2,1626;13,3403,1;2,409,0.9;3,612,0.923333;3,617,0.83;3,566,0.796667
2,1609;14,3486,1;2,447,0.92;3,677,0.933333;4,749,0.816667;3,716,0.786667
3,1660;13,3273,1;2,431,0.976667;4,690,0.973333;4,759,0.813333;3,695,0.85
2,1632;14,3436,1;2,439,0.956667;3,671,0.94;4,761,0.82;3,705,0.816667
2,1621;11,3049,1;2,350,0.94;2,511,0.896667;3,549,0.76;3,707,0.83
2,1660;13,3356,1;2,394,0.813333;3,830,0.89;4,774,0.693333;5,1054,0.846667
2,1566;13,3251,1;1,279,0.816667;2,716,0.95;3,688,0.753333;3,667,0.846667
2,1628;13,3253,1;2,455,0.853333;4,967,0.973333;5,843,0.726667;4,908,0.85
2,1532;13,3356,1;2,434,0.943333;3,630,0.983333;3,655,0.693333;4,725,0.81
2,1629;12,2915,0.993333;1,362,0.893333;3,550,0.943333;4,656,0.736667;4,759,0.813333
3,1652;13,3278,1;2,366,0.903333;3,581,0.94;3,648,0.726667;3,695,0.793333
3,1641;13,3251,1;2,373,0.96;3,612,0.973333;3,656,0.756667;3,738,0.84
3,1621;13,3236,1;2,423,0.913333;3,720,0.923333;3,641,0.796667;3,743,0.77
3,1606;13,3379,1;2,512,0.876667;4,811,0.95;4,676,0.726667;3,730,0.803333
2,1577;12,3174,1;2,416,0.903333;4,756,0.923333;3,633,0.743333;3,680,0.766667
2,1572;13,3250,1;2,421,0.903333;3,640,0.976667;2,584,0.736667;3,623,0.803333
2,1600;13,3172,1;1,365,0.966667;2,648,0.99;3,589,0.76;2,695,0.796667
2,1584;13,3127,1;2,328,0.926667;2,492,0.92;3,641,0.766667;3,715,0.743333
3,1652;13,3207,0.99;3,512,0.93;4,767,0.91;3,667,0.766667;3,739,0.753333
2,1380;14,3330,1;1,299,0.953333;2,442,0.9;2,428,0.803333;2,435,0.8
2,1498;13,3070,1;2,381,0.91;3,599,0.91;7,644,0.83;4,739,0.86
2,1633;13,3210,1;2,373,0.92;3,513,0.903333;3,579,0.786667;4,734,0.813333
3,1628;12,3066,1;2,424,0.946667;3,453,0.88;3,553,0.78;3,659,0.853333
3,1635;13,3216,1;2,409,0.92;2,594,0.98;2,647,0.76;2,628,0.793333
3,1625;13,3195,1;1,354,0.923333;2,345,0.893333;3,635,0.773333;3,717,0.8
2,1564;13,3113,0.993333;1,293,0.883333;3,591,0.89;3,689,0.786667;3,744,0.806667
2,1549;13,3148,1;2,327,0.923333;2,514,0.88;3,634,0.816667;4,751,0.826667
3,1616;14,3382,1;2,394,0.93;3,680,0.906667;3,652,0.813333;3,682,0.806667
2,1600;14,3428,1;2,434,0.923333;3,678,0.936667;3,707,0.816667;4,771,0.83
3,1631;13,3298,1;2,422,0.97;4,754,0.99;3,608,0.83;3,565,0.816667
3,1614;13,3263,1;2,385,0.93;3,673,0.98;3,646,0.816667;4,717,0.823333
3,1632;13,3208,1;2,410,0.92;4,684,0.96;3,687,0.81;3,637,0.806667
3,1611;14,3392,1;1,294,0.863333;2,502,0.913333;3,627,0.823333;3,769,0.8
2,1575;13,3295,1;2,473,0.91;3,688,0.96;3,602,0.76;3,581,0.803333
2,1605;14,3501,1;2,292,0.873333;3,615,0.986667;4,789,0.8;4,813,0.826667
2,1545;13,3171,1;2,357,0.876667;3,728,1;3,609,0.773333;3,687,0.8
2,1489;13,3276,1;2,305,0.85;3,454,0.95;3,515,0.826667;4,618,0.836667
2,1642;13,3185,1;3,498,0.973333;5,709,0.99;5,702,0.816667;5,727,0.816667
2,1620;13,3241,1;2,394,0.963333;4,612,0.993333;4,616,0.833333;4,645,0.823333
2,1536;16,3126,0.996667;2,326,0.936667;2,460,0.976667;3,624,0.843333;4,739,0.833333
2,1609;12,3335,1;2,329,0.95;4,654,0.986667;3,624,0.81;4,664,0.806667
3,1651;11,3041,1;2,417,0.946667;4,645,1;4,752,0.8;5,851,0.776667
3,1596;11,3241,1;2,353,0.97;4,562,0.98;4,712,0.8;5,808,0.76
2,1570;11,3090,1;2,306,0.913333;3,444,0.983333;3,529,0.82;3,559,0.776667
2,1594;11,3127,1;2,380,0.953333;3,613,0.996667;3,622,0.806667;4,696,0.773333
2,1496;12,3454,1;1,210,0.9;2,379,0.953333;2,493,0.82;2,500,0.8
3,1617;12,3378,1;2,487,0.953333;3,716,0.986667;3,668,0.833333;3,708,0.833333
3,1679;11,3204,1;2,482,0.97;3,695,0.95;4,735,0.813333;4,833,0.836667
2,1435;11,3298,1;1,310,0.96;3,581,0.99;3,551,0.83;2,561,0.806667
2,1478;14,3123,0.996667;2,304,0.96;2,440,0.986667;3,606,0.81;3,693,0.8
3,1647;13,3237,1;2,435,0.92;3,646,0.946667;9,685,0.836667;4,810,0.846667
3,1616;13,3396,0.98;2,438,0.866667;4,824,0.96;4,793,0.83;5,943,0.856667
3,1616;13,3228,1;2,468,0.933333;3,741,0.98;3,676,0.83;4,765,0.856667
2,1434;13,3392,1;2,362,0.946667;2,574,0.973333;3,563,0.84;3,653,0.853333
2,1520;13,3349,1;1,308,0.933333;3,627,0.98;2,545,0.833333;3,605,0.84
2,1415;14,3316,1;2,406,0.933333;3,617,0.98;2,423,0.8;2,422,0.81
2,1387;13,3295,1;1,282,0.94;2,449,0.973333;2,471,0.806667;2,495,0.82
2,1650;14,3669,1;2,363,0.843333;4,847,0.963333;3,659,0.79;3,648,0.806667
2,1533;13,3384,1;2,429,0.946667;3,779,0.973333;3,677,0.836667;4,778,0.833333
2,1587;13,3366,1;1,322,0.79;3,645,0.866667;3,574,0.826667;3,675,0.82
2,1621;14,3285,1;2,441,0.79;4,794,0.906667;3,687,0.86;3,679,0.826667
2,1608;14,3484,1;2,507,0.976667;4,877,0.98;3,614,0.86;4,752,0.813333
2,1564;13,3296,1;2,411,0.946667;4,705,1;4,738,0.856667;4,849,0.81
2,1586;13,3267,1;2,395,0.936667;3,690,1;3,638,0.843333;4,798,0.84
2,1643;14,3624,1;1,325,0.866667;4,774,0.986667;4,748,0.853333;4,906,0.843333
2,1559;14,3420,1;2,421,0.896667;2,649,0.98;3,650,0.84;3,702,0.84
3,1676;14,3490,1;2,542,0.94;4,883,0.98;4,843,0.843333;4,864,0.85
2,1649;14,3494,1;2,408,0.943333;3,578,0.983333;3,645,0.856667;3,707,0.856667
2,1539;13,3385,1;2,442,0.956667;3,585,0.926667;4,751,0.84;4,824,0.82
2,1603;13,3350,1;2,362,0.933333;2,505,0.936667;3,630,0.82;3,667,0.806667
2,1679;13,3543,0.996667;2,435,0.89;4,798,0.923333;5,936,0.836667;8,1000,0.82
2,1610;13,3367,1;2,430,0.916667;3,648,0.936667;4,746,0.826667;4,897,0.813333
2,1566;12,3401,1;1,321,0.906667;3,678,0.976667;3,688,0.876667;4,782,0.85
2,1587;18,3545,1;3,516,0.946667;4,849,0.986667;4,800,0.863333;4,944,0.836667
2,1493;11,3236,0.996667;2,323,0.903333;3,624,0.986667;3,536,0.836667;6,637,0.816667
3,1666;12,3379,1;1,301,0.836667;4,727,0.95;4,801,0.866667;4,940,0.84
2,1536;12,3559,1;1,321,0.78;3,712,0.973333;3,622,0.856667;3,736,0.82
2,1664;12,3480,1;2,328,0.763333;4,807,0.976667;7,736,0.853333;4,886,0.823333
2,1598;12,3429,1;2,395,0.836667;3,746,0.97;4,715,0.863333;4,863,0.83
3,1650;12,3365,1;2,363,0.866667;4,803,0.97;4,810,0.843333;5,959,0.82
2,1609;13,3511,1;2,440,0.92;4,804,0.986667;3,656,0.85;4,895,0.826667
2,1611;15,3544,1;2,362,0.903333;3,701,0.97;4,739,0.85;4,899,0.846667
2,1593;12,3424,1;2,492,0.9;5,988,0.943333;4,872,0.89;4,915,0.866667
2,1591;12,3531,1;2,520,0.943333;4,948,0.98;4,781,0.846667;4,910,0.826667
2,1625;12,3538,1;2,471,0.943333;4,949,0.99;4,803,0.846667;4,915,0.823333
2,1598;12,3510,0.993333;2,439,0.94;4,926,0.986667;3,701,0.86;4,823,0.84
2,1636;11,3311,0.996667;2,482,0.973333;4,806,0.993333;4,829,0.84;4,864,0.823333
2,1637;12,3491,0.996667;1,416,0.896667;3,739,0.966667;4,744,0.84;4,827,0.826667
2,1666;12,3740,1;3,666,0.99;5,1118,0.99;6,1044,0.863333;6,1123,0.866667
2,1591;12,3651,1;2,463,0.95;3,820,0.953333;4,825,0.846667;4,950,0.883333
2,1617;12,3559,1;2,505,0.946667;4,902,0.986667;5,885,0.853333;5,994,0.87
2,1579;14,3534,1;2,496,0.926667;3,875,0.996667;4,783,0.86;4,907,0.863333
2,1650;13,3424,1;3,567,0.963333;4,892,1;4,855,0.856667;5,989,0.87
2,1573;14,3493,1;2,512,0.97;3,772,0.993333;4,734,0.846667;4,805,0.856667
2,1611;13,3380,1;2,460,0.97;4,806,0.98;3,857,0.816667;2,873,0.83
2,1575;14,3540,1;1,441,0.963333;2,744,1;2,761,0.83;2,859,0.833333
2,1611;12,3541,1;2,526,0.976667;3,794,0.996667;4,757,0.833333;4,833,0.833333
2,1602;12,3509,1;2,508,0.96;3,821,0.993333;4,837,0.823333;4,949,0.843333
2,1580;11,3295,1;3,573,0.93;4,936,0.973333;4,796,0.846667;5,953,0.863333
2,1662;12,3365,1;3,601,0.976667;4,904,1;5,932,0.83;5,1044,0.833333
2,1631;12,3532,1;2,488,0.936667;4,771,0.983333;5,922,0.823333;8,1008,0.833333
2,1624;12,3544,0.996667;2,492,0.946667;4,795,0.97;4,823,0.843333;5,967,0.856667
2,1569;12,3415,1;2,357,0.92;3,723,0.983333;7,753,0.843333;4,915,0.85
2,1583;12,3440,0.993333;2,426,0.956667;3,571,0.963333;3,623,0.816667;4,834,0.83
2,1613;12,3530,1;2,395,0.943333;4,871,0.99;4,819,0.813333;4,854,0.816667
2,1617;12,3473,1;2,472,0.946667;4,834,0.983333;4,825,0.79;5,943,0.813333
2,1606;12,3414,1;2,540,0.943333;4,875,0.99;4,836,0.82;4,906,0.813333
2,1597;12,3475,1;2,534,0.966667;4,850,0.98;4,783,0.776667;4,903,0.796667
2,1612;12,3663,1;2,455,0.953333;4,786,0.99;4,827,0.786667;4,949,0.813333
2,1580;12,3605,1;2,449,0.963333;3,703,0.976667;4,757,0.806667;4,815,0.816667
2,1637;11,3307,1;3,530,0.92;4,949,0.99;4,856,0.86;4,865,0.853333
2,1628;13,3650,1;3,596,0.966667;4,938,0.983333;5,855,0.873333;5,919,0.876667
2,1588;12,3374,1;2,507,0.973333;3,717,0.97;4,753,0.86;4,787,0.883333
2,1591;12,3555,1;3,613,0.976667;4,846,0.99;5,882,0.873333;5,908,0.886667
2,1652;12,3467,1;3,589,0.96;4,939,0.996667;5,928,0.893333;5,993,0.883333
2,1608;12,3466,1;2,483,0.96;4,770,0.996667;4,681,0.886667;4,769,0.893333
2,1597;13,3298,1;2,436,0.963333;3,755,0.993333;4,696,0.856667;4,736,0.86
2,1651;13,3429,1;3,528,0.98;4,882,0.963333;4,760,0.863333;4,854,0.856667
2,1631;13,3428,0.996667;2,482,0.946667;4,825,0.993333;4,768,0.86;4,839,0.86
2,1643;14,3679,1;2,498,0.86;5,1016,0.993333;4,789,0.86;4,882,0.86
3,1629;14,3504,1;3,630,0.923333;4,967,0.986667;5,841,0.903333;5,957,0.89
2,1558;14,3605,1;2,493,0.956667;4,815,0.976667;6,711,0.89;3,730,0.886667
3,1637;14,3523,1;3,561,0.96;4,985,0.993333;5,884,0.87;5,977,0.876667
2,1630;14,3463,1;2,535,0.956667;2,803,0.983333;2,740,0.866667;2,850,0.846667
3,1643;13,3317,1;2,512,0.973333;3,804,0.99;4,782,0.846667;5,938,0.843333
2,1552;13,3172,1;2,450,0.893333;3,833,0.95;3,639,0.853333;3,720,0.856667
2,1588;14,3397,1;2,459,0.973333;4,792,0.953333;4,794,0.846667;5,885,0.85
3,1652;13,3356,0.996667;2,471,0.93;4,767,0.976667;4,736,0.813333;4,818,0.823333
3,1672;13,3315,1;2,410,0.876667;4,832,0.98;4,792,0.843333;4,928,0.836667
2,1583;12,3337,1;2,433,0.9;4,847,0.996667;4,704,0.84;3,767,0.833333
3,1608;12,3495,1;2,529,0.916667;3,735,0.99;4,865,0.853333;4,854,0.85
2,1518;12,3470,1;2,476,0.96;3,752,0.99;4,694,0.846667;4,795,0.836667
2,1488;12,3468,1;2,449,0.963333;3,733,0.993333;4,839,0.81;5,923,0.81
3,1628;12,3399,1;3,571,0.943333;4,917,0.99;4,761,0.826667;4,844,0.82
2,1461;11,3306,1;2,421,0.956667;3,668,0.99;3,628,0.85;3,669,0.85
3,1629;12,3363,1;2,499,0.92;4,861,0.986667;3,658,0.823333;4,739,0.856667
3,1653;12,3383,1;2,539,0.933333;4,932,0.996667;4,784,0.86;4,811,0.84
2,1475;11,3201,1;2,454,0.953333;3,638,0.99;3,643,0.843333;3,639,0.83
3,1632;12,3270,1;3,501,0.943333;4,765,0.973333;4,717,0.81;4,796,0.836667
2,1492;12,3397,1;2,485,0.916667;3,727,0.996667;4,698,0.813333;3,679,0.823333
3,1621;12,3422,1;2,429,0.963333;3,681,0.99;4,695,0.83;4,819,0.83
3,1643;25,3281,0.993333;2,420,0.903333;4,739,0.97;4,767,0.83;4,886,0.84
3,1612;11,3273,1;2,460,0.926667;3,637,0.933333;3,667,0.776667;3,667,0.83
3,1660;11,3318,1;2,438,0.91;4,795,0.98;5,839,0.786667;5,928,0.843333
2,1533;12,3323,1;1,319,0.823333;3,557,0.98;3,642,0.826667;3,621,0.82
2,1636;12,3318,1;2,510,0.95;3,745,0.98;4,732,0.82;4,732,0.79
2,1463;12,3318,1;2,388,0.953333;3,649,0.963333;3,658,0.796667;3,631,0.76
2,1634;13,3614,1;2,502,0.973333;4,744,0.963333;5,831,0.803333;5,886,0.786667
2,1568;16,3205,1;2,407,0.936667;3,504,0.936667;3,665,0.81;4,769,0.79
2,1607;13,3132,1;2,484,0.95;4,885,0.976667;4,708,0.8;4,878,0.79
2,1631;12,3022,1;1,410,0.97;2,667,0.976667;3,813,0.82;3,972,0.8
2,1619;12,3083,1;1,367,0.813333;4,743,0.98;3,614,0.793333;4,743,0.806667
2,1610;13,3224,1;2,406,0.866667;3,551,0.99;3,570,0.776667;3,617,0.796667
3,1675;13,3437,1;2,465,0.82;3,587,0.97;4,755,0.8;4,812,0.79
2,1546;12,3142,1;3,580,0.873333;3,688,0.92;4,763,0.833333;4,824,0.796667
2,1617;14,3450,1;2,452,0.886667;3,741,0.943333;3,644,0.796667;3,682,0.793333
2,1539;13,3245,1;2,363,0.906667;3,639,0.943333;4,692,0.796667;4,773,0.776667
2,1620;13,3263,1;2,359,0.88;3,530,0.94;4,687,0.813333;3,752,0.773333
2,1646;13,3232,1;3,548,0.936667;3,764,0.993333;3,655,0.85;4,715,0.836667
2,1632;13,3320,1;2,453,0.926667;3,696,0.983333;3,627,0.846667;3,725,0.833333
2,1620;12,3007,0.993333;2,426,0.91;4,769,0.986667;4,784,0.806667;4,900,0.793333
2,1591;13,3220,0.986667;2,385,0.86;2,538,0.966667;3,576,0.83;3,638,0.81
2,1663;13,3316,1;2,505,0.906667;3,724,0.99;4,714,0.816667;3,729,0.796667
2,1623;13,3257,1;2,432,0.903333;4,791,0.93;4,695,0.84;4,800,0.813333
2,1597;13,3391,1;2,452,0.893333;3,764,0.97;2,503,0.81;3,593,0.823333
2,1532;13,3381,1;2,442,0.933333;4,857,0.99;3,692,0.833333;4,811,0.84
3,1681;13,3312,1;3,564,0.963333;4,855,0.996667;4,687,0.826667;4,757,0.84
2,1422;17,3127,1;2,367,0.98;3,584,1;3,522,0.816667;3,554,0.85
2,1626;13,3267,1;2,317,0.88;3,589,0.993333;3,552,0.806667;3,664,0.826667
2,1617;13,3128,1;2,432,0.91;3,526,0.956667;2,455,0.81;2,486,0.806667
2,1448;13,3217,0.996667;2,352,0.973333;2,437,0.963333;2,443,0.83;2,524,0.766667
2,1651;13,3258,1;2,393,0.976667;3,579,0.92;3,610,0.826667;3,592,0.803333
2,1619;13,3311,1;2,449,0.91;3,642,0.906667;3,607,0.793333;3,772,0.786667
2,1562;13,3392,1;2,372,0.893333;3,694,0.936667;3,566,0.793333;3,600,0.733333
6,1620;13,3332,1;2,452,0.946667;3,684,0.996667;3,654,0.78;3,630,0.776667
2,1573;13,3091,1;1,291,0.866667;2,545,0.923333;2,510,0.743333;3,587,0.813333
2,1586;14,3298,0.996667;2,399,0.946667;3,684,0.986667;4,671,0.823333;3,594,0.813333
2,1561;13,3092,1;2,420,0.936667;2,504,0.873333;3,493,0.84;3,586,0.82
6,1532;13,3239,1;2,388,0.973333;3,547,0.886667;2,440,0.84;2,512,0.833333
2,1496;12,3109,1;1,330,0.933333;3,616,0.92;2,518,0.823333;3,588,0.786667
2,1613;12,3023,0.946667;2,413,0.94;3,581,0.92;2,514,0.753333;3,638,0.79
2,1619;13,3150,0.996667;1,314,0.92;3,587,0.943333;2,519,0.783333;3,568,0.8
2,1620;13,3120,0.99;2,374,0.903333;3,548,0.91;3,613,0.786667;3,657,0.8
2,1574;13,3094,1;2,292,0.866667;3,666,0.913333;3,612,0.836667;3,654,0.81
2,1605;12,3038,1;2,482,0.91;3,647,0.973333;4,743,0.783333;4,771,0.806667
2,1597;12,2881,1;2,484,0.973333;3,688,0.923333;4,735,0.79;4,862,0.796667
2,1448;12,3062,1;1,273,0.933333;2,440,0.903333;3,543,0.76;3,568,0.763333
2,1649;14,3342,1;2,456,0.94;4,744,0.99;3,668,0.79;3,684,0.8
2,1509;14,3258,1;1,307,0.873333;3,541,0.863333;4,703,0.773333;3,717,0.776667
2,1552;13,3172,1;2,407,0.923333;3,625,0.99;3,568,0.773333;3,644,0.813333
2,1553;13,3147,1;2,466,0.926667;3,582,0.963333;4,776,0.81;4,771,0.823333
6,1630;14,3410,1;2,391,0.923333;3,789,0.996667;2,599,0.836667;2,648,0.81
2,1610;12,3152,1;1,370,0.923333;3,761,1;3,578,0.826667;3,700,0.81
2,1636;24,3242,1;2,413,0.893333;4,762,0.966667;3,636,0.853333;4,782,0.843333
3,1664;13,3367,1;3,502,0.923333;4,751,0.976667;3,663,0.86;4,878,0.846667
2,1584;12,3208,1;2,409,0.956667;3,693,0.98;3,638,0.836667;4,776,0.82
2,1661;14,3158,1;2,452,0.98;3,674,0.993333;2,480,0.79;3,628,0.82
2,1603;13,3499,1;1,272,0.896667;2,470,0.936667;2,505,0.783333;3,689,0.793333
3,1642;13,3276,1;2,416,0.89;3,634,0.986667;3,632,0.813333;4,830,0.81
2,1416;13,3207,1;2,375,0.873333;3,651,0.993333;3,622,0.83;3,740,0.83
3,1661;14,3466,1;3,549,0.973333;3,580,0.94;3,644,0.783333;3,729,0.773333
2,1470;13,3180,1;1,319,0.926667;3,525,0.913333;3,677,0.813333;3,693,0.803333
2,1631;13,3224,1;2,477,0.956667;3,691,0.973333;4,725,0.846667;4,764,0.843333
2,1568;12,3042,1;2,492,0.993333;3,762,1;3,612,0.866667;3,658,0.853333
2,1581;13,3182,1;2,412,0.98;3,707,0.996667;3,603,0.836667;3,598,0.84
2,1523;13,3243,1;2,423,0.976667;3,625,0.983333;3,550,0.813333;3,562,0.81
2,1620;21,3126,1;1,315,0.936667;3,552,0.976667;3,689,0.803333;3,679,0.8
2,1577;12,3490,1;2,415,0.913333;3,718,0.963333;3,678,0.81;3,664,0.8
2,1589;12,3395,1;2,418,0.92;3,680,0.95;3,641,0.826667;4,768,0.833333
2,1555;12,3389,1;2,447,0.966667;4,792,0.996667;3,678,0.85;4,744,0.85
2,1585;12,3346,1;2,389,0.953333;3,759,1;3,647,0.853333;3,734,0.863333
2,1357;12,3290,1;1,391,0.96;3,624,0.98;3,633,0.853333;3,677,0.85
2,1432;11,3130,1;2,347,0.916667;3,651,0.996667;3,529,0.836667;2,503,0.843333
2,1518;12,3249,1;2,388,0.953333;3,683,0.996667;3,676,0.86;3,702,0.866667
2,1559;12,3405,1;2,455,0.93;3,646,0.973333;4,688,0.863333;3,666,0.88
6,1625;12,3301,1;2,488,0.986667;3,658,0.923333;4,709,0.85;4,696,0.86
2,1297;12,3276,1;1,269,0.953333;2,536,0.946667;2,428,0.836667;2,427,0.853333
2,1560;12,3475,1;2,403,0.976667;3,654,0.983333;3,566,0.843333;3,630,0.853333
2,1640;11,3073,1;2,341,0.93;3,541,0.983333;3,573,0.81;3,596,0.83
2,1552;11,3223,1;2,336,0.923333;3,625,0.97;3,661,0.833333;4,717,0.846667
2,1622;11,3261,1;2,343,0.953333;3,564,0.966667;3,597,0.83;3,580,0.833333
2,1475;11,3224,1;2,338,0.963333;2,527,0.983333;3,550,0.813333;3,613,0.826667
2,1542;12,3221,1;2,429,0.99;3,603,0.95;3,578,0.84;3,675,0.84
2,1575;12,3243,1;1,294,0.99;3,540,0.976667;2,433,0.853333;2,519,0.846667
2,1525;12,3200,0.996667;1,341,0.923333;3,607,0.983333;3,582,0.85;3,610,0.836667
2,1485;12,3227,1;1,372,0.97;3,576,1;3,542,0.823333;3,594,0.813333
2,1450;12,3331,1;2,374,0.976667;3,565,1;3,574,0.84;3,630,0.84
2,1416;12,3411,1;2,360,0.96;3,544,0.986667;3,547,0.83;2,528,0.833333
2,1543;13,3283,1;2,340,0.976667;2,506,0.996667;5,598,0.843333;3,612,0.85
2,1501;13,3373,1;1,342,0.95;2,587,0.953333;3,578,0.863333;3,601,0.866667
2,1524;13,3355,1;2,401,0.933333;2,526,0.973333;3,643,0.823333;3,644,0.823333
2,1432;14,3552,1;1,266,0.95;2,495,0.983333;2,496,0.833333;2,543,0.82
2,1481;12,3214,1;2,330,0.963333;2,510,0.99;2,473,0.843333;2,497,0.833333
2,1485;12,3348,1;1,308,0.963333;2,485,0.963333;2,462,0.866667;2,434,0.823333
2,1579;12,3492,1;2,362,0.953333;3,612,0.946667;3,581,0.84;3,641,0.836667
2,1486;13,3291,1;2,375,0.973333;3,591,0.986667;3,631,0.843333;3,604,0.843333
2,1475;14,3531,1;2,391,0.986667;3,660,0.996667;2,496,0.853333;3,560,0.84
2,1612;14,3489,1;2,382,0.97;3,588,0.993333;2,532,0.856667;3,569,0.853333
2,1559;13,3317,1;2,375,0.91;3,582,0.99;3,544,0.863333;3,587,0.863333
2,1447;14,3618,1;2,367,0.976667;3,689,0.99;3,548,0.863333;3,627,0.856667
2,1464;14,3499,1;1,292,0.953333;3,541,0.993333;3,603,0.893333;3,585,0.87
2,1526;13,3405,1;1,335,0.973333;1,585,0.993333;1,531,0.886667;1,571,0.866667
1,1013;14,3501,1;0,179,0.946667;0,238,0.95;1,295,0.876667;1,317,0.87
2,1313;13,3388,1;2,328,0.913333;2,505,0.963333;2,460,0.886667;2,474,0.893333
2,1531;13,3349,1;2,363,0.953333;3,589,0.983333;3,513,0.88;3,549,0.893333
2,1385;12,3215,1;2,392,0.93;3,608,0.983333;3,545,0.896667;2,514,0.9
2,1597;15,3459,1;2,451,0.973333;4,725,0.973333;3,643,0.886667;4,739,0.883333
2,1433;13,3272,1;1,237,0.936667;2,378,0.996667;2,436,0.873333;2,498,0.87
2,1397;14,3403,1;1,248,0.95;2,375,0.99;2,466,0.873333;2,480,0.863333
1,941;13,3206,1;1,186,0.943333;1,282,0.976667;1,284,0.88;1,298,0.876667
2,1341;13,3335,1;2,343,0.946667;2,508,0.996667;2,510,0.876667;2,540,0.88
2,1337;13,3346,1;1,273,0.913333;3,533,0.996667;2,460,0.89;2,523,0.886667
2,1327;13,3177,1;1,259,0.916667;2,419,0.943333;2,482,0.923333;2,500,0.92
2,1376;13,3278,1;1,296,0.983333;2,505,0.996667;2,527,0.92;2,521,0.913333
1,1001;13,3283,1;1,243,0.933333;1,414,0.996667;2,440,0.926667;2,540,0.92
1,928;13,3152,0.956667;1,245,0.993333;2,441,0.996667;1,369,0.933333;1,380,0.936667
2,1105;14,3409,1;1,266,0.933333;2,448,0.953333;2,394,0.926667;2,475,0.926667
2,1266;12,3104,1;0,89,0.983333;1,180,0.996667;1,273,0.93;1,327,0.933333
1,700;13,3407,1;0,73,0.976667;0,114,0.996667;0,125,0.923333;0,149,0.926667
0,279;13,3284,1;0,40,0.953333;0,98,0.98;0,56,0.933333;0,59,0.936667
0,174;18,3318,1;0,57,0.973333;0,32,0.973333;0,64,0.933333;0,68,0.936667
0,172;12,3119,1;0,65,0.973333;1,97,0.996667;0,63,0.94;0,69,0.943333
