1,1770;58,8673,1;13,1703,0.996667;16,2085,0.998333;26,2017,1;23,2284,1
2,1841;59,8374,1;11,1097,0.928333;15,1486,0.996667;21,1638,0.885;19,1715,0.885
2,1820;56,7745,1;12,1224,0.975;14,1117,0.79;16,1124,0.705;15,1244,0.705
2,1783;58,7779,1;9,753,0.838333;8,573,0.581667;13,985,0.531667;13,1071,0.531667
2,1806;57,7932,1;7,487,0.508333;9,568,0.493333;12,849,0.508333;12,900,0.508333
2,1817;57,8207,1;5,374,0.425;8,554,0.39;13,976,0.408333;13,1013,0.408333
2,1821;57,8170,1;5,433,0.3;7,537,0.303333;13,978,0.34;13,1065,0.34
2,1817;59,8717,1;5,406,0.263333;7,548,0.265;13,913,0.288333;13,1010,0.288333
2,1808;58,8381,1;5,383,0.291667;6,471,0.288333;11,863,0.273333;11,968,0.273333
2,1831;58,8416,1;5,425,0.261667;9,612,0.248333;12,897,0.238333;12,950,0.238333
2,1818;57,8094,1;5,413,0.318333;7,494,0.315;11,843,0.3;10,875,0.3
2,1818;57,8209,1;5,402,0.313333;6,509,0.328333;12,920,0.321667;11,934,0.321667
2,1759;56,7664,1;5,419,0.338333;6,524,0.321667;10,800,0.28;10,868,0.28
2,1755;57,7869,1;5,377,0.295;7,443,0.313333;10,752,0.281667;10,835,0.281667
2,1791;58,7722,1;5,411,0.335;7,521,0.336667;10,816,0.306667;10,873,0.306667
2,1789;58,8034,1;4,401,0.325;6,451,0.343333;9,787,0.251667;9,835,0.251667
2,1795;57,7879,1;4,360,0.306667;7,509,0.308333;9,765,0.245;9,844,0.245
2,1764;56,7485,1;5,400,0.295;7,441,0.31;7,650,0.238333;7,683,0.238333
2,1795;56,7549,1;4,368,0.28;6,463,0.273333;8,703,0.23;8,732,0.23
2,1754;55,7821,1;4,376,0.286667;5,462,0.265;6,608,0.25;6,653,0.25
2,1758;57,8151,1;4,392,0.278333;6,442,0.263333;7,674,0.243333;7,708,0.243333
2,1725;56,7946,1;4,361,0.261667;6,460,0.275;8,679,0.26;8,705,0.26
2,1752;56,7998,1;4,357,0.246667;6,440,0.246667;7,649,0.245;7,687,0.245
2,1716;56,7970,1;3,351,0.25;5,437,0.268333;6,645,0.243333;6,665,0.243333
2,1767;56,7737,1;4,377,0.258333;7,480,0.24;6,648,0.223333;6,692,0.223333
2,1771;55,7315,1;4,368,0.246667;7,502,0.218333;7,626,0.215;7,652,0.215
2,1769;56,7442,1;3,347,0.263333;5,398,0.246667;5,580,0.213333;5,603,0.213333
2,1774;55,7586,1;4,322,0.251667;6,446,0.26;7,660,0.22;7,694,0.22
2,1740;57,7794,1;4,392,0.24;7,477,0.251667;8,709,0.226667;8,751,0.226667
2,1776;58,8244,1;4,366,0.288333;6,500,0.285;7,678,0.236667;7,700,0.236667
2,1760;58,8333,1;4,393,0.235;7,485,0.265;8,740,0.238333;9,781,0.238333
2,1797;55,7439,1;4,380,0.261667;7,506,0.273333;9,772,0.253333;9,779,0.253333
2,1747;56,7981,1;4,367,0.246667;8,553,0.253333;9,762,0.215;9,791,0.215
2,1783;56,7745,1;5,369,0.246667;6,452,0.255;8,700,0.23;7,708,0.23
2,1773;54,7510,1;5,394,0.285;8,582,0.243333;8,694,0.216667;8,719,0.216667
2,1781;55,7714,1;5,407,0.25;7,517,0.245;8,731,0.208333;8,774,0.208333
2,1806;56,8100,1;5,400,0.236667;7,516,0.215;10,839,0.203333;10,884,0.203333
2,1767;54,7770,1;5,403,0.266667;7,510,0.256667;10,825,0.198333;10,872,0.198333
2,1773;55,7607,1;5,409,0.296667;6,479,0.266667;10,825,0.21;10,862,0.21
2,1772;55,7622,1;6,439,0.268333;8,578,0.26;10,809,0.211667;10,818,0.211667
2,1788;57,7888,1;5,415,0.248333;8,558,0.298333;10,812,0.226667;10,834,0.226667
2,1806;56,7707,1;5,394,0.275;6,470,0.336667;10,854,0.256667;11,863,0.256667
2,1791;55,7983,1;5,404,0.283333;7,543,0.326667;10,805,0.231667;10,850,0.231667
2,1810;54,7612,1;4,367,0.305;5,431,0.3;9,771,0.261667;10,797,0.261667
2,1762;57,8298,1;4,366,0.31;7,491,0.326667;8,721,0.248333;8,752,0.248333
2,1792;55,7750,1;5,431,0.308333;7,485,0.325;8,708,0.265;8,726,0.265
2,1784;57,8100,1;4,357,0.28;6,495,0.301667;9,741,0.251667;9,763,0.251667
2,1737;55,7910,1;5,397,0.256667;7,511,0.28;9,731,0.25;9,758,0.25
2,1797;56,7838,1;4,381,0.295;7,514,0.276667;8,697,0.263333;8,734,0.263333
2,1773;56,7801,1;4,375,0.253333;8,535,0.265;8,697,0.233333;8,748,0.233333
2,1766;55,7776,1;4,384,0.28;7,491,0.286667;9,731,0.236667;9,748,0.236667
2,1773;56,7980,1;3,325,0.248333;7,494,0.248333;8,701,0.23;8,734,0.23
2,1765;58,8271,1;4,373,0.248333;6,449,0.236667;7,652,0.208333;6,681,0.208333
2,1761;56,8163,1;3,327,0.271667;6,487,0.25;6,580,0.238333;6,603,0.238333
2,1754;57,8241,1;4,351,0.25;6,481,0.248333;7,662,0.228333;7,699,0.228333
2,1789;54,7781,1;4,382,0.253333;7,552,0.256667;8,708,0.223333;8,774,0.223333
2,1834;57,8475,1;5,399,0.241667;6,488,0.233333;8,711,0.23;9,781,0.233333
2,1778;56,8276,1;5,384,0.291667;7,553,0.278333;7,633,0.258333;7,697,0.258333
2,1839;55,8084,1;4,364,0.276667;7,528,0.29;7,622,0.27;7,647,0.27
2,1817;56,8056,1;4,365,0.278333;6,468,0.27;6,566,0.205;6,584,0.205
2,1826;55,8075,1;5,443,0.29;7,535,0.268333;7,676,0.225;7,710,0.225
2,1810;55,7819,1;4,353,0.301667;8,564,0.26;7,641,0.243333;7,658,0.243333
2,1806;55,7831,1;4,392,0.283333;7,507,0.285;8,702,0.245;8,731,0.245
2,1776;57,7875,1;4,381,0.273333;7,547,0.283333;6,612,0.24;6,650,0.24
2,1759;55,7840,1;4,395,0.251667;6,475,0.285;8,711,0.221667;8,746,0.221667
2,1788;57,8103,1;4,377,0.253333;6,474,0.273333;8,763,0.228333;9,827,0.228333
2,1786;56,7975,1;5,397,0.253333;6,474,0.295;8,777,0.248333;8,827,0.248333
2,1736;58,8539,1;4,365,0.291667;7,488,0.303333;9,779,0.246667;9,832,0.246667
2,1766;56,7901,1;5,393,0.261667;5,382,0.313333;8,793,0.258333;9,866,0.258333
2,1742;59,8642,1;5,403,0.288333;7,482,0.305;11,922,0.241667;11,1043,0.241667
2,1764;58,8248,1;5,396,0.263333;8,558,0.291667;11,949,0.248333;12,1078,0.248333
2,1723;55,7988,1;5,358,0.27;6,424,0.293333;8,758,0.283333;8,810,0.283333
2,1764;58,8294,1;4,361,0.263333;6,479,0.286667;7,693,0.275;7,771,0.275
2,1744;57,8294,1;5,391,0.265;6,420,0.298333;10,818,0.28;10,912,0.28
2,1748;59,8835,1;4,359,0.275;6,473,0.291667;8,684,0.288333;9,770,0.29
2,1741;60,8795,1;4,361,0.28;6,476,0.295;8,730,0.276667;8,792,0.276667
2,1766;60,9208,1;4,367,0.263333;8,479,0.241667;8,705,0.223333;8,781,0.223333
2,1798;57,8703,1;5,393,0.243333;7,483,0.243333;9,686,0.23;9,797,0.23
2,1772;59,8930,1;4,368,0.271667;6,475,0.288333;8,636,0.248333;8,714,0.248333
2,1739;59,8784,1;4,348,0.241667;6,443,0.256667;8,640,0.251667;8,745,0.253333
2,1759;58,8781,1;4,371,0.238333;6,479,0.258333;8,636,0.235;8,710,0.235
2,1792;60,9161,1;5,376,0.306667;6,497,0.3;8,643,0.24;8,740,0.243333
2,1776;60,9164,1;3,346,0.25;6,482,0.263333;8,665,0.221667;8,750,0.221667
2,1810;60,9212,1;4,384,0.25;6,474,0.23;8,655,0.21;8,738,0.213333
2,1780;60,8948,1;4,376,0.283333;5,427,0.248333;7,631,0.251667;7,723,0.256667
2,1772;61,9243,1;5,419,0.25;6,440,0.243333;8,664,0.205;8,769,0.205
2,1769;58,8850,1;4,346,0.233333;7,502,0.238333;8,702,0.231667;9,794,0.228333
2,1785;58,8602,1;5,380,0.238333;7,485,0.243333;10,768,0.226667;10,837,0.226667
2,1798;58,8385,1;4,388,0.246667;8,551,0.29;9,738,0.255;9,800,0.255
2,1777;59,8638,1;4,388,0.246667;7,451,0.275;8,646,0.231667;8,690,0.231667
2,1764;57,8413,1;4,343,0.258333;6,476,0.246667;7,627,0.226667;7,682,0.226667
2,1765;59,8403,1;4,373,0.23;7,491,0.241667;7,611,0.205;7,674,0.205
2,1721;60,8719,1;4,351,0.25;6,427,0.246667;9,678,0.221667;9,735,0.218333
2,1767;59,8537,1;4,365,0.235;6,452,0.241667;7,648,0.218333;8,732,0.215
2,1780;57,8353,1;5,362,0.275;8,517,0.273333;9,675,0.241667;8,717,0.24
2,1768;59,8811,1;4,342,0.233333;7,502,0.225;9,718,0.196667;9,764,0.195
2,1782;58,8768,1;5,428,0.245;9,544,0.265;10,750,0.225;11,826,0.223333
2,1774;56,8312,1;5,417,0.213333;7,487,0.231667;8,656,0.206667;9,761,0.205
2,1751;57,8222,1;5,398,0.223333;7,456,0.238333;8,687,0.195;9,826,0.195
2,1778;56,8161,1;5,404,0.22;6,407,0.231667;11,796,0.191667;11,874,0.19
2,1781;57,8171,1;4,331,0.226667;7,454,0.246667;10,765,0.206667;10,835,0.21
2,1767;58,8539,1;5,361,0.211667;6,465,0.24;9,703,0.205;10,795,0.213333
2,1754;59,8859,1;5,424,0.218333;6,458,0.236667;10,747,0.225;9,838,0.223333
2,1717;57,8369,1;4,365,0.198333;6,447,0.203333;8,625,0.203333;8,676,0.198333
2,1738;58,8548,1;4,345,0.21;5,405,0.208333;8,653,0.193333;9,755,0.191667
2,1698;59,8536,1;4,349,0.215;5,457,0.211667;7,608,0.205;7,652,0.205
2,1724;59,8481,1;4,385,0.28;6,431,0.27;8,661,0.223333;8,726,0.223333
2,1710;57,8341,1;3,365,0.248333;5,408,0.231667;7,599,0.22;7,660,0.223333
2,1707;57,8555,1;3,337,0.233333;5,390,0.211667;8,679,0.21;8,741,0.21
2,1699;58,8486,1;3,356,0.235;3,349,0.226667;8,679,0.216667;8,682,0.211667
2,1706;59,8863,1;4,343,0.225;6,410,0.253333;7,617,0.221667;7,653,0.22
2,1685;58,8575,1;3,309,0.226667;5,393,0.231667;6,593,0.236667;6,607,0.23
2,1629;58,8569,1;2,251,0.226667;4,350,0.228333;4,387,0.238333;4,418,0.23
1,1591;60,8877,1;4,258,0.233333;5,244,0.238333;7,500,0.238333;6,515,0.233333
2,1572;59,8869,1;3,219,0.241667;4,217,0.251667;6,433,0.228333;5,449,0.225
2,1485;59,8664,1;3,165,0.23;4,199,0.233333;5,353,0.213333;5,357,0.211667
1,1397;59,8593,1;2,103,0.225;2,124,0.241667;3,178,0.205;3,193,0.203333
1,970;60,8805,1;0,68,0.225;1,71,0.241667;1,119,0.205;1,135,0.203333
0,174;59,8795,1;0,35,0.225;0,39,0.245;0,60,0.206667;0,59,0.201667
0,515;58,8634,1;1,48,0.226667;1,50,0.241667;0,49,0.21;0,57,0.203333
1,920;58,8588,1;1,58,0.225;1,82,0.24;0,59,0.21;0,71,0.203333
