136,97461;318,133304,1;152,24099,0.964932;194,32113,0.992081;379,24795,0.978507;300,32924,0.998643
135,98140;324,134403,1;143,16198,0.945023;176,22882,0.988688;268,17742,0.93914;250,25321,0.959955
140,98214;323,135055,1;157,16652,0.947285;182,23524,0.99095;234,17090,0.954977;256,25640,0.961312
142,98130;323,135500,1;153,16298,0.943891;187,23506,0.99276;250,16923,0.942081;258,25243,0.956109
144,98175;320,134222,1;145,16052,0.937783;179,23614,0.993665;229,16825,0.934842;243,25800,0.95181
145,98161;429,136233,1;106,16657,0.936878;133,23521,0.990724;251,16977,0.936425;271,25972,0.947285
148,98114;558,135965,0.999774;156,16486,0.95;184,23925,0.989593;265,16704,0.943891;261,25867,0.955204
147,98174;327,137797,1;150,16615,0.957466;190,23897,0.991176;246,17132,0.953846;193,25320,0.956335
145,98118;325,137546,1;123,15381,0.940045;110,22492,0.991176;184,16444,0.949095;241,24611,0.954072
146,98060;323,135937,0.999774;149,14665,0.950226;167,21110,0.992534;239,16033,0.918552;178,25022,0.947511
146,98037;321,135271,1;105,14052,0.94276;106,20900,0.989367;152,15937,0.928733;160,24646,0.942986
145,98047;324,136084,1;136,15189,0.951357;172,21762,0.992534;223,16096,0.948416;229,24468,0.949774
144,98044;327,137481,1;150,15240,0.946606;148,21573,0.989367;243,15669,0.950905;201,24360,0.955656
145,98074;322,135161,1;110,15015,0.950452;146,21765,0.988688;165,15723,0.949774;177,23330,0.944118
147,98018;329,138221,1;134,14714,0.93914;153,21496,0.992081;155,15983,0.942986;148,24491,0.951357
148,98061;328,135548,1;136,15053,0.952489;168,21633,0.990498;235,16070,0.936199;204,24420,0.946606
138,98024;325,136239,1;138,14850,0.959276;103,21046,0.992534;151,15874,0.931222;223,24135,0.952036
139,98063;326,136000,1;141,14894,0.94638;157,21457,0.993665;237,16034,0.928959;238,24754,0.95724
139,98072;563,134538,1;147,14963,0.952715;168,21187,0.993891;233,16286,0.95543;218,23551,0.962896
145,98061;558,133638,1;144,14573,0.948869;152,21043,0.99095;220,16088,0.946606;152,24219,0.952715
146,98065;558,134330,1;153,14730,0.955656;144,21139,0.994344;217,15499,0.915158;208,23861,0.94819
146,97969;562,135455,1;141,14739,0.952941;162,20863,0.990045;233,16330,0.940271;216,23658,0.947964
147,98027;561,135563,1;139,14576,0.951131;172,21163,0.992081;192,16208,0.942534;150,24203,0.949548
147,97968;563,136525,1;121,14327,0.947738;149,21286,0.992986;229,15845,0.951584;231,24382,0.954751
148,98027;560,137022,1;137,14481,0.96086;162,20479,0.988914;228,15647,0.954751;183,24273,0.955656
153,97992;526,135401,1;121,13961,0.936425;157,20965,0.994118;226,15911,0.947511;236,24101,0.950226
144,98001;359,137813,1;134,14551,0.943439;167,20569,0.989593;243,15587,0.942534;230,23772,0.952489
144,97950;324,137238,1;134,13840,0.95362;164,20833,0.993439;229,15478,0.941403;234,23969,0.948643
142,98002;323,136746,1;129,14544,0.957014;164,20851,0.993439;222,15411,0.952262;223,23850,0.958145
142,97979;400,135543,1;139,14414,0.951131;140,20680,0.995249;229,15860,0.943665;248,24162,0.954072
144,97963;328,136892,0.999774;138,13987,0.94819;165,20352,0.991176;240,15636,0.945701;226,23685,0.95
145,98035;325,136435,1;138,14255,0.956335;154,21223,0.991629;219,15686,0.945249;211,24110,0.95181
140,98026;325,136442,1;136,14157,0.938462;167,20733,0.992308;239,15698,0.9319;189,24155,0.948869
141,97966;322,135987,1;144,14488,0.95181;169,20770,0.989593;232,15882,0.941403;210,24151,0.948869
141,97987;324,135683,1;132,14196,0.950679;151,20515,0.994118;229,15484,0.944344;235,24122,0.94819
141,98031;327,137442,1;122,14805,0.956109;164,20979,0.992986;231,15560,0.938235;228,24314,0.949774
141,97961;560,135147,0.999774;153,14560,0.951357;160,21102,0.990045;226,15664,0.941403;258,24384,0.950679
150,98013;563,136038,1;151,14131,0.956787;167,20688,0.990498;231,15671,0.944118;245,23192,0.952489
147,97940;568,136914,1;158,13902,0.930317;145,20883,0.990724;216,15571,0.947285;208,23558,0.953394
147,98008;560,135167,1;139,14308,0.937557;159,20902,0.991629;230,15563,0.940045;147,23193,0.948643
147,97974;567,136612,1;127,14359,0.95724;163,20487,0.991855;221,15312,0.949321;143,23481,0.954072
146,97966;514,137301,1;93,14039,0.949321;109,20728,0.993891;176,15513,0.939819;152,23764,0.946606
153,97991;563,135529,1;138,14676,0.945475;171,21490,0.995249;218,15922,0.934389;229,24036,0.949095
152,97934;563,134926,1;138,13816,0.955656;185,19918,0.992081;219,15606,0.935973;222,23988,0.950679
154,98022;565,136122,1;133,13966,0.93552;142,20434,0.993213;234,15889,0.948416;227,24066,0.95181
142,97972;565,136295,1;133,13683,0.948869;161,20906,0.99276;227,15790,0.947059;208,23480,0.951584
142,97944;563,135495,1;153,13744,0.93552;151,19997,0.991403;235,15474,0.938914;161,23086,0.947738
142,97946;565,135793,1;139,13907,0.938914;150,20753,0.995023;184,15803,0.94276;198,23561,0.954977
144,97967;549,134167,1;141,14605,0.952262;160,20574,0.993891;143,15278,0.950226;153,23599,0.958597
143,98015;530,138028,1;142,14583,0.947738;167,20853,0.994344;229,15755,0.938914;204,23513,0.949321
142,98038;520,135999,1;89,14413,0.959502;102,20479,0.990724;149,15515,0.944796;146,23873,0.949321
142,97939;524,136536,1;145,14029,0.947964;164,20953,0.992081;214,15460,0.930769;252,24437,0.953394
143,97960;567,136553,1;143,14924,0.950452;178,21214,0.991176;234,15672,0.939593;237,24145,0.95543
148,98004;567,135061,1;141,14284,0.953846;175,20772,0.993213;215,15185,0.945701;176,23517,0.953394
151,98038;564,135202,1;118,14848,0.947964;158,20823,0.994118;229,15820,0.94638;216,23435,0.955882
152,98087;562,133552,1;149,14018,0.956561;129,19892,0.989367;209,15321,0.945023;179,22826,0.95362
146,98026;566,136181,1;131,14323,0.943439;168,20829,0.994118;242,16133,0.932127;214,23645,0.949321
148,97980;561,134876,1;137,14016,0.952941;164,20656,0.993213;217,15527,0.942308;226,23560,0.954072
149,98011;567,135185,1;98,14067,0.961538;159,19790,0.992081;193,15308,0.947285;146,22913,0.95181
149,97926;543,134633,1;122,14041,0.952262;172,20328,0.990271;239,15889,0.926923;229,23827,0.948643
149,98015;325,137243,1;144,14933,0.958371;159,21265,0.992986;159,16398,0.93371;221,24221,0.94638
148,98028;326,135936,1;140,14547,0.954977;156,20719,0.99457;247,15725,0.944796;192,24147,0.953394
147,97978;565,134982,1;149,14040,0.959955;150,20259,0.99457;216,15532,0.946154;213,22981,0.938235
156,98058;562,134260,1;134,14465,0.94638;163,20583,0.994118;207,15260,0.935294;243,24432,0.949774
155,98049;418,134841,1;127,13904,0.952941;162,20585,0.990498;174,15228,0.917647;235,23865,0.952715
143,98039;445,134408,1;142,14507,0.955882;164,21144,0.98914;148,15362,0.923756;191,23612,0.944344
142,98024;480,132827,1;139,14537,0.957919;159,20796,0.995928;219,15806,0.946606;221,24009,0.952941
143,98041;323,134787,1;135,13977,0.950226;167,20777,0.992308;212,15571,0.941403;223,23236,0.954072
143,98023;330,135758,1;132,14590,0.950452;162,20715,0.988462;208,15402,0.915611;214,24069,0.946606
143,98049;327,136710,1;136,14134,0.953394;128,20395,0.989593;152,15953,0.911991;142,23510,0.947059
143,98024;327,136385,0.999548;131,14377,0.945249;164,21216,0.987783;232,15735,0.934389;226,24300,0.952489
142,98038;330,136806,1;144,14362,0.95;144,20586,0.988914;229,16028,0.934842;230,24603,0.945701
144,98049;323,134024,1;136,14401,0.957919;168,20752,0.98914;181,15106,0.94819;220,23656,0.951131
147,98019;330,137758,1;133,14160,0.943439;162,20856,0.991629;210,15268,0.929412;179,23485,0.935294
149,98014;323,134620,1;136,14268,0.950452;165,20691,0.991176;220,15722,0.931448;236,23797,0.955656
151,97997;323,135236,1;128,13808,0.946154;106,20532,0.990724;148,15863,0.94276;162,23638,0.950452
151,97986;494,136428,1;137,13977,0.94819;170,20364,0.988914;242,16261,0.944796;216,24169,0.955882
150,97996;499,135397,1;141,14827,0.960633;149,20870,0.990271;227,15766,0.93914;222,23932,0.954525
150,97943;327,136811,1;111,13743,0.93009;168,20046,0.990724;253,15821,0.944796;177,24250,0.951584
150,98008;322,133971,1;110,14657,0.945701;111,21141,0.990724;219,15906,0.943891;218,23382,0.95
150,97985;571,137663,1;138,14288,0.948869;170,20759,0.983937;233,15722,0.94638;171,24116,0.953394
150,98043;403,136006,1;136,14780,0.951357;159,20853,0.993665;218,15673,0.928507;189,23649,0.942081
150,97993;325,136172,1;128,14320,0.929186;167,21095,0.992308;236,16039,0.932127;235,24124,0.949095
155,97998;324,135807,1;156,14567,0.95181;165,21066,0.990724;217,15545,0.936878;180,24175,0.95181
156,97980;321,135226,1;119,14431,0.930995;169,21301,0.989819;250,16106,0.94095;243,24980,0.949095
145,97982;348,135359,1;140,14693,0.952489;133,20960,0.985747;227,15630,0.929638;232,23939,0.95181
144,98039;567,135139,1;133,14540,0.94638;165,21321,0.996154;229,16069,0.946154;239,24647,0.956561
145,97997;566,134537,1;155,13950,0.947738;160,19934,0.993213;220,15661,0.937104;198,23579,0.943891
145,98042;561,134508,1;133,14436,0.961312;166,20797,0.994796;216,16609,0.934389;150,24059,0.944118
143,97933;569,137065,1;90,14017,0.943665;172,20608,0.990271;210,15484,0.922172;222,23701,0.944796
145,97998;560,134196,1;99,13737,0.960633;105,20189,0.990724;150,15565,0.930543;142,23682,0.950679
144,97982;567,136339,1;104,13684,0.952715;163,19775,0.992308;186,15605,0.939819;143,23449,0.947511
144,97962;348,135371,1;89,13688,0.943891;102,20384,0.994344;192,15256,0.941855;231,23828,0.947059
145,98020;327,137729,1;148,14577,0.953846;160,20711,0.992081;228,15848,0.949095;215,23247,0.954525
146,98000;523,135139,1;138,14110,0.947285;171,20328,0.990271;202,15303,0.932579;206,23217,0.952941
150,98006;574,137463,1;129,14173,0.947059;167,20904,0.991629;204,15609,0.945701;185,23893,0.954072
151,98031;565,135619,1;137,14514,0.947738;147,20759,0.99095;175,15488,0.939367;221,23783,0.951357
154,98031;569,137638,1;100,14848,0.952036;131,20585,0.991855;228,15835,0.943213;213,24655,0.948869
151,98085;569,137738,1;140,14844,0.949095;153,21824,0.99457;212,15651,0.943665;216,23836,0.95
153,97994;565,136092,1;130,14716,0.951131;110,21295,0.993665;217,15920,0.942986;222,24562,0.949321
150,97995;562,134095,1;146,14529,0.951357;173,20892,0.992986;231,15692,0.940724;215,24411,0.952036
150,98038;570,136367,1;132,14748,0.96086;156,21711,0.992534;225,16038,0.93733;208,23885,0.950679
151,98082;569,136461,1;142,14779,0.943213;172,21619,0.993213;214,15666,0.943665;211,24486,0.953167
149,98043;560,133900,0.999774;136,14916,0.956561;112,21536,0.988914;173,16236,0.932805;216,24423,0.959955
156,98013;381,136988,0.999774;141,14390,0.951131;169,21494,0.993891;231,16190,0.946154;217,24087,0.954525
155,98030;323,135059,0.999774;132,14524,0.941176;145,20331,0.988009;192,15510,0.940498;219,23910,0.948416
144,97968;326,136211,1;129,14119,0.961086;152,20787,0.992986;220,15651,0.935068;219,23969,0.943213
145,97955;567,135195,1;137,14339,0.946606;158,20584,0.989593;231,15857,0.935747;197,24430,0.948643
144,98016;567,135814,1;131,14459,0.959955;135,20010,0.993439;194,15920,0.939593;226,23894,0.953846
144,98052;566,136384,1;137,14654,0.949321;130,21065,0.992081;241,16472,0.952715;235,24330,0.951584
144,98065;452,135133,1;145,14741,0.953846;132,20907,0.992081;224,16094,0.950226;224,23859,0.954525
145,98002;325,135753,0.999548;128,14494,0.950226;163,21196,0.992308;224,15912,0.944344;211,24043,0.950679
150,98014;327,136026,1;130,14654,0.96086;140,20035,0.994796;215,15514,0.937557;204,23866,0.94819
150,98051;395,136463,0.999548;130,14937,0.953846;163,21630,0.993665;236,16440,0.945023;177,24362,0.95362
151,97989;570,137772,1;123,14568,0.958824;156,20824,0.990724;216,15525,0.945928;217,23752,0.95362
150,97921;565,135574,0.999548;142,14247,0.950679;161,20443,0.990498;207,15385,0.945475;214,23562,0.952941
149,98030;527,134841,1;142,14387,0.951357;152,20176,0.990724;219,15725,0.942534;211,23273,0.946154
151,98018;523,133623,1;125,14255,0.936652;158,20811,0.991855;217,15729,0.932579;227,23881,0.940724
149,98029;526,135098,1;108,14609,0.951131;156,20477,0.990045;226,16116,0.929412;229,24055,0.938235
150,98032;530,136795,1;126,14695,0.955882;165,21225,0.993665;235,16061,0.947059;175,24171,0.949548
150,97998;537,137531,1;122,14475,0.949321;162,21382,0.991855;221,15748,0.943891;188,24308,0.950679
150,98025;460,137574,1;94,14434,0.95362;119,21287,0.991403;185,15925,0.942986;227,24344,0.947964
150,98055;519,138724,1;139,14610,0.934842;160,21569,0.986878;230,16246,0.940724;225,24634,0.94638
149,98015;418,137004,1;134,14310,0.94457;159,21081,0.992534;220,15955,0.943891;224,24322,0.954977
150,97933;327,137991,1;139,14352,0.947511;173,20769,0.987104;151,15592,0.95;220,24235,0.959276
151,98001;322,134751,1;134,14699,0.963801;158,20638,0.991176;210,15407,0.942534;193,23040,0.955204
149,97985;325,136303,1;130,14939,0.964253;158,21115,0.993439;215,15830,0.946606;214,24131,0.954072
150,98020;337,134764,0.999095;148,14607,0.948869;169,20507,0.985973;236,15861,0.950679;221,23881,0.953394
151,97996;447,136046,1;118,14434,0.94819;154,21188,0.994796;216,15920,0.943213;184,23571,0.952262
151,97981;568,136378,1;122,14293,0.963122;149,20766,0.991629;195,15121,0.949095;194,22934,0.956109
151,98033;566,136656,1;129,14584,0.9319;136,21642,0.993439;220,15881,0.94638;223,24345,0.954977
151,97991;567,136831,1;126,14416,0.944796;151,20950,0.992534;224,15930,0.947964;215,23790,0.95
150,98018;345,136184,1;134,14661,0.953167;166,20918,0.992308;201,15674,0.94638;154,23804,0.953394
151,98048;328,136225,1;120,14457,0.95;158,21372,0.989367;220,15950,0.93552;240,23853,0.951584
151,97991;567,135836,1;175,13898,0.945928;136,20384,0.995023;212,15614,0.9319;209,23663,0.940724
150,98046;564,134659,1;139,14330,0.96086;164,20732,0.990724;207,16250,0.944118;201,23709,0.954751
151,97957;573,136732,0.999774;125,14189,0.947964;149,20544,0.991176;185,15657,0.942986;145,23874,0.949774
150,98046;562,135126,1;89,14555,0.956109;105,20371,0.991403;146,15596,0.942534;137,23368,0.951357
151,97994;567,136814,0.999774;127,13937,0.94276;149,20100,0.987783;192,15544,0.946833;204,23420,0.954751
150,97988;570,135465,1;127,14224,0.94276;148,20316,0.995249;242,15544,0.93914;242,23192,0.949095
150,98014;564,136860,1;129,14250,0.950452;119,20615,0.989593;209,15658,0.937104;214,23856,0.950452
150,97980;565,136630,1;137,14038,0.945701;159,20291,0.990498;223,15718,0.946606;221,23626,0.95
151,97935;559,134848,1;131,14198,0.955656;153,20392,0.993213;206,15183,0.950226;197,23697,0.954072
151,98030;526,133620,1;128,14409,0.953846;157,21184,0.993665;214,15921,0.943213;207,23585,0.953167
151,98027;546,135782,1;129,14396,0.952941;168,20675,0.99095;233,15754,0.946606;240,24027,0.952489
151,98051;552,136444,1;152,14800,0.952941;155,20842,0.991629;224,15881,0.945023;219,24156,0.952941
150,97963;557,137789,1;129,14593,0.949095;146,20744,0.98914;216,15903,0.93009;203,23605,0.950452
151,98024;565,134988,1;123,14535,0.942308;102,21037,0.990498;181,16163,0.936425;144,23902,0.94638
152,98015;562,134781,1;142,14595,0.959955;157,20324,0.993891;227,16029,0.942308;223,23946,0.946606
151,98069;563,135330,1;136,14703,0.941176;142,20957,0.993665;211,15814,0.945701;207,23855,0.953167
150,98032;571,137869,1;129,14521,0.951584;160,20699,0.99095;215,15781,0.94276;215,24025,0.949548
151,97972;567,135581,1;132,14425,0.941855;154,21071,0.99276;220,15824,0.93371;207,24174,0.940271
151,98017;565,137519,1;127,14713,0.957466;152,20707,0.989593;231,15674,0.942308;208,24140,0.949321
151,97954;524,134357,0.999548;127,13933,0.952262;138,19940,0.991629;212,15344,0.94457;202,22714,0.955656
150,97900;525,135788,1;133,13877,0.947964;135,20114,0.994796;148,15452,0.94276;141,23734,0.95
150,97827;523,135817,1;98,13770,0.950679;157,19923,0.993891;210,14993,0.945023;198,22785,0.954299
151,97816;521,134530,1;136,13962,0.955656;159,19683,0.989819;206,15200,0.945701;204,23304,0.956561
150,97818;531,136274,1;134,13978,0.960181;149,19779,0.99276;205,14968,0.947738;157,22967,0.953394
150,97799;492,134316,1;103,13367,0.945701;156,19617,0.991176;210,15006,0.934615;211,22976,0.94819
150,97567;326,136078,1;122,13115,0.948416;142,19381,0.989819;193,14385,0.934389;199,22953,0.950452
152,97436;429,137113,1;143,13562,0.940498;150,20057,0.989819;216,15258,0.936199;174,22795,0.949095
151,97629;561,134268,1;119,13504,0.944118;126,19804,0.994118;146,15200,0.935747;140,23352,0.947738
150,97118;562,135167,1;110,12778,0.949548;143,18960,0.990045;214,15341,0.941855;193,22884,0.946833
150,96865;568,136000,1;136,12782,0.934389;138,19119,0.988235;154,14622,0.94638;209,22451,0.94819
147,97353;563,134883,1;122,12515,0.939819;144,19502,0.995701;216,14986,0.929864;221,23638,0.94276
151,96493;461,134588,1;120,12001,0.928733;138,18016,0.992081;205,14156,0.930769;209,22267,0.944118
148,96091;325,135404,1;112,11368,0.952941;127,17467,0.988914;202,14091,0.93914;199,21511,0.943665
145,95625;450,135890,1;120,10476,0.957692;127,16452,0.991629;210,13382,0.91629;213,21824,0.932805
144,92676;560,135392,1;113,9017,0.946606;125,14284,0.99095;187,11704,0.921946;190,18951,0.931448
140,90429;571,135603,1;101,7562,0.950452;124,12490,0.991629;170,10721,0.917873;166,17282,0.928959
138,89958;444,136252,1;98,7636,0.951357;112,12546,0.989819;128,10464,0.924661;122,18031,0.936199
127,83738;561,134374,1;89,5773,0.957466;97,9586,0.988009;138,8629,0.917421;141,14026,0.928281
108,71364;532,134472,1;72,4359,0.955204;71,6683,0.984389;96,6251,0.912217;108,10976,0.921493
99,64402;559,134128,1;59,3499,0.957466;67,5833,0.989819;90,5566,0.9181;96,9605,0.928281
91,59449;555,134902,1;52,2906,0.964706;43,4863,0.988688;69,4549,0.911086;80,8574,0.922624
67,44152;344,135298,1;45,1908,0.970588;46,2988,0.985068;43,3029,0.909502;54,5647,0.919457
52,34405;454,136340,1;55,1206,0.968778;38,2191,0.986878;31,1991,0.907466;36,3590,0.919683
41,26557;436,135935,1;42,846,0.973077;45,1429,0.987783;17,1161,0.909729;20,2049,0.921493
32,20878;380,136684,1;45,589,0.967421;23,1077,0.987783;16,1126,0.909502;18,2042,0.921946
18,11359;398,134962,1;34,379,0.971267;23,677,0.988009;10,648,0.907919;12,1269,0.919683
7,3870;585,135545,1;32,233,0.96991;18,316,0.987783;4,280,0.908371;5,522,0.920136
