75,97461;218,50614,0.979638;142,24181,0.90905;179,32909,0.961538;234,25399,0.870136;218,29446,0.940271
79,98032;224,51211,0.984615;108,15756,0.875566;147,24754,0.938462;167,17459,0.847511;172,22053,0.914027
79,97984;224,51245,0.982353;117,16846,0.855656;159,25946,0.953394;188,18757,0.806335;186,23241,0.923529
80,98035;228,52624,0.98371;127,17593,0.859276;165,27018,0.947964;190,19257,0.836199;195,24313,0.926697
79,98106;221,51281,0.986425;126,17454,0.871041;156,26668,0.942534;184,19022,0.813575;187,24259,0.906787
79,98023;222,51073,0.987783;124,17384,0.874208;158,26562,0.946606;185,19329,0.833484;188,24487,0.921267
79,98052;226,51757,0.989593;121,16804,0.884163;158,26668,0.958824;189,19655,0.827602;179,23366,0.921267
79,98011;218,50189,0.988688;124,17148,0.89276;162,26569,0.957466;176,18370,0.81267;185,23824,0.930317
79,98050;222,51250,0.993213;125,17143,0.848416;162,27434,0.951584;177,18543,0.814932;186,24017,0.935294
80,98045;223,50830,0.98552;127,17896,0.872851;157,26863,0.955204;185,19317,0.868326;187,24429,0.960181
79,98070;226,51202,0.99276;129,17556,0.89095;158,26628,0.966063;195,20460,0.847511;190,24766,0.944796
79,98077;222,51135,0.983258;124,17489,0.886878;156,26191,0.947059;184,19289,0.871946;186,24133,0.940724
81,98064;223,51277,0.984163;126,17481,0.882353;156,26453,0.954751;191,19476,0.864253;200,24660,0.940724
81,98075;226,51479,0.985068;131,17599,0.874208;169,27968,0.961086;186,19026,0.829412;186,23448,0.935294
80,97992;224,51353,0.984615;125,17116,0.860181;162,26518,0.938009;179,18249,0.819005;182,22863,0.939819
81,98067;221,50902,0.984615;125,17492,0.865158;163,26975,0.956109;194,19192,0.813122;196,24512,0.938462
80,98038;219,50120,0.987783;123,17283,0.877376;166,26862,0.958371;183,18653,0.809502;192,23971,0.920362
80,98000;230,51113,0.98552;124,17031,0.883258;163,26806,0.947059;186,18876,0.819457;181,22922,0.879186
80,98055;229,51818,0.987783;125,17168,0.857014;163,26832,0.952489;185,19082,0.854299;182,23046,0.890498
80,98035;222,50284,0.980543;125,16890,0.870136;141,26013,0.950679;156,18736,0.834389;181,23583,0.940724
80,98022;221,50532,0.982353;118,16843,0.887783;156,26663,0.956109;182,19285,0.895928;173,22634,0.932127
80,98061;223,51374,0.983258;121,17343,0.857014;158,26566,0.953394;172,17951,0.754299;178,23012,0.90543
81,98084;222,51019,0.986425;126,17696,0.882805;155,26504,0.960181;179,18511,0.78552;183,23433,0.912217
82,98099;223,51104,0.986425;123,17687,0.885068;159,26838,0.948869;194,19559,0.828507;190,24155,0.933484
81,98038;222,50372,0.985973;119,16652,0.836199;157,26409,0.944344;182,19025,0.850679;183,23562,0.916742
82,98071;224,51445,0.985973;127,17429,0.846154;157,26454,0.953394;174,18373,0.785973;190,24530,0.921719
82,97957;227,51805,0.9819;119,16525,0.854299;157,25814,0.950226;183,18773,0.833484;187,23931,0.934842
81,97932;218,50332,0.979638;112,15561,0.853394;153,25411,0.950679;170,17843,0.868326;167,21430,0.904072
81,97752;218,50065,0.986425;118,15513,0.866968;143,23550,0.950679;171,17887,0.879638;173,22252,0.959729
80,97384;222,50542,0.98371;108,14324,0.846154;140,22748,0.948869;163,16943,0.838914;163,21086,0.929412
80,97704;222,50960,0.977376;97,13514,0.848416;131,21470,0.942986;158,16359,0.867873;160,20565,0.937557
80,96673;218,49824,0.98733;87,11406,0.849321;117,18729,0.937104;131,13985,0.848869;133,17560,0.917647
77,93444;215,48881,0.986425;73,8953,0.89638;93,14386,0.955656;103,10761,0.857919;118,15318,0.902715
69,80987;219,50006,0.98009;50,5596,0.88733;61,9012,0.952489;62,6839,0.838914;74,9723,0.89457
48,57754;222,50579,0.987783;30,2869,0.89638;38,4710,0.947059;32,3569,0.853846;44,5988,0.901357
27,32985;218,50024,0.981448;23,1420,0.898643;24,2485,0.941176;16,1859,0.854751;20,2787,0.894118
12,13936;221,49818,0.986425;12,492,0.9;19,914,0.941629;7,857,0.856109;7,990,0.892308
7,8577;216,49189,0.980543;9,303,0.9;15,534,0.943439;4,493,0.854751;4,545,0.890045
