73,97461;92,45506,0.997285;102,21625,0.964253;119,28743,0.993213;149,22821,0.962896;140,25075,0.98552
71,89859;91,44845,0.99276;56,8317,0.923077;68,13670,0.98009;66,9897,0.931222;67,11597,0.941629
71,89330;160,46087,0.993665;39,8250,0.915837;56,12551,0.969683;44,10172,0.922624;47,12269,0.939367
71,88864;157,45551,0.99457;37,8279,0.89276;44,12743,0.966968;46,10524,0.902262;45,11874,0.913575
73,90001;150,46661,0.991855;36,8307,0.904977;42,13017,0.973303;49,10919,0.89276;47,12500,0.927149
73,90247;149,46044,0.992308;55,8682,0.909955;64,13807,0.9819;72,10653,0.890045;73,12424,0.923529
74,92742;148,45503,0.990045;59,9566,0.928959;74,14666,0.976923;81,11886,0.895023;83,14130,0.933937
73,90141;149,45888,0.995475;59,8840,0.919005;73,13556,0.970588;72,10523,0.901357;58,12952,0.916742
73,88558;151,46874,0.993213;56,8828,0.921267;46,13542,0.961538;48,10699,0.875566;49,12583,0.914932
75,92562;151,46810,0.99457;41,8998,0.930769;46,13846,0.969231;56,11512,0.891403;81,13708,0.90181
74,91003;149,46326,0.995475;45,8248,0.908597;45,13381,0.968326;48,10876,0.885068;51,13265,0.927602
73,89482;150,46650,0.984163;54,8314,0.924887;66,12821,0.972398;71,10309,0.89638;71,12180,0.924434
73,88642;148,46040,0.997285;55,8106,0.901357;58,12803,0.966063;67,9982,0.902715;72,12341,0.933937
73,89258;149,46523,0.995023;55,8326,0.917195;67,13248,0.977376;72,10768,0.894118;71,12259,0.925339
75,90988;149,46206,0.99276;41,8510,0.931674;68,13548,0.962896;71,10853,0.930769;66,12714,0.938462
73,88854;148,45508,0.98733;35,8124,0.913575;40,12152,0.972398;50,10134,0.921267;49,11237,0.930769
75,91946;149,46081,0.99638;36,8393,0.900905;46,13280,0.971041;44,10281,0.914027;48,12736,0.920814
73,89367;156,46652,0.99276;36,7725,0.885973;40,12165,0.946606;44,10206,0.896833;44,11812,0.926244
72,88491;151,46446,0.997285;33,7667,0.88552;43,12463,0.958824;44,10051,0.90905;65,11209,0.917647
71,87250;151,46425,0.99276;52,7914,0.90543;63,12124,0.961086;65,9785,0.904072;57,11159,0.922624
74,91462;149,45988,0.99638;49,8204,0.870136;63,13442,0.954299;71,10595,0.890498;74,12653,0.912217
74,90820;149,45933,0.993665;49,8143,0.882353;67,12639,0.966968;67,10137,0.881448;45,12106,0.931674
80,90785;149,46195,0.984615;37,7997,0.895023;43,12800,0.952941;40,9379,0.860181;60,12152,0.938462
73,90766;148,45914,0.998643;54,8561,0.928054;64,12789,0.967873;68,10403,0.877828;45,12018,0.924887
72,89237;147,45762,0.995023;51,7906,0.911765;69,12799,0.968778;64,9672,0.867421;70,11781,0.924887
74,91251;148,46225,0.986878;52,7986,0.928959;42,13026,0.967873;44,10301,0.868778;46,12212,0.906787
75,93441;159,47433,0.993665;57,8909,0.937104;65,13195,0.964253;74,11163,0.900905;77,13201,0.938914
74,92831;150,46259,0.992308;48,8130,0.90181;43,12878,0.965158;42,9986,0.908145;46,12344,0.925792
72,89654;134,46142,0.991403;46,7874,0.905882;71,12608,0.975113;46,9792,0.91629;70,11741,0.939819
72,89630;93,46022,0.987783;56,8037,0.924434;65,12509,0.9819;63,9635,0.903167;68,11719,0.925792
74,93361;94,46827,0.997285;62,9158,0.932579;74,13974,0.976018;55,10834,0.905882;77,12980,0.932579
71,88233;93,46362,0.988235;56,8135,0.941176;65,12277,0.976923;67,10184,0.915837;70,12050,0.922172
73,92374;94,46512,0.988235;52,8147,0.923529;70,13776,0.974661;67,10294,0.926697;53,12327,0.914027
73,90782;98,47614,0.99457;55,8327,0.924434;63,12792,0.969683;65,10277,0.918552;69,12371,0.932127
75,94010;95,47014,0.997285;54,8662,0.921719;66,13472,0.978281;77,11545,0.908597;77,13145,0.936199
74,92376;120,46094,0.995928;53,8324,0.900905;68,12695,0.971946;71,10828,0.899095;72,12422,0.918552
74,91227;161,45991,0.993213;57,8214,0.897285;72,12977,0.974208;72,10262,0.912217;66,11632,0.931222
73,89498;160,45752,0.991855;52,7958,0.9181;62,11837,0.975113;64,9754,0.905882;63,10886,0.919005
74,91768;159,45452,0.990045;54,8086,0.908597;67,13000,0.977376;68,10264,0.889593;73,12496,0.940724
75,92605;163,45756,0.98552;54,8271,0.893213;70,12953,0.950226;72,10618,0.878733;60,12834,0.939819
75,91584;160,45397,0.990498;53,8729,0.888688;65,12885,0.954751;61,10680,0.889593;72,12467,0.936199
74,90649;161,45884,0.99638;54,8385,0.930769;64,12596,0.972398;58,9695,0.893213;64,11872,0.932579
72,87442;165,46708,0.98552;50,7796,0.933484;40,11953,0.968778;40,9484,0.895928;40,10872,0.922172
70,91099;166,47630,0.999095;53,8116,0.924434;56,12873,0.978733;67,10282,0.88914;87,12201,0.939819
73,88734;166,46946,0.99276;49,7543,0.915837;45,12335,0.979186;41,9650,0.907692;41,10927,0.928959
74,89852;160,45883,0.999095;36,7876,0.938462;64,12402,0.969231;57,9231,0.885973;58,10679,0.924434
74,89120;163,45975,0.985068;45,7722,0.912217;62,12298,0.963801;61,9652,0.895023;62,10946,0.930317
72,86136;162,45886,0.99457;52,7497,0.884163;59,11513,0.968778;41,9621,0.877376;41,10762,0.922624
77,92966;166,46831,0.991403;55,8373,0.91629;69,13593,0.972398;74,11043,0.88552;72,12254,0.920814
74,90782;150,46343,0.984615;55,8267,0.9181;64,12189,0.974208;69,10409,0.903167;57,12118,0.922172
75,91171;147,45073,0.995475;57,7873,0.920814;70,12198,0.983258;68,10013,0.89095;70,11921,0.937104
75,92529;149,46206,0.990498;51,8196,0.917647;67,13311,0.969683;63,10456,0.863348;68,12257,0.91991
75,92054;152,47119,0.991403;37,8250,0.912217;73,12962,0.966968;94,10975,0.89095;79,12318,0.91448
74,90085;149,46293,0.997285;43,7964,0.900452;55,11874,0.952941;66,9877,0.88733;67,11148,0.900905
73,89346;152,46851,0.996833;54,7982,0.891403;65,11940,0.973756;67,9947,0.905882;66,10936,0.91267
72,88359;156,46523,0.997738;54,7745,0.909502;62,11671,0.955656;58,9735,0.91448;63,11383,0.924887
74,93316;152,46176,0.996833;45,7879,0.881448;45,13289,0.969231;74,10751,0.901357;61,12156,0.905882
73,91868;152,46829,0.995475;55,8334,0.921719;68,12586,0.960181;69,10387,0.882353;67,11657,0.925339
73,90777;148,45803,0.991855;53,7888,0.930769;67,12563,0.967421;65,9863,0.88371;71,12005,0.90905
73,92292;152,47233,0.990498;57,8628,0.930769;69,13029,0.973756;69,10211,0.868778;73,12203,0.931674
71,89508;148,45667,0.987783;54,7777,0.899095;67,12262,0.969231;62,9380,0.853846;66,11425,0.925792
71,88990;148,45526,0.997738;48,7437,0.909502;63,12081,0.981448;65,9808,0.875566;66,11352,0.935747
71,88738;149,45695,0.993213;46,7609,0.908597;68,11968,0.967873;62,9266,0.90543;65,11080,0.947059
72,90793;153,47129,0.989593;54,7682,0.904977;66,12077,0.961538;66,9918,0.90362;66,11116,0.919005
73,89102;147,45891,0.991403;44,8037,0.906335;61,11738,0.946606;62,9412,0.902715;65,11025,0.916742
73,89198;146,45076,0.992308;54,7636,0.924434;64,11728,0.952036;61,9413,0.911312;60,10153,0.931222
74,90107;148,45636,0.997285;54,7970,0.915837;70,12135,0.946154;60,9281,0.871493;67,11462,0.923077
76,93512;149,46425,0.99638;56,8031,0.923529;67,12903,0.953394;68,10208,0.858824;71,11917,0.911312
76,91531;148,46261,0.980995;56,8251,0.907692;72,12815,0.969231;74,10917,0.896833;70,11631,0.934842
75,91344;163,45842,0.991403;57,8224,0.905882;54,12241,0.964253;49,10188,0.89819;44,11734,0.932579
74,89704;164,46642,0.990045;59,7736,0.895928;66,12516,0.952489;65,9664,0.882353;67,11567,0.931674
80,92725;162,46225,0.986425;50,7546,0.906335;62,12039,0.947059;67,10201,0.879638;71,12070,0.89819
75,92720;161,46445,0.99276;58,8234,0.909502;68,12511,0.964706;70,10285,0.88914;72,11961,0.91629
74,91015;165,47074,0.995023;57,8182,0.897285;67,12315,0.976471;70,10119,0.895023;71,12077,0.927149
75,91667;163,47301,0.99638;56,8298,0.921719;66,12767,0.961538;69,10558,0.88552;70,12096,0.899095
74,92569;159,45708,0.99276;62,8468,0.919005;71,13437,0.966063;72,10711,0.904525;75,12952,0.930769
73,89997;163,47044,0.990045;52,7810,0.911765;67,12284,0.962896;67,9815,0.913122;70,11787,0.937104
79,91510;164,47095,0.993213;52,8192,0.903167;68,12823,0.976923;68,10032,0.884615;72,11755,0.933484
72,88180;160,46023,0.995475;53,7559,0.91086;66,12222,0.975113;60,9285,0.905882;59,10324,0.917647
77,91364;159,46012,0.99276;54,8152,0.919457;66,12244,0.935747;61,9953,0.872398;49,11810,0.930317
76,91643;162,45621,0.994118;37,7969,0.951131;42,12497,0.958824;55,10355,0.908145;69,11672,0.930317
74,89478;162,46175,0.99638;50,7542,0.920814;61,11725,0.958371;62,9431,0.911765;67,10830,0.917647
74,89614;160,45792,0.995023;34,7902,0.9181;44,12501,0.960633;42,9768,0.890498;44,11244,0.928507
75,90854;161,45545,0.981448;53,7940,0.937557;75,12225,0.972398;65,10012,0.915385;51,10897,0.932127
72,87607;126,45663,0.994118;51,7641,0.926697;65,11843,0.978281;43,10037,0.935294;42,11255,0.933032
88,89964;92,45281,0.995928;52,7432,0.902715;62,11734,0.966063;60,9172,0.90905;63,10894,0.923077
79,91970;96,47338,0.99457;53,8036,0.908145;70,12473,0.955204;67,10109,0.882353;70,11920,0.926697
77,90446;93,45388,0.995475;49,7892,0.9181;67,12196,0.974661;65,9658,0.8819;68,11321,0.924434
77,89764;94,46504,0.991403;73,7837,0.913575;74,12532,0.977376;71,9652,0.881448;68,11518,0.924434
78,91308;96,47210,0.993213;60,8180,0.90181;74,13085,0.976923;70,10292,0.917195;69,11666,0.926697
76,89267;93,46155,0.991855;50,7568,0.913122;54,11828,0.98009;64,9762,0.90724;65,11219,0.932127
77,91126;94,46390,0.993665;56,7984,0.919457;54,11862,0.961991;66,9820,0.904977;70,11838,0.929864
77,92643;93,46211,0.997738;56,8002,0.88914;66,12681,0.948416;66,10023,0.883258;71,12189,0.925792
81,91665;93,46047,0.99638;55,8059,0.933484;83,13134,0.972851;70,10640,0.915837;68,11787,0.923077
81,91821;93,46225,0.991855;56,8298,0.916742;65,12238,0.964253;68,10198,0.906335;61,11908,0.914027
79,88332;95,46351,0.988688;53,7456,0.919005;61,11486,0.951131;61,9364,0.91448;64,11313,0.931674
79,89202;92,45188,0.99457;52,7534,0.899548;66,12548,0.961991;60,9256,0.918552;63,10990,0.937557
81,92705;93,45695,0.999095;53,8008,0.911765;68,12652,0.968326;65,10072,0.926244;68,11761,0.932127
74,90308;95,46989,0.99095;53,7629,0.9;66,12351,0.966968;71,9723,0.90724;72,11051,0.906787
75,91110;94,46649,0.990498;50,7514,0.890498;66,12831,0.969683;63,9516,0.885973;68,11510,0.91448
76,91257;96,47903,0.994118;54,8346,0.91448;67,12822,0.966968;70,10439,0.90181;70,11707,0.915837
74,90211;94,46796,0.985973;63,7651,0.897738;74,12673,0.971041;76,10407,0.904072;67,11618,0.934389
74,90002;93,45851,0.992308;52,7578,0.901357;65,12178,0.974661;64,9711,0.902715;66,11276,0.910407
74,89502;93,46214,0.995475;49,7616,0.911765;59,11532,0.958824;63,9471,0.877828;68,11452,0.917647
72,86701;95,47050,0.99819;49,7760,0.909955;64,11995,0.950679;63,9558,0.89276;63,10866,0.933032
74,90219;161,45957,0.99638;51,7848,0.908597;64,12328,0.965611;61,9392,0.90181;66,11359,0.934842
72,87252;140,48105,0.997285;46,6820,0.899548;58,11096,0.950226;59,9182,0.882353;60,10483,0.933484
75,91877;121,46017,0.99819;55,8211,0.873303;69,13287,0.957466;72,10680,0.90362;71,12247,0.938462
75,89606;151,46833,1;54,8136,0.879186;63,12418,0.970136;59,9692,0.920362;51,11513,0.938914
76,90581;158,46897,0.988688;53,8517,0.90181;67,12817,0.969231;67,10219,0.904977;67,11430,0.918552
77,91152;149,45756,0.993665;56,8388,0.886878;70,12765,0.976018;65,9742,0.906335;70,11664,0.931222
76,90670;155,46965,0.999548;37,8125,0.90905;42,12789,0.967873;44,10220,0.876923;44,11667,0.915385
86,92046;151,46727,0.993213;36,8263,0.924434;47,13404,0.976923;44,10280,0.850679;46,12297,0.928507
80,91890;149,45995,0.99276;55,8064,0.899095;66,12756,0.969231;60,10749,0.88009;70,12042,0.926244
80,90993;150,46332,0.988688;54,7742,0.898643;65,12909,0.973303;69,10305,0.906335;53,11576,0.917647
82,91437;159,46606,0.993665;38,8069,0.88733;47,12631,0.970588;71,10049,0.88009;71,12276,0.920362
79,89138;168,47724,0.995023;51,8068,0.919005;62,12163,0.976018;73,10211,0.894118;64,11069,0.891403
80,92521;161,46224,0.98552;57,8464,0.924434;69,13447,0.971493;71,10433,0.890045;73,12023,0.922172
79,92152;163,46861,0.99819;49,8698,0.939367;65,13217,0.973756;68,10234,0.845249;73,12447,0.913575
79,90900;164,47163,0.99457;53,8071,0.931674;64,12594,0.977828;76,10264,0.881448;84,11783,0.917647
80,90899;165,46949,0.986878;60,8178,0.936652;77,13192,0.980543;79,10536,0.923982;82,12255,0.935747
80,92456;164,46808,0.997285;60,8180,0.919457;69,13658,0.985068;71,10401,0.909502;72,12361,0.939367
76,87677;149,45751,0.995928;52,7651,0.917195;61,12137,0.9819;56,8991,0.910407;60,11100,0.939819
77,90330;153,46224,0.996833;48,7808,0.90724;63,13008,0.985973;45,10360,0.925792;44,11783,0.932127
84,91688;152,45790,0.98914;56,8331,0.922624;68,12919,0.976018;68,10392,0.928054;70,11930,0.922624
79,91945;159,46189,0.997285;39,8148,0.920362;42,12324,0.982805;44,10274,0.91086;46,11603,0.917195
76,89880;163,46376,0.997738;34,7527,0.90362;46,12805,0.969231;59,10083,0.911765;69,11650,0.932579
76,89646;162,45814,0.992308;47,7559,0.88914;62,11786,0.977376;61,9452,0.917647;67,11316,0.947511
78,91247;163,46931,0.991403;60,8257,0.921267;66,12480,0.971946;68,10091,0.893213;68,11630,0.921267
76,88873;161,46551,0.992308;51,7451,0.902715;65,11755,0.956109;68,10046,0.893665;70,11748,0.913122
75,89010;161,46454,0.991403;54,7582,0.887783;65,12061,0.968326;66,9761,0.900905;65,10977,0.913575
76,91823;152,46439,0.991403;54,7639,0.883258;65,12620,0.966516;67,10135,0.900905;68,11574,0.909955
76,90724;147,45143,0.99638;55,7996,0.89638;67,12498,0.955204;70,10009,0.897285;69,11793,0.928507
75,89519;150,46153,0.994118;53,8027,0.924434;67,12433,0.975113;66,10042,0.899548;64,10940,0.90905
76,92173;153,46820,0.994118;58,8589,0.929412;67,12983,0.975566;74,10838,0.913575;72,12282,0.921267
75,89258;149,46028,0.996833;34,7742,0.944796;40,12080,0.971041;42,9609,0.886425;42,11181,0.929864
73,86997;164,47360,0.999095;34,7789,0.911765;39,11954,0.974661;62,9239,0.909955;66,10995,0.938914
77,93113;165,47195,0.99638;54,8440,0.946606;68,13181,0.973303;69,10482,0.918552;82,12385,0.935294
80,88633;163,46236,0.996833;49,7863,0.936199;74,12735,0.979638;71,9594,0.925339;74,11264,0.937557
73,87557;162,45941,0.995928;56,7480,0.929412;62,11422,0.956561;62,9248,0.921267;63,10853,0.926697
76,91128;160,45589,0.993213;53,7898,0.909955;67,12773,0.976018;43,10171,0.897738;44,11742,0.918552
74,88867;160,45454,0.99276;33,7608,0.914027;40,11871,0.967421;40,9496,0.91448;41,11073,0.916742
76,90222;160,45672,0.987783;47,7828,0.91629;65,12700,0.963348;64,10104,0.91991;68,11466,0.931674
76,91205;162,46712,0.997285;51,7791,0.913575;66,12823,0.975113;64,9841,0.908145;64,11089,0.9181
76,91420;162,46525,0.997738;56,7734,0.908145;62,12002,0.965611;60,9553,0.910407;65,11335,0.917195
76,92242;159,46424,0.99638;58,8361,0.914027;42,12887,0.974208;65,10204,0.897285;45,12016,0.919005
76,90699;149,45982,0.99819;37,8142,0.927149;41,12378,0.976471;41,9595,0.885068;41,11095,0.938914
77,92183;150,46615,0.995023;56,8296,0.909955;62,12394,0.955204;62,10277,0.900452;68,11325,0.936652
75,88855;150,46251,0.999095;53,7610,0.922624;55,11647,0.958824;61,9218,0.916742;61,10351,0.938009
78,92604;147,44959,0.99457;53,7645,0.917195;67,12438,0.977376;64,9787,0.926697;71,11857,0.944344
91,93266;155,46776,0.984163;53,7868,0.905882;70,13259,0.973756;67,10285,0.902262;65,11604,0.929864
75,88963;151,46528,0.997285;49,7489,0.906787;63,11822,0.957919;64,9977,0.877828;60,10741,0.900452
77,89892;153,46975,0.99638;50,7533,0.865158;76,12723,0.961538;67,9668,0.88009;69,11584,0.938009
77,90232;151,47038,0.991855;53,8131,0.894118;66,12380,0.963348;69,10110,0.91267;73,11745,0.928507
77,91229;148,45968,0.996833;54,8348,0.931222;69,13013,0.979186;71,10295,0.904977;68,11820,0.908597
77,90551;150,46592,0.996833;51,7865,0.911312;66,12784,0.976018;67,10484,0.925339;72,12102,0.923529
79,90206;95,46040,0.991855;55,8288,0.921267;66,13047,0.978733;67,10421,0.914932;68,11950,0.91991
76,88227;93,45646,0.995023;45,7549,0.913575;55,12039,0.980543;69,9246,0.89095;61,10535,0.923982
78,90670;91,44851,0.98914;54,7921,0.915837;58,12482,0.979638;73,9737,0.871946;67,11519,0.929412
74,86432;93,46027,0.995928;50,7477,0.904977;65,12299,0.959276;65,9762,0.902262;63,10928,0.932127
77,90250;95,46905,0.99276;58,8321,0.90905;69,13377,0.969231;67,10123,0.91267;71,12137,0.927602
85,91663;96,46998,0.996833;48,8082,0.925339;45,12783,0.973756;66,10149,0.916742;62,12527,0.942081
75,92279;93,45787,0.993665;51,8146,0.91086;68,13317,0.980995;66,10167,0.9;70,12136,0.945701
75,90240;94,46755,0.993213;52,8173,0.933937;62,11926,0.970136;53,9472,0.906335;64,10939,0.935294
74,89112;93,45934,0.987783;51,7836,0.930769;63,11762,0.965158;60,9037,0.876923;62,10445,0.925792
74,89167;94,46524,0.992308;49,7457,0.913575;62,11897,0.960633;62,9382,0.864253;63,10803,0.913122
75,91738;93,45821,0.993213;50,7923,0.909502;48,12454,0.960633;43,10012,0.886425;55,11820,0.929412
77,91371;93,45963,0.997285;53,7885,0.892308;67,12728,0.963348;71,10306,0.856109;72,11932,0.911312
75,89907;94,46543,0.994118;55,8093,0.899095;66,12795,0.960181;66,9584,0.886425;70,11782,0.923982
76,91174;94,46559,0.988688;50,7766,0.89819;66,12594,0.958371;66,10044,0.879186;70,11974,0.915837
76,92915;94,45567,0.995475;42,8275,0.90724;70,13542,0.985068;68,10339,0.902262;67,11584,0.926697
75,89744;94,46490,0.988235;56,8262,0.904525;62,12289,0.968778;56,9396,0.904072;44,11668,0.927149
75,90475;94,46533,0.999548;51,7491,0.906787;64,12471,0.959276;63,10058,0.917195;62,11869,0.937104
90,91332;92,45347,0.996833;48,7992,0.914027;58,13134,0.964706;68,10169,0.908145;70,11950,0.933937
74,89710;120,46158,0.993665;51,7787,0.927602;64,12081,0.972398;62,9649,0.891403;61,11035,0.91448
81,90757;94,45680,0.995928;51,7803,0.91991;69,12503,0.982353;66,10136,0.914932;67,11650,0.908145
73,87016;93,45135,0.996833;52,7826,0.915837;61,12020,0.975566;56,9306,0.90362;49,11354,0.925339
74,88878;159,45708,0.992308;53,7637,0.906787;59,12042,0.953394;40,9447,0.90543;42,10977,0.931222
74,89621;164,47153,0.992308;33,7325,0.882805;65,12461,0.964706;68,10093,0.917647;71,12192,0.937104
75,91705;162,46478,0.995475;55,8419,0.91448;67,13082,0.984615;66,9933,0.89276;65,12142,0.933937
71,85689;159,45737,0.997738;49,7453,0.904525;60,11605,0.970136;55,8998,0.888235;61,10427,0.941629
76,91202;101,47183,0.997285;53,7974,0.900452;62,11836,0.966968;55,10016,0.915385;66,11443,0.935294
76,92130;145,46644,0.993213;54,8257,0.9181;64,12395,0.972851;68,10372,0.901357;58,11646,0.939367
74,89367;162,46713,0.995928;50,7466,0.9;63,11936,0.974661;66,9981,0.918552;68,11780,0.942081
75,91952;139,46838,0.99276;54,8255,0.918552;69,13376,0.969683;71,10525,0.914027;73,12574,0.913575
89,90306;94,46053,0.993213;59,8019,0.909502;70,12291,0.952941;65,9792,0.91991;64,11302,0.910407
82,93680;134,46250,0.99095;58,8397,0.917195;76,13575,0.979186;80,11204,0.924887;78,12539,0.915385
76,91973;94,46461,0.999095;58,8349,0.930317;75,13431,0.973303;75,10632,0.9181;72,12008,0.933032
76,91462;95,47129,0.994118;54,7997,0.895023;72,13546,0.980543;71,10624,0.930769;70,11829,0.919457
74,89229;93,46102,0.995023;50,7482,0.895023;67,12597,0.990045;67,9939,0.901357;70,11268,0.915385
76,90908;94,46754,0.992308;37,8184,0.889593;42,12591,0.98552;45,10284,0.914027;46,12217,0.935747
77,91617;95,47630,0.993665;34,8107,0.899548;42,12910,0.977376;62,10346,0.90543;72,12448,0.924887
55,89667;142,46928,0.997285;53,8159,0.925792;64,12746,0.979186;67,10082,0.909502;70,12121,0.923982
76,91539;157,46838,0.997285;57,8171,0.927602;69,13451,0.979638;69,10444,0.906787;69,12119,0.938914
77,90917;164,46789,0.995928;47,8173,0.905882;67,12703,0.963801;74,10100,0.895928;72,12247,0.922624
76,88502;167,47193,0.997285;51,7836,0.898643;64,12261,0.964706;63,9361,0.877376;64,11483,0.921267
76,88891;164,46491,0.993665;55,8070,0.89095;65,12442,0.955204;65,9668,0.878733;68,11529,0.934842
77,90115;158,45562,0.996833;52,7976,0.91629;67,12645,0.975113;67,9823,0.873303;68,11594,0.928054
74,89610;177,46790,0.995928;54,7823,0.930769;65,12408,0.970136;69,10030,0.906787;68,11390,0.924434
75,90459;161,46172,0.995475;53,8039,0.929412;64,12566,0.976923;55,9727,0.895023;66,11624,0.927602
74,88847;167,45652,0.994118;49,7542,0.925339;63,11897,0.953394;59,9375,0.911765;64,11429,0.933484
74,89507;163,46422,0.995928;52,7977,0.917195;72,12778,0.967873;68,10130,0.891403;68,11497,0.922624
73,88870;160,45926,0.993665;52,7713,0.923077;48,11815,0.954299;40,9461,0.897738;40,10794,0.925339
75,90670;162,46760,0.994118;53,7476,0.904977;65,12052,0.967421;62,9467,0.871041;58,11675,0.940724
76,91634;161,46479,0.99276;51,8142,0.917647;63,12906,0.976471;62,10216,0.880543;69,11930,0.921267
72,87663;161,46293,0.991403;52,7488,0.904977;63,11592,0.958824;68,9654,0.903167;58,10140,0.915837
75,92217;160,45399,0.99819;51,7754,0.924887;43,12430,0.979186;60,10073,0.900905;69,11571,0.933937
76,91225;162,45265,0.995928;54,8103,0.924887;54,12431,0.961538;63,9844,0.885068;69,12082,0.936652
76,92646;161,45801,0.986878;52,8049,0.897285;65,12800,0.976018;63,9880,0.892308;63,11219,0.91267
77,92664;158,45535,0.998643;56,8615,0.940271;64,13029,0.974208;66,10194,0.874661;68,12146,0.910407
74,88478;166,46058,0.995928;60,7647,0.920362;64,11790,0.970136;62,9207,0.886425;62,10519,0.926697
76,89501;159,45671,0.996833;53,7812,0.925339;67,12066,0.961086;64,9831,0.865611;41,11087,0.935294
76,90449;163,46067,0.98914;54,8047,0.924887;60,12073,0.965611;67,9787,0.902715;79,11457,0.932127
77,90875;153,46277,0.994118;50,7762,0.932579;63,12444,0.968326;53,9926,0.91267;71,11858,0.938009
74,87787;158,46729,0.993213;64,7430,0.895928;57,11930,0.962443;61,9185,0.88914;64,10965,0.930317
78,91626;162,46601,0.99457;35,7833,0.879638;46,13212,0.975566;70,10377,0.89819;70,11757,0.927149
75,90098;161,46233,0.994118;54,8324,0.921267;66,12365,0.979186;66,9864,0.900905;69,11548,0.939367
76,91829;160,45934,0.995023;52,7895,0.911765;42,12477,0.973303;67,9858,0.89638;68,11461,0.918552
88,92377;150,46696,0.995928;56,8083,0.91267;64,12258,0.958371;68,9987,0.908597;70,11705,0.929864
77,90328;150,46213,0.993665;54,7970,0.920814;66,12928,0.967421;67,10049,0.927602;68,11777,0.938914
84,92930;148,46056,0.99638;54,8332,0.916742;56,12641,0.955656;74,10781,0.925792;76,12736,0.942986
75,89598;154,46870,0.993213;53,7728,0.927149;67,12455,0.970136;66,9900,0.920362;66,11109,0.943891
73,87029;161,45784,0.99819;52,7531,0.906787;66,12051,0.978281;64,9301,0.933484;63,10665,0.951131
77,91586;161,45903,0.993665;57,8377,0.921719;68,13054,0.971493;71,10286,0.915385;71,11682,0.933032
75,89225;162,46187,0.991855;54,7664,0.901357;67,12476,0.963801;65,9945,0.912217;61,11794,0.928959
76,91155;159,45366,0.996833;49,8121,0.90362;46,12902,0.957919;72,10266,0.904525;68,11564,0.927149
76,89992;160,45735,0.995928;50,7496,0.888235;64,11653,0.950226;64,9532,0.902715;53,10995,0.924434
77,91744;161,46380,0.992308;54,8029,0.906335;68,12616,0.975113;64,9765,0.888688;61,11503,0.920362
75,89521;162,46313,0.996833;49,7479,0.893213;60,11692,0.979638;63,9705,0.891403;64,11213,0.937557
76,91695;161,46014,0.993213;52,7699,0.904072;67,12611,0.961991;56,9525,0.873303;69,11582,0.920814
75,91952;161,46180,0.997738;53,8058,0.892308;69,13353,0.970136;71,10517,0.896833;71,12037,0.929864
75,90546;163,46456,0.98914;51,7716,0.89819;68,13263,0.982353;47,10117,0.90724;65,11932,0.907692
74,90088;162,46192,0.997285;56,7796,0.913575;62,12198,0.974208;63,9612,0.904525;70,11976,0.928054
87,89754;165,46907,0.994118;53,7916,0.902715;67,12180,0.968326;46,9592,0.891855;59,11280,0.908597
77,90103;162,46671,0.992308;49,7486,0.916742;63,12351,0.973756;67,9905,0.909502;67,11635,0.917195
80,88607;163,46626,0.995928;55,7587,0.931222;60,12614,0.984615;61,9772,0.919005;67,11174,0.944344
83,90689;161,46337,0.99819;55,8370,0.923077;67,12648,0.976923;67,9934,0.917647;70,11521,0.931674
81,89258;165,46827,0.988688;51,8056,0.920362;68,12594,0.945701;68,9826,0.914027;68,11433,0.91448
83,91754;160,45583,0.988235;54,8272,0.91991;69,12666,0.954299;66,9762,0.880543;67,11642,0.899548
83,92166;164,46815,0.99638;53,8107,0.917195;71,12930,0.962896;69,10108,0.871041;70,11865,0.914932
83,91624;162,46745,0.99819;49,7708,0.90362;76,13064,0.969683;72,10600,0.886425;71,11962,0.91991
83,92532;163,46917,0.995023;56,8579,0.929864;70,12836,0.976923;72,10838,0.9;85,12405,0.932127
76,88781;161,46301,0.995475;52,7721,0.911765;66,12497,0.973303;68,10098,0.897738;70,11946,0.927149
76,89951;162,46546,0.99638;51,7748,0.893213;55,12639,0.974661;65,10103,0.884163;64,11351,0.924887
79,93199;160,46054,0.993665;58,8634,0.920814;70,13777,0.974208;73,11190,0.91448;71,12366,0.919005
78,91199;163,46008,0.993665;50,7710,0.932579;67,12889,0.968326;70,10571,0.931674;65,11245,0.919457
78,92367;164,47112,0.993665;49,8288,0.917195;71,13492,0.968778;71,10321,0.9;48,12344,0.926244
78,91745;163,46499,0.998643;51,8296,0.928054;59,12421,0.947059;76,10413,0.906787;70,12343,0.940724
75,88899;161,45846,0.988235;55,8057,0.931674;64,12254,0.969231;63,9662,0.91629;55,11399,0.945249
75,89492;164,46836,0.993665;59,7992,0.904977;68,12727,0.972851;70,10227,0.918552;70,11221,0.91086
76,90093;162,46103,0.990498;54,7718,0.904525;65,12348,0.971493;67,9896,0.919005;70,11807,0.927602
76,91843;162,46628,0.995928;53,8463,0.89638;48,12699,0.977828;67,10075,0.91267;74,12184,0.929412
75,89587;161,46340,0.98733;52,7968,0.934842;59,12170,0.985068;60,9187,0.91267;64,11112,0.933032
74,88625;163,46550,0.99095;50,7583,0.928959;64,12240,0.980543;66,9735,0.899548;67,11394,0.90181
75,90003;163,46495,0.99276;55,8189,0.945701;69,12984,0.982805;71,10201,0.900905;73,12081,0.9181
76,91450;162,46175,0.998643;57,8102,0.919457;72,13172,0.971041;74,10854,0.915385;73,12180,0.915385
75,89734;160,46025,0.98733;61,8190,0.933937;59,12591,0.973756;67,9949,0.915837;72,11931,0.938914
76,91365;162,46270,0.992308;51,8097,0.915385;60,13222,0.969231;43,10135,0.922172;66,11961,0.937557
73,89409;159,45550,0.992308;53,7897,0.913575;66,12579,0.961991;65,9725,0.915837;66,11150,0.922172
75,89147;158,45594,0.99095;48,7671,0.902715;61,11960,0.943439;57,9934,0.90543;55,11374,0.920362
75,89843;166,46408,0.99457;51,7793,0.908597;53,12208,0.979186;65,9637,0.927149;65,11060,0.924434
76,92171;163,46347,0.994118;54,8533,0.91267;69,12951,0.943891;70,10558,0.911312;76,12845,0.932127
76,91345;161,45874,0.99638;59,8026,0.893213;71,13351,0.960633;70,10297,0.896833;76,12563,0.936199
76,90245;162,46494,0.997738;55,8323,0.904072;43,12868,0.962443;42,9865,0.866968;46,12246,0.939819
76,92082;150,46374,0.996833;58,8124,0.91991;69,13274,0.975113;66,9818,0.861991;70,12284,0.940271
75,89245;95,47073,0.990045;55,7702,0.908145;64,12724,0.976018;69,10080,0.884163;69,12000,0.947059
75,90206;110,45298,0.992308;54,8027,0.933484;64,13020,0.979186;65,9873,0.90543;66,11741,0.930317
75,90230;164,46971,0.995928;52,8140,0.907692;62,12636,0.974208;64,10017,0.909955;66,11959,0.908597
76,91200;162,46335,0.993665;53,8456,0.915385;66,13088,0.977828;67,10310,0.883258;70,12235,0.9181
75,90896;162,46366,0.99276;50,7815,0.899095;68,12950,0.968326;69,10356,0.889593;73,12342,0.931674
80,92721;162,46388,0.993213;59,8662,0.915837;73,13585,0.975113;77,10761,0.888235;78,12582,0.938914
76,91304;160,46050,0.991855;58,8398,0.91448;74,13535,0.981448;73,10419,0.899095;79,12877,0.930317
76,92444;162,46189,0.99457;42,8360,0.906787;49,13530,0.9819;66,10851,0.90905;53,12728,0.933484
74,89364;161,46033,0.993213;54,7856,0.915385;68,12178,0.966968;65,9603,0.919457;66,11216,0.933032
76,92733;163,45582,0.986425;56,8337,0.933032;70,13347,0.973303;68,10250,0.908597;73,12288,0.932579
76,90926;161,45584,0.99276;53,8359,0.932127;72,12715,0.9819;63,10141,0.904525;70,12104,0.929864
76,90698;162,46729,0.99095;68,8011,0.91448;44,12754,0.975566;44,10199,0.897285;44,11632,0.923529
75,90687;164,46698,0.99819;53,7967,0.9181;67,13075,0.980995;67,10067,0.910407;72,12288,0.925792
74,88493;156,47245,0.995475;55,7815,0.919457;62,11792,0.967873;64,9724,0.889593;62,11178,0.920814
80,91019;148,45709,0.997285;71,8324,0.947511;65,12198,0.955204;65,10181,0.895023;69,11838,0.922172
78,94580;151,47255,0.991403;53,8343,0.939819;66,13742,0.967873;77,11170,0.904525;75,12624,0.915385
75,90465;156,45445,0.99276;53,7711,0.889593;68,12493,0.965158;60,9432,0.873303;64,11329,0.883258
79,90066;161,46357,0.993213;51,7485,0.89276;68,11916,0.961538;63,9486,0.89457;64,11093,0.913575
75,89628;160,45579,0.992308;46,8184,0.917647;66,12433,0.955204;63,9719,0.868326;65,11243,0.91448
74,89092;160,45846,0.99095;55,7730,0.89638;63,11845,0.962443;64,9754,0.88733;61,11020,0.919457
76,91855;164,47477,0.988235;44,7824,0.893665;44,12754,0.959276;43,10119,0.899548;71,11960,0.9
75,89868;160,46021,0.99457;46,7899,0.900905;57,11920,0.965611;65,9879,0.88733;65,11146,0.909502
76,91002;161,46460,0.993665;54,7630,0.890045;66,12382,0.967873;70,10341,0.902262;69,11670,0.915837
75,90097;162,46345,0.993665;53,8003,0.916742;67,12944,0.970136;67,10004,0.905882;68,11719,0.928507
75,90438;162,46495,0.986878;54,7672,0.911312;66,12290,0.977828;67,10052,0.880995;45,11756,0.922624
74,89514;161,46402,0.995023;52,7468,0.889593;61,11663,0.964253;62,9636,0.891855;59,11196,0.932579
76,91641;160,46061,0.997285;55,8301,0.9181;67,12728,0.947511;67,10136,0.91267;71,11919,0.926244
75,90649;161,45977,0.993665;51,7537,0.890498;61,11825,0.960181;64,9815,0.91267;64,10979,0.914027
76,91232;171,47563,0.991403;52,7995,0.9;67,12986,0.969231;66,10132,0.909955;72,12254,0.925792
75,90361;162,46759,0.99095;54,8308,0.933484;62,13098,0.971041;69,9970,0.908597;71,12123,0.936652
75,90309;162,46752,0.990498;54,8124,0.91086;69,12806,0.966063;74,10948,0.91086;69,11965,0.924434
75,90093;162,47057,0.994118;57,8130,0.9;57,12831,0.954751;41,9772,0.885973;50,11955,0.946606
76,90986;162,46679,0.988688;55,8300,0.931674;71,13363,0.981448;70,10225,0.898643;69,12115,0.937104
76,90801;162,46652,0.99638;35,8015,0.906335;42,12629,0.973756;42,9878,0.915837;70,11718,0.938009
74,88599;161,46313,0.993665;55,7941,0.919005;70,12578,0.964253;68,10027,0.925339;57,11240,0.920814
75,89741;164,46913,0.98914;52,7823,0.925339;63,12647,0.961538;64,9817,0.913122;68,12055,0.931222
78,90889;161,46192,0.993665;57,8585,0.923529;68,12926,0.961991;73,10590,0.902715;71,12026,0.921267
77,90906;161,46004,0.997285;56,8294,0.944796;67,12596,0.973756;74,10544,0.895475;67,11872,0.942986
77,90618;161,46254,0.99819;54,8265,0.936199;67,12734,0.975113;66,9925,0.873756;70,12112,0.932127
76,90437;165,46729,0.99638;49,7520,0.905882;66,12130,0.972398;66,10413,0.90724;47,11506,0.935294
74,89325;148,45296,0.98733;43,7853,0.88009;40,12496,0.973303;42,9745,0.91086;67,11327,0.933484
75,91865;149,46142,0.980995;55,8401,0.91267;66,12591,0.957466;69,10394,0.917195;70,12203,0.929864
74,89219;151,46868,0.995475;36,7872,0.905882;65,12632,0.971041;63,9886,0.914932;63,11570,0.944344
75,89411;151,46803,0.997738;53,8426,0.922172;64,12751,0.977376;64,10086,0.930317;62,11399,0.943439
75,90659;149,46175,0.99457;53,7707,0.915385;65,12610,0.974208;64,9591,0.908597;68,11703,0.938009
75,91448;150,46612,0.99638;54,8586,0.915385;56,13092,0.972398;70,10244,0.904525;70,11991,0.928959
74,91821;164,46424,0.986425;53,8259,0.896833;72,13382,0.971946;70,10615,0.906335;69,12033,0.923982
73,89837;160,46208,0.99638;51,7713,0.928054;65,12265,0.981448;63,9602,0.90724;64,11226,0.932127
74,91009;162,46407,0.998643;44,7751,0.90181;64,12272,0.975566;50,9886,0.866516;43,11626,0.926244
89,92538;167,47791,0.99457;45,8291,0.90362;46,13487,0.976923;72,10738,0.889593;68,11834,0.912217
75,86265;160,46283,0.99276;50,7513,0.88009;61,11332,0.968778;58,8685,0.90181;59,10147,0.923529
78,89370;162,46075,0.995475;52,7854,0.898643;66,12570,0.975566;65,9847,0.889593;65,11122,0.907692
79,90693;162,46465,0.988235;57,8062,0.890045;65,12479,0.966968;66,10008,0.886878;67,11515,0.904977
79,92262;162,46400,0.988235;56,8245,0.88009;71,13400,0.971493;70,10340,0.888235;74,12564,0.915385
77,90672;163,46650,0.995475;55,8381,0.919005;67,12842,0.972851;68,10248,0.921267;46,11721,0.931222
82,91978;159,45742,0.995023;43,7955,0.899548;70,12957,0.969683;55,10285,0.902715;73,12401,0.916742
83,91425;162,46411,0.995928;50,8076,0.894118;69,12825,0.965158;66,10325,0.913122;57,12085,0.924434
80,88978;160,46352,0.995928;35,7877,0.90543;43,12573,0.974661;42,9856,0.904525;43,11694,0.925792
76,90576;164,46187,0.994118;36,8300,0.919457;42,12931,0.98009;45,10465,0.929412;42,11365,0.923982
76,92639;162,46439,0.99276;49,7930,0.909955;68,12969,0.979638;75,10846,0.920814;70,11937,0.921267
76,91636;163,47204,0.989593;43,7894,0.905882;64,12532,0.985068;70,10329,0.909502;73,12648,0.943891
73,88060;160,46161,0.993213;51,7745,0.909955;63,11947,0.965158;65,9630,0.935294;63,10901,0.928959
76,90600;162,46170,0.985068;56,8138,0.900452;69,13318,0.969683;71,10601,0.926697;71,12553,0.937104
75,91145;161,46631,0.995475;49,8565,0.90543;54,13096,0.968326;45,10405,0.913575;45,12294,0.936652
76,92157;165,46457,0.991855;54,8400,0.928507;71,13273,0.971946;70,10402,0.90724;71,12395,0.935294
90,91881;162,45944,0.99095;54,8558,0.919005;83,13361,0.969231;72,10290,0.900452;63,12413,0.924434
79,89798;164,47007,0.992308;51,8471,0.908597;62,12757,0.976923;56,10492,0.9;52,12101,0.921267
76,91327;164,47441,0.994118;53,8332,0.919457;64,13224,0.971493;74,10876,0.906335;72,12438,0.935747
75,88616;166,46622,0.98552;52,7629,0.904072;60,11963,0.961538;68,9848,0.914027;66,11288,0.928959
77,90330;162,45532,0.986425;53,8330,0.904977;67,12423,0.975566;65,9784,0.885973;68,11543,0.929864
76,90245;162,46710,0.997285;56,8385,0.910407;66,13055,0.973303;69,10080,0.902715;70,11957,0.916742
77,91462;131,47005,0.995928;57,8219,0.925792;67,12716,0.962443;72,10405,0.904977;58,12231,0.924434
77,92138;93,46034,0.995023;56,8175,0.917195;65,12814,0.969231;71,10736,0.911312;70,12168,0.927602
78,93375;117,46067,0.98733;55,8677,0.885068;76,13574,0.964253;78,10938,0.901357;81,13108,0.927602
74,87995;158,45448,0.99457;59,7964,0.919457;69,12230,0.977376;72,9979,0.91448;79,11341,0.923077
75,90324;162,46465,0.998643;46,7664,0.90181;61,12258,0.970136;67,9762,0.915385;65,11365,0.915837
75,89615;159,45832,0.985973;34,7962,0.909502;40,12269,0.966063;41,9673,0.923982;41,11292,0.931674
75,91856;163,46965,0.997738;54,8522,0.91629;67,13132,0.973756;72,10651,0.913575;73,12555,0.935747
76,91296;163,46781,0.995023;52,7681,0.910407;63,12164,0.953846;59,10140,0.904072;68,11763,0.928959
76,90746;161,46500,0.997738;52,8178,0.91448;64,12513,0.961086;65,9849,0.91991;64,11311,0.931222
77,93821;162,46401,0.99457;54,8256,0.923982;68,13021,0.963348;68,10305,0.906335;70,12147,0.919005
76,91012;162,46414,0.993665;50,7587,0.90543;65,12524,0.968326;65,9758,0.876018;76,11418,0.91991
77,92823;162,45936,0.997738;54,8319,0.916742;68,12996,0.98009;68,10235,0.880543;62,11268,0.920362
76,90962;167,46763,0.999095;50,7737,0.920814;58,11729,0.973756;63,9987,0.895928;62,11272,0.91448
81,90763;161,46560,0.993665;51,8063,0.902715;56,12537,0.973303;62,9667,0.876923;61,10926,0.934389
82,91801;166,46043,0.99276;50,8169,0.899095;61,12271,0.972851;63,9898,0.903167;65,11749,0.934389
81,91230;95,46305,0.99819;48,7871,0.91991;62,12299,0.969231;63,10166,0.89276;44,11863,0.928959
77,91378;159,45793,0.98552;53,8242,0.914932;64,12716,0.973756;68,10420,0.88733;68,12139,0.915837
77,90769;161,46276,0.99276;46,8100,0.9;65,12946,0.973303;65,9955,0.914027;66,11616,0.915385
78,93291;150,45864,0.99276;57,8379,0.911312;65,12961,0.954751;70,10682,0.911765;72,12719,0.931222
74,88081;151,46891,0.986878;53,7717,0.929412;53,11751,0.949774;41,9577,0.918552;67,11364,0.935747
75,88856;147,45636,0.993213;47,7696,0.919457;60,11913,0.966063;58,9236,0.91629;63,11401,0.936199
76,89407;149,46272,0.990045;52,8387,0.917195;61,12446,0.990045;63,9916,0.928959;65,11466,0.938914
78,91764;162,46005,0.991403;71,8049,0.897738;83,12640,0.966968;83,9934,0.899548;86,12018,0.923077
76,88744;161,45768,0.993665;68,7939,0.89819;81,12211,0.969683;82,9807,0.902262;83,11559,0.924887
74,86079;161,46290,0.995023;63,7573,0.929412;78,11713,0.974661;56,8910,0.896833;57,10475,0.90724
79,88755;162,46410,0.993665;49,7861,0.929864;62,12287,0.969683;60,9508,0.861538;61,11118,0.893665
79,88715;160,45905,0.995475;46,7336,0.892308;58,11857,0.970136;63,9583,0.870588;64,11059,0.90362
82,92036;161,46157,0.995475;49,7690,0.900905;61,12713,0.968778;65,10330,0.88371;70,12400,0.883258
77,88507;159,45650,0.993665;47,7256,0.906335;64,12295,0.971493;62,9884,0.873303;66,11384,0.904977
80,92830;165,46862,0.989593;52,8124,0.90543;67,13091,0.980995;66,10308,0.90362;71,12132,0.924434
78,89086;159,45250,0.988688;52,7787,0.90905;65,11864,0.970588;67,10024,0.905882;67,11134,0.920362
79,90576;161,45974,0.995023;50,7390,0.898643;63,11941,0.952941;64,9640,0.876018;66,11253,0.89819
79,92359;162,46745,0.998643;54,8105,0.917647;66,12386,0.957919;68,10197,0.859729;71,12130,0.909955
79,91394;162,46425,0.993665;52,7565,0.923982;80,12007,0.968326;83,10002,0.884615;85,11824,0.909502
78,90212;160,46135,0.999095;66,7953,0.917647;84,12907,0.9819;68,10221,0.873303;66,11560,0.90724
76,92086;164,46486,0.995475;58,8526,0.91086;76,12892,0.972398;84,10665,0.878733;70,12201,0.908145
78,92192;161,46058,0.991403;55,7899,0.91086;58,13388,0.974208;71,10535,0.870588;73,12479,0.915385
76,89026;164,46432,0.992308;49,7680,0.90905;68,12717,0.967873;68,9746,0.895475;69,11547,0.91991
77,89272;165,46915,0.98914;54,7942,0.888235;65,12300,0.9819;69,10187,0.914027;69,11806,0.933032
76,88072;160,45539,0.991403;52,7836,0.90905;63,11882,0.974208;65,9505,0.914027;62,10916,0.921719
76,87968;162,45867,0.997285;56,7874,0.91629;65,11689,0.968778;61,9013,0.885973;65,10826,0.928507
77,89740;165,45770,0.997285;53,7453,0.871041;65,11616,0.969683;68,9778,0.902262;67,11337,0.917647
75,87426;124,45299,0.990045;58,7309,0.926697;62,11106,0.959276;59,9048,0.901357;55,10763,0.913122
76,88334;93,45325,0.992308;52,7659,0.936199;61,11646,0.975113;58,9168,0.897738;59,10589,0.912217
77,90342;94,46032,0.990045;49,7605,0.921267;61,11839,0.966063;64,9843,0.89276;65,11404,0.918552
76,88760;92,44992,0.988235;49,7381,0.91086;66,11743,0.955656;60,9130,0.88552;59,10092,0.898643
73,86005;156,45368,0.99276;51,7525,0.923077;59,11352,0.959729;60,9050,0.886425;57,10369,0.904977
76,89395;163,46298,0.99457;50,7489,0.89276;62,11830,0.969683;63,9419,0.875113;62,11149,0.915837
78,91255;161,46395,0.997738;53,7824,0.881448;61,12348,0.966063;65,10174,0.886878;65,11771,0.922624
75,87654;163,46230,0.999548;46,7278,0.89276;60,11438,0.957014;57,9060,0.874661;59,10727,0.932127
77,90678;159,45273,0.990045;52,8309,0.916742;64,12334,0.971946;64,9565,0.899548;67,11681,0.940724
76,89771;166,45806,0.995475;51,7791,0.928507;64,12434,0.978733;67,9877,0.9;64,11430,0.927149
78,91129;161,45866,0.992308;55,7911,0.940724;65,12876,0.980995;69,10161,0.925792;69,11900,0.936199
74,86398;149,46268,0.988688;47,6795,0.89457;58,10937,0.970588;58,8629,0.899095;59,10123,0.923982
77,90009;146,45074,0.996833;47,7256,0.910407;69,11735,0.951584;62,9466,0.90362;62,10748,0.915837
72,85242;147,45593,0.991855;58,6885,0.869231;64,10692,0.946606;59,8794,0.88371;59,10244,0.933032
74,87152;150,46255,0.993213;50,7544,0.885068;61,11986,0.964706;63,9582,0.902262;60,10730,0.930317
72,86117;150,46318,0.977376;53,6938,0.888688;65,10887,0.966516;61,8651,0.911765;62,9937,0.936652
75,89632;149,45908,0.990045;53,7410,0.911765;66,11188,0.962896;64,8862,0.88009;67,10668,0.931674
75,89755;149,45541,0.990498;56,7358,0.890045;71,11803,0.965158;66,9257,0.903167;69,10461,0.926244
73,87413;148,45695,0.994118;54,7361,0.915385;68,11191,0.970136;64,8884,0.877828;67,10613,0.918552
73,87974;151,46224,0.988688;54,6934,0.895023;67,11504,0.970588;69,9343,0.89276;61,10330,0.923077
75,89488;150,45929,0.997738;51,7160,0.895475;64,11894,0.9819;63,9467,0.871041;67,11634,0.926244
71,85533;151,45852,0.995928;45,7008,0.89457;56,10983,0.967421;53,8412,0.88371;54,9833,0.922624
71,84780;150,45933,0.99276;44,6889,0.899095;64,10764,0.961086;60,8284,0.895928;62,9922,0.937104
72,85216;153,46407,0.995928;48,7366,0.912217;56,10923,0.953394;53,8560,0.890498;54,9992,0.936652
72,85640;152,46769,0.99457;47,6969,0.90181;53,10809,0.957014;53,8749,0.860633;57,10575,0.930769
74,86692;152,46203,0.991855;46,7376,0.900905;61,11942,0.965158;60,9261,0.888235;61,10906,0.926244
69,81625;151,46548,0.995475;47,6883,0.89095;54,10399,0.958371;55,8521,0.878281;53,9507,0.911312
74,88363;148,45634,0.985973;50,7528,0.903167;63,11539,0.951131;48,9358,0.859729;61,10890,0.90724
72,85079;151,46779,0.990045;45,6904,0.870588;45,11538,0.958824;59,9360,0.876923;39,10982,0.912217
71,83995;149,45869,0.995023;33,7195,0.890045;37,11263,0.974661;37,8718,0.891403;53,10541,0.935747
74,87685;161,45692,0.989593;50,7516,0.909955;66,12052,0.977376;63,9694,0.879638;65,11492,0.926697
72,85780;163,46255,0.991855;42,6611,0.88552;62,11054,0.958371;56,8793,0.883258;59,10582,0.925339
69,81587;160,45081,0.987783;41,5991,0.866063;57,10372,0.973303;54,8435,0.880543;65,9863,0.925339
67,80470;160,45767,0.992308;41,5876,0.869231;52,9666,0.976471;52,8065,0.866516;52,9327,0.911312
66,79958;148,45348,0.99819;40,5903,0.874208;50,9555,0.961086;47,7309,0.870588;50,9029,0.928507
65,78843;151,46522,0.994118;41,6240,0.864706;51,10223,0.968778;49,7828,0.840271;52,9524,0.928959
67,81784;149,45936,0.995475;42,6414,0.900452;54,10735,0.966968;56,8911,0.879186;63,10163,0.933937
68,82477;147,45553,0.99819;48,7095,0.893665;53,10831,0.975113;57,9055,0.889593;55,10249,0.931674
66,81199;161,46398,0.997738;40,6458,0.902262;64,10654,0.977376;61,8382,0.871946;56,10086,0.922624
64,77849;162,46135,0.991403;47,6174,0.909502;59,9462,0.975113;60,8046,0.872398;54,9572,0.927602
67,80675;159,45381,0.99095;40,6378,0.9;55,10627,0.979638;53,8361,0.912217;56,10349,0.927602
62,75381;163,46497,0.986878;35,5432,0.916742;47,9269,0.974208;50,7455,0.90543;51,9146,0.923529
58,70532;161,46067,0.993213;34,5067,0.904072;46,8115,0.9819;46,6805,0.90362;48,8381,0.925339
56,68288;160,46057,0.990498;39,4574,0.877828;42,7169,0.976471;42,6271,0.90543;46,7830,0.923077
45,54477;159,45328,0.997738;25,2846,0.89638;37,5689,0.980543;34,4887,0.89819;34,5749,0.920814
47,56758;161,46118,0.996833;30,3254,0.889593;33,5358,0.965158;29,4526,0.897738;33,6080,0.919005
30,37264;165,46960,0.990045;20,2143,0.912217;25,3626,0.974661;18,2873,0.900905;22,4018,0.920362
30,36182;163,46466,0.99457;24,2225,0.912217;22,3098,0.974661;14,2881,0.896833;17,3555,0.913575
26,29775;162,46633,0.995928;27,1599,0.916742;20,2197,0.982353;14,2166,0.90362;17,2885,0.914027
19,22261;162,46191,0.995023;20,1092,0.915837;25,2060,0.982353;10,1528,0.904525;10,1860,0.91086
9,10265;160,45459,0.995023;15,597,0.913122;12,890,0.979638;4,598,0.901357;4,737,0.912217
6,7331;149,45700,0.993213;7,296,0.911312;11,545,0.980543;3,503,0.90543;3,675,0.913122
4,4349;149,46007,0.992308;11,195,0.914932;10,483,0.9819;2,350,0.906335;2,429,0.914932
