8046,3531153;1838,458700,0.914372;2333,443361,0.711362;2589,506791,0.85854;3162,440442,0.682919;3196,496593,0.87088
7032,3291094;1803,445060,0.925959;1266,152230,0.794432;1266,187107,0.879157;1497,165186,0.734612;1645,193067,0.865011
7078,3294134;1794,440326,0.934763;1351,151615,0.792175;1389,190910,0.887359;1546,165810,0.73228;1819,198590,0.854929
7117,3276595;1819,439753,0.94003;1378,151457,0.79985;1535,190319,0.892024;1572,164757,0.743642;1725,193972,0.852521
7080,3300341;1858,436424,0.946275;1518,151395,0.804665;1626,191205,0.897968;1566,161273,0.747028;1726,192463,0.849661
7239,3312326;1786,433746,0.950865;1521,149493,0.813093;1605,188450,0.902032;1563,159578,0.744018;1688,186706,0.849135
7008,3288698;1749,431492,0.9538;1553,149488,0.822047;1495,183459,0.902935;1554,158285,0.760497;1671,185909,0.857261
7279,3313232;1126,427084,0.957713;1543,148561,0.819263;1501,186899,0.906622;1580,162545,0.759293;1707,190799,0.86012
7026,3285374;1135,426488,0.950113;1617,148752,0.822724;1571,188996,0.904515;1565,159699,0.778254;1669,184388,0.861174
6929,3236321;1108,419687,0.954778;1464,142722,0.82295;1409,177597,0.911738;1422,153936,0.769601;1530,176329,0.868247
7171,3271159;1804,422844,0.957261;1480,145937,0.834312;1552,182879,0.914146;1428,153151,0.778029;1586,178961,0.873213
7134,3269075;1785,425287,0.955681;1503,145419,0.836343;1495,183750,0.909782;1427,153063,0.775621;1591,179107,0.876825
7231,3292881;1760,416934,0.951994;1470,140438,0.831753;1525,179891,0.922573;1463,155430,0.781264;1560,179030,0.870956
6966,3281163;1762,416311,0.958992;1472,142368,0.837096;1476,179646,0.916704;1418,152275,0.782694;1550,175951,0.863506
7233,3275441;1828,418628,0.953574;1500,143240,0.851693;1452,177154,0.91377;1388,150982,0.794357;1506,172762,0.869526
7301,3312897;1175,413028,0.959744;1414,137291,0.837698;1389,174244,0.919112;1353,148263,0.79684;1488,170992,0.881716
7262,3294921;1127,414679,0.959293;1467,137334,0.84319;1367,170317,0.92167;1384,147287,0.803612;1472,170264,0.879834
7030,3279511;1708,410053,0.958089;1392,135431,0.842513;1380,167196,0.922047;1347,146240,0.801956;1417,166216,0.886832
6841,3255673;1515,409467,0.962754;1601,133236,0.845899;1431,169288,0.922799;1333,143086,0.810008;1492,168222,0.898345
7279,3257862;1109,407103,0.965087;1455,130488,0.840181;1358,162938,0.928668;1328,141554,0.819488;1416,160093,0.896012
7129,3244347;1733,407302,0.966591;1664,129129,0.855606;1524,157504,0.931151;1291,137623,0.825508;1411,157526,0.899248
7057,3296163;1747,404033,0.971332;1501,131404,0.851091;1486,161681,0.936117;1302,138680,0.833183;1428,160525,0.890369
7343,3307271;1684,400380,0.971257;1410,126333,0.849135;1369,153087,0.922724;1312,135524,0.835591;1390,155078,0.897743
7224,3274960;1740,400119,0.966591;1364,119291,0.854628;1351,150468,0.928066;1201,129004,0.839052;1275,147960,0.899097
7300,3285507;1405,396518,0.967118;1479,124230,0.866366;1298,151473,0.92784;1223,129987,0.839503;1275,147897,0.90143
6894,3235138;1573,394759,0.962904;1484,121059,0.878932;1423,144793,0.925357;1175,126342,0.838751;1250,144804,0.913017
7323,3310422;1700,395229,0.963958;1263,118666,0.87216;1350,145813,0.925809;1165,126592,0.8386;1231,142698,0.908954
7364,3271306;1771,399268,0.969752;1255,112697,0.854176;1183,140797,0.934312;1109,121160,0.847555;1179,137485,0.911287
7301,3262480;1745,398811,0.971031;1229,110630,0.854176;1251,133257,0.929571;1068,118828,0.848457;1084,131474,0.914447
7103,3204973;1771,398041,0.970203;1502,106219,0.854778;1203,127637,0.929872;1003,112854,0.854402;1050,126061,0.920542
6903,3236986;1702,398310,0.962002;1146,104353,0.854402;1153,125319,0.931678;988,111789,0.859744;1005,122672,0.927615
7193,3208697;1388,397765,0.963431;1051,98021,0.85553;1226,119215,0.926787;890,105019,0.856659;923,117207,0.927314
7362,3264354;1518,396159,0.95538;1118,99013,0.858014;1019,118168,0.927916;887,105323,0.864409;938,117875,0.930023
7566,3190762;1602,395286,0.962227;933,91750,0.862077;1010,110383,0.927916;832,97611,0.857111;844,108509,0.926185
7227,3210190;1597,401589,0.957713;1025,92159,0.857487;975,109278,0.92468;773,95722,0.851166;831,107289,0.927916
7484,3123580;1702,401022,0.95395;991,86252,0.854477;911,101350,0.920166;749,91441,0.853499;774,100973,0.924003
7141,3087563;1743,402041,0.955079;904,79077,0.840482;854,94125,0.916554;662,85232,0.84936;694,91926,0.926185
7119,3073243;1746,402623,0.949661;992,74684,0.841685;824,89901,0.911738;600,77572,0.838901;632,85998,0.921821
6924,3065377;1735,404279,0.944018;794,71899,0.844771;772,83364,0.911738;560,74478,0.834838;576,81917,0.914221
7349,3012564;1788,406992,0.941084;596,62640,0.844846;660,69535,0.903536;446,63579,0.838074;479,71844,0.917908
6427,2463262;1823,409226,0.945372;499,40472,0.837397;553,49582,0.910384;300,44350,0.834011;326,51074,0.917381
4023,1552228;1638,405782,0.944244;397,21452,0.841761;325,25440,0.91377;145,22338,0.835892;156,25363,0.918284
1563,598567;1683,409286,0.943266;169,6998,0.842814;199,8920,0.915049;50,7960,0.838826;55,8871,0.918284
568,219446;1644,410036,0.945448;191,2493,0.843416;118,3079,0.9155;17,2728,0.839278;19,2991,0.919338
143,55526;1619,411820,0.942739;22,523,0.843416;23,612,0.9155;4,648,0.839278;5,728,0.919338
