7119,3531153;5397,1269010,0.998269;2766,286361,0.846501;3083,372931,0.953988;8163,268024,0.691723;7284,388937,0.926486
7041,3498883;5153,1241954,0.99857;1924,111265,0.91091;1948,160820,0.964898;3728,122723,0.779496;3580,179945,0.913205
7213,3494452;5398,1236398,0.998608;2166,112093,0.893491;2194,166944,0.958503;3857,124416,0.807825;3731,184497,0.900489
7289,3500834;5218,1229539,0.999172;2440,112986,0.891648;2446,169639,0.959631;3808,123302,0.82073;3909,191786,0.903424
7335,3503925;5146,1224061,0.999022;2605,114288,0.884725;2460,170425,0.958239;4008,125966,0.829082;4017,192557,0.90459
7105,3502250;5321,1204253,0.999022;2620,113193,0.893679;2445,169670,0.962942;3775,124315,0.840331;4047,190037,0.906283
7236,3503824;5060,1204983,0.998984;2642,114409,0.90064;2515,169197,0.964974;3862,124653,0.853762;3927,194911,0.912867
7339,3508229;5237,1192805,0.999022;2722,112616,0.893943;2532,168145,0.962114;3916,124677,0.850451;3982,192982,0.91298
7163,3485242;5269,1188537,0.999097;2969,110514,0.896689;2366,164190,0.963732;3695,120687,0.857524;3664,186783,0.918661
7209,3502555;5001,1188491,0.999172;2499,111035,0.899549;2502,167516,0.969338;3834,122718,0.860045;3891,192000,0.92231
7280,3508882;5244,1182825,0.99921;2663,112250,0.903536;2509,166975,0.969714;3908,127204,0.864635;3950,194159,0.924266
7091,3494773;5263,1186959,0.999436;2671,108330,0.905568;2494,162289,0.968698;3592,118994,0.866892;3741,189149,0.927991
7390,3505632;4998,1176490,0.999436;2603,108552,0.90997;2390,161079,0.974041;3573,119652,0.86629;3847,190493,0.933672
7409,3507231;5259,1176389,0.999511;2675,108868,0.912641;2657,163373,0.97088;3781,123382,0.871106;3787,190316,0.934086
7063,3502188;5012,1178322,0.999511;2873,108064,0.913657;2584,160648,0.97532;3615,120047,0.886983;3772,188983,0.932995
7356,3504219;5121,1177763,0.999436;2683,109139,0.914221;2622,161681,0.975395;3584,122565,0.890181;3744,189239,0.936531
7596,3512688;5243,1172325,0.999624;2876,107372,0.920843;2619,162080,0.976561;3681,123167,0.900828;3653,188485,0.937848
7260,3505848;4993,1173785,0.999699;2708,107995,0.917156;2506,159162,0.97468;3557,120580,0.894883;3677,188361,0.941836
7275,3499634;5293,1179500,0.999586;2637,105741,0.921144;2463,154827,0.976223;3525,117392,0.894695;3593,182335,0.937773
7368,3501109;5235,1166033,0.999774;2696,106014,0.917381;2644,159164,0.975207;3617,120550,0.894093;3644,184999,0.939654
7182,3507355;4999,1169963,0.999737;2664,106140,0.915312;2534,158144,0.977314;3608,119277,0.893717;3762,188921,0.942287
7434,3502045;5239,1169452,0.999473;2579,105606,0.915576;2635,158660,0.974567;3333,117844,0.890745;3512,186213,0.939278
7525,3500036;5098,1167594,0.999323;2884,106871,0.916178;2355,158133,0.972912;3434,119858,0.895071;3516,186663,0.941874
7655,3511428;4985,1160364,0.999022;2727,106764,0.918059;2343,157251,0.973777;3495,122360,0.900978;3597,186477,0.940971
7295,3494894;5244,1169408,0.999586;2470,103606,0.901806;2675,157627,0.97532;3407,117918,0.901166;3490,182849,0.933597
7500,3503870;4982,1166481,0.999586;2481,104504,0.905267;2309,156833,0.974304;3500,119537,0.895184;3665,186112,0.933973
7177,3498537;5228,1166016,0.999135;2613,105967,0.907976;2548,156984,0.970579;3423,117865,0.885365;3504,183655,0.934236
7270,3498496;5246,1160810,0.999398;2504,104434,0.916855;2362,155343,0.975245;3495,115956,0.891911;3653,183112,0.93371
7302,3505666;4979,1159112,0.999398;2758,106376,0.911701;2363,154865,0.972047;3483,118495,0.878819;3648,187014,0.930248
7254,3489139;5216,1159532,0.999398;2977,102376,0.903198;2373,152810,0.971068;3471,116464,0.888074;3725,182284,0.93924
6973,3493281;5162,1155347,0.999436;2577,101428,0.905117;2538,150394,0.975245;3451,115484,0.884537;3546,178376,0.939353
7501,3510349;4981,1159200,0.99936;2566,104581,0.917983;2621,154368,0.976185;3433,118793,0.886644;3453,181113,0.934951
6960,3499936;5209,1155280,0.999436;2634,102945,0.914296;2450,151874,0.974003;3386,115798,0.881264;3493,180124,0.939391
6870,3510725;4964,1154140,0.99936;2867,104456,0.914786;2487,153693,0.973476;3549,120161,0.890256;3541,180876,0.943755
6491,3500240;5113,1152236,0.999398;2980,101156,0.90681;2445,151463,0.974868;3369,115369,0.892175;3448,177592,0.936456
6758,3505936;5216,1152803,0.998947;2572,101814,0.91994;2335,152121,0.97532;3268,114197,0.879985;3393,180166,0.940632
6484,3498122;4920,1146575,0.999172;2337,99741,0.904628;2221,147374,0.972799;3283,114411,0.882957;3488,175510,0.935515
6939,3498464;5214,1149670,0.999586;2539,101431,0.913017;2460,148774,0.976223;3459,114141,0.877577;3462,174608,0.936305
7036,3503430;5203,1140412,0.998947;3096,99118,0.925169;3076,145371,0.976712;3411,112713,0.881603;3424,174943,0.9462
6826,3499697;5292,1140516,0.999022;2626,95629,0.923476;2503,141727,0.97927;3271,111536,0.885327;3309,170031,0.946652
6595,3503461;4896,1128427,0.999135;2658,96777,0.928555;2590,140690,0.976448;3296,111690,0.899172;3230,170647,0.949511
6735,3505361;5135,1134098,0.999511;2631,94089,0.928292;2468,139029,0.981151;3092,109214,0.893567;3132,165710,0.947442
6764,3500540;4948,1134679,0.999549;2479,92772,0.921369;2567,136499,0.979195;3134,108226,0.904778;3081,160197,0.944206
7145,3498786;4938,1133584,0.999135;2568,91247,0.924793;2451,131521,0.977577;3036,106814,0.913845;3071,161403,0.949135
6933,3496029;4932,1134706,0.999925;2501,90260,0.919451;2549,132393,0.980324;2981,105447,0.916667;3014,158398,0.94842
7029,3500841;5250,1125957,0.999097;2897,91539,0.926147;2695,130766,0.979646;3037,104756,0.919225;3286,158228,0.951392
6774,3503666;4887,1122792,0.999737;3098,90768,0.924342;2498,131045,0.978894;2971,105286,0.916968;2990,160784,0.948871
6978,3489996;5193,1118415,0.998834;2575,87705,0.930775;2233,126675,0.978066;2830,100562,0.913619;3074,152037,0.948307
6886,3506863;4888,1121575,0.998382;2736,87577,0.924041;2260,129134,0.98307;2970,103303,0.92088;2917,154292,0.953875
6992,3500776;5158,1110737,0.99921;2598,87612,0.931415;2218,125196,0.980549;2865,100861,0.922084;2901,150038,0.958014
7024,3503153;4874,1109928,0.999699;2388,85194,0.932957;2372,123649,0.980737;2726,99621,0.930549;2929,151232,0.95775
6929,3501118;5141,1110538,0.998495;2522,85512,0.932543;2613,122182,0.980135;2781,98732,0.925245;2833,149777,0.954703
6706,3497799;4867,1110308,0.998457;2612,80389,0.933183;2462,115776,0.979007;2538,94079,0.924755;2567,142224,0.954665
6646,3488546;5145,1104839,0.99936;3046,77898,0.931979;2189,113255,0.981114;2446,91785,0.924304;2614,141162,0.962039
6960,3502368;4841,1100276,0.999699;2480,79802,0.930098;2472,114575,0.979533;2422,92097,0.928029;2537,141240,0.965388
6883,3485900;5091,1105157,0.998457;2457,79058,0.936983;2284,112197,0.980324;2392,91749,0.929533;2484,138179,0.965011
6864,3487171;4847,1100085,0.999285;2203,75597,0.940181;2392,108183,0.979985;2242,87612,0.927201;2222,130923,0.962114
7006,3483896;4866,1099367,0.998947;3069,76508,0.932807;2711,110290,0.982129;1766,88197,0.92705;2325,133632,0.964522
6761,3482622;4847,1099890,0.999586;1958,71529,0.939202;2127,100798,0.983032;2041,82226,0.93228;2096,121994,0.962603
6921,3491713;5109,1100657,0.999398;2330,71022,0.94146;1817,102427,0.983032;2005,84005,0.929157;1991,127650,0.963356
6608,3485454;4832,1100975,0.999661;1907,70153,0.940632;1785,98701,0.981603;1969,81580,0.933183;2070,120527,0.963469
6717,3481318;5285,1105558,0.999436;3204,72303,0.94003;2225,101999,0.980436;1975,82830,0.934688;2124,121728,0.96377
6492,3457995;5128,1104634,0.999172;2718,66717,0.939579;1615,91800,0.98006;1798,75742,0.932807;1927,111685,0.963883
6410,3464663;4872,1109773,0.999624;2337,67382,0.93228;1687,93690,0.980098;1829,75231,0.929044;2013,113453,0.964259
6303,3465193;4664,1102036,0.999172;2440,65170,0.93766;2108,93016,0.982017;1802,73943,0.931979;1963,111822,0.969074
6276,3453264;4689,1110008,0.999022;1762,62505,0.932092;2194,87469,0.98085;1703,71636,0.925959;1794,104590,0.971369
6479,3456279;4631,1110385,0.999398;2188,59908,0.940519;2529,82046,0.98307;1586,68268,0.928706;1634,97735,0.972649
6125,3437180;4677,1109664,0.999549;1962,60338,0.934725;1783,81167,0.980474;1501,66366,0.926336;1605,95841,0.973627
6743,3434404;4717,1117553,0.99985;1973,56745,0.939804;1905,77248,0.981716;1519,66464,0.933822;1547,94515,0.973025
6618,3440451;4713,1121817,0.999473;2440,55897,0.943529;1946,76418,0.977088;1403,63100,0.933371;1514,89372,0.971934
6147,3395118;4765,1123895,0.998006;1732,51836,0.936381;3175,70711,0.980286;1227,57874,0.922423;1289,82748,0.969865
6196,3396941;4705,1125501,0.999172;2123,49786,0.938299;1523,66288,0.980474;1171,55351,0.922912;1211,77795,0.963582
6591,3388108;4781,1139458,0.999511;1913,47835,0.941949;2301,63622,0.980512;1088,52808,0.922649;1141,75737,0.97246
6315,3343981;4754,1145801,0.999661;1347,43079,0.947028;1685,57513,0.980775;989,48782,0.920166;1055,70588,0.966516
5992,3227710;4754,1144881,0.999022;1195,35584,0.939278;1307,47576,0.980324;710,41738,0.918774;681,58852,0.968473
5758,2981817;4766,1145913,0.999436;1077,24876,0.946012;2506,34915,0.981001;536,30087,0.921181;571,42996,0.972573
4883,2345762;4734,1148052,0.999285;1868,15519,0.947555;1295,20937,0.983371;302,18310,0.92216;321,26131,0.972272
3411,1579288;4771,1148967,0.998909;890,8584,0.951618;622,10943,0.985478;144,9597,0.922761;166,13928,0.971482
1876,875569;4784,1154314,0.999398;540,4048,0.953612;512,5637,0.98687;69,4710,0.924116;77,6538,0.97295
885,406269;4747,1153685,0.999737;527,1533,0.953837;425,2296,0.986983;33,2110,0.924116;37,3012,0.972987
169,73856;4789,1156263,0.999436;89,260,0.953837;334,435,0.986606;12,534,0.924003;17,800,0.972649
19,5314;4900,1153274,0.999624;257,95,0.954063;409,210,0.986983;7,120,0.924266;6,138,0.972874
