4254,2224995;3344,933571,0.994076;1549,217023,0.839953;1637,282482,0.946493;5330,201422,0.621043;5131,323670,0.877393
4815,2232208;3412,928831,0.993886;1709,150747,0.820853;1767,218027,0.933981;4371,149439,0.680284;4802,231932,0.854787
5098,2232433;3437,926037,0.995071;2662,154645,0.814834;2574,220271,0.937583;5576,150217,0.700142;5348,241625,0.865877
5225,2232157;3434,925760,0.995735;2703,151792,0.801801;2800,225301,0.936588;5668,149063,0.693886;5219,236633,0.864692
5078,2232426;3355,922295,0.994834;2791,154393,0.813981;2678,219115,0.937109;5663,148977,0.712464;5404,236000,0.874597
4903,2232135;3676,923137,0.994218;2779,152291,0.820379;2781,220820,0.940379;5804,149631,0.718009;5418,236714,0.871422
3715,2231916;3894,923577,0.995403;2732,151122,0.813223;2825,219636,0.938389;5453,148137,0.712559;4628,235743,0.876919
5269,2232132;3378,927001,0.994645;2286,151207,0.796066;2227,221644,0.939194;4174,146557,0.706588;4568,237520,0.873697
4129,2232131;3321,924286,0.994313;2695,152989,0.816588;2889,222413,0.941327;5080,149856,0.732038;3912,234041,0.871327
4779,2232200;3322,924077,0.995687;2527,153315,0.818341;2911,222647,0.940664;5634,149639,0.721943;5530,238946,0.87763
4045,2232052;3403,929955,0.994218;2721,151743,0.816872;3048,221763,0.940047;5668,148274,0.727773;5189,235137,0.875071
3726,2232128;3394,921502,0.994502;2826,154233,0.815308;2804,221813,0.940711;5640,150019,0.718483;5454,236854,0.873934
4289,2232042;3356,918206,0.994882;2642,151691,0.816351;2892,222430,0.939905;4788,147946,0.738199;5080,237346,0.883412
5330,2232003;4364,922497,0.994692;2934,152373,0.816825;2850,222760,0.940616;4570,146996,0.731754;4684,235512,0.880047
4532,2232052;3375,920783,0.993791;2608,153628,0.815782;2853,221611,0.941943;5834,147439,0.728057;5626,231839,0.862512
3837,2231982;3325,924101,0.993175;2859,152037,0.809573;2800,216540,0.935735;5182,144894,0.713081;4162,235762,0.871327
5167,2232239;3390,924969,0.993555;2659,154775,0.821611;2916,222741,0.935687;4540,152110,0.727773;5113,242015,0.871469
5211,2232235;3405,928698,0.994739;2699,153584,0.810379;2837,225943,0.940237;4298,148287,0.720569;4036,240784,0.869858
5429,2232178;3402,929793,0.994171;2315,154571,0.820284;3017,223164,0.943507;5558,148758,0.713839;4886,235473,0.875498
4052,2232070;3397,927451,0.992654;2099,153579,0.812464;2405,223048,0.937915;4345,148036,0.714882;4047,236692,0.868057
4388,2232183;3920,923172,0.994976;2075,153509,0.8191;2146,221724,0.942085;4132,146656,0.713886;4227,234173,0.8691
5570,2232021;3782,925530,0.994976;2549,152731,0.807441;2854,221266,0.937299;5202,146447,0.696019;4231,236955,0.865924
5475,2232227;3365,926898,0.994123;2268,152894,0.815972;2214,222469,0.937204;4246,151105,0.711991;4249,241526,0.878389
5369,2232020;3388,926867,0.994408;2003,152925,0.808104;2552,220897,0.933365;5543,147683,0.729384;5251,238523,0.86346
4313,2232121;3414,924923,0.993744;2887,152085,0.818246;2976,220569,0.937962;5993,148479,0.731374;5042,235390,0.868578
3991,2231914;3479,925241,0.993649;2121,150078,0.817251;2475,219056,0.936114;5389,147990,0.729005;5379,237565,0.881137
4535,2232053;3433,930480,0.994787;2793,152746,0.812227;2836,221952,0.939005;5485,148637,0.72564;5166,236885,0.874882
5591,2232212;3586,926803,0.994076;2297,155902,0.819384;2317,222808,0.932322;5550,152061,0.706777;4883,243290,0.867393
5664,2232051;3605,926568,0.992796;2176,152995,0.808152;2354,224032,0.939336;4596,147738,0.710853;5134,236247,0.870284
5570,2232248;3386,925159,0.993697;3033,153176,0.805261;3195,223066,0.938436;5949,151600,0.715308;5562,241715,0.875687
3980,2232244;3622,925875,0.993223;2728,153380,0.802938;2853,222259,0.941422;5505,151355,0.718578;4988,238203,0.870237
4264,2232163;3490,927402,0.993886;2590,155499,0.806209;2913,223172,0.935166;4871,147042,0.713318;5085,235594,0.85981
5176,2232341;3409,927823,0.992796;2710,155722,0.815877;2954,223569,0.936777;5642,150932,0.713365;4795,237148,0.856161
5676,2232288;3459,934030,0.992986;2562,154813,0.806066;3062,226197,0.934976;5631,148007,0.710569;4622,240611,0.857014
5582,2232075;3407,923048,0.993033;2350,153494,0.812417;2763,223546,0.939431;5319,148370,0.723602;5317,237983,0.866872
5505,2232358;3462,927890,0.994502;2799,156277,0.808057;2844,226867,0.936114;5594,149010,0.708246;5297,237071,0.848389
5613,2232035;3452,930856,0.993412;2343,153982,0.800521;2971,224513,0.939052;5685,148776,0.707678;5343,238382,0.846967
5643,2232249;3426,928921,0.99455;2988,152816,0.804123;2938,223236,0.934218;6042,150079,0.713081;5689,232220,0.847014
5532,2232234;3188,931917,0.99564;2805,153200,0.811801;2971,220496,0.93891;5553,147048,0.709194;3802,230899,0.853412
5532,2232019;3271,932604,0.994834;2197,151324,0.806445;2159,219218,0.93109;4121,147471,0.694502;4836,234474,0.853175
5657,2232222;3237,929456,0.993602;2780,152476,0.804076;2994,223680,0.940095;5617,150360,0.713081;4466,236320,0.853886
5611,2232248;3207,931503,0.993934;2868,154453,0.804739;2948,229116,0.93237;5494,146890,0.688389;5146,239694,0.847536
5570,2232003;3215,931690,0.993223;2725,152694,0.809336;2839,221286,0.932227;5060,147032,0.692512;4019,234725,0.848436
5559,2232185;3341,929180,0.992749;2067,154456,0.803365;2589,222660,0.932322;5449,148472,0.701564;5217,234055,0.845118
5503,2232328;3179,933012,0.994976;2305,154980,0.805213;2215,227561,0.939479;3908,148030,0.705545;3945,234227,0.853555
5770,2232218;3128,932106,0.993175;2377,153469,0.796825;2496,226763,0.932986;4649,148632,0.698436;4642,242033,0.852512
5289,2232215;3115,929605,0.993128;2726,153299,0.800332;2764,225319,0.935213;4387,148691,0.710853;4211,236069,0.848341
4785,2232105;3318,932253,0.993365;2808,152356,0.802559;2955,222445,0.931659;4491,149688,0.695024;4074,237689,0.845355
4977,2232078;3176,931373,0.992796;2157,152896,0.792133;2731,224106,0.937962;5823,149102,0.700237;4782,238076,0.842038
5703,2232108;3174,931611,0.993981;2164,151841,0.81237;2492,221261,0.935403;4446,148746,0.698626;5246,235047,0.846209
5230,2232268;3145,926889,0.994123;2841,154814,0.805261;2916,223746,0.932938;5692,150042,0.700047;5148,238973,0.850047
4235,2232222;3369,932888,0.99346;2363,154835,0.799431;2460,225758,0.931896;4616,152267,0.693175;4983,237572,0.844692
5670,2232136;3219,932747,0.992275;2752,153339,0.8091;3022,224950,0.937014;5840,147092,0.711327;5168,234334,0.858104
5698,2232278;3158,932820,0.994408;3208,156841,0.807251;3104,226804,0.933555;5620,145173,0.694834;4517,237179,0.849384
5769,2232172;3174,931612,0.993839;2218,156023,0.797773;2636,225446,0.93019;5122,149484,0.694739;5041,238049,0.84346
5759,2232251;3174,926826,0.994502;2729,156345,0.804171;2882,226393,0.932275;5567,149569,0.689905;4379,238968,0.847725
5689,2232204;3152,935400,0.994597;2595,152287,0.79782;2952,222732,0.929668;5800,147976,0.688341;4980,235127,0.848199
5709,2232190;3218,932619,0.993412;2676,155878,0.800332;2839,224734,0.931896;5689,148295,0.6909;4218,240131,0.837962
5644,2232234;3260,932853,0.993649;2113,154477,0.804123;2704,222979,0.932227;5538,147877,0.693081;5157,236668,0.844834
5616,2232125;2660,930500,0.993839;2653,153694,0.797251;2790,223321,0.936066;5712,145628,0.688578;5343,235314,0.838152
5693,2231924;2787,935918,0.993744;2773,153160,0.793839;2882,224046,0.928768;5752,148866,0.699384;5348,239464,0.840142
5537,2232097;3587,938487,0.994645;2125,155371,0.802844;2526,226236,0.93019;5513,148646,0.700427;5206,237211,0.83654
5816,2232171;3521,935904,0.994929;2654,155037,0.79455;2770,227225,0.930521;5754,150092,0.689336;5281,238004,0.834408
5724,2232068;3495,938665,0.993555;2798,154963,0.793981;2902,225167,0.92981;5590,148439,0.688626;4474,240115,0.839953
5766,2232197;3441,933498,0.993033;2639,153314,0.79763;2909,224201,0.935498;5763,149879,0.700237;5361,239686,0.83763
5828,2232308;3475,935535,0.992986;2954,153357,0.788199;2753,225004,0.930758;4674,150536,0.703365;4199,237483,0.831564
5727,2232066;3497,933210,0.995118;2127,152929,0.795924;2515,226297,0.928531;5008,146889,0.684597;4290,239520,0.830427
5791,2232118;3557,938283,0.99455;2202,153849,0.795829;2623,225459,0.930047;5711,148848,0.684028;4246,238837,0.826161
5862,2232154;3476,935255,0.994408;2588,154957,0.805687;2881,224714,0.929763;5773,148327,0.686825;5433,241000,0.830806
5797,2232104;3493,930676,0.993791;2292,154253,0.79455;2279,225265,0.924787;4572,148182,0.696114;4873,243106,0.836493
5745,2232031;3510,930325,0.993981;2666,154787,0.809953;2881,223380,0.931137;5825,147765,0.682986;5499,237136,0.833128
5808,2232155;2498,935323,0.994739;2176,151933,0.795024;2265,223390,0.927393;4381,146330,0.676114;4417,236599,0.823839
5727,2232093;3505,935959,0.993365;2844,154470,0.800616;2990,225239,0.930758;5803,146420,0.684028;5299,238259,0.818436
5885,2232218;2225,939195,0.993791;2871,155893,0.796445;2802,226320,0.92564;5206,149907,0.673365;5447,238803,0.828531
5791,2232175;2752,937293,0.99346;2779,154075,0.801706;3037,226024,0.929479;5660,150672,0.695498;5113,242680,0.830569
5810,2232070;3501,937193,0.992607;2845,151654,0.784645;3067,225500,0.927583;5821,147883,0.677014;4734,239239,0.827109
5875,2232029;3436,938971,0.994976;2454,153997,0.797773;3127,225086,0.92564;5822,147232,0.678341;5451,240195,0.828483
5720,2232046;3446,934796,0.994313;2721,152964,0.78763;2975,223865,0.924787;6061,146611,0.683318;5506,235397,0.825735
5804,2232207;3460,938538,0.994171;2912,156072,0.799052;3199,228311,0.929384;6601,147477,0.666967;5785,237276,0.803791
5269,2232264;3466,937399,0.994265;2814,155030,0.790758;3131,228404,0.925308;5587,145102,0.669526;5665,244859,0.811232
5178,2232247;3472,937377,0.994834;2809,155700,0.796445;2933,228478,0.931422;5683,148725,0.681564;5089,240591,0.82019
5034,2232340;3511,937110,0.993934;2467,154831,0.793839;2598,229136,0.929621;4460,147443,0.685545;4433,240602,0.823555
4303,2232050;3655,943605,0.994645;2877,154604,0.784739;3076,227532,0.926919;6256,149259,0.681848;5621,239899,0.825355
5759,2232265;3477,938357,0.993507;2600,154884,0.795924;2182,226674,0.931943;4534,148679,0.684265;4202,240495,0.826114
4395,2232232;3486,940487,0.993649;2257,154993,0.78545;2407,231847,0.930332;4698,150433,0.666635;4403,246345,0.819858
5789,2232203;3472,937046,0.99327;2513,154755,0.791564;3002,227789,0.929479;5291,149483,0.658673;5386,244177,0.81782
5121,2232288;3507,943886,0.994597;2356,154699,0.787393;2385,229826,0.927204;5325,147949,0.67218;5412,240424,0.818483
5710,2232251;3462,942417,0.993318;2637,155009,0.775829;3028,229292,0.923033;4652,148845,0.675024;5576,241949,0.809147
5072,2232325;2741,939233,0.993934;2648,155977,0.784123;2798,226696,0.929242;6081,150506,0.67763;4475,238456,0.808626
4718,2232191;2354,941717,0.992749;2242,156579,0.782559;2846,230351,0.926919;5078,147151,0.67872;4901,242977,0.819336
5402,2232155;4467,943392,0.99218;2769,154499,0.787346;2942,226239,0.922607;5996,150396,0.679005;5664,243821,0.82128
4388,2232301;3265,941955,0.993175;2841,155192,0.781848;3059,230175,0.927299;5950,147809,0.670569;5412,237463,0.813791
5753,2232116;3211,940239,0.993081;2777,154243,0.7891;3013,226829,0.926114;5668,145364,0.665118;5243,237052,0.809289
5805,2232364;3187,939968,0.995308;2299,157009,0.791469;2259,227259,0.921517;4745,148658,0.657251;5018,240395,0.80654
5915,2232344;3174,945582,0.993365;2896,156044,0.789763;2859,230224,0.923697;6321,149643,0.674218;5256,243859,0.817204
5788,2232281;3167,944425,0.994739;2491,154457,0.791327;2446,227769,0.924313;5251,148825,0.668957;5004,239473,0.818057
5894,2232278;3139,947046,0.993602;2513,155232,0.793412;2780,230583,0.928199;5116,147921,0.661659;4591,240271,0.8091
5102,2232367;3173,936472,0.994882;2439,157096,0.799763;2611,229953,0.929953;5015,148829,0.666825;4636,243804,0.810616
5813,2232208;3304,939656,0.994171;2326,153311,0.774028;2212,225942,0.921517;5473,148608,0.669526;4901,241350,0.809194
5883,2232387;3252,945345,0.993697;2634,156255,0.778626;2958,228927,0.921659;4852,148393,0.655924;4853,241838,0.810711
5725,2232378;3266,940568,0.992986;2624,156016,0.780853;2751,230918,0.926019;5016,147616,0.665782;5040,239479,0.801422
5740,2231927;3199,942053,0.993223;2434,154328,0.781374;2619,224995,0.924502;5364,147208,0.671043;4623,237459,0.806066
5848,2232225;3267,945175,0.992844;2292,155559,0.779953;2702,228726,0.922275;5040,148845,0.665735;5128,240639,0.810711
5805,2232078;3160,939740,0.991896;2440,155925,0.785071;2349,226171,0.92327;5112,146977,0.674597;5318,242159,0.814597
5248,2232303;3303,946098,0.991801;2339,154801,0.793318;2520,227587,0.919526;5526,150355,0.674502;4482,239687,0.810711
5262,2232040;3191,945068,0.99327;2315,154068,0.783839;2847,229386,0.922085;5699,148807,0.680237;5577,241001,0.807346
5889,2232141;3263,949307,0.995024;2552,155387,0.786114;2975,229470,0.922607;4530,147059,0.65564;4251,241441,0.798057
5677,2232153;3199,944058,0.993744;2109,155244,0.785118;2208,227551,0.925024;4806,148531,0.664028;4372,243339,0.796493
5602,2232204;3195,940556,0.993507;2162,155743,0.770711;2311,231125,0.924834;5949,149473,0.663934;4982,241032,0.795972
4269,2232309;3208,945757,0.993223;2706,156662,0.7709;3013,229825,0.921896;6212,148939,0.646209;5572,243955,0.793128
4457,2232166;3252,945854,0.993033;2569,155102,0.780284;3000,226365,0.921896;6107,150618,0.638389;5445,245553,0.791991
5837,2232440;3408,947588,0.993507;2087,154659,0.775735;2224,232004,0.920237;4880,149408,0.645829;4384,239787,0.795213
5261,2232178;3773,947809,0.991706;2160,154788,0.779716;2362,230259,0.922322;4620,151187,0.650047;4471,245884,0.79782
4913,2232357;3519,944346,0.993981;2319,155454,0.785782;2313,228336,0.928626;4717,148841,0.657156;5830,240003,0.792559
5581,2232332;3649,948395,0.992322;2759,156153,0.774123;3100,232659,0.921374;6241,150557,0.647583;5736,245598,0.79891
4062,2232105;3530,957289,0.993697;2240,156053,0.770284;2715,230343,0.91109;5949,148836,0.65872;5673,246718,0.802844
4013,2232434;3612,947752,0.993128;2775,156794,0.780711;3060,232525,0.923981;6027,148627,0.659052;5493,242474,0.799479
5228,2232337;3484,947687,0.992085;2739,158224,0.776919;2930,231778,0.922607;6100,149924,0.651137;5512,239450,0.794313
5280,2232114;3514,947365,0.99218;2766,157598,0.775972;2883,229849,0.921991;6048,148671,0.654929;5690,246773,0.791801
5364,2232065;3743,948146,0.993507;2661,153844,0.766114;3028,230861,0.923318;6118,150084,0.649905;5425,243510,0.799953
5545,2232175;3757,946898,0.994171;2831,155844,0.770427;2905,229562,0.916493;5675,147290,0.632133;5490,239545,0.780379
5390,2232099;3547,948496,0.994076;2734,156652,0.782891;3129,230375,0.915498;6300,150353,0.634171;5924,245225,0.78109
5491,2232246;3463,947701,0.99346;2737,155556,0.773033;2474,230662,0.914787;5847,148075,0.630284;5765,244839,0.786682
5420,2232347;3443,949858,0.992227;2596,156177,0.775592;3251,231732,0.920237;5915,148182,0.636445;5036,244343,0.79237
5444,2232278;3409,943930,0.99346;2715,154693,0.768815;3036,227904,0.921611;6249,148289,0.656967;5937,242088,0.797773
5368,2232437;3415,944270,0.992417;2669,158842,0.776445;3192,235049,0.920379;6180,150816,0.649147;6285,247410,0.794787
5428,2232169;3498,952686,0.993839;2889,155759,0.779763;2893,228831,0.922559;4940,151297,0.652322;5069,242283,0.792417
5482,2232227;2750,950982,0.993223;2667,155672,0.77763;2960,232275,0.918389;5966,150119,0.644076;4421,246393,0.785972
5480,2232501;2736,954751,0.99327;2673,158058,0.778009;2586,232348,0.919763;6194,149681,0.635261;5037,248867,0.788483
5485,2232483;3015,952981,0.994076;2151,158744,0.783555;2322,234911,0.913365;5685,150285,0.643697;5986,247312,0.787678
5592,2232441;2600,941704,0.993981;2967,158274,0.781043;3179,230874,0.918578;6218,151297,0.646161;5066,244703,0.799336
5048,2232152;2530,949775,0.993081;2683,155139,0.774976;2827,229295,0.922986;5679,147837,0.643555;4590,245389,0.796919
4288,2232372;3486,944698,0.993033;2124,156012,0.764645;2361,231315,0.916967;6288,151908,0.650616;5484,243426,0.787536
5003,2232346;3443,953376,0.991659;2746,158135,0.776967;3231,233928,0.92128;4848,148018,0.649005;4591,243308,0.786019
5075,2232139;3664,948520,0.991896;2328,155232,0.768009;3010,231632,0.920948;6670,150556,0.640664;6040,247516,0.787915
5045,2232134;3937,954458,0.992654;2843,157966,0.767915;3345,231117,0.917915;6702,149727,0.648626;6192,246913,0.780095
4974,2232376;3460,953692,0.993223;3161,156477,0.762891;3109,233742,0.914597;5715,150009,0.632512;5485,247440,0.786303
5227,2232305;3435,953193,0.993365;2967,157128,0.779005;2947,231297,0.921422;5188,151037,0.644787;5671,241541,0.787014
4020,2232291;3164,948410,0.993839;2763,157633,0.775166;2974,232099,0.913223;6604,150379,0.652986;5691,249826,0.789336
3889,2232149;3211,951021,0.992844;3044,156375,0.7709;2973,231495,0.919289;5753,153858,0.658389;5778,246063,0.791754
3904,2232307;3141,954821,0.99327;3030,158081,0.763744;2518,232252,0.916588;5804,149584,0.637773;5715,247168,0.776682
4269,2232322;3318,954534,0.99436;2517,156276,0.767204;2837,230632,0.918389;6013,150995,0.647014;6038,242653,0.782227
5372,2232281;3608,952161,0.993175;3023,156802,0.780616;2683,231556,0.916682;5795,151589,0.647488;4728,246083,0.782464
5341,2232362;3283,948463,0.992559;2362,155515,0.771659;2896,230449,0.920758;6194,151787,0.651232;4849,250076,0.786825
3713,2232230;3199,952136,0.992322;2402,156582,0.76981;2819,229528,0.915877;6235,151530,0.636114;5140,245793,0.786114
3723,2232057;3284,952452,0.993507;2692,155808,0.77654;2877,229901,0.920427;5917,152663,0.634408;5565,246216,0.793175
3777,2232262;3057,948193,0.992607;2880,155614,0.766682;3030,230648,0.919431;6553,148329,0.626351;5935,247782,0.783318
3944,2232323;3251,953021,0.99346;2803,156755,0.771232;2728,231500,0.91782;6303,148827,0.6309;5729,249556,0.785118
3849,2232407;3072,947952,0.991896;2655,156112,0.763318;2326,231716,0.914834;5349,151978,0.629194;5200,246649,0.786019
3649,2232374;3508,951548,0.991611;2248,156600,0.772038;3025,231638,0.920332;5844,152536,0.639336;4696,246489,0.796493
3765,2232283;3261,951312,0.991754;2496,154429,0.767441;3159,227723,0.916066;6338,150438,0.624645;6114,251581,0.795972
3689,2232183;3254,949806,0.993602;2369,157911,0.770047;2627,231222,0.921232;5693,152646,0.638294;5843,247529,0.788768
3778,2232406;3269,950740,0.992275;2490,156354,0.759431;2214,233372,0.918294;5570,151728,0.632133;5259,248993,0.782701
5238,2232274;3120,955163,0.99346;2662,156569,0.762844;2747,235641,0.921706;4964,149207,0.628057;5052,255509,0.782133
5094,2232366;3127,948904,0.993081;2254,155039,0.772607;2876,231539,0.922085;6247,154562,0.65128;4633,247579,0.796682
3804,2232250;3261,951370,0.993081;3101,155413,0.768578;2754,228455,0.91545;5450,149612,0.638768;5299,251135,0.798341
3738,2232192;2888,944138,0.992891;2814,155450,0.77654;2932,231165,0.917915;6085,149692,0.622275;5365,247511,0.790711
3629,2232209;3236,948722,0.994597;2562,156006,0.767156;2682,230647,0.914597;6523,151029,0.631611;6093,251170,0.795687
3856,2232376;3268,947664,0.994313;2328,156584,0.777773;2466,229664,0.917678;6312,152627,0.647393;5216,248224,0.805355
3606,2232344;2922,950511,0.992938;2694,155666,0.774313;2832,229466,0.923365;5452,153979,0.642749;5494,251873,0.800095
3702,2232098;2973,951959,0.993365;2540,156450,0.770995;2806,229501,0.91891;5973,153008,0.650995;4688,246642,0.802986
4664,2232287;3240,949325,0.993033;2762,156480,0.783033;3091,229673,0.915166;6310,152029,0.636398;6104,253010,0.801043
3864,2232115;3083,951985,0.991469;2782,155245,0.776398;2431,230396,0.918531;5808,151400,0.632938;5236,248087,0.796967
3687,2232401;3277,949496,0.990995;2604,157816,0.784976;2999,232667,0.920284;5764,156039,0.641043;4737,250378,0.800664
3933,2232249;3258,949741,0.993602;2215,155522,0.776256;2771,228301,0.915545;5495,151044,0.642038;5504,244199,0.796351
3506,2232355;3068,946419,0.991185;2890,157849,0.768436;3056,232468,0.914313;5891,150943,0.640995;4897,250267,0.803175
3722,2232313;3240,949264,0.993507;2715,156040,0.773507;3096,229425,0.918009;5477,152992,0.64436;5114,246634,0.804502
3616,2232320;2995,947924,0.994123;2820,154743,0.771611;2961,228588,0.914076;5743,153993,0.64564;5052,249134,0.788057
3692,2232365;3308,943617,0.992275;2385,156322,0.778294;2610,229873,0.917536;5349,149332,0.639621;5285,248181,0.799953
3604,2232167;3162,947051,0.992938;2671,154313,0.777678;2911,227576,0.9191;5731,149691,0.6391;5789,249659,0.800616
5166,2232200;3290,946572,0.994218;2155,153720,0.781659;2838,228359,0.919668;5074,150874,0.647109;5618,248396,0.806161
5138,2232193;3327,944188,0.992559;2729,154527,0.788199;2650,227805,0.915735;5606,151875,0.641848;4985,245475,0.808341
4986,2232158;3630,937940,0.993744;2775,153925,0.771564;2792,229228,0.919289;5544,152493,0.653649;4949,250075,0.814218
5056,2232200;3256,943914,0.994739;2818,155452,0.777204;2932,230054,0.923223;6016,151918,0.652038;4868,246254,0.811137
5266,2232273;3281,945764,0.992417;2215,155701,0.768152;2842,229181,0.917062;5658,152864,0.647156;4949,252010,0.816398
5042,2232058;3196,937367,0.991943;2504,153922,0.765166;2945,228027,0.921232;5912,149662,0.64218;5327,246628,0.819716
5227,2232241;3416,944124,0.994645;2389,153723,0.779052;2744,226057,0.922559;5449,153246,0.651232;5437,254999,0.817915
4306,2232134;3349,941224,0.992512;2459,153884,0.784123;2910,227363,0.922227;5857,150966,0.655735;5664,247654,0.827251
3568,2232108;3507,943136,0.991896;2716,152396,0.769858;2914,226813,0.924313;5693,147761,0.641706;5647,245626,0.818768
3640,2231972;3327,941863,0.993697;2964,155357,0.785071;2992,225115,0.92128;5976,153544,0.647962;5834,246921,0.819147
3558,2232162;4068,940090,0.993697;2813,154837,0.784502;3195,227642,0.919194;5849,150490,0.643934;5564,252215,0.821564
3505,2232046;3345,937128,0.992654;2402,152135,0.77237;2904,224387,0.925118;4964,155022,0.640616;4340,251026,0.819431
5030,2232116;2764,938979,0.993649;2165,151356,0.768815;2330,224764,0.925498;4675,151609,0.641896;4370,247537,0.823081
4867,2232059;3404,937188,0.992559;2268,153720,0.775071;2951,226296,0.924455;5836,151959,0.64;5685,247968,0.823033
4721,2232062;3226,939003,0.993791;2740,153535,0.787678;2365,223526,0.924028;5686,149060,0.647251;5482,249134,0.820474
4588,2231973;3171,941334,0.993318;2431,154023,0.788578;2544,224927,0.921469;5108,149667,0.646019;5337,247537,0.822133
4794,2232173;3159,932083,0.993365;2626,151055,0.796682;3181,224538,0.926303;6030,152132,0.655545;5763,246113,0.827583
4383,2231997;3198,932678,0.991706;2695,150848,0.792038;3039,221855,0.928626;4785,145124,0.634123;5145,243885,0.831517
3580,2232060;3397,935272,0.992512;2207,150600,0.785972;2739,219259,0.922607;5536,147614,0.64019;4699,242267,0.830379
5146,2231868;3031,928781,0.992938;2633,148753,0.784313;2999,219796,0.924455;5903,150015,0.663365;5672,244931,0.833649
5166,2231923;3412,933736,0.99237;2743,150981,0.78872;2881,224812,0.923175;6030,150360,0.638578;5747,248016,0.822559
5095,2231946;3403,935395,0.992986;2837,151343,0.791185;3011,224211,0.925545;6079,150967,0.643365;5674,241553,0.824408
5146,2232026;3354,930057,0.993365;2940,149421,0.799336;2861,220989,0.926872;5469,148181,0.641043;4604,247396,0.831896
5115,2231830;3334,929736,0.992559;2334,148099,0.791943;2348,216266,0.92564;4445,145817,0.648673;4440,246851,0.829668
3580,2231993;3363,933873,0.99327;2622,148731,0.788104;3061,220327,0.928009;4990,149258,0.655782;4407,243528,0.823649
3762,2231810;3124,934823,0.993555;2270,147199,0.800047;2317,220055,0.929431;5228,143013,0.645545;5481,240029,0.81872
3694,2231835;3134,928476,0.994645;2700,147092,0.800995;2982,218170,0.931137;5979,148818,0.669763;4800,239883,0.840948
3906,2231638;3141,933858,0.992796;2759,144830,0.797962;2959,216247,0.92455;5760,144014,0.648341;5268,235652,0.829289
5205,2231776;3127,932988,0.993744;2624,146612,0.800332;3031,218261,0.930379;5463,143615,0.655592;5492,238175,0.829289
5196,2231780;3147,934391,0.993033;2247,142350,0.804739;2277,215510,0.932133;5421,141592,0.670095;5246,234491,0.83346
5203,2229794;3117,933668,0.992986;2560,132723,0.799289;2284,205232,0.928957;3796,130275,0.658815;4301,221917,0.819716
5030,2227786;3327,929996,0.993791;2532,120006,0.79981;2664,192432,0.927536;4672,121400,0.659953;4852,209460,0.822986
4982,2225275;3187,932173,0.992227;2367,107557,0.81237;2678,173344,0.933175;4181,107019,0.673081;4278,188867,0.818673
3638,2222187;3141,929727,0.992654;2431,98153,0.821943;2253,158232,0.932796;3466,96108,0.662938;3469,178221,0.824645
4621,2217061;3100,929789,0.992749;1804,86158,0.841185;2191,143261,0.934882;3188,84523,0.677962;3518,159900,0.821374
3279,2197031;3181,927354,0.992512;1808,74150,0.850474;2155,124067,0.942559;2562,72096,0.676209;2996,134212,0.821327
3162,2170381;3097,931744,0.99218;1774,66174,0.866398;1775,108520,0.940237;2283,62256,0.68218;2469,116585,0.812227
2424,2077369;3157,930063,0.99237;1580,52425,0.878341;1605,86624,0.951422;1681,47710,0.694123;2033,91365,0.814313
2512,2000971;3239,930799,0.991991;1716,43505,0.882749;1456,75636,0.9509;1382,40101,0.68891;1698,77059,0.811043
2187,1812792;3595,929168,0.99218;1642,32502,0.892654;1193,57748,0.95673;1025,29160,0.685498;1185,57596,0.816066
2091,1634967;3213,929558,0.99237;1241,24960,0.900332;1269,47649,0.955972;955,25108,0.688483;1107,51091,0.813791
2034,1393823;3210,928085,0.992038;1439,21904,0.903697;1158,36812,0.959668;701,19030,0.693412;836,36736,0.815024
1698,1170658;3073,928396,0.99327;1049,15909,0.907678;929,28598,0.959384;522,15255,0.69455;608,28362,0.813081
2097,938245;3139,928330,0.992559;916,10402,0.907867;681,19804,0.961564;278,10764,0.691611;286,19268,0.813033
1325,572425;3091,927288,0.992322;1054,6206,0.912133;695,11767,0.963128;216,5804,0.693839;250,11259,0.815592
1019,445269;3081,927851,0.992227;652,4703,0.911469;801,7939,0.962085;118,3622,0.692938;153,7688,0.814313
569,256697;3228,926252,0.992796;560,2522,0.909668;573,5007,0.962038;73,2275,0.694787;79,4478,0.814929
291,128352;3187,929782,0.993934;771,1315,0.910095;595,2201,0.962749;34,1134,0.694313;39,2071,0.815308
56,29348;3179,929125,0.991754;581,397,0.910237;683,826,0.962701;12,305,0.69455;12,525,0.815118
83,41832;3176,931344,0.992133;1168,633,0.910379;584,1094,0.961991;17,459,0.694502;22,956,0.815024
102,52170;3133,931183,0.993602;544,450,0.910379;448,900,0.962133;13,417,0.694502;16,763,0.815308
24,10499;2872,929709,0.993365;268,78,0.910379;314,107,0.962227;5,60,0.694502;4,65,0.81545
