9,4950;76,21175,1;26,4520,0.929;34,6438,0.985;63,4686,0.831;68,7581,0.834
9,4655;85,21716,1;14,2085,0.949;19,3395,0.973;34,2743,0.82;44,5239,0.85
8,4451;83,20998,1;8,1464,0.915;16,2507,0.984;33,2312,0.84;36,4193,0.907
9,4622;82,20957,1;14,1843,0.935;17,2959,0.978;33,2427,0.84;37,4225,0.918
8,4419;81,20608,1;9,1473,0.941;15,2374,0.975;27,1897,0.805;31,3578,0.909
9,4596;87,20472,1;13,1729,0.95;16,2718,0.969;36,2625,0.844;37,4077,0.913
9,4603;88,20144,1;13,1776,0.938;16,2645,0.985;30,2167,0.838;36,3957,0.905
9,4597;84,20023,1;7,1469,0.922;11,2539,0.985;31,2501,0.838;27,3810,0.898
9,4660;73,20367,1;13,1701,0.939;19,2813,0.982;30,2267,0.83;35,4001,0.897
9,4572;91,20505,1;13,1549,0.949;16,2355,0.968;28,2177,0.821;32,3709,0.891
22,4630;90,20018,1;14,1702,0.949;18,2862,0.972;29,2585,0.797;30,4099,0.889
9,4611;91,20113,1;11,1455,0.933;16,2497,0.977;35,2609,0.83;29,4162,0.904
16,4641;86,20146,1;14,1775,0.957;18,2862,0.987;32,2416,0.851;36,4250,0.901
9,4582;81,20167,0.999;6,1131,0.938;10,2167,0.985;25,1999,0.851;33,3892,0.899
9,4627;83,20648,1;9,1616,0.951;10,2611,0.978;22,2471,0.844;34,4077,0.87
8,4488;79,19790,1;7,1141,0.962;8,1830,0.993;12,1626,0.843;15,2922,0.863
9,4556;79,19429,1;11,1364,0.942;15,2192,0.976;30,2443,0.852;31,4076,0.879
9,4627;81,19933,1;11,1544,0.968;16,2382,0.993;22,2578,0.842;28,4052,0.878
9,4576;87,19203,1;7,1033,0.924;9,1956,0.985;25,2205,0.823;20,3697,0.874
9,4533;50,18659,1;7,1264,0.954;8,1854,0.978;16,2088,0.877;18,3393,0.876
9,4591;52,19562,0.999;7,1204,0.939;8,2054,0.984;17,2234,0.855;20,3992,0.869
8,4509;54,20482,1;7,975,0.932;7,1751,0.985;13,1791,0.844;14,2871,0.863
9,4588;72,19885,1;6,1255,0.957;9,2054,0.973;15,1976,0.85;17,3310,0.873
9,4602;92,19873,1;9,1473,0.947;15,2343,0.969;18,2401,0.837;20,3880,0.861
9,4574;80,19864,1;9,1131,0.925;14,2107,0.977;22,2027,0.842;27,3354,0.874
9,4568;78,19693,1;10,1246,0.933;15,2318,0.992;19,2223,0.821;29,3690,0.851
9,4570;81,20033,1;11,1277,0.935;15,2085,0.984;23,2003,0.794;28,3539,0.85
9,4613;90,20149,1;11,1498,0.935;10,2474,0.986;18,2181,0.835;29,3537,0.869
9,4612;91,20664,1;12,1564,0.967;14,2276,0.986;28,2410,0.825;26,3985,0.87
9,4597;90,20326,1;7,1184,0.955;8,1996,0.989;14,1912,0.811;15,2986,0.845
9,4601;85,18842,1;7,1233,0.956;9,2045,0.997;17,2244,0.819;18,3577,0.847
9,4585;86,19407,1;7,1069,0.948;9,1888,0.982;15,2028,0.82;24,3233,0.845
13,4607;88,19836,1;10,1231,0.958;13,2032,0.985;22,2116,0.794;26,3640,0.835
10,4604;86,19523,1;11,1307,0.953;13,2134,0.973;26,2247,0.8;27,3507,0.828
9,4583;86,19833,1;10,1323,0.955;15,2248,0.977;21,2427,0.806;22,3847,0.84
9,4553;86,19850,1;7,1341,0.966;9,2135,0.994;17,2090,0.818;18,3379,0.865
9,4581;84,19315,1;7,1208,0.961;9,1971,0.981;19,2442,0.822;20,3880,0.861
9,4589;82,18740,1;8,937,0.938;13,1807,0.96;21,2100,0.821;26,3368,0.856
9,4619;86,19885,1;12,1450,0.933;9,2140,0.942;18,2320,0.822;22,4021,0.867
9,4618;86,20259,1;8,1324,0.91;11,2301,0.944;25,2210,0.813;28,4029,0.867
13,4522;87,20616,1;6,1000,0.887;9,1843,0.945;15,1991,0.778;16,3208,0.856
9,4598;88,20556,1;8,1253,0.871;10,2454,0.982;22,2569,0.818;22,3845,0.851
9,4562;87,20759,1;8,1418,0.927;9,2270,0.986;17,2237,0.841;19,3570,0.863
9,4609;52,19852,1;7,1379,0.945;10,2127,0.983;17,2193,0.817;20,3768,0.842
8,4511;50,20167,1;8,1025,0.93;8,1684,0.975;17,1956,0.81;26,3300,0.826
8,4441;50,20021,1;8,1394,0.926;12,2143,0.962;18,2055,0.797;19,3520,0.836
9,4603;50,19826,1;7,1375,0.953;9,2283,0.984;18,2292,0.799;22,3780,0.84
8,4548;51,20168,0.999;8,1217,0.959;13,2155,0.989;15,1958,0.81;18,3291,0.838
8,4583;89,20877,1;6,1314,0.974;9,2095,0.99;17,2168,0.794;18,3475,0.817
9,4610;87,21027,1;8,1500,0.956;11,2358,0.988;17,2319,0.805;20,3942,0.819
9,4578;86,21051,1;11,1468,0.947;17,2432,0.98;17,2126,0.797;17,3419,0.829
9,4595;87,21217,1;8,1468,0.954;10,2406,0.992;17,2212,0.825;18,3559,0.834
9,4599;83,20139,1;8,1461,0.961;9,2373,0.988;19,2342,0.825;20,3805,0.841
9,4605;83,20048,1;7,1191,0.939;9,2195,0.989;15,2079,0.807;18,3689,0.827
8,4574;70,19544,1;6,1187,0.95;7,1757,0.984;13,1885,0.805;16,3235,0.819
9,4625;50,19929,0.999;7,1357,0.954;9,2233,0.992;17,2367,0.807;19,3931,0.831
9,4618;50,19588,0.998;6,1264,0.954;9,2152,0.986;15,2127,0.79;18,3603,0.812
9,4621;51,19957,1;7,1322,0.95;9,2279,0.991;17,2327,0.789;18,3604,0.809
9,4612;50,19535,1;7,1338,0.95;10,2234,0.991;16,2268,0.784;18,3662,0.819
9,4594;51,19974,1;7,1094,0.951;9,1920,0.992;12,1790,0.807;16,3345,0.837
9,4592;50,19470,1;7,1081,0.942;8,1820,0.991;13,1895,0.795;15,3138,0.834
9,4554;50,19774,1;6,1043,0.936;8,1761,0.976;14,2059,0.786;15,3105,0.818
8,4511;51,19819,1;9,1122,0.957;11,1759,0.982;20,1953,0.792;23,3145,0.809
9,4593;51,20093,1;8,1152,0.948;14,2090,0.988;16,2198,0.822;17,3443,0.828
9,4591;50,19612,1;7,1294,0.962;9,2171,0.982;14,1992,0.822;17,3561,0.835
9,4614;50,19900,1;8,1534,0.943;10,2546,0.99;17,2296,0.82;17,3428,0.829
9,4622;48,19172,1;7,1417,0.955;9,2372,0.99;15,2196,0.83;16,3493,0.845
9,4621;48,19816,1;6,1252,0.954;8,2093,0.981;14,2093,0.828;15,3313,0.848
9,4604;47,19742,1;6,1100,0.938;8,1918,0.985;13,1910,0.828;15,3244,0.837
9,4605;47,19702,1;7,1352,0.957;10,2329,0.984;16,2243,0.833;17,3753,0.841
9,4590;46,19496,1;6,1265,0.955;8,2064,0.988;15,2166,0.808;17,3552,0.81
9,4600;46,19576,1;6,1214,0.952;8,2056,0.982;14,2034,0.827;16,3416,0.831
9,4567;47,19763,1;5,1052,0.951;8,1951,0.992;13,1883,0.839;14,3183,0.839
9,4562;47,20260,1;6,1112,0.955;7,1798,0.983;12,1802,0.834;14,3147,0.845
9,4605;47,19443,1;8,1431,0.948;9,2272,0.993;16,2373,0.836;18,3777,0.846
9,4600;47,20277,1;6,1183,0.945;9,2134,0.991;15,2200,0.83;17,3657,0.846
9,4613;47,20208,1;6,1347,0.946;8,2085,0.986;15,2197,0.841;16,3509,0.839
9,4587;47,19789,1;6,1156,0.938;8,1908,0.979;13,1921,0.837;15,3272,0.833
9,4610;46,19754,1;6,1200,0.947;8,1972,0.987;14,2104,0.84;16,3519,0.843
9,4588;47,19712,1;5,965,0.961;7,1823,0.988;13,1954,0.835;15,3222,0.838
9,4585;49,20802,0.997;6,1096,0.93;10,2019,0.981;15,2250,0.824;19,3937,0.841
9,4568;49,20759,1;6,1110,0.912;9,2219,0.987;16,2169,0.815;17,3523,0.835
9,4597;48,20805,1;7,1406,0.914;10,2367,0.989;18,2443,0.834;20,3993,0.847
9,4527;48,20668,1;7,1276,0.946;8,2054,0.984;14,2002,0.824;16,3432,0.841
9,4581;48,20689,1;6,1141,0.942;8,2032,0.987;15,2119,0.836;15,3368,0.846
9,4595;47,20265,1;7,1333,0.95;9,2282,0.98;15,2120,0.837;16,3427,0.837
9,4570;47,20031,1;6,1161,0.953;7,1869,0.98;14,2048,0.832;16,3532,0.84
9,4599;47,20479,1;6,1249,0.93;8,2226,0.985;15,2123,0.83;16,3456,0.837
9,4628;48,21063,1;8,1606,0.973;10,2435,0.991;18,2473,0.835;21,4302,0.84
9,4613;48,21011,1;7,1291,0.96;8,2128,0.98;18,2464,0.841;20,4168,0.844
9,4548;47,20138,1;6,1098,0.955;8,1971,0.992;12,1799,0.838;15,3217,0.846
9,4615;47,20238,1;8,1402,0.959;9,2208,0.983;16,2228,0.829;18,3945,0.836
8,4352;47,20253,1;7,1139,0.957;7,1753,0.972;13,1901,0.834;15,3172,0.843
9,4568;47,20296,1;5,1166,0.923;9,1970,0.979;15,2078,0.842;16,3448,0.84
9,4616;48,20767,1;7,1304,0.938;9,2121,0.986;17,2367,0.865;18,3770,0.858
9,4603;47,20494,1;7,1331,0.969;8,1982,0.985;14,2014,0.844;17,3598,0.851
9,4574;47,20174,1;7,1095,0.972;7,1690,0.987;12,1757,0.816;14,3099,0.829
8,4210;47,20531,1;6,899,0.954;6,1375,0.983;9,1451,0.818;11,2469,0.821
8,4421;47,20015,1;6,988,0.934;7,1740,0.974;13,1835,0.827;15,3162,0.827
9,4598;48,20957,1;6,1241,0.94;9,2315,0.988;15,2007,0.825;17,3601,0.827
9,4617;48,20766,1;9,1342,0.944;10,2263,0.981;17,2251,0.84;18,3671,0.841
9,4621;48,21289,1;6,1456,0.958;9,2220,0.986;16,2223,0.848;17,3643,0.847
9,4498;48,21170,1;7,1150,0.957;8,1951,0.98;14,1921,0.853;15,3213,0.851
9,4605;49,21269,1;7,1337,0.956;9,2207,0.989;16,2253,0.842;19,3829,0.849
9,4630;48,21074,1;6,1327,0.963;9,2279,0.99;16,2285,0.852;17,3494,0.851
10,4583;49,21289,1;6,1175,0.94;8,2175,0.979;15,2128,0.844;17,3581,0.852
10,4636;48,21252,1;6,1446,0.944;10,2713,0.991;18,2479,0.858;21,4214,0.863
9,4292;49,21154,1;6,1233,0.946;8,1883,0.983;13,1879,0.863;15,3174,0.871
10,4610;48,21080,1;8,1522,0.951;9,2464,0.984;18,2366,0.862;19,3878,0.874
10,4547;48,20940,1;7,1531,0.925;10,2510,0.975;17,2295,0.857;19,3880,0.88
10,4640;47,20633,1;8,1476,0.941;10,2651,0.986;20,2603,0.868;21,4255,0.885
10,4600;47,20786,1;7,1482,0.963;9,2316,0.979;17,2242,0.863;19,3978,0.881
9,4616;49,21242,1;7,1411,0.954;9,2315,0.986;17,2267,0.876;18,3717,0.89
9,4603;48,20957,0.999;6,1238,0.943;9,2373,0.992;17,2320,0.887;19,3949,0.889
9,4545;47,20675,1;6,1223,0.939;8,2274,0.985;16,2221,0.87;17,3691,0.88
9,4545;48,20629,1;5,1235,0.929;9,2304,0.974;16,2164,0.86;18,3671,0.868
9,4616;49,21610,1;7,1360,0.934;10,2614,0.984;18,2362,0.865;20,4078,0.876
9,4590;48,21186,1;8,1700,0.957;10,2607,0.985;18,2338,0.86;19,3909,0.877
10,4628;48,20981,1;7,1436,0.952;10,2643,0.983;17,2232,0.854;20,4114,0.871
9,4488;49,21392,1;7,1248,0.942;9,2129,0.991;14,1883,0.847;17,3468,0.87
9,4556;49,21652,1;6,1289,0.942;8,2065,0.99;15,1991,0.83;18,3664,0.862
9,4545;48,21450,1;7,1300,0.917;9,2328,0.983;16,2110,0.824;19,3857,0.869
9,4540;49,21312,1;7,1195,0.921;8,2219,0.981;17,2258,0.85;18,3758,0.87
20,4496;47,20945,1;6,1245,0.934;8,2102,0.993;15,2045,0.846;18,3569,0.876
9,4570;48,20730,1;7,1310,0.949;9,2159,0.981;16,2193,0.862;18,3753,0.871
9,4587;47,21004,1;8,1475,0.947;9,2353,0.984;19,2436,0.865;21,4268,0.879
9,4527;49,21494,1;5,1102,0.949;7,1872,0.979;16,2039,0.86;17,3474,0.87
7,4001;49,21512,1;5,1109,0.955;7,1741,0.98;11,1459,0.843;13,2567,0.853
7,3780;48,21187,1;7,1066,0.951;7,1795,0.983;10,1441,0.844;12,2487,0.854
8,4079;47,20585,0.999;5,1105,0.936;7,1941,0.985;13,1702,0.854;14,2888,0.863
8,4038;49,21459,1;6,985,0.939;7,1829,0.99;13,1728,0.85;15,3092,0.87
14,3703;49,21871,1;5,1013,0.949;8,1832,0.987;11,1481,0.855;13,2575,0.859
6,3388;48,21294,1;5,916,0.949;6,1582,0.983;10,1240,0.846;11,2126,0.864
7,3841;47,20904,1;5,1032,0.956;6,1710,0.981;10,1287,0.862;13,2597,0.871
7,3705;50,22047,1;5,1106,0.965;6,1730,0.989;12,1548,0.842;13,2626,0.852
7,3482;48,21447,1;4,803,0.956;5,1290,0.978;9,1173,0.841;11,2233,0.864
7,3406;50,21848,1;4,615,0.951;5,1256,0.985;8,1086,0.846;10,1954,0.86
6,3200;50,21657,1;5,813,0.958;5,1284,0.981;8,1019,0.841;10,1906,0.865
5,3005;49,21495,1;4,590,0.948;4,1048,0.975;7,956,0.851;8,1633,0.863
6,3402;49,21130,1;4,792,0.95;6,1410,0.982;9,1064,0.858;10,1950,0.868
5,2766;49,21495,1;3,454,0.946;4,887,0.979;7,916,0.856;8,1561,0.869
5,2929;49,21438,1;3,606,0.959;4,996,0.986;6,834,0.849;8,1597,0.863
5,2928;49,21178,1;3,552,0.942;4,950,0.979;7,858,0.855;9,1693,0.865
5,2801;49,21738,1;3,461,0.937;4,972,0.982;6,813,0.859;8,1459,0.87
4,2404;49,21277,1;2,275,0.956;3,760,0.983;6,730,0.858;7,1292,0.869
4,2274;48,21308,1;1,231,0.95;3,601,0.978;5,631,0.855;6,1103,0.864
3,1790;49,21622,1;1,149,0.939;2,502,0.979;4,553,0.853;5,991,0.868
5,2467;49,21829,0.999;2,327,0.959;3,675,0.982;5,630,0.85;6,1229,0.859
5,2521;49,21970,1;2,336,0.956;3,694,0.985;5,585,0.853;6,1205,0.861
4,2270;48,20987,1;2,237,0.963;3,631,0.988;4,532,0.852;6,1075,0.863
4,2192;49,21820,1;2,277,0.953;2,564,0.987;4,553,0.848;5,982,0.856
3,1571;48,21154,1;1,146,0.952;3,509,0.987;2,339,0.851;4,720,0.86
11,1828;49,21951,1;2,175,0.962;2,404,0.987;4,466,0.85;5,900,0.856
3,1775;50,21916,0.999;2,263,0.964;3,483,0.985;4,492,0.848;4,829,0.854
3,1921;49,21688,1;1,196,0.965;2,438,0.986;3,336,0.848;3,613,0.854
2,1464;48,21106,1;1,106,0.969;2,313,0.986;2,245,0.85;2,470,0.855
2,1095;49,21790,0.999;1,103,0.967;1,237,0.983;1,186,0.848;1,326,0.854
