7,4950;117,20748,1;36,4548,0.922;45,6289,0.979;94,4543,0.877;92,7091,0.959
6,4639;117,20789,1;21,2191,0.945;29,3487,0.983;66,2935,0.841;69,5257,0.961
6,4599;116,20854,1;19,1759,0.912;27,3002,0.973;59,2660,0.825;54,3976,0.938
6,4604;117,20598,1;21,1693,0.895;27,2908,0.991;52,2370,0.795;56,4359,0.943
6,4644;115,20095,1;19,1760,0.925;25,2885,0.987;50,2532,0.827;51,4036,0.932
6,4646;115,19950,1;20,1803,0.929;25,2861,0.969;57,2814,0.809;59,4532,0.907
6,4489;114,19320,1;15,1256,0.929;22,2182,0.975;34,1803,0.819;38,3128,0.917
6,4612;117,20254,1;21,1441,0.941;23,2260,0.97;48,2494,0.808;51,4165,0.908
6,4603;116,19762,1;18,1580,0.945;24,2770,0.983;49,2282,0.766;55,4305,0.922
6,4655;119,20533,1;23,1741,0.943;26,2756,0.989;48,2545,0.82;51,4182,0.914
6,4641;117,19828,1;20,1600,0.931;27,2607,0.986;48,2606,0.853;47,3954,0.912
6,4642;114,19762,1;22,1792,0.936;27,2914,0.992;45,2359,0.863;53,4178,0.933
6,4643;118,20049,1;19,1574,0.905;26,2650,0.983;48,2556,0.859;52,4174,0.91
6,4553;115,19426,1;17,1403,0.889;22,2290,0.986;39,2003,0.816;47,3702,0.896
6,4646;112,18806,1;19,1561,0.954;26,2444,0.991;45,2511,0.851;49,4115,0.885
6,4600;115,19064,1;18,1315,0.934;24,2274,0.988;39,2264,0.856;43,3644,0.905
6,4596;114,18694,1;19,1393,0.944;26,2281,0.992;39,2197,0.881;41,3444,0.908
6,4536;115,19067,1;21,1481,0.959;23,2067,0.977;41,2396,0.833;44,3791,0.887
6,4654;114,18966,1;24,1412,0.953;23,2192,0.973;42,2406,0.851;47,3976,0.907
6,4628;115,19342,1;22,1563,0.942;28,2687,0.994;43,2435,0.806;46,3996,0.901
6,4633;117,19706,1;19,1539,0.951;27,2622,0.984;41,2351,0.826;44,3888,0.895
6,4626;118,20260,1;19,1500,0.959;25,2607,0.985;43,2421,0.826;47,4014,0.899
6,4655;115,19593,1;23,1655,0.946;27,2727,0.991;52,2814,0.842;49,4131,0.894
6,4592;114,19390,1;22,1325,0.941;26,2494,0.991;42,2300,0.833;45,3883,0.895
6,4632;116,19915,1;22,1742,0.953;26,2788,0.987;47,2494,0.808;52,4360,0.892
6,4611;118,20039,1;20,1471,0.955;24,2410,0.987;46,2560,0.807;46,3951,0.872
6,4630;118,20111,1;26,1937,0.979;29,2925,0.996;47,2535,0.758;55,4586,0.89
6,4621;117,19692,0.999;21,1532,0.955;27,2500,0.987;46,2571,0.77;50,4237,0.904
6,4532;117,19413,1;19,1485,0.959;25,2191,0.995;41,2239,0.72;43,3516,0.899
6,4653;116,19070,1;28,1935,0.956;31,2908,0.991;49,2672,0.756;52,4340,0.91
6,4602;113,18710,1;19,1307,0.943;25,2379,0.991;45,2455,0.764;47,3976,0.901
6,4641;115,18919,1;22,1684,0.96;28,2583,0.989;53,2938,0.842;49,4274,0.907
6,4631;115,19235,1;19,1520,0.95;27,2689,0.99;46,2557,0.903;50,4301,0.914
6,4554;117,19566,1;19,1415,0.938;26,2459,0.989;37,2176,0.882;43,3843,0.894
6,4606;112,18475,1;25,1520,0.961;26,2402,0.994;42,2405,0.881;50,4399,0.894
6,4631;113,18710,1;20,1481,0.961;24,2301,0.988;43,2545,0.873;47,4058,0.892
6,4629;114,18931,1;23,1433,0.951;27,2255,0.993;41,2390,0.884;43,3760,0.887
6,4561;113,18846,1;26,1391,0.936;28,2326,0.976;43,2433,0.871;44,3708,0.883
6,4603;113,18597,1;23,1402,0.956;23,2186,0.986;37,2202,0.877;39,3439,0.881
6,4474;115,18965,1;19,1431,0.971;23,2170,0.985;32,1995,0.879;39,3582,0.895
6,4578;112,18650,1;19,1143,0.916;29,2220,0.987;37,2087,0.89;38,3224,0.897
6,4640;114,19189,1;24,1857,0.962;31,2977,0.99;47,2550,0.895;53,4381,0.902
6,4614;115,19130,1;20,1497,0.961;26,2421,0.989;44,2513,0.89;52,4413,0.894
6,4468;116,19417,1;19,1199,0.941;24,2116,0.985;38,2205,0.904;38,3341,0.908
6,4618;112,18802,1;20,1558,0.944;26,2478,0.983;47,2606,0.899;49,4041,0.908
6,4504;114,19196,1;20,1319,0.936;25,2313,0.982;42,2352,0.885;45,3728,0.892
6,4547;114,19008,1;23,1335,0.921;25,2119,0.983;39,2201,0.865;42,3479,0.89
6,4660;114,19234,1;22,1755,0.949;31,2884,0.978;51,2802,0.899;52,4390,0.904
6,4585;114,19184,1;21,1284,0.907;26,2437,0.986;46,2549,0.882;49,4028,0.901
6,4618;112,18644,1;20,1644,0.961;23,2369,0.993;41,2302,0.905;43,3651,0.901
6,4580;113,19076,1;23,1453,0.941;28,2434,0.983;43,2357,0.894;47,3893,0.898
6,4614;115,19630,1;20,1721,0.97;27,2840,0.99;48,2608,0.892;51,4207,0.891
6,4631;115,19409,1;28,1750,0.948;30,2700,0.983;51,2748,0.889;57,4614,0.894
6,4624;116,19858,1;21,1572,0.95;26,2547,0.992;44,2367,0.863;50,3990,0.87
6,4629;117,20089,1;22,1598,0.946;27,2602,0.992;45,2486,0.875;51,4309,0.884
6,4585;115,19422,1;21,1361,0.924;30,2709,0.989;48,2529,0.89;49,4123,0.894
6,4529;114,19524,1;23,1772,0.944;27,2719,0.993;47,2483,0.879;52,4277,0.89
6,4515;117,20039,1;24,1637,0.953;28,2624,0.984;47,2475,0.885;48,4051,0.906
6,4482;113,19353,0.999;18,1359,0.929;26,2321,0.992;41,2229,0.891;44,3725,0.912
6,4636;106,19272,0.999;25,1701,0.938;30,2731,0.987;55,2930,0.898;57,4663,0.913
6,4645;100,19533,1;28,1894,0.937;30,2882,0.99;49,2581,0.886;57,4756,0.913
13,4620;113,19416,1;22,1636,0.968;26,2535,0.984;49,2551,0.865;59,4861,0.901
6,4554;117,19368,1;20,1313,0.927;24,2186,0.981;41,2163,0.888;45,3722,0.893
6,4570;115,19302,1;20,1458,0.954;24,2472,0.983;47,2434,0.888;54,4302,0.891
6,4580;114,19599,1;19,1393,0.929;25,2516,0.989;45,2367,0.883;54,4337,0.895
6,4612;116,19926,1;20,1393,0.929;28,2799,0.986;45,2295,0.868;52,4195,0.901
6,4358;116,19572,1;16,1174,0.92;21,2081,0.984;35,1722,0.884;42,3326,0.901
6,4381;120,20560,1;21,1298,0.947;26,2267,0.979;42,2059,0.842;47,3775,0.868
5,4258;117,20013,1;18,1336,0.954;22,2312,0.984;36,1729,0.872;43,3304,0.892
5,3730;116,20026,1;6,661,0.944;9,1484,0.975;17,1299,0.868;20,2450,0.883
5,3514;114,19623,1;11,793,0.951;13,1457,0.981;15,1110,0.875;18,2144,0.892
5,3623;116,19882,1;10,894,0.953;10,1553,0.988;28,1392,0.871;34,2569,0.887
9,3644;116,20008,1;8,656,0.952;14,1347,0.988;24,1127,0.874;28,2113,0.888
4,3401;119,20522,1;9,556,0.962;13,1212,0.986;20,968,0.883;23,1725,0.892
8,3142;118,20119,1;5,327,0.959;8,713,0.981;15,716,0.874;18,1429,0.886
3,2464;115,19998,1;5,314,0.957;8,667,0.972;14,686,0.864;17,1336,0.88
4,2810;115,19950,1;7,407,0.953;6,666,0.971;9,675,0.877;12,1406,0.894
3,2699;116,20252,1;4,344,0.959;5,698,0.986;10,748,0.87;12,1365,0.882
3,2570;116,20242,1;3,336,0.96;4,601,0.985;7,561,0.869;9,1112,0.882
3,2087;116,20336,1;2,169,0.961;4,427,0.983;5,368,0.862;6,760,0.876
