809,48516;573,28686,0.997436;281,12769,0.961538;394,17766,0.996795;320,13149,0.946154;330,14303,0.967949
777,48628;586,28879,0.985256;131,5803,0.922436;199,9158,0.969231;170,7355,0.889103;183,8135,0.927564
771,48605;576,28895,0.988462;143,6050,0.914744;221,9609,0.960897;179,7514,0.862821;197,8452,0.908974
770,48608;580,29037,0.991026;153,5659,0.937821;207,9206,0.972436;170,7248,0.873077;180,7826,0.898718
768,48587;586,29114,0.995513;144,5795,0.935897;200,8918,0.963462;174,7424,0.867308;197,8323,0.905769
806,48607;593,29703,0.995513;144,6077,0.911538;219,9706,0.949359;191,8097,0.875;201,8783,0.910256
809,48513;583,29282,0.967308;137,5894,0.90641;206,9348,0.976923;174,7479,0.872436;186,8090,0.892308
813,48595;592,29189,0.997436;144,6187,0.932051;208,9377,0.979487;172,7375,0.872436;184,8115,0.883974
828,48562;598,29798,0.996795;130,5673,0.919872;203,9094,0.961538;178,7530,0.870513;196,8508,0.896154
850,48600;581,28983,0.999359;135,5731,0.90641;199,8897,0.957051;180,7666,0.889744;189,8289,0.876923
836,48584;589,29016,0.996154;139,5944,0.891667;201,9074,0.914103;177,7547,0.845513;191,8298,0.889744
798,48568;577,28847,0.985897;134,5642,0.928205;214,9563,0.994231;181,7674,0.862179;190,8290,0.883333
796,48599;592,29533,0.984615;131,5618,0.916026;190,8500,0.957051;175,7490,0.878846;195,8362,0.883333
801,48549;578,29043,0.992308;131,5555,0.916667;192,8595,0.96859;165,7000,0.871154;189,8193,0.876923
787,48624;582,28875,0.985256;151,6464,0.93141;216,9552,0.976923;179,7547,0.840385;190,8347,0.901282
804,48618;584,29115,0.992308;133,5744,0.934615;196,8723,0.953205;172,7198,0.832692;183,7933,0.887821
802,48613;582,28844,0.992308;132,5654,0.89359;203,8977,0.962179;170,7205,0.758974;193,8529,0.876282
798,48606;579,28894,0.992949;135,5777,0.887821;203,9176,0.964744;182,7797,0.808333;182,8020,0.863462
800,48607;575,28873,0.992949;147,6403,0.93141;205,9144,0.975;183,7741,0.858333;183,7962,0.887179
799,48575;595,29555,0.990385;131,5547,0.914744;196,8797,0.973718;167,7121,0.883333;174,7629,0.850641
831,48606;584,29187,0.999359;140,5982,0.925;205,9113,0.950641;176,7532,0.828205;188,8294,0.823077
823,48592;594,29268,0.989103;132,5733,0.910256;196,8885,0.980128;179,7654,0.842308;187,8290,0.883333
825,48586;583,28898,0.991667;132,5797,0.928205;191,8556,0.975641;175,7519,0.833974;184,8167,0.866667
839,48586;581,28621,0.985897;129,5610,0.933974;191,8665,0.975641;168,7270,0.851282;177,7787,0.854487
839,48594;590,28843,0.987179;125,5310,0.900641;183,8164,0.939744;159,6888,0.853205;183,8107,0.854487
876,48583;581,28661,0.982692;123,5399,0.897436;183,8342,0.930128;158,6901,0.823718;180,7987,0.855128
859,48582;580,28502,0.994872;124,5400,0.887821;181,8226,0.932692;167,7260,0.829487;184,8316,0.86859
843,48576;591,29173,0.994872;132,5707,0.902564;190,8647,0.933974;168,7361,0.877564;181,8141,0.864744
843,48589;580,28730,0.999359;140,6038,0.919872;199,8994,0.955769;171,7442,0.853205;191,8644,0.867949
828,48581;589,29470,0.99359;132,5750,0.916667;196,8945,0.967949;174,7641,0.864744;193,8700,0.877564
825,48619;577,28764,0.996795;130,5976,0.909615;193,9499,0.955769;183,7865,0.853846;194,8688,0.876282
803,48589;591,29199,0.989103;128,5605,0.882051;203,9361,0.973718;176,7706,0.864744;188,8276,0.873718
807,48622;584,28872,0.99359;138,6050,0.889744;193,8909,0.95641;168,7410,0.854487;188,8376,0.889744
796,48459;580,28530,0.99359;130,5688,0.885256;195,9000,0.937179;176,7613,0.849359;188,8121,0.895513
831,48559;592,29222,0.988462;121,5241,0.872436;193,8389,0.93141;156,6876,0.823077;179,8089,0.880769
805,48571;582,28834,0.989744;132,5682,0.879487;202,8693,0.926282;167,7200,0.822436;185,8263,0.860256
819,48552;604,29662,0.998077;136,5938,0.894231;194,9028,0.960256;178,7687,0.838462;188,8149,0.873718
807,48589;594,29227,0.989103;138,5868,0.850641;207,9158,0.953205;176,7453,0.828205;206,8734,0.877564
806,48596;607,30025,0.990385;142,6173,0.864103;200,8709,0.929487;172,7590,0.854487;206,8744,0.903846
815,48574;586,29120,0.992949;141,5864,0.885897;218,9353,0.953205;187,7710,0.882692;191,8202,0.86859
851,48591;595,29395,0.989744;145,6153,0.913462;215,9452,0.971795;183,7762,0.864103;217,9122,0.88141
836,48612;595,29576,0.985897;148,6207,0.927564;216,9459,0.958333;181,7591,0.858974;196,8364,0.869872
837,48595;597,29486,0.984615;135,5615,0.926282;218,9655,0.964744;179,7637,0.877564;192,8250,0.862821
833,48583;595,29143,0.994872;141,5910,0.889744;209,9278,0.939103;174,7339,0.844872;197,8350,0.865385
834,48573;582,28915,0.996154;146,5818,0.901923;206,8865,0.935897;185,7467,0.861538;200,8172,0.882051
852,48599;580,28460,0.99359;147,5983,0.912821;229,9653,0.967308;190,7679,0.855128;201,8242,0.898077
849,48608;590,29111,0.996154;156,6133,0.942949;225,9329,0.962179;190,7562,0.851282;203,8356,0.894872
812,48567;571,28179,0.98141;145,5724,0.936538;213,8877,0.961538;186,7359,0.884615;195,7970,0.896154
825,48616;579,28787,0.991667;141,5622,0.908333;220,9135,0.975641;182,7290,0.844872;194,7939,0.889744
818,48556;601,29473,0.997436;148,5961,0.933974;218,9094,0.953205;183,7286,0.808333;201,8216,0.867308
818,48602;592,29115,0.987821;155,6146,0.937179;223,9403,0.948718;198,7695,0.841667;217,8654,0.894231
820,48613;578,28680,0.996795;171,5834,0.928205;221,8879,0.935256;185,7165,0.836538;208,8268,0.858974
796,48597;589,29233,0.998077;165,5899,0.907692;232,9619,0.95;176,7291,0.836538;216,8644,0.860897
805,48608;607,29871,0.997436;153,5983,0.891026;233,9481,0.966667;184,7210,0.821154;211,8526,0.871795
793,48566;603,29745,1;143,6082,0.930769;222,9123,0.972436;198,7710,0.830128;204,8222,0.858974
836,48550;595,29553,0.999359;144,5636,0.928846;214,8785,0.960897;190,7620,0.850641;209,8653,0.880128
852,48608;593,29391,0.996154;143,5799,0.905769;222,9180,0.95641;192,7569,0.884615;205,8312,0.864103
842,48599;574,28355,0.996154;142,5562,0.929487;217,8817,0.971154;179,7056,0.858974;201,8076,0.891026
856,48580;585,28654,0.991667;140,5405,0.892308;206,8264,0.936538;176,6860,0.848718;186,7379,0.866667
820,48599;581,28685,0.985897;138,5453,0.867308;229,8594,0.945513;189,7513,0.880769;198,7987,0.878205
824,48622;594,29083,0.992308;145,5692,0.892949;216,8871,0.967949;190,7366,0.847436;195,7908,0.889103
830,48589;589,29080,0.996795;145,5700,0.882692;200,8321,0.941667;181,7191,0.866026;194,7896,0.895513
840,48590;580,28861,0.99359;141,5579,0.898718;212,8641,0.933333;188,7418,0.849359;207,8351,0.891026
860,48620;572,28280,0.989103;152,6035,0.934615;221,9086,0.935897;186,7391,0.894872;202,8297,0.894872
883,48582;596,29371,0.991667;143,5693,0.930769;228,9492,0.960897;185,7348,0.882051;201,8235,0.892949
853,48611;606,29446,0.989744;148,5936,0.930769;222,9372,0.967949;181,7227,0.86859;203,8345,0.878846
822,48613;577,28474,0.989744;148,5884,0.937821;213,8953,0.952564;185,7328,0.854487;199,8100,0.883333
837,48588;590,28822,0.975641;153,5942,0.912821;222,9208,0.942308;198,7814,0.844872;210,8513,0.891026
824,48604;587,28784,0.996795;150,5879,0.925641;221,9186,0.951923;182,7323,0.875;198,8200,0.895513
833,48478;584,28843,0.975641;130,5374,0.901923;232,8270,0.926282;208,7031,0.86859;226,7783,0.85
850,48598;574,28421,1;172,5702,0.885897;265,9280,0.962179;204,7714,0.873077;214,8498,0.878846
860,48611;585,28736,1;143,5589,0.909615;212,8594,0.971154;181,7168,0.869231;198,7865,0.894231
870,48606;577,28377,0.997436;148,5675,0.925641;222,8912,0.962821;184,7211,0.864103;192,7636,0.890385
826,48598;593,29144,0.985897;157,5989,0.948718;218,8836,0.973718;188,7335,0.862179;210,8294,0.871795
821,48586;572,28234,0.991026;141,5410,0.916026;215,8697,0.960256;181,7112,0.86859;195,7886,0.896795
835,48612;574,28369,0.989103;149,5884,0.930769;214,8997,0.962821;182,7393,0.886538;196,8289,0.871154
841,48588;600,29477,0.99359;135,5574,0.894231;198,8558,0.932692;170,7114,0.880769;182,7465,0.866026
859,48550;569,28034,0.998718;145,5679,0.917949;200,8295,0.926923;184,7322,0.903205;197,8034,0.923718
849,48527;582,28702,0.990385;141,5541,0.912179;210,8618,0.951923;173,6837,0.859615;191,7846,0.907051
855,48630;582,29172,0.982051;156,6218,0.930769;213,8922,0.964744;190,7641,0.871154;201,8193,0.897436
837,48619;602,29694,0.985256;143,5741,0.903846;227,9379,0.975;187,7385,0.850641;204,8319,0.896795
850,48598;596,29467,0.992949;159,6126,0.917949;211,8981,0.954487;177,7283,0.839103;190,8084,0.877564
829,48614;598,29861,0.999359;137,5653,0.923077;211,9100,0.982692;191,7068,0.822436;196,7702,0.855128
847,48600;606,28941,0.996154;141,5685,0.940385;205,8663,0.949359;188,7566,0.851282;195,8055,0.833974
818,48568;609,29036,0.994872;148,5566,0.902564;204,8509,0.950641;177,7135,0.859615;195,8079,0.900641
839,48592;599,28705,0.987179;135,5404,0.908974;204,8571,0.946795;182,7346,0.861538;193,7986,0.867308
868,48611;617,29424,0.995513;148,5954,0.920513;222,9321,0.948077;192,7457,0.833333;207,8520,0.867949
863,48577;613,29487,0.991026;160,5877,0.915385;226,9406,0.976282;199,7945,0.869231;201,8248,0.890385
823,48519;615,29457,0.991667;152,6097,0.925641;222,9189,0.951923;188,7465,0.853205;202,8296,0.882051
839,48583;610,29123,0.992949;147,5839,0.890385;232,9594,0.982051;185,7406,0.84359;195,8049,0.86859
819,48596;616,29273,0.987179;144,5870,0.910897;216,9272,0.966667;187,7298,0.860897;207,8228,0.846154
846,48611;622,28962,0.991026;146,5891,0.901923;219,9238,0.973077;179,7655,0.88141;197,8054,0.851923
799,48546;625,28765,0.994872;140,5527,0.909615;209,8682,0.972436;181,7209,0.862179;204,8373,0.876923
779,48628;602,28665,0.980769;134,5348,0.896154;210,8746,0.947436;216,7284,0.877564;189,7886,0.887179
799,48574;625,29453,0.991667;135,5467,0.857692;203,8661,0.944872;173,7014,0.827564;189,7938,0.844231
783,48621;619,29432,0.996154;146,5816,0.839744;237,9224,0.957051;187,7383,0.839103;205,8430,0.871154
817,48622;621,29766,1;153,6217,0.853846;222,9572,0.944872;192,7869,0.873077;204,8623,0.878205
802,48605;631,30096,0.996154;166,6497,0.926923;226,9371,0.955128;189,7589,0.871795;223,9183,0.903846
793,48581;605,28894,0.988462;144,5709,0.913462;209,8853,0.949359;181,7312,0.863462;211,8643,0.911538
802,48587;603,28838,0.992308;150,5771,0.933333;203,8599,0.937821;182,7425,0.851282;193,8060,0.892949
800,48608;619,29310,0.985256;149,6169,0.942308;221,9377,0.962179;194,7780,0.865385;199,8150,0.89359
809,48596;615,29249,0.992308;139,5470,0.930769;209,8675,0.953846;176,7020,0.837179;202,7923,0.897436
794,48585;615,29545,0.999359;143,5637,0.889103;227,9382,0.958974;201,7939,0.863462;203,8235,0.894872
812,48616;612,29177,0.989744;156,6157,0.926282;228,9504,0.985897;200,7898,0.850641;201,8341,0.896154
797,48504;612,29174,0.998077;133,5435,0.915385;199,8411,0.939744;191,7717,0.837821;193,8041,0.873718
829,48554;593,29328,0.994231;141,5786,0.916667;203,8612,0.937821;180,7331,0.864744;194,8072,0.864103
851,48612;611,29087,0.997436;150,6104,0.927564;220,9329,0.955128;185,7502,0.822436;199,8293,0.86859
828,48585;608,28934,0.983974;141,5724,0.912179;202,8684,0.962179;181,7482,0.863462;192,8140,0.879487
870,48568;610,29089,0.992308;137,5687,0.899359;221,9102,0.976923;191,7488,0.866667;203,8229,0.889744
840,48552;620,29145,0.990385;141,5586,0.898077;208,8695,0.975;186,7302,0.870513;201,8120,0.894231
789,48568;579,28732,0.98141;143,5702,0.93141;206,8498,0.990385;179,7111,0.859615;175,7558,0.895513
837,48568;596,29197,0.998718;146,5747,0.946154;205,8410,0.958974;183,7260,0.866667;176,7600,0.862821
796,48514;609,29559,0.984615;143,5578,0.953205;209,8582,0.959615;177,6996,0.873077;191,7736,0.889103
798,48577;605,29028,0.990385;133,5434,0.851923;220,9036,0.933333;192,7631,0.848718;206,8477,0.858974
865,48563;608,28924,0.990385;137,5510,0.926282;203,8575,0.971795;171,6876,0.846795;182,7393,0.828846
794,48546;618,29375,0.996154;144,5730,0.909615;217,8944,0.965385;177,7080,0.842949;197,8081,0.862179
795,48604;605,29092,0.987821;148,5907,0.919231;215,9053,0.942308;185,7406,0.841026;196,8003,0.86859
794,48615;620,29810,0.986538;140,5612,0.90641;218,9054,0.959615;190,7626,0.850641;208,8537,0.885897
807,48586;619,29399,0.992949;142,5736,0.909615;227,9485,0.960256;187,7449,0.844231;213,8698,0.886538
839,48619;622,29792,0.997436;148,5906,0.929487;238,9770,0.971795;193,7582,0.844231;206,8253,0.876923
841,48585;619,29400,0.992308;141,5659,0.923077;215,8956,0.965385;193,7741,0.871154;200,8372,0.877564
871,48613;612,29108,0.987821;155,6370,0.919872;229,9363,0.955769;191,7435,0.848718;206,8470,0.883974
810,48620;600,28796,0.987821;159,6340,0.926282;228,9558,0.928846;195,7778,0.851923;209,8602,0.863462
801,48600;627,29659,0.99359;152,5652,0.932051;219,9113,0.955128;187,7426,0.829487;215,8752,0.891667
799,48605;617,29183,0.977564;142,5641,0.894231;218,9049,0.95;199,7830,0.840385;195,8455,0.889103
813,48578;615,29190,0.996154;136,5477,0.854487;220,9248,0.957051;182,7262,0.83141;197,8040,0.867949
796,48588;609,28981,0.999359;140,5707,0.887179;210,8894,0.966667;192,7752,0.860256;191,8168,0.845513
798,48460;596,28321,0.999359;136,5495,0.925641;197,8340,0.962821;174,7108,0.894872;192,7988,0.886538
793,48602;598,28543,0.996795;137,5498,0.903205;224,9442,0.967949;185,7496,0.873718;201,8310,0.892949
794,48573;631,29903,0.980128;143,5476,0.89359;217,8803,0.957051;177,7040,0.846795;204,8302,0.890385
846,48593;614,28635,0.983333;152,6075,0.917949;216,9074,0.982051;197,7839,0.857051;202,8288,0.873077
826,48604;611,28870,0.998718;141,5494,0.928205;216,8889,0.976923;186,7366,0.876923;202,8186,0.869231
837,48596;607,29039,0.978205;143,5706,0.914103;220,9226,0.979487;184,7377,0.875;194,8003,0.875
829,48628;591,28637,1;152,6104,0.919872;223,9296,0.973718;189,7516,0.846795;200,8173,0.889103
857,48513;621,29511,0.991667;144,5695,0.899359;215,8919,0.951923;179,7073,0.86859;192,7738,0.875641
863,48582;629,30145,0.991026;149,5824,0.908333;226,9467,0.971795;192,7606,0.878846;205,8305,0.86859
833,48597;562,29362,0.99359;144,5777,0.891667;232,9617,0.980128;197,7749,0.874359;198,8037,0.870513
846,48618;595,29376,0.996795;154,6075,0.926282;264,9843,0.987179;184,7322,0.871154;205,8354,0.898718
812,48583;541,29258,0.992949;141,5660,0.907692;217,9011,0.959615;184,7162,0.85;191,7771,0.873077
784,48565;580,28357,0.994872;141,5546,0.934615;218,9083,0.970513;183,7367,0.882692;196,7998,0.880769
816,48604;593,28885,0.987821;141,5639,0.883333;219,9233,0.928205;191,7464,0.852564;198,8077,0.884615
795,48570;620,29414,0.992308;152,6064,0.90641;234,9820,0.970513;196,7801,0.897436;215,8880,0.903846
803,48634;624,29401,0.988462;158,6362,0.923718;227,9766,0.982692;184,7587,0.840385;202,8674,0.910897
805,48560;617,29812,0.996154;130,5531,0.919231;203,8515,0.960897;191,7621,0.869872;192,7959,0.899359
793,48583;582,28870,0.988462;144,5803,0.935256;219,9234,0.98141;193,7786,0.882051;205,8405,0.883333
805,48610;580,28835,0.985256;147,6000,0.917308;218,9201,0.959615;189,7599,0.873077;219,9019,0.897436
807,48607;592,29200,0.996154;162,5862,0.926282;221,8845,0.93141;185,7406,0.882051;196,8078,0.878205
815,48617;616,29454,0.992308;148,5933,0.937821;224,9422,0.967949;184,7338,0.862821;207,8204,0.889103
817,48595;616,29492,0.997436;149,6089,0.927564;217,9314,0.951282;193,7719,0.865385;206,8440,0.857051
823,48558;608,29106,0.995513;135,5548,0.916026;219,9133,0.959615;197,7717,0.901923;212,8728,0.903846
825,48595;624,29055,0.992949;146,5891,0.921795;213,9013,0.976923;187,7575,0.891026;223,8398,0.894231
821,48607;617,29297,0.998077;143,5776,0.902564;217,9160,0.959615;190,7558,0.875;200,8220,0.888462
803,48571;610,28967,0.998077;155,6145,0.919231;217,9288,0.961538;189,7537,0.857692;202,8300,0.871795
828,48588;606,28956,0.99359;146,5783,0.915385;221,9139,0.966667;180,7177,0.880769;203,8318,0.872436
804,48551;604,29549,0.991026;137,5501,0.927564;219,9173,0.977564;183,7285,0.873718;205,8395,0.863462
849,48370;600,28695,0.995513;129,5154,0.912179;200,8276,0.955128;171,6782,0.854487;191,7864,0.847436
850,48065;625,29018,0.975;110,4390,0.898718;175,7256,0.95;158,6123,0.871154;169,6868,0.854487
819,47812;621,29868,0.989744;109,4075,0.938462;156,6528,0.964744;146,5882,0.865385;159,6544,0.857692
797,46450;610,29130,0.996154;92,3650,0.919872;142,5796,0.96859;121,4870,0.858333;131,5406,0.883333
750,43351;608,29235,1;70,2580,0.907051;124,4972,0.955128;113,4493,0.862821;122,5004,0.873077
723,41551;602,28981,0.989744;73,2521,0.909615;99,4014,0.957051;96,3837,0.871795;106,4334,0.876282
661,37930;610,29105,0.990385;52,2002,0.9;88,3525,0.966667;79,3097,0.85641;86,3594,0.869872
554,31065;611,28853,0.990385;40,1395,0.909615;66,2605,0.953846;62,2499,0.862821;70,2871,0.876282
506,28773;617,29255,0.996795;39,1307,0.914744;55,2138,0.964103;51,2080,0.852564;59,2456,0.855769
410,23115;607,28774,0.985256;27,897,0.919872;37,1415,0.973718;34,1397,0.864103;39,1669,0.857692
316,18234;630,29309,0.982051;19,540,0.929487;27,1042,0.975641;25,1027,0.857692;26,1110,0.853205
186,10754;607,28801,0.985256;16,475,0.935256;21,703,0.987179;15,631,0.85641;17,748,0.853846
80,4808;618,29192,0.990385;11,199,0.934615;7,208,0.986538;4,164,0.85641;5,236,0.854487
30,1827;612,29430,0.992308;3,49,0.937179;5,102,0.986538;1,70,0.855769;2,103,0.854487
31,1834;624,29701,0.978846;7,125,0.939103;7,211,0.987179;4,164,0.85641;8,252,0.853846
35,2127;611,29092,0.996795;9,133,0.939103;8,154,0.986538;4,161,0.855128;5,182,0.852564
41,2431;619,29651,0.970513;6,72,0.937179;7,158,0.985897;3,98,0.855769;3,112,0.852564
