58,48516;280,89196,0.999679;99,17324,0.959936;119,22706,0.99359;221,16321,0.883654;222,24335,0.988782
56,47329;216,88209,1;62,7305,0.944872;86,12172,0.983974;139,9760,0.917628;142,15354,0.977244
56,47407;214,87051,1;66,7357,0.942949;86,11709,0.985577;137,9315,0.879808;141,14404,0.947115
57,47777;216,88929,1;73,7640,0.922756;95,12649,0.984615;161,10424,0.897115;153,16497,0.95
57,47640;218,88567,1;73,7763,0.920833;95,12562,0.984936;150,9773,0.866987;151,15478,0.951603
58,47405;218,89203,0.999359;73,7644,0.934295;93,12155,0.986538;160,10539,0.907692;154,15816,0.952244
59,47695;218,88680,0.999679;72,8018,0.938141;101,12708,0.9875;128,10102,0.902885;165,16531,0.954487
59,47690;218,89602,1;80,7494,0.933013;93,11844,0.986859;139,9218,0.897436;150,15360,0.935577
59,47831;342,87124,1;77,8072,0.93141;98,12736,0.983654;155,10332,0.874679;177,17275,0.956731
60,47641;362,88950,1;77,7867,0.948397;96,12252,0.977885;146,9622,0.910897;162,16583,0.950321
57,47164;338,88353,1;71,6992,0.932051;91,11573,0.985897;144,9382,0.875;151,15564,0.937821
60,47585;358,88408,0.999038;73,7750,0.957692;89,12189,0.988141;152,10230,0.916026;169,16101,0.937821
57,47570;357,88858,1;74,7479,0.934615;94,12090,0.990385;139,9388,0.903526;154,16209,0.952885
57,47764;361,89705,1;73,7605,0.935577;87,12131,0.990705;141,9553,0.885256;148,15503,0.939103
58,47594;359,89243,1;71,7492,0.944231;89,11693,0.989423;155,10304,0.920833;166,15817,0.94359
57,47320;347,87776,0.999679;75,7589,0.940064;85,11758,0.984615;147,9909,0.91891;151,16119,0.941667
59,47782;359,89344,1;74,7697,0.947756;94,12626,0.988141;145,9581,0.897115;174,17280,0.928526
57,47259;342,88385,1;78,7538,0.949679;91,11751,0.984615;139,9082,0.878526;148,14940,0.935256
58,47729;353,87375,1;71,7308,0.948718;93,12014,0.982372;157,10179,0.909615;154,15697,0.941026
60,47695;344,87807,1;77,7336,0.927244;93,11898,0.986859;145,9724,0.902885;158,16276,0.946154
63,47715;351,88131,1;77,7657,0.94391;95,11989,0.986218;142,9611,0.909295;154,15919,0.947115
63,47766;352,89316,1;77,7976,0.939103;91,12547,0.984615;151,10103,0.883654;163,16740,0.944551
64,47560;347,87716,1;56,7277,0.912179;89,11847,0.985256;142,9470,0.871795;154,16288,0.946795
64,47512;347,89866,0.999679;80,7887,0.934936;92,12245,0.987179;144,9868,0.887179;159,16326,0.958013
64,47203;347,88564,1;73,7428,0.947115;86,11667,0.976923;139,9190,0.904167;146,15279,0.960577
65,47564;354,89412,1;70,7530,0.942628;89,12112,0.981731;139,9594,0.936538;148,15724,0.959936
65,47228;350,88278,0.999038;65,6749,0.914423;86,11204,0.981731;132,9197,0.916346;140,14750,0.954808
63,47705;341,89458,1;74,7928,0.944872;94,12082,0.984295;147,9746,0.908974;152,16125,0.945833
65,47650;354,88777,1;75,7399,0.954487;92,12137,0.983333;149,10269,0.917308;154,16113,0.952244
64,47377;347,87676,1;71,7812,0.94359;92,12265,0.976603;137,9178,0.896154;167,15602,0.946474
64,47256;347,89145,1;68,7517,0.939744;93,11864,0.985256;150,9718,0.891987;148,14940,0.934295
65,47685;335,88754,0.999679;80,7821,0.933654;102,12650,0.988141;152,9927,0.886859;160,16107,0.941667
59,47694;381,88578,1;83,8119,0.935897;92,12379,0.980449;150,9857,0.890064;157,15946,0.935577
60,47341;352,89703,1;76,7763,0.947756;90,11870,0.984936;150,10135,0.874679;136,15315,0.921795
57,46041;349,88291,1;75,7183,0.930769;82,10912,0.979487;130,8724,0.880449;136,14338,0.933974
61,47207;357,90426,0.999679;65,6877,0.927564;88,11479,0.980449;140,8746,0.9;147,14835,0.94391
61,47556;341,89046,1;75,7695,0.930449;95,12262,0.978846;157,10160,0.898718;184,16706,0.947756
60,47483;346,88778,0.999679;73,7506,0.928205;95,12323,0.987179;169,9886,0.898077;158,15731,0.930769
59,47737;352,89674,0.999679;89,8405,0.94391;102,13023,0.986218;162,10448,0.921795;180,17727,0.95
58,47263;217,90662,0.999679;72,7640,0.943269;103,12376,0.980449;148,9574,0.922436;153,15448,0.958974
61,47593;215,89882,1;79,7833,0.947115;93,12145,0.986218;158,10197,0.925321;170,16051,0.950641
67,47364;213,88408,0.999359;71,7377,0.941026;91,11643,0.981731;131,9007,0.907372;151,15338,0.930449
59,47660;214,89078,0.999359;77,8168,0.950321;102,12829,0.987179;149,9744,0.904487;156,15990,0.949679
65,47748;217,90283,0.999038;75,7799,0.931731;92,12838,0.990705;156,10304,0.926282;158,15976,0.947436
64,46907;214,90350,1;76,7939,0.942308;91,12086,0.989744;149,9724,0.921795;161,15424,0.949679
59,47734;217,90338,1;78,8025,0.939103;100,12826,0.984615;164,10558,0.929167;165,17072,0.948718
58,47784;215,90538,1;77,7941,0.93109;96,12589,0.982051;151,10076,0.933333;158,16314,0.953205
70,47707;218,90803,1;75,7810,0.927244;98,13028,0.983654;164,10741,0.924679;171,17352,0.949038
59,47698;215,90068,1;77,8011,0.939103;97,12774,0.983974;155,10137,0.879487;178,17739,0.94391
58,47660;216,90857,0.999679;85,7909,0.936538;104,13000,0.986218;164,10394,0.930449;166,16652,0.951603
61,47388;214,89671,1;66,7542,0.944872;98,11994,0.982692;133,9587,0.929167;155,15355,0.953526
67,47692;211,88567,1;76,7831,0.94359;102,12753,0.985897;146,9502,0.91891;154,15589,0.954487
60,47726;218,91291,1;78,7680,0.94359;101,12293,0.985577;152,9642,0.904487;163,15866,0.934295
60,47427;217,90680,1;73,7433,0.920192;102,12256,0.988782;157,9921,0.897115;161,16062,0.936538
60,47356;215,90539,1;75,7630,0.925641;93,12106,0.979167;146,9392,0.897115;153,15629,0.945192
60,46985;211,89694,1;70,7395,0.91891;90,11922,0.982372;143,9275,0.894231;156,15779,0.935897
59,47315;218,90652,1;72,7838,0.929167;94,12318,0.988141;129,9285,0.922115;178,15820,0.944231
58,47112;213,88624,1;72,7047,0.929167;93,11298,0.98109;133,8812,0.915385;149,15223,0.943269
58,47390;218,90713,1;75,7633,0.954808;100,12305,0.987821;143,9385,0.909615;153,15404,0.936859
59,47567;348,88438,1;72,7350,0.939103;107,12142,0.990064;137,9693,0.921154;156,15809,0.955769
61,47533;343,89775,0.999679;75,8193,0.942628;91,12250,0.984936;148,10292,0.902244;157,16511,0.945513
60,47409;331,89138,1;74,7279,0.928846;96,11994,0.984615;137,9274,0.933013;149,15136,0.955128
58,47428;213,89444,1;73,7549,0.940385;94,12026,0.988782;127,9273,0.924359;154,15682,0.941026
67,47707;210,88788,1;77,8073,0.942949;98,12549,0.990064;149,9821,0.914423;164,16612,0.942308
66,47411;218,90480,1;78,7482,0.942628;93,11952,0.98141;146,9628,0.925962;149,15510,0.951923
65,47614;216,88807,0.999679;88,7936,0.958654;95,12422,0.982051;149,9788,0.935577;161,15936,0.955449
65,47740;212,88938,1;77,7672,0.949038;97,12361,0.985256;150,9984,0.919872;159,16301,0.936538
65,47435;213,89310,0.999679;75,7565,0.933974;91,11842,0.989744;146,9684,0.921474;155,15906,0.933654
61,46773;213,88909,1;70,7574,0.934936;92,12380,0.987821;142,9403,0.911218;145,15138,0.940064
64,47487;214,89765,0.999359;72,7336,0.929487;94,12000,0.985256;147,9716,0.910897;155,16168,0.942628
66,47468;213,89245,1;72,7701,0.938782;89,11814,0.982372;146,9595,0.925641;146,15135,0.950321
66,47525;217,89738,1;83,7859,0.937179;96,12508,0.984936;148,9954,0.908013;157,16437,0.947436
62,47556;213,88149,1;72,7641,0.947436;92,12262,0.988782;140,9673,0.922756;161,16473,0.951923
66,47593;355,88903,1;74,7692,0.942949;96,12291,0.986859;151,10155,0.919551;175,16256,0.947436
67,47292;354,88978,1;86,7250,0.941667;100,11398,0.988462;152,9460,0.921474;158,15098,0.944872
64,47832;248,90578,0.999679;86,7788,0.926282;120,13106,0.982372;159,10035,0.902885;185,17230,0.940064
61,47374;218,91270,1;73,7788,0.923077;104,12586,0.984615;150,9519,0.898077;168,15404,0.935256
59,47446;214,90253,1;83,7792,0.939744;115,12832,0.986859;166,9723,0.903205;183,16606,0.953205
74,47236;220,91869,1;80,7276,0.925641;101,11766,0.985256;161,9241,0.900962;171,15642,0.939103
66,47030;231,89725,1;85,7911,0.929808;87,12498,0.987821;149,9592,0.932692;170,15991,0.955449
67,47721;319,90797,1;89,7951,0.936859;110,12563,0.986218;184,10617,0.934295;189,16393,0.961218
67,47159;321,90897,1;89,7612,0.935577;105,12134,0.980769;156,9469,0.926603;155,15129,0.957372
66,47414;318,89451,1;73,7446,0.941667;85,11533,0.985897;143,9458,0.936218;138,15237,0.953526
68,47598;277,89651,1;74,7634,0.949359;98,12195,0.987179;154,9880,0.928846;157,16307,0.959615
64,47368;396,88446,1;77,7674,0.946474;94,12277,0.983333;148,9748,0.921474;151,16339,0.950962
63,47192;422,89050,1;76,7834,0.939744;98,12243,0.982051;144,9161,0.925;161,15812,0.955769
62,47755;420,88425,1;77,7816,0.947756;98,12469,0.9875;151,9824,0.919231;161,16570,0.952885
60,47261;424,89306,0.999679;79,7280,0.934936;95,11471,0.990705;151,9412,0.908974;162,15733,0.936538
61,47623;421,88046,1;74,7494,0.925321;113,12806,0.982051;158,10178,0.903205;163,16680,0.947756
60,47342;426,89561,1;74,7597,0.928846;102,11864,0.978846;158,9627,0.901923;161,15463,0.950641
66,47516;421,88608,0.998718;75,7868,0.936859;92,12392,0.989423;161,9953,0.914423;166,15859,0.941667
59,47586;428,90530,1;78,7699,0.932692;109,12472,0.978205;166,9857,0.912821;176,16758,0.945513
59,47184;428,89046,1;80,7185,0.935897;107,11452,0.990385;157,9672,0.921795;162,15326,0.953846
60,47668;381,89190,0.999679;87,8228,0.950321;96,12604,0.990064;156,9895,0.894231;180,16513,0.945833
63,47564;329,88987,1;82,7683,0.939744;154,12530,0.985256;163,10009,0.899359;178,16739,0.950321
65,47768;329,89618,1;78,7879,0.939423;95,12651,0.989103;155,10206,0.916026;168,16531,0.945833
65,47693;349,89433,1;74,7782,0.924679;94,12373,0.987821;158,10490,0.909936;171,16641,0.941026
67,47643;351,89523,1;80,7504,0.927885;96,12374,0.987179;148,9617,0.908333;152,15385,0.947756
68,47633;352,89683,1;77,7588,0.925;93,12323,0.984615;151,9763,0.89359;158,15867,0.953846
65,47647;353,90828,1;79,7853,0.927244;96,12300,0.986538;152,9786,0.883013;154,15577,0.945833
63,47320;341,88284,1;75,7643,0.932051;99,12435,0.986218;146,9492,0.916346;159,15291,0.949679
61,47638;352,89780,1;77,7919,0.931731;107,11971,0.986218;156,9837,0.917308;169,16339,0.942308
60,47295;347,88809,1;79,7502,0.935577;88,12092,0.987179;144,9427,0.921154;152,15411,0.947436
60,47473;349,89631,1;75,7676,0.933654;99,12459,0.987179;150,9592,0.871795;148,16039,0.934295
75,47133;347,88932,1;76,7656,0.937821;88,12030,0.986538;148,9794,0.89359;151,15729,0.935897
62,47359;348,89181,1;71,7403,0.939103;93,11980,0.986538;150,9546,0.874359;152,15395,0.944551
62,47636;347,88673,1;73,7777,0.942308;105,12153,0.986218;148,9451,0.86859;164,16364,0.940385
62,47708;328,89810,1;82,8204,0.934936;103,13184,0.990064;159,10132,0.901603;167,16970,0.95
62,47688;399,91695,1;79,8372,0.933974;103,13578,0.984936;153,9902,0.917949;174,17163,0.951603
61,47774;339,89709,0.999679;74,7989,0.933654;98,13268,0.984936;153,10123,0.928526;169,16963,0.951923
59,46551;354,90659,0.999679;70,7219,0.933974;90,11343,0.984295;141,9355,0.925641;148,15404,0.950641
62,47103;348,89295,1;66,7069,0.916026;91,11824,0.9875;143,9376,0.912179;148,15315,0.935577
70,47148;351,89772,1;67,7331,0.944551;87,11436,0.978205;136,9270,0.933974;148,15357,0.957372
62,47571;346,89456,0.999679;73,7795,0.950321;89,12155,0.991026;144,9220,0.91859;157,15984,0.954808
73,47705;347,89132,1;75,7552,0.944551;100,12606,0.986538;156,9751,0.915705;170,17076,0.949679
61,47684;353,90327,1;71,7754,0.948397;94,12359,0.989103;152,9993,0.918269;162,16971,0.948397
63,47629;352,89172,1;81,8011,0.933974;91,12161,0.986538;149,9752,0.906731;160,16250,0.945513
61,47227;351,89878,1;75,7870,0.944872;94,12281,0.984295;142,9555,0.915705;159,16264,0.926603
61,47601;346,88139,1;67,7768,0.948718;97,12358,0.986859;143,9676,0.923397;150,15859,0.954487
62,47701;349,89821,0.999679;76,7920,0.917308;94,12486,0.988462;156,10138,0.923718;113,16010,0.954808
62,47590;353,90477,0.999679;73,7615,0.938141;92,12109,0.978205;144,9561,0.914103;164,15815,0.955449
61,47637;353,90410,1;74,7763,0.936218;94,12297,0.986218;156,9843,0.90641;161,16776,0.946795
61,47387;345,88621,1;71,7724,0.939744;96,12145,0.984615;144,9643,0.892949;163,16926,0.938462
61,47164;327,90448,1;77,7367,0.939103;93,11689,0.984936;144,9540,0.919231;145,15051,0.950641
63,47622;346,88000,0.999679;73,7814,0.936859;95,12756,0.985897;164,9402,0.897115;155,16162,0.947756
62,47547;352,90366,1;76,7717,0.927885;93,12213,0.983333;146,9464,0.869551;168,16281,0.937821
62,47461;350,90248,1;70,7681,0.936859;89,12342,0.982051;160,10204,0.897115;161,15655,0.936538
60,47233;346,88916,0.999359;78,7671,0.925321;97,12456,0.989423;149,9577,0.893269;159,16175,0.948397
62,47713;344,88973,1;77,7810,0.938462;101,12595,0.983013;144,9391,0.881731;164,16895,0.95
63,47688;346,89022,0.999679;74,8021,0.942628;100,12886,0.985897;160,10223,0.876282;174,16477,0.944551
62,47681;353,90582,0.999038;76,8126,0.941987;100,12872,0.986218;156,9976,0.889103;164,16459,0.928526
84,47457;349,88957,0.999679;78,7819,0.924038;102,12544,0.981731;157,9785,0.885256;160,16037,0.937179
68,47721;363,89538,1;77,8074,0.931731;103,12747,0.986218;153,9826,0.890385;163,16589,0.933654
66,47394;327,90271,0.999359;77,7455,0.926282;96,12097,0.982692;174,9815,0.873077;158,15975,0.933333
67,47790;318,90614,1;82,8268,0.943269;101,13298,0.990385;175,10696,0.870192;176,17432,0.930128
66,47738;319,89833,1;79,7944,0.935577;100,13409,0.985256;168,10520,0.907051;172,16873,0.947115
65,47456;318,90449,1;80,7977,0.936859;94,12216,0.987821;150,9748,0.921474;162,16249,0.955128
68,47690;325,92485,1;76,7750,0.935577;97,12636,0.981731;164,10225,0.912179;165,16590,0.947115
66,47567;342,89549,1;77,7903,0.948077;94,12334,0.986538;146,9473,0.916346;145,14705,0.952564
66,47657;348,88234,1;73,7912,0.949359;91,12668,0.990705;148,9672,0.93109;162,17019,0.945833
66,47471;223,90032,1;71,7403,0.935256;96,12146,0.988141;148,9867,0.940064;153,15819,0.948718
65,47758;213,89095,1;80,7953,0.926282;101,12741,0.988141;153,10019,0.926923;162,16328,0.950641
64,47581;213,88768,0.999679;78,8094,0.943269;101,12444,0.986538;169,10084,0.928526;162,15973,0.957051
64,46985;215,88414,0.999679;72,7083,0.933333;94,11131,0.980449;155,9148,0.916987;150,14890,0.943269
65,47543;304,89844,1;88,8065,0.94391;104,12959,0.989744;166,10129,0.923077;170,16524,0.952244
65,47279;218,91105,1;74,7706,0.952564;92,12138,0.984936;151,9980,0.915705;150,15986,0.945513
65,47378;216,90443,1;69,7288,0.931731;94,11763,0.990705;144,9358,0.925962;156,15590,0.94391
63,47182;213,87886,0.999679;73,7302,0.934615;91,11308,0.9875;140,9234,0.926603;150,15131,0.943269
66,47484;209,87867,1;80,7605,0.952564;97,12153,0.984936;146,9917,0.910897;150,15757,0.957372
63,47144;216,90124,1;75,7373,0.937179;90,11938,0.978205;138,9606,0.926923;147,15583,0.954167
65,47696;215,89373,1;69,7559,0.936538;95,12514,0.986218;147,9607,0.909936;153,15871,0.948397
63,47792;217,90493,1;73,7762,0.942308;99,12592,0.983974;149,9894,0.925;162,17092,0.942308
67,47630;217,90874,1;70,7615,0.936538;93,12017,0.984615;146,9535,0.916667;161,16467,0.938782
69,47555;215,90424,1;76,7876,0.949038;97,12328,0.988462;143,9705,0.903205;137,15351,0.950962
62,47678;213,89700,0.999038;70,7802,0.926282;91,12720,0.978846;146,9955,0.891346;141,16037,0.922115
61,47329;310,89662,0.998718;68,7660,0.948397;93,12045,0.983013;138,9361,0.897436;130,15602,0.942628
62,47645;346,89874,0.999679;74,7976,0.941026;99,12885,0.978526;146,9742,0.876282;157,16788,0.949359
62,47599;346,91136,1;72,7479,0.94359;88,12163,0.986538;160,10548,0.897436;152,16065,0.945513
62,47239;353,89338,1;72,7643,0.947436;85,11583,0.985256;138,9665,0.909615;145,15869,0.933013
61,47719;347,89630,1;67,7515,0.942949;96,12320,0.986859;155,9755,0.910256;168,16783,0.945192
62,46796;359,90535,1;75,7616,0.932692;95,12256,0.988141;146,9452,0.919231;156,15362,0.945833
62,47225;421,89619,1;74,7346,0.946795;93,11665,0.985577;140,8979,0.897115;149,14758,0.949038
62,47639;409,90331,1;80,7975,0.943269;99,12399,0.986859;164,10492,0.917628;165,16630,0.958333
61,47150;349,90234,1;76,7429,0.934936;78,11572,0.986218;121,8866,0.898077;154,15845,0.94391
67,47782;356,89257,0.999359;74,8084,0.945192;101,12912,0.987821;159,10366,0.908654;161,16613,0.944872
67,47503;351,91415,0.999679;71,7620,0.941026;100,12237,0.985577;146,9807,0.934295;149,15565,0.951923
61,47509;350,89985,0.999359;73,7623,0.959295;90,11925,0.9875;149,9786,0.940385;147,15331,0.951282
42,47620;347,91274,1;77,7832,0.945513;95,12194,0.984936;152,9955,0.921154;163,16861,0.945833
60,47419;318,88168,1;79,7569,0.934936;88,11876,0.990064;147,9614,0.920513;151,15359,0.952244
60,47760;346,89748,1;95,7888,0.949679;112,12455,0.983974;152,9607,0.891346;168,16775,0.953846
60,47534;350,89942,0.999359;76,7695,0.939744;99,12035,0.983654;144,9508,0.923077;160,16605,0.954487
44,46747;349,91064,1;68,7707,0.941667;95,12143,0.980449;152,9834,0.922115;155,15704,0.948077
43,47406;327,90057,0.999679;74,7603,0.93141;94,11772,0.982692;143,9227,0.89359;155,15788,0.943269
66,47782;333,88729,1;78,8237,0.942949;100,12797,0.986218;169,10388,0.900962;158,17266,0.949679
58,47496;329,89624,1;72,7393,0.941026;88,11412,0.982372;143,9366,0.892628;149,15003,0.933013
59,47689;360,91207,1;74,7792,0.940064;95,12432,0.98141;159,10011,0.894551;160,16265,0.945833
68,47618;322,88917,1;78,8023,0.922436;98,12533,0.977244;163,10155,0.900962;166,16286,0.949038
73,47500;214,89899,1;82,8036,0.924679;100,12465,0.983654;155,9688,0.9125;150,15205,0.952885
68,47655;214,90373,1;75,7999,0.945833;99,12571,0.987821;157,9987,0.911218;156,15943,0.953846
67,47410;215,90488,1;74,7622,0.928526;97,12031,0.982372;169,9790,0.894551;154,15448,0.949679
61,47558;215,91103,1;84,8215,0.936538;104,12566,0.98109;158,10061,0.889744;169,16735,0.936218
60,47465;214,89710,0.999359;78,7816,0.938782;103,12687,0.988782;147,9287,0.896154;150,16227,0.95
61,47636;215,88635,1;88,7604,0.942308;103,12393,0.988782;158,9815,0.90609;165,16400,0.957372
53,47496;219,90286,1;74,7490,0.923077;99,12065,0.983013;151,9657,0.91859;157,16307,0.95
60,47710;217,90361,0.999679;84,8050,0.938462;101,12322,0.987179;166,10157,0.923718;174,16826,0.954808
60,47709;216,89935,0.999679;81,7740,0.948718;99,12417,0.988462;150,10244,0.910897;173,16975,0.922436
61,47469;214,87922,1;70,7539,0.946474;97,12301,0.984295;145,9565,0.927244;157,15885,0.934936
67,47748;218,89930,0.999679;80,7911,0.936538;114,13107,0.989103;150,9714,0.88141;168,16516,0.946795
65,46646;214,89751,0.999679;76,7036,0.930128;96,11250,0.986218;141,9195,0.879808;153,15389,0.950962
65,47456;212,88439,1;87,7998,0.947436;99,12047,0.987179;150,9731,0.891346;154,15876,0.948718
68,47733;213,88708,0.999359;81,7761,0.949679;104,12753,0.983654;165,10607,0.894872;159,16043,0.939744
66,47637;212,89332,1;73,7835,0.941346;92,12702,0.980449;147,9794,0.904487;157,16696,0.95
62,47487;334,91806,1;73,7622,0.94391;95,12475,0.9875;148,9641,0.902885;151,15537,0.947115
61,47614;226,90707,1;71,7528,0.941346;91,11984,0.978526;157,10093,0.896474;150,15756,0.937821
61,47603;311,88421,0.999679;69,7527,0.939103;93,12008,0.986538;143,9270,0.920833;148,15103,0.950321
62,47731;230,91470,1;76,7700,0.935897;101,12924,0.985577;168,10497,0.924679;172,16788,0.95
63,47700;215,89484,1;80,8140,0.944551;95,12570,0.986538;163,10264,0.946474;157,15594,0.958974
62,47318;216,90050,0.999679;75,7533,0.929167;100,11763,0.986538;148,9508,0.935577;161,15361,0.954487
63,47461;216,90536,1;71,7337,0.936218;95,11608,0.98109;149,9652,0.922115;149,15225,0.953205
65,47300;218,90282,1;71,7241,0.930769;93,11645,0.976603;141,9285,0.908333;154,15641,0.945192
66,47757;212,90012,1;75,8129,0.952564;98,12843,0.987179;154,10086,0.913141;160,16507,0.952244
64,47689;215,89195,1;78,7950,0.939744;95,12832,0.992949;158,10447,0.910256;166,17249,0.954167
65,47603;248,89541,0.999679;79,8148,0.941987;98,12936,0.987179;155,9984,0.906731;162,16042,0.953846
67,47370;354,90008,1;74,7279,0.939103;93,11779,0.983654;148,9358,0.905449;154,15200,0.949679
65,47347;337,90755,0.999679;79,7753,0.938462;97,12407,0.979167;149,9432,0.908654;166,16771,0.951603
61,47536;340,90857,1;75,8075,0.944872;96,12392,0.986218;161,9940,0.918269;158,15898,0.951282
67,47542;341,89730,1;78,7535,0.935577;105,12318,0.991987;143,9325,0.929808;151,15561,0.947756
68,47467;344,90640,1;75,7716,0.925641;96,12454,0.984615;137,9085,0.922756;156,15863,0.950641
66,47232;297,92483,0.999679;76,7896,0.936218;97,12382,0.986538;141,9362,0.908013;163,15724,0.94391
66,47458;352,90819,0.999679;75,7871,0.933333;95,12352,0.983013;150,9667,0.903846;160,16025,0.940064
64,46887;344,89086,1;75,7983,0.948718;90,11937,0.983013;145,9242,0.915064;154,15677,0.948397
61,47605;350,90400,1;73,7942,0.944872;100,13026,0.984295;151,9618,0.899679;163,16595,0.957051
61,47105;342,88038,1;74,7402,0.93109;92,11790,0.985256;149,9553,0.902564;145,14758,0.954487
61,46785;350,89457,1;69,6901,0.942949;94,11476,0.982051;134,8815,0.915064;143,14653,0.952885
60,47394;318,89736,1;85,7478,0.945192;98,12084,0.987821;145,9405,0.896795;146,14984,0.942628
61,47432;345,91372,1;74,7633,0.945833;99,12606,0.98141;142,9338,0.896795;156,15906,0.945513
69,47612;374,88079,0.999679;76,7990,0.934615;97,12568,0.986538;150,9834,0.917949;161,16206,0.952244
69,47155;349,88934,1;73,7637,0.929808;89,11549,0.987179;139,8922,0.902564;146,15263,0.945513
69,47323;353,88832,0.999679;72,7955,0.947436;90,12183,0.988782;148,9704,0.899038;156,15726,0.945513
68,47274;349,88712,1;79,7808,0.945513;104,12000,0.983654;158,9724,0.90609;160,15806,0.952244
65,47699;349,88893,1;76,7928,0.938141;98,12295,0.989423;150,9581,0.899359;161,16073,0.948397
59,47750;342,89729,0.999679;79,8135,0.939744;103,13256,0.983974;181,10462,0.882051;165,16380,0.944872
60,47047;345,88679,1;75,7434,0.927885;97,11861,0.981731;159,9786,0.908333;163,15130,0.940064
59,47042;344,88464,1;73,7093,0.923718;97,11783,0.988141;140,8949,0.879808;159,15752,0.948397
60,47355;344,88864,1;80,7810,0.936218;94,12049,0.985256;157,9803,0.904487;158,15638,0.942949
60,47747;349,89400,1;86,7685,0.939103;99,12258,0.987821;151,9612,0.922115;156,15898,0.949679
62,47797;345,90051,1;73,7882,0.940064;101,12798,0.987179;155,9974,0.889744;174,16981,0.948397
62,47630;350,89613,1;77,7794,0.940064;100,12283,0.984295;162,9972,0.915705;166,16274,0.943269
62,47691;354,89516,1;77,7813,0.937821;99,12247,0.985577;165,10027,0.917308;163,16500,0.954167
62,47771;354,90412,1;80,8345,0.952885;107,13066,0.990705;161,10351,0.925321;163,16386,0.950641
63,47213;359,90314,1;70,7458,0.935256;102,11715,0.983013;142,9197,0.919872;150,15101,0.951603
61,47644;349,88951,1;77,7596,0.936859;100,12164,0.990385;152,9551,0.907372;152,15765,0.944551
61,47744;368,91365,1;81,7994,0.931731;103,12802,0.984295;163,10148,0.885577;174,17549,0.930449
60,47423;406,89221,1;77,7571,0.948718;96,11859,0.984936;155,9886,0.902885;158,16149,0.93109
68,47328;429,90170,1;82,7798,0.946474;96,12305,0.989103;146,9685,0.906731;154,15934,0.941987
65,47722;430,90234,1;86,8416,0.941346;101,13076,0.988141;149,9724,0.910256;164,16534,0.947436
63,47564;422,87788,1;74,7527,0.939423;101,12422,0.990064;156,9957,0.888782;161,16357,0.94359
67,47578;425,89069,1;84,7474,0.953205;95,11820,0.986538;144,9357,0.893269;154,15798,0.941987
61,47626;354,89301,1;75,7637,0.929167;102,12621,0.992308;177,10027,0.901603;187,16995,0.951923
61,47562;348,88043,1;90,8108,0.921795;114,12479,0.991026;168,9703,0.914103;172,16005,0.954167
62,47024;310,89298,1;87,7543,0.941346;86,11434,0.973397;147,8978,0.908654;182,14931,0.945833
68,47552;353,89257,0.999679;100,7394,0.931731;154,12026,0.979167;191,9709,0.912179;210,16357,0.951603
68,47660;354,89463,1;112,7585,0.930449;138,12668,0.986538;202,10199,0.925321;204,15821,0.949038
67,46954;351,88899,0.999679;100,6935,0.915705;105,11042,0.986859;148,9087,0.916667;153,14486,0.940385
66,47669;353,90043,0.999679;84,7669,0.932051;114,12530,0.991346;147,9219,0.896154;184,16964,0.945513
67,47641;360,90844,1;88,7540,0.928846;109,12029,0.984936;167,10012,0.906731;171,16107,0.952244
68,47464;350,89306,1;70,7677,0.942628;91,12182,0.990705;142,9508,0.908013;161,16064,0.935897
68,47779;263,89111,1;76,7655,0.940705;96,12250,0.987179;153,9981,0.910897;165,17064,0.946474
69,47615;327,89494,1;75,7753,0.921474;100,12918,0.984936;158,10152,0.916346;161,16396,0.95
66,47472;339,88540,0.999679;76,7973,0.935577;99,12232,0.991987;161,10061,0.915064;166,16243,0.952564
66,46783;349,90119,0.999679;77,7232,0.934295;94,11783,0.985577;138,8716,0.874679;154,15292,0.943269
67,47549;328,91631,0.999359;76,7819,0.946795;98,12377,0.985897;158,9843,0.878526;158,16020,0.940705
67,47515;312,89166,0.999679;61,7440,0.935577;118,12117,0.990385;177,9454,0.886218;177,15668,0.936218
68,47671;311,88627,0.999359;78,7779,0.950641;105,12026,0.978526;160,9643,0.884615;162,15888,0.933333
68,47729;315,90648,0.999359;88,8138,0.938141;101,13105,0.984615;173,10385,0.894551;173,16941,0.945192
68,47312;319,90686,0.999679;86,7754,0.93141;97,12085,0.978846;154,9628,0.884936;159,15704,0.934936
66,47755;320,90001,0.999038;75,8211,0.940385;96,12734,0.986859;165,10317,0.882692;168,16620,0.940385
68,47638;316,90132,1;77,7923,0.949359;93,12000,0.979487;170,10077,0.8875;177,16837,0.94359
62,47589;338,90767,1;76,7909,0.937179;101,12573,0.976603;166,9974,0.886538;173,16841,0.941026
68,47587;355,90926,1;84,8211,0.946795;106,12784,0.984615;164,9999,0.877564;187,16896,0.936859
67,47644;210,89600,1;96,8225,0.951603;108,13181,0.983974;155,9832,0.877564;167,16739,0.950321
62,47441;215,90161,0.999679;74,7694,0.936859;97,12661,0.987821;151,9427,0.879808;166,16378,0.936538
68,47697;361,88402,1;74,7543,0.919872;97,11913,0.985897;154,9462,0.892628;167,16136,0.945513
65,47466;314,88245,0.999679;77,7477,0.947756;97,11728,0.98141;153,9671,0.887179;158,15488,0.942308
63,47522;307,89584,1;79,7937,0.934295;100,12584,0.983654;152,9695,0.899679;165,16357,0.934936
68,47330;350,88648,1;78,7399,0.927564;98,11809,0.986538;148,9514,0.901923;162,16422,0.942308
67,47794;354,89831,0.999679;85,8297,0.941346;102,12535,0.987821;159,10361,0.921474;149,16381,0.946795
61,47774;353,89196,1;75,7861,0.938462;104,12424,0.987179;154,10108,0.916987;160,16577,0.951282
62,47538;354,89746,1;74,7841,0.938141;95,12005,0.990385;151,9904,0.925641;157,15872,0.948397
63,47724;359,90727,0.999679;78,7930,0.940064;100,12649,0.9875;157,10030,0.932372;157,16260,0.952244
63,47730;346,90917,1;84,8258,0.940064;99,12635,0.980128;148,9695,0.914744;165,16669,0.944551
64,47247;243,90486,0.999679;66,7180,0.923718;96,12483,0.989103;139,9143,0.916026;167,16569,0.943269
63,47788;217,91213,1;76,8078,0.945833;101,12542,0.983974;168,10032,0.892949;164,16715,0.93109
71,47492;322,91326,0.999679;80,7947,0.93109;105,13037,0.988462;160,9739,0.932372;156,15856,0.953205
66,47464;323,91184,1;73,7475,0.946795;96,11824,0.983654;146,9511,0.910577;158,15727,0.947115
65,47202;318,89986,1;73,7333,0.938782;98,12023,0.980769;157,9793,0.886859;163,16321,0.933013
67,47504;242,90469,1;72,7342,0.941026;93,11752,0.985577;141,9129,0.9125;154,15674,0.9375
64,47446;213,89797,1;73,7644,0.922436;105,12720,0.986218;159,10104,0.916987;161,16482,0.951282
64,47757;212,89909,1;78,8147,0.940385;100,12981,0.9875;156,9852,0.913782;163,16433,0.937179
63,47510;212,90108,0.999679;75,7545,0.938782;97,12290,0.984936;159,10068,0.90609;143,16032,0.946795
62,47617;214,90122,1;77,7788,0.935897;98,12694,0.9875;153,10067,0.907372;152,16943,0.955128
63,47130;215,88956,1;71,7321,0.93109;95,12111,0.983013;142,9573,0.891346;143,14990,0.943269
80,47577;322,91275,1;73,7529,0.945192;94,12149,0.986218;149,9959,0.916346;157,16115,0.944551
63,47731;347,89615,0.999679;74,8219,0.944872;94,12381,0.9875;151,9968,0.910256;157,16209,0.950321
63,47784;310,88609,1;73,8114,0.933333;99,12754,0.984295;159,10335,0.908974;168,17391,0.944231
63,47608;316,87436,0.999679;70,7536,0.939423;103,12627,0.988462;155,10195,0.928526;159,16106,0.954167
62,47717;261,89810,1;80,7679,0.941987;92,12239,0.9875;149,9613,0.911538;157,15973,0.935577
63,47114;237,89681,1;71,7466,0.940705;89,11731,0.98109;134,9066,0.907372;151,15310,0.941667
62,47654;312,90109,0.999359;73,7535,0.932051;96,12241,0.977564;153,10178,0.9125;154,15974,0.946474
61,45902;323,90382,1;67,7167,0.919872;85,11198,0.974359;131,8800,0.904808;137,14511,0.951923
63,47226;349,89549,0.999679;73,7507,0.932692;85,11856,0.986859;135,9238,0.894551;147,15567,0.948397
63,47475;353,89585,1;70,7457,0.932692;97,12372,0.988462;158,10188,0.895833;148,15124,0.948397
64,47690;349,89056,1;70,7613,0.93109;94,12426,0.990385;151,9816,0.918269;155,15889,0.952885
64,46251;337,90473,1;86,7406,0.935897;89,11426,0.979487;139,8818,0.88141;139,14512,0.94359
67,47728;355,90749,1;71,8435,0.944551;103,12821,0.988782;171,10644,0.883654;171,17639,0.950641
64,47716;338,90331,1;77,8203,0.947436;101,12884,0.990064;162,10410,0.900321;160,16528,0.952564
67,47532;342,89955,1;76,7644,0.939103;97,12284,0.984615;152,9867,0.919551;157,16241,0.951603
68,47626;346,91274,1;75,7821,0.953205;101,12491,0.985256;149,9759,0.916987;157,16013,0.949679
61,47573;257,89379,1;66,7767,0.93141;97,12593,0.983654;153,9654,0.927244;152,15805,0.957372
68,47605;294,89837,1;77,7944,0.933013;93,12051,0.988141;193,10139,0.917308;159,16531,0.955449
68,47588;359,90333,0.999679;71,7396,0.933974;87,11384,0.984615;131,9237,0.924038;152,15460,0.945513
68,47423;360,89045,1;76,7405,0.928846;94,11907,0.990705;152,10023,0.922436;159,15572,0.949359
57,47460;343,89361,0.999038;74,7633,0.947436;94,11700,0.983974;144,9474,0.919231;156,15979,0.950641
68,47702;241,89676,1;72,7282,0.945192;93,11488,0.98109;143,9232,0.904167;158,15721,0.948397
68,47705;215,88352,0.999679;78,7722,0.941667;96,12185,0.985897;149,9624,0.921154;157,16385,0.949038
67,47560;220,89269,1;76,7770,0.935577;97,12145,0.985256;151,9723,0.906731;154,16158,0.95609
66,47744;216,89151,0.999679;75,7880,0.938462;104,12663,0.984936;152,9941,0.913462;155,15798,0.946154
61,47576;288,89588,1;76,7784,0.94391;98,12158,0.987821;154,10066,0.91859;160,16408,0.938462
62,47686;338,90907,0.999038;81,8192,0.948397;95,12519,0.988141;153,9877,0.917949;167,16881,0.939103
61,46427;351,89528,1;71,7234,0.922756;94,11736,0.984295;139,9082,0.904167;154,15787,0.951603
62,46779;360,89839,1;76,7523,0.918269;91,11566,0.981731;144,9435,0.905769;145,15097,0.945833
65,47803;361,89874,1;74,8080,0.936218;100,12640,0.980449;164,10188,0.903846;162,16899,0.949038
69,47671;357,90343,0.999679;76,8029,0.954487;105,12842,0.987821;159,10048,0.887821;168,16867,0.94359
68,47042;350,89525,1;72,7308,0.934936;97,11472,0.983333;135,8879,0.883654;144,14940,0.944551
68,47547;329,88131,1;78,7952,0.945192;101,13047,0.985256;163,9514,0.888462;166,16500,0.948077
67,47582;350,89324,1;78,7898,0.951923;98,12582,0.984936;155,9911,0.891667;167,16860,0.937179
67,47641;344,88794,1;77,8040,0.937179;101,13130,0.989423;152,9892,0.902564;167,16655,0.9375
67,47156;335,89688,0.999679;72,6945,0.950321;92,11210,0.985256;148,9828,0.919231;150,15563,0.946795
68,47725;318,90422,1;78,8377,0.935577;94,12632,0.983974;156,10389,0.91859;160,16805,0.949359
68,47400;241,88657,1;76,8006,0.945192;96,12315,0.982692;152,9924,0.922115;154,15678,0.957692
63,47529;213,88784,1;75,7568,0.952244;96,11964,0.981731;147,9584,0.904808;155,15992,0.952885
63,47473;216,89726,1;75,7802,0.934615;99,12597,0.990385;153,9676,0.91891;147,16040,0.95641
62,47266;212,88937,0.999679;72,7642,0.940064;92,12188,0.984295;149,9802,0.897436;154,15961,0.950321
68,47504;211,88984,1;78,7414,0.919551;87,11784,0.984295;148,9685,0.86891;160,16715,0.951923
67,47334;212,89190,1;73,7423,0.93109;87,11668,0.987821;148,9516,0.888782;161,16104,0.94391
68,47487;218,91297,0.999679;78,7797,0.933333;97,12271,0.986538;168,9761,0.885256;153,15716,0.937821
67,46814;351,89948,0.999679;74,7585,0.943269;95,12378,0.987821;139,9116,0.900641;147,15319,0.954167
68,47771;353,90132,0.999679;78,7976,0.932692;98,12659,0.981731;164,10382,0.872115;170,16897,0.95
67,47198;357,91091,1;72,7479,0.915064;97,12036,0.983654;158,9921,0.913462;156,15774,0.950962
67,47717;255,90973,1;75,8174,0.938141;97,12876,0.987821;151,9727,0.913141;164,16106,0.951282
67,47505;217,90880,0.999359;76,7616,0.9375;97,12115,0.983333;151,9610,0.897756;153,15342,0.942628
57,46881;218,91673,1;75,7212,0.940705;93,11489,0.990064;150,9650,0.900321;136,15173,0.947436
67,47352;211,90673,1;72,7297,0.920833;96,11767,0.985256;156,9782,0.878205;159,15779,0.919551
69,47776;211,89061,1;76,7823,0.939423;99,12372,0.988462;161,10123,0.890385;166,16888,0.94359
68,47048;249,89679,1;73,7689,0.940705;94,11884,0.983013;155,9961,0.908013;155,15720,0.936538
69,47587;352,90961,1;74,7470,0.933654;102,12419,0.983654;153,9334,0.886218;168,16502,0.933654
67,47632;349,89105,1;75,7992,0.934295;96,12160,0.989103;170,10001,0.908013;165,16504,0.931731
67,47230;300,90386,0.999679;77,7439,0.925641;95,11591,0.985577;136,9184,0.880769;151,15199,0.941987
61,47399;215,89850,0.999679;70,7577,0.947115;92,11809,0.983974;146,9317,0.905128;152,15614,0.94391
61,47740;214,90249,1;74,7749,0.937179;97,12727,0.984615;157,10179,0.911859;162,16455,0.939103
63,47749;213,89942,1;84,7940,0.954167;102,12534,0.979167;151,9977,0.921474;167,17050,0.951282
66,47672;359,91952,1;74,7464,0.946795;97,12269,0.983333;153,9828,0.895833;156,16141,0.922756
66,47792;336,90054,1;76,7854,0.941346;100,12316,0.98109;154,10019,0.880769;168,17088,0.938462
67,46772;349,89841,0.999679;67,6868,0.941667;88,10885,0.983974;123,8029,0.882692;141,14226,0.940064
67,47674;326,90149,1;79,7676,0.961538;94,11850,0.988782;145,9374,0.909295;153,15943,0.948397
67,47434;260,90814,1;77,7192,0.954808;94,11526,0.988462;136,9030,0.904487;149,15659,0.949038
68,47706;218,90300,1;74,7482,0.935256;101,12372,0.986859;152,9835,0.918269;152,15753,0.952885
67,47545;229,89056,1;73,7492,0.928846;97,12185,0.985897;161,9807,0.91891;156,15807,0.95641
67,47121;353,89920,1;75,7493,0.948718;91,11238,0.986859;134,8899,0.923718;141,14677,0.953846
66,47715;363,88827,1;77,7676,0.950321;95,11925,0.991667;140,9389,0.918269;149,15679,0.952244
68,47713;344,88039,1;78,8031,0.948718;98,12496,0.989103;149,10038,0.937821;157,16173,0.950962
67,47678;350,88262,1;70,7512,0.944551;97,11936,0.983654;146,9775,0.908333;155,16134,0.936218
68,47420;341,88146,0.999679;70,7160,0.944231;102,11106,0.984615;134,9120,0.901282;165,15571,0.939744
68,47651;315,89304,1;74,7748,0.954808;93,12280,0.982692;143,10144,0.902244;162,16409,0.947115
66,47677;320,89449,1;73,7465,0.941987;99,12391,0.989744;166,9858,0.891026;161,16319,0.953205
67,46531;319,89644,1;67,7214,0.910256;88,11592,0.986859;131,8610,0.898077;143,14878,0.952244
67,47622;284,89385,1;83,8142,0.941346;96,12372,0.980128;143,9298,0.895192;151,15701,0.93141
84,47540;404,91325,1;83,7360,0.932692;97,12593,0.987821;153,9894,0.910256;157,16243,0.936218
62,47717;351,90595,1;72,7612,0.954808;85,11504,0.983974;154,9785,0.904808;157,16063,0.940064
72,47471;347,90340,0.999679;70,7501,0.940064;91,11433,0.982372;143,9317,0.923397;158,14927,0.944231
63,47363;287,90972,1;80,7774,0.9375;98,11970,0.984936;154,9849,0.924679;155,15901,0.953205
67,47507;323,91034,1;75,7721,0.94359;101,12132,0.986859;145,9523,0.909295;157,15866,0.944551
64,47406;353,90436,1;70,7099,0.928205;91,11258,0.982372;142,9518,0.875641;152,15644,0.940705
67,47494;352,89727,1;65,7403,0.930449;99,12511,0.983654;156,10092,0.924038;162,15132,0.950321
68,47745;352,90796,1;73,7778,0.926923;99,12751,0.986859;158,10041,0.925641;162,16855,0.949038
64,47740;356,90982,1;77,8153,0.947756;95,12601,0.985577;155,9965,0.901603;174,17476,0.953205
65,47568;356,91776,1;70,7640,0.93141;92,12145,0.988782;152,9999,0.912821;154,15984,0.954808
66,47575;349,90559,0.999359;66,7138,0.947756;89,11631,0.989744;143,9390,0.910897;129,16051,0.953526
67,47496;328,88598,0.999679;95,7667,0.950641;117,12275,0.984615;167,9561,0.910256;148,15687,0.955769
62,47426;349,92168,1;73,7318,0.938141;95,11874,0.983013;148,9581,0.907692;155,15362,0.939103
61,47334;341,89209,1;82,7811,0.934295;97,12257,0.982692;151,9686,0.919231;155,15231,0.949359
59,47251;345,91188,1;72,7225,0.933654;90,11786,0.988462;152,10010,0.937821;145,15276,0.952564
60,47662;331,89739,0.999679;73,7751,0.954487;107,12275,0.984936;149,9552,0.935256;159,16147,0.958333
61,47513;260,88950,0.999679;71,7247,0.936218;97,12395,0.990064;149,9662,0.933333;154,15731,0.955449
73,47546;220,89725,1;74,7348,0.933013;96,11527,0.984936;148,9484,0.930128;158,15822,0.944872
61,47637;220,90090,0.999359;79,7673,0.950962;99,12204,0.985577;155,9725,0.915064;162,15712,0.942949
61,47617;338,89935,0.999679;79,7465,0.933974;98,11905,0.975641;152,9606,0.891987;159,15468,0.939423
62,46860;350,89015,1;75,7101,0.951282;91,10799,0.975321;141,8898,0.890064;155,14266,0.930128
63,47627;311,87524,0.999679;77,7441,0.922756;98,11937,0.977564;177,9878,0.876603;159,15822,0.935897
70,47598;314,88480,1;76,7722,0.933974;95,11839,0.982051;155,9872,0.905769;161,16726,0.941987
71,47500;308,90371,1;74,7797,0.938462;95,12191,0.980769;148,9572,0.904167;154,15522,0.938782
64,47429;322,90383,1;69,6905,0.949359;90,10836,0.983974;148,9111,0.917949;150,15374,0.944551
64,47372;320,89089,1;70,6769,0.926282;92,11074,0.985577;147,9490,0.922436;153,15210,0.95
67,47205;355,88685,1;75,7023,0.942949;94,11437,0.984936;141,8987,0.923718;144,14682,0.945833
68,47649;351,88043,1;74,7325,0.943269;98,12070,0.989744;153,9942,0.9375;158,15670,0.950321
68,47393;349,88991,1;76,7831,0.947436;99,12640,0.989423;134,9628,0.920833;174,15142,0.953205
66,47409;216,89029,1;81,7381,0.933974;103,12188,0.989744;160,9850,0.905769;154,15576,0.948397
68,47610;214,88901,1;70,7157,0.952885;90,11262,0.983013;145,9380,0.900962;159,15782,0.946154
67,47365;216,89647,0.999359;66,6868,0.935897;88,11163,0.983654;138,8930,0.91891;147,14914,0.941667
67,47398;310,90727,1;71,7306,0.94391;91,11783,0.985256;157,10092,0.922115;165,16768,0.936218
67,46939;230,89566,0.999679;65,6593,0.938782;87,10657,0.9875;127,8295,0.907692;144,14338,0.933333
68,47372;262,90644,1;72,6906,0.933013;93,11398,0.985577;145,9132,0.904808;159,16134,0.929167
65,47553;213,89178,0.999679;74,7235,0.944872;96,11860,0.98141;171,9533,0.903846;182,16229,0.936538
67,47521;354,88838,1;66,6668,0.949359;94,11210,0.987821;147,8954,0.9;157,15195,0.935897
67,47416;342,88423,0.999679;69,6561,0.934295;93,11196,0.990705;139,8650,0.894872;160,15326,0.939103
67,47070;355,89242,1;64,5849,0.95;84,9667,0.988141;130,7937,0.891346;146,14578,0.923718
66,45456;355,88976,1;53,4803,0.954487;69,8282,0.988782;125,7640,0.898077;131,13139,0.926282
62,43974;350,89131,1;51,4466,0.960577;67,7451,0.987821;101,6374,0.907051;115,11612,0.931731
60,42043;354,89164,1;51,3540,0.947115;60,6787,0.992628;86,5565,0.8875;103,10430,0.920833
52,36758;348,89739,1;39,2343,0.953205;45,5158,0.989103;67,3883,0.902564;83,8134,0.916987
42,29783;317,89224,1;37,1695,0.960897;34,2940,0.984295;46,2821,0.902244;52,5093,0.925
41,28764;314,89773,1;32,1541,0.962821;35,2766,0.992628;38,2332,0.9;44,4209,0.925
31,22888;313,89107,1;24,886,0.974359;23,1369,0.991987;19,1291,0.900962;25,2539,0.922115
18,12935;320,89935,1;21,646,0.972115;21,1096,0.993269;13,814,0.897115;17,1749,0.922115
10,7032;315,88456,1;20,503,0.970833;16,779,0.99391;10,667,0.903846;13,1336,0.924038
14,10571;232,88176,0.999359;25,666,0.972115;18,1109,0.992308;13,872,0.901282;15,1621,0.921154
13,9750;211,88436,1;18,419,0.973397;14,526,0.992628;5,406,0.9;7,800,0.920192
4,3291;214,89480,1;22,154,0.974038;23,332,0.99359;2,137,0.902244;2,197,0.921154
