37,48516;89,28688,0.996795;56,13486,0.975641;71,17862,0.998718;84,14334,0.962179;75,14787,0.951282
38,48588;89,28108,0.998077;33,5952,0.912821;43,9316,0.967308;44,7683,0.913462;42,8409,0.908333
38,48662;90,28930,0.99359;35,6597,0.937821;46,9889,0.983333;45,7992,0.904487;46,8989,0.927564
38,48638;82,29128,0.983333;33,5939,0.954487;43,9227,0.996154;41,7314,0.907692;42,8171,0.919231
38,48643;81,28512,0.987179;33,6120,0.940385;40,8897,0.958974;42,7405,0.900641;42,8392,0.898718
42,48603;80,28360,0.991667;32,5850,0.898718;44,9306,0.96859;43,7786,0.887821;44,8757,0.904487
42,48628;80,28189,0.999359;31,5992,0.93141;28,9404,0.972436;35,7683,0.867949;44,8688,0.905769
42,48636;81,28659,0.991667;35,6580,0.953846;43,9379,0.964744;44,7744,0.85;45,8669,0.917949
42,48592;82,28657,0.980128;32,5697,0.937821;47,9211,0.982692;46,7769,0.874359;45,8521,0.903846
42,48633;83,29147,0.994231;23,6263,0.908974;31,9372,0.969872;32,8179,0.878846;30,8985,0.867949
41,48658;85,29171,0.982692;24,6152,0.912821;30,9481,0.967949;30,7552,0.904487;31,8822,0.904487
42,48649;92,28612,0.998077;24,6513,0.935256;31,10237,0.977564;32,8096,0.862179;31,9127,0.903205
42,48636;95,29503,0.989744;22,6016,0.920513;29,9918,0.973077;33,8288,0.896795;31,9103,0.901923
42,48621;94,29422,0.997436;23,6298,0.908974;28,9234,0.960256;30,7886,0.855128;31,8964,0.889103
42,48566;93,29012,0.987179;22,5898,0.90641;27,9145,0.969872;29,7634,0.871795;29,8591,0.914103
43,48605;89,28050,0.991667;22,6081,0.891667;28,8968,0.935256;32,8097,0.866667;29,8662,0.89359
39,48627;91,28649,0.996795;22,6087,0.908333;30,9379,0.946795;30,7714,0.864103;30,8852,0.888462
40,48638;94,29166,0.980128;23,6153,0.907051;30,9707,0.955128;30,7685,0.864103;30,8797,0.883974
40,48648;94,29324,0.998077;23,5770,0.902564;31,8991,0.959615;31,8051,0.858333;30,8947,0.869231
40,48640;95,29493,0.982692;22,6133,0.932051;29,9405,0.962179;33,8396,0.890385;31,9225,0.889744
40,48587;91,28694,0.987179;21,5889,0.923077;28,9119,0.978205;28,7479,0.867308;29,8632,0.899359
40,48643;85,28845,0.986538;24,6402,0.937179;29,9642,0.974359;31,8015,0.851923;31,9098,0.885897
40,48610;88,28871,0.996154;42,6228,0.930769;53,9412,0.984615;46,7641,0.877564;44,8469,0.904487
40,48580;85,28999,0.998077;33,5882,0.916667;42,8793,0.967308;43,7704,0.882692;43,8391,0.88141
40,48627;84,28117,0.995513;33,6078,0.926923;45,9608,0.994872;45,7893,0.899359;44,8530,0.901282
40,48622;85,28781,0.994872;34,5845,0.916667;42,8835,0.978846;41,7524,0.860897;45,8889,0.897436
40,48595;82,28334,0.994231;36,5821,0.926923;46,8867,0.957692;47,7763,0.871795;47,8840,0.905128
40,48631;85,29258,0.992308;34,5871,0.923077;48,9420,0.976282;47,7724,0.848077;45,8675,0.876923
40,48662;84,28808,0.992949;34,6426,0.929487;46,9408,0.958974;48,8069,0.85;49,8986,0.892308
40,48630;87,28777,0.987179;33,6029,0.901282;48,9853,0.950641;50,8346,0.867308;46,9118,0.910256
40,48627;84,28891,0.996154;32,6167,0.916667;45,9525,0.95641;45,7908,0.872436;46,9081,0.903846
48,48588;83,28698,0.984615;38,6105,0.924359;44,9465,0.980128;47,8057,0.885256;46,8945,0.917949
40,48661;83,28818,0.994231;36,6619,0.936538;45,9935,0.976923;47,8168,0.891667;49,9583,0.929487
40,48644;80,28020,0.988462;33,6337,0.930769;44,9660,0.989744;46,7917,0.872436;45,8771,0.903846
40,48608;84,29115,0.99359;31,6070,0.915385;43,9678,0.977564;46,8142,0.892949;45,8935,0.901282
40,48622;85,29451,0.985256;33,5985,0.916026;43,9400,0.973077;44,7862,0.901923;45,8900,0.909615
40,48637;85,29495,0.997436;35,6457,0.917308;45,9688,0.979487;43,7903,0.896795;45,8787,0.899359
40,48600;91,28618,0.989744;33,6139,0.919231;43,9140,0.977564;46,8085,0.905128;46,8774,0.928846
40,48635;84,28668,0.991667;39,6116,0.922436;45,9321,0.98141;45,7942,0.909615;46,8917,0.916667
40,48619;84,28928,0.992949;33,6021,0.924359;42,9051,0.975;43,7708,0.9;42,8479,0.905128
41,48619;86,28852,0.998718;31,6203,0.932051;43,9705,0.985897;42,7650,0.892949;44,8553,0.922436
41,48558;82,28639,0.971795;34,5975,0.952564;44,8826,0.984615;41,7429,0.866667;41,8214,0.905769
41,48625;84,29136,0.992308;31,5932,0.935897;41,8908,0.948718;44,7878,0.876923;43,8832,0.910897
41,48621;81,28805,0.998077;34,6205,0.921154;43,9756,0.963462;44,7917,0.864744;45,9152,0.888462
41,48606;82,28908,0.990385;32,6084,0.916026;44,9818,0.963462;44,7890,0.891667;44,8879,0.917949
41,48580;82,28379,0.999359;32,5965,0.939744;44,9413,0.970513;42,7551,0.871795;44,8688,0.902564
40,48611;84,29098,0.989744;33,5889,0.921795;45,9749,0.971154;45,7896,0.883333;49,8582,0.891026
40,48643;81,28547,0.992308;35,6426,0.909615;44,9742,0.969231;45,7889,0.889744;48,9505,0.919872
40,48666;82,29132,0.997436;33,6261,0.923077;45,9749,0.98141;46,8157,0.900641;45,8818,0.903205
40,48620;82,28310,0.998077;31,6135,0.891667;44,9113,0.970513;43,7688,0.907692;44,8650,0.916667
46,48633;83,28805,0.977564;35,5973,0.905769;43,9312,0.982051;41,7706,0.908333;44,8630,0.872436
40,48677;82,28629,0.994231;31,6228,0.889103;45,10026,0.986538;43,7925,0.889744;45,8899,0.866026
40,48651;86,29470,0.999359;32,6382,0.914744;45,9842,0.985897;43,7796,0.876282;41,8847,0.898718
40,48621;82,28520,0.997436;32,6027,0.939103;41,9080,0.965385;44,7776,0.883974;45,8847,0.891026
40,48597;81,27900,0.996795;34,5972,0.914103;41,9101,0.980769;42,7574,0.863462;43,8526,0.871795
40,48613;81,28055,0.994231;32,5812,0.916026;42,9182,0.970513;42,7650,0.869872;45,8799,0.885256
40,48576;90,28274,0.986538;31,5664,0.923718;43,9494,0.978205;43,7618,0.862179;42,8386,0.876923
53,48631;92,28846,0.982051;32,5918,0.942308;41,8680,0.958974;43,7722,0.883333;43,8404,0.894872
40,48632;89,28326,0.994872;33,6229,0.919872;44,9412,0.966026;46,7953,0.891667;45,8810,0.911538
40,48605;90,28390,0.997436;31,5703,0.944231;43,9054,0.986538;41,7312,0.891026;41,8135,0.898718
40,48644;92,28674,0.992308;32,6120,0.914744;43,9454,0.978205;44,7983,0.870513;31,9101,0.885256
43,48591;93,29061,0.991667;21,6176,0.914744;29,9406,0.987821;31,7919,0.885897;30,8842,0.900641
43,48443;93,28987,0.994872;22,6024,0.932051;29,9000,0.978205;50,7558,0.887179;43,8381,0.907051
43,48598;90,28289,0.991667;33,5888,0.930128;46,9000,0.96859;42,7331,0.862821;41,7925,0.876282
43,48650;90,29079,0.985256;38,6298,0.910256;44,9712,0.958333;43,7656,0.834615;46,8947,0.901923
40,48643;90,28214,0.996154;33,6146,0.916667;43,9261,0.962821;44,7758,0.866026;42,8444,0.896154
41,48614;92,28622,0.998077;34,6143,0.917308;45,9434,0.969872;42,7625,0.916667;39,8464,0.907692
41,48622;93,29260,0.991667;33,5870,0.908974;43,9539,0.973718;44,7784,0.889103;43,8630,0.905769
41,48561;94,29672,0.992308;34,5923,0.901282;42,9197,0.969231;42,7524,0.871795;43,8510,0.897436
41,48663;91,28645,0.990385;34,6151,0.904487;44,9641,0.972436;45,7876,0.888462;30,8856,0.888462
41,48579;93,28967,0.992949;23,5906,0.942949;29,8871,0.955769;30,7784,0.914103;29,8309,0.886538
41,48630;80,27905,0.99359;23,6121,0.919231;30,9615,0.947436;29,7517,0.889103;37,8771,0.896795
41,48637;86,29658,0.999359;33,6146,0.902564;46,9610,0.966667;46,8105,0.888462;35,8519,0.890385
41,48629;82,28650,0.991026;38,6388,0.941667;46,9475,0.951282;45,7856,0.904487;45,8647,0.925641
53,48624;91,28698,0.994231;34,5983,0.89359;48,9785,0.955128;44,7692,0.861538;43,8443,0.88141
40,48620;95,28783,0.990385;35,6150,0.919872;43,9080,0.966026;43,7526,0.889744;44,8596,0.902564
41,48653;94,28754,0.992949;34,6180,0.944231;45,9544,0.975;46,8088,0.878205;45,8750,0.885897
40,48618;91,28638,0.996795;33,6093,0.910256;44,9428,0.952564;48,8269,0.862821;30,8817,0.904487
41,48624;91,28466,0.992308;23,6096,0.898718;30,9502,0.961538;32,8144,0.863462;31,8946,0.901923
42,48643;91,28989,0.996154;24,6109,0.923718;46,9326,0.936538;47,8269,0.896795;47,9082,0.916667
42,48589;83,28663,0.982692;36,6058,0.949359;37,9091,0.967308;42,7362,0.885897;45,8519,0.914744
44,48588;82,28843,0.991026;36,6227,0.911538;43,9304,0.912821;43,7707,0.867949;46,8792,0.883974
44,48658;83,28945,0.996795;34,6159,0.939744;45,9551,0.932692;47,8176,0.864103;47,9057,0.890385
44,48641;80,27499,0.992308;33,6239,0.908333;47,9695,0.970513;46,8169,0.867949;43,8538,0.910256
56,48628;84,29050,0.984615;32,5911,0.907051;45,9715,0.960256;45,7884,0.892949;43,8635,0.891667
43,48617;86,28352,0.992949;35,6218,0.947436;32,9426,0.980769;29,7596,0.899359;30,8821,0.915385
41,48547;83,28725,0.996795;24,6086,0.930128;30,9530,0.980128;30,7899,0.890385;29,8607,0.903846
40,48657;83,28402,0.987821;24,6129,0.946154;29,9535,0.979487;30,7669,0.891026;30,8652,0.899359
41,48574;84,28865,0.998718;22,6042,0.892949;27,8961,0.966026;29,7619,0.889744;29,8800,0.916667
40,48601;85,29329,0.998718;22,6007,0.920513;27,8629,0.944872;28,7376,0.88141;29,8491,0.891667
41,48447;85,29145,0.990385;30,5637,0.899359;42,9096,0.926282;44,8004,0.905128;43,8709,0.889744
43,48615;83,28762,0.994872;30,6349,0.945513;44,9729,0.962179;46,7996,0.891667;45,8776,0.890385
41,48469;82,28488,0.997436;23,6074,0.941026;29,9274,0.976282;28,7435,0.885897;28,8495,0.888462
40,48579;84,28801,0.996795;22,5786,0.926923;28,8533,0.951923;30,7817,0.880769;29,8566,0.901923
44,48659;82,28771,0.994872;24,6189,0.894872;31,9742,0.939744;32,8119,0.895513;32,9298,0.885897
43,48640;85,28994,0.984615;24,6561,0.925;31,10038,0.980769;46,7783,0.882692;44,8352,0.882051
43,48597;82,28496,0.998718;35,6087,0.887821;49,10049,0.992949;47,8125,0.894231;47,8923,0.892949
43,48633;85,29323,0.994872;41,6303,0.899359;45,9608,0.975;46,8278,0.891667;45,9178,0.89359
43,48625;93,29202,0.994231;35,6365,0.929487;46,9655,0.966667;42,7691,0.897436;43,8447,0.875641
43,48608;93,29185,0.997436;36,6409,0.941026;44,9587,0.976923;40,7083,0.841667;43,8363,0.895513
43,48664;91,29042,0.986538;32,5986,0.916026;45,9968,0.982051;42,7635,0.872436;44,8792,0.905769
50,48578;90,28768,0.995513;32,6184,0.930128;46,9732,0.985256;46,8088,0.896795;30,8776,0.923718
43,48617;95,29494,0.994231;33,6169,0.930769;46,9548,0.965385;47,7925,0.892949;47,8875,0.899359
42,48658;93,28654,0.994231;36,6694,0.948077;43,9487,0.958333;44,7742,0.876282;44,8663,0.907692
43,48648;83,29175,0.985256;36,6360,0.937821;43,9763,0.937179;43,7836,0.851923;45,9027,0.921795
43,48660;82,28987,0.985256;34,6179,0.890385;45,10010,0.957692;46,8139,0.847436;46,9096,0.928846
43,48634;80,28196,0.99359;33,6375,0.912179;47,10166,0.96859;46,8184,0.860897;43,8706,0.911538
43,48627;82,28587,0.985897;35,6370,0.927564;44,9676,0.960897;45,7723,0.846154;43,8782,0.902564
43,48650;82,28703,0.997436;33,6062,0.909615;45,9927,0.971795;47,8172,0.827564;46,9078,0.916026
31,48627;81,28840,0.990385;35,6492,0.926282;41,9555,0.964744;46,8314,0.871795;43,8700,0.885256
44,48631;82,29063,0.996154;33,6273,0.903205;44,9953,0.973077;45,8028,0.859615;45,9387,0.914744
44,48632;82,28226,0.99359;31,6092,0.948718;41,9231,0.983974;43,7655,0.890385;42,8421,0.915385
40,48581;84,28716,0.998077;31,6085,0.933974;41,9479,0.980128;43,7819,0.878846;38,8908,0.899359
46,48638;85,29257,0.99359;33,5948,0.929487;45,9924,0.986538;45,8197,0.885256;37,8733,0.889744
41,48617;85,29048,0.983333;24,6506,0.953205;29,9837,0.973718;32,8352,0.890385;31,8833,0.885897
41,48593;90,28495,0.989744;34,5997,0.933974;46,9614,0.984615;46,7910,0.892949;46,8978,0.875641
41,48629;91,28738,0.99359;34,5848,0.878846;44,9209,0.971154;46,7891,0.885256;45,8782,0.875641
41,48661;91,28270,0.977564;38,6521,0.935897;46,10033,0.978205;49,8649,0.898718;49,9585,0.912821
41,48636;102,28492,0.992949;32,5842,0.939744;42,9206,0.983333;46,7975,0.889744;45,8803,0.892308
41,48545;90,28858,0.992308;34,6224,0.915385;43,9125,0.970513;43,7675,0.890385;43,8635,0.89359
41,48608;90,28649,0.995513;33,6213,0.929487;42,9490,0.975641;47,8033,0.901282;47,8929,0.910897
41,48542;93,29411,0.996154;33,5874,0.934615;45,9176,0.982692;46,7824,0.907051;47,8952,0.902564
41,48633;91,28849,0.982692;34,6118,0.941667;41,9116,0.971154;44,7897,0.896154;44,8715,0.895513
41,48620;88,28287,0.997436;32,5863,0.928205;44,9339,0.971154;46,8181,0.869872;45,8732,0.876923
41,48606;90,28392,0.998718;32,5883,0.916026;43,9145,0.966026;45,7971,0.877564;44,8925,0.883974
41,48603;89,28239,0.99359;32,5788,0.919872;46,9707,0.992308;44,7959,0.869872;44,8688,0.89359
41,48618;95,29696,0.984615;33,6107,0.907051;45,9786,0.984615;45,7996,0.873718;36,9075,0.901282
43,48655;89,28547,0.978205;24,6575,0.958974;46,9920,0.985897;47,7932,0.88141;46,9021,0.905769
43,48624;89,28771,0.989744;34,6191,0.936538;45,9482,0.976923;30,7698,0.855128;30,8950,0.903846
43,48616;83,28801,0.988462;22,6148,0.926923;29,9055,0.974359;30,8017,0.884615;28,8354,0.889103
43,48662;83,29131,0.997436;23,6265,0.929487;30,9796,0.978846;32,8230,0.875641;31,9228,0.905769
41,48554;84,28946,0.989744;23,6117,0.917949;28,9030,0.970513;28,7313,0.873718;29,8508,0.910256
41,48652;82,28672,0.996154;24,6212,0.927564;32,9838,0.991667;30,7951,0.896154;29,8654,0.90641
43,48606;83,28451,0.987179;23,6166,0.908974;29,9687,0.983974;29,7736,0.894872;29,8557,0.902564
41,48626;92,28398,0.989103;36,5920,0.911538;42,8987,0.977564;42,7625,0.875;46,8819,0.873077
41,48603;95,28795,0.996795;33,6009,0.905128;43,9049,0.960256;37,7723,0.867308;44,8607,0.883974
42,48549;97,29326,0.999359;33,6067,0.914744;43,9572,0.986538;45,7983,0.864744;29,8542,0.889103
49,48576;95,28820,0.995513;22,5965,0.916026;29,9297,0.984615;28,7429,0.851923;29,8487,0.853846
41,48609;94,28307,0.997436;23,6034,0.90641;28,9075,0.949359;30,7725,0.867308;30,8881,0.903205
41,48626;97,29322,0.994872;24,6613,0.926923;31,9955,0.969231;31,8093,0.869872;31,9370,0.89359
41,48647;94,28712,0.998718;23,6461,0.95;30,9834,0.989744;32,8217,0.911538;32,9283,0.903205
41,48547;95,28507,0.992308;23,5947,0.916667;29,9115,0.971795;30,7546,0.862821;29,8552,0.898077
44,48617;94,28372,0.99359;23,5997,0.895513;29,9412,0.987821;33,7866,0.887821;31,9032,0.917308
44,48626;89,28378,0.990385;22,5877,0.886538;30,9347,0.979487;30,7444,0.9;31,8797,0.915385
44,48654;85,29021,0.988462;26,6603,0.948077;32,9779,0.969231;33,8187,0.891026;31,9148,0.916026
44,48628;85,28670,0.983974;22,6019,0.937179;32,9878,0.975;29,7621,0.844872;30,8576,0.904487
41,48572;84,28814,0.989744;26,6044,0.925;30,9753,0.990385;30,7633,0.867308;30,8508,0.912179
41,48600;86,28900,0.997436;23,5986,0.939103;29,9241,0.972436;30,7801,0.885897;29,8580,0.928846
41,48587;95,29322,0.996795;24,5885,0.932051;28,9041,0.980769;29,7385,0.889744;28,8098,0.922436
41,48583;96,29274,0.980769;24,5890,0.907692;30,9729,0.988462;31,8077,0.910256;28,8666,0.920513
40,48646;95,28431,0.999359;22,5987,0.914103;28,9534,0.987179;30,8062,0.922436;31,9086,0.915385
41,48636;92,28263,0.996795;22,6122,0.946795;28,9044,0.969231;29,7631,0.885897;29,8567,0.896795
44,48587;96,29140,0.997436;21,5621,0.909615;29,9186,0.966667;38,7933,0.884615;33,8875,0.905128
43,48585;95,28310,0.998077;24,6240,0.923077;27,8926,0.972436;29,7573,0.883333;45,8662,0.903846
43,48471;97,28890,0.994872;32,5715,0.948077;42,8980,0.958333;28,7314,0.863462;29,8551,0.896795
48,48318;94,28692,0.989103;21,5542,0.895513;27,8741,0.978205;30,7565,0.889744;28,8069,0.909615
44,48241;95,28963,1;19,4921,0.907692;25,7911,0.953846;26,6649,0.876282;27,7876,0.897436
42,47535;92,28727,0.998077;17,4275,0.891667;23,7154,0.949359;27,6738,0.882692;25,7308,0.86859
42,46378;92,28726,0.975641;16,3966,0.908974;21,6184,0.946154;21,5534,0.874359;21,6147,0.883333
40,45299;95,28924,0.989744;14,3171,0.916667;17,5140,0.935897;18,4654,0.867308;18,5355,0.879487
38,42076;96,28603,0.994872;12,2576,0.901923;17,4095,0.946795;21,3712,0.855769;21,4330,0.889103
33,36891;98,29506,0.987821;14,1968,0.93141;19,3297,0.95641;17,3029,0.846154;19,3710,0.896154
28,31246;95,29074,0.991667;12,1444,0.912821;15,2464,0.951923;13,2419,0.850641;14,2853,0.885897
25,26391;95,28923,0.991667;9,1171,0.940385;8,1730,0.938462;7,1841,0.851282;7,2144,0.879487
20,22465;93,28487,0.994231;8,1069,0.939103;6,1435,0.940385;5,1544,0.847436;6,1918,0.880128
16,18461;97,29106,0.997436;4,701,0.950641;5,893,0.94359;3,881,0.844872;3,1156,0.882051
10,10488;96,29116,0.998077;5,413,0.949359;4,605,0.961538;2,552,0.839744;2,716,0.880769
8,8543;95,29048,0.998718;3,298,0.938462;5,609,0.963462;1,395,0.839744;1,523,0.879487
4,4243;94,29187,0.989744;3,165,0.948077;4,348,0.962179;1,238,0.835256;1,312,0.878205
4,4229;98,29793,0.991026;3,187,0.946795;4,341,0.962179;0,175,0.832051;1,345,0.878205
2,2149;93,28695,0.984615;3,124,0.945513;3,285,0.961538;0,128,0.836538;1,270,0.879487
2,2746;94,28668,0.983974;3,159,0.948077;3,340,0.961538;0,133,0.837821;1,282,0.882051
3,3345;83,28417,0.995513;3,210,0.948077;3,302,0.962179;0,209,0.841667;1,271,0.882692
3,3645;86,29003,0.998718;2,156,0.935897;4,342,0.961538;1,309,0.834615;1,272,0.879487
3,3341;110,29103,0.999359;4,67,0.940385;3,237,0.964103;0,150,0.834615;0,232,0.880128
