75,48516;186,30228,0.986538;129,13422,0.953846;157,18435,0.978846;160,13987,0.933974;131,15105,0.979487
73,45006;184,29960,0.989103;46,5066,0.919231;63,7946,0.978846;58,5985,0.929487;62,7068,0.955769
73,45808;185,30211,0.996795;53,5072,0.941026;66,8167,0.980128;64,6571,0.916667;67,7491,0.927564
71,46096;184,30453,0.988462;49,5272,0.933974;70,8783,0.960256;69,6991,0.89359;71,8096,0.938462
70,45948;192,31400,0.994231;50,5037,0.910897;68,8685,0.980128;64,6651,0.9;68,7708,0.928205
70,45440;189,30752,0.998077;53,5395,0.908974;70,9062,0.975641;66,6882,0.898077;69,7984,0.923718
68,43713;191,30838,0.982692;45,5030,0.935256;63,7764,0.953846;64,6349,0.923077;65,7222,0.932692
72,43873;190,30722,0.994231;50,4945,0.907692;68,8437,0.977564;60,6146,0.908333;63,7101,0.925
73,44894;181,29967,0.990385;51,5087,0.899359;66,8252,0.980769;63,6456,0.897436;64,7290,0.921795
73,45107;191,30948,0.99359;53,5381,0.919231;65,8395,0.973077;66,6741,0.911538;64,7228,0.925641
84,45567;192,31426,0.995513;47,5162,0.93141;65,8325,0.980769;63,6629,0.908974;66,7677,0.919231
71,43706;191,31097,0.994231;50,5372,0.944231;61,7593,0.969231;56,5954,0.89359;61,6866,0.910897
70,44994;188,30579,0.999359;48,4745,0.902564;65,7778,0.944231;65,6526,0.904487;66,7344,0.919231
72,43312;190,30687,0.989103;45,4663,0.892308;62,7483,0.967308;59,6004,0.89359;59,6698,0.91859
77,46094;189,30969,0.999359;50,5006,0.884615;68,8300,0.967949;67,6747,0.876923;70,7847,0.910256
74,44424;189,31113,0.992308;45,4551,0.910897;63,7682,0.962821;59,6063,0.877564;62,6994,0.923718
73,44366;206,30922,0.990385;49,4890,0.905769;65,7954,0.971154;55,5655,0.864103;63,7148,0.917949
71,46032;225,30507,0.995513;52,5398,0.903205;69,8663,0.972436;66,6771,0.867308;69,7869,0.932051
65,43034;190,30045,0.983333;45,4743,0.860256;61,7899,0.95641;67,6673,0.889103;67,7453,0.927564
69,44781;186,30294,0.991667;50,5066,0.913462;67,8272,0.962179;64,6493,0.91859;67,7516,0.937179
70,45166;187,30411,0.992949;48,5026,0.921154;64,7915,0.955769;60,6087,0.902564;64,7131,0.919231
71,45894;188,30359,0.978846;50,5216,0.901282;69,8635,0.960256;72,7172,0.901923;71,7938,0.925641
72,46307;185,30349,0.991667;51,5100,0.907051;72,9030,0.962821;71,7123,0.885897;73,8103,0.915385
70,45017;191,30867,0.991667;57,5003,0.905769;69,8154,0.966026;63,6270,0.883974;64,7172,0.926923
72,46270;188,30667,0.988462;49,5025,0.901923;67,8430,0.975;72,7254,0.93141;72,8012,0.930769
69,44416;189,30006,0.980128;48,4701,0.927564;61,7616,0.977564;60,6221,0.926282;59,6792,0.935897
65,42421;188,30324,0.985256;44,4476,0.928205;62,7460,0.98141;63,5257,0.880769;69,6392,0.930769
70,45146;185,30269,0.988462;63,5205,0.928846;85,8423,0.984615;79,6519,0.880769;75,7678,0.915385
74,44769;183,30081,0.990385;51,5312,0.922436;69,8219,0.983333;63,6326,0.901923;67,7485,0.916026
73,44233;189,30801,0.996154;46,4812,0.938462;63,7981,0.973077;64,6589,0.920513;61,6996,0.933974
72,44154;191,30843,0.992949;47,4814,0.919872;64,7910,0.967949;60,6204,0.910256;61,7020,0.924359
74,45640;186,30081,0.989744;49,4914,0.908974;65,8159,0.988462;61,6239,0.914744;65,7478,0.938462
72,45046;184,30147,0.994872;49,4990,0.908974;63,8043,0.970513;63,6557,0.89359;63,7263,0.91859
73,44625;187,30182,0.991026;48,5109,0.914103;64,7826,0.976282;63,6447,0.916026;67,7565,0.929487
73,44186;186,30378,0.985256;50,4987,0.891026;64,7775,0.967308;59,6061,0.909615;64,7295,0.928205
75,45155;185,29920,0.989103;49,5025,0.872436;70,8438,0.980128;62,6311,0.860256;64,7357,0.930128
70,43004;188,30324,0.989744;45,4567,0.901923;61,7525,0.972436;55,5783,0.885256;56,6356,0.927564
72,43965;190,30772,0.986538;50,4970,0.878846;65,7968,0.963462;60,6060,0.871154;65,7183,0.908333
84,45077;184,30441,0.991667;49,5052,0.880769;63,7698,0.964103;62,6314,0.837821;67,7404,0.913462
73,44847;195,30830,0.998718;50,4884,0.891667;66,7916,0.969872;63,6402,0.878205;64,7178,0.930128
73,44340;187,30245,0.990385;47,4949,0.912821;62,7686,0.958974;56,5814,0.874359;63,7129,0.907692
74,44536;186,29996,0.994872;50,4749,0.905128;67,8177,0.966667;65,6561,0.896795;65,7386,0.908974
73,45153;188,30696,0.992308;54,5031,0.883333;69,8257,0.964744;67,6687,0.894872;69,7683,0.912821
74,44673;191,30973,0.996795;47,4885,0.901282;65,7804,0.962821;60,6076,0.875641;64,7243,0.910897
74,44702;187,30276,0.998718;49,5064,0.912821;62,7804,0.969231;61,6172,0.897436;63,7079,0.919231
82,44169;183,29901,0.998077;50,5070,0.898077;62,7627,0.941026;61,6453,0.903205;73,7259,0.919872
74,44868;185,29816,0.99359;68,5417,0.920513;88,8425,0.949359;81,6590,0.891026;81,7383,0.919231
73,45673;185,30174,0.998718;60,5238,0.916026;78,8744,0.951282;68,6984,0.905769;67,7549,0.911538
74,45933;186,30168,0.995513;54,5745,0.934615;71,9031,0.969872;69,7100,0.901282;65,7432,0.914103
82,44650;185,29337,0.998077;52,4781,0.925;63,7752,0.976923;59,6047,0.930769;63,7216,0.933974
68,44162;187,30386,0.995513;48,4763,0.910897;62,7806,0.969872;58,5963,0.903846;62,7040,0.919231
71,44913;189,30563,0.992949;52,5130,0.901282;67,8339,0.975;63,6369,0.880128;66,7450,0.910256
72,45527;187,30392,0.994231;55,6003,0.944872;71,8994,0.971795;69,6954,0.896795;74,8265,0.914103
70,45867;188,30559,0.984615;50,5180,0.928846;70,8887,0.966026;64,6612,0.866026;69,7806,0.908333
68,44946;187,30736,0.994872;46,4854,0.917308;64,8130,0.946795;61,6196,0.851282;65,7283,0.932051
68,45258;183,30059,0.985897;51,5335,0.923077;73,9110,0.977564;71,7059,0.877564;71,7774,0.915385
69,45244;220,29478,0.994231;56,5439,0.925;70,8215,0.969231;60,6300,0.858333;66,7522,0.903846
69,45514;219,30754,0.998077;54,5242,0.919231;67,8235,0.963462;66,6622,0.894872;66,7321,0.913462
68,45082;182,29875,0.987821;51,5253,0.94359;68,8310,0.969872;63,6281,0.902564;62,7037,0.912179
68,44782;185,30107,0.995513;50,4990,0.914103;62,7810,0.964744;62,6430,0.914103;66,7441,0.905769
71,45696;192,30742,0.998718;64,5190,0.91859;91,8990,0.985897;82,6577,0.916667;84,7570,0.910256
69,44129;187,29713,0.994872;64,5040,0.898718;68,8276,0.972436;62,6327,0.911538;63,7086,0.917949
71,45958;191,30942,0.994231;49,5224,0.91859;67,8590,0.978846;66,6723,0.889103;70,8036,0.908974
71,45784;186,29963,0.977564;55,5281,0.935256;70,8872,0.984615;64,6538,0.889103;67,7629,0.919872
70,44650;189,30480,0.997436;46,4873,0.907692;67,8083,0.969872;57,6070,0.862821;62,7130,0.916026
72,44771;188,30322,0.992308;45,4680,0.878846;66,7915,0.975641;65,6733,0.903846;61,6990,0.923077
68,44960;187,30108,1;47,4881,0.905128;64,7917,0.964744;63,6469,0.907692;61,6971,0.934615
67,44262;189,30760,0.994231;49,5035,0.916026;69,8301,0.974359;62,6495,0.904487;62,7085,0.923718
68,44955;186,30335,0.990385;53,5339,0.934615;72,8415,0.964103;66,6714,0.920513;64,7273,0.926282
65,43315;183,29809,0.996795;46,4729,0.91859;68,7595,0.965385;60,6172,0.916667;61,6858,0.941667
70,46243;187,30221,0.99359;49,5209,0.907051;67,8520,0.978846;67,6860,0.909615;68,7902,0.932692
68,44849;187,30331,0.996795;64,5305,0.894231;82,8110,0.977564;80,6415,0.910897;82,7478,0.938462
70,45584;186,30137,0.991667;65,5393,0.903846;74,8558,0.984615;64,6596,0.926923;66,7550,0.935897
70,44808;185,29958,0.991026;50,5150,0.892949;65,8100,0.967308;64,6609,0.910256;65,7462,0.889744
70,45825;187,30422,0.997436;49,5106,0.908974;66,8459,0.973077;66,6708,0.880769;66,7684,0.885897
68,43949;191,30752,0.995513;50,5035,0.930769;62,7783,0.973077;57,5937,0.887179;60,6808,0.894231
75,45273;194,31556,0.991667;52,5211,0.914744;68,8571,0.967949;70,6967,0.889103;67,7581,0.908974
73,44419;184,30256,0.990385;52,4978,0.926923;59,7364,0.942949;64,6378,0.914744;61,6991,0.919231
76,45652;187,30288,0.997436;50,5228,0.936538;71,8501,0.95;66,6747,0.9;67,7743,0.912179
76,46008;190,30981,0.989744;65,5017,0.91859;85,8226,0.965385;83,6719,0.88141;85,7706,0.917949
77,46076;185,30144,0.99359;66,5196,0.896154;73,8398,0.969872;66,6682,0.892308;69,7732,0.928205
73,44331;189,30712,0.989103;49,5034,0.899359;65,8257,0.967949;64,6581,0.885256;63,7130,0.921795
75,44974;191,30834,0.978846;50,5290,0.925;66,8327,0.982051;67,6736,0.899359;64,7363,0.912179
71,43020;190,30532,0.989744;50,5093,0.921795;60,7764,0.977564;58,5953,0.898077;59,6806,0.901923
74,44856;186,30335,0.994231;49,5215,0.928205;66,8325,0.971154;65,6624,0.899359;66,7476,0.926282
72,43323;183,29747,0.992308;46,4713,0.926282;60,7827,0.979487;66,5828,0.903205;75,6700,0.912821
76,45474;184,29834,0.994872;62,4957,0.923718;81,7885,0.969872;75,6199,0.897436;78,7130,0.912179
74,45010;186,30047,0.987821;51,5045,0.915385;64,7956,0.977564;63,6463,0.887179;59,6730,0.900641
74,44513;190,30608,0.996795;51,5001,0.917308;62,7687,0.951282;62,6398,0.867308;60,6799,0.917308
74,44706;188,30438,0.995513;51,5087,0.928846;63,7753,0.957692;64,6560,0.870513;64,7306,0.917308
75,45302;188,30774,0.992949;53,5325,0.933974;63,8061,0.957692;64,6636,0.898077;61,7128,0.907051
74,45056;189,30474,0.985897;48,4994,0.916026;64,8100,0.944872;48,6100,0.891026;52,7512,0.922436
77,46105;183,29683,0.990385;45,5576,0.928205;71,8466,0.945513;69,6852,0.898718;75,8323,0.926923
79,47150;185,30072,0.986538;54,5764,0.917308;76,9537,0.973077;72,7154,0.890385;80,8902,0.921154
72,43124;184,30242,0.991026;52,5010,0.920513;65,7696,0.98141;60,5873,0.864744;64,7048,0.915385
72,46276;198,30121,0.994231;53,5226,0.911538;66,8038,0.949359;72,7005,0.905128;71,7903,0.912821
72,45619;224,29961,0.986538;55,5436,0.917949;71,8593,0.966026;65,6524,0.891667;72,8012,0.905769
71,45175;199,30308,0.989103;49,5015,0.924359;68,8456,0.958974;67,6505,0.871795;66,7300,0.908974
72,44784;179,29435,0.997436;54,5259,0.945513;69,8070,0.945513;66,6502,0.864744;67,7256,0.903205
73,45699;186,30031,0.996154;51,5308,0.948077;72,8562,0.975641;68,6657,0.860256;72,7851,0.907692
70,43618;190,30806,0.999359;47,4725,0.919872;64,7679,0.984615;60,5952,0.873718;63,6982,0.923077
70,43689;184,29784,0.998718;47,4828,0.909615;69,8345,0.973718;64,6435,0.908333;63,6960,0.944231
76,46826;187,30222,0.987179;52,5291,0.911538;72,8737,0.971154;68,6755,0.9;69,7517,0.926923
72,44323;187,30068,0.990385;49,4925,0.914744;61,7411,0.971795;64,6341,0.913462;62,6865,0.936538
71,43814;192,30974,0.998077;55,5054,0.883333;65,7839,0.96859;63,6294,0.894231;64,7083,0.903846
73,44252;182,29725,0.990385;51,5222,0.903846;65,7853,0.967949;65,6381,0.869231;68,7570,0.915385
74,44520;186,30163,0.987821;48,5037,0.926282;68,8228,0.965385;69,6699,0.886538;69,7556,0.912821
77,46092;186,30696,0.995513;52,5218,0.911538;67,8328,0.951923;68,6718,0.873718;72,7815,0.898077
76,45692;187,30319,0.987821;54,5303,0.919872;67,8325,0.960256;69,6800,0.889103;73,7905,0.898077
76,45335;191,30847,0.989744;50,5007,0.907692;75,8532,0.976282;69,6745,0.907051;74,8123,0.919872
73,45479;185,30173,0.987821;49,5020,0.894231;67,7922,0.962821;65,6493,0.905128;65,7267,0.907692
77,45303;190,30692,0.992949;50,5086,0.921795;64,7775,0.960897;64,6273,0.903205;67,7299,0.912179
78,44860;188,30232,0.983974;55,5133,0.887821;71,8480,0.964744;64,6312,0.89359;72,7865,0.904487
72,45471;189,30524,0.988462;52,5273,0.904487;68,8330,0.967949;64,6344,0.86859;73,8016,0.920513
71,45276;190,30836,0.992308;53,5394,0.894231;71,8321,0.973077;70,6912,0.903846;71,7782,0.904487
71,45478;189,30929,0.992949;54,5254,0.927564;74,8927,0.970513;72,7150,0.926923;71,7862,0.899359
76,45641;184,29887,0.992308;57,5399,0.917308;68,8372,0.98141;70,6950,0.909615;72,7917,0.925641
75,45943;183,30076,0.994872;50,5196,0.898077;70,8489,0.974359;70,6677,0.916026;73,7962,0.926282
69,44998;189,30635,0.992949;53,5309,0.909615;69,8271,0.963462;64,6310,0.894872;72,7803,0.921154
68,44492;184,29851,0.99359;55,5218,0.928846;63,7744,0.960897;67,6516,0.903205;67,7288,0.932692
72,46121;189,30339,0.979487;53,5253,0.910256;70,8492,0.970513;65,6459,0.863462;71,7808,0.91859
64,45262;188,30501,0.991026;54,5621,0.917949;72,8923,0.980128;68,6766,0.879487;70,7651,0.916026
69,44681;187,30621,0.995513;47,5006,0.945513;66,7995,0.973718;63,6307,0.878846;68,7565,0.912179
71,45172;189,30909,0.998718;68,5548,0.917308;70,8498,0.967308;67,6636,0.907051;69,7641,0.926923
70,44322;184,29706,0.991026;54,5328,0.955769;66,8080,0.973077;64,6242,0.915385;66,7304,0.932692
72,45685;188,30677,0.99359;53,5424,0.937821;66,8257,0.972436;69,6815,0.921154;69,7584,0.925641
72,46405;187,30688,0.998077;53,5380,0.921154;79,9275,0.984615;71,6948,0.914103;77,8368,0.928205
67,44323;192,30563,0.982692;49,5034,0.928205;68,8167,0.985256;64,6355,0.916026;63,6957,0.924359
68,44935;186,30285,0.996154;51,5138,0.903205;69,8466,0.976282;69,6895,0.907051;71,7712,0.928846
67,43832;186,30318,0.992308;39,4774,0.89359;66,7925,0.975641;60,5931,0.905769;65,7174,0.926923
71,45717;181,29369,0.989103;51,5378,0.885897;72,8455,0.969872;66,6709,0.919231;72,8060,0.914744
68,43909;188,30389,0.988462;49,5077,0.908333;67,8211,0.974359;62,6089,0.905128;64,6999,0.882692
79,44972;184,29863,0.991667;50,5118,0.865385;73,8276,0.972436;77,6901,0.903205;81,7999,0.911538
76,45651;183,29462,0.994231;58,5424,0.920513;77,8252,0.969231;75,6639,0.904487;74,7232,0.926923
73,45906;186,30564,0.992949;61,5302,0.904487;75,8248,0.970513;75,7003,0.879487;74,7746,0.882692
71,44698;216,31085,0.987179;51,5062,0.933333;70,7878,0.971795;64,6835,0.888462;72,7086,0.889744
69,45186;220,29525,0.987821;54,4983,0.95;68,7915,0.978205;63,6273,0.883333;65,7062,0.914744
70,45011;189,30256,0.989103;52,5218,0.927564;65,7938,0.963462;64,6343,0.871795;70,7680,0.923077
69,44940;188,30637,0.992308;54,5228,0.907692;75,9053,0.983974;66,6540,0.891667;72,7838,0.926923
69,45562;189,30510,0.989744;53,5425,0.928205;67,8395,0.980769;71,7022,0.882051;74,8184,0.926282
66,43306;183,29837,0.994231;49,4617,0.901923;66,7926,0.970513;63,6268,0.910897;67,7280,0.926923
69,45713;191,30992,0.986538;54,5551,0.941026;76,8986,0.966667;72,7134,0.903846;71,8036,0.922436
63,44951;190,30812,0.989744;47,5091,0.928205;72,8897,0.966667;68,6852,0.892949;72,7992,0.921154
70,45489;193,31194,0.98141;53,5288,0.913462;72,9054,0.973077;66,6559,0.902564;71,7983,0.928205
68,44446;193,31116,0.990385;52,5247,0.916026;67,8313,0.979487;65,6478,0.885897;66,7431,0.915385
71,45729;185,30012,0.984615;54,5438,0.916026;72,9162,0.976282;67,6774,0.885256;68,7729,0.905128
71,45712;195,31172,0.980769;55,5594,0.935256;71,8807,0.982051;70,6935,0.891026;70,7777,0.924359
75,45436;186,30786,0.986538;52,5581,0.932051;71,8919,0.978205;66,6637,0.9;69,7762,0.935897
76,45748;187,30261,0.99359;49,5176,0.909615;70,8795,0.983974;67,6720,0.912179;68,7602,0.928205
72,44355;192,30835,0.994231;48,5109,0.923077;68,8049,0.964103;61,6153,0.890385;63,7114,0.908974
75,45107;193,31006,0.989744;51,5192,0.922436;69,8397,0.962821;66,6705,0.909615;65,7472,0.919231
68,44343;186,29963,0.995513;51,4757,0.896795;68,7819,0.960256;62,6221,0.889103;66,7350,0.904487
66,42909;188,30303,0.998077;50,4893,0.919872;59,7223,0.950641;58,5904,0.908333;62,7011,0.920513
70,45912;182,29375,0.987179;56,5220,0.905128;69,7952,0.951282;65,6495,0.907051;69,7690,0.923718
70,46012;194,31183,0.987821;52,5121,0.871795;70,8661,0.953846;73,7254,0.902564;73,8222,0.917308
69,44233;188,30302,0.990385;46,4835,0.902564;63,7470,0.963462;61,6185,0.910256;61,6979,0.919231
73,44868;184,30331,0.992308;54,5266,0.896154;72,8841,0.985897;74,6432,0.911538;76,7408,0.926923
72,44086;186,30266,0.987821;54,5442,0.911538;70,8593,0.969231;69,6731,0.904487;67,7375,0.923077
76,45319;185,30193,0.997436;60,5116,0.922436;68,8263,0.976282;69,6748,0.90641;70,7800,0.923718
72,44239;190,30937,0.983974;46,4731,0.905769;63,7700,0.976282;61,6152,0.900641;61,7062,0.926282
76,45181;187,30313,0.992308;49,4984,0.907692;65,7975,0.975641;69,6792,0.897436;69,7631,0.928846
78,46898;187,30076,0.991667;53,5469,0.936538;75,8567,0.979487;68,6842,0.88141;71,7898,0.904487
75,45040;185,29642,0.978205;56,4899,0.917949;68,8067,0.976923;66,6562,0.897436;64,7216,0.910897
76,45555;191,31047,0.994231;51,5516,0.938462;66,8066,0.971795;65,6515,0.890385;70,7773,0.900641
75,45758;187,30688,0.994231;51,5156,0.940385;67,8029,0.967949;67,6610,0.884615;74,8208,0.904487
74,44601;194,31359,0.989744;46,4774,0.93141;66,8086,0.967308;62,6251,0.882051;65,7293,0.917949
74,44840;189,30594,0.988462;49,5024,0.913462;67,8060,0.951282;65,6445,0.85;66,7334,0.896154
73,44425;187,30244,0.987179;55,5250,0.917308;66,7822,0.952564;65,6445,0.908333;64,7120,0.915385
73,45356;185,30221,0.984615;53,5332,0.912179;71,8735,0.965385;68,6812,0.897436;70,7783,0.905128
75,45681;193,31336,0.989744;50,5224,0.912179;67,8202,0.949359;69,6956,0.894872;69,7811,0.917308
69,45744;187,30417,0.990385;49,5209,0.903846;67,8336,0.960897;69,6964,0.91859;67,7574,0.920513
69,45558;189,30621,0.989744;50,5250,0.914103;70,8107,0.948077;65,6599,0.896795;68,7674,0.915385
71,46148;180,29439,0.989103;50,5255,0.88141;72,8877,0.969872;70,7078,0.898718;72,8128,0.921795
75,45704;190,31007,0.987821;54,5160,0.882051;67,8610,0.983974;79,6811,0.922436;82,7872,0.928846
76,46047;211,30011,0.996154;54,5480,0.878846;71,8685,0.963462;68,6834,0.921795;73,8114,0.925
69,45088;223,30239,0.988462;51,5152,0.911538;65,7725,0.946154;65,6462,0.884615;66,7293,0.923718
67,44169;188,30429,0.991667;48,5134,0.919231;64,7941,0.958974;64,6353,0.912179;62,7067,0.925
72,45633;184,30019,0.988462;53,5443,0.942308;71,8492,0.976923;68,6718,0.921795;67,7541,0.930769
71,45144;188,30164,0.987179;51,5168,0.944872;66,8081,0.967949;64,6385,0.930769;64,7056,0.935897
69,45465;188,30299,0.983974;50,5101,0.91859;67,8311,0.947436;65,6581,0.891667;70,7840,0.924359
71,45260;186,30357,0.992949;52,5233,0.930769;63,8132,0.962821;66,6660,0.916667;67,7464,0.924359
71,45187;188,30563,0.997436;49,5142,0.927564;69,8812,0.975641;68,6867,0.917949;69,7736,0.939744
71,45256;186,30179,0.989103;49,5016,0.939103;65,7722,0.964744;61,6231,0.898718;65,7347,0.93141
68,44904;189,30621,0.99359;49,5128,0.914103;72,8913,0.970513;67,6684,0.907692;70,7756,0.921795
68,44866;183,29734,0.992949;52,5125,0.928205;68,8439,0.978846;62,6254,0.9;66,7260,0.928205
66,43542;191,30789,0.983333;48,5035,0.895513;66,8192,0.98141;63,6289,0.908333;68,7538,0.927564
68,44578;186,30490,0.989103;48,5011,0.901923;71,8395,0.984615;68,6664,0.933333;68,7413,0.937179
67,43921;190,30719,0.995513;53,5428,0.910897;68,8032,0.976923;66,6449,0.916667;69,7635,0.925641
89,45897;193,31370,0.990385;53,5457,0.913462;71,8655,0.970513;68,6769,0.921154;72,7942,0.926282
72,43218;192,31048,0.994231;50,4790,0.905128;67,8078,0.970513;61,5957,0.892308;67,7361,0.928846
77,45566;189,30437,0.986538;48,4774,0.907692;67,7885,0.964103;67,6678,0.898077;68,7421,0.923077
70,45238;188,30650,0.99359;49,4854,0.917308;67,8179,0.961538;66,6510,0.880128;68,7309,0.91859
69,45320;192,30955,0.987179;50,5008,0.922436;68,8006,0.964744;68,6694,0.887821;70,7631,0.924359
76,45568;187,30156,0.992949;56,5157,0.915385;67,8088,0.952564;69,6676,0.894872;66,7291,0.917949
74,44785;184,29654,0.986538;51,5011,0.9;65,8094,0.962179;65,6425,0.920513;67,7305,0.914103
76,45768;185,30005,0.991667;49,5234,0.900641;73,8789,0.96859;71,6914,0.878846;73,8050,0.915385
76,45634;187,30343,0.991026;54,5163,0.914103;70,8469,0.983974;66,6459,0.896154;67,7404,0.910897
74,44511;190,31052,0.992308;50,5019,0.919231;66,7999,0.96859;68,6711,0.897436;72,7900,0.917308
74,44613;187,30563,0.991667;52,5287,0.89359;69,8319,0.957692;66,6519,0.911538;68,7533,0.928205
75,44712;190,30827,0.989744;50,4921,0.899359;68,8356,0.971154;61,6164,0.883974;66,7252,0.927564
75,45641;191,30994,0.985897;48,4895,0.895513;68,8220,0.972436;65,6370,0.880769;70,7660,0.929487
74,45889;189,30466,0.989744;52,5275,0.897436;69,8387,0.967308;71,6977,0.876923;70,7825,0.914744
73,44873;187,30071,0.996795;51,5108,0.903205;70,8619,0.980128;69,6858,0.917949;69,7615,0.923077
76,45660;189,30324,0.98141;56,5174,0.890385;74,8800,0.985897;66,6450,0.903846;69,7561,0.911538
75,45735;185,30206,0.992949;47,4849,0.876923;69,8083,0.967949;66,6591,0.889744;67,7334,0.91859
75,45532;186,30565,0.995513;51,5334,0.898077;68,8258,0.95641;69,6780,0.875;68,7463,0.886538
75,45016;193,30832,0.996154;51,5353,0.939744;68,8472,0.978205;66,6464,0.858974;65,7267,0.898077
84,43323;186,30004,0.989103;45,4756,0.925;64,7969,0.967949;67,6560,0.902564;63,7062,0.90641
78,46355;188,30497,0.998718;59,5880,0.951923;78,9638,0.98141;79,7713,0.910897;81,8797,0.91859
78,46418;191,30997,0.997436;54,5627,0.910897;75,9034,0.971154;69,6738,0.886538;71,7869,0.919231
78,46548;189,30675,0.999359;56,5969,0.922436;76,9243,0.975641;78,7557,0.878846;83,9007,0.912179
74,44159;190,30688,0.998718;52,4798,0.907051;67,7843,0.978846;65,6275,0.876923;64,7069,0.905128
71,44823;187,30582,0.984615;52,4765,0.880128;72,8219,0.982051;66,6462,0.858974;72,7784,0.905769
72,45247;196,29529,0.983974;54,5473,0.921795;71,8613,0.958333;69,6682,0.848077;75,8118,0.930128
71,45034;225,30205,0.994872;51,5172,0.933974;69,8286,0.973718;68,6520,0.862179;73,7868,0.934615
72,44535;200,30632,0.996154;49,4952,0.914744;68,7976,0.982051;66,6476,0.888462;68,7374,0.939103
70,42398;182,29452,0.995513;45,4452,0.884615;67,7298,0.971154;59,5816,0.89359;61,6756,0.937179
75,45665;188,30244,0.992949;53,5348,0.902564;71,8554,0.978205;69,6796,0.875641;71,7897,0.917949
75,45170;193,31190,0.996795;52,5299,0.916026;72,8773,0.973718;71,6964,0.883974;69,7481,0.897436
75,45318;188,30315,0.992949;49,5044,0.884615;67,8290,0.964744;68,6646,0.903205;69,7643,0.899359
76,45841;186,29708,0.969231;57,5412,0.908974;71,8123,0.964103;65,6541,0.905769;70,7661,0.915385
68,44323;188,30275,0.992949;52,5218,0.911538;68,8534,0.985897;65,6423,0.873077;68,7512,0.902564
66,43690;188,30347,0.996154;51,4966,0.891667;67,8130,0.962179;67,6554,0.873077;66,7264,0.922436
70,45816;186,29941,0.992308;52,5250,0.915385;73,8498,0.962821;71,6941,0.898077;73,7939,0.896795
71,44711;191,30638,0.996154;53,5502,0.924359;71,8481,0.964103;62,6116,0.816026;66,7233,0.903846
71,45761;182,29828,0.991667;53,5173,0.924359;65,7797,0.955128;68,6681,0.888462;71,7746,0.928846
72,46363;184,30133,0.992308;59,5471,0.915385;72,8829,0.95641;71,7046,0.919231;74,8140,0.925
68,43594;190,30696,0.986538;48,4863,0.925641;62,7367,0.954487;59,5827,0.913462;63,6964,0.921154
72,44623;192,31188,0.994872;55,5271,0.935256;68,8173,0.935897;65,6398,0.905769;69,7533,0.938462
71,46707;184,29924,0.992949;51,5409,0.928846;75,8970,0.966667;67,6640,0.910897;69,7631,0.934615
68,44374;187,30067,0.989103;49,4924,0.905769;71,8054,0.978205;64,6319,0.908333;66,7309,0.928846
68,44168;187,30488,0.992308;52,4795,0.916667;65,7862,0.967308;64,6325,0.923077;64,7166,0.934615
68,44365;191,30875,0.991026;51,5139,0.915385;73,8244,0.953205;61,5996,0.88141;66,7227,0.911538
76,46043;185,30120,0.987821;51,5300,0.901282;71,8744,0.960256;69,6745,0.912179;72,7845,0.920513
73,44534;186,30064,0.992949;52,5120,0.920513;68,8001,0.963462;69,6692,0.905128;66,7257,0.919231
72,45242;182,30062,0.989103;48,4824,0.897436;70,8090,0.965385;65,6450,0.917308;67,7443,0.917949
75,45013;193,31237,0.987179;50,5040,0.889103;78,8595,0.96859;69,6757,0.905769;70,7805,0.910897
66,43513;185,30029,0.998718;59,5091,0.916026;62,7422,0.964103;62,6142,0.908333;65,7121,0.919231
80,43800;185,29679,0.984615;51,4796,0.912179;68,8071,0.973077;63,6178,0.907692;63,6936,0.937821
71,45626;186,30203,0.994872;53,5252,0.920513;69,8429,0.977564;70,6959,0.907051;69,7621,0.929487
69,43808;189,30568,0.998718;48,4977,0.921795;62,7487,0.962821;63,6195,0.899359;64,7179,0.916667
71,45401;186,30113,0.996795;52,5283,0.928205;70,8386,0.958974;71,6944,0.913462;72,7956,0.917949
70,45849;190,30617,1;56,5386,0.898718;72,8518,0.967308;71,7001,0.932051;71,7744,0.928205
77,45131;184,29859,0.991026;53,5322,0.916667;71,8441,0.973077;67,6690,0.905128;70,7729,0.920513
78,45310;186,30132,0.994872;59,5367,0.896795;73,8557,0.982692;67,6722,0.914744;73,8060,0.938462
78,45640;187,30216,0.994872;54,5455,0.917308;72,8578,0.971795;68,6809,0.889103;69,7648,0.926923
78,45396;186,29905,0.996154;50,5188,0.897436;68,8321,0.951282;70,6948,0.913462;66,7352,0.919231
77,45381;189,30200,0.995513;55,5409,0.933333;70,8446,0.971795;66,6554,0.905128;67,7432,0.927564
78,45690;186,29965,0.985897;49,5069,0.932692;66,8233,0.957051;68,6626,0.9;67,7443,0.915385
72,45463;188,30426,0.995513;50,5169,0.928205;69,8050,0.959615;68,6691,0.895513;70,7719,0.926923
72,45789;184,30043,0.988462;50,4977,0.905769;68,8279,0.971154;63,6225,0.869872;62,6828,0.896795
68,43233;185,30182,0.989744;51,4614,0.889103;64,7332,0.967949;61,6016,0.878846;63,6895,0.903846
71,44689;181,30054,0.992949;49,5128,0.930769;63,7520,0.939744;64,6272,0.878846;66,7235,0.916026
69,43514;226,30150,0.998718;46,4712,0.930128;64,7334,0.952564;56,5592,0.857051;61,6629,0.925
70,44680;215,30144,0.973718;47,4857,0.927564;66,8025,0.948718;65,6480,0.896154;64,7081,0.917308
70,44212;182,29659,0.997436;52,4799,0.871795;64,7516,0.934615;60,5957,0.865385;64,7137,0.916667
72,45643;184,29733,0.996154;46,4799,0.897436;69,7984,0.948718;64,6396,0.903846;68,7407,0.919231
73,45738;178,28711,0.997436;49,4964,0.905769;72,8138,0.961538;62,6260,0.892308;66,7292,0.903846
71,44421;185,29844,0.995513;50,4862,0.897436;67,8221,0.966026;65,6411,0.896795;67,7303,0.903205
72,45009;185,29951,0.992949;48,4585,0.860256;67,7826,0.970513;61,5957,0.896795;65,7122,0.916026
72,44919;182,29575,0.998718;53,5359,0.90641;66,7903,0.958974;63,6236,0.897436;63,7030,0.912179
73,45376;187,30166,0.992308;49,5029,0.935256;70,8197,0.977564;65,6488,0.880128;71,7930,0.923077
70,43378;188,30318,0.989744;52,4964,0.938462;59,7042,0.979487;62,6169,0.883333;64,7181,0.915385
74,45521;188,30332,0.994872;50,5036,0.916667;64,7885,0.973718;64,6426,0.890385;68,7566,0.915385
76,46076;183,29778,0.997436;54,5377,0.934615;69,8709,0.98141;67,6670,0.902564;66,7357,0.919872
74,44363;190,31213,0.994872;56,5371,0.935897;69,8140,0.967949;64,6342,0.873077;69,7590,0.921795
76,44965;186,29948,0.992949;52,5179,0.938462;68,8281,0.962821;68,6552,0.871154;72,7919,0.917949
69,43430;190,30488,0.995513;51,5346,0.903205;75,8742,0.979487;68,6576,0.876923;75,8193,0.926923
74,44529;188,30639,0.992308;48,4902,0.921154;67,7944,0.98141;62,6151,0.862179;66,7283,0.928846
72,45466;187,30457,0.996795;53,5357,0.93141;72,8497,0.978846;65,6519,0.885897;67,7423,0.917949
71,44923;190,30741,0.979487;49,5006,0.917308;68,8276,0.977564;67,6625,0.910897;67,7381,0.903205
66,42958;189,30600,0.990385;50,5285,0.912179;67,8185,0.969231;63,6284,0.908974;65,7254,0.917949
69,45234;189,30577,0.98141;54,5303,0.928846;70,8319,0.972436;66,6496,0.899359;70,7722,0.914744
74,45210;185,29908,0.994872;53,5170,0.930128;69,8427,0.969231;65,6571,0.895513;69,7604,0.904487
74,44996;188,30828,0.997436;52,4829,0.917949;64,7801,0.975;60,5953,0.882051;66,7302,0.920513
75,45096;187,30457,0.991667;47,4924,0.909615;69,8068,0.970513;64,6389,0.903205;65,7209,0.924359
77,46342;184,29995,0.996795;52,5212,0.909615;76,8891,0.982051;69,6793,0.876923;74,8092,0.904487
75,45094;186,30362,0.996154;53,5536,0.930769;69,8082,0.987179;66,6494,0.879487;69,7591,0.914744
74,44683;189,30239,0.991026;47,4937,0.913462;66,7744,0.966026;63,6302,0.870513;67,7422,0.924359
75,44759;187,30399,0.994231;51,4978,0.919872;69,8144,0.964744;66,6552,0.901923;66,7240,0.921795
75,45486;191,30683,0.987179;55,5295,0.924359;75,8709,0.975;65,6467,0.890385;67,7287,0.894231
77,46349;188,30115,0.995513;56,5410,0.929487;71,8662,0.972436;72,7140,0.898718;73,8022,0.896795
75,45471;186,30043,0.989744;51,5177,0.919872;70,8236,0.969231;65,6354,0.890385;67,7318,0.903846
76,46428;185,30204,0.996795;53,5356,0.930128;71,8770,0.958333;69,6767,0.885897;71,7880,0.929487
75,46228;187,30599,0.992308;51,5144,0.930769;71,8584,0.967949;69,6768,0.914103;68,7569,0.935897
75,45988;191,30971,0.994872;52,5378,0.920513;72,8972,0.980128;70,6902,0.922436;71,7882,0.936538
75,45309;185,29880,0.995513;53,5301,0.912821;68,8245,0.970513;65,6388,0.884615;68,7466,0.926282
76,45622;184,30101,0.994872;53,5341,0.914103;72,8799,0.971154;65,6517,0.865385;70,7730,0.902564
74,44524;192,31266,0.983333;54,5403,0.904487;66,8142,0.946795;70,6899,0.891667;73,8105,0.913462
75,45178;188,30780,0.987179;51,5178,0.921154;71,8867,0.969872;66,6594,0.860256;75,8381,0.922436
72,43297;189,30912,0.988462;47,4829,0.891667;65,7907,0.954487;64,6304,0.895513;66,7257,0.913462
76,45811;187,30956,0.991026;57,5784,0.91859;72,8618,0.973077;69,6702,0.90641;74,8186,0.921795
75,45692;211,30695,0.985897;54,5603,0.925641;71,8529,0.967949;68,6589,0.910897;75,8242,0.919231
75,45705;228,30731,0.995513;52,5295,0.908974;71,8706,0.960256;74,7202,0.907051;75,8230,0.91859
74,44337;190,30793,0.994872;51,4843,0.911538;70,8193,0.973077;61,5973,0.891026;67,7444,0.927564
76,45961;188,30470,0.989744;51,5082,0.90641;66,8156,0.978846;65,6460,0.908974;65,7253,0.929487
75,44780;187,30272,0.985256;56,5104,0.909615;70,8454,0.971795;66,6459,0.901923;67,7434,0.919231
74,43973;188,30282,0.991667;51,5193,0.913462;68,8243,0.978846;66,6442,0.88141;64,6979,0.907051
75,44773;188,30538,0.985897;52,5274,0.925;69,8387,0.976282;68,6663,0.855769;69,7585,0.887179
76,45471;184,29795,0.996795;50,5066,0.928205;72,8404,0.974359;70,6873,0.851282;72,7861,0.902564
74,43946;189,30510,0.991026;46,4556,0.907692;66,7756,0.966026;66,6466,0.883333;66,7228,0.929487
75,44838;186,30288,0.990385;51,5165,0.933974;64,7538,0.926923;68,6687,0.915385;67,7382,0.928846
69,43125;191,31139,0.992949;49,4918,0.907692;69,8302,0.95641;64,6338,0.905769;66,7207,0.905128
73,45376;191,30991,0.987179;56,5076,0.939744;69,8237,0.977564;64,6485,0.909615;68,7565,0.908974
68,44470;191,31435,0.987821;49,5113,0.910256;71,8173,0.963462;69,6825,0.890385;70,7791,0.91859
68,44348;188,30424,0.990385;50,5024,0.905769;65,7758,0.961538;64,6344,0.911538;65,7260,0.914103
67,43315;185,30275,0.997436;50,4806,0.928846;62,7557,0.969872;62,6074,0.867949;64,7124,0.898718
70,45381;186,29893,0.99359;50,5006,0.914744;71,8076,0.961538;69,6813,0.914103;69,7538,0.923718
72,45453;189,30684,0.998718;52,5230,0.930769;70,8400,0.983974;67,6663,0.909615;71,7838,0.921154
70,44864;186,30201,0.99359;54,5143,0.909615;66,7977,0.971154;63,6221,0.891026;67,7306,0.923718
70,44871;188,30060,0.987179;48,4864,0.901282;64,7896,0.962179;64,6350,0.885256;65,7174,0.923077
73,45747;188,30335,0.998077;52,5252,0.928205;68,8121,0.951282;65,6479,0.873077;64,7069,0.916026
70,44097;187,30227,0.998077;51,5244,0.912179;70,8223,0.974359;70,6770,0.907692;68,7452,0.912179
70,45571;183,30016,0.996795;52,5432,0.917949;67,8129,0.965385;65,6475,0.887179;68,7458,0.924359
69,45004;182,29532,0.991026;46,4672,0.905128;65,7825,0.970513;66,6546,0.9;69,7617,0.916667
73,45340;189,30333,0.992949;51,5120,0.923718;65,7671,0.955769;65,6523,0.901282;72,7901,0.919872
84,45779;191,30738,0.997436;54,5524,0.923718;74,9242,0.958333;72,7060,0.887821;74,8154,0.925
71,45816;192,31089,0.992308;53,5275,0.916026;71,8739,0.965385;70,6895,0.869872;67,7520,0.928205
72,45696;191,30941,0.987821;52,5146,0.910897;69,8387,0.967949;74,7226,0.902564;73,8039,0.902564
71,45247;189,30564,0.973077;54,5176,0.927564;67,7971,0.953205;66,6560,0.905769;65,7182,0.888462
70,44679;191,30905,0.987179;52,5470,0.919231;72,8740,0.958333;67,6644,0.911538;69,7686,0.914744
73,45186;188,30525,0.995513;52,5311,0.930769;70,8588,0.967949;68,6687,0.892308;69,7639,0.902564
73,45389;194,30745,0.996795;55,5486,0.914744;70,8764,0.964103;72,7084,0.891667;72,7880,0.901923
76,45457;190,30885,0.987179;53,5441,0.921795;69,8365,0.973718;67,6603,0.873077;70,7699,0.89359
76,45018;192,31096,0.986538;55,5641,0.919231;67,8185,0.980769;69,6740,0.882692;70,7704,0.899359
85,44782;191,30567,0.989103;56,5654,0.925;73,8373,0.973718;67,6673,0.878846;69,7568,0.920513
70,44259;189,30525,0.994872;51,5103,0.944231;67,7906,0.971154;68,6493,0.882051;69,7542,0.921154
68,44530;191,30814,0.99359;50,5127,0.932051;67,7981,0.958333;65,6355,0.883974;70,7629,0.919872
67,43901;191,30209,0.991667;55,5095,0.910897;66,8018,0.971154;64,6252,0.873718;70,7742,0.923077
70,45880;184,29945,0.996795;55,5494,0.921795;69,8478,0.967308;73,7160,0.898718;73,7879,0.930128
78,46071;183,30176,0.997436;54,5320,0.926923;70,8467,0.942949;70,6757,0.897436;72,7900,0.914103
73,44059;211,30313,0.982051;53,5207,0.924359;68,8074,0.965385;67,6485,0.891667;70,7653,0.919872
72,44888;231,30946,0.99359;50,5079,0.927564;66,7930,0.96859;69,6733,0.904487;72,7790,0.925
74,45783;191,30915,0.996154;54,5436,0.925;73,8690,0.965385;75,7083,0.901282;74,8043,0.901923
75,45242;186,30456,0.994872;49,5009,0.900641;73,8700,0.972436;70,6823,0.901282;69,7649,0.899359
76,45481;189,30555,0.992949;56,5609,0.903205;72,8591,0.960256;73,7084,0.875;75,8238,0.910897
74,46247;189,30567,0.99359;50,5104,0.899359;73,8604,0.960256;67,6711,0.903205;72,8035,0.899359
68,44419;188,30194,0.991667;48,4893,0.899359;66,7848,0.96859;64,6293,0.883974;66,7129,0.878846
69,45277;189,30550,0.991026;50,5126,0.885256;73,8912,0.986538;68,6827,0.904487;72,8014,0.908974
68,44126;190,30649,0.996154;52,5446,0.910897;69,8615,0.969872;67,6513,0.896154;67,7374,0.900641
68,44601;191,31030,0.992949;52,5298,0.922436;67,8239,0.975;63,6263,0.9;67,7368,0.914103
70,45627;183,29751,0.992308;54,5489,0.919231;71,8690,0.967949;65,6424,0.921154;68,7406,0.915385
69,45012;189,30486,0.987179;48,4885,0.913462;71,8213,0.964103;65,6424,0.904487;65,7066,0.885897
72,45674;187,30611,0.997436;50,5198,0.890385;69,8296,0.969231;68,6635,0.900641;67,7261,0.876282
76,44111;184,29949,0.995513;53,5534,0.926282;70,8449,0.976923;65,6361,0.907692;67,7371,0.901923
68,44664;184,29489,0.992308;48,4952,0.903846;68,8072,0.978846;63,6172,0.898077;65,7114,0.927564
69,44586;189,30114,0.991667;55,5197,0.919872;68,7906,0.98141;60,5986,0.916026;63,6826,0.919231
68,44891;191,30559,0.985256;51,5122,0.899359;65,7615,0.960897;63,6183,0.896154;66,7211,0.908333
70,46154;191,30451,0.985897;56,5351,0.932692;66,7957,0.948718;66,6525,0.897436;68,7372,0.923718
71,46046;187,30258,0.990385;57,5570,0.923718;78,9271,0.960256;73,7066,0.896154;74,8064,0.916026
70,45838;187,30460,0.99359;53,5511,0.942308;72,8650,0.972436;73,7131,0.882692;72,7902,0.919872
70,45986;192,31008,0.998718;62,5535,0.945513;72,8915,0.979487;73,7134,0.885897;71,7795,0.916667
71,45255;188,30666,0.975641;51,5174,0.912821;73,8501,0.974359;68,6673,0.903846;73,7891,0.925641
77,46104;187,30219,0.994231;55,5325,0.937821;67,8049,0.971154;70,6845,0.91859;68,7459,0.911538
74,45697;191,30760,0.994231;52,5296,0.921795;70,8332,0.955769;67,6668,0.905128;69,7562,0.912179
74,44164;198,30555,0.991667;50,5020,0.921154;65,7818,0.947436;63,6105,0.883333;64,6935,0.904487
76,45340;184,29539,0.980769;51,4989,0.883333;69,8218,0.980769;63,6215,0.882692;70,7756,0.917308
70,44382;192,31082,0.991026;50,5000,0.921154;67,7886,0.976282;63,6244,0.885256;65,7116,0.924359
71,45093;184,29925,0.997436;53,5146,0.917949;67,8174,0.96859;67,6540,0.915385;69,7474,0.917949
71,45045;220,30209,0.997436;59,5759,0.933974;74,8874,0.969872;69,6723,0.885897;70,7734,0.892308
69,43619;189,30899,0.996154;53,4993,0.915385;78,8449,0.980769;67,6607,0.891026;70,7691,0.935897
69,45247;190,31090,0.996795;52,5493,0.919231;74,8951,0.974359;70,6840,0.907692;71,7795,0.932051
66,43134;184,30006,0.99359;51,5022,0.941026;66,7907,0.975;61,5987,0.896154;66,7208,0.923718
79,45916;188,30476,0.995513;52,5490,0.908333;76,9099,0.977564;75,7398,0.907692;76,8463,0.920513
70,45663;187,30321,0.998077;51,5414,0.932692;72,8605,0.959615;71,6893,0.922436;72,7934,0.933333
68,44599;189,30529,0.987821;51,5333,0.916026;68,8004,0.967308;68,6669,0.905128;68,7526,0.917949
70,45110;185,29870,0.997436;54,5234,0.914744;67,8263,0.975;72,7002,0.927564;72,7976,0.930128
72,46036;187,30159,0.991667;54,5547,0.926282;71,8474,0.977564;68,6736,0.910256;73,8058,0.923077
70,45163;187,30865,0.999359;50,5159,0.937821;64,7713,0.978846;66,6457,0.90641;65,7052,0.888462
72,45635;187,30481,0.996795;50,5041,0.921154;68,7872,0.962821;66,6596,0.925;67,7502,0.922436
72,45150;211,30268,0.983974;51,5084,0.89359;70,8489,0.982692;66,6500,0.896154;67,7391,0.929487
70,45343;227,30208,0.989744;52,5374,0.928205;70,8388,0.976282;67,6727,0.924359;69,7595,0.930128
70,45823;193,31035,0.996154;55,5479,0.93141;76,9049,0.973077;75,7312,0.930769;71,7761,0.941026
79,44161;186,30247,0.988462;50,4954,0.878846;73,8390,0.975;62,6107,0.878846;66,7210,0.917949
68,44356;193,31108,0.991667;49,5068,0.891667;68,8301,0.969231;67,6427,0.880769;71,7808,0.934615
68,44683;186,29577,0.984615;51,5163,0.889103;69,8151,0.977564;62,6133,0.876282;68,7499,0.926282
72,44927;183,29619,0.991667;50,5020,0.882692;68,8223,0.982692;66,6422,0.90641;68,7466,0.927564
72,44694;187,30121,0.990385;55,5096,0.915385;65,7752,0.946795;62,6145,0.891026;64,7122,0.890385
71,44482;183,29758,0.996154;51,4985,0.95;62,7343,0.961538;61,6017,0.925;61,6753,0.927564
72,44425;190,30523,0.987821;51,4949,0.913462;69,8128,0.966667;66,6486,0.899359;63,6978,0.926923
70,44844;189,30502,0.996795;56,5378,0.941667;68,8479,0.962179;66,6496,0.913462;68,7646,0.933333
71,44557;186,30381,0.990385;51,5247,0.919231;71,8713,0.970513;66,6583,0.919231;70,7807,0.930769
75,45382;186,30318,0.982692;55,5441,0.9;73,8905,0.980769;71,6828,0.897436;72,7929,0.933333
70,45599;187,30438,0.992949;57,5761,0.93141;71,8894,0.980128;71,7002,0.912821;71,7897,0.928846
70,45524;189,30570,0.994872;49,5087,0.937821;64,7667,0.971795;66,6467,0.910897;69,7707,0.925
69,44932;192,31053,0.99359;51,5086,0.913462;67,7910,0.962179;66,6466,0.896154;67,7396,0.907051
68,45023;189,30654,0.992949;54,5446,0.934615;68,8323,0.96859;67,6629,0.916667;66,7456,0.892949
70,46229;188,30208,0.995513;54,5349,0.920513;70,8463,0.960897;66,6476,0.892949;70,7751,0.933974
70,46181;193,31187,0.989744;54,5610,0.907051;74,9206,0.962179;74,7309,0.902564;73,8033,0.930769
72,43775;190,30719,0.987179;44,4523,0.923077;62,7470,0.966667;62,6064,0.898077;68,7553,0.930769
74,44591;193,31277,0.983974;51,5025,0.900641;70,8566,0.979487;69,6705,0.91859;69,7662,0.923718
73,44084;189,30524,0.996154;51,5122,0.933974;67,8203,0.987179;64,6388,0.910256;66,7278,0.926923
72,43589;186,30448,0.990385;51,4809,0.909615;62,7319,0.960897;59,5895,0.876923;60,6616,0.905128
75,45555;193,31327,0.984615;49,5355,0.935897;70,8535,0.966026;66,6629,0.850641;71,7877,0.921154
75,44880;188,30719,0.998077;52,5369,0.908333;74,8625,0.976923;73,7030,0.896795;70,7704,0.937821
74,44446;189,30973,0.98141;52,5224,0.924359;68,8165,0.973718;69,6749,0.901282;69,7512,0.916667
77,46000;191,31066,0.987821;53,5532,0.924359;70,8297,0.953205;73,7121,0.917308;71,7863,0.913462
73,43894;190,30828,0.994872;48,4939,0.933333;67,7930,0.971154;65,6412,0.905128;68,7401,0.921154
74,44684;192,31050,0.994231;50,5154,0.927564;67,7860,0.967949;65,6405,0.902564;67,7343,0.916667
76,45745;186,30266,0.991667;51,5377,0.939744;72,8784,0.980769;70,6861,0.901282;73,8058,0.927564
73,44268;186,30262,0.992949;51,4833,0.908974;66,7894,0.958333;63,6282,0.894231;67,7441,0.923077
73,44057;188,30660,0.994231;48,4782,0.910256;69,7654,0.976923;63,6221,0.912821;64,7073,0.930769
71,45251;185,29984,0.994231;52,5366,0.925641;74,8696,0.978846;68,6750,0.923077;73,7998,0.93141
76,43449;184,30000,0.990385;49,4972,0.902564;67,8245,0.966026;63,6165,0.911538;68,7484,0.926282
66,43635;189,30597,0.992308;51,5028,0.930769;68,7881,0.967308;64,6202,0.899359;65,7175,0.937179
68,44247;187,30080,0.994872;55,5469,0.936538;69,8235,0.975;66,6419,0.863462;70,7535,0.926282
77,44943;184,29985,0.99359;50,5034,0.922436;69,7937,0.962821;67,6513,0.904487;68,7448,0.925
79,46421;188,30701,0.996795;59,5619,0.917308;73,8718,0.928846;72,7112,0.884615;74,8047,0.912821
75,44342;186,30598,0.994231;50,4919,0.91859;71,8540,0.960897;67,6459,0.926282;69,7522,0.932051
76,45607;192,29916,0.974359;49,4911,0.937179;71,8343,0.969872;68,6744,0.910897;70,7515,0.930769
70,42378;236,31303,0.991667;43,4416,0.882692;62,7472,0.960256;56,5508,0.905128;60,6610,0.933333
65,45642;205,30633,0.994231;54,5303,0.922436;70,8257,0.964744;65,6397,0.898077;69,7528,0.925641
73,43607;186,30397,0.990385;47,4683,0.909615;66,7878,0.975;60,6012,0.900641;63,6903,0.920513
76,45101;187,29850,0.996154;48,4812,0.891667;66,7570,0.957692;63,6275,0.891026;64,7092,0.923077
76,45823;190,30638,0.994231;55,5569,0.923718;73,8788,0.971154;71,7021,0.898718;74,8227,0.910897
77,45558;189,30625,0.992949;52,5298,0.917949;70,8336,0.955128;67,6609,0.872436;65,7147,0.901282
74,43921;186,30313,0.992308;51,5289,0.932692;73,8842,0.977564;68,6628,0.866667;68,7477,0.907692
77,45702;189,30493,0.989103;48,4875,0.890385;74,8730,0.978205;66,6460,0.876923;70,7546,0.908974
77,45684;189,30238,0.995513;51,5330,0.917308;72,8788,0.984615;66,6506,0.908333;69,7528,0.916026
74,44604;185,30153,0.988462;52,5234,0.920513;67,8248,0.974359;67,6525,0.922436;65,7081,0.887821
75,45091;195,31134,0.987821;50,4931,0.905128;67,7999,0.957051;65,6468,0.912179;70,7722,0.91859
76,45198;186,30308,0.991026;50,5113,0.925641;70,8290,0.958333;66,6372,0.848718;69,7323,0.896795
76,45496;184,29423,0.996795;55,5284,0.921154;70,8386,0.963462;69,6754,0.875641;70,7682,0.919872
73,44182;189,30411,0.989744;49,4816,0.914103;69,8026,0.944872;65,6427,0.898077;65,7157,0.936538
79,44295;192,30709,0.996795;49,4791,0.874359;69,8211,0.95641;63,6093,0.910897;66,7237,0.923077
73,46450;195,30710,0.994872;64,5661,0.926923;76,9180,0.980769;72,7076,0.917949;73,7999,0.93141
72,45396;188,30162,0.996795;51,5093,0.921154;73,8675,0.96859;71,6905,0.880128;73,7866,0.911538
69,43209;191,31017,0.991667;51,5055,0.909615;66,7981,0.975641;60,5957,0.884615;60,6620,0.93141
70,44382;186,30305,0.989103;50,5212,0.933974;69,7850,0.967308;61,6075,0.816667;66,7228,0.917949
74,44259;188,30252,0.987821;49,5192,0.926282;64,7914,0.971795;69,6774,0.889103;69,7555,0.921795
76,45676;186,29855,0.998077;53,5247,0.914744;72,8509,0.971795;70,6917,0.928846;68,7428,0.910897
76,46080;188,30704,0.994231;50,5248,0.926923;70,8472,0.987179;69,6701,0.896154;71,7865,0.897436
74,44157;185,29752,0.996154;55,5209,0.912179;69,8326,0.971795;70,6808,0.9;71,7787,0.907692
76,45602;191,30893,0.995513;51,5304,0.915385;72,8857,0.970513;74,7122,0.907051;74,8069,0.916667
77,46528;187,30505,0.995513;53,5367,0.889744;73,8937,0.96859;71,7040,0.932051;74,8149,0.922436
73,44062;189,30531,0.988462;46,4815,0.889103;66,7944,0.988462;63,6192,0.930769;66,7228,0.934615
74,44352;191,31080,0.985256;51,5263,0.916026;69,8305,0.984615;64,6426,0.884615;70,7739,0.919872
76,45242;193,31116,0.995513;52,5405,0.921154;67,8349,0.967308;67,6577,0.882692;69,7676,0.903205
74,44061;188,30866,0.99359;48,4939,0.901282;67,8119,0.973077;63,6185,0.864744;64,7100,0.901282
75,44878;186,30555,0.99359;52,5341,0.937179;68,7965,0.976282;65,6492,0.880769;70,7687,0.930769
74,44092;186,30356,0.991026;53,5382,0.933974;70,8644,0.979487;67,6519,0.895513;66,7329,0.934615
73,43862;189,30689,0.986538;46,4554,0.922436;62,7344,0.986538;59,5868,0.914103;61,6825,0.933333
74,44079;187,30132,0.983974;51,5151,0.905769;66,8028,0.983333;66,6485,0.912179;67,7389,0.935256
70,46148;187,30433,0.996154;54,5157,0.930769;65,7832,0.982692;66,6632,0.90641;68,7460,0.932051
68,44989;189,30634,0.987821;51,4691,0.915385;68,7883,0.984615;64,6455,0.889744;60,6909,0.904487
72,43323;185,30198,0.996795;46,4672,0.869231;60,7550,0.963462;61,6228,0.891026;61,6955,0.886538
75,45072;186,30026,0.987821;49,5028,0.921154;67,8184,0.957692;65,6657,0.884615;68,7786,0.910897
75,44924;182,29974,0.990385;47,4756,0.899359;67,8050,0.964103;66,6647,0.885256;61,6866,0.894872
75,44874;179,29728,0.987179;48,5014,0.878205;68,8204,0.958333;65,6520,0.898718;62,7036,0.901923
68,44764;231,30570,0.998077;46,4879,0.895513;67,8082,0.980128;62,6481,0.901282;61,6971,0.908974
69,44869;215,29962,0.995513;52,5163,0.917949;63,7938,0.980769;63,6305,0.90641;64,7206,0.914744
70,44254;190,31153,0.988462;48,4909,0.894872;63,7833,0.964744;62,6322,0.900641;63,7145,0.902564
71,45399;194,31160,0.998077;51,5197,0.875;66,8219,0.964744;66,6698,0.892308;68,7786,0.907692
72,43579;193,31327,0.996795;51,4895,0.866026;62,7783,0.973718;62,6255,0.860256;65,7462,0.908974
74,44275;188,30053,0.989744;45,4768,0.853846;64,7856,0.969231;61,6222,0.853846;63,7222,0.894231
77,45821;182,29457,0.983333;52,5471,0.924359;67,8439,0.972436;66,6732,0.894872;72,8186,0.925
73,44946;187,30112,0.991026;52,5436,0.925641;68,8359,0.979487;65,6651,0.907692;65,7357,0.935256
77,46572;188,30359,0.996154;49,5301,0.928846;73,9125,0.975641;68,7029,0.883974;75,8531,0.933333
74,44953;187,30280,0.994231;55,5420,0.928205;68,8456,0.974359;68,6866,0.889744;66,7599,0.923718
75,45087;193,30878,0.994872;48,5100,0.924359;67,8303,0.972436;65,6601,0.885256;67,7748,0.921154
73,43332;187,30509,0.995513;49,5103,0.932692;62,8037,0.969231;63,6332,0.902564;63,7069,0.91859
78,45734;186,30113,0.987179;55,5441,0.939744;65,8515,0.975;69,6992,0.903846;68,7782,0.916026
75,45210;197,31690,0.99359;49,4978,0.929487;62,7889,0.982692;65,6709,0.921154;69,7815,0.934615
77,45188;188,30539,0.994872;52,5593,0.935256;72,8681,0.971795;68,6990,0.882051;72,8073,0.933974
76,45303;186,30455,0.985897;52,5002,0.914744;62,8027,0.986538;63,6519,0.914744;65,7423,0.923718
74,44448;190,30927,0.995513;49,5305,0.921154;65,8292,0.979487;64,6664,0.908333;65,7363,0.912179
75,45105;188,30341,0.987179;54,5449,0.942308;71,8739,0.975641;66,6711,0.902564;69,7834,0.922436
74,44353;192,31044,0.987179;49,5142,0.920513;67,8465,0.973077;64,6613,0.887821;79,7116,0.919872
76,45646;187,30181,0.982692;64,5329,0.916667;96,8736,0.973718;81,6512,0.883974;88,7859,0.913462
74,46411;188,30797,0.982692;66,5484,0.902564;89,8905,0.966026;90,7147,0.901923;92,8173,0.929487
76,45557;185,30247,0.991667;64,5367,0.932051;86,8346,0.963462;84,6648,0.894872;85,7643,0.933333
75,44329;190,30777,0.991026;63,5128,0.913462;84,8106,0.954487;80,6339,0.896154;81,7157,0.901282
69,43409;184,30045,0.992308;49,5079,0.917949;61,8096,0.966667;58,6058,0.9;58,6912,0.904487
72,44426;194,31290,0.996795;45,4837,0.901282;61,7794,0.967308;62,6605,0.902564;64,7517,0.91859
76,45007;189,30661,0.988462;49,5498,0.923077;68,8606,0.980128;64,6689,0.920513;63,7295,0.901282
72,45453;184,29892,0.992308;47,5120,0.916667;64,8208,0.960256;64,6644,0.895513;64,7611,0.898077
69,43255;183,29971,0.994872;49,5151,0.916026;60,7681,0.967308;59,6067,0.892949;56,6603,0.899359
73,45776;189,30638,0.997436;51,5339,0.901282;67,8569,0.962179;65,6815,0.890385;71,8188,0.915385
72,45526;187,30357,0.983974;51,5285,0.909615;68,8593,0.975641;60,6353,0.873718;65,7672,0.921795
73,44610;188,30684,0.989103;48,5138,0.923077;61,8029,0.971795;58,6180,0.872436;60,6990,0.884615
71,43524;186,29848,0.986538;46,4917,0.942308;59,7874,0.98141;59,6076,0.885256;63,7334,0.882692
73,44612;183,29290,0.985256;48,4944,0.916667;71,8374,0.982051;61,6268,0.882051;62,7215,0.916026
72,44354;193,30601,0.998077;47,5117,0.895513;61,7734,0.942949;61,6360,0.885256;59,6917,0.911538
68,41744;187,30121,0.997436;42,4647,0.915385;59,7034,0.955769;54,5607,0.889103;54,6467,0.908974
73,45330;187,30213,0.996795;48,4998,0.907051;65,8360,0.953846;61,6550,0.905128;62,7411,0.923077
76,45008;188,30479,0.994872;48,5146,0.891026;66,8534,0.972436;65,6830,0.903205;64,7570,0.909615
76,45184;190,30787,0.996154;47,5306,0.887821;64,8376,0.953846;61,6655,0.896154;61,7219,0.882692
70,45427;189,31044,0.994231;50,5354,0.923718;67,8705,0.980128;61,6677,0.907692;66,7667,0.923718
69,45111;229,31057,0.989744;48,5327,0.939103;68,8731,0.989744;63,6570,0.936538;64,7432,0.932051
68,44166;223,30408,0.998077;50,5339,0.922436;65,8321,0.980769;61,6222,0.93141;61,7335,0.938462
73,45588;190,31395,0.99359;50,5250,0.907051;66,8608,0.958974;65,6828,0.91859;67,7888,0.930128
70,44540;190,30731,0.997436;50,5314,0.917308;67,8760,0.96859;64,6561,0.9;66,7664,0.924359
73,46045;193,30645,0.990385;53,5556,0.903205;71,8936,0.926282;70,7322,0.907692;70,8148,0.916026
74,46324;191,31207,0.992308;50,5223,0.905769;68,8775,0.96859;65,6789,0.898077;63,7411,0.910256
71,44435;190,30286,0.995513;46,5128,0.935897;65,8169,0.952564;64,6589,0.888462;64,7429,0.915385
68,43700;186,30085,0.988462;44,4940,0.917308;63,7772,0.939744;59,6064,0.89359;56,6718,0.908974
70,45160;189,30870,0.990385;51,5126,0.919231;64,8494,0.962179;60,6302,0.898077;64,7617,0.930128
67,43624;189,30253,0.998077;46,4810,0.910897;69,7797,0.960256;60,6300,0.907692;60,7017,0.907692
67,43713;185,29564,0.991026;49,5210,0.903205;63,8058,0.964103;64,6681,0.902564;63,7290,0.9
69,44521;185,30170,0.985897;49,4874,0.911538;65,7922,0.975641;60,6369,0.898718;63,7455,0.915385
69,45001;188,30252,0.994872;48,5059,0.919872;56,7529,0.962821;65,6688,0.895513;62,7575,0.914744
69,44697;190,30618,0.995513;45,5007,0.925641;64,8228,0.965385;57,5979,0.891026;64,7424,0.926923
72,45641;183,29734,0.996795;49,4981,0.914103;67,8295,0.966667;60,6367,0.904487;59,7452,0.904487
73,46607;185,29991,0.991667;49,5466,0.921795;69,8878,0.969872;71,7233,0.905769;72,8233,0.90641
69,43264;192,31070,0.994231;46,4717,0.89359;72,7869,0.927564;61,6223,0.905769;58,7082,0.916667
72,45246;187,30114,0.996154;47,5310,0.91859;67,8289,0.967308;66,6975,0.919872;66,7523,0.91859
67,42287;190,30817,0.997436;59,4682,0.932051;82,7297,0.978846;73,5843,0.915385;74,6615,0.921795
68,44452;190,30911,0.998077;64,5142,0.939744;84,8159,0.974359;85,6709,0.912821;86,7742,0.928205
69,44785;190,30879,0.997436;60,4912,0.928846;83,7935,0.974359;79,6294,0.895513;81,7214,0.917949
71,46596;186,30395,0.994231;69,5687,0.946795;92,8938,0.961538;89,6969,0.911538;93,8211,0.912179
77,45064;192,31010,0.995513;64,4873,0.917308;88,8458,0.963462;85,6640,0.912821;88,7750,0.926923
73,44512;190,30945,0.984615;69,5434,0.925;86,8363,0.969231;82,6389,0.919231;82,7314,0.924359
73,45233;191,31085,0.994872;65,5212,0.919231;88,8430,0.975641;85,6643,0.916667;86,7668,0.926282
73,43059;190,31018,0.992949;63,4877,0.902564;85,8063,0.969872;78,6155,0.924359;79,7017,0.9
74,43639;190,30889,0.992308;65,4753,0.889744;91,8129,0.969872;79,6203,0.913462;81,7162,0.920513
76,45049;192,31230,0.998077;58,4539,0.880128;89,8420,0.983974;82,6422,0.901923;86,7565,0.922436
76,44959;189,30959,0.998718;68,5429,0.903205;93,8840,0.96859;91,7106,0.924359;89,7891,0.932051
76,45151;186,30411,0.994872;63,5247,0.916026;88,8127,0.976282;84,6709,0.923077;89,7838,0.933974
73,43199;182,29624,0.994872;58,4541,0.909615;89,7678,0.976282;74,6003,0.939744;76,6871,0.944872
77,46022;189,30850,0.982051;67,5353,0.921154;90,8663,0.978846;85,6820,0.927564;89,7883,0.939103
76,45389;190,31000,0.996795;68,5159,0.926282;85,8142,0.978205;84,6752,0.934615;87,7777,0.936538
81,43051;190,30867,0.997436;64,4859,0.9;85,8283,0.979487;78,6191,0.926923;80,7149,0.937821
74,44336;189,30702,0.985897;64,4625,0.898077;82,7764,0.973718;77,6193,0.925;78,6906,0.93141
70,45667;189,30704,0.983333;67,5139,0.887179;93,8448,0.96859;78,6282,0.911538;84,7444,0.913462
76,45099;188,30615,0.992308;68,5270,0.901923;88,8377,0.967308;81,6461,0.887179;86,7674,0.900641
75,45179;186,30325,0.989744;60,4841,0.891667;84,8320,0.975;77,6198,0.889744;84,7460,0.925641
76,45335;187,30474,0.987821;63,5050,0.887821;84,7787,0.970513;82,6448,0.882051;84,7430,0.929487
72,43034;216,29929,0.99359;62,4785,0.90641;83,7675,0.973718;77,6147,0.902564;75,6714,0.907692
77,45974;230,30658,0.998077;65,5250,0.907051;94,8969,0.975;81,6425,0.895513;89,7891,0.933974
75,45003;185,30652,0.997436;67,4896,0.892308;87,8280,0.969231;75,6186,0.892949;62,7346,0.925641
75,45179;184,29694,0.992949;47,5133,0.912821;64,8305,0.970513;61,6317,0.915385;64,7548,0.938462
75,45090;183,29430,0.989744;46,5050,0.892308;63,8126,0.949359;65,6840,0.916667;62,7345,0.929487
76,45399;186,29875,0.991667;46,5162,0.902564;68,8472,0.960897;62,6423,0.894231;63,7566,0.907051
75,44920;187,30181,0.995513;50,5098,0.901282;65,8293,0.980769;62,6373,0.898077;65,7634,0.919231
77,45937;187,30231,0.999359;49,5347,0.910897;70,8431,0.973077;64,6664,0.884615;65,7737,0.917949
78,46307;186,30073,0.991026;49,5441,0.895513;66,8662,0.974359;64,6636,0.874359;65,7682,0.916026
74,44945;189,30341,0.988462;48,5431,0.925;68,8566,0.985256;66,6802,0.89359;62,7404,0.917308
75,46022;188,30169,0.987821;49,5372,0.928846;68,8422,0.979487;64,6743,0.9;65,7725,0.896154
72,44199;184,30105,0.991026;48,5107,0.932692;67,8274,0.973718;62,6507,0.900641;61,7289,0.916667
71,44065;188,30754,0.994231;47,4979,0.934615;64,8263,0.980128;62,6528,0.911538;60,7147,0.932692
78,46227;189,30657,0.986538;51,5503,0.93141;68,8592,0.982692;64,6817,0.912179;68,8031,0.939744
74,43997;187,29558,0.992949;51,5355,0.920513;68,8235,0.96859;63,6576,0.914103;63,7451,0.922436
76,45321;188,30345,0.989103;47,5119,0.870513;63,8090,0.960256;57,6017,0.872436;61,6911,0.904487
70,42520;186,29958,0.985897;46,4621,0.894231;58,7617,0.962179;55,5712,0.840385;55,6451,0.908974
75,45238;188,30296,0.988462;48,5243,0.9;68,8629,0.973077;64,6733,0.862821;68,8110,0.910256
76,45814;190,30867,0.980128;51,5392,0.861538;66,8459,0.967949;62,6551,0.925641;69,8030,0.925641
74,45872;189,30443,0.988462;52,5369,0.912179;67,8491,0.973077;67,7089,0.904487;65,7841,0.933333
79,46622;188,30482,0.988462;48,5269,0.924359;66,8715,0.964103;67,6953,0.908333;66,7874,0.921154
74,44595;187,30557,0.991026;52,5096,0.909615;61,7862,0.967949;59,6369,0.905769;63,7389,0.923077
70,43887;184,29717,0.994231;50,5022,0.908333;62,7782,0.970513;60,6338,0.901282;64,7425,0.923077
72,44711;190,30738,0.99359;46,4934,0.908974;63,8226,0.960897;63,6706,0.896795;66,7704,0.926923
75,46586;190,30812,0.996154;51,5478,0.904487;64,8678,0.974359;65,6769,0.899359;70,8080,0.921154
74,46247;190,30903,0.989103;50,5565,0.919872;70,9218,0.986538;69,7324,0.909615;69,8157,0.917949
72,45467;190,30848,1;51,5249,0.903846;67,8423,0.982692;61,6413,0.913462;66,7691,0.933974
71,44442;188,30642,0.992308;48,5275,0.926282;60,8237,0.966667;61,6639,0.913462;65,7566,0.925641
72,45188;185,29986,0.997436;49,5264,0.921795;67,8592,0.966667;65,6657,0.910897;66,8008,0.916667
76,44978;187,30387,0.996154;42,4890,0.927564;60,7718,0.971795;61,6245,0.907692;62,7161,0.928846
74,43943;192,30855,0.987179;50,5201,0.930769;64,8143,0.964744;58,6392,0.900641;62,7526,0.93141
76,45405;184,30105,0.990385;51,5254,0.905128;73,8772,0.967949;65,6466,0.901282;71,7729,0.925
77,44784;189,30949,0.996154;51,5253,0.919872;69,8125,0.963462;64,6326,0.892949;67,7420,0.926923
73,44600;188,30834,0.996795;51,4986,0.912179;67,7861,0.973077;66,6580,0.897436;69,7574,0.921154
75,45507;191,30844,0.987821;51,5074,0.902564;68,8189,0.964103;66,6557,0.898077;70,7656,0.916667
76,46332;185,29777,0.986538;50,5202,0.927564;72,8745,0.973077;70,6889,0.916026;72,7886,0.930128
74,45673;190,30405,0.99359;55,5400,0.926282;71,8395,0.976923;69,6753,0.910256;71,7849,0.921154
76,46267;188,30953,0.996795;52,5405,0.930128;68,8378,0.983333;73,7361,0.901282;74,8133,0.91859
70,45600;190,31203,0.998718;51,5492,0.930769;77,9042,0.982692;73,7029,0.895513;74,8110,0.912821
70,45923;217,31054,0.994231;52,5418,0.919872;72,8501,0.958974;68,6702,0.898077;72,7978,0.917949
72,45157;231,30569,0.997436;54,5292,0.932692;72,8564,0.973718;63,6163,0.900641;71,7793,0.934615
70,44529;188,30375,0.994872;58,5417,0.923077;69,8266,0.978846;68,6636,0.921795;65,7222,0.927564
70,43971;183,29566,0.986538;49,4973,0.919872;73,8225,0.978846;62,6242,0.930769;68,7424,0.953205
78,46159;186,30096,0.991026;56,5746,0.945513;67,8528,0.975641;69,6820,0.911538;72,8043,0.926923
76,45093;188,30513,0.994872;48,5036,0.914103;69,8313,0.984615;63,6381,0.901923;65,7265,0.919231
76,45157;190,30703,0.998077;53,5115,0.904487;65,8087,0.971154;66,6674,0.912179;69,7692,0.925
75,44724;184,29943,0.991667;47,4855,0.89359;64,7571,0.971154;63,6250,0.876282;63,7044,0.916026
77,45914;188,30315,0.989103;54,5647,0.941667;68,8413,0.978205;65,6513,0.917308;73,8033,0.928205
75,46198;186,30021,0.994872;54,5302,0.911538;71,8524,0.969231;71,6849,0.910897;71,7879,0.914103
70,45558;184,29913,0.989103;50,4998,0.921795;69,8518,0.971795;72,6998,0.917308;73,8042,0.915385
68,44532;182,29350,0.996154;48,4867,0.9;68,7982,0.973718;65,6388,0.90641;65,7210,0.923077
68,44540;180,29813,0.987821;50,5073,0.91859;67,8072,0.960256;66,6520,0.920513;66,7353,0.905769
70,45671;188,30464,0.992949;53,5381,0.932692;66,8243,0.966026;67,6611,0.907692;73,7968,0.926282
69,44970;186,30051,0.996154;53,5471,0.934615;74,8857,0.967308;74,7205,0.908974;73,8028,0.917949
74,43833;196,31528,0.987821;54,5273,0.942949;64,7952,0.980128;64,6236,0.882051;68,7443,0.896795
76,45311;183,29605,0.99359;52,5148,0.921795;72,8478,0.971795;69,6857,0.896795;68,7487,0.921795
75,44781;192,30968,0.99359;54,5390,0.916667;67,8341,0.962821;70,6792,0.916026;69,7620,0.91859
79,46868;186,30421,0.992949;57,5711,0.950641;71,9019,0.979487;74,7197,0.905128;76,8276,0.912179
75,45019;185,30202,0.988462;50,5052,0.939744;72,8120,0.966667;67,6659,0.894872;71,7823,0.913462
77,45764;191,30683,0.994872;53,5168,0.921154;72,8659,0.969231;72,7074,0.891026;73,8033,0.910256
74,44736;186,30213,0.989103;53,5027,0.93141;68,8378,0.978846;64,6463,0.904487;66,7191,0.892308
76,45474;188,30660,0.99359;52,5394,0.95641;68,8243,0.978846;69,6674,0.915385;71,7755,0.911538
77,45251;185,30047,0.996795;51,5040,0.925641;69,8245,0.971795;62,6104,0.910897;68,7386,0.923077
78,46406;187,30526,0.990385;64,5587,0.938462;70,8595,0.960897;67,6641,0.894231;73,8032,0.928205
74,43925;186,30313,0.991026;48,5076,0.908974;74,8741,0.973718;67,6588,0.88141;65,7167,0.919872
79,44281;187,30258,0.983333;49,4858,0.913462;66,7825,0.975;66,6467,0.898077;66,7203,0.926923
76,45829;185,30127,0.99359;55,5571,0.948718;74,8769,0.980128;69,6684,0.9;71,7860,0.908333
72,45101;190,30737,0.994231;52,5011,0.913462;73,8518,0.976923;66,6386,0.887821;69,7449,0.907051
71,45195;189,30688,0.998718;51,5263,0.932692;70,8267,0.983974;66,6433,0.90641;70,7638,0.920513
71,45256;189,30836,0.992308;52,5100,0.933333;67,8077,0.971154;67,6666,0.896795;71,7810,0.926282
69,43891;190,31035,0.995513;51,5333,0.937179;68,8075,0.960897;64,6243,0.875;70,7574,0.914103
69,43616;184,29629,0.99359;46,4732,0.929487;63,7632,0.967308;63,6209,0.877564;64,7168,0.921795
71,44894;189,30611,0.992949;52,5019,0.930769;67,7988,0.964103;66,6500,0.901923;73,8005,0.930769
70,44521;188,30628,0.994872;52,5204,0.928846;65,7456,0.958974;64,6304,0.891667;65,7150,0.932692
68,44431;185,30355,0.996795;50,5105,0.929487;69,8061,0.971154;63,6255,0.878846;65,7113,0.925
68,44170;185,29952,0.992308;46,4750,0.898718;68,8132,0.966667;63,6169,0.862179;66,7211,0.903205
70,45663;190,30860,0.989744;51,4968,0.925;65,7654,0.957692;66,6551,0.882051;66,7307,0.905769
73,45014;186,30435,0.996154;50,5083,0.89359;73,8365,0.975;70,6872,0.903846;74,8122,0.912179
74,44951;193,30408,0.997436;56,5534,0.897436;74,8747,0.976923;74,7060,0.917949;71,7834,0.93141
75,45089;229,30252,0.989103;56,5439,0.925641;71,8236,0.970513;68,6606,0.926923;69,7411,0.925641
74,44591;208,29922,0.987821;52,5027,0.923718;66,7988,0.980128;65,6247,0.916026;64,6926,0.917949
76,45422;184,30111,0.994231;53,5212,0.914744;69,8165,0.971154;68,6671,0.907692;71,7644,0.923718
76,45128;188,30340,0.991026;52,5172,0.911538;68,8120,0.975;65,6337,0.883333;71,7806,0.926282
78,46331;184,29984,0.989103;55,5381,0.928205;73,8670,0.947436;71,6949,0.887179;74,8109,0.912179
75,45125;191,30794,0.998718;51,5316,0.913462;70,8510,0.95641;69,6763,0.909615;72,7921,0.926923
78,45966;185,29823,0.991026;51,5272,0.885897;71,8862,0.974359;65,6485,0.878846;71,7842,0.922436
69,44922;191,30964,0.996795;48,4815,0.882051;64,7770,0.95641;68,6669,0.910897;64,7056,0.915385
67,44023;185,30040,0.995513;54,5282,0.929487;68,8135,0.970513;65,6314,0.919231;65,7163,0.93141
70,45618;188,30736,0.99359;51,5272,0.913462;67,8283,0.982051;67,6630,0.922436;70,7672,0.926282
67,44010;193,31179,0.982051;53,5461,0.947436;73,8651,0.980128;68,6690,0.924359;67,7489,0.932692
65,43055;187,30732,0.995513;48,4753,0.923718;66,8002,0.978205;59,5879,0.926282;63,7070,0.942308
70,45817;191,31395,0.998718;50,5271,0.915385;70,8641,0.980769;65,6393,0.912821;67,7522,0.926282
73,43410;188,30680,0.997436;53,4789,0.914103;65,7692,0.973718;62,6097,0.915385;60,6684,0.936538
71,44447;186,30337,0.994231;47,4884,0.928205;66,8062,0.951282;63,6296,0.883333;66,7193,0.928205
71,45318;189,30429,0.998077;48,4776,0.917308;67,7998,0.964103;64,6185,0.880128;65,7171,0.923718
73,45430;189,30466,0.996795;51,5259,0.901923;70,8266,0.942949;63,6260,0.880769;68,7414,0.921154
73,44779;182,29578,0.998718;51,5048,0.907692;68,8028,0.964744;65,6455,0.905128;67,7494,0.932051
68,44175;189,30458,0.998077;51,4842,0.885897;68,7582,0.967308;60,6006,0.888462;64,6972,0.921795
75,46072;183,29532,0.987179;49,4889,0.9;72,8747,0.978846;71,6977,0.897436;66,7299,0.899359
76,44780;190,30805,0.983333;49,4934,0.903846;64,7803,0.971795;67,6667,0.91859;69,7642,0.917308
74,45755;182,29790,0.992308;51,5170,0.916667;68,8326,0.96859;66,6565,0.915385;68,7384,0.922436
68,44349;188,30731,0.994872;51,5251,0.900641;68,8064,0.946795;68,6581,0.907051;66,7339,0.916026
71,45028;189,30125,0.997436;55,5291,0.916667;68,8158,0.954487;64,6368,0.891026;70,7526,0.904487
70,44608;186,29758,0.994872;53,4972,0.887821;68,8221,0.958974;63,6174,0.864744;69,7552,0.889744
73,45343;186,30131,0.994231;51,5455,0.923718;72,8905,0.979487;71,7081,0.877564;71,7820,0.912179
71,46497;191,30712,0.994231;48,5033,0.891026;70,8474,0.954487;72,7063,0.874359;73,7946,0.90641
72,46084;191,31134,0.996795;50,4946,0.883333;70,8584,0.965385;69,6857,0.885256;71,7849,0.889103
73,45359;187,30236,0.989103;51,4768,0.869231;62,7404,0.964103;58,5905,0.853846;62,6738,0.883333
76,44458;191,31014,0.991026;53,5506,0.924359;69,8512,0.976923;63,6192,0.833974;71,7824,0.902564
82,45960;180,29600,0.994231;49,5110,0.944872;70,8373,0.975;70,6800,0.894872;72,7841,0.895513
77,44773;189,31067,0.988462;50,4990,0.894231;67,8146,0.970513;67,6496,0.885897;71,7858,0.912179
77,45004;190,30691,0.994872;50,5182,0.921795;71,8575,0.965385;69,6791,0.910897;70,7786,0.922436
71,46326;188,30634,0.996154;55,5599,0.940385;74,9163,0.970513;71,7001,0.900641;74,8054,0.917308
70,45398;188,30439,0.992308;54,5304,0.921154;73,8834,0.974359;68,6786,0.9;70,7731,0.930769
70,45870;189,30766,0.994872;53,5560,0.910256;79,8951,0.946795;68,6680,0.86859;72,7912,0.919231
71,46527;188,30523,0.99359;54,5572,0.935897;76,9052,0.962179;75,7364,0.910897;74,8218,0.91859
69,45763;186,30335,0.995513;51,5103,0.897436;71,8554,0.963462;69,6721,0.908974;69,7572,0.914103
71,44973;183,29859,0.991026;48,4846,0.912179;64,7602,0.965385;62,6171,0.908333;64,7050,0.895513
72,46297;213,30804,0.99359;55,5324,0.942949;71,8356,0.95;72,7118,0.907051;74,8144,0.916667
71,45191;234,31006,0.989103;52,5105,0.935897;70,8494,0.955769;67,6465,0.89359;69,7709,0.919872
73,45918;189,30675,0.995513;52,5324,0.932051;73,8734,0.976282;70,6828,0.913462;74,8103,0.926282
76,45807;186,30115,0.99359;53,5323,0.919872;68,8286,0.978205;70,6829,0.912179;71,7851,0.928205
71,45856;188,30682,0.991026;52,5223,0.902564;70,8762,0.975;73,7177,0.921154;73,8035,0.905769
72,45663;191,31215,0.982692;58,5630,0.925;72,8910,0.960897;76,7325,0.912179;77,8518,0.915385
78,45278;191,30880,0.995513;54,5435,0.930128;73,8977,0.970513;70,6855,0.897436;72,7875,0.905769
79,45827;188,30357,0.998077;51,5303,0.928205;70,8162,0.975;72,7026,0.905128;74,8110,0.923077
79,45839;189,30583,0.985897;51,5474,0.920513;76,8958,0.975641;69,6974,0.930128;67,7796,0.937821
74,45308;187,30300,0.998077;52,5244,0.941667;66,8438,0.978846;68,6897,0.93141;68,7667,0.942308
77,45833;187,30325,0.996154;50,5407,0.951923;70,8669,0.985256;65,6646,0.923077;70,7943,0.950641
74,44497;183,29308,0.994231;48,5149,0.944231;70,8340,0.983974;64,6616,0.887179;63,7229,0.930128
76,44815;187,30574,0.992949;44,4589,0.909615;60,7380,0.967308;61,6207,0.882051;64,7243,0.926282
73,43228;184,29788,0.998077;46,4805,0.901923;62,7468,0.972436;62,6282,0.908333;61,6934,0.926923
74,44319;185,29784,0.990385;45,4699,0.873077;64,7703,0.963462;60,6041,0.869231;64,7179,0.89359
79,46560;185,30001,0.995513;47,5044,0.919231;70,8768,0.98141;72,7242,0.907692;70,7875,0.912179
76,45557;190,30470,0.98141;55,5685,0.937821;67,8503,0.969231;68,6951,0.899359;69,7853,0.917308
80,44086;190,31284,0.977564;57,5246,0.927564;68,8525,0.983974;66,6623,0.903205;68,7589,0.915385
67,44027;186,30103,0.995513;51,5206,0.923718;68,8200,0.980128;58,5943,0.867949;63,7133,0.921154
69,45315;186,30447,0.996154;45,4854,0.928846;68,8245,0.980769;62,6445,0.907692;66,7530,0.932692
66,43404;190,30850,0.985897;47,4746,0.898077;64,8042,0.978205;60,6104,0.891667;64,7374,0.91859
73,46322;182,29763,0.996154;47,4883,0.919872;67,8453,0.986538;66,6735,0.89359;65,7564,0.922436
66,43408;191,30752,0.991026;49,4981,0.928205;61,7649,0.980128;61,6149,0.911538;61,6947,0.907692
68,44952;184,29895,0.992949;46,4938,0.927564;66,8381,0.985897;64,6505,0.892308;63,7263,0.895513
64,44599;188,30300,0.99359;46,4942,0.902564;66,8184,0.96859;64,6617,0.888462;62,7111,0.910897
75,46476;187,30400,0.986538;52,5474,0.9;71,8596,0.957051;64,6607,0.885897;68,7653,0.91859
73,45404;185,30039,0.985897;47,5237,0.921795;66,8319,0.958333;60,6079,0.857692;65,7489,0.903205
73,45796;189,30533,0.998718;52,5081,0.930128;63,7918,0.95;63,6534,0.888462;67,7552,0.914103
69,44809;188,30609,0.99359;53,5274,0.926923;67,8139,0.953205;59,6123,0.873077;68,7725,0.911538
75,44177;187,30317,0.992308;50,5185,0.928846;76,8483,0.969872;63,6452,0.891026;65,7301,0.923718
77,45645;186,30175,0.996795;55,5814,0.935897;68,8712,0.98141;63,6441,0.873077;69,7927,0.925641
77,45389;184,29395,0.982692;49,4902,0.940385;65,8137,0.985256;61,6273,0.883333;65,7422,0.925641
72,44945;185,29766,0.98141;51,5164,0.921154;64,7814,0.969872;62,6318,0.869872;63,7337,0.894231
74,46040;184,29993,0.991026;46,4969,0.878205;72,8650,0.954487;67,6806,0.864744;75,8483,0.914744
73,43285;187,30366,0.990385;52,4948,0.871154;69,8061,0.958333;58,5920,0.871154;61,6876,0.923077
74,45843;192,30737,0.996154;55,5298,0.9;72,8724,0.953205;69,6948,0.899359;69,7739,0.924359
74,45724;192,31154,0.991667;49,5205,0.89359;68,8387,0.964744;67,6735,0.896795;70,7978,0.922436
73,43982;186,30014,0.994231;49,5195,0.907051;65,8155,0.957692;66,6691,0.896795;66,7546,0.912179
77,46176;191,31409,0.998077;55,5561,0.880769;74,9389,0.967308;73,7334,0.882051;77,8700,0.917949
78,46399;196,30326,0.991667;54,5733,0.911538;69,8621,0.967308;74,7364,0.907051;76,8447,0.919872
76,44597;230,30429,0.996795;52,5278,0.922436;66,8074,0.967949;67,6677,0.905128;70,7780,0.920513
74,44451;214,31917,0.989103;53,5560,0.932692;66,8508,0.965385;64,6518,0.880128;67,7716,0.910256
74,43498;186,30377,0.996154;46,4810,0.923718;64,7706,0.958974;62,6304,0.871795;61,6935,0.90641
76,46721;191,30604,0.998718;56,5575,0.926282;75,9158,0.971154;71,7237,0.894872;73,8180,0.916667
79,46387;188,30333,0.978846;48,5266,0.910256;65,8262,0.962821;65,6557,0.892949;69,7784,0.920513
77,45878;190,30725,0.996795;48,4912,0.902564;66,8365,0.964103;63,6537,0.894872;68,7500,0.911538
70,44443;189,30296,0.983333;52,5193,0.903205;72,8250,0.977564;65,6431,0.895513;68,7371,0.914744
71,44918;188,30535,0.994872;49,5035,0.885897;64,7895,0.965385;69,6675,0.907051;69,7486,0.925
87,45484;186,30549,0.997436;51,5137,0.938462;65,7772,0.965385;68,6655,0.93141;68,7389,0.921154
71,43781;191,30883,0.994872;48,4706,0.917949;67,7784,0.979487;64,6332,0.935897;65,7149,0.928846
72,44626;188,30462,0.995513;50,4841,0.878846;67,8120,0.958974;69,6740,0.93141;68,7477,0.919872
74,45687;181,29769,0.995513;52,5282,0.899359;72,8439,0.955769;69,6720,0.923718;67,7451,0.929487
76,45005;181,29409,0.998718;52,4995,0.907051;67,7807,0.961538;64,6330,0.908333;65,7091,0.926923
76,45121;186,30194,0.983333;48,4794,0.889744;65,8027,0.96859;67,6621,0.907051;66,7416,0.915385
78,45097;191,30603,0.998718;56,5313,0.910256;66,8212,0.976923;63,6311,0.897436;65,7150,0.894231
73,45891;189,30321,0.989744;52,5203,0.892308;71,8623,0.970513;66,6458,0.878205;70,7655,0.932051
74,45117;187,30481,0.99359;53,5367,0.919872;70,8424,0.967949;72,7004,0.916026;70,7703,0.933333
69,45062;185,30142,0.991026;49,4814,0.891667;68,8074,0.961538;66,6457,0.907692;67,7379,0.91859
67,43611;186,29892,0.988462;49,4995,0.900641;71,8168,0.957692;65,6287,0.91859;63,6953,0.910256
70,45724;188,30343,0.985256;55,5464,0.908333;76,8794,0.960256;70,6825,0.880769;76,8194,0.902564
70,45710;190,30924,0.994872;51,5321,0.925641;74,8826,0.975;73,7018,0.894231;73,8017,0.90641
68,43905;187,29900,0.991026;49,4917,0.929487;64,7705,0.976282;60,5962,0.908974;66,7276,0.926282
69,44881;190,30049,0.990385;49,4881,0.904487;70,8201,0.982692;68,6623,0.908974;69,7605,0.908333
68,44464;193,31333,0.992949;56,5395,0.934615;70,8567,0.979487;70,6924,0.926282;73,7957,0.927564
73,45841;186,30626,0.987821;49,5100,0.927564;72,8623,0.976923;72,6952,0.920513;73,8024,0.91859
69,43963;192,31117,0.988462;49,5012,0.945513;67,7716,0.971154;65,6363,0.921154;65,7183,0.923077
69,43690;187,30507,0.992949;50,4925,0.928205;68,7662,0.964103;63,6186,0.919231;63,6775,0.923077
76,43039;188,30176,0.99359;50,4962,0.912179;63,7649,0.963462;62,6015,0.913462;62,6920,0.932692
79,45323;187,30196,0.996795;54,5221,0.912821;69,8353,0.971154;66,6541,0.901923;67,7307,0.923718
78,45523;187,30282,0.987821;51,5418,0.921795;68,8088,0.960897;65,6425,0.895513;68,7373,0.911538
73,44951;188,30778,0.995513;51,5089,0.933974;70,8349,0.962179;66,6388,0.858333;72,8056,0.920513
77,44775;188,30538,0.985897;55,5186,0.922436;68,8401,0.970513;67,6684,0.916026;68,7515,0.938462
77,45190;186,30136,0.999359;56,5400,0.914103;71,8355,0.971154;65,6381,0.901282;65,7277,0.923077
78,46018;187,30266,0.996795;50,5147,0.914103;71,8253,0.985256;65,6521,0.919872;70,7798,0.930769
75,44446;179,29114,0.985897;53,5329,0.925641;64,7728,0.960897;64,6169,0.901282;66,7265,0.939744
76,44850;191,30740,0.997436;49,4850,0.933974;65,7600,0.966667;64,6375,0.892949;66,7229,0.941026
78,46159;183,29923,0.994872;55,5042,0.928846;68,8187,0.977564;66,6525,0.894231;66,7483,0.910256
74,44268;185,30140,0.994872;49,4653,0.898718;62,7365,0.947436;61,6024,0.896795;63,6926,0.930769
76,45230;181,29998,0.985897;49,4987,0.916667;69,8032,0.958974;66,6480,0.875641;68,7545,0.914103
75,44650;233,30757,0.994231;47,4801,0.909615;64,7958,0.969231;64,6247,0.885256;64,7146,0.916667
76,45123;219,30460,0.989744;52,5211,0.916667;69,8293,0.975641;66,6593,0.887179;67,7468,0.924359
78,46586;184,30064,0.983333;53,5550,0.920513;70,8724,0.977564;69,6787,0.900641;75,8417,0.927564
77,45832;193,30663,0.994872;52,5463,0.919231;71,8645,0.976282;69,6915,0.914103;73,8063,0.921154
76,45507;185,30182,0.992308;52,5063,0.901923;67,8073,0.980128;66,6467,0.895513;67,7355,0.910256
73,44756;185,30051,0.991026;47,4693,0.914744;78,8039,0.964744;62,6147,0.907051;63,6864,0.90641
75,44966;189,30893,0.99359;57,4855,0.877564;66,8026,0.958333;62,6167,0.894872;66,7349,0.93141
76,45644;186,30119,0.986538;54,5238,0.895513;69,8317,0.94359;67,6595,0.910897;74,8078,0.933974
77,45478;181,29370,0.995513;58,5288,0.927564;72,8409,0.960897;65,6391,0.914103;68,7545,0.930128
72,43635;188,30516,0.989744;48,4756,0.901923;66,7939,0.960897;62,6209,0.908974;62,6782,0.934615
77,45659;189,30635,0.991667;53,5391,0.91859;70,8635,0.972436;72,7000,0.901923;73,8031,0.926923
77,45647;186,30037,0.990385;49,4923,0.919231;68,7884,0.971795;67,6608,0.908333;64,7090,0.930128
74,46230;188,30389,0.994872;54,5583,0.932692;70,8352,0.971795;68,6728,0.889103;69,7473,0.921154
73,45596;186,30369,0.989103;50,5027,0.907051;65,7949,0.971795;65,6457,0.873077;67,7386,0.907051
73,45256;186,29907,0.998718;49,4958,0.917308;67,8205,0.967949;64,6318,0.891667;67,7332,0.925
72,45183;188,30244,0.994231;47,4718,0.907051;67,8208,0.976923;62,6177,0.887821;65,7136,0.914744
74,46117;187,29782,0.987179;52,5355,0.898077;68,8230,0.982692;70,6823,0.882692;70,7781,0.930128
73,45755;189,30693,0.996154;47,4923,0.925;67,7952,0.972436;64,6455,0.88141;68,7469,0.910897
72,44933;182,29752,0.995513;52,5324,0.916026;69,8266,0.957051;64,6182,0.901923;66,7343,0.919872
75,44924;189,30464,0.995513;54,4943,0.930128;67,7807,0.975;61,6025,0.921795;61,6791,0.930128
75,44817;188,30338,0.996795;46,4879,0.909615;69,8099,0.964103;63,6305,0.910256;65,7163,0.916667
69,45305;191,30745,0.987821;54,5250,0.91859;68,7969,0.955769;67,6647,0.897436;68,7664,0.928205
69,45470;189,30670,0.99359;53,5379,0.948077;73,8395,0.964744;66,6563,0.871795;70,7648,0.928846
81,44593;188,30487,0.986538;54,5020,0.921795;68,8320,0.979487;66,6399,0.898077;66,7334,0.927564
69,45534;186,29772,0.99359;51,5255,0.948077;68,8318,0.98141;69,6740,0.896154;72,7823,0.922436
68,44635;189,30525,0.998077;52,5001,0.932692;67,7965,0.966026;65,6363,0.895513;65,7106,0.925641
68,44709;192,31032,0.995513;52,5005,0.939103;73,8331,0.967308;64,6526,0.9;66,7298,0.914103
67,44442;189,30550,0.990385;49,4803,0.916667;67,7864,0.962179;62,6087,0.875641;65,7161,0.917308
70,45876;189,30255,0.998718;52,5320,0.919231;72,8396,0.975;67,6680,0.880128;67,7450,0.921154
70,46242;185,29992,0.992949;53,5392,0.899359;68,8218,0.953205;71,7019,0.889103;71,7785,0.917949
69,45805;186,30602,0.992949;51,5271,0.882051;67,8151,0.949359;69,6722,0.876282;72,7946,0.905769
69,45592;188,30402,0.998718;53,5129,0.870513;71,8395,0.971795;73,7118,0.912821;75,8187,0.921154
71,46666;188,30317,0.989744;55,5254,0.921154;72,8424,0.957051;71,6782,0.926282;74,7947,0.927564
70,46269;183,29943,0.990385;51,5327,0.928846;68,8295,0.958974;69,6692,0.912821;68,7309,0.914744
68,44445;190,30594,0.99359;54,4904,0.914103;76,8100,0.951923;63,6224,0.93141;65,7068,0.937179
71,46713;185,30290,0.994872;55,5653,0.921795;73,9008,0.935897;74,7336,0.901923;80,8698,0.941026
68,44510;192,31083,0.994872;49,5088,0.914744;70,8415,0.944231;64,6336,0.892949;69,7540,0.928846
69,45294;183,29937,0.990385;52,5101,0.895513;71,8430,0.939103;68,6631,0.882051;69,7446,0.901923
69,45174;182,29801,0.989103;55,5400,0.903205;70,8260,0.95641;71,6861,0.880128;67,7405,0.894872
69,41508;226,30487,0.998077;48,4626,0.891026;61,7296,0.963462;59,5844,0.887821;64,6936,0.919872
75,45021;226,30565,0.996154;50,5189,0.907692;71,8312,0.962821;67,6492,0.894872;70,7630,0.923077
75,44760;186,30548,0.999359;46,4800,0.88141;68,7821,0.966026;67,6547,0.880769;64,7002,0.928205
78,45993;186,30258,0.992308;49,5025,0.913462;69,8078,0.960256;68,6766,0.886538;68,7450,0.917949
78,46033;186,30019,0.991667;53,5260,0.907051;70,8402,0.965385;70,6907,0.908333;72,8030,0.925641
76,44412;189,30609,0.987179;49,5074,0.908974;69,8184,0.953205;64,6242,0.894872;66,7257,0.912179
73,45019;186,30259,0.995513;52,5274,0.944872;70,8583,0.987821;68,6643,0.912179;69,7511,0.923718
72,44105;189,30366,0.992308;49,4951,0.905769;69,8191,0.98141;64,6258,0.902564;66,7268,0.908333
72,43550;190,30636,0.982051;49,4806,0.892308;66,7761,0.969231;64,6321,0.903846;66,7196,0.908333
68,44520;187,30258,0.997436;47,4897,0.887821;65,7957,0.967949;62,6157,0.908333;67,7410,0.914103
67,43159;187,30173,0.982051;52,5326,0.913462;67,7867,0.96859;64,6260,0.910897;64,7194,0.941667
70,45664;189,30723,0.990385;55,5360,0.910256;69,8364,0.95641;68,6703,0.919872;70,7691,0.93141
70,45907;183,29861,0.996154;59,5382,0.910256;74,8594,0.974359;68,6788,0.914744;70,7715,0.914744
67,43886;190,30707,0.988462;50,5063,0.916667;69,8157,0.973077;64,6288,0.902564;66,7127,0.90641
65,44770;187,30146,0.992308;51,5082,0.942308;66,8007,0.974359;63,6292,0.898718;68,7482,0.915385
75,46471;186,30335,0.99359;54,5449,0.923718;73,8966,0.973718;73,7144,0.892308;73,7873,0.921154
73,45535;187,30339,0.989103;51,5299,0.922436;72,8655,0.966026;68,6607,0.892949;69,7579,0.919872
73,44421;189,30570,0.989744;55,5357,0.919872;68,8315,0.962179;66,6498,0.862821;67,7358,0.907692
67,43893;188,30246,0.987821;50,4896,0.921154;66,7619,0.94359;61,6121,0.876923;62,6864,0.913462
69,45246;190,30723,0.990385;53,5440,0.904487;66,8155,0.947436;70,6876,0.883333;69,7802,0.917308
69,45674;188,30509,0.995513;48,5322,0.91859;55,8229,0.94359;51,6899,0.886538;52,7775,0.911538
70,45747;182,30106,0.990385;39,5289,0.91859;48,7796,0.938462;51,6903,0.880769;53,7879,0.915385
77,44608;186,30214,0.994872;55,5273,0.914103;66,7849,0.964103;64,6410,0.897436;68,7537,0.909615
69,44887;186,30026,0.992949;50,5118,0.907051;65,7945,0.963462;66,6528,0.908974;67,7434,0.927564
68,45099;191,31051,0.992949;48,5014,0.932051;69,8234,0.975;68,6654,0.925641;67,7416,0.922436
70,45962;187,30294,0.989744;54,5302,0.945513;73,8548,0.979487;67,6567,0.916026;69,7585,0.929487
67,44221;191,31066,0.998718;48,5006,0.920513;67,8066,0.983974;64,6222,0.903205;67,7414,0.925641
75,44523;190,30754,0.996795;51,5009,0.925;66,8179,0.99359;64,6310,0.919231;65,7292,0.932051
72,44202;187,30811,0.991026;51,5015,0.889744;70,8197,0.966026;70,6830,0.910897;69,7628,0.925
74,43634;191,30904,0.983974;51,4856,0.886538;69,8173,0.967949;62,6181,0.921795;66,7363,0.928205
75,44785;187,30505,0.988462;54,5537,0.899359;69,8368,0.965385;65,6396,0.922436;68,7470,0.933333
77,45432;188,30600,0.988462;54,5597,0.942949;73,8742,0.96859;68,6710,0.903846;71,7779,0.934615
99,44649;184,30019,0.982051;49,4833,0.914103;67,8424,0.978846;61,6066,0.903846;65,7174,0.925641
70,44782;182,29586,0.982051;48,4893,0.923077;65,7819,0.964744;61,6098,0.878205;66,7026,0.927564
69,45276;188,30482,0.997436;54,5415,0.912179;77,8800,0.970513;65,6402,0.894872;68,7406,0.914744
67,44333;191,30862,0.980128;49,4772,0.895513;66,7881,0.973077;61,6073,0.907692;64,6931,0.921154
70,45863;187,30225,0.994231;56,5581,0.927564;72,8891,0.972436;73,7150,0.891026;73,8021,0.91859
68,44545;188,30702,0.996795;52,5003,0.922436;66,8161,0.973718;65,6416,0.867949;69,7581,0.91859
70,45457;184,30041,0.991026;54,5174,0.919872;69,8114,0.944231;67,6524,0.866667;71,7769,0.912821
69,45269;203,29817,0.985256;51,5241,0.923718;69,8419,0.964744;68,6656,0.896154;69,7636,0.921795
71,46205;225,29833,0.982692;54,5222,0.919872;71,8441,0.96859;68,6717,0.898077;68,7428,0.916667
71,46399;199,30839,0.996154;51,5287,0.888462;70,8502,0.95;69,6818,0.919872;72,7847,0.916667
68,44522;189,30324,0.991667;52,5190,0.899359;69,7902,0.973077;65,6389,0.908333;64,7036,0.896795
69,45478;183,29863,0.998077;52,5213,0.899359;72,8195,0.963462;66,6440,0.910256;71,7756,0.919872
70,45936;183,29792,0.996795;55,5510,0.920513;74,8812,0.978205;74,7152,0.920513;73,8091,0.930128
69,45122;188,30346,0.983974;52,5165,0.921795;71,8280,0.965385;69,6744,0.917308;70,7590,0.908974
76,44998;188,30790,0.997436;49,4647,0.891026;72,8037,0.984615;62,6139,0.910256;64,6930,0.900641
76,44898;187,30242,0.99359;56,5610,0.926282;72,8442,0.967949;67,6611,0.898718;69,7560,0.899359
77,45488;189,30500,0.992308;50,5168,0.926923;71,8562,0.983333;67,6448,0.897436;72,7879,0.928846
75,45567;188,30479,0.997436;53,4862,0.912821;67,8032,0.958974;69,6737,0.878205;70,7480,0.932051
75,44418;190,30851,0.997436;53,5194,0.911538;69,8070,0.959615;65,6350,0.914744;65,7108,0.928205
69,44702;188,31242,0.998077;55,5332,0.901923;73,8647,0.966026;67,6514,0.902564;67,7259,0.920513
70,45307;184,29998,0.99359;55,5516,0.921154;70,8471,0.980128;72,6972,0.924359;71,7672,0.933974
70,45260;184,29556,0.986538;54,5418,0.912821;75,9062,0.967308;72,6909,0.904487;77,8270,0.921795
70,45167;190,30945,0.998077;52,5046,0.914103;72,8534,0.978205;72,6928,0.925;73,8014,0.93141
70,43765;188,30119,0.991667;54,4855,0.930769;65,7671,0.976923;62,6027,0.934615;65,7051,0.939103
70,46393;186,30130,0.994231;55,5429,0.923718;73,8839,0.973077;71,6895,0.916667;75,8198,0.937179
73,45748;186,30151,0.987179;58,5728,0.932051;75,8960,0.979487;76,7239,0.908333;78,8377,0.936538
78,45256;186,30391,0.994872;55,5257,0.919231;74,8662,0.972436;67,6527,0.904487;73,7834,0.929487
77,46797;187,30432,0.985897;54,5249,0.914103;75,9001,0.973718;75,7160,0.904487;78,8434,0.938462
71,44356;189,30963,0.995513;56,5264,0.914103;69,7815,0.962821;66,6325,0.879487;68,7317,0.925641
72,45011;192,31242,0.989744;52,4949,0.907692;71,8131,0.958333;70,6687,0.898077;74,7899,0.925
71,44346;189,30807,0.983333;54,5131,0.880128;67,8121,0.975;66,6339,0.901282;67,7220,0.921795
72,45468;189,30374,0.986538;55,5287,0.936538;73,8503,0.975;67,6497,0.889744;73,7852,0.922436
69,44361;188,30418,0.985256;55,5283,0.936538;72,8561,0.985256;65,6175,0.889103;69,7319,0.921795
76,45187;186,30000,0.988462;49,4793,0.908333;71,7994,0.973077;67,6510,0.880128;69,7542,0.915385
68,44443;186,30208,0.995513;51,5019,0.908974;69,7922,0.980769;64,6311,0.901923;65,7252,0.927564
66,43093;186,29926,0.984615;47,4723,0.926923;62,7365,0.979487;60,6091,0.901923;59,6758,0.925
69,44734;187,30337,0.992949;47,4982,0.929487;64,7777,0.965385;58,6268,0.902564;59,7135,0.926282
69,44505;186,30180,0.989103;44,4671,0.901923;63,7753,0.980769;46,6313,0.89359;41,7067,0.896154
71,45999;183,30120,0.996795;35,5247,0.909615;47,8212,0.973077;43,6520,0.879487;67,7462,0.886538
78,46697;184,30075,0.997436;52,5493,0.941667;72,8712,0.955769;74,7298,0.867949;76,8437,0.898077
75,44771;183,29811,0.996154;50,5134,0.926923;68,8397,0.957692;66,6581,0.885897;68,7638,0.910897
74,43993;188,30635,0.996154;50,5159,0.91859;65,7693,0.958333;63,6297,0.912179;62,6845,0.913462
74,44122;185,29815,0.992308;53,5218,0.922436;63,7593,0.935256;68,6771,0.900641;66,7372,0.908333
75,44854;186,30224,0.998718;47,4871,0.915385;68,8062,0.937821;63,6337,0.875;67,7438,0.907692
75,44597;186,29686,0.985897;49,4817,0.921154;67,7849,0.976282;61,6064,0.882051;66,7268,0.898077
76,45174;188,30754,0.998077;53,5267,0.944231;70,8332,0.978205;68,6674,0.903205;67,7487,0.914103
75,44711;202,31093,0.980128;50,5180,0.940385;70,8108,0.959615;65,6487,0.890385;68,7520,0.919872
76,44926;227,30195,0.997436;53,5067,0.932051;67,8141,0.973718;64,6371,0.920513;68,7621,0.915385
75,44428;203,30408,0.989744;49,5101,0.916667;71,8516,0.980769;64,6388,0.891026;65,7174,0.910256
78,46103;184,30412,0.998077;58,5877,0.946795;77,9132,0.975641;71,7134,0.900641;74,8299,0.939744
77,45558;185,29796,0.989744;49,5134,0.940385;68,8295,0.978846;62,6248,0.903846;67,7525,0.927564
73,45876;188,30301,0.988462;51,5171,0.940385;68,8052,0.969872;62,6258,0.864103;67,7476,0.934615
68,42838;192,30612,0.99359;51,5128,0.947436;62,7494,0.963462;62,6111,0.889744;60,6771,0.915385
73,45565;188,30566,0.985256;52,5287,0.934615;69,8499,0.974359;70,6871,0.898718;70,7815,0.912821
71,44278;188,30310,0.998077;52,5335,0.942308;67,8016,0.972436;64,6369,0.880128;71,7897,0.932692
73,45489;185,30084,0.989103;54,5207,0.940385;69,8129,0.973077;59,6551,0.907692;51,7789,0.921795
74,45486;185,30437,0.991667;53,5493,0.908333;72,8964,0.975;64,6972,0.907051;54,7990,0.904487
75,45724;185,30470,0.994231;47,5686,0.920513;73,8874,0.976282;74,7241,0.903205;76,8339,0.902564
76,45009;183,30369,0.994872;53,5259,0.916667;71,8399,0.973718;64,6377,0.883333;68,7508,0.922436
72,43527;192,30962,0.995513;51,5118,0.929487;69,8400,0.979487;53,6614,0.885897;45,7734,0.923718
74,44515;190,30939,0.987179;35,5031,0.910897;44,8372,0.977564;41,6222,0.886538;42,7308,0.926282
70,43331;190,30927,0.994231;33,5397,0.913462;43,8424,0.970513;43,6332,0.891667;42,7292,0.925
78,45502;192,31281,0.994231;39,5820,0.933974;46,9121,0.969231;49,7177,0.911538;47,8050,0.921154
76,44563;187,30514,0.998718;35,5052,0.921795;42,7637,0.966026;40,6170,0.916026;59,6860,0.91859
76,44203;186,30352,0.994231;50,5337,0.93141;67,8262,0.971795;65,6462,0.88141;67,7508,0.919231
76,44268;187,30649,0.996154;53,5235,0.914744;68,8349,0.950641;67,6462,0.864744;66,7398,0.908333
80,46583;185,30291,0.983333;55,5483,0.924359;71,8995,0.978205;66,6671,0.901923;70,7888,0.910897
76,44561;187,30360,0.996795;51,5142,0.912179;71,8547,0.975641;63,6244,0.860897;67,7471,0.907051
72,45022;191,31339,0.987179;54,5304,0.891667;70,8543,0.961538;64,6286,0.895513;63,7005,0.898077
72,43116;191,31134,0.985897;49,4773,0.892308;66,7961,0.957051;59,5773,0.878846;65,7205,0.914103
75,44536;188,30470,0.992949;50,5121,0.866667;67,8230,0.95;67,6596,0.867308;71,7892,0.933974
78,46672;190,30922,0.985897;54,5600,0.907692;72,8805,0.948718;67,6664,0.867308;75,8351,0.934615
75,44009;190,31247,0.991026;53,5129,0.885897;69,8565,0.966667;72,6966,0.926923;69,7724,0.934615
76,45258;187,30292,0.995513;50,5150,0.895513;69,8268,0.970513;67,6673,0.915385;70,7847,0.930769
75,45110;187,30338,0.994231;52,5101,0.895513;66,8187,0.976923;68,6651,0.917308;67,7520,0.917308
76,45537;194,31290,0.992308;55,5323,0.940385;70,8232,0.975641;70,6877,0.900641;67,7493,0.914103
74,44921;190,30680,0.991667;49,4462,0.867308;65,7726,0.973718;64,6484,0.915385;64,7045,0.89359
77,46450;186,30285,0.992949;52,5393,0.889103;78,8967,0.974359;73,7218,0.886538;78,8636,0.921154
75,45202;185,29896,0.987821;50,5119,0.926923;67,8319,0.983974;66,6545,0.880769;70,7727,0.89359
69,43615;188,30504,0.989103;47,4862,0.917308;60,7134,0.973718;59,5876,0.861538;70,7641,0.921154
71,44221;183,29738,0.992308;47,4773,0.916026;67,7984,0.967308;63,6185,0.833974;63,6879,0.933974
69,44528;188,30415,0.984615;52,5358,0.914103;65,7812,0.958333;66,6485,0.892949;66,7220,0.93141
68,44597;183,29817,0.997436;50,4799,0.894231;68,7893,0.955128;62,6252,0.885897;66,7332,0.910897
71,46378;182,29709,0.995513;53,5660,0.891667;76,9328,0.977564;74,7209,0.89359;73,8073,0.915385
72,43333;183,29886,0.994231;56,5234,0.909615;64,7780,0.966026;58,5801,0.896795;63,7000,0.910897
73,44600;186,30717,0.983333;56,5310,0.913462;68,8418,0.961538;67,6667,0.889744;68,7611,0.925641
74,45091;226,30084,0.982692;46,4747,0.878846;69,8265,0.966667;69,6954,0.904487;72,8047,0.928205
73,45597;224,30805,0.984615;51,5247,0.920513;70,8501,0.971154;69,6814,0.914744;71,7877,0.927564
74,43717;183,29955,0.992308;49,4924,0.884615;67,7972,0.964744;65,6397,0.921154;65,7229,0.933974
80,46909;187,30266,0.992949;55,5780,0.932692;72,8931,0.966667;71,7053,0.904487;74,8206,0.916667
78,45819;189,30964,0.991026;53,4984,0.922436;68,8092,0.973077;67,6709,0.899359;68,7688,0.919872
76,45089;183,29634,0.988462;61,5259,0.905769;69,8334,0.973718;67,6594,0.907692;66,7335,0.919231
76,44942;188,30790,0.995513;51,5375,0.908333;69,8639,0.98141;67,6720,0.907692;67,7502,0.923077
76,45541;183,29873,0.996154;53,5319,0.933974;67,8104,0.982692;66,6553,0.917308;68,7559,0.921154
77,45558;187,30415,0.989103;52,5023,0.919872;66,7724,0.971154;64,6386,0.898077;65,7181,0.910256
76,44635;190,30860,0.992949;55,5567,0.939103;69,8590,0.980128;69,6866,0.909615;71,8005,0.921154
74,44181;183,30039,0.997436;59,5048,0.944231;64,7667,0.982051;64,6280,0.908974;64,7085,0.912821
74,44426;191,30685,0.998077;51,4894,0.929487;62,7814,0.975;65,6399,0.901923;62,6967,0.903846
74,43896;184,30272,0.996795;52,5227,0.930769;65,7997,0.96859;64,6435,0.908974;63,7016,0.917949
75,44604;189,30739,0.996795;51,4926,0.903205;68,8442,0.978205;66,6578,0.905769;68,7628,0.936538
79,45292;185,30134,0.995513;50,5275,0.935256;67,8399,0.990385;65,6385,0.903846;67,7466,0.928846
74,43211;183,29711,0.989744;50,5056,0.911538;69,8132,0.982692;65,6495,0.930769;66,7273,0.917308
78,45670;189,30725,0.989744;53,5400,0.903846;72,8855,0.985897;68,6752,0.917308;68,7524,0.919872
76,44442;185,30183,0.995513;52,5275,0.907051;65,7728,0.974359;66,6580,0.915385;67,7361,0.93141
77,45348;185,29943,0.998077;52,5345,0.922436;73,8771,0.974359;66,6505,0.882051;70,7820,0.921154
74,45176;189,30859,0.994231;51,5034,0.907692;71,8530,0.978846;65,6522,0.905769;66,7409,0.934615
79,46150;184,29673,0.994872;57,5595,0.941026;75,9418,0.989103;72,7127,0.919231;75,8274,0.937821
69,43536;191,31151,0.985256;50,5097,0.928846;65,7958,0.971795;67,6589,0.921795;64,7265,0.930769
68,43011;184,30066,0.986538;49,5006,0.928205;64,7724,0.974359;61,6012,0.914744;65,7283,0.936538
73,45813;187,30300,0.987179;48,5025,0.903205;67,8110,0.967949;66,6550,0.907051;70,7781,0.932051
74,46608;188,30454,0.998077;53,5355,0.932692;70,8526,0.982051;72,7127,0.901923;78,8615,0.920513
75,46329;187,30494,0.99359;53,5533,0.901923;73,8581,0.971795;74,7297,0.886538;75,8333,0.91859
73,45153;191,31136,0.987179;51,5315,0.923077;71,8799,0.987821;72,7095,0.909615;72,7996,0.915385
75,46291;188,30562,0.994872;56,5556,0.93141;74,8719,0.976923;71,7055,0.910897;74,8210,0.93141
73,45162;186,30229,0.989744;50,5127,0.903846;65,7939,0.923718;64,6346,0.885897;70,7887,0.916026
74,45643;183,29879,0.994231;51,5227,0.907051;66,8040,0.928846;68,6647,0.89359;68,7502,0.912821
73,44723;189,30798,0.991026;52,5332,0.915385;70,8356,0.965385;62,6197,0.878846;69,7709,0.910897
74,44870;190,31027,0.994872;52,5294,0.90641;66,8095,0.937179;66,6570,0.908333;69,7628,0.917949
81,45174;185,29998,0.994231;52,5237,0.900641;69,8484,0.953846;68,6859,0.916667;70,7793,0.934615
75,44802;184,29901,0.991026;54,5698,0.926923;75,9449,0.962821;70,6722,0.909615;75,8424,0.944231
76,45572;190,30664,0.985897;50,5174,0.949359;67,8353,0.976923;66,6422,0.932051;67,7441,0.935256
77,44963;188,30521,0.992949;51,5055,0.904487;68,8099,0.975641;64,6317,0.927564;66,7182,0.94359
71,43529;188,30708,0.989103;50,5193,0.916667;65,7930,0.962179;63,6209,0.926282;63,7060,0.929487
73,43866;186,30312,0.995513;48,4583,0.905769;62,7324,0.967308;55,5603,0.875;59,6529,0.921154
73,43600;192,31072,0.994872;47,4745,0.907051;73,7990,0.973718;62,6067,0.890385;63,6888,0.928205
72,45101;221,31185,0.998718;53,5070,0.887179;71,8281,0.965385;69,6815,0.896154;71,7862,0.907692
74,46218;228,30454,0.994231;52,5230,0.917308;68,8430,0.974359;68,6803,0.902564;69,7618,0.883974
70,44361;181,29951,0.992949;51,5174,0.930769;67,8102,0.962179;65,6487,0.905128;65,7245,0.908333
70,45309;182,29876,0.985256;51,5413,0.904487;75,8718,0.979487;71,7020,0.902564;71,7864,0.908333
68,43610;188,30401,0.99359;49,4827,0.895513;66,7642,0.971795;64,6260,0.901923;64,7222,0.898718
70,45349;185,30166,0.996154;52,5302,0.914744;69,8316,0.983333;63,6285,0.883974;69,7625,0.919872
72,45264;184,29986,0.996795;54,5405,0.919231;71,8825,0.983333;72,7047,0.885256;72,7961,0.925
69,43489;189,30813,0.990385;50,5123,0.917308;65,7974,0.973077;61,6071,0.901282;65,7259,0.910256
70,44334;189,30887,0.994231;52,5036,0.922436;68,7877,0.959615;69,6685,0.892949;68,7597,0.897436
81,44666;184,30047,0.998718;50,5272,0.899359;69,8658,0.964103;71,6866,0.874359;79,8682,0.909615
72,46573;188,30771,0.994872;56,5325,0.891667;70,8651,0.962821;72,6928,0.892308;75,8335,0.912179
68,44274;193,31169,0.992949;50,5449,0.929487;69,8646,0.972436;68,6569,0.903205;70,7725,0.915385
71,46104;186,30501,0.985897;51,5235,0.926282;71,8625,0.969231;71,6911,0.891026;73,7952,0.907692
75,45763;191,30994,0.998077;51,5218,0.917949;70,8610,0.978846;72,6978,0.903205;69,7589,0.917308
72,44753;189,30541,0.985897;48,5026,0.934615;66,8025,0.982692;62,6265,0.902564;62,6857,0.894872
72,45092;189,30640,0.989744;49,4928,0.937821;66,8008,0.96859;65,6465,0.917308;69,7562,0.919872
71,44930;187,30685,0.994231;52,5392,0.900641;70,8370,0.966667;66,6637,0.913462;71,7831,0.910256
72,45249;186,30371,0.997436;51,5145,0.899359;66,8053,0.978205;70,6908,0.908333;72,7926,0.912179
72,45672;188,30377,0.984615;51,5224,0.926923;69,8138,0.972436;66,6572,0.908974;68,7560,0.933333
71,44764;188,30296,0.998077;52,5170,0.913462;67,7855,0.974359;66,6467,0.889744;69,7696,0.937179
69,43305;189,30750,0.996795;48,4822,0.921154;64,7703,0.966026;61,6104,0.896154;63,6900,0.924359
74,46519;187,30567,0.994872;53,5146,0.886538;72,8792,0.958974;70,6947,0.897436;72,8000,0.928205
71,44552;188,30488,0.994231;54,5608,0.921795;74,8857,0.977564;69,6762,0.895513;70,7711,0.922436
69,44893;189,30651,0.995513;48,5049,0.930128;69,8453,0.980128;69,6811,0.911538;71,7817,0.930128
68,44637;190,30854,0.989744;54,5241,0.919231;69,8321,0.970513;66,6535,0.9;66,7362,0.924359
75,44977;188,30266,0.997436;53,5453,0.941667;70,8284,0.982051;64,6370,0.885256;66,7339,0.922436
77,45706;191,30579,0.991026;51,5251,0.9;68,8363,0.977564;69,6876,0.894872;71,7923,0.910256
78,46100;188,30498,0.998077;55,5433,0.935256;68,8548,0.987179;69,6787,0.887821;67,7414,0.898718
76,46035;190,30773,0.992949;52,5540,0.921154;74,9135,0.976923;72,7017,0.902564;73,8019,0.908333
71,45439;181,29422,0.989103;48,4703,0.917949;67,8115,0.980769;64,6270,0.883333;68,7480,0.889744
74,44989;188,30443,0.987821;46,4734,0.923077;64,7678,0.983974;63,6292,0.878205;70,7674,0.90641
71,45157;183,29980,0.99359;47,4848,0.929487;66,8103,0.975;64,6328,0.875;68,7499,0.914744
76,45419;189,31123,0.991667;52,5178,0.912821;68,8267,0.977564;67,6622,0.879487;70,7752,0.912821
75,44446;185,30091,0.998077;49,4958,0.89359;70,8493,0.978846;65,6327,0.919231;67,7336,0.908333
76,45624;189,30854,0.998718;53,5529,0.902564;71,8789,0.980769;69,6851,0.899359;72,8049,0.925641
77,45516;190,30997,0.990385;50,5278,0.921154;66,8177,0.967308;64,6387,0.883974;72,7973,0.917308
77,45554;191,31038,0.985256;54,5504,0.926282;76,8988,0.960897;68,6851,0.905769;72,7963,0.916026
76,45011;183,29778,0.990385;53,5160,0.914103;69,8511,0.978846;67,6694,0.921795;69,7635,0.919231
76,45607;187,30426,0.995513;48,5179,0.898077;67,8240,0.977564;66,6515,0.911538;68,7499,0.919872
76,45174;206,30326,0.990385;50,5105,0.901923;76,8739,0.98141;68,6688,0.916667;70,7690,0.912821
77,45669;223,29845,0.997436;49,4868,0.915385;64,7901,0.974359;66,6630,0.905128;67,7462,0.914103
76,45335;194,29949,0.987179;53,5354,0.895513;66,8099,0.947436;72,7109,0.898718;71,7903,0.910897
76,45065;185,30423,0.996154;48,5147,0.912179;69,8534,0.971795;65,6451,0.908974;70,7692,0.903846
75,45065;186,30490,0.996795;48,5028,0.926923;68,8209,0.973718;65,6477,0.913462;66,7472,0.892949
77,45529;191,31123,0.988462;46,4822,0.903846;65,7963,0.96859;65,6473,0.899359;70,7845,0.915385
76,45236;185,30390,0.995513;54,5052,0.928846;65,8084,0.962821;68,6746,0.892949;68,7689,0.903846
76,45274;184,30152,0.985256;52,4770,0.91859;62,7404,0.950641;62,6115,0.876923;66,7329,0.904487
73,44078;188,30397,0.985256;52,4887,0.892308;60,7308,0.958333;66,6467,0.894872;66,7482,0.913462
75,45063;191,30590,0.989103;47,4601,0.891026;61,7246,0.967949;62,6168,0.917308;67,7464,0.923077
78,46617;188,30439,0.991026;51,5185,0.912179;68,8287,0.95641;70,6829,0.876282;75,8284,0.9
73,45900;190,30563,0.996154;52,5219,0.934615;68,8559,0.966667;68,6644,0.88141;71,7846,0.913462
83,45860;186,30838,0.996154;47,5053,0.947436;67,8067,0.969231;64,6359,0.887179;65,7258,0.911538
69,44485;187,30049,0.989744;46,4591,0.923077;65,7487,0.975641;65,6479,0.901282;68,7477,0.907692
68,44246;195,31382,0.996795;53,4875,0.90641;62,7272,0.964744;63,6212,0.886538;67,7382,0.909615
69,44837;189,30759,0.99359;51,5390,0.91859;71,8512,0.962821;69,6728,0.903205;68,7463,0.912821
72,45284;186,30273,0.990385;48,5032,0.936538;67,8264,0.973077;63,6338,0.909615;65,7382,0.91859
77,45893;191,30999,0.997436;53,5452,0.938462;72,8737,0.985256;71,7057,0.907692;72,7984,0.925641
77,45654;187,30299,0.999359;49,5074,0.938462;69,8010,0.960897;67,6636,0.914744;71,7936,0.921795
75,44817;192,31094,0.992949;54,5605,0.939103;70,8687,0.978846;71,6954,0.896795;70,7831,0.914103
75,45549;186,30243,0.987821;50,4992,0.923077;68,8410,0.960256;68,6667,0.884615;70,7768,0.923077
71,44984;185,30041,0.990385;47,4934,0.901923;66,8004,0.964744;69,6731,0.878205;69,7739,0.914744
77,45960;184,29948,0.99359;50,5192,0.939103;64,7890,0.969231;66,6609,0.892308;67,7613,0.914744
75,46103;184,29998,0.997436;52,5217,0.898718;67,8355,0.973718;74,7268,0.911538;74,8124,0.916667
74,44507;187,30245,0.99359;48,4651,0.932051;62,7353,0.975;60,5989,0.896154;65,7264,0.910897
68,44297;189,30631,0.988462;50,4713,0.937179;62,7428,0.983974;64,6238,0.909615;62,6957,0.902564
71,46082;183,30014,0.997436;53,5213,0.903846;77,8864,0.975641;72,7057,0.897436;74,8224,0.912179
69,45028;196,31342,0.996154;48,4904,0.928846;66,7828,0.985897;70,6771,0.898718;68,7634,0.908974
81,44915;188,30737,0.99359;55,4874,0.94359;68,7950,0.985256;66,6548,0.894872;69,7700,0.910897
70,45315;191,31190,0.992949;53,5396,0.935897;69,8225,0.973718;68,6700,0.90641;70,7659,0.905769
77,45542;186,30337,0.987179;49,5060,0.929487;69,8544,0.96859;66,6490,0.890385;69,7688,0.894872
72,42796;183,30189,0.99359;51,4698,0.898077;61,7409,0.967308;58,5777,0.871154;64,7070,0.908333
77,45832;185,30508,0.994872;51,5167,0.935897;68,8021,0.960256;66,6548,0.876923;66,7448,0.889103
75,44594;188,30818,0.996795;48,5000,0.928205;66,8059,0.957051;65,6387,0.878846;70,7823,0.911538
75,43866;186,30651,0.991667;53,4969,0.944231;65,7692,0.976282;62,6148,0.890385;65,7234,0.900641
69,45178;193,31514,0.996795;45,4525,0.942308;63,7373,0.976282;62,6196,0.882692;66,7313,0.892949
89,46321;184,30125,0.994872;50,5027,0.94359;68,8475,0.987821;68,6648,0.882051;73,8126,0.885897
72,45135;189,30809,0.992949;46,4743,0.932692;66,7817,0.971154;66,6571,0.871795;72,7915,0.894872
72,45272;189,31037,0.996154;46,4775,0.949359;68,7846,0.980128;66,6676,0.864744;71,7974,0.898718
82,44775;199,30916,0.998718;49,4726,0.933333;66,7789,0.973077;68,6755,0.883333;72,7920,0.891667
73,44646;231,30490,0.991026;47,4483,0.916667;63,7449,0.973718;65,6470,0.892949;68,7494,0.901923
74,45346;207,31012,0.995513;44,4524,0.941667;68,7651,0.980128;68,6690,0.895513;74,8092,0.901282
69,42188;185,30231,0.985256;46,4020,0.902564;54,6556,0.980128;59,5936,0.882051;62,6883,0.889744
70,42356;192,31172,0.99359;39,3477,0.917308;54,6465,0.975641;53,5286,0.887179;56,6299,0.886538
66,40239;189,30633,0.996795;40,3673,0.942308;54,5828,0.971795;54,5354,0.878846;57,6307,0.886538
63,37978;186,30207,0.991667;35,3081,0.957051;46,5283,0.980769;47,4613,0.883974;49,5568,0.892949
62,37770;183,29612,0.995513;33,2663,0.948077;39,4318,0.971154;41,4114,0.869231;43,4906,0.871154
54,32364;189,30717,0.998077;28,2451,0.932051;37,4129,0.979487;37,3635,0.877564;40,4429,0.882692
59,34839;184,29924,0.997436;28,2379,0.954487;37,4200,0.980128;37,3654,0.873077;39,4444,0.883974
45,29177;192,31138,0.992949;24,1905,0.952564;29,2992,0.975641;28,2800,0.876923;31,3469,0.888462
40,25948;192,31014,0.996795;21,1654,0.948077;27,2659,0.989103;23,2333,0.875641;24,2734,0.888462
35,22682;185,30235,0.987179;17,1202,0.945513;25,2510,0.985256;23,2360,0.873718;25,2812,0.885256
32,20847;190,30857,0.999359;17,1085,0.946795;23,2254,0.989103;20,1998,0.877564;21,2423,0.884615
31,18733;180,29300,0.990385;15,952,0.953846;20,1680,0.985897;15,1613,0.879487;16,1916,0.88141
26,15486;190,30621,0.987821;13,739,0.95;16,1383,0.985256;12,1307,0.875641;13,1554,0.884615
31,11033;182,29401,0.992949;11,670,0.95;16,1105,0.987179;11,1103,0.876282;11,1356,0.884615
18,12368;189,30697,0.992949;13,655,0.952564;16,1186,0.978846;11,1133,0.880769;12,1311,0.888462
19,12359;187,30441,0.992949;15,718,0.951923;15,1084,0.980769;10,1044,0.877564;12,1358,0.885897
16,10748;189,30634,0.994231;15,507,0.946154;13,1003,0.983974;8,843,0.879487;9,1088,0.886538
16,10731;185,30018,0.997436;11,353,0.957051;11,882,0.986538;7,703,0.873077;9,1020,0.883974
11,7676;186,30211,0.994231;9,363,0.952564;12,569,0.988462;4,390,0.873718;5,668,0.88141
4,2440;187,30518,0.997436;20,203,0.954487;6,223,0.988462;1,127,0.875;2,228,0.880128
