10281,576201;7224,377968,0.999069;2212,82221,0.936685;2417,103986,0.983799;3710,85148,0.648138;4091,131485,0.870484
9918,564532;7863,377086,0.999255;656,24681,0.913966;847,36764,0.960242;1583,38877,0.756983;1761,55187,0.898324
9949,571288;7951,376718,0.999348;872,23616,0.919367;1133,35803,0.972067;1378,35532,0.813035;1655,50936,0.906518
10104,569701;6914,377448,0.99851;941,23098,0.911173;1065,33575,0.969181;1258,32384,0.86378;1598,49525,0.902793
9928,565623;7851,375928,0.999069;856,21422,0.917784;995,30730,0.971229;1191,29683,0.845438;1489,46039,0.910335
9446,570256;7989,377007,0.999162;844,20267,0.916015;969,29788,0.978212;1162,29843,0.872998;1463,44841,0.916294
9410,570823;8050,377579,0.999534;755,18701,0.932775;947,27010,0.973929;1054,26589,0.862104;1312,40706,0.909218
9680,570473;8010,376745,0.998976;685,16566,0.924581;833,25202,0.975978;941,24718,0.86406;1272,39926,0.909497
9425,568016;8014,376677,0.999628;755,17926,0.924488;920,26379,0.969367;994,25747,0.850186;1288,40389,0.903818
9357,563987;7823,378919,0.998883;613,16691,0.923371;699,25169,0.969181;922,24606,0.849441;1206,38353,0.901397
9351,566069;8000,376558,0.999628;596,15273,0.929423;795,23027,0.973929;761,21285,0.842644;1060,34234,0.896834
9350,567952;7613,373857,0.999162;755,16173,0.930912;777,22982,0.972812;870,23561,0.851862;1123,36554,0.897765
9358,569332;7921,373841,0.998883;670,15480,0.922719;760,23260,0.974953;865,23138,0.855493;1123,36048,0.895065
9320,566571;7834,375680,0.998231;603,14657,0.935196;729,21708,0.976071;764,20957,0.847114;1083,35084,0.898603
9358,570603;7747,377027,0.999534;606,15388,0.930819;810,23152,0.977188;847,22636,0.847207;1092,34911,0.894041
9361,569324;7737,376350,0.999628;682,14442,0.93743;763,22281,0.975978;800,21912,0.840875;1068,33917,0.882216
9348,569573;7724,376439,0.998603;613,14348,0.937337;733,21964,0.974115;705,20505,0.836592;1004,32813,0.883613
9280,560965;7913,375875,0.996834;577,13604,0.933613;709,20427,0.97216;784,21293,0.849628;1007,32016,0.882495
9283,564555;6584,373714,0.99851;677,13961,0.939944;728,20760,0.974395;724,19634,0.846369;953,31314,0.874302
9279,564153;7137,373807,0.999255;561,13742,0.933799;687,21300,0.976257;664,20229,0.84162;987,32257,0.866574
9246,560798;7323,374050,0.999255;592,12487,0.939013;666,18573,0.974209;508,18655,0.835661;850,29150,0.861918
9232,557819;6885,372899,0.998883;478,12053,0.940875;621,18442,0.976164;566,18092,0.840596;883,29227,0.862477
9228,556801;6954,374099,0.997579;431,12074,0.936313;530,18496,0.977188;628,18190,0.832402;867,29384,0.856238
9706,555951;7402,375761,0.997952;434,11714,0.934823;612,17374,0.973277;584,17336,0.827095;841,28213,0.861546
9475,544738;7322,373260,0.998883;577,11802,0.936778;634,17447,0.975605;629,17789,0.820205;841,27591,0.860801
8898,539302;7028,376256,0.999721;468,11339,0.940223;614,16751,0.977747;507,16634,0.819088;750,26554,0.859032
8877,536871;7496,376832,0.999907;345,10031,0.936778;560,15686,0.975885;489,16097,0.811546;732,24441,0.853724
8855,534089;7496,377070,0.999721;408,10076,0.935847;509,15731,0.978026;538,15831,0.815549;740,24698,0.853538
8884,537496;7466,375438,0.999907;441,10181,0.937989;445,14844,0.981006;544,15886,0.811546;726,24421,0.851117
8736,524411;7169,376464,0.999907;437,9761,0.943203;469,14136,0.976723;524,14624,0.81257;705,23447,0.850093
9047,517980;7573,373510,0.999534;322,8191,0.943762;464,12784,0.971508;472,13842,0.81406;646,22011,0.849069
7779,442289;7274,375410,0.999907;220,5854,0.942458;343,9476,0.979888;307,9152,0.81527;447,15294,0.847393
5500,332698;6245,372816,0.999907;145,3476,0.94311;204,5745,0.978957;184,5904,0.819926;261,9246,0.850745
4131,251666;7800,375678,0.999814;202,2618,0.943855;193,4362,0.977933;136,4282,0.816574;214,7621,0.848417
2787,162405;8006,375032,0.999628;119,1746,0.94702;132,2668,0.981006;83,2518,0.819274;115,4031,0.8473
2080,119853;7953,375632,0.999814;57,946,0.947393;88,1471,0.980354;58,1801,0.818343;79,2808,0.846089
1380,79189;7987,374973,0.999721;68,651,0.949441;55,834,0.980819;28,910,0.818343;42,1509,0.846555
1632,93932;7931,373241,0.999907;119,774,0.951024;128,1249,0.97933;33,1077,0.818808;41,1483,0.845251
935,54222;8047,378738,0.999907;64,463,0.950279;74,848,0.979143;17,564,0.818808;21,762,0.847207
637,36759;8020,375810,0.999628;173,607,0.950745;124,795,0.980261;14,603,0.818808;15,694,0.845903
688,39846;7981,372689,0.999721;168,491,0.949721;59,641,0.978678;21,630,0.81825;14,679,0.845251
807,47017;8071,377865,0.999441;20,227,0.948976;32,379,0.978585;10,442,0.818156;17,660,0.847207
313,18015;8044,376440,0.999907;34,99,0.94879;41,113,0.978492;4,126,0.81797;12,434,0.846741
148,8521;7636,375708,0.999814;62,85,0.95;119,215,0.979888;5,121,0.818994;18,613,0.846369
39,2157;5583,374196,0.999534;59,59,0.948696;72,135,0.979981;6,157,0.817784;11,408,0.845345
