805,576201;1570,404559,0.999441;711,88688,0.957821;810,113944,0.990782;2527,88907,0.53054;2607,156231,0.736034
761,575402;1566,403352,0.999441;322,25480,0.953724;366,37826,0.979516;920,41144,0.620764;827,60033,0.818156
738,575571;1536,397907,0.999628;432,25266,0.950466;385,38698,0.979981;767,36155,0.650093;726,54009,0.829423
763,575795;1565,401239,0.999721;368,27456,0.942737;528,42491,0.972905;810,37471,0.675698;830,60373,0.839851
821,576038;1544,396955,0.999069;477,29139,0.933985;514,45600,0.974302;852,39837,0.713966;903,64109,0.8473
814,576335;1556,396344,0.999721;548,32513,0.936965;551,49677,0.97933;892,40316,0.722719;1006,69351,0.854749
745,576379;1553,397843,0.999721;459,32803,0.928305;551,49315,0.976723;923,40414,0.712291;998,69661,0.850372
754,576461;1560,395472,0.999534;453,32854,0.922067;558,50099,0.97635;980,41963,0.74162;1020,69431,0.861918
734,576366;1536,391355,0.999534;522,32938,0.92365;544,49799,0.976536;913,41283,0.748231;991,67302,0.864991
712,576385;1561,394609,0.999814;503,32531,0.927095;540,48092,0.975419;903,39704,0.754935;959,66023,0.855307
724,576233;1538,391521,0.999721;511,31062,0.926909;533,46776,0.970298;827,37988,0.758845;933,64755,0.86257
742,576281;1548,388476,0.999255;530,31114,0.920019;548,47093,0.973836;840,38729,0.766387;930,64900,0.867039
798,576091;1524,386183,0.999628;522,29463,0.928957;537,43497,0.973743;799,36949,0.782682;844,60800,0.879143
736,575922;1541,387060,0.999162;628,27993,0.924581;512,42324,0.977002;759,36711,0.786127;816,58876,0.88175
760,575963;1513,383628,0.998417;688,27706,0.92095;516,41285,0.972439;671,34168,0.782123;788,57529,0.861266
725,575865;1546,388077,0.998976;572,27435,0.921788;485,40761,0.972346;705,35331,0.796276;768,56539,0.871322
744,575653;1526,386389,0.998138;441,25201,0.921136;509,37724,0.97095;618,32262,0.796741;676,51512,0.872439
787,575465;1533,385422,0.999162;408,22826,0.933985;454,34599,0.975047;554,30535,0.808473;625,47577,0.867039
787,575320;1527,386811,0.999162;383,22570,0.929888;436,33805,0.973557;567,30145,0.810987;621,47067,0.85987
769,575198;1535,385258,0.999255;368,21489,0.93622;372,31002,0.974302;500,28585,0.821136;574,44532,0.858752
780,575311;1511,381750,0.998976;402,21129,0.934078;364,31109,0.971695;519,28577,0.815363;564,44962,0.854376
794,575237;1524,383728,0.99879;485,20251,0.938454;365,29669,0.97784;478,27346,0.816853;545,43223,0.856797
822,575118;1511,382070,0.99879;323,19442,0.945903;341,27814,0.977561;471,26422,0.822253;519,41233,0.856425
826,575012;1530,383928,0.999441;333,18235,0.949721;435,26953,0.975326;466,25475,0.830261;511,40298,0.868808
818,574977;1524,384665,0.999162;304,17309,0.950559;402,25386,0.972998;433,24768,0.824674;505,39084,0.862849
794,575061;1525,381622,0.999255;419,18160,0.950279;351,25713,0.970112;403,24291,0.826257;465,37617,0.86527
753,574905;1516,382056,0.999441;490,17793,0.948883;339,25646,0.977654;401,24133,0.830168;472,37853,0.863315
764,574936;1524,383936,0.998417;337,16669,0.950838;318,24155,0.978212;353,22057,0.82095;415,35457,0.86108
805,574896;1523,383857,0.999534;275,16272,0.950466;348,22734,0.979423;373,23218,0.830912;442,35486,0.856145
777,574884;1518,383159,0.999255;307,16507,0.946276;391,23735,0.975791;379,23199,0.843389;446,35705,0.85568
808,574866;1541,385466,0.999628;347,15811,0.948324;292,22001,0.983147;343,21602,0.836406;372,32174,0.850466
770,574869;1515,381159,0.997672;280,15638,0.94432;395,22492,0.978212;341,22088,0.839292;405,34522,0.856425
784,574689;1521,381995,0.999162;218,14806,0.952142;280,20547,0.98175;311,20932,0.845903;357,31725,0.854097
794,574745;1589,383453,0.999348;264,14842,0.959311;287,20460,0.979795;328,21182,0.843669;394,32468,0.853724
792,574829;1634,382721,0.997952;345,15575,0.95568;308,21299,0.980354;339,21345,0.83892;400,33281,0.853352
776,574737;1638,382430,0.997952;283,15452,0.95298;371,21983,0.98324;339,21532,0.837058;407,33101,0.857356
828,574800;1635,382316,0.998231;365,15718,0.960708;345,20672,0.978492;335,21563,0.839572;387,32199,0.853911
782,574785;1629,380528,0.999348;304,14956,0.960521;421,20914,0.978399;331,20990,0.843669;392,32679,0.857542
800,574703;1636,382092,0.997672;256,15029,0.966946;264,20201,0.98054;303,19975,0.840037;355,30207,0.854376
780,574743;1637,382928,0.999628;406,14643,0.962663;290,20551,0.982495;300,20220,0.846648;350,30485,0.853445
822,574772;1649,386603,0.998324;352,15352,0.953631;348,21805,0.980168;336,21427,0.839758;385,32761,0.850652
828,574736;1634,382170,0.9973;317,15279,0.956238;389,20820,0.977281;324,21292,0.843296;400,32848,0.847952
772,574781;1625,380526,0.998696;361,15345,0.955587;306,21138,0.978119;316,20760,0.840317;379,31683,0.848231
714,574795;1625,380599,0.999441;269,15288,0.951583;294,21477,0.978305;326,21087,0.838268;401,32658,0.853166
781,574720;1626,380514,0.99702;330,14794,0.950931;250,20231,0.972346;316,20743,0.842644;358,30904,0.850093
723,574787;1644,384769,0.997952;279,15101,0.961173;286,20887,0.975791;308,20828,0.842831;367,32322,0.85419
695,574797;1638,383852,0.999255;332,15177,0.955214;282,21331,0.977747;320,20949,0.839106;364,32249,0.851676
696,574745;1645,384769,0.999441;251,14759,0.956797;276,20720,0.983799;299,20503,0.843948;344,30812,0.8527
714,574716;1636,382971,0.998324;253,14656,0.956331;318,20817,0.984451;313,20745,0.844879;379,31610,0.851769
731,574753;1658,388768,0.999907;249,15005,0.958566;273,21198,0.986313;302,20236,0.842924;358,31169,0.857076
715,574750;1646,385896,0.999534;226,14827,0.954283;317,21264,0.983799;311,20863,0.845624;379,32381,0.857076
719,574621;1636,383378,0.999628;241,14174,0.955773;257,20098,0.982868;291,19727,0.842924;360,30661,0.856611
729,574801;1639,383021,0.999907;466,15563,0.955959;337,21292,0.981564;331,21093,0.845624;374,31477,0.854749
749,574742;1640,383625,0.998976;378,14475,0.956052;372,20387,0.981192;285,19860,0.842924;345,29913,0.8527
725,574729;1643,382064,0.999628;286,14207,0.957076;261,19926,0.982588;272,19244,0.840503;329,29277,0.851862
762,574706;1652,385657,0.999534;311,14768,0.959497;275,20654,0.981378;315,20387,0.841341;382,32052,0.851397
774,574733;1659,388083,0.999534;309,15015,0.962291;250,20332,0.983333;311,20233,0.843575;387,30354,0.850838
723,574730;1641,381996,0.999162;202,14227,0.961359;228,19572,0.984544;291,19566,0.842551;352,30887,0.853538
811,574800;1644,384974,0.999534;238,14426,0.959777;249,20280,0.982588;327,20635,0.84432;364,31524,0.852328
799,574746;1638,382470,0.999441;334,14283,0.961173;269,19876,0.984823;323,20772,0.84702;356,31156,0.858659
764,574634;1652,385261,0.999628;370,14331,0.962477;255,19883,0.984171;299,20398,0.845903;344,30388,0.854749
754,574745;1641,382672,0.999721;219,14591,0.95987;269,20995,0.985568;315,20835,0.8473;380,31997,0.855587
751,574762;1639,383921,0.999628;204,14683,0.957169;249,20758,0.982309;325,21257,0.849907;370,32142,0.856611
702,574732;1680,383226,0.998976;227,14911,0.958659;259,20826,0.980633;330,21113,0.849534;383,32182,0.855121
782,574829;1632,386678,0.998976;260,15325,0.954562;285,22282,0.982588;334,21729,0.84581;395,33651,0.852793
759,574780;1638,385260,0.998976;282,14937,0.957356;324,20891,0.982682;331,21028,0.845996;398,32524,0.853445
740,574862;1641,386401,0.997672;504,16267,0.957356;292,23469,0.987151;360,22479,0.841248;452,36101,0.849814
710,574865;1653,388382,0.999441;259,16491,0.95568;353,23563,0.980633;382,22720,0.839758;424,34925,0.852142
705,574953;1669,389408,0.998696;334,16927,0.950838;537,25366,0.984264;382,23317,0.839758;434,35147,0.849814
726,574859;1662,386820,0.998976;433,16560,0.956052;389,23436,0.98324;356,22298,0.833426;421,34819,0.846927
734,574967;1636,388381,0.999162;307,17395,0.958473;344,24641,0.983706;412,23922,0.829795;463,36927,0.842272
734,574802;1625,386117,0.999721;317,16685,0.952235;366,24409,0.981564;361,22994,0.821881;426,36404,0.839851
824,574832;1650,387522,0.999907;309,16726,0.949441;310,24035,0.984358;413,23329,0.817784;475,36487,0.839665
796,574370;1639,386123,0.999069;333,16803,0.950466;279,23479,0.979609;387,23287,0.812104;472,37301,0.85
739,574501;1636,390334,0.999721;282,16990,0.94851;297,24447,0.980726;409,23889,0.804749;466,37113,0.840317
712,573398;1643,385859,0.998976;312,17329,0.942179;321,25288,0.98054;383,24435,0.803352;467,37646,0.840223
742,572633;1639,385248,0.999069;316,16862,0.947672;356,23928,0.979702;397,23746,0.8027;436,36228,0.833147
753,570548;1625,387060,0.999441;333,16332,0.948696;464,23870,0.980912;393,23689,0.808007;445,36734,0.8473
729,567953;1646,386343,0.999907;279,16957,0.944786;308,24568,0.983054;412,24153,0.803073;469,36836,0.834264
753,565779;1638,382713,0.999907;285,15973,0.939199;292,22332,0.980912;366,22350,0.800559;408,34333,0.84013
741,560753;1607,384059,0.999907;258,15693,0.935102;296,22338,0.974953;350,21875,0.795531;401,33199,0.839479
748,554154;1636,386249,0.999814;256,15083,0.925885;268,21102,0.976909;356,21935,0.80298;401,33544,0.852328
735,549595;1617,381893,0.999907;243,14397,0.930168;250,19548,0.967318;347,21253,0.811266;373,31101,0.850559
704,539683;1517,381975,0.999721;275,14656,0.925698;249,20780,0.972439;327,20819,0.803818;388,32385,0.859404
674,535996;1538,382974,0.999907;248,13040,0.921322;253,18462,0.975885;272,18680,0.799721;318,28017,0.860708
667,531018;1526,383952,0.999907;275,12204,0.920205;222,17090,0.970391;265,17921,0.797486;310,27130,0.857449
672,528336;1510,381113,1;244,12425,0.927002;213,17105,0.975233;261,17820,0.81527;290,26340,0.862384
664,525868;1538,382981,1;223,11916,0.922998;326,17123,0.971974;262,18109,0.826443;295,26893,0.862663
665,522713;1628,380071,1;247,11373,0.917877;200,16302,0.97067;246,16682,0.824581;288,25647,0.865363
671,521921;1638,382109,1;236,10967,0.926257;193,15302,0.97365;235,15771,0.827747;271,24048,0.861639
696,520437;1653,381875,0.999907;223,11867,0.93203;208,16445,0.975885;253,16601,0.826164;296,25361,0.867598
695,521931;1632,380855,0.999907;197,11081,0.926816;217,15517,0.973464;240,16203,0.822905;289,24662,0.872719
695,516674;1643,384867,1;196,11126,0.92784;254,15141,0.974953;238,15733,0.825512;257,23242,0.872253
651,517015;1639,382401,1;246,11209,0.933333;276,15262,0.972626;236,15889,0.820857;260,23647,0.867877
649,516229;1636,382279,0.999907;201,10115,0.929981;191,14150,0.975698;202,14562,0.816667;243,22267,0.870484
647,517361;1639,383158,0.999628;182,11318,0.928212;208,15738,0.973929;262,16724,0.817318;299,26374,0.871601
676,512845;1644,384749,0.999814;193,10640,0.927374;210,15501,0.974581;216,15720,0.814618;234,23139,0.867784
666,514209;1637,382083,0.999814;217,11175,0.929236;248,15418,0.975419;222,15287,0.816387;263,22905,0.868901
657,509634;1638,381659,1;215,11121,0.928678;225,15461,0.971229;221,15688,0.815736;258,23982,0.866667
640,508098;1647,385888,1;152,10607,0.929702;180,14370,0.970298;227,15268,0.813222;261,23067,0.86108
649,506232;1638,383493,0.999628;209,10520,0.933613;209,14629,0.971695;245,15619,0.807635;279,23944,0.870112
656,506501;1641,385170,0.999628;255,10412,0.932123;226,14659,0.967039;218,15153,0.804749;253,22302,0.863315
642,500113;1621,379436,0.999814;168,10428,0.928678;192,14681,0.967784;224,15177,0.806145;263,22931,0.866853
648,495376;1623,380501,1;187,10367,0.928585;203,14280,0.967132;226,15067,0.805773;257,22343,0.864804
626,490035;1636,380834,0.999814;187,9794,0.933054;212,13933,0.968994;221,14840,0.806425;235,20803,0.862291
621,485400;1650,383035,0.999907;178,9282,0.934544;190,12941,0.966108;205,14285,0.812011;227,20383,0.867412
619,482736;1629,382913,1;167,9076,0.934358;186,12277,0.96648;197,13551,0.813222;215,19571,0.864153
615,481452;1629,383710,1;144,9233,0.932682;149,12140,0.96676;177,13541,0.819553;198,19470,0.866201
599,478793;1637,385559,1;147,8812,0.931471;156,12380,0.966946;180,13454,0.826909;211,19488,0.864525
594,475663;1602,385092,0.999814;186,8433,0.930912;161,11980,0.968529;161,12160,0.827561;186,18098,0.865177
604,476518;1618,383949,0.999814;306,9306,0.93473;229,12252,0.970112;177,12964,0.82784;204,18955,0.866015
606,476474;1636,382205,0.999814;214,8778,0.930447;177,12028,0.964246;177,12592,0.826909;216,19141,0.873371
586,470747;1643,383114,0.999721;238,9577,0.927002;173,13410,0.964618;197,13810,0.823371;234,21007,0.876257
595,468381;1629,385865,0.999814;185,9564,0.927561;179,13774,0.967784;194,13549,0.81825;215,20340,0.872719
593,466328;1650,385968,1;219,8299,0.928026;191,11467,0.966853;159,12093,0.823184;181,17482,0.876071
579,464919;1639,384305,0.999814;171,8516,0.930354;182,11944,0.969926;163,12208,0.820019;193,18509,0.87486
593,463879;1630,385213,0.999907;126,7894,0.929702;146,11093,0.972253;159,11770,0.821043;180,17456,0.87635
580,459589;1645,382879,0.999907;151,8074,0.928864;157,11516,0.974674;152,11987,0.81946;198,17667,0.875605
570,449798;1642,385129,0.999907;137,7667,0.928957;135,10452,0.974395;147,10829,0.818994;155,15462,0.876257
595,450230;1639,383115,0.999814;127,7171,0.932216;138,9720,0.973464;134,10575,0.822812;152,15382,0.877374
564,450765;1654,386365,0.999907;189,8101,0.926536;162,11246,0.969646;158,11656,0.824488;187,17585,0.876164
563,445167;1642,386113,0.999814;146,7601,0.926909;166,10679,0.972253;165,10620,0.828119;166,15846,0.87784
558,436874;1636,385033,0.999907;192,7214,0.931844;171,9836,0.977002;144,10340,0.829888;155,15184,0.87905
555,434291;1647,384431,0.999814;150,7633,0.930168;164,10476,0.972626;153,10835,0.827747;178,16580,0.881285
541,425625;1640,385740,0.999907;148,6875,0.925512;179,10418,0.976071;142,10211,0.826164;162,15059,0.882775
549,421332;1660,385931,0.999721;149,8039,0.920112;183,11291,0.96825;183,11494,0.829702;204,17750,0.884171
509,407021;1643,386119,1;155,7051,0.921788;157,9792,0.968715;146,10194,0.837151;172,15591,0.887151
498,388646;1664,381230,0.999907;138,6228,0.91676;157,8852,0.964804;133,9300,0.838454;148,13943,0.888734
481,374942;1636,386005,0.999721;128,5609,0.91825;150,7829,0.967691;106,7970,0.836034;127,12179,0.888454
476,373665;1654,388587,1;128,5910,0.915922;139,8235,0.96797;114,8425,0.834264;142,13094,0.887616
467,366535;1630,386216,1;135,5388,0.917318;145,7377,0.971601;97,7264,0.83622;113,10792,0.887896
459,368475;1541,385762,1;156,5941,0.911639;183,8655,0.970112;119,8156,0.830168;140,12766,0.885847
485,357969;1604,388829,0.999814;115,5259,0.908194;127,7291,0.968715;105,7507,0.834637;119,11004,0.887523
433,346067;1648,385232,0.999907;115,5198,0.913315;125,7007,0.970205;94,7005,0.834916;110,10517,0.88594
459,344625;1661,386814,0.999907;119,5161,0.91406;112,7068,0.968715;90,6829,0.831564;111,10601,0.885475
505,331603;1640,387228,0.999907;121,5011,0.910149;137,7321,0.968529;102,6993,0.834637;114,10853,0.887896
438,316756;1672,386571,0.999814;160,4901,0.909125;135,7066,0.967598;98,6787,0.836965;113,10201,0.888082
427,298578;1652,385675,0.999907;119,4530,0.910894;111,6236,0.96797;80,5840,0.836872;95,8733,0.888361
410,287229;1537,388459,0.999814;118,3988,0.908752;109,5452,0.968156;71,5386,0.84041;88,8305,0.889665
405,272763;1535,385977,0.999907;117,3843,0.908194;118,6029,0.968808;74,5242,0.838268;92,8306,0.889944
455,257794;1525,388408,0.999721;139,3600,0.905121;112,5243,0.967318;67,4655,0.839758;81,7000,0.890037
388,248895;1540,386269,1;113,3215,0.908659;98,4265,0.968994;53,3950,0.840875;59,5740,0.89162
363,230203;1562,387335,0.999814;94,3079,0.908101;102,4559,0.968343;58,4009,0.840037;64,5944,0.891434
316,215200;1521,385234,0.999814;104,2962,0.906238;103,4148,0.966853;53,3685,0.840689;60,5560,0.892365
286,196359;1509,382079,0.999721;114,2536,0.906797;81,3787,0.967784;46,3319,0.840782;56,5116,0.892737
273,185047;1521,385908,0.999907;108,2468,0.903166;231,3845,0.967505;43,3109,0.839665;52,4876,0.891713
247,170825;1528,385927,0.999907;114,2274,0.901769;81,3202,0.967039;38,2773,0.838734;42,4166,0.889665
237,162715;1524,385091,1;121,2069,0.899069;95,3268,0.965363;42,2761,0.837523;48,4509,0.889758
215,146222;1519,384905,0.999814;54,1441,0.900093;78,2114,0.964153;23,1853,0.837709;27,2778,0.890596
242,148049;1515,383038,0.999441;69,1523,0.899721;101,2469,0.966015;40,1985,0.83743;32,3159,0.890968
257,148054;1534,385350,0.999907;97,1808,0.9;83,2566,0.965177;33,2318,0.836685;39,3594,0.89041
222,136042;1528,386996,1;89,1568,0.899255;100,2186,0.965549;24,1756,0.836685;28,2736,0.890037
206,128564;1539,384623,0.999721;113,1498,0.901676;75,2126,0.96527;27,1849,0.837803;31,2973,0.890875
183,121922;1645,384638,1;64,1230,0.90149;52,1759,0.964618;20,1531,0.838082;23,2282,0.890968
174,122874;1645,383289,0.999907;72,1381,0.901117;85,2155,0.96406;24,1727,0.837523;41,2684,0.890689
155,116211;1632,383856,0.999814;110,1297,0.900186;100,2025,0.963408;23,1639,0.836965;27,2557,0.890503
165,114261;1646,385956,0.999814;79,1177,0.900745;149,1674,0.962849;20,1446,0.836685;21,2081,0.888641
166,118057;1646,385358,0.999721;96,1130,0.901024;57,1554,0.963408;17,1327,0.836127;20,1956,0.888268
174,124696;1655,384430,0.999907;82,1460,0.902793;71,2050,0.964991;24,1701,0.836685;28,2656,0.888827
171,114256;1651,383797,1;89,1221,0.902886;86,1828,0.964525;23,1496,0.838547;22,2132,0.889944
155,105622;1661,383616,0.999628;81,1157,0.903538;71,1660,0.963966;18,1348,0.839292;21,2037,0.890782
148,97870;1666,386044,0.999814;49,912,0.903445;54,1188,0.962384;16,1144,0.838454;17,1678,0.889665
131,100769;1656,383654,0.999907;40,875,0.903538;63,1377,0.964525;14,1105,0.839292;16,1669,0.890503
122,93027;1662,386076,0.999721;76,961,0.903818;58,1278,0.96406;15,1171,0.839572;17,1764,0.890875
122,94949;1653,384120,1;80,926,0.903352;73,1422,0.964153;16,1136,0.839199;17,1719,0.889944
144,105554;1663,383749,1;81,1006,0.903073;67,1580,0.963687;17,1256,0.839665;24,1950,0.890596
119,94900;1654,384610,0.999907;49,810,0.901955;68,1252,0.963222;15,1104,0.839106;16,1522,0.891434
133,91000;1657,383123,0.999907;105,848,0.904097;196,1397,0.964898;13,971,0.839385;14,1419,0.891806
133,90992;1647,382991,0.999907;71,867,0.904469;55,1211,0.964525;14,1005,0.839479;15,1510,0.891993
127,84133;1652,384593,0.999721;48,765,0.90298;62,1170,0.965177;12,928,0.839572;15,1442,0.892086
137,90044;1654,385329,0.999907;81,1008,0.901769;69,1382,0.964246;18,1267,0.839385;21,2027,0.891434
117,88073;1652,385163,0.999628;83,874,0.898883;64,1327,0.964804;13,986,0.838175;15,1478,0.890037
107,82152;1652,383636,0.999907;80,753,0.900279;45,1091,0.963315;12,902,0.837337;13,1333,0.889944
89,69276;1661,385905,0.999814;95,730,0.900838;59,1081,0.964246;12,882,0.838082;12,1200,0.890503
94,66264;1655,383949,0.999628;68,572,0.900279;25,724,0.963594;10,771,0.837523;10,1017,0.889758
101,73254;1655,385127,0.999907;39,552,0.899907;71,922,0.963873;10,759,0.83743;10,1017,0.889944
98,66271;1662,384457,0.999907;72,589,0.900186;75,946,0.962849;12,805,0.836778;12,1177,0.889385
94,66269;1647,385182,0.999534;67,584,0.900372;69,986,0.963315;11,798,0.837151;10,949,0.889665
84,62262;1643,384129,0.999721;99,667,0.900466;98,938,0.96257;10,759,0.836406;11,1072,0.889292
94,65273;1653,385925,0.999907;100,612,0.899534;66,827,0.96257;10,739,0.836499;25,1090,0.889385
94,64262;1644,384120,0.999628;110,657,0.899162;94,1223,0.963408;13,864,0.835661;14,1335,0.890503
68,49074;1644,383753,0.999814;75,476,0.899348;54,675,0.963035;9,643,0.835196;10,914,0.890037
78,53140;1644,383901,0.999907;42,409,0.900372;47,642,0.962849;8,589,0.835382;8,767,0.890037
70,49076;1649,385845,0.999907;44,427,0.900745;54,668,0.963315;8,555,0.835661;9,866,0.890503
66,47031;1646,384587,0.999814;39,412,0.900279;53,605,0.962849;7,526,0.835196;8,785,0.89013
75,52123;1642,383766,0.999628;25,386,0.900466;24,511,0.962942;7,511,0.835289;7,742,0.89041
77,53128;1644,383719,0.999441;42,420,0.899814;44,678,0.962756;8,601,0.835382;10,1009,0.890317
74,48052;1645,383418,0.999441;40,444,0.899721;76,655,0.963594;7,545,0.835661;8,793,0.890875
65,47045;1649,385302,1;36,433,0.899628;37,610,0.963035;7,540,0.835568;8,726,0.890596
70,50091;1647,384910,0.999348;30,366,0.900093;32,526,0.96257;7,532,0.835102;7,763,0.890223
74,53132;1651,384559,0.999814;38,393,0.899907;60,678,0.963035;7,539,0.835382;10,905,0.890596
83,48048;1645,383989,0.999721;80,434,0.900372;32,607,0.962942;9,624,0.835289;9,851,0.890317
79,51106;1644,382398,0.999814;34,433,0.900186;47,617,0.96257;8,583,0.835289;8,795,0.890223
71,46016;1641,383686,0.999628;87,559,0.900745;316,1285,0.963128;8,602,0.834544;10,875,0.889758
65,46012;1651,385411,0.999628;33,390,0.899534;38,525,0.961732;8,586,0.835009;8,776,0.89041
79,50099;1655,385713,0.999814;66,434,0.899069;36,552,0.961732;8,570,0.835196;9,827,0.89041
74,49074;1653,384738,1;49,508,0.899255;60,787,0.963501;9,641,0.835661;9,885,0.889385
79,47047;1642,383425,0.999814;85,577,0.899814;79,981,0.963501;9,692,0.836034;10,1025,0.889665
84,43958;1637,382447,0.999814;238,611,0.900279;163,789,0.963687;10,620,0.836034;8,716,0.888268
87,51093;1651,386272,1;33,397,0.900372;41,623,0.963408;7,549,0.835568;7,685,0.887989
90,51094;1610,384827,0.999721;32,406,0.9;49,623,0.963687;8,580,0.836034;8,837,0.888175
75,45990;1517,382491,0.997672;50,424,0.900559;47,615,0.963873;7,489,0.835754;7,689,0.887709
75,48032;1531,385372,0.999628;41,414,0.900279;42,581,0.963594;6,444,0.835847;8,643,0.889013
60,42928;1529,383570,0.999721;59,401,0.900559;53,516,0.963501;4,476,0.835661;8,659,0.889292
74,43949;1544,385612,0.999348;42,386,0.900838;43,475,0.963687;7,490,0.835754;8,694,0.89041
85,48031;1520,382530,0.999441;41,375,0.900372;28,527,0.96378;6,453,0.835754;8,718,0.89041
72,49043;1527,384334,1;74,397,0.899721;36,595,0.963222;6,478,0.835475;7,661,0.890503
74,45988;1528,383855,0.999907;49,375,0.900466;50,502,0.963408;7,515,0.835661;9,786,0.89041
69,44986;1535,383694,0.999721;71,424,0.898696;153,939,0.963501;10,740,0.835661;12,1101,0.889479
46,31594;1529,384918,0.999814;43,344,0.898603;54,420,0.963501;6,421,0.835102;7,627,0.889479
48,34704;1548,386267,0.999441;41,307,0.898324;65,594,0.962663;5,372,0.835289;9,721,0.889385
43,30559;1553,386610,1;63,362,0.898696;65,558,0.963128;7,385,0.834637;7,608,0.889479
49,33664;1561,386849,0.999628;55,346,0.898231;55,520,0.963873;5,336,0.83473;7,600,0.890503
60,36751;1527,381886,1;50,388,0.898603;43,523,0.963873;5,335,0.834358;6,566,0.890782
69,37799;1546,385650,1;157,488,0.899348;70,634,0.963966;7,431,0.834358;9,804,0.890689
53,35722;1548,385629,0.999814;65,356,0.899721;58,438,0.963594;4,284,0.834358;6,527,0.890503
64,35718;1548,384788,0.999628;89,374,0.899348;58,629,0.963966;6,357,0.834451;5,519,0.890875
57,32616;1529,385813,0.999441;46,330,0.899628;36,417,0.963873;4,314,0.83473;6,600,0.891155
53,31589;1536,382303,0.999814;68,340,0.899069;73,527,0.963873;6,355,0.834544;6,570,0.890875
60,33651;1626,382603,0.999721;54,309,0.899441;51,368,0.963687;4,279,0.834264;5,450,0.890596
64,35722;1627,383452,0.999721;56,353,0.899069;51,518,0.964339;5,315,0.834544;5,518,0.890875
60,32621;1632,383782,0.999628;31,334,0.89851;61,540,0.963594;5,341,0.833613;6,579,0.890596
64,35718;1625,383116,1;54,340,0.899069;50,404,0.963687;5,329,0.834264;6,502,0.890689
51,29498;1638,383835,0.999814;58,313,0.900186;47,399,0.964246;4,266,0.833892;5,456,0.890689
44,28465;1626,382837,0.999907;36,290,0.899628;36,345,0.963501;4,246,0.834078;4,387,0.890503
52,31582;1629,383313,0.999534;44,296,0.900186;52,359,0.96406;4,259,0.834171;5,453,0.89041
51,31574;1622,384468,0.999814;59,342,0.899441;44,451,0.96378;5,299,0.834078;6,489,0.890503
49,28461;1637,384432,0.999814;94,376,0.899534;27,338,0.963222;3,239,0.833706;4,385,0.890782
50,30542;1648,385285,0.999721;45,293,0.899441;51,345,0.96378;4,260,0.833892;5,499,0.890596
58,29504;1520,386064,0.999907;35,240,0.899441;38,370,0.964246;4,255,0.834078;5,507,0.890689
58,31583;1522,385543,0.999628;54,337,0.899721;45,450,0.96378;4,288,0.834171;5,503,0.890689
50,29506;1525,385121,0.999721;71,315,0.89851;62,482,0.96378;6,365,0.833799;6,541,0.89013
45,29486;1522,383999,1;44,257,0.899534;31,363,0.963873;3,223,0.834171;5,423,0.89041
45,26373;1506,384908,0.999907;42,273,0.899069;52,411,0.963501;4,257,0.833985;5,483,0.890875
40,26379;1508,383996,0.999628;39,238,0.89851;48,405,0.96378;5,339,0.833054;6,493,0.889385
37,21149;1515,384004,0.999721;46,161,0.899348;30,252,0.96406;2,144,0.833054;3,293,0.889292
36,21153;1517,382068,0.999907;52,267,0.899255;101,506,0.964153;4,224,0.832961;5,391,0.89013
19,12737;1511,385491,1;22,100,0.898976;29,154,0.963966;1,62,0.833054;3,201,0.890223
22,12742;1517,383434,0.999814;39,123,0.897207;40,201,0.964153;2,107,0.832868;4,275,0.889758
20,11688;1514,383562,0.999814;52,238,0.896648;54,376,0.963408;3,118,0.833706;6,544,0.889944
4,1083;1532,385687,1;192,189,0.896462;63,140,0.963035;5,153,0.833706;3,123,0.888547
12,6388;1508,381972,1;25,25,0.896462;10,19,0.963035;1,66,0.833706;1,23,0.888547
11,6388;1535,385329,0.999441;10,18,0.896462;22,44,0.963035;2,81,0.833706;1,23,0.888547
13,6388;1647,384700,0.999628;9,17,0.896462;87,125,0.964432;1,58,0.833706;2,85,0.889944
15,6388;1659,386006,0.999721;9,15,0.896462;9,35,0.964432;1,58,0.833706;1,87,0.889944
14,6388;1644,381638,0.999721;9,17,0.896462;9,32,0.964432;1,58,0.833706;1,88,0.889944
13,6388;1653,385479,0.999441;10,15,0.896462;10,35,0.964432;1,57,0.833706;1,88,0.889944
11,6388;1653,383580,1;9,17,0.896462;10,35,0.964432;1,58,0.833706;1,87,0.889944
12,6388;1650,385384,0.999814;9,17,0.896462;10,37,0.964432;1,57,0.833799;1,88,0.889944
12,6388;1662,385199,1;123,116,0.897672;9,34,0.964432;1,58,0.833799;1,88,0.889944
13,6398;1654,383506,0.999348;190,221,0.897393;110,280,0.964153;3,183,0.832868;4,330,0.889758
4,1083;1652,382330,0.999628;52,52,0.896648;25,39,0.963408;3,87,0.832868;4,223,0.889944
5,1080;1662,386721,0.999907;54,53,0.896648;155,244,0.964246;3,108,0.833613;2,73,0.889851
5,1083;1651,382761,1;10,17,0.896648;65,119,0.964339;2,63,0.833799;2,93,0.889944
5,1082;1656,385079,0.999628;20,26,0.896089;53,91,0.964525;2,73,0.833892;2,83,0.890037
18,9557;1658,384768,0.999907;10,15,0.896089;26,113,0.964525;2,127,0.834078;2,159,0.890037
16,9558;1522,384901,0.999814;9,16,0.896089;21,99,0.964525;2,100,0.833985;2,160,0.889944
17,9557;1533,384928,0.999721;9,15,0.896089;21,96,0.964525;2,107,0.833985;2,160,0.889851
18,9558;1520,384100,0.999814;8,16,0.896089;9,84,0.964432;2,84,0.833892;2,127,0.889851
20,9557;1546,387103,1;8,16,0.896089;20,93,0.964525;2,84,0.833985;2,130,0.889944
22,9557;1529,385663,0.999721;9,16,0.896089;20,104,0.964432;2,85,0.834078;2,130,0.890037
19,9557;1545,387345,0.999907;9,16,0.896089;22,97,0.964432;2,85,0.833892;1,130,0.889851
20,9557;1516,382349,0.999907;9,15,0.896089;9,81,0.964432;2,84,0.833892;2,130,0.889851
17,9558;1541,385300,0.999441;9,17,0.896089;20,96,0.964525;2,85,0.833892;2,130,0.889851
25,9557;1534,386416,0.999721;9,15,0.896089;9,73,0.964432;2,85,0.833892;2,129,0.889851
17,9558;1534,384003,0.999814;10,16,0.895996;22,98,0.964432;2,85,0.833892;2,130,0.889851
24,10616;1537,386524,0.999907;19,39,0.896182;9,73,0.964432;2,108,0.833892;2,173,0.889944
19,9557;1538,383476,0.999628;9,16,0.896089;10,76,0.964525;2,84,0.833892;2,130,0.889944
16,9558;1518,383471,0.999907;78,69,0.897765;10,78,0.964525;2,85,0.833892;2,128,0.889944
18,10615;1524,385302,0.999814;19,72,0.897765;9,82,0.964525;2,108,0.833892;2,174,0.889944
17,9557;1528,386754,0.999534;9,60,0.897765;10,92,0.964432;2,85,0.833892;2,130,0.889944
16,9558;1524,383021,0.999907;9,57,0.897765;9,80,0.964525;2,85,0.833892;1,130,0.889944
17,10615;1513,383084,1;10,67,0.897765;10,90,0.964525;2,94,0.833892;2,144,0.889944
19,10615;1629,386741,0.999907;9,72,0.897765;10,90,0.964525;2,94,0.833892;2,143,0.889944
17,10615;1666,386073,0.999814;9,62,0.897765;10,80,0.964525;2,93,0.833892;2,143,0.890037
18,10615;1634,382623,0.999907;16,66,0.897765;9,90,0.964525;2,94,0.833892;2,142,0.89013
19,10615;1635,381772,0.999907;10,67,0.897765;10,87,0.964525;2,93,0.833892;2,143,0.89013
17,10615;1624,385224,0.999721;20,71,0.897765;9,91,0.964432;2,109,0.833892;2,172,0.89013
15,9558;1647,384227,0.999907;9,53,0.897672;9,84,0.964525;2,85,0.833892;2,129,0.89013
18,10615;1636,381364,0.999907;9,53,0.897672;10,86,0.964525;2,94,0.833892;2,143,0.89013
21,10618;1615,385557,1;32,83,0.897207;48,215,0.964432;5,147,0.833799;3,243,0.889944
17,9570;1617,383846,0.999628;79,229,0.897672;38,285,0.963501;5,274,0.833985;5,427,0.890223
4,1083;1653,384993,0.999907;43,38,0.896555;216,371,0.964525;4,132,0.833985;3,113,0.888827
11,6388;1653,383083,0.999814;53,57,0.897952;8,33,0.964525;2,81,0.833985;1,23,0.888827
12,6388;1619,380988,0.999814;10,31,0.897952;9,35,0.964525;1,58,0.833985;1,23,0.888827
14,6388;1574,385272,0.999628;9,35,0.897952;9,36,0.964525;1,57,0.833985;1,23,0.888827
13,6388;1545,384565,0.999814;9,30,0.897952;8,30,0.964525;1,58,0.833985;1,22,0.888827
12,6388;1504,383532,1;9,33,0.897952;8,32,0.964525;1,58,0.833985;2,65,0.890223
11,6388;1581,386443,0.999814;9,33,0.897952;9,35,0.964525;1,58,0.833985;1,88,0.890223
12,6388;1636,384184,0.999907;9,31,0.897952;9,36,0.964525;1,57,0.833985;1,87,0.890317
12,6388;1607,382777,0.999721;9,33,0.897952;9,39,0.964525;1,58,0.833985;1,88,0.890317
13,6388;1627,385870,0.999628;8,32,0.897952;8,33,0.964525;1,57,0.833985;1,88,0.890317
13,6398;1561,383554,0.999814;32,40,0.896648;26,67,0.963315;3,182,0.833706;4,324,0.889385
5,1083;1619,384380,0.999534;23,36,0.896741;49,144,0.964246;2,48,0.833054;2,79,0.889385
4,1080;1617,383744,0.999534;68,79,0.897486;43,82,0.964339;1,33,0.832961;4,202,0.89013
6,2144;1623,384995,0.999907;24,33,0.896834;61,149,0.964339;1,18,0.833054;2,113,0.890317
5,1082;1615,383212,0.999628;117,79,0.897672;38,44,0.964432;3,98,0.832402;2,63,0.890317
19,10615;1625,384552,0.999907;38,75,0.897952;9,88,0.964432;1,18,0.832402;2,128,0.890317
19,10615;1628,385381,0.999721;9,62,0.897952;9,98,0.964432;1,18,0.832402;2,128,0.890317
17,10615;1630,385416,1;9,69,0.897952;20,99,0.964432;1,18,0.832495;2,158,0.890317
19,9557;1625,384152,0.999907;9,65,0.897952;10,75,0.964432;2,62,0.833985;2,114,0.890317
16,9558;1625,386272,0.999907;8,68,0.897952;9,85,0.964432;2,74,0.833985;2,114,0.890317
19,10615;1617,385197,1;9,63,0.897952;9,91,0.964432;2,83,0.833985;2,128,0.890317
19,10615;1612,383954,1;9,63,0.897952;9,90,0.964432;2,83,0.833985;2,128,0.890317
20,10615;1618,383952,1;20,72,0.897952;9,87,0.964339;2,98,0.833985;2,158,0.890317
19,9558;1611,384261,1;8,61,0.897858;10,84,0.964432;2,74,0.833985;2,114,0.890317
20,10615;1611,383673,0.999907;9,65,0.897952;10,91,0.964432;2,83,0.833985;2,128,0.890317
17,10615;1604,382306,0.999534;19,72,0.897952;9,89,0.964339;2,96,0.833985;2,156,0.890317
19,9558;1610,383056,0.999814;11,59,0.897858;10,89,0.964432;2,74,0.833985;2,114,0.890317
23,10615;1608,384462,0.999814;9,56,0.897858;9,88,0.964432;2,82,0.833985;2,128,0.890317
20,10615;1604,384673,0.999907;9,60,0.897858;9,89,0.964432;2,83,0.833985;2,127,0.890317
20,10615;1604,384999,0.999907;9,60,0.897952;10,95,0.964432;2,83,0.833985;2,127,0.890317
