147,182710;214,74602,0.984463;129,38196,0.878347;163,52041,0.96562;227,41396,0.892562;220,48260,0.964628
139,169135;208,72028,0.978182;68,14396,0.925289;87,21795,0.963636;101,16588,0.872727;108,21281,0.932893
140,170639;206,70939,0.985124;77,15227,0.910413;89,22218,0.949421;109,17902,0.852231;120,22554,0.913058
136,168579;218,70931,0.985785;83,14763,0.896529;100,22552,0.953058;123,17579,0.86281;114,22408,0.903471
135,167050;211,70655,0.98314;72,14287,0.906116;87,21103,0.955041;98,16695,0.880992;108,21591,0.910744
138,170972;205,69426,0.986777;80,15001,0.914711;94,22456,0.964959;102,17770,0.888264;112,22680,0.911405
140,168710;206,69300,0.98876;84,14552,0.901157;90,21483,0.955372;87,16567,0.865455;100,20522,0.914711
138,168598;203,68805,0.981818;83,14788,0.91405;95,21914,0.969256;101,16423,0.872066;100,20684,0.911736
139,169157;205,68447,0.984463;82,14674,0.905124;94,21788,0.956364;104,16888,0.89719;103,20118,0.920992
139,170520;204,68857,0.993058;98,14361,0.905124;103,22292,0.946777;93,16593,0.888264;119,21312,0.922314
142,172726;204,68390,0.986446;92,14976,0.909091;78,22805,0.958678;145,17672,0.879008;120,22022,0.914711
139,170794;200,66568,0.98843;89,15190,0.926281;102,22165,0.967934;111,17293,0.879008;115,21274,0.919008
143,172271;202,67795,0.992727;89,14491,0.930579;102,22034,0.956364;114,18170,0.87405;118,20742,0.912727
138,166916;194,66564,0.993719;78,13877,0.924959;99,20664,0.956364;102,16093,0.887603;99,18309,0.90876
142,171410;178,66179,0.99438;85,14351,0.937521;108,22346,0.975868;105,16558,0.900496;110,19462,0.92562
138,169408;177,66648,0.998347;86,13854,0.938512;100,19808,0.955372;89,15540,0.910413;104,17801,0.927273
138,171736;177,66180,0.990083;91,14475,0.932562;104,20883,0.962975;106,16573,0.891901;118,18374,0.924298
140,168939;167,65001,0.989091;84,13943,0.938182;98,20636,0.966612;99,16105,0.898182;103,18615,0.916033
140,169382;177,65999,0.989752;87,13687,0.93124;102,20178,0.974876;104,16050,0.900496;99,17228,0.927273
132,161020;180,65643,0.991405;79,12444,0.918347;97,18828,0.977851;91,14555,0.876694;98,17514,0.929256
141,170982;177,65174,0.992397;70,13780,0.917025;102,20550,0.970579;100,16179,0.881983;101,18045,0.924298
138,168642;177,65655,0.98843;85,13749,0.924959;97,19652,0.977851;94,15203,0.889256;98,17274,0.918017
143,171990;197,65073,0.993388;88,13793,0.918347;110,20411,0.971901;102,16315,0.89124;106,18713,0.930248
144,172725;194,64051,0.995372;88,13886,0.913388;103,20931,0.986777;112,15917,0.892231;104,17720,0.943471
143,172955;197,64193,0.989421;86,13453,0.927603;103,20047,0.975207;100,16085,0.889587;111,18379,0.923967
142,172153;194,63843,0.992727;92,13710,0.928595;105,20658,0.953388;103,16061,0.895207;109,18616,0.943802
147,173633;190,64713,0.993388;83,13670,0.929256;105,20655,0.973554;100,15929,0.88562;100,17628,0.91438
132,169478;193,64722,0.990413;83,13104,0.926612;93,18918,0.958347;93,14897,0.886612;94,16903,0.904793
133,171248;197,63921,0.993388;85,13481,0.916364;104,20514,0.97719;102,15906,0.912397;98,17542,0.919339
131,169124;195,63953,0.989091;90,13746,0.890248;101,20044,0.970248;99,15503,0.905124;106,18072,0.933554
137,171853;192,63125,0.991405;84,12929,0.873719;103,20021,0.959339;95,14994,0.870413;101,17810,0.90843
137,172275;198,64352,0.997025;92,13722,0.89157;92,20071,0.952066;101,15855,0.895868;100,17287,0.893223
136,170488;194,63291,0.973223;84,13210,0.915372;83,19273,0.937851;93,15640,0.886281;101,17886,0.906446
142,167730;196,63762,0.997355;85,12787,0.910083;95,18696,0.950083;95,14992,0.914711;101,17390,0.887603
136,162982;197,63799,0.992066;86,12296,0.934215;94,18095,0.963967;87,13756,0.892231;89,16987,0.917355
139,165874;194,63213,0.99405;84,12451,0.944132;88,17630,0.958017;91,13991,0.886942;97,16241,0.917686
141,170040;196,64123,0.997355;79,12468,0.921322;97,18948,0.959669;89,14223,0.880331;94,16745,0.917686
144,171786;196,64315,0.989091;62,12325,0.906777;89,17906,0.952727;93,14521,0.892893;93,16235,0.903471
145,173612;198,64486,0.985124;74,13050,0.900496;91,19209,0.935207;94,15597,0.889587;95,17819,0.93157
142,169564;186,63900,0.979504;92,13558,0.904132;98,18831,0.945785;96,15376,0.905455;100,17522,0.910083
147,175069;196,63502,0.995372;80,12952,0.920992;109,19209,0.96;101,15821,0.890248;100,17361,0.928264
141,164552;197,63577,0.989752;95,12121,0.896198;87,17618,0.950413;87,13764,0.897521;88,15922,0.921983
146,171196;199,64751,0.98843;74,12253,0.879339;92,17894,0.936198;90,14423,0.894215;95,17138,0.924959
146,170534;175,64009,0.987107;81,12054,0.898182;97,18329,0.966281;89,14845,0.899835;88,16360,0.897521
145,173689;182,64598,0.989421;82,13124,0.900165;93,19148,0.968926;96,15299,0.890909;95,17324,0.894215
135,172528;180,63512,0.997686;78,12038,0.922975;94,18198,0.962975;94,15102,0.889917;92,16583,0.927603
135,167554;196,64338,0.996364;88,12192,0.915372;98,18120,0.969917;81,14335,0.897851;93,16571,0.923967
133,167332;186,63711,0.993719;75,11596,0.904793;87,17405,0.972231;91,13764,0.916694;91,16033,0.92
138,170216;172,63296,0.993058;74,11864,0.915372;92,17522,0.977851;85,13787,0.912066;88,15857,0.939504
138,172020;199,63763,0.99405;87,11461,0.922314;80,16427,0.983802;78,13414,0.885289;77,15751,0.92562
143,173659;196,63285,0.986446;75,11739,0.918678;87,17083,0.961983;106,14500,0.90876;77,16138,0.913058
142,167162;183,63003,0.970579;68,10829,0.921653;77,15962,0.964959;78,13013,0.87405;77,14603,0.911074
144,170582;177,63678,0.995372;70,11296,0.922975;77,15963,0.969256;81,12726,0.890248;80,15477,0.927273
141,171900;175,63843,0.990744;81,11447,0.932893;91,16493,0.972562;81,13542,0.930909;85,15158,0.917025
144,169383;175,63678,0.990744;73,10216,0.934545;81,14801,0.972893;68,11511,0.922645;78,14082,0.940826
143,167640;174,63492,0.991736;91,11214,0.93719;82,15850,0.974545;75,12406,0.944793;76,13955,0.960661
142,168142;175,63664,0.990083;68,10406,0.935537;83,14387,0.973554;67,11444,0.921653;72,13304,0.94843
142,169707;175,63521,0.988099;64,10196,0.938843;75,14557,0.95438;66,11274,0.934545;64,13128,0.927603
144,167270;175,63872,0.99438;63,9753,0.94314;55,13945,0.964959;67,11134,0.939835;70,12289,0.935207
138,165366;175,63698,0.984793;65,10283,0.943802;79,14581,0.96595;69,11709,0.923306;71,13217,0.956694
140,169194;194,63150,0.979174;57,9146,0.941488;68,13230,0.963636;49,10908,0.942479;66,12700,0.964298
131,160054;195,63460,0.986777;78,9736,0.933884;82,13691,0.962645;66,11090,0.943471;67,12901,0.961322
138,163285;186,63851,0.992397;59,9575,0.951405;67,12968,0.944463;63,10571,0.921983;62,11744,0.945785
136,161821;182,65453,0.996033;69,8991,0.918017;72,12633,0.944463;62,10308,0.928595;62,11554,0.936198
142,169345;181,65512,0.990083;62,9365,0.925289;70,13200,0.957355;64,10645,0.930579;64,12477,0.921983
134,163920;179,65252,0.996364;56,8227,0.940826;59,11314,0.950083;51,8931,0.924628;55,10837,0.94314
136,161900;176,64709,0.991405;61,7727,0.929587;62,10993,0.962645;49,8778,0.908099;51,10254,0.94843
134,162779;177,64076,0.989421;50,8318,0.938843;58,11594,0.96562;52,9198,0.934545;57,11316,0.949421
140,165291;181,65693,0.982479;52,7133,0.927273;61,10249,0.945124;48,8629,0.958017;48,9641,0.962645
135,159881;180,65355,0.990744;61,7739,0.941818;58,11153,0.966612;48,8775,0.958347;51,10362,0.96
132,159887;182,65603,0.984793;52,7372,0.940496;56,10155,0.964628;41,7945,0.952397;44,9561,0.962314
128,151929;182,65596,0.991405;55,6674,0.930579;58,9025,0.942479;42,7613,0.946777;42,8392,0.966612
130,155080;181,66371,0.989091;43,6332,0.925289;42,8391,0.959008;35,7104,0.949421;39,8622,0.960661
126,154416;178,64805,0.990083;42,6241,0.928264;49,8564,0.974545;36,7019,0.958678;42,8595,0.966942
119,141916;178,65935,0.973884;29,4254,0.947438;41,6221,0.974215;26,5162,0.966281;27,6128,0.962645
82,100497;180,66171,0.992397;27,3100,0.944132;32,4163,0.974545;17,3475,0.966942;19,4291,0.978182
59,72171;195,66510,0.987107;22,1929,0.943471;26,2646,0.980165;10,2119,0.968595;12,2579,0.978843
44,42301;181,66500,0.990413;19,1013,0.946777;14,1439,0.979835;6,1195,0.966942;7,1436,0.977851
19,22712;184,67511,0.993719;6,340,0.944132;17,633,0.980165;2,446,0.966942;3,633,0.979835
6,7158;186,67343,0.993719;12,216,0.94843;7,227,0.981157;1,192,0.96595;1,250,0.979835
