142,182710;207,74301,0.982479;116,37446,0.881322;151,51753,0.952397;223,40751,0.881653;208,48462,0.977521
134,167636;204,72726,0.988099;57,14543,0.911736;81,21424,0.962314;100,17037,0.907107;100,20760,0.941818
144,170346;207,72494,0.993388;82,15807,0.909752;104,23530,0.966281;123,18455,0.900165;124,22937,0.927934
146,170656;188,71426,0.989752;88,15466,0.917025;92,22709,0.97124;113,18009,0.901818;112,22101,0.91405
142,168932;181,69493,0.987769;78,14664,0.91438;97,21975,0.967273;109,17510,0.893884;110,21370,0.919339
141,169308;179,68679,0.991074;78,15261,0.919339;65,22481,0.957025;73,17596,0.899835;77,21569,0.928264
142,170702;184,67933,0.980496;56,15050,0.914711;68,22909,0.967934;71,17170,0.883306;74,21264,0.923636
142,170812;177,66217,0.997025;80,14599,0.906116;96,21899,0.971901;105,17077,0.89157;113,20905,0.905785
142,166950;177,67060,0.996364;82,14224,0.919008;87,20752,0.972231;101,16041,0.909091;109,19280,0.89719
135,168312;176,66556,0.998017;89,13685,0.932893;103,20252,0.957355;106,16286,0.878347;101,18114,0.893884
139,173044;179,65984,0.991074;82,14360,0.895537;99,21680,0.959669;103,17133,0.86876;106,20302,0.91438
135,165680;174,65667,0.992397;80,13608,0.897521;94,19842,0.961653;89,15944,0.897851;96,17805,0.906446
140,165311;178,66329,0.992397;91,13497,0.919008;99,19384,0.963306;99,16472,0.907107;98,17737,0.872066
141,167922;175,65408,0.992727;76,13526,0.932893;92,19983,0.970909;91,15408,0.894545;96,18221,0.920331
148,174148;177,65930,0.99438;83,14203,0.920661;74,21574,0.972562;69,17026,0.898182;65,18953,0.919339
147,172619;175,65082,0.993388;74,13823,0.913388;88,20434,0.972893;94,16758,0.89157;100,19295,0.901157
144,169893;174,64667,0.98843;78,13702,0.935207;91,20076,0.978843;95,16194,0.89124;96,18771,0.916694
144,168448;175,64586,0.981488;74,13343,0.935537;95,19282,0.981488;89,15500,0.888595;95,18248,0.913058
143,167372;179,65488,0.982149;65,12631,0.92;59,18574,0.971901;109,14734,0.903471;116,17400,0.938843
150,174376;175,65489,0.995041;102,13274,0.921653;120,19872,0.964298;118,15888,0.900826;130,18408,0.907438
129,164489;178,64171,0.986446;83,11493,0.919669;67,16437,0.963636;81,13971,0.914711;85,16152,0.927273
135,172952;178,65238,0.992066;87,13119,0.922975;99,18866,0.957686;94,15039,0.905785;85,18213,0.927603
133,171598;176,64664,0.992397;51,12574,0.923306;62,19394,0.968926;64,15283,0.924628;65,17345,0.92595
131,167385;192,62969,0.975537;55,11721,0.93686;55,16410,0.949421;53,13006,0.888595;56,14995,0.918678
128,164808;192,63394,0.98876;48,11015,0.915372;50,16300,0.951736;53,13580,0.91438;52,15448,0.933884
133,169268;193,63754,0.991074;48,11459,0.909421;50,16487,0.956694;52,13654,0.918017;51,15217,0.93719
133,170065;196,64491,0.98876;45,11150,0.929917;54,16359,0.969587;51,13354,0.926281;54,15970,0.939174
131,168151;191,63774,0.995372;43,10756,0.923306;56,16455,0.963636;49,12664,0.920661;52,15138,0.944132
132,170052;196,64531,0.99438;45,10859,0.916694;78,15497,0.960992;70,12708,0.91438;71,14188,0.928926
129,166583;195,64053,0.990744;72,9904,0.908099;64,14396,0.953388;62,11380,0.923306;68,13776,0.950083
127,163617;191,63795,0.998678;55,9326,0.90876;62,13212,0.963967;58,11028,0.908099;58,12339,0.93157
132,170018;196,64158,0.980496;52,9500,0.900496;60,13477,0.955041;39,11104,0.926281;41,12401,0.923306
128,164813;196,64906,0.993388;35,8574,0.888595;37,11816,0.967273;33,9537,0.929587;37,11403,0.919008
126,161584;197,65452,0.977521;35,8350,0.872066;63,12247,0.962314;51,9642,0.892562;57,11675,0.947438
128,163725;193,63965,0.991405;55,8570,0.873388;57,11135,0.975537;47,8941,0.904793;50,10530,0.944463
127,161285;195,64643,0.991405;44,7231,0.873058;50,9794,0.967603;39,7957,0.915702;40,8872,0.946446
122,155430;197,64821,0.984793;45,6747,0.911074;46,8957,0.973884;35,6997,0.915372;36,8065,0.945455
126,157640;196,65200,0.991736;38,6279,0.929587;41,7840,0.984793;31,6589,0.921322;34,7664,0.969917
123,157371;199,65765,0.978843;38,6017,0.919669;46,7551,0.969917;29,6267,0.920661;34,7711,0.963306
122,157083;201,66291,0.991736;44,5020,0.926942;34,6166,0.975207;24,5480,0.930909;26,6689,0.964628
107,136577;196,66139,0.992397;28,3522,0.937521;28,4589,0.97686;19,4279,0.940826;20,5117,0.978182
64,81252;205,68046,0.990744;20,1643,0.944132;18,2312,0.975868;5,1743,0.938182;6,2317,0.976198
19,24348;200,66902,0.993058;10,621,0.945455;9,786,0.976529;2,565,0.941157;2,774,0.977521
