885,396495;1561,352501,0.998092;516,71213,0.885971;638,95493,0.958923;1503,68189,0.855107;1350,94350,0.945455
990,398656;1588,349826,0.997755;469,45358,0.890572;551,65776,0.955219;1066,46329,0.8156;1033,70066,0.895062
925,398564;1548,341660,0.996072;503,45715,0.875421;641,68524,0.956341;1054,45781,0.838608;1028,69799,0.903816
999,398676;1582,344289,0.998316;531,45515,0.893603;606,67462,0.964085;1011,44554,0.847363;958,66820,0.907632
966,398519;1553,338588,0.998541;529,43625,0.89697;595,64218,0.969248;961,43320,0.862514;917,64070,0.913131
1030,398514;1545,332631,0.999551;556,43141,0.887205;635,64116,0.971493;947,43124,0.853535;927,64373,0.926712
943,398345;1550,333135,0.99798;514,41164,0.898204;618,62401,0.971717;888,41742,0.878676;853,61100,0.932435
994,398113;1555,330049,0.999214;525,41091,0.89899;592,61161,0.96633;840,40372,0.893827;847,61974,0.940516
959,398352;1552,331572,0.999551;514,40116,0.880022;604,60917,0.974411;841,40005,0.867003;883,61015,0.926599
1019,398300;1559,330559,0.99798;546,42509,0.898204;628,62853,0.972615;908,41513,0.892031;888,62512,0.929068
992,398358;1543,328461,0.999439;592,43319,0.898653;637,63336,0.974074;932,42043,0.876655;935,64446,0.93266
988,398364;1587,328804,0.99899;584,42300,0.887093;662,62407,0.974074;900,41236,0.88193;918,62582,0.93064
968,398432;1663,324835,0.999102;558,41386,0.892929;653,59652,0.971605;909,40427,0.869136;886,60533,0.938833
991,398311;1660,325393,0.999102;567,40758,0.902918;610,57714,0.944781;918,41635,0.885297;869,62689,0.934792
969,398244;1650,323125,0.999327;501,39008,0.890123;616,58519,0.959035;856,40326,0.883165;871,61813,0.923008
951,398292;1643,319144,0.999551;543,39503,0.879798;624,58176,0.975084;860,39981,0.901796;851,59201,0.937037
1001,398191;1630,313796,0.999551;540,38021,0.89899;583,53895,0.978563;846,39245,0.911223;811,55296,0.948597
954,398059;1624,312114,0.999776;533,34935,0.895847;572,49843,0.97587;780,37177,0.925814;749,53155,0.949158
967,397801;1613,307212,0.999327;505,33272,0.911785;570,47270,0.95881;714,35638,0.929181;695,49211,0.917845
947,397743;1573,305992,1;503,31971,0.910774;527,45992,0.957912;678,33477,0.93266;663,48028,0.932323
979,397555;1581,303406,0.999888;455,30686,0.91257;523,44137,0.969697;630,31299,0.878676;614,44991,0.949832
959,397380;1593,304181,0.999888;482,28144,0.889675;470,42170,0.976543;594,30926,0.92963;591,43545,0.953872
981,397312;1556,304020,0.999776;430,28270,0.90752;437,39979,0.973737;572,29768,0.940404;588,42554,0.968799
975,397059;1553,302966,0.999888;427,26521,0.909652;472,38933,0.972278;552,29052,0.937486;559,42194,0.971717
974,396975;1563,304971,0.999439;467,25913,0.909428;437,37746,0.972166;537,27363,0.917059;558,39246,0.934792
969,396604;1572,308125,0.999776;362,23118,0.891246;372,33471,0.969136;492,25913,0.928507;491,36874,0.938945
998,396395;1583,313128,0.999102;336,22162,0.878002;436,32362,0.977441;472,24672,0.91807;472,35778,0.952301
970,396251;1587,312166,0.999102;359,21930,0.918519;395,30226,0.977104;446,23767,0.893827;455,35958,0.962738
930,395749;1611,318104,0.999663;286,17496,0.902581;298,25672,0.975309;386,21126,0.901122;411,32424,0.961167
892,394824;1625,323472,0.999102;299,14556,0.881369;279,21966,0.965769;293,17773,0.883165;356,28640,0.952637
894,392173;1627,322813,0.999439;214,10081,0.89697;203,15299,0.967565;228,13294,0.892031;255,20938,0.952413
861,381966;1631,324177,0.995286;219,7649,0.912346;210,10680,0.976319;143,9159,0.910438;159,14354,0.958586
686,311372;1638,327279,0.998092;256,4183,0.918743;119,5311,0.974523;71,4970,0.908979;87,7893,0.955892
514,213248;1634,326484,0.99899;202,2234,0.921886;99,2895,0.975533;45,2985,0.916611;50,4508,0.960718
276,118378;1631,325046,0.999439;84,1029,0.926263;62,1603,0.979798;20,1387,0.916049;26,2280,0.960831
117,43775;1618,326870,0.999327;29,277,0.924804;67,680,0.980584;6,422,0.915713;8,731,0.960269
