409,280875;354,93232,0.9584;213,50738,0.8896;269,66738,0.9384;320,51551,0.8648;315,57493,0.933333
428,281441;333,91760,0.954667;148,27047,0.8768;147,39105,0.925867;202,30190,0.828;219,34740,0.892533
429,281451;330,91873,0.965867;167,26727,0.864;206,39349,0.9224;207,29814,0.8064;225,36287,0.886667
430,281411;328,92388,0.965867;176,26405,0.867467;211,38145,0.941867;221,30125,0.8336;226,35814,0.8912
437,281493;333,92477,0.959733;173,27526,0.869067;210,39192,0.9296;221,30109,0.8248;230,35752,0.902933
463,281384;322,91139,0.9592;186,26074,0.8392;225,39065,0.9352;220,29715,0.828533;234,35672,0.886933
461,281423;334,91904,0.955467;174,26088,0.840533;211,39017,0.933067;223,29706,0.8312;221,35090,0.8632
459,281412;329,91016,0.9616;182,26293,0.8792;209,38150,0.9264;210,29330,0.823733;231,35964,0.888533
464,281316;333,91950,0.9712;170,26156,0.857333;212,38945,0.931733;222,30047,0.823467;221,35574,0.8848
460,281474;326,91325,0.9496;182,27311,0.872267;203,39156,0.938933;224,30190,0.817067;228,36142,0.911467
451,281269;329,91364,0.9688;179,26133,0.892533;202,37299,0.9424;210,28389,0.828533;211,33841,0.879733
448,281409;333,91654,0.9608;176,25350,0.8624;216,37589,0.9384;204,28157,0.831733;214,34221,0.894133
443,281364;328,92026,0.9672;172,26057,0.8688;202,36571,0.913867;214,28628,0.810933;220,34270,0.884267
436,281252;331,91885,0.958667;174,26396,0.872;209,37821,0.940533;216,28990,0.821867;224,34686,0.8632
438,281472;329,90960,0.9712;173,26122,0.877333;222,37528,0.926667;207,28877,0.8192;226,36406,0.8816
437,281328;326,90722,0.9576;170,25610,0.8616;220,37128,0.933867;218,29087,0.8288;223,34911,0.881867
433,281372;329,91228,0.966667;181,26269,0.892533;206,38434,0.942933;215,29289,0.8272;243,34835,0.882933
433,281337;328,91444,0.9544;191,25342,0.867467;217,37628,0.928267;215,29660,0.826933;218,33674,0.8672
433,281433;330,91184,0.9704;210,27009,0.906667;239,39083,0.948267;221,29532,0.834133;217,34835,0.882667
439,281255;330,90653,0.969067;184,25747,0.8872;227,37411,0.9256;223,28864,0.822667;230,34967,0.869067
457,281150;356,91281,0.968;184,25645,0.86;242,38416,0.929867;238,30158,0.826933;237,35184,0.876
474,281366;337,90801,0.964;203,26984,0.8776;256,40216,0.939467;242,30691,0.817333;252,36048,0.869333
478,281372;329,90597,0.9624;194,27430,0.874133;229,38687,0.94;209,29553,0.8248;217,35055,0.8808
471,281368;336,92426,0.9624;169,26190,0.869067;208,37700,0.9336;221,28766,0.832;217,34173,0.889333
467,281410;324,89826,0.967733;182,26247,0.878667;217,38335,0.931733;251,29616,0.846933;235,34551,0.881867
461,281338;328,90627,0.965067;178,25805,0.873067;210,37569,0.943733;209,28409,0.834933;224,34093,0.881333
448,281293;363,91663,0.9608;192,26949,0.873867;220,38689,0.939733;211,28828,0.802933;230,35781,0.8864
452,281273;357,90658,0.9616;179,25723,0.862133;225,38080,0.9416;211,28881,0.789067;224,35009,0.874933
442,281373;376,91478,0.963467;163,25424,0.855733;208,35840,0.925333;211,28544,0.8144;225,33326,0.852267
445,281388;372,92734,0.970133;176,26470,0.869067;216,38243,0.94;218,29913,0.832267;231,35358,0.897067
444,281344;360,90838,0.969067;174,26087,0.8784;194,37248,0.946667;192,28450,0.8056;214,34143,0.8808
437,281302;366,91605,0.965067;196,25537,0.8624;211,36774,0.938667;200,28377,0.826933;214,34650,0.8904
439,281324;368,91079,0.965067;167,25722,0.886667;202,36906,0.936;208,28464,0.8384;225,34863,0.877867
442,281309;361,91997,0.965867;174,26491,0.875733;208,38340,0.938133;214,29024,0.814933;232,34726,0.884533
445,281014;377,91806,0.966133;161,25542,0.864533;204,37167,0.949067;225,28953,0.833333;207,34362,0.863467
457,281312;342,89821,0.961867;114,25652,0.860533;138,36884,0.935733;136,28434,0.8152;144,32923,0.8664
476,281235;357,90237,0.9696;111,24254,0.8528;136,35404,0.9264;138,28188,0.8152;140,32399,0.887733
476,281258;358,91018,0.968533;114,25613,0.892267;138,37965,0.956267;140,28839,0.826667;144,34019,0.886933
471,281350;323,89771,0.971467;117,25549,0.8824;136,37658,0.952;142,28426,0.819733;145,34291,0.884267
469,281324;328,90764,0.960267;121,24957,0.885333;131,35887,0.951733;140,28437,0.816533;149,34486,0.886667
466,281167;331,91245,0.963733;114,24677,0.8736;138,35726,0.9336;137,27568,0.814933;144,33810,0.870133
471,281461;326,90738,0.973067;125,26488,0.8848;219,38211,0.9536;212,29430,0.836267;227,35166,0.865867
444,281182;325,91722,0.9608;186,26574,0.868;211,36870,0.938133;215,28687,0.826933;231,35011,0.880267
442,281311;326,90692,0.969333;182,24797,0.877867;225,36742,0.934933;211,28676,0.842133;218,34284,0.892
438,281307;325,90224,0.9616;172,24808,0.879733;194,35963,0.9448;203,28515,0.825067;207,33307,0.877333
443,281343;327,90984,0.960533;166,25557,0.882667;203,37615,0.939467;208,29428,0.8368;226,34526,0.8968
441,281342;329,91436,0.969867;182,25974,0.874933;215,37706,0.938667;225,29414,0.839467;228,34916,0.888
442,281380;324,90008,0.9664;169,25203,0.86;215,37501,0.946133;213,29264,0.858133;232,35667,0.8952
446,281170;323,91042,0.963733;166,25402,0.8744;204,36986,0.933333;203,28646,0.833867;221,33600,0.882667
457,281428;325,91000,0.9656;193,26986,0.8648;247,38087,0.941067;233,29054,0.8296;234,34667,0.8912
461,281359;323,90180,0.970667;193,25408,0.865333;226,36982,0.936267;238,29299,0.8336;246,34558,0.8936
478,281385;326,89166,0.965333;197,26300,0.8752;224,37186,0.942133;215,28341,0.8256;226,34337,0.884267
475,281436;334,91308,0.954667;181,26675,0.884;216,37740,0.942133;222,29354,0.829867;234,35337,0.891733
472,281387;324,89857,0.9616;171,25783,0.882133;181,37955,0.937867;147,28734,0.847467;150,34519,0.888
489,281247;328,89684,0.972;117,25177,0.8776;138,36954,0.9408;138,28341,0.831467;156,35224,0.9
464,281282;326,89663,0.9736;115,24725,0.886667;134,35665,0.930133;147,28588,0.8376;149,33660,0.877867
450,281106;326,90740,0.969333;126,25705,0.870667;146,36432,0.9344;143,27376,0.807467;218,33260,0.8744
444,281369;325,90040,0.961333;184,26251,0.86;222,38165,0.934933;225,29105,0.815733;250,34396,0.8632
445,281480;325,89394,0.957867;199,27136,0.8792;222,38340,0.929067;216,29444,0.821867;233,36134,0.886933
443,281247;328,89386,0.960533;175,25999,0.8848;210,37309,0.937333;201,28287,0.836533;151,33973,0.878133
444,281196;336,91499,0.964267;130,26531,0.862133;150,37413,0.941867;149,28446,0.8312;155,34140,0.868267
444,281363;332,91643,0.9752;120,25427,0.8624;137,37251,0.949333;143,29181,0.822133;152,33936,0.882933
445,281419;330,91626,0.969333;135,26476,0.8864;159,38612,0.947467;148,29350,0.827467;156,36106,0.888
454,281417;327,90866,0.9616;121,25875,0.8656;146,38143,0.937867;150,29946,0.853067;154,35293,0.8984
450,281419;327,90648,0.9728;120,25194,0.897067;149,37374,0.952267;152,28205,0.851733;153,33319,0.893067
466,281397;328,90755,0.966133;122,25718,0.893067;148,36815,0.9464;138,28509,0.828533;148,33519,0.869067
483,281319;327,91287,0.958933;114,25272,0.8896;150,36503,0.927733;135,27452,0.8208;143,32821,0.874133
483,281503;324,90062,0.964533;130,27419,0.860267;156,38427,0.939467;156,29705,0.829333;148,34523,0.8624
506,281323;356,89671,0.970933;113,25262,0.881067;137,36697,0.947733;136,27771,0.8408;154,33945,0.882133
484,281226;361,90006,0.961867;120,25328,0.869067;139,37098,0.946933;196,28168,0.842667;215,33251,0.88
462,281368;365,91404,0.9608;191,25886,0.867467;227,37285,0.948;217,28462,0.8344;222,33996,0.8816
444,281113;371,89558,0.972267;181,25501,0.8904;211,37061,0.951467;209,28374,0.841333;222,32907,0.875467
440,281318;365,90997,0.9648;175,24798,0.879467;209,35341,0.936;140,28083,0.836533;151,33547,0.887733
443,281395;346,90615,0.967467;133,26322,0.882133;144,38254,0.937867;143,28840,0.852533;157,34530,0.897867
445,281305;357,90548,0.9696;122,24871,0.879733;152,36364,0.950667;141,27954,0.837067;151,33833,0.896
442,281305;357,90564,0.968;122,25075,0.858133;143,36203,0.9392;137,27814,0.825067;142,32934,0.8656
443,281060;356,89047,0.962667;125,25306,0.881867;137,36420,0.948;142,28290,0.817333;146,32961,0.863467
447,281434;361,90473,0.9752;124,25245,0.884267;143,37541,0.947467;148,28677,0.836533;151,34781,0.879733
447,281315;356,90203,0.9672;120,25349,0.865067;151,37280,0.9424;150,28855,0.828267;154,33994,0.874667
456,281255;364,90936,0.971467;123,25592,0.872533;150,37862,0.934933;149,28779,0.804267;156,35304,0.887733
476,281343;369,92219,0.9664;129,25592,0.862133;147,37392,0.9352;150,29355,0.8392;156,33802,0.876533
484,281384;366,92015,0.9552;132,26177,0.8704;140,37737,0.941333;147,29356,0.8144;153,34921,0.885867
482,281435;369,92074,0.969333;128,26712,0.878667;151,38405,0.934933;156,30839,0.862667;159,35550,0.8872
479,281210;360,91225,0.9664;133,26767,0.8616;149,39208,0.925867;147,28980,0.834667;160,35880,0.896267
468,281437;359,91099,0.9632;124,26525,0.883467;221,37775,0.932;224,29679,0.821067;220,33952,0.884267
462,281326;363,90594,0.965067;177,25204,0.882933;227,37502,0.955733;216,28745,0.836533;230,33963,0.877867
444,281323;364,91027,0.969067;180,26191,0.8584;155,37390,0.933067;140,28584,0.804267;162,34974,0.869067
446,281380;367,92518,0.965067;129,26270,0.857067;144,38456,0.940533;152,29508,0.8024;158,35109,0.857867
448,281344;363,90802,0.9592;133,25704,0.8672;147,37365,0.918667;152,29280,0.8184;156,34818,0.872
443,281311;359,90078,0.968267;119,26264,0.8696;147,37931,0.9336;149,28518,0.838667;155,34426,0.873067
445,281453;364,91411,0.975467;131,27095,0.896533;163,39393,0.942133;149,29707,0.814667;156,35454,0.873333
443,281347;359,92252,0.9704;135,25850,0.8768;147,36665,0.941067;141,28505,0.8208;156,33590,0.893867
448,281230;364,90523,0.957867;124,25424,0.8672;138,36788,0.924267;146,29262,0.818667;153,34264,0.8528
454,281344;367,92440,0.964;127,25757,0.8512;150,37686,0.949333;141,27981,0.818933;161,34016,0.88
472,281250;361,90549,0.968;131,26532,0.868533;154,38668,0.936533;162,30429,0.842133;168,35112,0.882933
474,281350;363,90156,0.961067;128,25965,0.855467;146,36963,0.927733;148,29121,0.812533;160,35775,0.878667
482,281355;362,91292,0.9792;130,26882,0.889067;159,38980,0.957067;154,30797,0.856267;159,35083,0.889067
469,281413;351,92530,0.9736;137,26908,0.880267;156,38087,0.9552;156,30027,0.849067;151,34606,0.857333
468,281406;359,92048,0.972;135,26971,0.879733;166,37857,0.946667;158,29315,0.839733;158,35673,0.8896
463,281504;362,91761,0.964;136,26741,0.8688;154,38907,0.9464;162,29706,0.834933;159,34838,0.8936
450,281335;355,89814,0.949067;123,25411,0.877067;145,37233,0.9416;152,28937,0.8408;144,33277,0.8848
453,281242;362,91115,0.966933;118,26082,0.882667;141,37527,0.937067;144,28456,0.8216;146,33703,0.884
443,281463;354,90064,0.9576;121,26236,0.856533;146,38625,0.934133;147,28931,0.827733;167,35489,0.8952
443,281275;357,90492,0.953867;132,25911,0.8792;136,37556,0.937333;142,28261,0.816267;148,33191,0.884533
449,281257;362,92077,0.967467;113,24531,0.859467;137,35633,0.925067;148,28006,0.816267;145,33279,0.8864
447,281306;369,90596,0.974133;121,26168,0.880533;154,37099,0.94;147,28152,0.825067;157,34443,0.8984
452,281331;359,91380,0.9696;144,25827,0.876267;149,37067,0.9376;155,29268,0.825067;170,34716,0.8736
460,281487;357,90920,0.969333;125,27293,0.873333;159,39943,0.942933;163,30993,0.832;160,36155,0.8848
458,281424;361,91688,0.9592;127,27177,0.866933;148,38185,0.931733;151,30106,0.834133;163,36119,0.88
484,281266;361,91250,0.966133;132,27665,0.8832;144,38441,0.941867;153,30075,0.799733;174,36723,0.878933
484,281363;362,91137,0.9512;140,26764,0.868;153,39767,0.9456;159,29905,0.8216;178,35752,0.8808
476,281336;362,91156,0.974667;146,26479,0.8608;154,39091,0.938133;153,28933,0.811467;169,35001,0.877867
469,281341;366,91837,0.969067;135,26313,0.851467;146,38182,0.945333;148,29393,0.832533;160,35186,0.893333
471,281398;361,90873,0.9704;153,27122,0.88;168,38670,0.942933;157,30645,0.809867;152,35322,0.8744
460,281372;367,91464,0.9736;127,26605,0.877867;161,39504,0.948;233,30244,0.833067;240,35253,0.870933
443,281191;358,90017,0.951733;213,26148,0.865067;250,39039,0.938933;228,28582,0.832267;237,34822,0.885333
441,281187;372,92812,0.962933;194,24923,0.8592;212,37383,0.9296;148,28624,0.8264;149,33505,0.878933
446,281291;370,91986,0.962933;130,26285,0.851467;143,37721,0.922133;149,29464,0.8128;149,33813,0.843467
448,281488;342,91387,0.956;176,27369,0.852;237,39442,0.9272;226,29921,0.832267;254,35808,0.863733
450,281392;333,91577,0.960267;214,26601,0.868;242,39446,0.9352;231,29590,0.837867;245,35241,0.8936
444,281332;333,92468,0.968267;184,26766,0.855733;222,39726,0.936;233,30403,0.826667;245,36980,0.880267
449,281317;333,91987,0.961067;192,25534,0.858667;248,37719,0.941333;236,29727,0.842933;256,35138,0.8824
456,281489;336,92922,0.954133;236,27621,0.866933;256,40857,0.939467;257,30820,0.830667;300,36953,0.88
479,281467;335,92374,0.9688;218,27169,0.858133;246,39861,0.944;239,30149,0.825867;258,36052,0.8776
481,281451;330,91151,0.969067;190,27307,0.864267;234,39394,0.9304;250,30618,0.829067;254,36799,0.884533
480,281419;325,91040,0.967467;198,27703,0.8744;234,39539,0.937867;231,30850,0.8384;239,36900,0.8832
476,281400;329,91352,0.957333;194,26997,0.864533;246,38410,0.937067;241,30017,0.813067;241,36275,0.8808
469,281437;329,91738,0.9672;196,26675,0.8832;239,38237,0.946667;228,29682,0.819467;251,36753,0.8776
459,281374;324,90420,0.962133;191,26558,0.8624;232,38945,0.938133;237,30286,0.844533;242,35914,0.889067
447,281426;331,90381,0.969867;201,26512,0.866133;228,38412,0.942133;230,29478,0.822667;237,35796,0.881067
446,281436;334,91588,0.9712;209,27052,0.868267;229,39286,0.9448;234,30339,0.829067;247,35028,0.8704
446,281354;328,91027,0.956533;169,25083,0.865333;211,36577,0.930667;234,28701,0.833067;229,35261,0.878667
454,281434;330,90348,0.9584;211,26614,0.8792;225,38286,0.937867;235,30181,0.827467;228,34710,0.877867
441,281415;328,90900,0.9608;195,26634,0.8792;237,39098,0.935733;204,29215,0.8184;230,35477,0.8824
442,281334;332,91914,0.970933;190,25094,0.843467;210,37488,0.9456;215,29056,0.810667;230,34138,0.884533
444,281344;328,90114,0.970133;198,26329,0.8752;224,37191,0.933867;219,29357,0.819733;247,35959,0.883467
446,281436;331,91376,0.970667;200,27166,0.877867;237,39333,0.9336;226,30744,0.849867;236,35207,0.887733
460,281330;325,89176,0.959733;187,25782,0.846133;222,37881,0.9376;233,29580,0.8384;231,33498,0.869867
486,281380;333,91375,0.958667;197,25618,0.856;224,37889,0.941067;219,28930,0.8184;228,33691,0.858667
486,281396;324,89746,0.9608;176,26144,0.858667;230,37285,0.935467;221,28983,0.806133;223,34180,0.8904
480,281391;330,91426,0.962933;197,27220,0.867733;233,39475,0.943467;225,30149,0.814133;238,36435,0.8888
472,281418;335,92007,0.958933;133,27153,0.861333;153,39988,0.932267;154,29615,0.799733;170,37053,0.8848
467,281404;338,93314,0.949067;124,26652,0.850933;143,38742,0.9328;150,28640,0.810667;160,35766,0.879733
453,281442;334,91819,0.968;131,26826,0.841867;147,38445,0.945867;156,30482,0.842667;167,36158,0.868533
465,281464;332,91111,0.955733;130,27594,0.8776;147,39219,0.937867;151,29203,0.8368;163,34932,0.871733
463,281176;334,91279,0.965067;132,26083,0.862667;157,38391,0.9408;150,29124,0.827467;164,35478,0.8856
447,281331;331,91706,0.968533;126,25496,0.864;147,37260,0.9328;147,28667,0.8248;171,35176,0.869333
444,281317;330,90418,0.9672;123,25928,0.88;214,36706,0.935467;210,28128,0.8192;229,34722,0.882933
442,281457;328,91020,0.966667;171,26144,0.8752;229,38566,0.941067;231,29296,0.824;234,35221,0.883467
447,281312;332,90938,0.966133;198,25442,0.850667;239,38383,0.935733;220,29294,0.8344;238,35763,0.863467
452,281315;333,92377,0.962667;191,26263,0.8384;219,39524,0.9392;233,30376,0.824267;245,37108,0.894933
456,281206;340,92991,0.952533;183,26900,0.838933;222,39163,0.9448;217,29373,0.8424;236,35396,0.879467
472,281057;330,91361,0.967733;211,26439,0.8488;244,39261,0.953333;227,29487,0.829333;241,36173,0.889867
487,281466;393,91618,0.9704;202,27578,0.8744;251,40136,0.946133;237,30773,0.842133;251,36634,0.900533
471,281417;334,91110,0.9672;216,27601,0.8592;240,39374,0.936;224,29859,0.8256;245,36608,0.876267
472,281462;332,91359,0.955733;183,26859,0.8528;230,38979,0.926133;233,30303,0.831733;260,36811,0.8968
472,281462;335,91637,0.956533;184,27074,0.8608;228,39739,0.9432;236,30960,0.833067;247,37129,0.882667
471,281357;336,91317,0.963733;184,26230,0.865333;234,38710,0.9384;242,30031,0.834667;246,37278,0.897067
454,281332;332,92128,0.958133;198,26733,0.864;222,38124,0.94;222,29384,0.8344;237,35156,0.8936
446,281283;332,91870,0.964267;176,25931,0.852267;222,37023,0.945067;214,28727,0.8392;244,34614,0.891467
443,281405;336,93007,0.971467;191,26836,0.869067;220,38469,0.9416;226,30238,0.813867;256,36366,0.881867
445,281402;330,91164,0.965067;202,26461,0.870667;245,39134,0.937867;243,30189,0.8344;248,36289,0.8904
442,281423;332,90930,0.964267;174,26258,0.870667;231,37516,0.9376;242,29788,0.860267;256,36246,0.890933
448,281341;334,91219,0.966667;180,25779,0.864533;217,37249,0.943733;219,28800,0.834933;248,34893,0.890667
486,281345;337,92604,0.956533;186,25806,0.8456;222,37407,0.919733;225,29390,0.820267;238,35385,0.873067
479,281373;332,92125,0.961333;190,25491,0.8648;226,38139,0.933867;214,28720,0.816533;240,34567,0.8736
484,281380;367,92017,0.965067;183,25974,0.887467;235,38416,0.927467;242,29907,0.806933;253,35799,0.869333
499,281414;363,90861,0.969867;190,26655,0.884;241,38844,0.933067;239,31275,0.854667;241,35903,0.879467
468,281194;358,91203,0.962933;194,26559,0.8672;239,39567,0.9448;239,30256,0.848;261,36515,0.887467
427,281361;369,92983,0.969333;208,26002,0.854667;240,37961,0.9312;235,30042,0.821333;262,36170,0.8816
434,281143;365,91377,0.9704;200,26771,0.873333;231,38856,0.9264;237,29173,0.819733;239,34746,0.879467
435,281390;368,90690,0.96;185,26079,0.876267;225,37768,0.949067;213,29146,0.835467;265,36227,0.897867
451,281407;370,92921,0.9656;202,27254,0.868267;227,38398,0.937867;237,29949,0.830133;251,36707,0.890667
449,281249;362,91610,0.965333;178,26459,0.879733;235,38557,0.937067;219,29095,0.814667;237,34847,0.849333
460,281367;367,91542,0.970933;185,25828,0.881867;224,36869,0.942667;223,29702,0.826667;246,35312,0.8856
462,281448;370,92161,0.967733;186,26596,0.866933;232,39226,0.9368;220,29693,0.812;233,35966,0.898133
444,281431;369,91400,0.964;184,26417,0.869867;249,39707,0.949333;271,30852,0.832;269,36667,0.879467
457,281359;366,92237,0.969333;203,26453,0.8632;252,38920,0.928533;242,30145,0.834933;262,36715,0.876
474,281391;365,91640,0.9664;207,26915,0.881333;240,39100,0.94;232,30077,0.825333;247,36038,0.882933
476,281388;372,92635,0.9664;200,26691,0.8736;234,38841,0.938133;236,30066,0.836267;253,35684,0.887467
446,281392;368,92328,0.965333;183,27089,0.8424;226,39544,0.9328;229,30118,0.836267;240,36338,0.8784
439,281354;361,89978,0.9616;179,26616,0.8832;231,37580,0.9408;230,29184,0.8288;248,35148,0.893867
433,281416;363,90477,0.958667;204,26532,0.872;245,38779,0.933067;228,29693,0.838667;229,35031,0.873067
443,281333;364,91102,0.9632;171,25195,0.871733;217,37245,0.9344;217,28354,0.821067;245,34663,0.873067
435,281348;365,91750,0.9648;189,26025,0.861867;241,39042,0.925333;216,29187,0.829867;236,34737,0.8752
465,281340;364,91380,0.9696;188,27571,0.8664;227,40115,0.935467;248,30597,0.822667;257,36957,0.876267
444,281414;374,92443,0.954667;187,26379,0.8776;240,38012,0.935467;211,28542,0.802667;229,34881,0.8536
468,281370;376,93509,0.968267;186,25982,0.8648;214,37661,0.9392;224,29158,0.831733;249,35944,0.870133
483,281365;365,91327,0.9688;192,26472,0.863467;220,38440,0.932;227,29917,0.839467;238,36934,0.892533
435,281203;368,92033,0.954667;196,27053,0.864;227,39189,0.9456;218,29546,0.817333;250,36488,0.867467
440,281310;370,92623,0.9696;123,25983,0.849333;143,37734,0.943467;144,29030,0.838133;161,35378,0.8848
433,281475;365,90936,0.964533;140,26558,0.882933;170,39831,0.941867;159,30279,0.834933;165,35523,0.882933
432,281459;365,92142,0.965333;136,27280,0.862667;159,39404,0.940267;153,30483,0.8512;157,35866,0.8944
456,281320;362,91333,0.969067;132,26647,0.858133;146,38532,0.935733;158,29555,0.8392;171,36021,0.889333
454,281390;364,91542,0.9712;132,26975,0.8632;159,39544,0.927733;149,29643,0.826667;157,36074,0.877333
430,281466;365,90839,0.966933;130,26089,0.8712;150,38311,0.9336;158,30379,0.813867;168,35318,0.890133
418,281357;362,91588,0.961867;129,26056,0.8752;159,37820,0.9384;159,29156,0.822133;161,34769,0.881333
436,281417;366,90990,0.953867;127,26455,0.879467;143,38283,0.934667;154,29325,0.8208;248,35724,0.881867
420,281384;364,91706,0.961867;189,26221,0.873333;244,38327,0.937867;210,29343,0.8264;246,35452,0.879467
461,281486;362,91300,0.9608;194,27985,0.879733;238,39731,0.947733;235,30401,0.822933;247,36535,0.899733
468,281423;370,92123,0.9664;180,26131,0.889067;234,39448,0.942667;235,30319,0.825067;247,35108,0.8728
451,281338;363,91206,0.964;199,26355,0.8872;209,37021,0.941867;214,29215,0.831733;241,35118,0.880533
436,281383;361,91552,0.98;209,27352,0.879467;234,39267,0.952533;229,29900,0.837867;186,36873,0.892267
445,281441;373,93220,0.956;126,26659,0.879467;156,39739,0.943467;151,29719,0.811733;158,35648,0.865067
436,281421;364,91887,0.965867;126,26136,0.871467;145,38985,0.948;234,30411,0.8384;244,36345,0.885067
436,281476;364,91233,0.9608;186,26886,0.8832;233,39605,0.9432;223,30500,0.8576;241,36008,0.896
428,281464;367,92355,0.965067;195,27065,0.866667;233,39400,0.921867;229,29740,0.829333;247,35984,0.8816
429,281316;370,92437,0.969067;203,26780,0.871467;210,38840,0.942933;150,29280,0.84;159,35642,0.897067
472,281423;370,93424,0.956533;123,27065,0.868;223,39189,0.925333;246,30179,0.842667;258,35946,0.878133
467,281422;361,90384,0.957867;129,27100,0.8592;149,39665,0.938933;150,29324,0.828;159,35468,0.872
460,281465;370,91613,0.966933;127,26439,0.876;162,39641,0.9352;158,29955,0.824267;168,36099,0.857867
482,281157;362,90911,0.973333;132,26211,0.863467;155,38079,0.9408;152,29169,0.818667;163,35377,0.889333
475,281322;365,90739,0.972267;143,26631,0.895467;141,38043,0.945867;148,29248,0.831467;246,34835,0.881333
453,281448;361,90270,0.959733;200,27063,0.855467;257,39561,0.941333;256,30586,0.838133;239,36255,0.8928
476,281470;371,92881,0.967733;210,26630,0.874933;255,38714,0.935467;217,29529,0.818667;157,36309,0.885867
473,281403;359,90743,0.973867;125,26136,0.869333;201,38116,0.938667;228,29753,0.828267;219,35607,0.873333
442,281335;376,93004,0.971467;164,25711,0.8696;154,37723,0.934133;155,29192,0.8184;194,35279,0.8664
443,281436;364,91635,0.953067;173,27487,0.885867;189,40182,0.936533;235,30831,0.8352;242,35837,0.876533
420,281327;361,91401,0.970133;191,26155,0.885333;216,37602,0.945067;224,29835,0.850133;234,34974,0.888
475,281461;369,91443,0.971467;193,27130,0.863467;241,39635,0.940533;231,30062,0.8432;244,35965,0.882133
464,281406;363,91446,0.961067;186,26767,0.868;214,38175,0.943467;225,29613,0.828;231,34853,0.8776
445,281413;362,91707,0.9576;191,26043,0.8648;223,38311,0.941333;232,30373,0.841333;239,36269,0.870133
453,281386;367,92379,0.970133;191,26944,0.8672;235,38852,0.9472;217,29312,0.831733;236,36351,0.8736
437,281434;362,92081,0.9632;185,26654,0.8552;235,39244,0.9432;234,30653,0.841333;236,36286,0.888533
445,281331;367,93315,0.968533;212,26464,0.855733;239,38850,0.927733;220,28906,0.826667;235,36262,0.888267
456,281384;367,92062,0.968267;192,27781,0.8712;246,40227,0.9392;233,30278,0.8232;245,36348,0.8744
444,281513;361,91082,0.962133;205,27388,0.861867;222,39778,0.938133;228,30591,0.813067;239,37629,0.88
441,281400;371,93831,0.980267;171,26489,0.8784;218,38590,0.945867;231,29237,0.8288;243,36471,0.885067
432,281474;367,93108,0.965867;198,27292,0.862133;255,39842,0.938933;250,31055,0.841333;257,36654,0.8808
451,281423;363,91652,0.970133;217,27253,0.870667;244,39494,0.9464;238,29963,0.84;262,35885,0.8768
439,281250;360,91149,0.962667;202,25499,0.8688;241,37003,0.939467;258,28457,0.842667;242,35121,0.898933
455,281410;370,91599,0.965333;210,26762,0.873333;234,38365,0.946133;224,30219,0.8592;234,34530,0.882933
430,281291;360,90312,0.967467;196,26227,0.8704;217,38156,0.946933;217,28876,0.814133;243,34771,0.890133
459,281469;368,92544,0.976533;199,27632,0.877867;235,41415,0.952;236,30914,0.819467;265,37761,0.886133
446,281292;362,90988,0.9696;204,26891,0.872;239,39083,0.929867;241,29770,0.8288;280,36937,0.891733
445,281433;360,90869,0.958133;184,27088,0.889067;241,40407,0.9536;245,30084,0.832533;259,35647,0.881333
487,281323;366,91270,0.963733;222,26652,0.866667;242,39397,0.949067;215,29581,0.849333;253,35776,0.8728
482,281530;367,91931,0.973867;222,27147,0.878133;251,39785,0.950933;253,30250,0.861867;240,36894,0.891467
474,281276;364,90699,0.968267;194,26814,0.862133;235,39287,0.9424;224,29708,0.832;252,36292,0.880267
472,281326;363,90697,0.968;196,26529,0.858933;231,38240,0.942667;221,29334,0.833067;235,35602,0.8696
468,281291;366,91773,0.9728;197,26987,0.8936;228,38087,0.9432;225,30002,0.847733;234,36347,0.886667
451,281414;367,91745,0.962667;205,26669,0.8728;235,38423,0.939733;230,30010,0.8376;239,36157,0.884
474,281368;360,90213,0.958667;180,26237,0.872267;224,37693,0.9472;209,29092,0.831467;165,35859,0.869067
466,281422;369,92543,0.963467;127,26447,0.859467;162,38930,0.9328;156,29534,0.822933;159,35164,0.868267
429,281487;364,91335,0.974133;125,26799,0.869333;152,38672,0.930667;163,30291,0.815733;155,36367,0.878667
419,281331;358,90567,0.962933;120,26208,0.884267;145,38199,0.9296;157,30444,0.8432;172,35412,0.8888
436,281496;358,90441,0.9632;139,27652,0.884267;159,38784,0.934933;157,29969,0.841067;157,36001,0.8928
438,281264;367,91758,0.956;129,26034,0.8624;150,38671,0.9296;157,30402,0.840267;165,36332,0.872
491,281364;363,90560,0.961067;120,25488,0.889867;137,37322,0.9424;145,29130,0.848533;151,35017,0.887733
474,281454;368,91476,0.9584;162,26647,0.859467;241,40575,0.937067;232,30525,0.812;249,37756,0.876533
486,281386;364,91790,0.9688;185,26580,0.862133;211,38675,0.9448;223,29640,0.819733;235,36449,0.887467
489,281436;367,91739,0.974133;177,26489,0.870133;210,37701,0.944533;214,29591,0.816;221,35053,0.869867
430,281388;370,91729,0.959733;184,26493,0.851733;253,39686,0.938133;252,29980,0.7992;251,37109,0.8648
472,281355;365,91202,0.963733;179,27090,0.88;234,37722,0.939733;239,29827,0.818933;247,35231,0.883733
480,281322;367,92368,0.9624;189,26758,0.857333;249,38518,0.934933;235,30192,0.818667;242,36758,0.886133
499,281423;374,92877,0.972267;177,26514,0.853867;230,38438,0.939467;223,29797,0.795467;237,35343,0.871467
445,281460;370,92993,0.962933;178,27241,0.859467;230,39667,0.937867;233,31025,0.806667;245,36778,0.8648
472,281301;365,90940,0.9752;179,26017,0.868267;230,38671,0.935467;227,29379,0.808533;229,34481,0.870133
475,281339;371,91948,0.964267;187,26082,0.8656;219,37781,0.9312;231,30003,0.826133;233,34621,0.846933
442,281381;364,90918,0.9664;179,25002,0.852533;219,37175,0.935467;224,28982,0.8136;239,35415,0.842133
451,281303;367,90954,0.970133;177,26443,0.882667;232,38023,0.930667;221,29296,0.825333;229,34742,0.869067
447,281293;371,91245,0.966933;159,24440,0.879733;229,36156,0.945067;213,28330,0.813867;228,33591,0.871467
440,281003;363,91070,0.9776;179,25486,0.882133;205,36063,0.9384;204,27566,0.803467;212,33410,0.847733
449,281344;366,90842,0.959467;179,25331,0.8752;213,37267,0.930133;140,28643,0.7992;149,34548,0.88
427,281305;371,91895,0.956533;181,24272,0.850133;211,36900,0.932;212,28304,0.816267;215,33583,0.862667
441,281132;365,91402,0.9656;171,26393,0.860533;221,38008,0.943467;222,28912,0.822933;246,35791,0.863467
427,281409;367,92010,0.9664;187,26943,0.874133;225,38502,0.9456;226,29594,0.808;235,35535,0.877867
431,281399;365,91207,0.9592;184,26202,0.863733;215,38584,0.941867;210,29295,0.804;238,35230,0.868267
465,281223;367,91041,0.948;177,26150,0.883733;223,38119,0.935733;223,30139,0.810133;234,35940,0.889333
473,281230;365,90627,0.957333;183,25327,0.8864;216,38041,0.950667;223,29083,0.813867;223,33271,0.864
470,281329;368,91657,0.970133;179,26105,0.851733;226,38632,0.9488;223,29367,0.807467;232,35302,0.882133
470,281452;369,92217,0.969867;189,27483,0.874667;233,39369,0.938933;236,30403,0.822667;212,36872,0.885067
430,281450;369,91564,0.9688;135,27154,0.8808;153,38578,0.927733;163,30048,0.8016;160,35978,0.864533
434,281374;366,90854,0.970133;116,25554,0.876267;138,36640,0.922133;155,28873,0.8256;163,34917,0.881867
450,281321;363,90517,0.9712;117,25201,0.8736;135,37005,0.9488;136,27880,0.825333;167,34884,0.876
437,281369;366,91964,0.957067;124,25393,0.883733;142,36816,0.943733;148,29773,0.823467;155,35512,0.875733
427,281361;365,91989,0.968533;119,24950,0.874133;148,36404,0.926667;151,28679,0.828267;159,35347,0.8752
440,281275;368,91504,0.967467;117,25998,0.868533;135,36944,0.941333;161,29117,0.828267;164,34561,0.862133
442,281263;364,92497,0.969333;120,25993,0.889067;166,37677,0.932267;225,29036,0.8248;234,34191,0.856533
445,281149;381,90990,0.9624;178,25374,0.886133;207,36813,0.946133;230,28475,0.8144;226,34655,0.863467
448,281254;363,91137,0.965067;178,24361,0.876267;248,36376,0.9408;229,28139,0.8288;240,34516,0.876533
459,280528;360,90738,0.9568;176,23337,0.882133;222,34450,0.937867;215,26739,0.848533;225,32464,0.874667
436,279693;366,91137,0.9656;100,21942,0.8696;196,32960,0.9384;187,25033,0.810667;223,31735,0.8784
428,278922;364,91397,0.955733;161,20665,0.8848;208,30971,0.945067;187,23967,0.832;204,29383,0.8696
449,277085;367,92269,0.972533;147,19572,0.887467;181,29373,0.9456;174,22474,0.825333;210,28982,0.8784
426,273208;367,91486,0.968267;133,16449,0.8736;150,25188,0.9384;144,19790,0.836533;180,25513,0.866667
428,267863;363,90643,0.964533;120,14942,0.889867;138,22255,0.935467;133,17555,0.820533;154,22539,0.867733
398,257797;363,90827,0.964267;97,13059,0.9008;121,18794,0.936267;106,14741,0.8232;132,20393,0.8744
384,250484;372,91642,0.965067;92,12377,0.889067;119,18104,0.935733;100,13625,0.827467;118,18829,0.870667
362,236907;363,90199,0.952267;80,9640,0.9032;87,13793,0.941067;78,11328,0.838133;91,14888,0.877067
323,209609;365,91353,0.9584;71,7810,0.903733;84,12140,0.929867;72,9816,0.8296;87,12782,0.8632
300,190859;368,91862,0.959733;66,6643,0.914133;63,9260,0.9384;53,7557,0.829867;58,10134,0.8776
264,166729;365,90985,0.963733;49,5986,0.9208;59,8903,0.954667;47,6976,0.830133;56,9235,0.869333
240,150023;367,92222,0.968;57,5542,0.9192;53,7867,0.950667;44,6532,0.834667;51,8429,0.873333
212,133227;367,91529,0.952533;45,4020,0.9216;50,6612,0.961867;34,4602,0.834133;44,7143,0.871733
170,102551;365,90823,0.9584;42,2976,0.9256;48,4382,0.957333;24,3463,0.829333;27,4393,0.868
168,104893;365,91079,0.969067;32,2547,0.9328;43,3903,0.964267;19,2729,0.8288;24,4088,0.8784
146,82992;369,91708,0.962133;31,2314,0.930933;32,3568,0.9608;16,2353,0.834133;19,3313,0.8792
112,60460;364,89588,0.956267;25,1416,0.930133;25,2236,0.964533;11,1777,0.8344;14,2490,0.881867
45,26929;359,89666,0.958933;20,903,0.932267;22,1603,0.962133;7,1038,0.829867;10,1721,0.8776
41,24813;368,91452,0.974933;24,742,0.9344;23,964,0.9632;5,777,0.836533;5,953,0.881333
35,21218;368,91236,0.9592;16,673,0.9352;19,985,0.965333;5,756,0.837067;6,1048,0.881067
42,25509;360,90758,0.968267;25,713,0.931733;17,1039,0.962933;6,922,0.837067;6,1066,0.879467
33,19051;369,92590,0.961333;19,327,0.9384;11,527,0.966667;5,625,0.838133;4,636,0.8816
20,11816;369,91643,0.9608;14,247,0.9392;18,433,0.9672;2,210,0.838933;2,299,0.8816
17,9619;362,90633,0.9664;4,145,0.9392;6,162,0.967467;1,153,0.838933;1,175,0.8816
13,6674;362,90991,0.9576;2,97,0.9392;3,120,0.967467;0,81,0.838933;0,100,0.8816
13,6674;369,91544,0.966933;4,107,0.939467;3,115,0.967467;0,81,0.838933;1,100,0.8816
