5,2415;38,10780,1;8,2041,0.987143;9,2462,1;12,2231,1;11,2374,1
4,2314;50,10428,1;1,411,0.984286;2,500,0.992857;2,697,0.988571;3,914,0.988571
4,2324;50,10639,1;1,410,0.98;2,551,0.988571;3,727,0.981429;3,924,0.981429
4,2327;52,10988,1;1,451,0.98;2,633,0.997143;3,746,0.974286;3,959,0.974286
4,2321;51,10642,1;1,446,0.982857;2,586,0.994286;3,752,0.97;3,968,0.97
5,2321;51,10715,1;1,439,0.975714;2,539,0.991429;3,731,0.964286;3,964,0.964286
4,2319;50,10847,1;1,397,0.977143;2,561,0.997143;2,691,0.96;3,921,0.96
4,2324;57,11079,1;1,454,0.975714;2,579,0.997143;2,701,0.952857;3,935,0.952857
4,2319;56,10658,1;1,419,0.985714;2,567,0.994286;3,750,0.954286;3,973,0.954286
4,2328;57,10797,1;1,435,0.985714;2,630,0.994286;3,741,0.955714;3,981,0.955714
4,2317;57,10932,1;1,411,0.987143;2,577,0.994286;3,750,0.951429;3,980,0.951429
4,2321;56,11085,1;1,439,0.982857;2,607,0.995714;3,817,0.942857;4,1050,0.942857
4,2309;58,10905,1;1,412,0.982857;2,551,0.997143;3,739,0.938571;3,985,0.938571
5,2327;56,10691,1;1,415,0.971429;2,570,0.988571;3,789,0.937143;3,1027,0.937143
4,2324;59,11277,1;1,425,0.975714;2,567,0.988571;3,752,0.925714;5,1008,0.925714
4,2327;63,10909,1;2,443,0.97;4,599,0.99;6,891,0.924286;7,1145,0.924286
5,2322;56,10660,1;3,494,0.99;3,568,0.984286;5,825,0.915714;6,1063,0.915714
4,2316;56,10989,1;2,404,0.988571;3,536,0.995714;4,698,0.915714;5,943,0.915714
4,2325;53,10903,1;3,436,0.968571;4,607,0.994286;5,849,0.907143;6,1099,0.907143
4,2320;52,11100,1;2,439,0.974286;3,524,0.985714;4,721,0.904286;5,960,0.904286
4,2325;51,10589,1;2,458,0.985714;3,594,0.984286;4,742,0.91;5,993,0.91
4,2324;52,10871,1;2,420,0.984286;3,569,0.991429;4,746,0.911429;5,988,0.911429
4,2311;52,10833,1;2,435,0.984286;3,526,0.981429;4,724,0.898571;4,962,0.898571
4,2319;53,11136,1;2,430,0.985714;3,587,0.985714;4,727,0.888571;5,973,0.888571
4,2325;53,11092,1;2,422,0.984286;3,563,0.992857;4,736,0.894286;4,978,0.894286
4,2318;53,11140,1;2,401,0.972857;3,609,0.991429;4,751,0.884286;5,1000,0.884286
4,2315;51,10810,1;2,464,0.977143;4,628,0.997143;5,863,0.884286;6,1109,0.884286
4,2317;52,10888,1;2,431,0.978571;3,563,0.997143;5,809,0.88;5,1069,0.88
5,2321;51,10872,1;2,461,0.978571;4,591,0.994286;4,709,0.872857;5,949,0.872857
4,2318;51,10890,1;2,437,0.984286;3,562,0.997143;5,795,0.87;5,1054,0.87
4,2324;52,10717,1;2,434,0.99;3,554,1;4,770,0.871429;5,1030,0.871429
4,2328;51,10768,1;2,429,0.978571;3,527,0.992857;4,734,0.865714;5,978,0.865714
4,2327;53,11003,1;2,428,0.98;3,572,0.992857;4,759,0.868571;5,1009,0.868571
4,2321;52,10925,1;2,435,0.987143;3,529,0.994286;5,833,0.865714;6,1072,0.865714
4,2318;52,10888,1;2,382,0.985714;3,512,0.992857;4,698,0.867143;4,949,0.867143
4,2318;51,10779,1;2,422,0.992857;3,510,0.994286;4,720,0.865714;5,974,0.865714
4,2314;56,10945,1;2,401,0.991429;2,487,0.99;4,785,0.865714;5,1035,0.865714
4,2315;52,10874,1;2,404,0.994286;3,506,0.992857;4,748,0.862857;5,1012,0.862857
4,2317;58,10909,1;2,423,0.991429;3,535,0.994286;4,776,0.862857;5,1064,0.862857
4,2320;51,10901,1;2,406,0.992857;3,535,0.998571;4,729,0.858571;4,955,0.858571
4,2323;50,10664,1;2,403,0.98;2,580,0.991429;3,805,0.858571;4,1049,0.858571
4,2309;52,10769,1;1,421,0.99;2,461,0.991429;3,716,0.86;3,970,0.86
4,2316;52,11095,1;1,401,0.988571;2,501,0.991429;3,742,0.851429;3,1001,0.85
4,2319;61,10890,1;2,455,0.992857;2,518,0.994286;3,805,0.848571;4,1101,0.847143
4,2319;64,11102,1;1,386,0.988571;2,588,0.997143;3,794,0.845714;4,1047,0.844286
4,2319;52,10891,1;1,403,0.992857;2,506,1;3,823,0.845714;4,1116,0.844286
4,2322;52,10544,1;1,419,0.985714;2,572,0.997143;4,871,0.844286;4,1128,0.842857
4,2322;51,10699,1;2,431,0.982857;2,585,0.997143;3,832,0.84;4,1072,0.838571
4,2321;51,10780,1;1,425,0.982857;2,519,0.995714;3,766,0.841429;3,1050,0.84
4,2300;53,11175,1;1,397,0.974286;2,529,0.99;3,816,0.844286;4,1110,0.842857
5,2321;52,10893,1;1,435,0.978571;2,583,0.998571;3,815,0.838571;4,1112,0.837143
4,2319;56,10991,1;2,440,0.988571;2,563,1;3,781,0.837143;4,1068,0.835714
4,2324;58,10809,1;1,432,0.981429;2,595,0.987143;3,782,0.83;4,1052,0.828571
4,2317;58,11027,1;1,413,0.978571;2,571,0.988571;3,805,0.832857;4,1085,0.831429
4,2320;58,10941,1;1,419,0.984286;2,507,0.99;3,762,0.834286;3,1044,0.832857
4,2316;58,11072,1;1,431,0.978571;2,564,0.994286;3,813,0.828571;4,1093,0.827143
4,2309;58,10973,1;1,396,0.98;2,571,0.994286;3,764,0.827143;5,1069,0.825714
4,2315;57,10781,1;2,435,0.991429;3,541,0.991429;6,929,0.827143;7,1219,0.825714
4,2312;57,10880,1;2,430,0.982857;3,594,0.992857;5,854,0.825714;6,1127,0.825714
4,2318;52,10899,1;2,423,0.99;3,545,0.997143;6,884,0.82;6,1153,0.82
4,2320;53,10827,1;2,417,0.981429;4,636,0.998571;5,794,0.824286;6,1070,0.824286
4,2326;52,10697,1;3,448,0.975714;4,614,0.991429;6,920,0.818571;6,1155,0.818571
4,2326;51,10661,1;3,484,0.982857;4,627,0.992857;5,819,0.815714;6,1087,0.815714
4,2334;52,10904,1;3,467,0.978571;4,664,0.995714;6,966,0.81;8,1296,0.81
5,2325;52,10652,1;3,442,0.975714;3,597,0.997143;6,939,0.811429;7,1225,0.81
4,2325;58,10974,1;3,459,0.984286;4,602,0.99;5,767,0.81;6,1069,0.808571
4,2315;58,11167,1;2,424,0.987143;3,533,0.987143;4,765,0.811429;5,1055,0.81
4,2321;58,10902,1;2,448,0.992857;3,578,0.994286;6,923,0.808571;7,1228,0.807143
4,2308;56,10633,1;2,392,0.984286;3,552,0.995714;5,846,0.805714;6,1146,0.804286
3,2308;62,10860,1;2,410,0.978571;3,526,0.994286;6,896,0.802857;7,1191,0.8
4,2319;57,10907,1;3,476,0.98;4,610,0.987143;5,842,0.792857;6,1112,0.791429
4,2324;62,11057,1;2,421,0.985714;3,537,0.991429;5,805,0.79;6,1092,0.788571
4,2319;57,10730,1;2,425,0.984286;3,575,0.994286;6,936,0.785714;7,1279,0.784286
4,2330;55,10700,1;2,429,0.984286;4,584,0.991429;6,902,0.784286;7,1234,0.782857
4,2311;67,10642,1;2,412,0.985714;4,558,0.99;5,841,0.782857;6,1145,0.781429
4,2322;58,10990,1;2,423,0.987143;3,542,0.992857;5,824,0.784286;6,1097,0.782857
4,2318;58,11046,1;2,414,0.981429;4,540,0.99;6,912,0.788571;7,1243,0.787143
4,2330;57,10818,1;2,449,0.984286;4,582,0.997143;6,893,0.778571;7,1177,0.778571
4,2324;58,11068,1;2,426,0.982857;3,528,0.99;5,793,0.777143;6,1085,0.777143
5,2326;56,10763,1;3,462,0.992857;4,582,0.995714;5,844,0.768571;6,1134,0.768571
4,2309;55,10937,1;2,395,0.991429;3,488,0.995714;4,727,0.768571;5,993,0.768571
4,2306;52,10838,1;2,395,0.988571;3,523,0.995714;6,884,0.771429;7,1205,0.771429
4,2314;53,11007,1;2,420,0.991429;3,487,0.994286;5,836,0.767143;7,1125,0.767143
4,2315;55,10763,1;3,410,0.98;4,580,0.995714;6,870,0.764286;8,1187,0.764286
4,2328;53,10670,1;3,436,0.988571;4,527,0.995714;6,806,0.76;7,1100,0.76
4,2326;58,10772,1;2,411,0.985714;4,539,1;6,806,0.764286;7,1102,0.764286
4,2325;58,11051,1;3,408,0.984286;3,529,0.998571;6,815,0.765714;7,1131,0.765714
5,2332;59,11126,1;3,427,0.992857;3,499,0.997143;6,849,0.764286;7,1150,0.764286
4,2320;59,11282,1;2,395,0.991429;3,511,1;4,748,0.764286;5,1025,0.764286
4,2324;58,10863,1;2,373,0.995714;2,503,0.995714;6,871,0.765714;6,1172,0.765714
4,2320;56,10525,1;2,399,0.987143;3,512,0.994286;6,971,0.77;8,1329,0.771429
4,2315;56,10623,1;2,377,0.988571;3,523,0.994286;5,824,0.764286;6,1131,0.764286
4,2326;57,10644,1;2,387,0.974286;3,568,0.994286;6,928,0.767143;7,1263,0.767143
4,2317;51,10615,1;2,400,0.978571;2,450,0.988571;4,733,0.764286;5,1013,0.764286
4,2324;53,11355,1;2,387,0.981429;3,503,0.994286;4,751,0.762857;5,1042,0.762857
4,2319;51,10667,1;3,409,0.982857;3,509,0.987143;5,792,0.755714;6,1110,0.757143
4,2317;51,11033,1;2,382,0.987143;3,532,0.998571;4,752,0.758571;5,1018,0.758571
4,2320;52,10943,1;2,379,0.981429;3,524,0.998571;4,763,0.76;5,1055,0.76
4,2321;51,10609,1;2,415,0.988571;3,504,0.997143;5,820,0.755714;6,1141,0.755714
4,2323;51,10797,1;2,433,0.997143;3,505,0.995714;4,777,0.751429;5,1076,0.751429
4,2320;51,10844,1;1,385,0.994286;2,476,0.994286;5,805,0.758571;6,1131,0.758571
4,2317;52,10754,1;2,382,0.98;3,506,0.991429;5,845,0.755714;6,1164,0.755714
4,2318;51,10685,1;2,409,0.991429;3,489,0.995714;5,788,0.752857;6,1119,0.752857
5,2322;52,10921,1;2,406,0.988571;3,546,0.995714;5,832,0.752857;6,1160,0.752857
5,2317;52,11013,1;2,412,0.995714;3,485,0.994286;4,737,0.751429;5,1024,0.751429
5,2315;63,10913,1;2,380,0.998571;3,479,0.998571;4,748,0.751429;5,1049,0.751429
5,2317;53,10932,1;2,383,0.987143;3,487,0.995714;5,804,0.75;6,1100,0.75
5,2304;52,10876,1;2,380,0.987143;3,488,0.997143;4,751,0.751429;5,1053,0.751429
5,2324;53,11058,1;2,390,0.987143;3,510,0.997143;5,809,0.751429;6,1122,0.751429
4,2327;52,10788,1;2,408,0.987143;3,524,0.988571;5,789,0.75;5,1084,0.75
4,2319;53,11209,1;2,408,0.997143;2,507,0.995714;3,758,0.75;3,1053,0.75
4,2325;51,10570,1;1,400,0.992857;2,524,0.997143;3,838,0.747143;4,1134,0.747143
4,2321;45,10686,1;1,397,0.99;2,553,0.994286;3,816,0.745714;4,1146,0.745714
4,2311;51,10860,1;1,381,0.991429;2,483,0.994286;3,788,0.745714;4,1102,0.745714
4,2316;51,10680,1;2,402,0.994286;4,553,0.994286;4,761,0.747143;5,1064,0.747143
4,2321;51,10936,1;2,387,0.992857;3,482,0.994286;4,752,0.745714;5,1036,0.745714
4,2318;51,10596,1;2,381,0.988571;3,501,0.994286;4,750,0.741429;5,1039,0.741429
4,2312;51,10887,1;2,373,0.988571;3,508,0.998571;5,827,0.742857;6,1128,0.742857
4,2315;52,10848,1;2,380,0.991429;3,492,0.995714;4,753,0.74;5,1050,0.74
4,2322;51,10720,1;2,412,0.994286;3,469,0.997143;5,815,0.738571;6,1120,0.74
4,2316;52,10836,1;2,383,0.991429;3,472,0.995714;4,750,0.738571;5,1047,0.74
4,2313;51,10241,1;2,391,0.985714;3,553,1;4,781,0.735714;5,1075,0.737143
4,2316;50,10651,1;2,437,0.988571;3,490,0.995714;4,771,0.737143;5,1076,0.738571
4,2331;52,10876,1;2,420,0.995714;3,483,0.998571;4,778,0.735714;5,1045,0.737143
4,2317;52,10946,1;2,384,0.988571;3,515,0.995714;5,824,0.735714;6,1138,0.737143
4,2329;52,10579,1;2,431,0.985714;3,501,0.994286;4,791,0.74;5,1077,0.74
4,2311;50,10703,1;2,402,0.99;3,498,0.998571;5,804,0.737143;6,1117,0.737143
4,2328;51,10890,1;2,419,0.991429;3,545,0.995714;5,814,0.738571;6,1128,0.74
4,2328;51,10900,1;2,438,0.994286;3,534,0.995714;5,858,0.737143;6,1203,0.738571
4,2307;77,10940,1;2,386,0.994286;3,490,0.997143;4,785,0.735714;5,1074,0.737143
4,2320;56,10678,1;2,396,0.994286;3,517,0.997143;5,793,0.738571;5,1095,0.74
4,2322;60,11281,1;2,397,0.988571;2,447,0.994286;4,795,0.737143;5,1101,0.738571
4,2314;59,11513,1;2,429,0.984286;3,528,0.991429;5,815,0.738571;6,1112,0.74
4,2315;57,10848,1;2,428,0.991429;3,523,0.997143;5,805,0.738571;5,1082,0.74
4,2319;56,10823,1;2,400,0.984286;3,532,0.995714;4,805,0.734286;5,1085,0.735714
4,2325;58,10919,1;2,441,0.991429;2,489,0.994286;4,786,0.734286;5,1072,0.735714
4,2317;57,10644,1;2,398,0.994286;3,518,0.997143;5,842,0.735714;6,1186,0.738571
4,2313;56,10908,1;2,387,0.995714;3,510,0.998571;4,775,0.737143;5,1052,0.738571
4,2327;65,10943,1;2,388,0.99;3,521,0.995714;4,801,0.735714;5,1083,0.737143
4,2319;56,10763,1;2,410,0.992857;3,503,0.997143;5,813,0.735714;6,1120,0.737143
8,2305;52,10767,1;2,427,0.994286;3,521,0.991429;5,818,0.734286;6,1130,0.735714
4,2323;52,11030,1;2,424,0.995714;3,558,0.997143;5,813,0.734286;5,1110,0.735714
4,2316;51,10707,1;2,442,0.988571;3,589,0.995714;5,851,0.738571;6,1147,0.74
4,2322;53,10957,1;2,442,0.99;3,525,0.992857;4,774,0.737143;5,1065,0.738571
4,2319;53,10929,1;2,427,0.99;3,559,0.994286;4,793,0.737143;5,1085,0.737143
4,2314;58,10941,1;2,417,0.988571;3,504,0.988571;5,809,0.734286;6,1097,0.734286
5,2316;56,10551,1;2,441,0.982857;4,586,0.99;5,811,0.732857;6,1093,0.732857
4,2316;58,11207,1;2,468,0.99;3,529,0.992857;5,870,0.735714;6,1184,0.735714
4,2318;57,10982,1;2,445,0.987143;4,579,0.994286;5,836,0.734286;6,1121,0.734286
4,2318;65,10753,1;2,421,0.985714;3,556,0.992857;4,760,0.73;5,1034,0.73
4,2311;54,10755,1;2,418,0.988571;3,541,0.988571;5,856,0.73;6,1132,0.73
4,2326;52,11018,1;2,439,0.987143;4,651,0.994286;6,978,0.735714;7,1322,0.735714
4,2321;51,11024,1;2,426,0.99;3,559,0.997143;5,807,0.734286;6,1081,0.734286
4,2326;52,11079,1;2,435,0.982857;3,569,0.997143;5,858,0.73;6,1169,0.73
4,2317;51,10839,1;2,421,0.987143;3,507,0.994286;5,797,0.734286;6,1092,0.734286
4,2311;53,11275,1;2,425,0.987143;4,623,0.998571;5,822,0.728571;6,1125,0.728571
4,2322;55,11139,1;2,440,0.99;4,572,0.995714;5,890,0.724286;7,1200,0.724286
4,2324;52,10988,1;2,397,0.977143;4,580,0.99;5,830,0.72;6,1126,0.72
4,2305;51,11062,1;3,425,0.98;3,576,0.988571;7,957,0.712857;8,1302,0.712857
8,2322;51,10752,1;2,447,0.985714;4,614,0.994286;7,972,0.711429;8,1327,0.711429
4,2323;58,10985,1;2,415,0.982857;3,550,0.991429;6,906,0.712857;7,1206,0.712857
4,2318;57,11346,1;2,428,0.99;3,572,0.988571;7,995,0.72;8,1327,0.72
5,2326;57,10948,1;2,426,0.985714;3,546,0.99;5,825,0.72;6,1136,0.72
5,2322;58,10972,1;3,444,0.977143;3,587,0.984286;6,885,0.71;7,1238,0.711429
4,2318;60,11373,1;2,442,0.968571;4,595,0.991429;6,932,0.711429;7,1258,0.712857
4,2325;58,11174,1;3,456,0.975714;4,598,0.991429;6,927,0.704286;7,1200,0.705714
4,2326;58,10958,1;3,466,0.975714;4,678,1;7,1000,0.708571;8,1383,0.708571
4,2319;57,10913,1;3,467,0.994286;3,517,0.991429;6,883,0.708571;7,1193,0.708571
4,2321;59,11200,1;2,414,0.974286;3,580,0.981429;5,872,0.707143;6,1161,0.707143
4,2321;62,11614,1;2,419,0.971429;4,634,0.994286;5,837,0.7;6,1148,0.7
4,2323;58,11077,1;3,500,0.984286;4,601,0.991429;5,799,0.698571;6,1097,0.698571
5,2329;58,11224,1;2,415,0.985714;4,625,0.995714;6,903,0.694286;7,1264,0.694286
4,2324;60,11291,1;3,476,0.975714;4,655,0.985714;5,881,0.697143;7,1222,0.697143
5,2335;57,10956,1;3,508,0.972857;4,663,0.984286;7,1036,0.695714;8,1428,0.695714
4,2330;60,11355,1;3,504,0.987143;4,613,0.984286;6,898,0.695714;7,1224,0.694286
5,2319;58,10949,1;2,429,0.978571;3,589,0.984286;6,893,0.697143;7,1221,0.695714
4,2315;57,10968,1;3,407,0.972857;4,637,0.99;7,971,0.694286;8,1314,0.691429
4,2322;58,11017,1;2,452,0.974286;3,592,0.99;6,934,0.695714;8,1307,0.692857
4,2316;58,11096,1;3,478,0.981429;4,633,0.995714;10,1070,0.695714;9,1460,0.692857
5,2319;59,11206,1;2,428,0.972857;4,574,0.985714;6,963,0.688571;7,1333,0.685714
4,2319;52,10762,1;2,445,0.99;4,574,0.992857;6,902,0.688571;7,1280,0.685714
4,2329;58,10919,1;3,465,0.982857;4,649,0.99;8,1141,0.684286;9,1573,0.681429
4,2328;57,10821,1;3,485,0.99;4,567,0.997143;6,951,0.682857;8,1346,0.68
4,2323;57,10712,1;2,408,0.982857;3,561,0.99;7,988,0.674286;8,1441,0.671429
5,2329;57,10660,1;2,429,0.982857;3,577,0.99;7,1009,0.675714;8,1466,0.672857
4,2329;56,10543,1;3,453,0.974286;4,588,0.992857;7,1083,0.675714;9,1540,0.672857
4,2320;59,10939,1;3,429,0.974286;4,584,0.988571;7,1013,0.681429;8,1429,0.678571
4,2319;57,10624,1;3,442,0.99;4,576,0.99;6,944,0.681429;8,1342,0.678571
5,2321;58,10663,1;2,419,0.98;4,572,0.991429;7,992,0.69;8,1414,0.687143
5,2314;57,10615,1;3,409,0.987143;3,512,0.994286;6,923,0.692857;7,1264,0.69
5,2319;58,10825,1;2,405,0.985714;3,538,0.997143;7,1074,0.691429;10,1504,0.688571
5,2323;61,10545,1;3,422,0.98;4,593,0.995714;7,906,0.697143;8,1254,0.694286
4,2320;55,10248,1;3,428,0.981429;4,498,0.991429;7,961,0.695714;9,1338,0.691429
5,2317;57,10625,1;3,461,0.98;5,615,0.995714;7,927,0.691429;7,1283,0.687143
5,2322;56,10404,1;2,398,0.971429;3,565,0.988571;7,1069,0.695714;10,1556,0.691429
4,2334;58,10785,1;3,458,0.977143;4,649,0.988571;8,1085,0.697143;9,1540,0.692857
5,2331;57,10614,1;3,468,0.984286;4,663,0.994286;8,1116,0.687143;9,1508,0.684286
5,2319;58,10697,1;2,392,0.98;3,552,0.991429;6,910,0.69;7,1278,0.687143
5,2316;56,10571,1;3,468,0.975714;4,569,0.981429;7,991,0.692857;8,1345,0.69
4,2323;55,10470,1;3,448,0.978571;3,506,0.984286;5,831,0.69;6,1144,0.687143
5,2314;56,10474,1;3,442,0.987143;4,563,0.995714;5,886,0.678571;7,1241,0.675714
4,2314;56,10102,1;2,398,0.982857;4,523,0.992857;6,950,0.677143;7,1364,0.674286
5,2334;56,10329,1;3,429,0.977143;4,545,0.994286;6,919,0.674286;7,1287,0.671429
5,2309;57,10284,1;3,441,0.991429;3,510,0.997143;6,989,0.67;8,1333,0.667143
5,2319;52,10089,1;2,408,0.985714;4,569,0.995714;6,915,0.67;7,1241,0.667143
5,2322;47,10401,1;3,438,0.98;4,618,0.987143;6,989,0.665714;7,1264,0.662857
5,2318;67,10294,1;3,450,0.982857;4,560,0.99;6,934,0.665714;7,1327,0.662857
5,2317;61,10574,1;2,407,0.982857;4,525,0.997143;7,971,0.667143;8,1366,0.664286
5,2322;37,10222,1;3,417,0.971429;4,561,0.987143;6,931,0.664286;7,1261,0.661429
4,2320;51,10404,1;2,435,0.981429;2,496,0.985714;4,900,0.665714;5,1256,0.662857
5,2301;51,10589,1;2,396,0.974286;2,552,0.985714;4,964,0.67;5,1360,0.668571
4,2323;51,10577,1;2,441,0.97;3,556,0.974286;6,915,0.667143;7,1315,0.664286
5,2313;51,10509,1;3,432,0.972857;4,548,0.972857;7,981,0.667143;8,1340,0.665714
4,2314;52,10579,1;3,439,0.967143;3,564,0.967143;6,868,0.662857;7,1224,0.661429
4,2324;50,10410,1;3,449,0.96;4,578,0.967143;6,919,0.67;8,1325,0.667143
4,2302;52,10642,1;3,424,0.962857;4,524,0.974286;6,897,0.665714;7,1298,0.662857
4,2318;66,10655,1;2,422,0.964286;4,534,0.968571;6,892,0.665714;7,1244,0.664286
4,2321;62,10429,1;3,412,0.958571;4,531,0.968571;5,858,0.665714;7,1171,0.662857
5,2320;54,10216,1;3,412,0.94;4,503,0.95;8,1111,0.665714;10,1559,0.662857
4,2308;65,10421,1;2,427,0.938571;4,609,0.95;7,1028,0.664286;8,1398,0.662857
5,2312;67,10577,1;3,452,0.938571;4,618,0.952857;7,1007,0.658571;8,1373,0.657143
5,2327;68,10729,1;3,446,0.924286;6,657,0.95;10,1252,0.664286;11,1680,0.662857
4,2324;67,10306,1;4,524,0.935714;5,634,0.941429;7,985,0.671429;8,1406,0.67
4,2318;63,10400,1;3,475,0.927143;4,619,0.937143;7,1024,0.665714;9,1451,0.664286
4,2315;53,10281,1;3,431,0.927143;4,614,0.937143;7,977,0.662857;8,1376,0.661429
4,2332;54,10448,1;3,484,0.915714;5,666,0.932857;8,1144,0.664286;9,1523,0.662857
4,2318;54,10453,1;4,486,0.917143;4,619,0.921429;7,1030,0.664286;8,1374,0.664286
4,2320;58,10638,1;3,427,0.892857;4,607,0.908571;8,1151,0.661429;10,1622,0.661429
4,2314;56,10155,1;3,455,0.905714;3,535,0.908571;6,908,0.667143;6,1192,0.665714
5,2319;57,10600,1;3,454,0.905714;4,623,0.907143;5,893,0.661429;7,1278,0.66
5,2321;50,9943,1;2,448,0.891429;4,632,0.904286;7,1012,0.658571;9,1460,0.657143
5,2307;52,10686,1;3,441,0.901429;4,553,0.914286;6,940,0.66;8,1375,0.658571
5,2324;50,10141,1;3,448,0.895714;5,690,0.915714;7,1059,0.671429;9,1463,0.67
5,2320;51,10281,1;3,417,0.9;3,550,0.908571;4,814,0.668571;6,1160,0.668571
3,2314;52,10520,1;3,435,0.902857;3,560,0.904286;7,1005,0.665714;8,1359,0.667143
4,2314;58,10332,1;3,425,0.905714;4,587,0.905714;6,988,0.66;7,1359,0.661429
5,2328;52,10434,1;2,439,0.897143;4,593,0.907143;6,889,0.661429;7,1268,0.662857
5,2310;51,10538,1;3,424,0.891429;4,594,0.904286;7,1061,0.662857;8,1426,0.662857
5,2321;52,10635,1;2,479,0.898571;3,518,0.9;6,944,0.66;7,1306,0.661429
5,2321;52,10475,1;2,424,0.902857;3,502,0.898571;5,875,0.668571;6,1202,0.67
4,2320;51,10388,1;2,447,0.902857;3,562,0.905714;5,853,0.661429;6,1195,0.662857
4,2314;51,10405,1;2,424,0.895714;3,570,0.902857;6,892,0.655714;7,1256,0.657143
4,2329;51,10461,1;3,461,0.888571;3,585,0.901429;5,865,0.664286;7,1209,0.665714
4,2314;51,10125,1;2,443,0.887143;3,505,0.897143;5,827,0.664286;6,1153,0.665714
4,2322;49,10086,1;2,420,0.89;3,595,0.897143;5,821,0.662857;6,1135,0.664286
4,2312;50,10304,1;2,449,0.892857;3,532,0.898571;5,844,0.665714;6,1188,0.667143
4,2319;56,10602,1;2,409,0.888571;3,562,0.897143;5,819,0.664286;6,1134,0.664286
4,2322;52,10389,1;2,430,0.884286;3,497,0.892857;6,962,0.66;7,1296,0.66
4,2313;51,10228,1;2,411,0.885714;3,506,0.892857;5,875,0.668571;6,1172,0.668571
4,2312;50,10120,1;2,438,0.888571;3,540,0.891429;6,914,0.671429;7,1261,0.671429
4,2312;50,10247,1;2,430,0.885714;3,533,0.892857;6,886,0.67;6,1228,0.67
4,2314;53,10365,1;2,406,0.888571;2,471,0.891429;5,839,0.67;6,1149,0.667143
4,2309;51,10361,1;2,420,0.888571;3,516,0.891429;6,922,0.672857;7,1267,0.671429
4,2318;51,10278,1;2,462,0.884286;3,565,0.891429;6,907,0.662857;7,1251,0.661429
4,2317;54,10352,1;2,405,0.885714;3,567,0.89;5,824,0.665714;6,1148,0.664286
4,2325;50,10076,1;2,420,0.887143;3,541,0.89;5,883,0.664286;6,1210,0.662857
4,2311;52,10362,1;2,437,0.885714;3,542,0.891429;6,862,0.661429;6,1217,0.66
4,2313;51,10389,1;2,398,0.885714;3,545,0.888571;6,986,0.66;7,1358,0.658571
4,2317;51,10317,1;3,458,0.884286;4,612,0.891429;7,1000,0.66;8,1372,0.66
4,2324;51,10513,1;2,427,0.877143;3,513,0.884286;6,954,0.665714;8,1393,0.664286
4,2317;51,10357,1;2,426,0.872857;3,565,0.88;6,942,0.668571;7,1261,0.667143
4,2305;50,10201,1;2,416,0.881429;4,612,0.887143;6,922,0.67;7,1237,0.668571
4,2313;58,10217,1;2,407,0.871429;3,572,0.884286;6,870,0.665714;6,1154,0.664286
4,2315;51,10205,1;2,397,0.874286;3,539,0.887143;6,911,0.67;7,1239,0.668571
5,2311;50,10234,1;2,453,0.875714;4,567,0.882857;5,859,0.668571;6,1175,0.667143
5,2329;52,10501,1;2,423,0.872857;4,598,0.89;7,1020,0.668571;7,1310,0.665714
4,2304;58,10185,1;2,437,0.884286;3,484,0.891429;5,847,0.668571;6,1180,0.667143
5,2310;47,10771,1;3,415,0.891429;3,516,0.888571;5,887,0.67;6,1220,0.668571
4,2314;50,10710,1;2,384,0.882857;3,560,0.891429;5,823,0.671429;6,1148,0.67
4,2319;51,10532,1;3,429,0.884286;3,544,0.89;6,963,0.668571;7,1331,0.667143
4,2324;61,10677,1;3,464,0.887143;4,596,0.892857;6,925,0.66;7,1296,0.658571
4,2318;58,10640,1;3,457,0.884286;4,645,0.892857;6,965,0.658571;7,1314,0.655714
4,2318;57,10510,1;3,438,0.885714;3,518,0.89;5,853,0.657143;6,1196,0.654286
5,2319;57,10599,1;2,450,0.872857;4,624,0.888571;6,990,0.661429;7,1369,0.658571
4,2325;56,10510,1;3,486,0.881429;4,693,0.895714;7,1097,0.655714;9,1495,0.654286
4,2304;58,10794,1;2,451,0.892857;3,496,0.897143;5,890,0.66;9,1252,0.657143
4,2321;62,10430,1;2,439,0.88;3,593,0.888571;6,916,0.658571;5,1240,0.657143
3,2312;59,10895,1;2,440,0.882857;2,563,0.894286;4,955,0.661429;5,1276,0.658571
4,2332;64,10602,1;2,513,0.882857;3,712,0.895714;6,1181,0.66;6,1575,0.658571
5,2311;58,10762,1;2,469,0.884286;3,606,0.89;5,1018,0.667143;5,1336,0.665714
5,2314;61,11007,1;1,448,0.878571;3,622,0.888571;4,973,0.661429;5,1315,0.66
4,2315;70,10679,1;2,437,0.881429;2,598,0.894286;3,823,0.661429;4,1143,0.661429
5,2311;59,10665,1;2,474,0.89;2,572,0.891429;5,1000,0.665714;5,1367,0.665714
3,2301;57,10543,1;1,387,0.89;2,511,0.897143;4,900,0.667143;4,1235,0.667143
5,2313;60,10996,1;2,423,0.887143;3,529,0.894286;5,896,0.664286;6,1224,0.664286
4,2314;57,10290,1;2,405,0.891429;3,518,0.895714;5,862,0.661429;6,1144,0.661429
4,2315;57,10548,1;2,438,0.891429;3,515,0.891429;6,915,0.66;7,1309,0.66
5,2312;58,10562,1;2,407,0.89;3,515,0.892857;6,911,0.66;7,1271,0.66
5,2328;55,10307,1;2,425,0.891429;3,529,0.894286;5,894,0.658571;7,1240,0.658571
4,2314;56,10392,1;2,400,0.885714;3,499,0.891429;5,837,0.655714;6,1155,0.655714
5,2315;56,10377,1;2,430,0.88;4,599,0.89;7,1017,0.658571;8,1439,0.658571
5,2312;57,10306,1;3,462,0.881429;4,604,0.891429;8,1063,0.651429;8,1331,0.651429
5,2328;56,10236,1;2,451,0.878571;4,609,0.892857;6,1009,0.648571;7,1331,0.648571
4,2324;56,10324,1;3,465,0.87;4,579,0.895714;6,973,0.648571;8,1318,0.648571
4,2315;58,10603,1;3,485,0.892857;4,591,0.895714;6,981,0.652857;8,1343,0.651429
4,2308;57,10318,1;2,414,0.89;3,521,0.894286;5,889,0.648571;6,1252,0.647143
5,2299;57,10422,1;1,414,0.887143;2,558,0.894286;4,846,0.652857;5,1215,0.651429
5,2316;56,10429,1;1,401,0.891429;2,500,0.898571;5,1021,0.654286;5,1346,0.652857
5,2312;54,10304,1;2,410,0.892857;3,523,0.894286;6,919,0.655714;7,1251,0.654286
5,2314;56,9941,1;2,395,0.894286;3,535,0.901429;6,949,0.652857;7,1285,0.651429
4,2310;51,10386,1;2,387,0.892857;3,494,0.901429;6,944,0.651429;7,1283,0.65
4,2326;52,10872,1;2,417,0.888571;3,540,0.9;6,926,0.645714;7,1249,0.644286
4,2314;52,10606,1;3,427,0.902857;3,496,0.908571;5,829,0.642857;6,1161,0.641429
4,2322;51,10811,1;2,400,0.904286;3,488,0.907143;5,846,0.642857;6,1158,0.641429
4,2314;52,10836,1;2,381,0.905714;3,439,0.907143;5,817,0.641429;6,1130,0.64
4,2312;51,10406,1;2,388,0.904286;3,447,0.902857;5,860,0.635714;7,1201,0.634286
5,2321;51,10750,1;2,377,0.9;3,510,0.907143;5,855,0.637143;7,1239,0.635714
4,2320;65,10623,1;2,390,0.904286;3,505,0.908571;5,862,0.638571;6,1203,0.637143
4,2324;56,10672,1;2,403,0.902857;3,495,0.911429;6,883,0.638571;7,1267,0.637143
4,2324;57,10771,1;2,408,0.901429;3,490,0.905714;6,896,0.634286;7,1278,0.632857
4,2317;62,10440,1;2,396,0.901429;3,489,0.907143;5,810,0.634286;6,1135,0.631429
4,2323;56,10343,1;2,411,0.91;3,473,0.911429;6,925,0.642857;7,1290,0.641429
4,2317;58,10645,1;2,383,0.911429;3,484,0.911429;5,815,0.645714;6,1153,0.644286
4,2316;58,10846,1;2,380,0.91;3,481,0.911429;5,851,0.642857;6,1204,0.641429
4,2320;57,10514,1;2,440,0.905714;4,590,0.914286;6,968,0.64;8,1390,0.638571
4,2314;59,10860,1;3,402,0.91;3,556,0.914286;6,940,0.637143;8,1359,0.635714
4,2323;57,10688,1;2,408,0.912857;3,490,0.92;5,874,0.64;7,1270,0.637143
4,2319;56,10613,1;2,415,0.907143;3,508,0.907143;5,837,0.638571;6,1177,0.635714
4,2313;57,10809,1;2,401,0.915714;3,510,0.921429;6,874,0.641429;7,1204,0.638571
4,2314;62,10653,1;3,418,0.915714;3,526,0.917143;6,877,0.641429;7,1240,0.638571
4,2321;59,10875,1;2,431,0.914286;3,571,0.918571;6,928,0.64;8,1332,0.638571
4,2295;57,10683,1;2,361,0.912857;3,470,0.918571;7,948,0.64;8,1366,0.638571
4,2312;59,10975,1;2,372,0.914286;3,478,0.918571;5,847,0.64;6,1172,0.637143
4,2303;51,10535,1;2,375,0.912857;3,469,0.917143;5,826,0.64;6,1159,0.637143
4,2318;53,11098,1;2,428,0.911429;3,502,0.915714;5,819,0.628571;6,1129,0.625714
4,2323;53,10821,1;2,432,0.917143;3,547,0.92;7,993,0.631429;8,1416,0.628571
4,2318;51,10512,1;2,405,0.922857;3,479,0.924286;6,911,0.63;7,1262,0.628571
4,2310;59,10876,1;2,383,0.912857;3,534,0.918571;5,882,0.63;7,1222,0.628571
5,2310;57,10684,1;3,411,0.918571;3,517,0.917143;6,930,0.63;7,1289,0.628571
4,2309;55,10230,1;2,400,0.91;3,527,0.915714;6,907,0.628571;7,1234,0.627143
4,2319;56,10671,1;2,442,0.912857;3,538,0.921429;6,925,0.624286;8,1300,0.622857
5,2308;64,10577,1;2,395,0.914286;3,477,0.92;6,886,0.622857;7,1236,0.621429
5,2316;57,10687,1;2,396,0.907143;3,503,0.915714;7,952,0.621429;8,1338,0.621429
5,2311;56,10317,1;3,427,0.912857;4,574,0.921429;6,867,0.618571;7,1204,0.618571
5,2317;57,10547,1;2,423,0.917143;3,469,0.92;5,843,0.618571;6,1168,0.618571
5,2312;57,10559,1;2,422,0.915714;3,507,0.918571;5,850,0.617143;7,1191,0.617143
4,2315;56,10243,1;2,407,0.915714;3,544,0.922857;6,921,0.615714;7,1261,0.614286
4,2306;58,10654,1;2,410,0.911429;3,510,0.918571;5,867,0.615714;7,1199,0.615714
5,2321;57,10500,1;2,411,0.904286;3,501,0.91;6,902,0.615714;6,1205,0.615714
5,2318;55,9989,1;3,448,0.904286;3,547,0.905714;8,1135,0.607143;10,1537,0.604286
5,2312;70,10771,1;2,410,0.897143;3,508,0.905714;6,874,0.607143;7,1231,0.602857
5,2316;57,10589,1;3,437,0.897143;4,601,0.904286;7,979,0.612857;8,1384,0.611429
4,2322;57,10581,1;3,445,0.897143;3,532,0.901429;7,971,0.614286;8,1366,0.612857
4,2320;59,10302,1;3,439,0.885714;4,578,0.898571;7,1041,0.608571;9,1428,0.605714
5,2321;58,10922,1;3,457,0.894286;4,569,0.891429;7,991,0.612857;8,1363,0.611429
5,2317;57,10595,1;2,407,0.894286;3,470,0.892857;6,946,0.608571;8,1354,0.607143
5,2315;62,10827,1;2,416,0.881429;3,522,0.885714;7,965,0.604286;8,1336,0.601429
5,2330;59,11063,1;3,454,0.882857;4,600,0.894286;7,976,0.611429;8,1299,0.607143
5,2318;63,11042,1;2,415,0.887143;3,456,0.89;6,898,0.608571;7,1199,0.604286
5,2334;57,10697,1;3,462,0.88;4,641,0.894286;7,968,0.605714;8,1314,0.602857
4,2316;52,10756,1;2,436,0.887143;3,534,0.897143;7,967,0.608571;8,1349,0.605714
5,2323;60,10727,1;2,428,0.891429;3,522,0.89;7,971,0.61;8,1299,0.607143
5,2326;57,10811,1;2,430,0.88;4,608,0.891429;6,948,0.615714;8,1335,0.612857
5,2328;59,11089,1;2,408,0.881429;4,619,0.892857;7,1035,0.611429;9,1431,0.607143
4,2323;59,11148,1;3,433,0.887143;4,560,0.902857;6,964,0.615714;8,1365,0.611429
5,2319;59,11086,1;3,459,0.895714;3,546,0.902857;7,1045,0.615714;8,1487,0.611429
5,2328;57,10829,1;3,438,0.895714;5,665,0.907143;9,1208,0.617143;11,1754,0.614286
4,2315;58,10933,1;2,415,0.904286;3,506,0.904286;6,911,0.611429;7,1272,0.608571
4,2325;55,10863,1;2,395,0.902857;3,502,0.907143;7,1020,0.612857;9,1465,0.61
5,2332;58,10793,1;2,395,0.905714;3,517,0.905714;6,871,0.611429;6,1225,0.608571
5,2335;56,10828,1;3,412,0.895714;4,602,0.905714;7,1001,0.617143;8,1440,0.615714
5,2317;56,10872,1;2,373,0.892857;3,527,0.901429;5,880,0.615714;7,1296,0.614286
5,2313;58,11042,1;3,440,0.898571;4,593,0.901429;8,1093,0.611429;9,1505,0.611429
4,2321;58,11232,1;3,447,0.898571;4,558,0.897143;8,1099,0.62;10,1619,0.62
4,2304;57,10994,1;3,400,0.898571;3,493,0.894286;6,921,0.617143;8,1355,0.617143
4,2322;56,10728,1;3,453,0.895714;3,547,0.89;8,1063,0.612857;9,1540,0.612857
4,2317;71,11631,1;3,431,0.887143;4,580,0.892857;7,1019,0.608571;8,1476,0.608571
4,2327;58,11154,1;3,462,0.888571;3,538,0.89;6,936,0.617143;7,1343,0.617143
4,2322;57,11120,1;2,415,0.871429;3,561,0.88;7,1045,0.61;8,1438,0.608571
4,2316;53,11138,1;3,451,0.872857;4,630,0.887143;6,924,0.611429;7,1330,0.611429
4,2324;59,11209,1;3,457,0.88;4,573,0.887143;8,1086,0.61;9,1531,0.61
4,2324;57,10907,1;3,466,0.877143;4,625,0.888571;7,1063,0.612857;9,1527,0.611429
5,2326;57,10938,1;3,454,0.87;4,582,0.882857;8,1070,0.612857;9,1513,0.611429
4,2324;65,10880,1;3,529,0.885714;4,625,0.885714;9,1199,0.618571;10,1684,0.617143
4,2325;70,11244,1;2,433,0.874286;4,592,0.888571;7,1014,0.62;8,1383,0.618571
4,2318;54,10620,1;2,426,0.871429;3,507,0.881429;6,923,0.622857;7,1242,0.621429
4,2325;59,11233,1;2,438,0.875714;4,575,0.887143;5,865,0.62;6,1154,0.62
4,2319;58,10860,1;2,415,0.875714;3,534,0.884286;6,893,0.621429;7,1214,0.621429
4,2314;58,11075,1;2,414,0.88;3,567,0.89;5,870,0.624286;6,1183,0.624286
4,2316;58,10888,1;2,394,0.885714;4,566,0.895714;6,966,0.624286;8,1370,0.624286
4,2322;59,11177,1;3,431,0.892857;4,590,0.901429;6,939,0.622857;7,1292,0.621429
4,2321;57,10713,1;2,429,0.892857;4,594,0.904286;7,978,0.621429;8,1380,0.62
4,2323;59,11092,1;2,421,0.885714;3,566,0.897143;7,1015,0.614286;9,1478,0.614286
5,2313;64,10839,1;3,448,0.892857;4,585,0.898571;6,892,0.614286;7,1218,0.614286
4,2317;56,10779,1;3,441,0.89;4,606,0.905714;7,1028,0.617143;9,1470,0.617143
5,2304;56,10744,1;3,466,0.901429;4,588,0.908571;9,1149,0.625714;10,1605,0.625714
5,2326;66,10854,1;3,450,0.912857;4,554,0.912857;7,1002,0.625714;9,1464,0.625714
4,2330;60,10843,1;3,501,0.912857;4,683,0.921429;9,1159,0.637143;10,1643,0.637143
5,2318;56,10563,1;2,441,0.91;4,599,0.925714;6,981,0.641429;7,1328,0.642857
5,2323;59,11083,1;3,486,0.922857;4,553,0.927143;7,994,0.621429;8,1362,0.624286
5,2314;59,10712,1;3,457,0.905714;4,603,0.915714;6,945,0.624286;7,1270,0.627143
5,2321;56,10543,1;2,440,0.907143;3,539,0.91;6,985,0.621429;7,1290,0.624286
4,2323;59,10852,1;2,447,0.897143;2,535,0.907143;4,950,0.63;5,1280,0.632857
4,2324;61,10955,1;2,440,0.89;3,591,0.904286;5,1060,0.627143;6,1481,0.63
4,2312;61,11101,1;2,501,0.894286;2,525,0.888571;6,1183,0.628571;7,1644,0.631429
4,2318;58,10938,1;2,457,0.892857;3,625,0.895714;6,1103,0.625714;6,1500,0.628571
4,2314;59,11037,1;2,420,0.89;2,546,0.897143;4,968,0.621429;5,1351,0.624286
4,2331;40,10645,1;2,448,0.895714;2,484,0.885714;5,1086,0.61;6,1486,0.612857
4,2321;57,10613,1;2,416,0.895714;3,595,0.902857;6,1171,0.624286;7,1651,0.627143
4,2324;59,11171,1;2,477,0.885714;3,646,0.894286;6,1090,0.627143;7,1581,0.63
4,2328;59,11082,1;2,462,0.882857;2,586,0.892857;7,1222,0.628571;8,1721,0.63
4,2326;58,10990,1;2,451,0.881429;3,604,0.898571;6,1132,0.63;7,1670,0.632857
4,2323;59,11198,1;2,485,0.887143;3,582,0.891429;6,1170,0.631429;7,1683,0.634286
4,2327;55,11160,1;2,448,0.874286;3,618,0.891429;5,1116,0.628571;6,1544,0.63
4,2317;59,10918,1;2,464,0.884286;3,616,0.892857;6,1101,0.64;7,1598,0.641429
4,2321;57,10999,1;2,438,0.882857;2,551,0.887143;5,1084,0.637143;7,1600,0.638571
4,2332;64,10843,1;1,406,0.871429;2,550,0.881429;5,1000,0.632857;6,1420,0.632857
4,2314;59,10921,1;2,473,0.874286;3,627,0.88;6,1185,0.628571;7,1633,0.632857
4,2322;61,11301,1;2,447,0.868571;3,587,0.881429;4,951,0.631429;5,1344,0.637143
4,2326;59,11250,1;1,425,0.87;2,590,0.875714;5,992,0.637143;6,1417,0.644286
5,2316;58,11102,1;2,427,0.857143;3,620,0.872857;6,1177,0.634286;7,1730,0.641429
5,2332;58,11099,1;1,428,0.86;2,546,0.877143;4,941,0.635714;4,1253,0.642857
4,2301;59,11219,1;2,466,0.872857;2,518,0.874286;6,1150,0.641429;7,1600,0.648571
4,2323;60,11154,1;2,461,0.862857;3,654,0.88;5,1074,0.641429;6,1536,0.648571
4,2323;58,11160,1;2,483,0.86;2,551,0.882857;4,923,0.652857;5,1317,0.66
5,2302;57,10845,1;2,402,0.877143;2,498,0.885714;4,922,0.655714;5,1329,0.662857
4,2328;58,10818,1;2,494,0.882857;2,563,0.884286;6,1176,0.654286;7,1565,0.66
5,2323;56,10880,1;2,495,0.881429;3,586,0.881429;6,1136,0.664286;7,1574,0.67
5,2329;59,11233,1;2,475,0.872857;3,670,0.89;5,1029,0.66;6,1423,0.665714
5,2318;58,11111,1;2,477,0.884286;2,593,0.892857;5,1034,0.664286;6,1456,0.668571
4,2325;58,10837,1;2,439,0.885714;2,564,0.892857;5,987,0.665714;6,1419,0.671429
5,2316;59,10800,1;1,413,0.885714;2,530,0.891429;5,1009,0.665714;6,1441,0.671429
5,2320;59,11037,1;2,452,0.882857;3,601,0.895714;5,1047,0.658571;6,1452,0.664286
5,2329;57,10579,1;2,506,0.891429;3,633,0.905714;6,1143,0.655714;7,1569,0.661429
5,2310;58,10862,1;2,455,0.898571;2,562,0.912857;5,997,0.657143;5,1367,0.661429
5,2326;59,10555,1;2,467,0.887143;3,663,0.908571;5,1102,0.651429;6,1566,0.655714
5,2327;62,11035,1;2,467,0.894286;3,586,0.904286;6,1114,0.647143;6,1533,0.651429
5,2325;56,10478,1;2,483,0.9;3,604,0.908571;6,1147,0.644286;11,1676,0.648571
5,2325;59,10726,1;3,466,0.904286;4,591,0.902857;8,1071,0.641429;10,1546,0.645714
5,2321;59,10825,1;3,415,0.902857;3,523,0.905714;6,901,0.638571;7,1218,0.641429
5,2329;58,10842,1;3,478,0.895714;4,662,0.901429;7,1048,0.638571;8,1407,0.641429
5,2323;58,10615,1;3,468,0.898571;4,607,0.9;7,1035,0.641429;9,1418,0.644286
4,2315;59,10898,1;3,461,0.894286;4,595,0.898571;7,968,0.641429;8,1389,0.644286
5,2319;59,11051,1;2,442,0.885714;3,558,0.897143;6,921,0.645714;7,1233,0.65
5,2327;60,11144,1;3,455,0.875714;5,638,0.895714;7,981,0.638571;9,1463,0.641429
4,2312;56,10934,1;3,475,0.895714;4,615,0.902857;9,1172,0.631429;11,1687,0.635714
4,2319;56,10682,1;3,435,0.884286;4,555,0.895714;7,1048,0.628571;8,1437,0.628571
4,2306;57,10934,1;3,451,0.897143;4,566,0.905714;7,954,0.63;8,1352,0.634286
4,2321;52,10662,1;2,431,0.898571;4,617,0.902857;7,1020,0.637143;9,1429,0.637143
4,2320;62,10563,1;2,442,0.901429;3,535,0.908571;6,926,0.637143;8,1296,0.64
4,2317;68,10917,1;2,440,0.901429;3,481,0.905714;6,918,0.635714;7,1260,0.637143
4,2318;66,10379,1;2,409,0.878571;4,527,0.901429;6,936,0.635714;8,1361,0.637143
4,2316;64,10499,1;3,477,0.901429;4,613,0.904286;6,963,0.632857;7,1312,0.634286
4,2314;81,10266,1;2,431,0.897143;3,539,0.907143;6,887,0.632857;6,1196,0.634286
4,2334;56,11045,1;3,507,0.898571;5,667,0.907143;8,1135,0.627143;9,1525,0.628571
4,2318;56,10715,1;2,416,0.9;3,536,0.908571;7,962,0.627143;8,1359,0.628571
4,2317;57,11189,1;2,445,0.898571;4,586,0.911429;7,971,0.628571;8,1382,0.631429
4,2333;57,10821,1;3,515,0.907143;4,600,0.917143;7,970,0.631429;8,1364,0.632857
4,2328;60,11018,1;3,482,0.914286;3,576,0.917143;6,922,0.621429;7,1295,0.622857
4,2318;53,10949,1;2,443,0.907143;3,568,0.911429;7,1071,0.62;8,1463,0.62
5,2326;53,11050,1;3,441,0.91;4,554,0.921429;8,1141,0.631429;10,1583,0.631429
4,2323;54,11196,1;3,463,0.914286;4,618,0.92;6,911,0.628571;7,1288,0.63
4,2325;52,10771,1;3,447,0.91;4,552,0.92;8,1028,0.634286;9,1376,0.635714
4,2310;55,11361,1;3,442,0.912857;4,574,0.915714;7,1024,0.638571;9,1426,0.638571
5,2327;52,10952,1;2,411,0.905714;3,528,0.91;5,837,0.635714;7,1174,0.637143
5,2316;52,10871,1;3,425,0.891429;5,666,0.911429;8,1089,0.632857;9,1445,0.631429
4,2308;54,11050,1;3,449,0.898571;3,557,0.9;6,953,0.634286;7,1298,0.634286
4,2331;56,10401,1;3,497,0.901429;4,691,0.901429;7,1062,0.637143;9,1470,0.638571
4,2322;58,10968,1;2,454,0.891429;4,617,0.907143;7,1002,0.627143;8,1432,0.63
4,2299;59,11042,1;3,457,0.895714;3,526,0.9;5,875,0.631429;7,1214,0.634286
5,2317;58,11014,1;2,423,0.901429;3,572,0.908571;7,1035,0.622857;9,1448,0.625714
4,2315;70,10770,1;3,447,0.888571;4,609,0.898571;8,1071,0.63;9,1480,0.631429
5,2326;59,11003,1;3,491,0.897143;4,659,0.911429;8,1073,0.635714;10,1547,0.64
5,2326;57,10733,1;3,479,0.897143;4,567,0.901429;6,930,0.63;8,1313,0.634286
5,2318;59,11172,1;3,473,0.881429;4,626,0.9;8,1113,0.621429;10,1573,0.618571
5,2316;61,11435,1;3,429,0.877143;4,588,0.902857;8,1065,0.625714;9,1437,0.622857
5,2316;60,11221,1;3,466,0.887143;4,580,0.901429;8,1066,0.622857;9,1504,0.622857
4,2322;58,10892,1;3,446,0.867143;4,565,0.895714;8,1093,0.622857;10,1663,0.621429
4,2318;59,10877,1;3,434,0.837143;4,657,0.874286;10,1246,0.624286;11,1687,0.622857
5,2332;55,10819,1;3,466,0.831429;4,574,0.865714;10,1255,0.635714;11,1654,0.635714
5,2313;58,11301,1;3,452,0.85;4,564,0.861429;7,1002,0.634286;8,1364,0.637143
5,2321;59,10967,1;2,428,0.862857;3,517,0.871429;7,987,0.628571;8,1351,0.631429
4,2320;69,10783,1;2,430,0.858571;4,566,0.865714;7,1039,0.64;9,1474,0.641429
4,2331;59,11104,1;4,489,0.867143;4,680,0.877143;9,1162,0.634286;10,1612,0.635714
5,2326;57,10882,1;3,492,0.862857;4,654,0.868571;9,1130,0.64;10,1618,0.641429
5,2341;60,11387,1;3,430,0.851429;4,606,0.875714;8,1114,0.641429;10,1636,0.641429
4,2319;53,11016,1;3,443,0.865714;4,519,0.882857;5,865,0.638571;7,1206,0.638571
4,2326;53,10969,1;3,499,0.865714;5,650,0.874286;11,1350,0.627143;13,1931,0.628571
5,2334;52,10796,1;3,499,0.852857;5,706,0.867143;9,1240,0.641429;11,1814,0.645714
4,2318;52,11103,1;2,419,0.847143;4,553,0.867143;7,1025,0.644286;9,1446,0.648571
5,2315;52,11026,1;3,437,0.847143;4,559,0.858571;9,1155,0.642857;10,1547,0.648571
5,2336;53,11532,1;3,504,0.855714;5,715,0.87;9,1151,0.66;10,1624,0.661429
5,2325;59,11178,1;3,480,0.842857;4,644,0.855714;9,1153,0.668571;11,1633,0.672857
5,2313;57,11016,1;3,445,0.842857;4,566,0.85;7,1009,0.665714;9,1444,0.67
5,2320;57,10689,1;3,458,0.838571;4,645,0.847143;7,978,0.662857;8,1406,0.665714
5,2320;58,10823,1;3,457,0.837143;4,627,0.845714;7,980,0.661429;8,1376,0.665714
5,2313;60,10888,1;3,433,0.844286;4,534,0.842857;9,1160,0.664286;11,1710,0.668571
5,2324;60,11244,1;3,450,0.832857;4,610,0.837143;8,1126,0.664286;9,1543,0.665714
5,2334;62,10899,1;2,455,0.812857;4,557,0.821429;7,1070,0.661429;8,1375,0.662857
5,2322;59,11248,1;2,448,0.795714;4,594,0.811429;8,1077,0.665714;9,1477,0.664286
4,2322;57,11199,1;2,411,0.807143;4,572,0.814286;8,1078,0.661429;9,1509,0.662857
4,2298;58,11302,1;2,396,0.802857;3,519,0.807143;8,1069,0.654286;10,1611,0.658571
4,2324;53,11475,1;3,468,0.82;4,622,0.824286;7,1010,0.654286;8,1484,0.658571
5,2324;63,11279,1;3,484,0.81;5,673,0.812857;10,1232,0.66;11,1780,0.661429
5,2318;57,10788,1;3,505,0.814286;5,719,0.82;8,1128,0.658571;9,1595,0.661429
4,2318;58,11190,1;3,496,0.814286;4,631,0.815714;8,1136,0.651429;11,1717,0.658571
5,2326;59,11437,1;2,433,0.788571;4,559,0.795714;8,1089,0.651429;9,1475,0.655714
5,2321;55,10794,1;3,473,0.788571;5,668,0.792857;8,1157,0.654286;10,1680,0.658571
9,2324;59,11222,1;3,453,0.78;4,604,0.785714;9,1204,0.655714;10,1691,0.662857
5,2332;60,11326,1;3,509,0.775714;5,732,0.787143;9,1222,0.662857;11,1796,0.668571
5,2321;58,10770,1;2,457,0.768571;3,623,0.777143;6,1239,0.667143;7,1722,0.675714
5,2334;62,10879,1;2,506,0.768571;3,681,0.772857;8,1456,0.675714;9,1969,0.681429
5,2334;60,11200,1;2,478,0.765714;3,650,0.765714;7,1264,0.665714;7,1721,0.671429
5,2323;58,11107,1;2,471,0.772857;3,648,0.787143;6,1136,0.66;7,1588,0.67
5,2335;59,11319,1;2,487,0.775714;4,762,0.808571;8,1412,0.66;9,1911,0.668571
5,2333;65,10934,1;2,472,0.797143;3,600,0.811429;6,1166,0.652857;7,1602,0.661429
5,2327;58,11205,1;3,536,0.807143;3,700,0.817143;7,1349,0.65;9,1971,0.658571
4,2340;54,11394,1;2,492,0.791429;3,648,0.81;7,1337,0.65;8,1862,0.661429
4,2325;53,10939,1;2,525,0.807143;3,666,0.808571;6,1131,0.658571;7,1609,0.67
5,2335;52,10980,1;3,542,0.795714;4,778,0.81;8,1464,0.67;9,2092,0.681429
4,2339;55,11575,1;2,531,0.777143;4,788,0.801429;8,1365,0.67;9,1879,0.68
5,2339;52,10935,1;3,615,0.765714;4,830,0.778571;8,1381,0.672857;8,1856,0.685714
4,2340;54,11198,1;2,506,0.771429;4,765,0.782857;7,1316,0.664286;8,1784,0.671429
5,2327;54,11496,1;2,444,0.758571;3,642,0.771429;7,1288,0.661429;8,1770,0.67
5,2341;52,11137,1;2,533,0.741429;3,658,0.76;6,1218,0.652857;11,1732,0.66
5,2333;62,10998,1;3,517,0.75;5,690,0.758571;12,1432,0.651429;14,1929,0.658571
5,2339;52,10990,1;4,527,0.75;6,763,0.761429;12,1483,0.668571;14,2097,0.672857
5,2336;52,10694,1;4,518,0.747143;3,688,0.75;6,1231,0.672857;7,1688,0.677143
5,2346;52,10876,1;2,470,0.717143;3,689,0.728571;8,1427,0.672857;9,2026,0.672857
4,2343;56,10866,1;3,543,0.714286;4,871,0.732857;9,1546,0.681429;10,2038,0.68
4,2336;58,10886,1;2,527,0.711429;3,728,0.727143;7,1346,0.685714;12,1871,0.685714
4,2334;57,10686,1;4,563,0.702857;5,747,0.718571;11,1366,0.677143;13,1876,0.68
4,2332;57,10809,1;4,507,0.705714;5,734,0.712857;11,1304,0.674286;12,1812,0.677143
4,2333;60,11250,1;4,560,0.697143;6,785,0.717143;12,1462,0.687143;14,2073,0.691429
4,2344;58,11161,1;3,487,0.692857;6,727,0.714286;10,1263,0.68;11,1665,0.681429
4,2326;56,10791,1;3,483,0.69;5,684,0.707143;10,1308,0.69;11,1700,0.694286
5,2340;57,11144,1;5,568,0.708571;6,793,0.715714;12,1439,0.707143;14,2074,0.71
5,2339;60,11346,1;4,563,0.705714;6,832,0.717143;12,1466,0.694286;13,1970,0.697143
5,2341;60,11293,1;2,481,0.704286;3,631,0.707143;8,1469,0.711429;9,1944,0.714286
5,2338;57,10818,1;3,563,0.698571;4,828,0.71;8,1484,0.712857;9,1943,0.718571
5,2339;58,10868,1;2,568,0.705714;3,726,0.714286;8,1464,0.705714;8,1855,0.712857
5,2336;58,11188,1;4,507,0.684286;6,782,0.705714;12,1492,0.707143;13,1955,0.711429
5,2353;58,11251,1;4,538,0.718571;5,691,0.728571;10,1336,0.707143;12,1891,0.707143
4,2337;59,11325,1;4,541,0.708571;5,759,0.718571;12,1499,0.711429;14,2070,0.712857
4,2339;58,11316,1;3,510,0.727143;4,667,0.727143;10,1283,0.712857;12,1845,0.711429
5,2304;58,10929,1;3,440,0.732857;5,681,0.734286;9,1227,0.712857;11,1773,0.711429
5,2336;55,10886,1;4,539,0.708571;6,788,0.72;9,1251,0.712857;10,1698,0.714286
5,2333;60,11165,1;4,581,0.711429;5,776,0.714286;9,1266,0.71;10,1665,0.711429
4,2338;58,11002,1;4,553,0.717143;5,760,0.727143;11,1388,0.704286;12,1881,0.702857
4,2327;60,11141,1;2,441,0.712857;3,638,0.722857;7,1360,0.711429;8,1800,0.71
5,2338;69,10994,1;3,589,0.711429;5,851,0.724286;9,1544,0.705714;10,2122,0.7
5,2334;59,11028,1;3,579,0.722857;3,704,0.727143;7,1345,0.711429;8,1856,0.702857
5,2332;57,10902,1;3,468,0.718571;4,568,0.73;8,1100,0.695714;10,1642,0.694286
5,2334;57,10792,1;3,506,0.721429;4,636,0.71;11,1367,0.702857;12,1801,0.701429
5,2315;57,10756,1;3,484,0.721429;4,654,0.717143;9,1202,0.705714;10,1571,0.701429
5,2342;57,10949,1;3,493,0.707143;5,719,0.721429;11,1343,0.715714;13,1908,0.708571
5,2343;58,10932,1;5,614,0.718571;6,870,0.727143;11,1422,0.702857;13,1825,0.7
5,2328;58,10936,1;4,535,0.725714;6,839,0.734286;10,1314,0.71;12,1898,0.711429
4,2336;57,10768,1;4,574,0.727143;4,678,0.737143;8,1151,0.718571;10,1572,0.722857
5,2336;59,11221,1;4,594,0.722857;6,861,0.741429;10,1336,0.704286;12,1799,0.707143
5,2323;57,10749,1;4,574,0.737143;5,777,0.742857;11,1336,0.7;13,1900,0.702857
5,2335;64,11015,1;4,581,0.741429;5,736,0.735714;11,1465,0.705714;12,1872,0.708571
5,2336;56,10808,1;4,518,0.738571;5,762,0.741429;10,1376,0.704286;12,1824,0.711429
5,2324;57,10711,1;3,455,0.728571;4,660,0.744286;8,1090,0.702857;9,1524,0.71
5,2335;52,10305,1;4,551,0.745714;5,737,0.755714;10,1278,0.691429;11,1806,0.695714
4,2319;55,10521,1;3,461,0.735714;3,651,0.75;5,1030,0.69;6,1477,0.692857
4,2329;58,10643,1;2,491,0.738571;3,639,0.754286;6,1174,0.684286;7,1664,0.688571
4,2324;58,10946,1;2,487,0.734286;3,673,0.748571;6,1167,0.675714;7,1568,0.68
4,2327;59,11048,1;2,496,0.744286;3,626,0.755714;5,1092,0.675714;6,1540,0.678571
5,2320;57,10854,1;2,495,0.734286;5,688,0.752857;8,1141,0.678571;10,1545,0.684286
5,2312;48,10799,1;4,513,0.75;5,721,0.757143;10,1243,0.665714;11,1666,0.677143
5,2330;48,11038,1;3,469,0.735714;4,610,0.745714;8,1099,0.674286;9,1477,0.677143
5,2327;58,10733,1;4,537,0.745714;5,682,0.745714;8,1084,0.668571;9,1450,0.67
5,2332;57,10889,1;2,443,0.74;4,589,0.75;6,931,0.665714;8,1352,0.668571
5,2321;57,10831,1;3,445,0.747143;4,591,0.752857;7,965,0.668571;8,1278,0.67
5,2313;57,10978,1;2,422,0.734286;4,596,0.737143;7,975,0.667143;8,1365,0.672857
5,2331;57,11003,1;3,463,0.73;3,556,0.735714;7,1069,0.662857;9,1435,0.668571
5,2325;57,10998,1;3,477,0.734286;3,561,0.734286;6,914,0.662857;7,1290,0.671429
4,2335;56,10977,1;3,474,0.718571;5,687,0.727143;9,1224,0.668571;11,1730,0.672857
4,2319;58,11219,1;3,497,0.718571;4,582,0.718571;9,1161,0.668571;9,1546,0.677143
4,2328;58,11228,1;3,411,0.714286;4,602,0.721429;8,1114,0.672857;9,1513,0.677143
3,2319;58,11331,1;2,411,0.721429;3,538,0.727143;6,926,0.67;7,1249,0.677143
5,2324;58,10896,1;3,473,0.722857;4,631,0.731429;8,1079,0.665714;9,1519,0.672857
5,2325;58,10753,1;2,425,0.725714;3,530,0.728571;7,1031,0.665714;8,1339,0.672857
4,2315;57,10641,1;2,407,0.73;3,522,0.735714;8,1069,0.661429;9,1479,0.667143
4,2318;57,10663,1;2,407,0.742857;3,529,0.738571;6,932,0.657143;7,1311,0.664286
5,2322;56,10648,1;2,400,0.74;3,517,0.74;7,1031,0.65;8,1461,0.661429
5,2324;56,10665,1;2,406,0.727143;3,536,0.741429;7,1047,0.65;8,1393,0.66
5,2327;58,10956,1;3,473,0.744286;4,602,0.745714;7,1063,0.645714;8,1461,0.655714
5,2321;57,10519,1;3,432,0.735714;3,541,0.735714;6,966,0.648571;7,1278,0.658571
5,2319;58,10984,1;3,436,0.73;3,527,0.735714;7,1019,0.654286;8,1406,0.662857
5,2330;58,10997,1;2,412,0.728571;3,483,0.728571;7,1018,0.655714;8,1419,0.667143
5,2321;56,10401,1;2,412,0.731429;3,492,0.73;6,919,0.66;7,1324,0.671429
5,2322;53,10674,1;2,394,0.728571;3,517,0.73;7,1044,0.661429;7,1354,0.671429
4,2327;56,10906,1;2,409,0.72;3,508,0.722857;6,1011,0.655714;7,1342,0.667143
5,2327;58,10758,1;2,404,0.724286;3,532,0.731429;7,1022,0.647143;8,1427,0.657143
5,2316;56,10768,1;2,410,0.727143;3,492,0.731429;5,886,0.645714;7,1223,0.655714
5,2324;56,10338,1;2,406,0.725714;3,484,0.728571;6,959,0.645714;7,1320,0.652857
5,2319;51,10496,1;2,420,0.735714;3,512,0.737143;6,918,0.647143;6,1222,0.654286
5,2311;56,10631,1;2,397,0.724286;3,541,0.73;6,919,0.635714;7,1290,0.642857
5,2318;56,10763,1;2,386,0.721429;3,443,0.727143;5,858,0.637143;7,1227,0.644286
4,2322;56,10602,1;2,390,0.721429;3,497,0.728571;6,957,0.637143;7,1328,0.642857
5,2327;53,10330,1;2,412,0.735714;3,471,0.728571;4,810,0.64;5,1123,0.645714
5,2322;55,10363,1;2,426,0.74;3,507,0.737143;7,1087,0.64;6,1458,0.645714
5,2327;61,10819,1;1,380,0.727143;2,458,0.735714;4,906,0.632857;5,1265,0.638571
5,2325;57,10409,1;1,409,0.731429;2,471,0.737143;4,909,0.624286;4,1215,0.63
4,2315;63,10425,1;1,385,0.734286;2,482,0.737143;3,849,0.621429;7,1231,0.627143
5,2329;50,10205,1;3,425,0.724286;4,513,0.737143;7,945,0.621429;8,1276,0.627143
4,2324;52,10618,1;3,419,0.724286;4,517,0.731429;7,1018,0.622857;9,1453,0.628571
4,2312;51,10365,1;4,464,0.722857;5,619,0.735714;8,1089,0.63;10,1543,0.637143
4,2331;52,10490,1;3,483,0.732857;4,582,0.732857;7,949,0.625714;8,1305,0.634286
4,2334;51,10533,1;3,438,0.715714;4,579,0.718571;8,1087,0.624286;10,1486,0.631429
4,2309;52,10692,1;3,425,0.712857;4,512,0.711429;7,970,0.627143;8,1358,0.635714
4,2322;52,10725,1;3,459,0.711429;4,601,0.712857;9,1136,0.625714;10,1536,0.634286
4,2316;60,10760,1;2,368,0.698571;3,474,0.708571;7,998,0.627143;9,1412,0.635714
4,2325;51,10703,1;2,397,0.697143;3,520,0.701429;7,1022,0.625714;9,1427,0.632857
4,2322;52,10893,1;2,430,0.705714;3,512,0.704286;7,1043,0.63;9,1465,0.635714
5,2325;52,10602,1;3,449,0.702857;4,566,0.702857;6,910,0.631429;7,1283,0.637143
5,2313;53,11005,1;2,391,0.685714;3,461,0.687143;8,1041,0.634286;9,1445,0.64
4,2321;52,10808,1;3,420,0.678571;3,518,0.677143;7,1009,0.638571;8,1399,0.642857
5,2317;46,10815,1;2,408,0.68;3,507,0.681429;7,998,0.641429;8,1331,0.644286
5,2304;51,10628,1;2,431,0.681429;4,515,0.68;6,939,0.644286;8,1321,0.644286
5,2317;52,11084,1;2,399,0.672857;3,490,0.674286;7,984,0.644286;9,1476,0.644286
5,2322;51,10600,1;2,439,0.67;3,517,0.668571;6,969,0.644286;7,1351,0.642857
5,2320;53,11244,1;2,427,0.665714;3,524,0.668571;7,1021,0.642857;9,1472,0.64
4,2321;52,10971,1;2,416,0.655714;3,502,0.66;6,914,0.632857;7,1271,0.631429
4,2320;52,10899,1;2,414,0.665714;3,550,0.667143;7,1021,0.638571;8,1426,0.64
4,2320;52,10828,1;3,442,0.657143;3,551,0.657143;6,958,0.634286;7,1251,0.635714
4,2321;52,10845,1;2,407,0.645714;3,508,0.647143;7,976,0.641429;8,1401,0.642857
5,2318;52,11119,1;2,439,0.65;3,469,0.647143;7,1042,0.635714;8,1365,0.637143
5,2317;56,11273,1;2,408,0.65;3,509,0.652857;7,997,0.634286;8,1357,0.635714
4,2322;53,10863,1;3,443,0.647143;3,552,0.65;9,1147,0.638571;11,1741,0.637143
4,2315;53,11091,1;2,426,0.641429;3,512,0.641429;7,1054,0.632857;9,1514,0.63
5,2340;59,11232,1;2,403,0.631429;3,487,0.631429;8,1137,0.638571;10,1590,0.635714
5,2320;59,11170,1;2,382,0.634286;3,497,0.637143;9,1172,0.644286;10,1621,0.64
5,2324;59,11017,1;2,411,0.627143;3,478,0.627143;8,1161,0.638571;10,1673,0.635714
5,2317;58,11022,1;2,415,0.63;3,524,0.634286;8,1100,0.632857;10,1626,0.627143
5,2327;54,11079,1;3,457,0.637143;3,487,0.64;8,1143,0.625714;9,1567,0.62
4,2304;51,10586,1;2,399,0.635714;4,510,0.644286;10,1190,0.627143;13,1717,0.625714
4,2323;58,11078,1;3,415,0.618571;4,540,0.642857;9,1128,0.632857;10,1545,0.631429
5,2323;57,10898,1;4,460,0.647143;3,485,0.648571;8,1024,0.63;10,1498,0.628571
4,2325;57,10798,1;3,385,0.64;3,476,0.641429;8,1034,0.635714;9,1416,0.632857
3,2336;60,11311,1;3,450,0.642857;5,567,0.642857;9,1116,0.634286;10,1558,0.63
5,2324;67,10981,1;2,392,0.641429;3,471,0.641429;6,896,0.638571;8,1262,0.632857
5,2325;57,10980,1;3,433,0.638571;4,517,0.638571;8,1058,0.63;10,1552,0.622857
5,2318;60,11239,1;3,411,0.638571;4,508,0.638571;7,982,0.621429;9,1402,0.614286
4,2319;58,10921,1;3,395,0.645714;4,520,0.642857;8,1020,0.617143;9,1375,0.61
4,2317;58,10973,1;3,407,0.632857;4,497,0.634286;9,1139,0.621429;11,1601,0.611429
4,2319;59,11364,1;2,393,0.635714;3,478,0.637143;8,1002,0.614286;9,1361,0.602857
4,2308;58,10983,1;2,384,0.634286;3,454,0.634286;7,969,0.624286;9,1401,0.614286
4,2313;57,10711,1;3,486,0.63;5,629,0.635714;8,1068,0.621429;10,1495,0.612857
5,2322;57,10767,1;4,455,0.642857;5,629,0.641429;10,1238,0.628571;12,1728,0.622857
5,2315;59,10931,1;2,398,0.632857;3,495,0.635714;8,1033,0.634286;10,1492,0.628571
4,2324;59,11154,1;2,405,0.617143;3,462,0.62;10,1242,0.637143;12,1739,0.628571
4,2325;57,10809,1;3,425,0.617143;3,522,0.622857;7,945,0.637143;9,1389,0.627143
5,2315;58,10978,1;3,409,0.617143;4,538,0.621429;8,1029,0.628571;10,1440,0.615714
5,2316;58,10908,1;3,405,0.624286;4,490,0.627143;9,1077,0.625714;11,1585,0.617143
5,2309;58,11001,1;3,421,0.62;4,531,0.624286;9,1163,0.627143;10,1667,0.618571
5,2318;68,10733,1;2,438,0.618571;3,546,0.62;7,980,0.624286;9,1448,0.617143
5,2315;68,10968,1;2,380,0.6;3,518,0.618571;9,1156,0.627143;10,1576,0.621429
5,2322;55,10795,1;2,417,0.598571;3,556,0.61;9,1165,0.631429;10,1538,0.625714
9,2325;55,11006,1;3,413,0.607143;3,522,0.608571;7,1037,0.627143;8,1434,0.621429
4,2309;56,10850,1;2,445,0.602857;4,518,0.601429;9,1227,0.631429;11,1688,0.625714
5,2333;57,10724,1;3,470,0.6;4,624,0.604286;11,1381,0.641429;13,1972,0.635714
5,2312;59,10765,1;3,440,0.601429;3,504,0.6;8,1118,0.641429;9,1515,0.635714
5,2322;58,10770,1;3,441,0.601429;4,560,0.602857;9,1193,0.641429;10,1677,0.634286
4,2325;82,10836,1;3,466,0.592857;4,630,0.597143;9,1261,0.644286;12,1848,0.635714
5,2331;56,10612,1;3,469,0.581429;4,555,0.581429;9,1231,0.648571;11,1702,0.641429
5,2321;57,10698,1;2,420,0.578571;3,510,0.578571;6,1013,0.65;8,1421,0.64
5,2316;59,10897,1;3,449,0.571429;3,536,0.575714;8,1094,0.655714;8,1449,0.644286
5,2327;58,10809,1;3,448,0.574286;4,623,0.578571;8,1090,0.645714;9,1549,0.635714
5,2324;61,10919,1;2,403,0.577143;3,526,0.577143;7,1074,0.652857;9,1547,0.638571
5,2335;53,11166,1;2,410,0.572857;3,506,0.572857;9,1215,0.651429;11,1733,0.64
5,2325;51,10723,1;2,424,0.572857;3,495,0.572857;7,1087,0.65;9,1554,0.634286
3,2327;53,11141,1;2,415,0.571429;3,513,0.571429;9,1227,0.64;12,1867,0.631429
3,2319;53,11237,1;3,446,0.567143;4,552,0.568571;8,1057,0.645714;9,1497,0.637143
3,2314;53,11185,1;4,462,0.552857;4,597,0.558571;11,1384,0.648571;13,1980,0.637143
4,2322;53,10983,1;3,432,0.56;3,520,0.564286;10,1224,0.651429;11,1680,0.64
5,2326;57,10796,1;2,432,0.552857;4,594,0.554286;10,1259,0.652857;11,1789,0.644286
5,2316;56,10574,1;3,444,0.544286;4,583,0.545714;9,1129,0.662857;11,1682,0.652857
5,2336;58,11220,1;3,449,0.531429;4,596,0.544286;9,1136,0.651429;10,1584,0.64
5,2329;58,10994,1;3,463,0.547143;3,508,0.547143;8,1078,0.65;10,1535,0.64
5,2331;59,11472,1;3,433,0.525714;4,574,0.524286;12,1371,0.654286;13,1831,0.647143
4,2335;71,10904,1;3,428,0.54;4,539,0.54;13,1387,0.647143;15,2077,0.641429
4,2301;58,11216,1;3,419,0.535714;4,518,0.535714;6,888,0.658571;8,1316,0.651429
4,2313;59,11267,1;3,397,0.532857;4,529,0.534286;11,1250,0.661429;13,1788,0.65
4,2320;81,11084,1;2,398,0.521429;3,473,0.522857;8,999,0.66;9,1460,0.65
4,2327;54,11555,1;3,435,0.521429;4,507,0.52;11,1284,0.662857;13,1764,0.654286
4,2339;52,10992,1;4,479,0.514286;5,623,0.515714;12,1350,0.665714;14,1923,0.664286
4,2326;52,11070,1;4,481,0.52;5,605,0.522857;12,1373,0.66;14,1927,0.652857
4,2322;54,11526,1;2,428,0.521429;4,528,0.522857;9,1112,0.658571;12,1690,0.657143
3,2324;52,10929,1;3,412,0.53;4,525,0.53;9,1115,0.647143;11,1648,0.65
5,2339;64,10810,1;2,428,0.521429;2,508,0.522857;8,1437,0.647143;9,2064,0.647143
5,2322;52,11322,1;2,437,0.514286;2,511,0.515714;5,1075,0.654286;6,1447,0.654286
5,2327;52,10938,1;1,427,0.504286;2,516,0.504286;7,1254,0.66;8,1859,0.655714
5,2332;53,11396,1;2,457,0.497143;2,592,0.498571;5,1120,0.654286;7,1620,0.647143
3,2327;52,11059,1;2,450,0.5;2,580,0.5;6,1245,0.654286;7,1769,0.644286
5,2323;58,11123,1;2,409,0.507143;2,502,0.507143;5,1067,0.654286;6,1502,0.642857
5,2329;57,10911,1;2,411,0.504286;2,553,0.504286;6,1191,0.652857;8,1831,0.642857
5,2345;59,11095,1;1,433,0.507143;2,516,0.507143;6,1226,0.642857;7,1812,0.637143
5,2336;58,11349,1;2,440,0.518571;2,506,0.52;7,1237,0.64;8,1878,0.631429
5,2333;56,11594,1;2,408,0.532857;2,530,0.534286;8,1357,0.651429;9,2042,0.641429
5,2329;54,11149,1;1,393,0.537143;2,478,0.537143;6,1236,0.642857;8,1791,0.634286
4,2328;53,11228,1;1,401,0.537143;2,477,0.537143;5,1094,0.642857;7,1684,0.635714
5,2325;59,11121,1;1,418,0.54;2,516,0.541429;6,1160,0.642857;7,1759,0.634286
5,2334;53,11351,1;1,416,0.545714;2,507,0.55;6,1217,0.635714;7,1816,0.631429
9,2342;53,11231,1;2,478,0.568571;2,510,0.554286;8,1502,0.64;10,2155,0.638571
5,2332;55,11530,1;2,419,0.585714;2,528,0.584286;8,1445,0.644286;9,2031,0.644286
5,2334;53,11183,1;2,405,0.592857;2,555,0.592857;7,1360,0.642857;8,1934,0.64
9,2337;57,10914,1;2,465,0.598571;3,623,0.59;7,1290,0.645714;8,1823,0.644286
5,2328;53,11116,1;1,415,0.591429;3,572,0.607143;6,1206,0.644286;7,1703,0.647143
9,2320;52,11095,1;2,476,0.615714;2,561,0.617143;6,1235,0.64;7,1720,0.641429
4,2331;53,10868,1;2,493,0.607143;3,668,0.624286;6,1218,0.641429;7,1674,0.637143
4,2334;53,11134,1;2,436,0.62;2,608,0.624286;4,905,0.635714;4,1204,0.631429
4,2309;67,11245,1;2,445,0.617143;2,534,0.615714;5,1076,0.631429;5,1334,0.627143
4,2330;58,10921,1;1,404,0.601429;2,532,0.615714;5,1107,0.624286;6,1528,0.62
4,2322;55,10512,1;2,436,0.605714;2,519,0.611429;6,1168,0.621429;7,1603,0.618571
4,2325;52,11070,1;1,401,0.611429;2,459,0.614286;5,1072,0.615714;6,1494,0.612857
4,2335;53,10918,1;1,397,0.614286;2,474,0.614286;4,979,0.607143;5,1401,0.608571
4,2324;53,11257,1;1,426,0.611429;2,511,0.612857;4,974,0.598571;5,1420,0.598571
4,2322;53,10990,1;1,407,0.612857;2,490,0.612857;5,1089,0.595714;6,1474,0.594286
5,2330;50,10549,1;2,439,0.602857;2,560,0.608571;5,1050,0.605714;6,1442,0.607143
5,2320;53,11139,1;1,411,0.604286;2,539,0.605714;4,937,0.61;5,1285,0.612857
5,2331;57,11158,1;1,397,0.6;2,507,0.604286;5,1047,0.614286;6,1472,0.617143
5,2319;58,11030,1;2,401,0.597143;2,469,0.598571;5,974,0.617143;5,1343,0.62
4,2322;57,10960,1;1,408,0.6;2,480,0.601429;5,1008,0.617143;6,1414,0.621429
4,2327;77,11300,1;2,409,0.608571;2,567,0.61;4,900,0.612857;5,1274,0.614286
4,2339;58,11249,1;2,418,0.602857;2,529,0.61;5,1083,0.627143;6,1464,0.63
4,2340;58,11034,1;2,493,0.614286;3,591,0.615714;8,1423,0.612857;9,1921,0.622857
4,2327;61,11614,1;2,436,0.63;2,523,0.63;5,1073,0.612857;6,1531,0.618571
4,2320;58,10971,1;2,453,0.62;3,548,0.621429;7,1292,0.618571;8,1830,0.618571
4,2336;60,11722,1;1,421,0.625714;2,499,0.628571;6,1146,0.632857;7,1662,0.63
4,2329;71,11054,1;1,419,0.612857;3,597,0.618571;6,1220,0.627143;8,1732,0.628571
4,2336;57,10853,1;2,459,0.612857;3,563,0.612857;5,1045,0.63;6,1490,0.634286
5,2327;59,11281,1;2,468,0.612857;3,607,0.614286;6,1219,0.632857;6,1580,0.632857
5,2324;58,11080,1;1,443,0.598571;2,490,0.602857;5,1069,0.622857;6,1524,0.627143
5,2337;58,11211,1;2,432,0.585714;2,519,0.587143;6,1148,0.625714;7,1603,0.632857
5,2329;59,11499,1;2,446,0.574286;2,557,0.577143;6,1202,0.634286;7,1600,0.635714
5,2325;56,11398,1;2,408,0.562857;2,471,0.564286;6,1113,0.632857;7,1591,0.634286
5,2324;57,11157,1;1,419,0.561429;2,491,0.562857;5,1019,0.642857;6,1404,0.642857
5,2324;52,10930,1;2,450,0.537143;2,561,0.537143;8,1405,0.647143;9,2086,0.652857
5,2334;54,11492,1;2,479,0.537143;3,609,0.537143;6,1257,0.647143;7,1776,0.657143
5,2322;68,11313,1;2,429,0.538571;4,520,0.538571;8,1047,0.645714;9,1358,0.652857
5,2316;53,11038,1;3,407,0.534286;3,468,0.534286;11,1229,0.638571;12,1707,0.644286
5,2326;53,11141,1;2,389,0.524286;3,469,0.522857;6,922,0.64;8,1277,0.64
5,2317;53,11047,1;2,423,0.525714;3,484,0.525714;11,1291,0.638571;12,1745,0.64
5,2328;52,11168,1;3,395,0.537143;4,508,0.535714;11,1256,0.634286;12,1715,0.638571
5,2328;53,11161,1;2,417,0.541429;4,502,0.54;7,931,0.628571;8,1321,0.637143
4,2334;53,11225,1;3,422,0.534286;4,519,0.534286;8,1020,0.625714;10,1469,0.628571
4,2323;53,11068,1;3,439,0.538571;4,495,0.538571;9,1126,0.621429;12,1745,0.624286
5,2327;68,11021,1;3,429,0.53;3,488,0.532857;11,1266,0.62;14,1844,0.627143
5,2326;54,11289,1;3,411,0.548571;4,517,0.551429;14,1487,0.625714;16,2107,0.631429
5,2326;52,11071,1;3,438,0.547143;4,527,0.547143;11,1227,0.625714;12,1669,0.63
5,2341;53,11306,1;3,446,0.534286;4,576,0.535714;12,1412,0.627143;12,1933,0.63
5,2326;55,11142,1;2,440,0.537143;4,548,0.538571;10,1313,0.627143;12,1887,0.63
5,2330;58,11185,1;2,406,0.54;3,505,0.54;10,1282,0.635714;11,1800,0.637143
5,2327;58,10990,1;2,416,0.53;3,505,0.53;9,1215,0.632857;10,1674,0.634286
5,2352;57,11113,1;2,399,0.547143;3,478,0.547143;12,1445,0.645714;13,2033,0.645714
5,2349;56,11066,1;2,418,0.532857;3,499,0.534286;10,1279,0.642857;12,1830,0.647143
5,2338;54,11310,1;6,413,0.545714;3,486,0.545714;11,1329,0.641429;12,1848,0.648571
5,2333;52,11047,1;2,384,0.551429;3,481,0.551429;7,1046,0.641429;9,1473,0.645714
4,2339;60,11374,1;2,406,0.54;3,492,0.54;8,1140,0.647143;10,1607,0.651429
4,2334;58,11007,1;2,431,0.531429;3,532,0.531429;5,897,0.645714;7,1265,0.648571
4,2333;59,10670,1;2,410,0.538571;3,529,0.544286;11,1408,0.65;12,1926,0.654286
5,2318;58,10987,1;3,464,0.551429;4,575,0.551429;12,1445,0.641429;14,2046,0.642857
5,2343;59,10935,1;3,460,0.537143;4,553,0.54;12,1463,0.634286;14,2067,0.631429
5,2326;59,11073,1;3,425,0.537143;4,553,0.537143;9,1168,0.632857;10,1677,0.631429
5,2328;54,11027,1;3,495,0.544286;4,607,0.548571;8,1111,0.631429;10,1537,0.631429
5,2325;58,10802,1;2,392,0.537143;4,541,0.54;9,1174,0.627143;10,1539,0.63
5,2319;53,10889,1;3,462,0.551429;3,509,0.555714;10,1220,0.63;11,1697,0.632857
5,2341;54,11161,1;3,433,0.558571;4,569,0.562857;11,1397,0.63;13,1897,0.631429
4,2326;54,10778,1;4,437,0.575714;4,599,0.575714;9,1189,0.634286;10,1560,0.634286
4,2327;54,11058,1;3,447,0.575714;4,582,0.58;9,1238,0.624286;11,1665,0.624286
4,2335;52,10785,1;3,448,0.571429;4,559,0.574286;9,1191,0.621429;11,1702,0.622857
4,2324;53,10964,1;3,487,0.56;4,610,0.574286;8,1153,0.631429;10,1611,0.631429
8,2346;51,10575,1;3,510,0.57;4,599,0.564286;11,1397,0.63;12,1788,0.631429
4,2337;54,11147,1;2,419,0.574286;3,553,0.575714;7,1034,0.624286;9,1553,0.627143
4,2340;54,11274,1;3,424,0.584286;5,644,0.59;12,1408,0.627143;14,2029,0.621429
4,2342;52,10933,1;3,425,0.582857;3,532,0.582857;11,1428,0.625714;13,2033,0.621429
4,2341;53,11070,1;3,440,0.554286;4,620,0.572857;10,1308,0.614286;12,1833,0.608571
4,2317;52,10771,1;3,445,0.561429;3,467,0.562857;6,972,0.62;7,1338,0.615714
4,2325;53,10905,1;2,450,0.575714;2,568,0.575714;7,1307,0.61;8,1888,0.61
4,2331;52,10664,1;1,402,0.594286;2,551,0.594286;7,1315,0.612857;8,1939,0.61
4,2339;51,10629,1;2,452,0.607143;4,522,0.612857;11,1301,0.615714;12,1819,0.617143
4,2317;51,10464,1;2,423,0.612857;3,481,0.615714;6,940,0.618571;7,1227,0.62
4,2329;51,10722,1;3,455,0.62;4,591,0.62;6,1208,0.602857;7,1616,0.604286
4,2343;60,10632,1;2,454,0.614286;2,580,0.621429;6,1170,0.601429;7,1618,0.6
4,2324;66,11218,1;2,471,0.612857;2,522,0.617143;5,1056,0.6;6,1380,0.6
4,2335;64,11026,1;2,444,0.601429;2,550,0.601429;6,1150,0.602857;11,1659,0.602857
4,2334;58,11292,1;2,434,0.6;3,494,0.6;9,1147,0.601429;11,1649,0.601429
4,2319;58,10983,1;3,415,0.584286;4,511,0.588571;10,1229,0.6;11,1657,0.598571
4,2310;59,11296,1;3,437,0.581429;3,486,0.582857;7,945,0.601429;7,1354,0.592857
4,2321;60,11577,1;2,416,0.558571;3,504,0.56;9,1121,0.604286;10,1674,0.6
4,2336;59,10950,1;2,406,0.545714;3,522,0.55;7,1050,0.597143;7,1343,0.594286
4,2320;69,11108,1;2,417,0.544286;3,479,0.545714;7,1054,0.61;8,1430,0.604286
4,2336;68,10876,1;3,445,0.552857;4,547,0.555714;10,1285,0.607143;12,1857,0.604286
5,2329;67,10856,1;2,407,0.555714;3,472,0.555714;10,1229,0.614286;11,1733,0.61
4,2344;57,11013,1;3,419,0.548571;3,513,0.548571;8,1134,0.617143;11,1723,0.611429
5,2333;52,11027,1;3,435,0.564286;4,594,0.567143;9,1153,0.615714;10,1575,0.614286
5,2330;52,10977,1;2,447,0.572857;2,568,0.58;7,1262,0.612857;8,1796,0.611429
5,2341;52,11109,1;2,433,0.571429;3,584,0.577143;6,1218,0.611429;7,1671,0.612857
5,2316;52,11033,1;1,395,0.581429;2,495,0.585714;5,1053,0.604286;6,1524,0.604286
5,2327;61,11250,1;2,408,0.567143;3,541,0.571429;8,1439,0.617143;9,2035,0.614286
5,2341;58,11086,1;2,446,0.564286;2,570,0.564286;6,1194,0.625714;7,1627,0.621429
5,2323;59,11180,1;1,381,0.55;2,458,0.55;5,999,0.618571;5,1307,0.62
5,2331;55,10987,1;2,423,0.542857;2,489,0.542857;5,1033,0.611429;6,1435,0.615714
4,2318;52,10890,1;2,432,0.552857;2,493,0.554286;7,1250,0.611429;7,1661,0.614286
5,2335;52,10917,1;2,433,0.542857;2,547,0.54;6,1169,0.615714;6,1523,0.618571
5,2325;51,10488,1;2,424,0.537143;2,583,0.542857;5,1022,0.61;5,1358,0.611429
5,2333;60,11305,1;2,490,0.537143;3,631,0.538571;6,1231,0.6;8,1788,0.6
4,2324;60,11472,1;2,439,0.548571;2,493,0.547143;6,1160,0.597143;7,1559,0.6
4,2334;59,11271,1;1,395,0.558571;2,477,0.558571;6,1141,0.601429;6,1578,0.604286
4,2330;57,10922,1;2,454,0.547143;4,536,0.548571;10,1198,0.598571;11,1625,0.602857
5,2333;58,11038,1;2,411,0.544286;3,525,0.547143;11,1328,0.604286;12,1762,0.607143
4,2321;53,11143,1;3,462,0.547143;4,571,0.547143;10,1230,0.608571;11,1709,0.612857
4,2328;53,11057,1;2,400,0.555714;3,512,0.555714;9,1199,0.62;11,1634,0.622857
4,2308;53,11079,1;2,420,0.554286;2,506,0.555714;4,942,0.621429;5,1375,0.621429
4,2322;52,10620,1;1,433,0.552857;2,520,0.555714;5,1051,0.615714;6,1391,0.615714
4,2319;52,11017,1;1,409,0.557143;2,530,0.562857;7,1235,0.625714;8,1725,0.625714
5,2328;52,10869,1;2,412,0.571429;2,520,0.575714;7,1298,0.62;8,1721,0.617143
5,2350;52,11036,1;2,435,0.582857;3,576,0.587143;8,1397,0.611429;9,1845,0.608571
4,2322;53,10942,1;2,422,0.572857;3,562,0.574286;7,1225,0.612857;7,1687,0.608571
4,2335;53,11157,1;2,429,0.572857;4,541,0.577143;8,1178,0.621429;10,1593,0.615714
4,2323;55,11219,1;2,415,0.577143;3,479,0.572857;11,1297,0.621429;12,1828,0.617143
4,2345;59,11326,1;3,467,0.581429;4,642,0.584286;11,1467,0.615714;14,2074,0.611429
4,2325;58,10988,1;2,433,0.59;3,520,0.591429;7,1101,0.614286;9,1501,0.61
4,2318;67,10986,1;3,451,0.588571;4,561,0.595714;9,1163,0.605714;9,1548,0.605714
4,2325;58,11045,1;3,475,0.598571;5,557,0.601429;11,1349,0.601429;12,1801,0.597143
4,2328;58,11282,1;3,420,0.61;5,617,0.618571;12,1410,0.612857;15,2080,0.605714
4,2320;58,11244,1;3,469,0.615714;4,489,0.614286;10,1238,0.604286;12,1732,0.598571
4,2338;58,11156,1;3,471,0.628571;4,642,0.632857;12,1447,0.612857;14,2065,0.608571
4,2330;59,11564,1;3,464,0.615714;4,551,0.621429;9,1141,0.618571;11,1700,0.61
4,2315;65,11177,1;3,459,0.625714;4,607,0.628571;9,1203,0.612857;11,1743,0.605714
4,2333;59,11120,1;3,437,0.644286;4,584,0.65;10,1279,0.612857;11,1815,0.608571
4,2341;59,11267,1;3,439,0.647143;4,549,0.657143;9,1195,0.611429;10,1666,0.607143
4,2335;57,10994,1;3,455,0.641429;5,634,0.655714;10,1260,0.6;12,1796,0.602857
4,2330;58,10828,1;4,501,0.65;4,528,0.65;9,1233,0.602857;10,1626,0.604286
4,2319;57,10998,1;2,413,0.65;3,517,0.652857;7,1022,0.597143;9,1463,0.598571
4,2333;59,11353,1;3,481,0.637143;4,569,0.638571;9,1161,0.6;9,1467,0.597143
4,2337;59,11359,1;3,449,0.62;5,635,0.63;13,1473,0.602857;14,2026,0.601429
4,2324;56,11550,1;3,442,0.62;4,550,0.627143;9,1116,0.601429;10,1641,0.6
4,2321;57,11020,1;3,416,0.617143;4,547,0.628571;9,1234,0.597143;10,1603,0.597143
4,2333;60,11634,1;3,427,0.605714;4,516,0.61;12,1417,0.605714;14,1996,0.607143
4,2341;57,11156,1;3,433,0.594286;5,642,0.597143;11,1339,0.611429;11,1732,0.614286
4,2322;59,11370,1;2,413,0.601429;4,542,0.607143;9,1199,0.608571;11,1703,0.614286
4,2333;57,10951,1;2,434,0.595714;3,487,0.6;8,1158,0.605714;9,1520,0.607143
4,2324;57,10885,1;2,438,0.605714;3,554,0.607143;7,1022,0.604286;8,1498,0.605714
4,2321;58,11140,1;2,405,0.598571;3,498,0.598571;9,1221,0.607143;10,1734,0.61
4,2330;55,10498,1;3,407,0.59;4,506,0.59;9,1204,0.611429;11,1720,0.617143
4,2337;58,10932,1;3,426,0.564286;4,518,0.585714;12,1419,0.601429;14,1959,0.608571
4,2334;60,11614,1;3,465,0.567143;4,558,0.577143;11,1292,0.611429;11,1756,0.618571
4,2318;59,11344,1;3,436,0.57;4,540,0.571429;9,1148,0.615714;11,1658,0.622857
4,2326;70,11169,1;3,448,0.57;4,568,0.572857;11,1295,0.62;12,1814,0.621429
4,2334;66,11294,1;3,415,0.577143;4,589,0.577143;10,1236,0.622857;12,1797,0.631429
4,2321;56,11044,1;3,447,0.574286;4,546,0.578571;12,1335,0.611429;14,1929,0.617143
4,2342;58,11296,1;3,426,0.571429;4,480,0.574286;10,1234,0.62;11,1638,0.622857
4,2319;59,11362,1;1,409,0.56;2,536,0.564286;7,1365,0.617143;12,1855,0.617143
4,2335;58,11372,1;3,458,0.557143;4,610,0.56;10,1269,0.614286;14,2035,0.621429
4,2328;60,11493,1;3,439,0.568571;4,564,0.567143;11,1395,0.624286;13,1897,0.612857
4,2344;59,11169,1;2,406,0.56;3,502,0.56;13,1470,0.624286;15,2105,0.612857
4,2329;59,11115,1;3,401,0.561429;3,518,0.565714;11,1448,0.622857;13,1966,0.621429
4,2325;58,11051,1;3,438,0.545714;4,576,0.548571;7,1027,0.625714;9,1485,0.624286
4,2328;59,11190,1;3,468,0.545714;4,547,0.55;10,1269,0.637143;11,1756,0.635714
4,2327;56,11189,1;2,427,0.537143;3,516,0.541429;8,1092,0.637143;10,1602,0.64
5,2328;56,10870,1;2,408,0.534286;3,519,0.538571;8,1170,0.65;10,1600,0.651429
5,2324;60,11216,1;2,413,0.518571;3,504,0.524286;9,1260,0.647143;12,1827,0.648571
5,2312;57,10964,1;2,403,0.524286;3,496,0.525714;8,1039,0.644286;7,1358,0.644286
5,2320;56,10892,1;3,414,0.528571;3,506,0.528571;7,1027,0.634286;9,1432,0.638571
5,2326;73,11094,1;2,416,0.522857;3,524,0.522857;9,1219,0.627143;11,1721,0.631429
5,2328;68,11065,1;3,438,0.511429;4,590,0.511429;11,1318,0.622857;12,1922,0.63
5,2338;67,10859,1;3,442,0.522857;4,573,0.525714;13,1510,0.625714;14,2205,0.63
5,2320;60,10994,1;3,432,0.52;3,495,0.525714;11,1380,0.647143;12,1959,0.65
5,2324;52,10999,1;3,435,0.532857;4,576,0.537143;11,1348,0.627143;12,1912,0.631429
5,2326;60,11075,1;3,419,0.531429;4,527,0.532857;9,1252,0.63;11,1746,0.632857
5,2341;53,11136,1;2,410,0.54;4,516,0.541429;9,1161,0.624286;10,1621,0.634286
5,2320;51,10650,1;3,442,0.54;4,618,0.544286;11,1429,0.62;13,1983,0.631429
4,2328;51,10677,1;3,419,0.557143;4,540,0.558571;11,1384,0.622857;13,2007,0.635714
4,2316;53,11071,1;2,413,0.552857;4,552,0.554286;9,1199,0.638571;10,1627,0.647143
4,2320;82,11033,1;3,438,0.557143;3,522,0.557143;9,1223,0.642857;10,1655,0.644286
4,2317;54,10996,1;2,407,0.554286;3,514,0.555714;8,1132,0.642857;10,1633,0.647143
4,2335;52,10926,1;2,408,0.55;3,505,0.557143;9,1193,0.63;10,1592,0.632857
4,2325;53,10932,1;3,416,0.551429;4,560,0.557143;10,1215,0.625714;12,1724,0.63
4,2335;53,10990,1;3,426,0.558571;4,483,0.561429;9,1179,0.618571;11,1667,0.622857
4,2346;53,10962,1;3,470,0.548571;4,598,0.554286;10,1319,0.624286;12,1856,0.627143
4,2337;53,11110,1;2,396,0.545714;3,474,0.551429;8,1104,0.632857;9,1566,0.632857
4,2313;53,11033,1;3,445,0.55;3,525,0.551429;7,1042,0.628571;8,1430,0.634286
4,2326;57,10997,1;3,416,0.544286;3,500,0.547143;10,1253,0.63;12,1690,0.634286
4,2313;56,10594,1;2,422,0.537143;4,562,0.538571;7,1007,0.627143;9,1470,0.631429
5,2325;57,10814,1;3,441,0.541429;3,499,0.537143;6,992,0.637143;8,1407,0.642857
5,2324;59,11169,1;2,427,0.538571;4,562,0.54;11,1348,0.642857;12,1782,0.648571
5,2317;57,10764,1;3,422,0.544286;4,558,0.544286;10,1285,0.657143;12,1752,0.661429
5,2312;58,10892,1;3,420,0.514286;4,586,0.522857;10,1338,0.661429;12,1805,0.667143
5,2321;57,10945,1;3,441,0.522857;4,560,0.522857;7,1043,0.657143;8,1405,0.665714
5,2306;53,10630,1;2,374,0.522857;3,479,0.522857;8,1053,0.654286;9,1513,0.668571
4,2332;68,10891,1;3,473,0.528571;4,554,0.534286;11,1351,0.658571;12,1792,0.671429
4,2328;57,10625,1;3,447,0.517143;3,509,0.517143;8,1062,0.66;9,1451,0.672857
4,2319;58,10936,1;2,423,0.512857;3,528,0.51;9,1147,0.661429;10,1596,0.672857
4,2330;58,10729,1;2,430,0.512857;4,571,0.517143;9,1230,0.667143;11,1686,0.678571
4,2321;57,10705,1;2,447,0.524286;3,561,0.528571;7,1237,0.662857;7,1680,0.675714
5,2351;57,10691,1;2,459,0.515714;3,597,0.527143;8,1433,0.665714;9,1947,0.675714
5,2334;56,10880,1;2,458,0.528571;3,622,0.532857;7,1348,0.657143;8,1816,0.662857
5,2321;53,10911,1;2,498,0.534286;3,625,0.538571;9,1475,0.657143;14,1960,0.664286
5,2341;52,10742,1;3,472,0.527143;4,557,0.527143;12,1472,0.662857;14,2037,0.674286
4,2335;53,11071,1;3,466,0.522857;4,561,0.525714;10,1266,0.67;12,1789,0.677143
5,2339;53,10985,1;3,498,0.528571;4,620,0.528571;12,1420,0.678571;14,1992,0.685714
5,2346;57,11328,1;3,503,0.518571;5,652,0.52;11,1326,0.68;12,1835,0.688571
5,2329;60,11149,1;3,510,0.52;6,709,0.52;14,1400,0.685714;17,2103,0.697143
5,2341;62,11275,1;3,437,0.504286;4,512,0.504286;11,1224,0.671429;13,1711,0.687143
5,2331;53,11184,1;3,426,0.51;5,584,0.517143;16,1578,0.674286;16,2109,0.69
5,2326;54,11267,1;3,451,0.51;4,564,0.512857;9,1228,0.682857;11,1702,0.698571
5,2348;53,10948,1;4,513,0.511429;5,665,0.511429;15,1640,0.68;17,2210,0.695714
9,2352;54,11149,1;4,513,0.515714;5,629,0.524286;13,1489,0.684286;15,2081,0.685714
5,2334;53,11023,1;3,469,0.511429;4,591,0.515714;13,1559,0.69;15,2008,0.692857
5,2342;58,11013,1;4,476,0.514286;4,609,0.514286;12,1408,0.69;13,1846,0.698571
5,2321;59,11180,1;4,482,0.512857;5,617,0.517143;14,1572,0.691429;15,2011,0.7
5,2347;59,11024,1;3,467,0.494286;5,685,0.5;12,1395,0.695714;14,1940,0.701429
5,2335;61,11348,1;3,468,0.484286;4,507,0.484286;10,1291,0.698571;12,1774,0.695714
6,2347;53,11097,1;2,400,0.47;4,565,0.474286;11,1361,0.684286;12,1774,0.68
5,2341;53,10843,1;3,453,0.47;3,540,0.472857;12,1431,0.68;13,1915,0.674286
5,2328;52,10785,1;2,433,0.46;3,597,0.467143;6,1207,0.69;7,1597,0.692857
5,2326;52,10753,1;2,453,0.475714;2,517,0.477143;5,1091,0.685714;6,1499,0.684286
5,2329;53,10860,1;2,471,0.477143;3,536,0.477143;6,1272,0.682857;7,1713,0.684286
5,2328;51,10597,1;2,452,0.474286;2,586,0.475714;6,1178,0.685714;7,1589,0.688571
5,2334;54,10792,1;2,465,0.485714;3,633,0.488571;6,1232,0.694286;6,1561,0.692857
5,2326;54,10280,1;2,421,0.487143;2,551,0.49;5,1072,0.688571;5,1370,0.69
5,2333;57,10612,1;2,439,0.48;3,676,0.485714;7,1353,0.69;7,1728,0.69
4,2327;58,11050,1;2,497,0.462857;3,640,0.472857;7,1344,0.704286;8,1834,0.707143
5,2315;57,10790,1;2,479,0.46;3,587,0.465714;7,1328,0.702857;8,1691,0.704286
5,2325;58,10700,1;2,443,0.464286;2,559,0.467143;8,1428,0.71;9,1900,0.708571
5,2327;52,10774,1;2,429,0.445714;3,585,0.448571;6,1208,0.698571;7,1612,0.701429
5,2345;57,10958,1;2,466,0.46;3,601,0.461429;7,1386,0.685714;8,1759,0.688571
5,2331;58,10953,1;2,423,0.452857;3,569,0.452857;8,1426,0.675714;9,2019,0.677143
5,2333;56,10628,1;2,464,0.434286;3,588,0.444286;8,1518,0.671429;9,2057,0.681429
5,2308;58,11015,1;2,488,0.45;3,610,0.454286;6,1200,0.671429;7,1654,0.68
5,2342;57,11025,1;2,492,0.452857;3,668,0.452857;8,1469,0.672857;9,2064,0.677143
5,2333;57,10697,1;2,436,0.434286;2,565,0.432857;8,1435,0.667143;9,1982,0.674286
5,2322;52,10754,1;3,438,0.428571;4,565,0.432857;11,1377,0.662857;13,1982,0.67
5,2326;52,10450,1;2,433,0.432857;4,573,0.435714;11,1364,0.681429;12,1807,0.691429
5,2350;52,10885,1;3,483,0.411429;4,607,0.411429;9,1603,0.688571;10,2107,0.7
5,2344;52,10800,1;2,476,0.404286;3,667,0.412857;9,1608,0.688571;10,2206,0.695714
5,2342;52,10913,1;2,450,0.417143;3,675,0.427143;8,1520,0.694286;10,2044,0.698571
5,2336;52,11000,1;3,523,0.432857;3,644,0.435714;8,1408,0.684286;8,1851,0.687143
5,2344;50,10857,1;2,453,0.432857;2,535,0.432857;7,1343,0.681429;7,1710,0.687143
5,2328;56,10774,1;2,421,0.445714;2,556,0.445714;6,1167,0.688571;7,1632,0.687143
5,2330;51,10919,1;2,401,0.441429;3,606,0.448571;9,1609,0.685714;10,2120,0.684286
5,2317;51,10788,1;2,426,0.444286;3,549,0.455714;6,1243,0.692857;11,1718,0.691429
5,2341;51,11000,1;3,462,0.472857;4,568,0.475714;12,1447,0.682857;13,1942,0.687143
5,2332;53,11415,1;3,428,0.465714;5,666,0.477143;13,1537,0.685714;9,2007,0.687143
5,2325;52,11086,1;3,560,0.49;3,646,0.497143;9,1524,0.685714;10,2081,0.691429
5,2337;51,10634,1;2,418,0.485714;2,540,0.488571;7,1270,0.707143;7,1754,0.711429
5,2335;53,10928,1;2,485,0.501429;3,626,0.5;7,1364,0.702857;8,1843,0.71
4,2345;52,11061,1;3,467,0.492857;4,608,0.495714;9,1248,0.69;11,1734,0.694286
5,2321;53,10981,1;3,469,0.501429;4,556,0.504286;8,1107,0.692857;10,1570,0.698571
9,2333;52,10784,1;3,437,0.494286;4,591,0.504286;10,1266,0.691429;11,1701,0.698571
4,2328;52,10874,1;3,487,0.525714;4,633,0.525714;10,1274,0.691429;11,1762,0.695714
5,2336;53,11236,1;3,475,0.514286;4,625,0.527143;10,1349,0.68;12,1828,0.687143
5,2320;58,10901,1;3,465,0.524286;5,639,0.528571;11,1376,0.67;11,1756,0.678571
5,2329;63,11013,1;3,477,0.537143;5,580,0.538571;11,1277,0.677143;13,1903,0.687143
5,2329;57,10857,1;4,502,0.534286;5,632,0.532857;9,1223,0.69;11,1731,0.698571
5,2337;59,11241,1;3,478,0.525714;5,692,0.531429;10,1321,0.692857;12,1865,0.701429
5,2325;55,10892,1;3,451,0.515714;4,591,0.518571;10,1285,0.697143;11,1718,0.704286
5,2332;52,11293,1;3,464,0.502857;4,631,0.505714;10,1324,0.688571;11,1811,0.698571
5,2313;53,11332,1;3,455,0.497143;4,581,0.497143;8,1091,0.688571;10,1609,0.691429
5,2327;52,10979,1;3,446,0.505714;4,601,0.51;8,1398,0.694286;8,1891,0.695714
5,2334;53,11327,1;3,448,0.495714;5,610,0.502857;11,1352,0.705714;14,1929,0.704286
5,2336;53,11200,1;4,489,0.518571;4,539,0.518571;11,1303,0.698571;12,1820,0.7
5,2323;53,11026,1;4,478,0.5;4,573,0.501429;10,1298,0.692857;11,1779,0.692857
5,2344;53,11108,1;4,563,0.504286;7,803,0.508571;11,1441,0.69;12,1914,0.692857
4,2333;53,11104,1;3,504,0.502857;5,702,0.5;11,1430,0.69;13,1879,0.697143
4,2330;53,11064,1;3,479,0.514286;4,610,0.515714;10,1317,0.69;12,1824,0.694286
4,2344;53,11209,1;3,468,0.517143;4,621,0.521429;9,1260,0.69;11,1763,0.692857
5,2328;51,10947,1;2,441,0.512857;4,617,0.52;8,1185,0.685714;9,1543,0.688571
5,2320;54,10792,1;3,445,0.525714;4,620,0.53;9,1240,0.68;10,1671,0.687143
5,2335;65,10717,1;3,484,0.511429;4,598,0.517143;11,1378,0.687143;12,1933,0.687143
5,2316;57,10809,1;3,452,0.525714;4,629,0.531429;8,1180,0.678571;10,1651,0.682857
5,2326;58,11026,1;3,463,0.518571;4,580,0.521429;9,1208,0.684286;11,1656,0.688571
4,2334;59,11059,1;2,428,0.514286;4,552,0.517143;8,1132,0.671429;9,1522,0.668571
4,2334;58,10999,1;3,474,0.51;4,664,0.51;11,1348,0.668571;13,1980,0.662857
4,2338;57,10716,1;4,497,0.495714;5,757,0.492857;12,1395,0.681429;13,1924,0.672857
4,2334;51,10793,1;3,499,0.481429;4,618,0.482857;12,1512,0.684286;14,2067,0.684286
4,2318;52,11103,1;3,471,0.484286;4,597,0.488571;13,1588,0.685714;14,2171,0.688571
4,2374;52,11158,1;3,491,0.474286;4,614,0.478571;14,1726,0.682857;16,2344,0.69
4,2333;52,10803,1;2,491,0.464286;3,679,0.467143;6,1233,0.684286;7,1761,0.691429
4,2357;57,10788,1;2,522,0.462857;3,665,0.461429;10,1697,0.694286;11,2355,0.698571
4,2336;57,10959,1;2,488,0.461429;3,657,0.461429;7,1399,0.694286;13,1981,0.697143
4,2339;57,11036,1;3,466,0.448571;5,653,0.457143;10,1306,0.691429;12,1882,0.697143
4,2347;59,11170,1;3,429,0.445714;4,636,0.458571;14,1584,0.685714;14,2110,0.69
4,2336;56,10625,1;4,495,0.46;4,571,0.461429;10,1316,0.675714;11,1728,0.681429
4,2334;62,10866,1;3,437,0.437143;4,588,0.438571;12,1493,0.682857;13,2006,0.688571
4,2327;57,10974,1;3,464,0.441429;5,607,0.444286;13,1582,0.675714;13,1961,0.68
4,2338;57,10710,1;3,436,0.44;5,625,0.447143;12,1528,0.682857;13,2066,0.687143
5,2327;57,10799,1;3,477,0.43;4,635,0.448571;12,1513,0.684286;14,2083,0.682857
5,2316;52,10798,1;3,461,0.43;4,586,0.435714;11,1403,0.681429;12,1886,0.681429
4,2326;60,11030,1;3,471,0.407143;4,563,0.412857;14,1667,0.685714;15,2144,0.688571
4,2344;56,10474,1;3,468,0.395714;5,641,0.4;11,1470,0.681429;13,1985,0.695714
5,2318;56,10358,1;3,454,0.378571;4,627,0.392857;11,1383,0.688571;12,1889,0.697143
4,2327;52,11019,1;4,463,0.391429;4,533,0.397143;10,1250,0.695714;12,1760,0.698571
4,2335;52,10865,1;4,465,0.385714;4,508,0.387143;12,1426,0.684286;13,1797,0.681429
5,2330;54,11165,1;3,458,0.385714;4,593,0.39;10,1284,0.68;12,1716,0.678571
5,2350;59,11328,1;3,482,0.388571;5,623,0.388571;14,1577,0.675714;16,2118,0.678571
5,2346;63,10990,1;3,478,0.39;5,607,0.39;12,1415,0.668571;13,2013,0.672857
5,2342;58,11129,1;2,433,0.387143;4,576,0.387143;12,1519,0.671429;14,2062,0.671429
5,2338;58,11208,1;3,447,0.362857;4,596,0.367143;14,1666,0.667143;15,2231,0.665714
4,2345;57,11226,1;3,423,0.385714;4,582,0.388571;11,1388,0.668571;13,1956,0.664286
4,2328;66,11556,1;4,473,0.378571;5,640,0.38;13,1533,0.66;15,2118,0.665714
4,2322;58,11375,1;3,457,0.368571;5,673,0.371429;11,1406,0.674286;12,1918,0.675714
4,2339;59,11429,1;4,529,0.371429;4,603,0.371429;14,1714,0.672857;16,2274,0.672857
4,2354;77,11376,1;4,507,0.382857;5,627,0.381429;13,1549,0.668571;14,2019,0.661429
4,2363;58,11154,1;4,519,0.394286;6,731,0.395714;14,1628,0.67;15,2215,0.665714
4,2329;58,11121,1;3,476,0.395714;5,690,0.397143;13,1487,0.664286;15,2196,0.665714
4,2338;59,11354,1;3,460,0.401429;5,634,0.402857;13,1592,0.662857;14,2199,0.668571
5,2341;59,11195,1;3,491,0.407143;4,584,0.401429;12,1532,0.668571;14,2118,0.667143
5,2334;57,10523,1;3,497,0.388571;5,644,0.398571;12,1535,0.67;14,2047,0.671429
4,2334;57,10904,1;4,535,0.395714;5,658,0.397143;12,1536,0.668571;14,2087,0.671429
4,2332;67,10892,1;3,528,0.392857;5,706,0.397143;12,1481,0.667143;13,1948,0.671429
4,2338;58,11162,1;2,505,0.392857;3,614,0.391429;8,1468,0.674286;9,1937,0.674286
4,2343;57,11066,1;2,527,0.392857;3,680,0.394286;8,1456,0.677143;9,2040,0.677143
4,2330;58,11322,1;2,483,0.377143;3,630,0.378571;8,1467,0.68;9,2013,0.68
4,2344;59,11561,1;3,508,0.371429;4,652,0.371429;14,1630,0.675714;15,2178,0.675714
4,2338;59,11514,1;3,456,0.38;4,614,0.38;12,1420,0.684286;14,2058,0.687143
4,2350;53,11250,1;3,444,0.384286;5,705,0.387143;13,1583,0.704286;14,2038,0.7
4,2317;53,10734,1;3,481,0.375714;4,558,0.375714;11,1424,0.707143;13,1957,0.705714
4,2329;51,10655,1;3,459,0.37;4,631,0.37;11,1390,0.701429;12,1922,0.7
4,2326;53,10997,1;3,490,0.362857;3,549,0.362857;10,1331,0.702857;12,1756,0.7
4,2342;53,11204,1;3,438,0.357143;4,573,0.357143;13,1604,0.697143;15,2189,0.698571
4,2339;53,11241,1;3,491,0.354286;5,665,0.355714;12,1503,0.69;13,2007,0.691429
4,2337;52,10916,1;3,484,0.36;5,655,0.361429;13,1620,0.694286;15,2130,0.692857
4,2341;52,11117,1;3,444,0.367143;4,561,0.368571;12,1491,0.69;14,2042,0.692857
4,2333;54,11310,1;3,456,0.372857;4,594,0.375714;12,1535,0.69;14,2108,0.692857
4,2347;57,11078,1;3,466,0.355714;5,603,0.355714;13,1648,0.701429;15,2229,0.707143
4,2325;57,11030,1;3,440,0.342857;5,565,0.342857;12,1415,0.695714;14,1992,0.708571
4,2339;58,11296,1;3,453,0.334286;4,555,0.335714;14,1623,0.71;14,2130,0.715714
4,2329;56,10908,1;3,471,0.324286;4,577,0.324286;12,1444,0.697143;13,1961,0.704286
5,2345;57,11059,1;3,480,0.328571;5,672,0.328571;12,1492,0.705714;14,2030,0.71
5,2342;57,10974,1;4,488,0.322857;5,631,0.322857;12,1513,0.701429;14,2037,0.712857
5,2338;52,10590,1;3,423,0.332857;4,599,0.334286;13,1594,0.705714;15,2232,0.712857
5,2341;51,10664,1;3,437,0.351429;4,537,0.351429;11,1403,0.704286;11,1898,0.71
5,2349;52,11026,1;3,477,0.325714;4,586,0.325714;13,1695,0.701429;15,2298,0.705714
4,2332;51,11040,1;3,471,0.338571;4,599,0.338571;13,1594,0.705714;15,2227,0.708571
4,2357;51,10703,1;3,456,0.34;5,618,0.34;13,1630,0.708571;14,2111,0.711429
4,2339;52,11294,1;3,473,0.347143;5,625,0.347143;13,1622,0.715714;15,2081,0.717143
4,2334;52,11448,1;3,477,0.37;5,549,0.371429;14,1641,0.718571;15,2154,0.717143
4,2330;59,11202,1;2,413,0.375714;4,529,0.375714;10,1307,0.705714;12,1807,0.707143
5,2326;59,11250,1;3,460,0.368571;4,531,0.368571;13,1520,0.695714;14,2082,0.697143
5,2331;57,10989,1;3,439,0.362857;5,635,0.364286;14,1603,0.71;14,2057,0.712857
12,2361;59,10848,1;3,465,0.378571;5,640,0.378571;15,1778,0.72;17,2415,0.724286
5,2357;53,11317,1;4,514,0.378571;5,686,0.378571;14,1684,0.714286;15,2129,0.721429
5,2340;53,11306,1;3,460,0.37;4,572,0.371429;13,1591,0.718571;14,2062,0.724286
5,2350;52,11156,1;3,460,0.371429;4,546,0.372857;12,1488,0.705714;13,1990,0.704286
8,2344;57,10575,1;3,490,0.375714;4,601,0.375714;12,1470,0.685714;13,1997,0.681429
5,2326;52,11155,1;3,428,0.372857;4,511,0.372857;11,1436,0.695714;12,1886,0.69
5,2339;53,11255,1;3,467,0.364286;4,554,0.364286;11,1438,0.688571;13,2007,0.684286
5,2335;52,11114,1;3,448,0.367143;4,559,0.367143;11,1355,0.692857;12,1868,0.684286
4,2335;40,11057,1;3,451,0.365714;5,628,0.365714;13,1570,0.694286;15,2050,0.685714
4,2343;51,11043,1;3,451,0.368571;4,515,0.37;12,1415,0.691429;13,1908,0.684286
4,2338;53,11203,1;3,469,0.37;5,608,0.371429;14,1631,0.694286;16,2258,0.688571
4,2336;53,11330,1;3,471,0.354286;5,644,0.355714;14,1581,0.688571;15,2185,0.685714
4,2339;52,11201,1;3,478,0.364286;5,626,0.364286;14,1660,0.704286;16,2261,0.704286
4,2345;52,11110,1;3,465,0.374286;5,703,0.375714;14,1682,0.705714;16,2323,0.708571
4,2330;52,11190,1;3,486,0.367143;4,556,0.367143;13,1540,0.701429;14,2146,0.7
4,2353;52,11082,1;3,454,0.372857;5,655,0.372857;13,1592,0.698571;15,2142,0.698571
5,2339;66,11029,1;3,490,0.375714;3,623,0.375714;8,1511,0.697143;10,2078,0.692857
5,2340;58,11027,1;2,502,0.385714;3,619,0.385714;9,1582,0.7;16,2152,0.702857
5,2343;57,11161,1;2,398,0.384286;4,555,0.384286;13,1533,0.714286;15,2044,0.711429
5,2338;58,11099,1;3,457,0.411429;5,627,0.412857;15,1719,0.712857;17,2355,0.71
5,2325;54,10919,1;3,494,0.385714;4,611,0.387143;14,1603,0.698571;15,2066,0.695714
5,2352;57,11088,1;4,528,0.4;5,707,0.404286;15,1784,0.701429;17,2295,0.705714
4,2350;55,10890,1;4,497,0.395714;5,676,0.398571;14,1680,0.712857;15,2069,0.705714
5,2332;55,11075,1;3,544,0.388571;6,802,0.39;13,1529,0.714286;14,2121,0.711429
5,2345;56,11092,1;3,505,0.395714;4,574,0.395714;12,1452,0.711429;13,2012,0.707143
5,2333;63,11004,1;3,484,0.388571;4,608,0.388571;12,1480,0.69;13,1923,0.687143
5,2342;60,11388,1;3,491,0.362857;4,644,0.362857;13,1564,0.711429;15,2127,0.702857
5,2333;63,11117,1;3,462,0.355714;5,668,0.355714;12,1465,0.695714;14,2024,0.69
4,2327;59,11103,1;2,459,0.357143;4,583,0.357143;12,1451,0.704286;13,1968,0.697143
4,2343;58,11036,1;3,478,0.352857;4,623,0.352857;13,1577,0.704286;15,2126,0.695714
4,2338;57,10982,1;3,444,0.35;4,630,0.35;13,1601,0.704286;15,2109,0.698571
4,2337;54,10898,1;3,446,0.341429;5,649,0.341429;11,1373,0.694286;12,1842,0.687143
4,2327;53,11000,1;3,478,0.325714;4,597,0.325714;13,1536,0.715714;15,2050,0.707143
4,2327;59,11040,1;3,455,0.338571;4,592,0.338571;13,1550,0.707143;14,2014,0.697143
4,2347;60,11402,1;3,460,0.345714;5,630,0.345714;13,1523,0.701429;15,2084,0.692857
4,2325;57,10918,1;3,490,0.344286;4,601,0.348571;11,1455,0.697143;13,1962,0.687143
4,2353;58,11021,1;3,521,0.337143;5,667,0.335714;13,1660,0.704286;15,2260,0.692857
4,2326;57,10958,1;3,518,0.328571;5,732,0.328571;13,1635,0.691429;16,2301,0.682857
5,2337;57,11028,1;3,496,0.308571;4,639,0.31;12,1515,0.682857;14,2203,0.674286
4,2340;59,11465,1;3,532,0.321429;5,752,0.324286;15,1774,0.697143;17,2424,0.687143
4,2338;57,11134,1;5,591,0.33;6,799,0.332857;14,1581,0.701429;17,2414,0.698571
4,2333;56,11171,1;4,493,0.327143;5,686,0.33;15,1720,0.722857;17,2401,0.72
4,2346;54,11481,1;4,589,0.324286;6,811,0.325714;15,1721,0.737143;17,2386,0.734286
4,2361;56,11291,1;5,574,0.307143;6,809,0.314286;15,1738,0.717143;16,2316,0.72
4,2338;69,11036,1;3,531,0.314286;4,633,0.315714;14,1623,0.732857;15,2184,0.722857
5,2344;58,11409,1;3,498,0.332857;4,609,0.335714;12,1475,0.725714;14,2003,0.715714
5,2333;56,11178,1;3,474,0.32;4,584,0.32;13,1573,0.724286;15,2113,0.72
5,2330;51,11015,1;3,441,0.321429;4,576,0.321429;13,1640,0.74;14,2111,0.734286
5,2354;51,11023,1;3,455,0.32;5,665,0.324286;13,1675,0.735714;15,2320,0.73
5,2337;53,11482,1;3,537,0.334286;5,707,0.337143;15,1741,0.745714;16,2343,0.742857
5,2330;52,10969,1;3,472,0.334286;5,697,0.335714;12,1527,0.731429;14,2147,0.731429
5,2354;52,11366,1;4,513,0.338571;5,740,0.338571;15,1755,0.741429;17,2564,0.747143
5,2338;53,11222,1;3,500,0.334286;4,659,0.334286;13,1595,0.748571;14,2186,0.75
5,2335;56,11053,1;3,425,0.335714;3,518,0.335714;12,1558,0.747143;14,2114,0.745714
5,2349;70,11535,1;3,473,0.345714;4,648,0.347143;14,1672,0.731429;16,2348,0.73
5,2345;61,11365,1;4,499,0.337143;5,710,0.341429;14,1615,0.731429;15,2190,0.732857
4,2330;58,11410,1;4,497,0.325714;6,768,0.337143;15,1687,0.737143;16,2374,0.737143
5,2348;58,11083,1;3,471,0.354286;5,633,0.367143;13,1588,0.738571;15,2224,0.738571
5,2338;58,10840,1;4,550,0.344286;5,737,0.344286;15,1691,0.724286;17,2435,0.724286
5,2361;76,11641,1;4,530,0.36;5,682,0.358571;15,1752,0.7;18,2546,0.718571
5,2343;58,11153,1;3,449,0.367143;4,592,0.37;15,1722,0.73;15,2247,0.728571
5,2337;57,11111,1;3,480,0.351429;5,643,0.351429;13,1597,0.73;15,2213,0.722857
5,2351;57,11063,1;3,446,0.358571;4,590,0.358571;14,1763,0.732857;16,2404,0.722857
5,2346;59,11530,1;3,483,0.368571;4,573,0.368571;14,1656,0.734286;16,2416,0.731429
5,2339;59,11562,1;3,473,0.4;5,627,0.401429;15,1763,0.727143;17,2551,0.725714
5,2353;56,11619,1;4,503,0.378571;5,677,0.378571;16,1835,0.732857;18,2645,0.731429
4,2337;57,11444,1;3,448,0.397143;4,645,0.4;14,1744,0.715714;16,2395,0.714286
4,2337;57,11148,1;4,491,0.398571;5,692,0.4;13,1654,0.725714;15,2292,0.727143
4,2343;59,11582,1;3,493,0.392857;5,675,0.392857;13,1605,0.734286;15,2312,0.734286
4,2335;57,11279,1;3,526,0.382857;5,672,0.385714;16,1811,0.747143;18,2618,0.745714
4,2352;57,11081,1;4,533,0.385714;6,762,0.385714;15,1787,0.73;17,2593,0.732857
4,2325;58,11055,1;3,440,0.401429;5,628,0.401429;13,1524,0.752857;14,2089,0.752857
5,2346;57,11198,1;4,520,0.384286;5,639,0.387143;14,1656,0.744286;16,2391,0.751429
5,2330;52,11151,1;3,442,0.368571;3,512,0.368571;14,1704,0.742857;16,2402,0.747143
5,2325;52,11203,1;3,482,0.361429;4,532,0.361429;15,1714,0.75;17,2455,0.751429
5,2316;54,11561,1;4,482,0.361429;5,632,0.361429;15,1668,0.761429;18,2553,0.765714
5,2323;53,11558,1;4,505,0.344286;5,644,0.344286;14,1624,0.75;16,2398,0.754286
5,2329;54,11964,1;5,588,0.341429;6,746,0.342857;16,1761,0.76;18,2659,0.762857
5,2358;55,11231,1;4,576,0.348571;7,839,0.351429;18,1908,0.757143;20,2853,0.761429
5,2329;59,11917,1;3,490,0.334286;5,650,0.335714;15,1686,0.752857;17,2471,0.755714
5,2322;59,11963,1;4,502,0.331429;5,693,0.335714;14,1652,0.75;17,2396,0.755714
5,2327;63,11534,1;4,526,0.33;6,751,0.33;16,1737,0.755714;18,2603,0.758571
5,2333;63,12317,1;4,595,0.352857;6,771,0.354286;19,2001,0.761429;21,2931,0.771429
5,2355;58,11522,1;4,550,0.361429;6,796,0.362857;20,2083,0.762857;22,3115,0.778571
5,2332;58,11561,1;4,503,0.37;5,681,0.371429;16,1733,0.775714;18,2692,0.794286
5,2333;57,11293,1;4,559,0.372857;6,769,0.38;17,1773,0.771429;20,2854,0.79
5,2325;58,11723,1;4,525,0.395714;5,640,0.402857;17,1816,0.784286;20,2917,0.792857
5,2330;55,12105,1;4,511,0.415714;5,668,0.412857;16,1777,0.761429;20,2897,0.77
5,2316;52,11537,1;3,512,0.434286;5,715,0.437143;16,1763,0.748571;19,2701,0.752857
5,2293;53,11808,1;3,479,0.412857;5,609,0.412857;16,1669,0.754286;17,2468,0.76
5,2275;53,11896,1;4,497,0.397143;6,749,0.398571;17,1742,0.745714;21,2882,0.748571
5,2245;53,11839,1;4,545,0.388571;6,805,0.391429;16,1658,0.754286;19,2709,0.764286
5,2251;52,11617,0.998571;3,413,0.4;5,611,0.404286;16,1597,0.76;18,2528,0.781429
4,2242;52,11493,1;3,401,0.392857;5,571,0.398571;15,1553,0.757143;18,2605,0.774286
5,2241;53,11794,1;4,440,0.387143;6,673,0.388571;16,1619,0.768571;19,2722,0.787143
5,2233;65,11994,1;3,436,0.397143;5,627,0.4;18,1732,0.787143;20,2733,0.801429
5,2259;59,12284,1;4,490,0.405714;6,737,0.407143;21,1888,0.787143;23,3018,0.811429
5,2249;58,12236,1;5,590,0.407143;7,890,0.408571;20,1831,0.792857;23,3065,0.818571
5,2233;60,12395,1;4,511,0.378571;6,807,0.382857;16,1521,0.794286;20,2734,0.811429
5,2207;59,12508,1;4,453,0.361429;5,598,0.365714;16,1569,0.797143;21,2828,0.821429
5,2210;55,12664,1;4,465,0.342857;6,735,0.348571;17,1615,0.81;21,2863,0.825714
4,2169;54,12497,1;4,436,0.384286;6,776,0.382857;17,1545,0.802857;20,2702,0.824286
16,2135;59,12575,1;4,448,0.382857;5,622,0.385714;14,1317,0.791429;18,2514,0.822857
4,2092;65,12632,1;3,343,0.381429;4,547,0.381429;13,1184,0.794286;17,2238,0.82
4,2055;59,12606,1;2,277,0.378571;3,406,0.378571;11,993,0.785714;14,1929,0.811429
4,1922;58,12336,0.998571;2,211,0.388571;3,368,0.39;7,705,0.775714;6,1301,0.798571
4,1692;59,12501,1;1,162,0.397143;1,222,0.398571;4,549,0.77;4,976,0.792857
3,1678;57,12036,1;1,143,0.394286;1,198,0.394286;3,479,0.764286;4,823,0.788571
3,1488;58,12038,1;1,126,0.395714;1,251,0.395714;3,465,0.762857;4,772,0.787143
2,1081;57,11987,1;1,81,0.397143;1,105,0.398571;1,252,0.76;2,477,0.784286
1,802;54,12138,1;0,40,0.401429;0,55,0.401429;0,155,0.761429;1,288,0.787143
1,753;58,12091,1;0,40,0.404286;0,50,0.404286;1,187,0.761429;1,261,0.787143
1,847;58,12307,1;0,50,0.404286;0,67,0.404286;0,151,0.764286;1,246,0.79
1,670;58,12022,1;0,11,0.405714;0,17,0.407143;0,93,0.762857;0,173,0.79
1,666;57,12073,1;0,11,0.407143;0,20,0.408571;0,87,0.761429;0,179,0.79
1,612;63,12342,1;0,13,0.407143;0,18,0.407143;0,66,0.761429;1,145,0.79
1,613;58,12216,1;0,17,0.411429;1,29,0.411429;0,81,0.761429;1,214,0.79
1,502;58,12130,1;0,19,0.41;0,22,0.41;0,60,0.761429;1,134,0.79
1,502;58,12333,1;0,13,0.412857;0,28,0.412857;0,60,0.76;1,138,0.788571
1,554;65,12248,1;0,15,0.41;0,22,0.41;0,60,0.757143;1,137,0.785714
1,708;57,12138,1;0,16,0.411429;0,20,0.411429;0,60,0.757143;1,138,0.785714
1,552;57,12449,1;0,20,0.412857;0,22,0.412857;0,45,0.758571;0,108,0.787143
1,500;58,12571,1;0,16,0.408571;0,27,0.408571;0,60,0.755714;1,138,0.785714
