40,2415;221,10875,1;31,1984,0.98;40,2571,1;41,2284,1;41,2459,1
37,2189;230,10963,1;8,456,0.982857;12,703,0.998571;18,1006,0.96;21,1246,0.96
36,2182;213,10860,1;7,401,0.974286;11,644,0.994286;17,997,0.935714;20,1196,0.935714
39,2186;217,11054,1;6,391,0.964286;12,694,0.998571;18,1044,0.924286;22,1313,0.924286
38,2174;218,11098,1;6,325,0.958571;9,550,0.982857;15,882,0.912857;19,1137,0.912857
38,2159;223,11287,1;6,369,0.952857;11,679,0.985714;15,885,0.901429;18,1082,0.901429
38,2183;218,11140,1;8,453,0.968571;13,742,0.997143;18,1009,0.907143;21,1221,0.907143
37,2132;216,10981,1;6,341,0.967143;9,532,0.994286;13,775,0.9;16,987,0.9
38,2137;217,11118,1;6,360,0.962857;11,649,0.992857;15,868,0.887143;19,1143,0.887143
38,2175;214,10797,1;6,374,0.962857;12,707,0.992857;15,848,0.882857;19,1147,0.882857
39,2164;217,11128,1;7,427,0.987143;11,640,0.997143;15,882,0.864286;18,1089,0.864286
39,2171;236,11355,1;5,304,0.974286;8,481,0.995714;12,689,0.855714;15,946,0.855714
38,2169;237,11499,1;6,339,0.98;10,559,0.995714;12,703,0.847143;16,965,0.847143
39,2176;229,11001,1;5,326,0.967143;10,600,0.994286;13,776,0.852857;17,1043,0.852857
38,2161;232,11279,1;5,299,0.97;7,450,0.99;10,626,0.855714;14,875,0.855714
39,2166;236,11370,1;5,327,0.972857;8,506,0.992857;12,721,0.847143;16,1004,0.847143
39,2185;237,11507,1;7,379,0.972857;12,675,0.992857;19,1068,0.842857;23,1380,0.842857
39,2188;236,11258,1;8,482,0.984286;12,710,0.994286;15,860,0.85;20,1195,0.85
39,2175;230,11171,1;6,331,0.957143;9,544,0.998571;15,846,0.841429;19,1136,0.841429
38,2166;230,11069,1;5,315,0.977143;8,503,0.998571;13,738,0.835714;17,1055,0.835714
39,2178;228,11030,1;7,424,0.98;11,630,0.997143;19,1045,0.832857;24,1382,0.832857
39,2164;234,11215,1;4,249,0.975714;7,437,0.994286;11,655,0.83;15,944,0.83
37,2155;220,10891,1;5,293,0.971429;7,433,0.995714;10,593,0.822857;13,825,0.822857
39,2183;225,10879,1;6,368,0.955714;9,537,0.988571;15,827,0.821429;19,1175,0.821429
55,2167;223,10819,1;5,320,0.951429;9,521,0.991429;12,730,0.818571;16,999,0.818571
38,2142;225,10864,1;7,397,0.971429;9,533,0.992857;17,942,0.812857;21,1275,0.812857
38,2117;224,10922,1;5,273,0.971429;8,466,0.995714;12,706,0.808571;16,958,0.808571
37,2066;231,11164,1;5,319,0.977143;8,471,0.997143;10,615,0.802857;13,857,0.802857
37,2167;222,11008,1;6,361,0.967143;9,534,0.988571;19,1035,0.797143;23,1386,0.797143
38,2177;225,10646,1;8,480,0.988571;12,705,0.998571;19,1062,0.791429;24,1420,0.792857
37,2159;239,10838,1;5,305,0.97;8,508,0.988571;13,765,0.787143;18,1063,0.788571
38,2161;236,10581,1;6,342,0.981429;8,460,0.991429;15,837,0.791429;19,1185,0.792857
37,2161;241,10949,1;6,363,0.977143;10,605,0.992857;16,877,0.782857;20,1209,0.784286
37,2161;237,10523,1;5,319,0.978571;8,504,0.995714;12,708,0.781429;16,1009,0.782857
39,2165;241,10810,1;6,331,0.971429;9,566,0.997143;14,808,0.778571;18,1120,0.778571
39,2179;244,10997,1;6,370,0.968571;12,701,0.991429;15,862,0.78;19,1165,0.78
40,2177;247,11232,1;6,339,0.965714;10,616,0.997143;16,899,0.778571;20,1211,0.778571
39,2164;244,10876,1;5,309,0.968571;8,471,0.988571;14,791,0.787143;19,1132,0.787143
55,2196;246,11115,1;9,518,0.971429;16,892,0.998571;22,1230,0.791429;27,1621,0.791429
39,2192;156,10247,1;8,454,0.981429;11,629,0.998571;19,1065,0.798571;24,1452,0.798571
46,2174;158,10545,1;5,289,0.951429;8,457,0.967143;17,970,0.807143;23,1395,0.807143
39,2183;165,10821,1;5,291,0.932857;10,558,0.992857;15,873,0.794286;20,1215,0.794286
39,2193;159,10547,1;7,370,0.921429;9,532,0.992857;20,1129,0.791429;27,1597,0.791429
38,2183;160,10490,1;8,472,0.954286;11,645,0.992857;20,1129,0.795714;26,1538,0.795714
38,2170;164,10774,1;6,316,0.98;8,446,0.994286;12,683,0.798571;16,967,0.798571
38,2161;161,10692,1;5,286,0.981429;8,447,0.994286;11,626,0.795714;15,908,0.795714
38,2165;192,10727,1;5,315,0.955714;9,502,0.987143;15,864,0.802857;19,1157,0.802857
38,2155;215,10869,1;5,282,0.951429;9,475,0.987143;15,876,0.807143;18,1088,0.807143
38,2166;208,10423,1;6,365,0.985714;9,545,0.99;16,884,0.801429;21,1273,0.801429
39,2175;216,10828,1;6,325,0.975714;8,494,0.991429;14,824,0.794286;19,1140,0.794286
39,2187;227,11507,1;6,340,0.912857;13,765,0.995714;18,1013,0.8;23,1349,0.8
38,2148;217,10987,1;8,441,0.951429;10,570,0.994286;15,852,0.795714;19,1176,0.795714
38,2166;215,10936,1;6,353,0.97;11,618,0.991429;18,1030,0.802857;23,1369,0.802857
47,2180;220,11037,1;8,451,0.984286;12,673,0.992857;19,1073,0.798571;23,1388,0.798571
38,2177;206,10271,1;8,433,0.984286;11,635,0.997143;17,995,0.807143;22,1327,0.807143
38,2156;216,10838,1;6,345,0.981429;8,495,0.988571;17,956,0.797143;22,1310,0.797143
38,2177;220,11162,1;5,328,0.97;10,609,0.994286;15,846,0.788571;20,1201,0.788571
38,2170;214,10801,1;5,316,0.962857;8,466,0.994286;13,770,0.788571;18,1090,0.788571
39,2166;208,10534,1;5,298,0.974286;8,444,0.991429;12,679,0.78;15,945,0.78
39,2189;214,10719,1;6,349,0.972857;9,536,0.977143;18,1043,0.778571;23,1384,0.78
38,2148;211,10705,1;7,377,0.967143;12,658,0.991429;18,1033,0.78;23,1340,0.78
38,2162;220,11077,1;6,355,0.965714;9,502,0.985714;14,815,0.781429;18,1112,0.781429
37,2112;214,10884,1;6,344,0.981429;8,494,0.99;13,750,0.781429;17,1016,0.781429
38,2177;215,10856,1;10,407,0.971429;16,674,0.985714;24,968,0.78;31,1360,0.78
38,2186;214,10709,1;11,441,0.957143;19,785,0.995714;29,1157,0.78;34,1447,0.78
37,2157;211,10770,1;8,323,0.964286;13,519,0.991429;19,803,0.785714;24,1077,0.785714
37,2170;218,11004,1;8,346,0.974286;12,536,0.994286;19,780,0.782857;25,1119,0.781429
37,2159;216,10688,1;9,379,0.981429;13,568,0.99;20,853,0.772857;26,1159,0.771429
38,2182;237,10786,1;9,378,0.961429;16,689,0.987143;26,1054,0.78;31,1355,0.778571
37,2176;229,11033,1;8,362,0.977143;14,624,0.995714;20,875,0.768571;28,1293,0.768571
36,2121;228,10647,1;8,318,0.974286;13,569,0.995714;17,742,0.761429;24,1106,0.761429
37,2137;231,11020,1;8,317,0.964286;14,561,0.997143;22,900,0.764286;29,1299,0.764286
37,2172;230,10895,1;9,352,0.978571;12,514,0.995714;23,953,0.76;30,1328,0.76
37,2168;213,10859,1;9,359,0.952857;14,590,0.985714;23,947,0.741429;30,1353,0.741429
37,2158;210,10616,1;10,399,0.967143;13,516,0.991429;22,897,0.75;30,1300,0.748571
39,2173;212,10691,1;12,456,0.987143;15,640,0.99;27,1100,0.75;35,1479,0.748571
37,2161;205,10393,1;9,365,0.978571;15,613,0.992857;23,896,0.754286;30,1223,0.752857
37,2166;210,10601,1;7,297,0.961429;12,516,0.985714;15,857,0.751429;20,1199,0.75
37,2178;210,10607,1;6,324,0.924286;12,689,0.991429;22,1163,0.75;27,1568,0.748571
37,2170;213,10667,1;8,355,0.914286;15,668,0.992857;24,993,0.741429;32,1391,0.74
37,2160;212,10793,1;9,372,0.935714;14,606,0.992857;22,905,0.74;29,1315,0.738571
37,2155;231,10961,1;11,442,0.974286;14,566,0.998571;21,875,0.742857;28,1276,0.74
37,2114;222,10504,1;6,263,0.978571;8,348,0.997143;12,532,0.738571;17,799,0.735714
37,2160;245,11269,1;10,400,0.948571;17,735,0.995714;26,1021,0.74;34,1464,0.737143
37,2156;229,10917,1;8,327,0.957143;11,468,0.992857;14,593,0.737143;18,852,0.737143
37,2175;236,11038,1;12,455,0.98;19,778,0.995714;27,1069,0.745714;37,1584,0.744286
37,2174;222,10574,1;11,450,0.982857;17,737,0.997143;26,1015,0.732857;36,1552,0.731429
36,2153;235,11153,1;7,291,0.98;11,481,0.997143;17,710,0.727143;23,1048,0.725714
38,2187;228,10803,1;13,469,0.95;20,831,0.995714;29,1155,0.724286;39,1710,0.73
45,2162;230,11014,1;11,427,0.98;14,598,0.991429;22,906,0.737143;28,1250,0.735714
37,2160;211,10621,1;8,357,0.975714;13,532,0.984286;22,919,0.728571;30,1329,0.73
38,2151;216,10835,1;9,317,0.958571;14,556,0.99;20,818,0.72;23,1040,0.718571
38,2166;213,10764,1;11,472,0.962857;18,779,0.991429;26,1069,0.71;32,1430,0.707143
37,2120;220,11229,1;10,431,0.955714;15,646,0.988571;26,1029,0.73;35,1500,0.728571
38,2170;213,10850,1;11,429,0.964286;16,622,0.995714;30,1180,0.722857;37,1636,0.721429
38,2186;216,10988,1;12,471,0.968571;17,720,0.995714;32,1289,0.727143;37,1612,0.728571
38,2169;214,10865,1;14,544,0.982857;20,888,1;35,1376,0.747143;43,1843,0.745714
38,2186;214,10789,1;12,482,0.984286;17,738,0.998571;24,955,0.747143;29,1367,0.745714
41,2169;209,10578,1;9,343,0.965714;14,557,0.994286;20,777,0.741429;23,1027,0.738571
38,2165;206,10448,1;8,356,0.964286;12,519,0.992857;19,786,0.738571;24,1109,0.737143
39,2165;204,10226,1;8,333,0.972857;12,505,0.99;20,809,0.741429;25,1088,0.74
38,2165;208,10601,1;9,398,0.978571;10,556,0.958571;18,988,0.757143;23,1350,0.752857
37,2167;211,10638,1;5,300,0.972857;9,495,0.994286;12,690,0.76;15,942,0.757143
38,2166;233,10585,1;11,436,0.968571;16,628,0.977143;24,970,0.764286;31,1347,0.761429
37,2163;222,10582,1;9,356,0.97;13,547,0.978571;16,694,0.755714;22,1011,0.752857
37,2177;223,10614,1;8,318,0.96;14,574,1;20,804,0.745714;25,1119,0.744286
48,2160;225,10699,1;8,337,0.974286;11,463,0.997143;20,819,0.74;25,1124,0.738571
39,2169;241,11386,1;11,471,0.982857;17,701,0.995714;26,1044,0.74;35,1543,0.738571
29,2174;231,10991,1;9,356,0.971429;14,561,1;19,787,0.741429;25,1120,0.738571
38,2176;236,11422,1;11,438,0.962857;18,754,0.992857;29,1132,0.737143;35,1494,0.735714
37,2166;236,11122,1;9,369,0.981429;13,564,0.985714;22,891,0.735714;30,1315,0.734286
37,2161;228,10829,1;7,305,0.974286;11,435,0.997143;16,658,0.734286;21,941,0.732857
37,2164;228,10839,1;9,346,0.964286;15,628,0.992857;22,904,0.732857;30,1364,0.73
37,2193;249,11212,1;11,429,0.957143;15,656,0.978571;23,948,0.732857;32,1380,0.73
37,2188;248,11150,1;9,364,0.927143;18,732,0.99;29,1121,0.732857;37,1614,0.732857
37,2183;240,11178,1;11,406,0.941429;17,691,0.992857;27,1063,0.734286;34,1481,0.734286
36,2134;234,11314,1;9,356,0.954286;16,631,0.998571;24,938,0.74;32,1424,0.741429
37,2188;234,11000,1;13,500,0.978571;18,728,0.994286;31,1210,0.741429;39,1693,0.744286
38,2162;235,11072,1;10,407,0.977143;16,648,0.99;24,971,0.734286;34,1484,0.735714
39,2171;229,10849,1;9,366,0.968571;14,582,0.985714;24,945,0.741429;32,1431,0.742857
39,2178;227,10799,1;10,387,0.948571;17,699,0.995714;28,1110,0.734286;37,1597,0.735714
39,2182;226,10851,1;10,391,0.958571;17,710,0.994286;30,1219,0.73;38,1754,0.732857
38,2175;237,11317,1;9,491,0.98;12,697,0.991429;24,1295,0.748571;31,1826,0.751429
38,2180;229,10845,1;10,524,0.974286;13,720,0.972857;26,1359,0.758571;35,2036,0.761429
38,2147;236,11112,1;9,470,0.938571;15,815,0.994286;26,1390,0.76;34,1932,0.761429
38,2168;233,10997,1;8,406,0.971429;10,589,0.994286;17,936,0.761429;23,1331,0.762857
37,2165;227,10761,1;9,371,0.958571;14,556,0.992857;27,1085,0.768571;34,1518,0.768571
38,2168;233,11232,1;9,384,0.972857;13,572,0.995714;22,884,0.762857;30,1308,0.762857
38,2178;238,11417,1;12,475,0.962857;17,711,0.994286;32,1250,0.751429;41,1737,0.751429
38,2178;236,11205,1;10,396,0.944286;18,720,0.991429;26,1037,0.757143;35,1553,0.757143
38,2186;227,10802,1;13,527,0.951429;19,749,0.992857;29,1144,0.754286;38,1643,0.754286
38,2174;232,11078,1;12,435,0.958571;17,665,0.995714;30,1196,0.75;40,1712,0.75
38,2177;236,11333,1;12,458,0.984286;15,603,0.987143;25,1017,0.745714;33,1434,0.745714
38,2190;234,11151,1;12,444,0.954286;18,718,0.99;29,1147,0.752857;37,1598,0.752857
39,2205;242,11564,1;15,576,0.981429;23,917,0.997143;32,1218,0.757143;42,1791,0.758571
39,2194;241,11595,1;8,452,0.972857;14,842,0.995714;21,1150,0.754286;28,1637,0.755714
39,2177;233,11037,1;9,518,0.978571;14,801,0.99;21,1113,0.774286;26,1505,0.772857
39,2178;231,11107,1;13,468,0.957143;18,733,0.99;32,1228,0.768571;40,1717,0.768571
38,2130;236,11169,1;8,431,0.941429;13,703,0.991429;18,991,0.778571;22,1256,0.777143
38,2195;234,11272,1;10,566,0.964286;16,956,0.998571;32,1241,0.778571;42,1778,0.778571
38,2164;241,11567,1;15,571,0.985714;21,828,0.992857;28,1085,0.788571;36,1570,0.788571
39,2148;239,11482,1;10,413,0.951429;17,691,0.994286;27,1043,0.792857;34,1441,0.792857
37,2071;240,11279,1;11,453,0.951429;16,730,0.99;21,899,0.801429;29,1337,0.801429
40,2176;231,11039,1;11,460,0.952857;20,873,0.99;29,1123,0.804286;35,1494,0.805714
38,2166;234,11202,1;10,440,0.947143;16,658,0.998571;25,1026,0.8;33,1432,0.798571
38,2166;219,11034,1;13,486,0.964286;18,738,0.997143;29,1134,0.791429;37,1612,0.79
39,2184;248,11380,1;14,532,0.961429;19,938,0.994286;24,1274,0.792857;34,1854,0.79
38,2170;239,11665,1;14,510,0.927143;23,908,0.988571;35,1291,0.798571;46,1878,0.797143
39,2192;244,11756,1;17,576,0.96;27,1052,0.988571;37,1363,0.801429;47,1969,0.804286
39,2189;241,11685,1;15,628,0.944286;21,886,0.988571;26,1034,0.812857;33,1460,0.811429
37,2156;243,11539,1;14,493,0.961429;21,874,0.99;33,1320,0.815714;43,1861,0.814286
39,2213;239,11461,1;19,768,0.97;28,1191,0.99;39,1520,0.81;49,2139,0.815714
38,2162;247,11975,1;11,453,0.962857;19,824,0.985714;26,1079,0.83;34,1583,0.83
39,2201;235,11262,1;16,664,0.977143;23,973,0.991429;37,1512,0.83;36,2095,0.83
39,2191;242,11591,1;12,631,0.951429;19,1097,0.987143;27,1417,0.82;36,2123,0.82
37,2163;241,11508,1;9,478,0.952857;13,731,0.997143;19,1013,0.808571;25,1440,0.811429
37,2178;241,11555,1;10,583,0.955714;15,856,0.992857;23,1228,0.81;31,1819,0.808571
38,2190;238,11530,1;11,476,0.921429;18,740,0.992857;28,1081,0.8;46,1955,0.81
37,2202;247,11879,1;19,710,0.961429;26,1065,0.997143;41,1531,0.811429;50,2079,0.814286
37,2170;226,11132,1;14,545,0.981429;20,801,0.992857;32,1221,0.802857;41,1739,0.802857
38,2175;228,11536,1;10,422,0.977143;16,665,0.992857;26,1001,0.807143;32,1385,0.805714
37,2194;221,11188,1;11,418,0.928571;20,810,0.991429;33,1246,0.811429;42,1750,0.811429
38,2196;225,11408,1;15,540,0.92;24,945,0.995714;38,1459,0.812857;48,1990,0.812857
38,2179;219,11134,1;10,522,0.972857;12,680,0.995714;26,1141,0.807143;40,1586,0.807143
38,2200;218,11066,1;14,488,0.94;23,875,0.988571;37,1343,0.802857;45,1928,0.801429
37,2158;222,11252,1;7,298,0.955714;11,492,0.995714;19,792,0.802857;24,1078,0.8
37,2175;223,11250,1;10,395,0.938571;18,737,0.99;26,1051,0.794286;36,1527,0.791429
36,2118;221,11240,1;12,448,0.984286;17,671,0.991429;21,887,0.802857;31,1384,0.797143
38,2180;216,10894,1;10,420,0.978571;14,617,0.994286;26,1062,0.795714;37,1711,0.788571
39,2201;222,11315,1;13,494,0.961429;18,709,0.934286;35,1345,0.804286;47,1937,0.801429
37,2162;219,11121,1;10,388,0.952857;15,587,0.958571;23,900,0.808571;31,1358,0.8
38,2190;219,11130,1;12,435,0.962857;18,691,0.992857;29,1143,0.794286;38,1645,0.794286
38,2188;222,11258,1;14,525,0.967143;22,898,0.967143;37,1453,0.81;49,2043,0.805714
38,2186;234,11275,1;10,387,0.917143;20,798,0.968571;28,1062,0.81;36,1530,0.808571
38,2192;227,11466,1;16,629,0.928571;24,986,0.998571;34,1301,0.802857;46,1915,0.8
37,2170;225,11309,1;16,607,0.974286;19,783,0.992857;27,1059,0.808571;34,1449,0.811429
38,2172;222,11271,1;15,519,0.94;26,972,1;32,1162,0.821429;42,1639,0.821429
38,2159;225,11436,1;13,455,0.962857;18,660,0.987143;26,1024,0.817143;33,1417,0.817143
39,2195;218,11166,1;12,483,0.947143;21,870,0.992857;34,1347,0.821429;41,1743,0.822857
36,2108;226,11505,1;11,463,0.955714;15,658,0.997143;27,1063,0.812857;36,1571,0.812857
38,2188;216,11089,1;9,369,0.974286;17,704,0.995714;31,1190,0.808571;41,1752,0.81
38,2195;216,10910,1;10,391,0.931429;19,729,0.997143;29,1139,0.8;38,1559,0.8
38,2185;218,11189,1;9,341,0.877143;18,714,0.985714;28,1107,0.815714;27,1555,0.814286
38,2173;224,11432,1;12,635,0.975714;14,799,0.991429;20,1059,0.807143;27,1521,0.807143
38,2188;226,11505,1;11,535,0.962857;15,865,0.992857;21,1132,0.804286;29,1653,0.802857
38,2185;227,11603,1;13,500,0.974286;18,757,0.988571;26,1021,0.798571;36,1558,0.797143
37,2171;220,11209,1;14,524,0.97;20,832,0.99;33,1289,0.792857;44,1900,0.791429
37,2185;217,10991,1;14,553,0.98;20,819,0.99;31,1238,0.781429;44,1913,0.781429
37,2168;219,11193,1;10,414,0.947143;18,761,0.988571;25,976,0.782857;33,1415,0.782857
37,2173;219,11143,1;13,479,0.97;18,744,0.994286;28,1078,0.782857;37,1567,0.785714
37,2189;220,11227,1;11,429,0.98;22,829,0.99;35,1314,0.79;45,1736,0.794286
37,2175;218,10911,1;13,477,0.982857;21,822,0.997143;30,1074,0.791429;36,1430,0.791429
37,2161;222,11272,1;7,396,0.975714;12,668,0.997143;17,919,0.778571;22,1289,0.778571
37,2183;216,10998,1;6,360,0.97;9,530,0.99;16,885,0.787143;20,1151,0.785714
36,2092;228,11682,1;9,484,0.965714;13,732,0.99;18,982,0.785714;24,1410,0.787143
38,2204;214,10872,1;10,553,0.96;17,974,0.997143;23,1280,0.792857;29,1673,0.794286
38,2176;229,11737,1;8,446,0.922857;13,776,0.988571;22,1169,0.787143;28,1656,0.788571
38,2176;218,11128,1;11,568,0.937143;16,945,0.988571;28,1483,0.784286;34,1965,0.788571
37,2180;229,11794,1;9,479,0.884286;14,830,0.98;23,1246,0.791429;33,1950,0.798571
40,2162;221,11347,1;9,488,0.882857;16,906,0.991429;21,1132,0.794286;28,1673,0.801429
37,2170;216,11033,1;10,547,0.927143;21,907,0.995714;29,1116,0.795714;39,1654,0.804286
37,2175;220,11340,1;13,532,0.961429;21,932,0.994286;30,1189,0.791429;42,1774,0.8
38,2196;220,11203,1;16,621,0.905714;29,1215,0.992857;42,1554,0.795714;53,2232,0.801429
36,2180;226,11591,1;17,644,0.972857;31,994,0.997143;32,1209,0.787143;41,1791,0.794286
36,2170;240,11622,1;12,515,0.968571;19,836,0.988571;29,1131,0.778571;39,1671,0.784286
37,2186;240,11484,1;15,576,0.965714;21,914,0.991429;36,1384,0.78;49,2132,0.788571
37,2192;227,11635,1;18,711,0.985714;28,1170,0.995714;41,1607,0.79;55,2326,0.798571
37,2209;220,11028,1;16,640,0.982857;25,1053,0.992857;38,1474,0.797143;49,2066,0.801429
36,2158;224,11306,1;12,493,0.935714;20,833,0.98;34,1307,0.784286;44,1885,0.791429
37,2197;217,10996,1;17,679,0.955714;25,1010,0.997143;37,1451,0.798571;50,2097,0.805714
39,2187;218,11007,1;18,677,0.971429;25,1006,0.994286;37,1428,0.797143;47,1993,0.801429
39,2199;219,11165,1;17,700,0.972857;26,1103,0.972857;39,1470,0.811429;48,2019,0.81
38,2186;225,11435,1;14,562,0.97;20,843,0.991429;30,1180,0.814286;40,1662,0.814286
38,2177;228,11641,1;15,624,0.972857;24,986,0.992857;31,1205,0.822857;42,1802,0.822857
38,2173;220,11120,1;13,459,0.982857;18,770,0.991429;29,1117,0.808571;41,1751,0.807143
38,2175;224,11374,1;16,639,0.964286;25,1046,0.991429;36,1383,0.811429;49,2059,0.81
38,2176;236,11321,1;17,688,0.974286;24,1009,0.998571;34,1310,0.812857;48,2026,0.812857
38,2159;230,11067,1;13,528,0.971429;21,915,0.992857;28,1101,0.808571;39,1727,0.808571
38,2176;230,11076,1;17,667,0.96;24,974,0.991429;35,1338,0.818571;47,1998,0.822857
41,2187;232,10989,1;16,629,0.967143;26,1062,0.994286;34,1318,0.801429;43,1809,0.804286
40,2190;238,11465,1;16,584,0.917143;28,1195,0.981429;40,1538,0.811429;52,2198,0.822857
40,2163;235,11360,1;18,708,0.972857;25,1081,0.991429;42,1465,0.807143;49,2044,0.807143
39,2167;231,11029,0.998571;15,584,0.964286;21,879,0.991429;34,1355,0.821429;41,1719,0.82
40,2157;235,11253,0.998571;14,569,0.97;20,872,0.994286;31,1229,0.824286;41,1741,0.822857
39,2159;237,11466,1;14,604,0.977143;25,1030,0.992857;33,1268,0.801429;43,1840,0.804286
39,2152;232,11099,1;13,526,0.951429;20,849,0.992857;33,1287,0.795714;44,1832,0.805714
39,2168;238,11458,1;18,690,0.957143;27,1144,0.992857;38,1459,0.804286;51,2121,0.804286
40,2202;239,11359,1;18,679,0.925714;31,1263,0.988571;40,1490,0.798571;52,2171,0.807143
36,2100;231,11099,1;13,534,0.965714;17,698,0.981429;24,951,0.791429;29,1272,0.801429
38,2186;242,11611,1;17,672,0.964286;27,1144,0.985714;37,1445,0.775714;51,2192,0.795714
38,2155;239,11482,1;16,642,0.977143;23,968,0.982857;32,1257,0.78;43,1867,0.798571
38,2169;232,11111,1;15,538,0.967143;22,900,0.975714;35,1319,0.788571;42,1769,0.795714
38,2192;238,11399,1;16,657,0.951429;25,1051,0.99;38,1484,0.805714;48,2099,0.807143
38,2184;234,11318,1;13,529,0.958571;22,919,0.977143;34,1342,0.787143;45,1983,0.791429
37,2119;223,11313,1;13,541,0.958571;20,852,0.981429;28,1122,0.797143;38,1676,0.807143
37,2155;224,11258,1;14,573,0.954286;24,1071,0.987143;35,1347,0.804286;48,2067,0.808571
37,2169;227,11385,1;16,639,0.921429;25,1128,0.99;34,1251,0.79;45,2035,0.798571
38,2186;225,11402,1;15,619,0.947143;26,1153,0.998571;37,1418,0.781429;48,2083,0.787143
38,2214;231,11797,1;20,819,0.957143;30,1314,0.995714;43,1691,0.808571;63,2661,0.815714
37,2165;232,11882,1;20,742,0.97;29,1215,0.997143;40,1562,0.804286;50,2204,0.81
38,2177;229,11689,1;18,746,0.951429;32,1355,0.997143;43,1583,0.811429;57,2440,0.817143
38,2179;238,12118,1;21,850,0.945714;31,1354,0.994286;45,1671,0.82;62,2601,0.825714
38,2187;237,11994,1;20,820,0.961429;34,1450,0.995714;42,1606,0.825714;57,2405,0.827143
42,2177;233,11815,1;17,704,0.952857;30,1280,0.995714;35,1336,0.807143;49,2143,0.821429
38,2180;227,11589,1;18,737,0.941429;29,1283,0.995714;40,1494,0.817143;53,2261,0.824286
37,2170;230,11620,1;14,546,0.944286;22,973,0.995714;30,1192,0.791429;44,1949,0.804286
38,2185;237,12111,1;18,759,0.927143;34,1500,0.994286;38,1475,0.805714;52,2317,0.822857
43,2050;241,12309,1;19,792,0.935714;30,1362,0.978571;34,1281,0.821429;45,1955,0.85
39,2210;239,12355,1;22,936,0.964286;35,1592,0.985714;44,1677,0.842857;58,2516,0.861429
42,2166;237,12131,1;19,837,0.96;30,1373,0.998571;36,1446,0.85;54,2429,0.861429
38,2140;238,12063,1;22,909,0.965714;33,1501,0.995714;39,1509,0.85;52,2262,0.862857
39,2160;236,11943,1;23,933,0.967143;34,1483,0.991429;45,1698,0.86;54,2261,0.844286
39,2168;235,12122,1;21,868,0.918571;34,1446,0.988571;46,1706,0.852857;62,2650,0.86
39,2159;238,12227,1;19,785,0.948571;27,1182,0.981429;39,1450,0.841429;56,2370,0.86
36,2016;228,11707,1;13,544,0.934286;22,942,0.975714;29,1115,0.845714;41,1771,0.858571
39,2126;251,12067,1;20,846,0.942857;31,1405,0.987143;41,1524,0.831429;56,2421,0.858571
39,2178;251,12159,1;23,963,0.964286;33,1491,0.987143;42,1564,0.807143;57,2427,0.838571
39,2209;257,12359,1;23,986,0.93;37,1643,0.982857;49,1782,0.848571;63,2681,0.861429
34,1889;259,12690,1;12,510,0.904286;22,940,0.99;27,1022,0.847143;36,1659,0.857143
36,2025;258,12377,1;19,834,0.914286;29,1284,0.998571;37,1432,0.85;47,2125,0.867143
38,2185;248,12085,1;19,809,0.94;23,1402,0.988571;33,1657,0.832857;47,2734,0.867143
38,2169;265,12608,1;15,865,0.912857;26,1613,0.994286;33,1667,0.827143;48,2805,0.871429
38,2199;257,12412,1;19,1072,0.94;31,1862,0.998571;42,2121,0.852857;50,2902,0.882857
37,2175;251,12165,1;16,887,0.957143;23,1385,0.997143;35,1800,0.88;45,2634,0.882857
34,2001;249,12018,1;12,718,0.982857;18,1095,0.987143;26,1326,0.875714;36,2123,0.878571
38,2106;247,12016,1;13,708,0.954286;20,1209,0.992857;27,1390,0.851429;41,2378,0.881429
40,2183;255,12217,1;20,1161,0.962857;29,1744,0.978571;37,1829,0.894286;46,2662,0.898571
36,2051;245,11765,1;13,696,0.962857;19,1167,0.988571;23,1215,0.888571;32,1866,0.891429
36,2100;251,12065,1;17,978,0.968571;24,1431,0.981429;33,1657,0.882857;45,2670,0.89
37,2128;257,12465,1;12,724,0.931429;23,1346,0.982857;28,1451,0.875714;39,2253,0.881429
36,2061;252,12094,1;12,659,0.92;17,1005,0.937143;25,1286,0.882857;34,2016,0.897143
36,2063;256,12219,1;14,836,0.904286;25,1552,0.977143;30,1496,0.847143;43,2480,0.897143
37,2150;256,12456,1;18,1027,0.934286;26,1586,0.984286;40,1994,0.895714;48,2776,0.894286
35,2039;261,12643,1;14,786,0.948571;21,1297,0.985714;26,1326,0.877143;37,2167,0.895714
52,2141;253,12204,1;23,943,0.932857;36,1538,0.978571;42,1525,0.877143;59,2470,0.894286
37,2143;260,12791,1;23,922,0.898571;36,1577,0.975714;49,1787,0.904286;66,2791,0.927143
34,1986;263,12512,1;18,715,0.91;31,1359,0.984286;38,1360,0.87;50,2181,0.911429
37,2130;253,12162,1;25,1024,0.921429;38,1668,0.987143;42,1541,0.908571;59,2514,0.932857
33,1899;251,12237,1;22,920,0.897143;32,1383,0.97;37,1306,0.905714;52,2181,0.931429
37,2123;251,12303,1;25,1022,0.96;39,1733,0.992857;37,1598,0.888571;70,2942,0.917143
15,880;256,12579,1;5,251,0.954286;7,386,0.991429;9,365,0.897143;13,577,0.928571
30,1741;257,12169,1;10,432,0.961429;19,852,0.982857;25,882,0.888571;40,1707,0.914286
19,1118;258,12669,1;8,298,0.964286;11,440,0.991429;15,554,0.887143;21,909,0.91
18,1062;257,12492,1;9,383,0.967143;12,554,0.985714;12,438,0.882857;14,621,0.915714
11,638;251,12150,1;5,177,0.968571;7,312,0.984286;2,100,0.875714;5,251,0.911429
17,998;262,12539,1;5,206,0.957143;12,512,0.988571;7,252,0.884286;14,594,0.924286
11,639;259,12710,1;3,140,0.957143;6,278,0.988571;0,35,0.877143;7,345,0.922857
