410,280875;544,85497,0.976533;375,48492,0.9368;425,59329,0.968267;463,46716,0.88;478,52075,0.9488
418,280527;541,85689,0.962933;136,13060,0.937867;156,17395,0.966133;138,15765,0.904267;149,17850,0.935733
429,280495;530,83850,0.969333;126,12939,0.9488;162,17138,0.965067;133,14912,0.8936;143,17183,0.922933
432,280498;536,85003,0.976267;118,12442,0.9472;192,16705,0.964;135,15269,0.893867;141,16901,0.903733
430,280323;530,83996,0.974933;108,11660,0.947733;130,14742,0.953067;124,14422,0.9048;127,15673,0.902133
434,280441;546,85431,0.971733;124,12175,0.948267;136,15581,0.948533;123,14191,0.882933;139,16337,0.8936
435,280311;530,83399,0.9776;109,11720,0.944533;136,15265,0.9496;126,14390,0.8872;138,16561,0.901333
435,280450;535,84193,0.973867;119,11899,0.945867;142,15849,0.965067;123,14334,0.8816;133,16250,0.891733
435,280195;537,83833,0.9712;115,11824,0.9256;137,15786,0.962667;128,14585,0.870133;137,16467,0.890667
433,280479;531,83895,0.957867;118,12008,0.924;166,16348,0.9584;136,15039,0.883467;140,16886,0.901333
436,280470;523,82641,0.954133;122,12263,0.937867;143,15820,0.9592;125,14455,0.878667;133,16242,0.897867
438,280353;533,84105,0.969067;138,11843,0.9488;148,15692,0.958133;122,14179,0.885067;132,16234,0.891467
450,280326;520,82885,0.9632;132,11700,0.9328;137,15242,0.96;123,14071,0.874133;134,16261,0.889867
450,280388;539,84243,0.9704;106,11367,0.932533;162,14967,0.954133;122,14193,0.867467;130,15941,0.892267
454,280343;525,83713,0.975733;133,11450,0.9376;145,14857,0.962667;118,13746,0.8704;128,15738,0.896267
464,280382;528,83089,0.974133;114,11434,0.9488;122,14190,0.959733;116,13909,0.8728;123,15468,0.8936
457,280520;539,84440,0.977867;116,12014,0.943467;136,15479,0.952267;127,14561,0.8632;144,17394,0.892267
460,280393;531,83947,0.975733;111,10939,0.943467;116,13743,0.956533;113,13569,0.865867;127,15978,0.8992
461,280235;534,83430,0.970667;106,11194,0.938133;126,14293,0.958933;121,14063,0.868533;124,15726,0.883467
460,280416;526,82829,0.9752;108,11467,0.9504;139,14664,0.9688;118,13915,0.8864;126,15667,0.904267
448,280381;529,83029,0.972533;115,11117,0.948;135,14099,0.9592;114,13679,0.8848;123,15428,0.895467
440,280217;538,84033,0.9672;105,11036,0.9448;130,14272,0.964533;117,13748,0.8784;130,15732,0.8912
433,280452;530,83815,0.971733;127,11123,0.94;124,14498,0.966667;121,14035,0.870933;124,15566,0.889333
431,280397;529,83389,0.968267;160,11728,0.951733;131,15093,0.9696;120,14034,0.873067;127,15711,0.894133
438,280337;534,83772,0.970667;110,11136,0.9488;128,14170,0.970933;113,13410,0.880533;122,15165,0.8976
433,280468;535,83669,0.981867;106,11233,0.945867;119,14096,0.963733;114,13670,0.877067;125,15540,0.888267
435,280453;525,82845,0.977067;117,11534,0.952;140,14740,0.957867;125,13953,0.8696;130,15499,0.886667
433,280451;525,82573,0.9688;110,11175,0.949333;128,14393,0.962933;118,13647,0.874667;127,15424,0.887733
432,280477;519,82167,0.974933;110,11226,0.9448;133,14786,0.965867;122,13896,0.874933;125,15518,0.8952
433,280298;530,82911,0.974133;104,11206,0.947733;134,14791,0.962933;119,13728,0.873867;125,15252,0.8904
444,280432;527,83462,0.977067;110,11132,0.956533;130,14515,0.972267;114,13593,0.8768;127,15722,0.897067
441,280326;521,82819,0.972;108,11237,0.950667;125,14721,0.964;105,14018,0.878133;127,15597,0.898133
444,280472;534,83914,0.98;100,11384,0.950667;135,15397,0.967467;124,14021,0.872;135,16457,0.896
441,280364;526,83319,0.9792;110,11590,0.9464;138,14933,0.966667;121,14101,0.863733;133,16105,0.885067
445,280420;530,83321,0.9688;97,11030,0.940533;130,14728,0.955733;117,13951,0.860267;127,15692,0.8832
458,280397;534,84214,0.970667;109,11358,0.945067;130,14466,0.960533;118,13926,0.876267;128,15939,0.899733
452,280481;529,83425,0.980267;113,11486,0.957867;134,14744,0.9688;120,13823,0.869867;130,16068,0.887733
450,280303;531,83163,0.963733;100,11367,0.954667;124,14122,0.965867;121,13873,0.869867;130,16002,0.890133
468,280323;531,83779,0.9832;103,11238,0.952267;142,14772,0.967733;120,13864,0.874667;128,15857,0.888
464,280424;526,83197,0.9752;104,11361,0.945867;143,15064,0.972;123,14011,0.868267;126,15722,0.8856
460,280426;531,83540,0.974933;110,10942,0.949067;126,14310,0.9632;114,13551,0.874933;124,15491,0.8848
456,280311;525,82816,0.979733;106,11017,0.946667;132,14815,0.9688;116,13628,0.8792;128,15601,0.893067
447,280320;543,83849,0.9632;105,11079,0.944267;127,14468,0.961333;117,13720,0.875467;125,15642,0.891733
436,280274;528,82749,0.972;113,10911,0.949333;121,13874,0.961067;113,13331,0.8776;125,15317,0.893067
439,280111;526,82996,0.9712;121,11018,0.9536;129,14109,0.96;115,13461,0.88;123,15303,0.899733
439,280457;541,83914,0.9792;116,11236,0.954133;122,13999,0.966667;115,13657,0.887467;125,15368,0.905067
434,280452;531,83756,0.979733;106,11469,0.9616;131,14648,0.9704;121,13961,0.881867;125,15758,0.9056
434,280314;525,82551,0.973333;100,10987,0.9512;122,14295,0.964533;111,13265,0.875733;121,15025,0.896533
435,280421;535,83327,0.98;106,11198,0.957867;129,14620,0.962933;113,13409,0.874133;128,15798,0.901067
432,280433;526,83050,0.982133;115,11083,0.9544;134,14175,0.960267;116,13656,0.880533;127,15641,0.9016
435,280417;540,84830,0.98;98,10942,0.944;123,14610,0.967733;115,13608,0.8688;130,15791,0.897333
434,280220;532,84212,0.9704;101,10858,0.949333;124,14434,0.968267;113,13327,0.877333;119,14976,0.901067
436,280472;521,81969,0.9808;110,11440,0.946933;153,14897,0.965067;122,13923,0.8728;129,15853,0.893067
434,280311;530,82679,0.968533;108,11363,0.947733;132,14911,0.965867;119,13820,0.876;127,15525,0.886667
439,280277;525,82869,0.972533;108,11559,0.9472;129,15070,0.961333;115,13608,0.8688;126,15493,0.890133
437,280385;530,83209,0.974667;105,10732,0.951467;131,14207,0.966667;116,13575,0.882933;122,15108,0.8912
439,280412;539,83583,0.9712;104,11226,0.947467;126,14389,0.9696;114,13483,0.876;127,15650,0.893067
444,280441;530,83499,0.9744;97,10943,0.938933;137,14078,0.953867;113,13502,0.875467;126,15565,0.893867
458,280190;521,82268,0.974933;103,11077,0.960267;127,14047,0.961333;117,13649,0.888267;119,14900,0.899467
459,280386;521,81293,0.9696;115,11001,0.9488;148,14306,0.9704;118,13717,0.8904;129,15614,0.902133
456,280439;528,83308,0.9824;97,11028,0.948;141,14532,0.969067;116,13755,0.885067;125,15586,0.905067
458,280393;529,82930,0.9896;90,10528,0.9488;121,13896,0.972;113,13661,0.885333;123,15485,0.9008
465,280383;520,82840,0.9704;97,10903,0.946133;127,14010,0.9672;113,13360,0.882133;123,15488,0.8936
462,280303;530,83076,0.985867;103,11163,0.941333;126,14597,0.962933;123,14051,0.882667;126,15734,0.895467
468,280314;539,83617,0.9704;141,11369,0.952533;123,14489,0.9696;113,13470,0.8736;123,15200,0.8856
459,280354;532,84219,0.9728;112,11427,0.949333;148,14985,0.962933;116,13743,0.876267;126,15792,0.880533
436,280518;528,83442,0.973333;113,11867,0.9568;134,15241,0.9648;122,14227,0.8784;132,16325,0.888267
436,280466;536,83812,0.979733;106,11015,0.945067;133,14875,0.971733;119,13952,0.8824;129,15956,0.8904
441,280432;535,84076,0.9728;112,11118,0.944267;153,14595,0.967733;122,14204,0.880533;132,16170,0.896267
434,280464;535,83677,0.970133;105,11680,0.928;142,15410,0.9584;128,14726,0.870667;135,16529,0.891467
433,280472;532,83276,0.976;116,11965,0.940267;146,15697,0.9712;122,14189,0.874933;135,16253,0.890933
436,280393;530,83551,0.9776;113,11499,0.942667;136,15390,0.971467;127,14375,0.8784;136,16461,0.892533
436,280450;543,84139,0.9792;116,11595,0.9424;146,15399,0.968533;130,14432,0.876533;136,16425,0.8824
436,280452;534,84055,0.973867;125,11795,0.940267;153,15280,0.966933;130,14368,0.8768;134,16049,0.885333
435,280401;518,81622,0.972267;103,11460,0.9312;132,14948,0.960533;127,14441,0.874933;134,16136,0.8928
443,280358;534,83635,0.981333;107,11326,0.9344;146,15099,0.956;122,13940,0.8616;129,15800,0.882667
439,280451;532,83271,0.9648;136,12256,0.927733;146,15965,0.953333;131,14579,0.8408;138,16445,0.865867
445,280158;539,84229,0.981067;120,11692,0.941867;172,15800,0.964533;127,14395,0.854133;131,15942,0.870133
444,280551;532,83450,0.965067;126,12497,0.9352;149,16454,0.9576;140,15537,0.8536;144,16964,0.864
448,280496;541,84483,0.9688;125,11832,0.9216;143,16058,0.9552;129,14688,0.850667;144,17047,0.865067
458,280446;531,82937,0.977067;118,12308,0.9288;174,15956,0.951733;125,14401,0.852267;137,16520,0.873067
461,280446;532,83669,0.964533;129,12409,0.935733;155,16220,0.958667;129,14589,0.8608;137,16465,0.8712
452,280508;534,82927,0.973867;114,12032,0.934133;145,15657,0.9576;134,14914,0.864533;145,16928,0.865867
465,280490;541,84469,0.978133;125,12474,0.94;153,16692,0.961067;133,15012,0.853867;153,17708,0.877067
467,280545;534,83244,0.9664;141,12316,0.9288;156,16697,0.96;139,15461,0.8624;150,17259,0.877333
463,280447;541,84217,0.981867;115,11850,0.923733;148,15491,0.9456;133,15289,0.8632;137,16652,0.8704
461,280481;544,85084,0.973867;127,12903,0.9248;159,17163,0.933867;143,15676,0.8448;159,18341,0.860267
457,280449;534,83995,0.979467;118,12000,0.9256;147,16416,0.9528;129,14672,0.839733;147,17439,0.8696
440,280501;542,83919,0.9744;128,12269,0.924533;155,16715,0.947467;140,15223,0.846933;150,17435,0.878133
436,280579;537,83769,0.9688;129,13056,0.9232;159,17515,0.951733;145,16036,0.8448;158,17976,0.8632
437,280620;533,83762,0.9568;143,14308,0.926667;176,18777,0.958667;160,16955,0.838667;173,19301,0.865067
441,280584;541,84537,0.947733;139,13534,0.917867;167,18362,0.9536;152,16498,0.840533;169,18846,0.860533
441,280461;549,85775,0.9744;131,13409,0.912533;165,17635,0.950667;153,16364,0.845867;169,18268,0.852
438,280513;543,84512,0.963467;132,13110,0.921333;173,17744,0.946667;144,15757,0.842667;163,18496,0.853867
438,280682;549,85878,0.979467;152,14532,0.917867;178,19322,0.949067;165,17246,0.809333;179,19409,0.8264
442,280689;549,86068,0.966133;149,14390,0.9144;177,19711,0.945867;166,17499,0.793867;186,20436,0.844267
436,280512;541,84028,0.972533;140,13434,0.9192;167,18416,0.9504;156,17107,0.817333;165,19011,0.8504
439,280626;534,83252,0.9712;145,13838,0.916533;171,18655,0.957867;153,16748,0.8088;175,19674,0.8424
440,280295;544,85135,0.9672;124,12501,0.9224;161,17225,0.9664;147,15850,0.825067;155,18023,0.848
439,280587;533,84015,0.9672;137,13583,0.923733;170,18636,0.958933;156,16735,0.8216;176,19668,0.856267
440,280516;538,84688,0.975467;141,13145,0.921067;163,17666,0.956267;152,16408,0.835733;163,18684,0.863733
443,280553;541,84236,0.971467;128,12939,0.9328;160,17865,0.966133;155,16409,0.844267;161,18281,0.8704
454,280608;541,85237,0.963467;130,13264,0.924267;181,18334,0.9528;158,16733,0.8408;177,19635,0.865867
455,280646;543,85766,0.973867;143,14162,0.925067;169,18742,0.945867;166,17587,0.837067;182,20285,0.856267
460,280596;544,84624,0.967467;139,14019,0.926667;162,17998,0.952;157,16649,0.828267;171,19324,0.856267
469,280624;535,84222,0.961867;137,13746,0.897067;172,18660,0.933333;170,17706,0.814933;186,20654,0.847467
465,280533;546,85362,0.961867;149,14084,0.927733;168,18731,0.944;165,17293,0.825067;171,19364,0.861067
466,280572;553,86111,0.974667;155,14213,0.912;177,19697,0.944267;178,17916,0.824533;186,20266,0.847467
468,280669;548,86073,0.9768;171,14557,0.9064;169,19256,0.937867;178,17939,0.818933;195,20837,0.8424
463,280255;562,86660,0.9688;142,13982,0.913867;180,19552,0.930933;173,17671,0.806667;186,20564,0.845333
450,280509;539,85009,0.962667;147,14245,0.9016;182,20352,0.942133;175,17746,0.813067;187,20504,0.847467
441,280690;541,85222,0.9744;146,14929,0.8968;185,20437,0.946933;179,18250,0.818667;195,21596,0.839467
441,280673;541,85294,0.9664;162,14647,0.912533;186,19900,0.931467;172,17570,0.813867;190,20965,0.849333
423,280633;549,86393,0.9568;140,14095,0.923733;182,19104,0.946667;168,17556,0.813333;188,20758,0.845333
439,280644;550,86117,0.9792;155,13873,0.918933;181,19203,0.930933;172,17758,0.817333;183,20313,0.8464
440,280599;538,84953,0.970133;164,14353,0.906133;179,19665,0.94;169,17394,0.8328;189,20617,0.849333
437,280451;536,84932,0.956;148,14065,0.9152;175,18777,0.937333;159,16610,0.809067;181,20309,0.841067
440,280585;550,86065,0.974933;141,13943,0.908267;183,19632,0.939733;172,17730,0.8128;191,21016,0.858133
450,280473;540,85243,0.9648;142,13948,0.907467;193,19021,0.944267;169,17503,0.833333;185,20403,0.8616
448,280409;548,85095,0.991733;140,13364,0.920267;195,18615,0.956267;159,16850,0.818667;172,19488,0.857867
449,280510;550,85542,0.970933;148,13594,0.928267;171,18183,0.9456;157,16740,0.828267;172,19322,0.856267
447,280625;542,85444,0.951733;136,13737,0.9152;174,18907,0.936267;161,16880,0.8112;177,19830,0.8424
447,280522;548,85986,0.9704;138,13390,0.9136;193,18962,0.944533;165,17105,0.8032;179,19971,0.8472
446,280393;552,86537,0.9744;150,13988,0.92;174,18607,0.9392;166,17194,0.8016;190,20687,0.84
450,280513;546,86641,0.972;160,14089,0.921067;168,18647,0.950133;164,16843,0.819733;185,20625,0.8496
461,280519;543,85361,0.976533;138,13963,0.9184;175,19072,0.954133;165,17094,0.817067;185,20667,0.8544
460,280578;541,85305,0.969067;140,13885,0.928;170,18278,0.946133;169,17193,0.812267;176,19692,0.8472
468,280629;552,86203,0.9664;140,14224,0.923467;177,19251,0.952;165,16971,0.825067;183,20224,0.8496
466,280482;529,83215,0.9704;149,14152,0.9096;179,18940,0.9528;160,16675,0.813333;177,19746,0.848533
466,280601;544,85773,0.973067;132,13626,0.930667;170,18031,0.9584;166,16965,0.817067;176,19849,0.846933
466,280593;548,85838,0.980267;135,13974,0.917333;170,19494,0.952267;165,16999,0.8008;189,20674,0.8376
462,280528;536,84380,0.974933;140,13694,0.918933;162,18047,0.936533;164,17171,0.812267;181,19906,0.836533
456,280479;551,85545,0.9728;149,14566,0.919467;174,19245,0.942133;166,17255,0.808267;182,19971,0.8456
443,280614;549,85898,0.969333;162,14214,0.913867;185,19360,0.940267;172,17647,0.800267;187,20461,0.833067
443,280505;571,85619,0.977067;146,13879,0.9168;169,19313,0.950133;164,17154,0.806933;191,20907,0.832533
441,280488;543,85127,0.9624;145,14141,0.928267;158,18329,0.940533;164,17259,0.809067;186,20636,0.840267
438,280685;545,86201,0.972267;142,14399,0.929333;178,19942,0.9384;183,18497,0.822933;205,21949,0.843733
442,280585;537,84857,0.957067;135,13706,0.912267;171,19216,0.937333;168,17409,0.805867;184,20358,0.830667
444,280616;538,84612,0.958933;158,14617,0.914133;182,19467,0.9352;172,17834,0.8176;200,21755,0.846133
443,280426;544,86074,0.958667;169,13866,0.914933;208,20045,0.935733;168,17308,0.818933;193,20665,0.8368
442,280572;545,85812,0.956533;144,13659,0.9216;165,18648,0.945333;153,16315,0.828267;174,19630,0.848
445,280522;540,85367,0.948267;147,14083,0.908267;177,19066,0.9384;170,17561,0.824;191,20816,0.845867
440,280561;558,87343,0.9704;150,14525,0.907467;175,19877,0.925867;167,17387,0.804267;196,21465,0.8416
442,280545;559,87185,0.969067;141,14414,0.901067;185,20121,0.94;175,17916,0.814933;205,21935,0.846667
445,280654;557,87455,0.974667;163,14614,0.900533;180,20335,0.9472;168,17710,0.822667;192,21006,0.838667
447,280731;541,84997,0.974133;153,14977,0.917067;180,20054,0.942133;183,18597,0.834933;202,21955,0.849067
457,280660;545,85724,0.972267;143,14208,0.913333;180,20130,0.954133;177,18097,0.824267;203,21704,0.8496
465,280549;546,86460,0.959733;156,14649,0.917867;181,19800,0.9432;174,18022,0.830667;190,20720,0.8568
461,280503;548,86026,0.9696;138,13976,0.923467;173,19193,0.945867;166,17218,0.8248;189,20560,0.856267
471,280590;547,86343,0.977867;148,14854,0.9216;182,20001,0.949067;173,17671,0.810933;200,21735,0.837067
475,280575;543,86490,0.9568;142,13892,0.897067;171,18934,0.926667;169,17440,0.8056;193,21221,0.834667
480,280641;550,86265,0.960267;144,14455,0.891467;179,20042,0.9424;178,18077,0.8096;205,21997,0.849067
469,280431;549,86088,0.976;143,13971,0.914933;176,19495,0.9624;171,17621,0.8352;189,20724,0.853333
458,280626;555,87686,0.963733;168,15182,0.911467;187,20796,0.949067;179,17998,0.816533;202,22144,0.8456
449,280507;533,84284,0.949867;145,14447,0.8992;178,19948,0.9416;181,18045,0.819733;196,21120,0.8328
444,280583;552,86850,0.959467;151,14977,0.902933;191,20576,0.937867;181,17964,0.799467;209,22519,0.825333
441,280417;558,87494,0.962667;130,13503,0.910933;160,18371,0.9328;162,16775,0.815733;184,20656,0.832267
446,280553;546,87132,0.956267;147,14202,0.901333;186,20371,0.937067;181,17705,0.800267;200,21894,0.834933
450,280696;554,86615,0.955467;148,15179,0.904267;188,20291,0.935733;194,18473,0.799733;204,21921,0.8408
444,280623;557,87954,0.961333;153,14969,0.909067;204,21244,0.938133;185,18157,0.797333;201,21729,0.8256
445,280579;555,87108,0.969067;147,14471,0.912267;185,20045,0.950933;177,17906,0.825867;193,21337,0.8392
452,280640;541,85203,0.967467;140,14166,0.9104;175,19395,0.939467;172,17460,0.839467;190,20944,0.839467
447,280598;537,85660,0.965067;149,14201,0.903733;187,20331,0.9288;179,17726,0.820267;194,21183,0.835733
453,280488;554,87411,0.976;169,14282,0.9008;179,19946,0.933867;178,18142,0.830133;184,20539,0.838667
457,280563;543,86358,0.963733;143,14138,0.8984;176,19938,0.9472;174,17967,0.824267;190,20865,0.8376
456,280731;560,88260,0.975467;155,15150,0.894933;188,21215,0.941867;175,18024,0.793867;194,21648,0.8504
446,280489;557,87151,0.972267;149,13898,0.925067;169,19029,0.9512;166,17363,0.802933;179,20050,0.848267
453,280591;541,85642,0.9688;143,14619,0.8976;188,21411,0.942933;189,19100,0.812;204,22134,0.8456
464,280652;539,85977,0.954667;163,15409,0.8968;196,21982,0.942667;188,18471,0.804533;209,22492,0.833867
466,280564;551,86114,0.974933;161,15340,0.909333;211,22024,0.957067;184,18527,0.799733;211,22706,0.8464
466,280646;549,87480,0.968267;162,15730,0.912533;196,22130,0.943733;187,18864,0.7992;218,23160,0.841333
483,280674;559,88086,0.9616;146,14684,0.887733;187,20782,0.936;178,18361,0.799733;200,21854,0.838133
475,280511;553,87576,0.9704;139,14072,0.8992;215,20667,0.9384;174,17992,0.8072;203,21879,0.8408
471,280550;544,86505,0.970667;139,13982,0.912533;176,19987,0.934133;172,17948,0.804267;196,21570,0.842133
468,280701;551,86223,0.9736;159,15166,0.898667;196,20911,0.9368;184,18476,0.796267;207,22177,0.839733
456,280606;550,87216,0.9696;155,14641,0.888267;179,20048,0.922933;178,17978,0.790667;206,22267,0.823733
451,280574;552,87086,0.9536;148,14550,0.905867;180,20239,0.937067;178,17821,0.7952;206,22414,0.8432
450,280597;557,87938,0.962667;151,14888,0.8936;187,21038,0.944;186,18612,0.794933;206,22473,0.8472
448,280711;549,87401,0.977867;156,15429,0.8952;195,22056,0.950667;188,18869,0.807733;206,22791,0.838933
444,280640;553,87437,0.9576;146,14738,0.912267;201,20518,0.944;171,17602,0.799733;194,21766,0.84
449,280723;553,87163,0.982133;152,15096,0.908;194,21779,0.953067;184,18705,0.8136;209,22947,0.838933
444,280695;539,85238,0.969333;150,15019,0.907467;185,20809,0.9504;183,18641,0.8008;205,22657,0.846133
443,280712;525,87503,0.977867;168,15652,0.909067;203,22592,0.943467;193,18964,0.778933;215,22947,0.834667
445,280605;524,88175,0.977067;176,14724,0.9056;180,20648,0.9504;179,18150,0.777067;207,22202,0.836267
452,280680;525,88606,0.969333;152,15068,0.9056;189,20237,0.941867;178,18252,0.7904;201,21940,0.845067
445,280619;515,87092,0.962667;152,14610,0.894933;185,20865,0.9424;191,18941,0.809333;207,22391,0.8408
447,280507;511,86940,0.9568;146,14542,0.9056;176,20263,0.9392;174,17710,0.795733;195,21210,0.825867
445,280623;525,88470,0.9656;165,14972,0.882933;202,21484,0.937333;193,18827,0.781333;204,22070,0.824
447,280708;519,87525,0.961333;157,15607,0.890133;198,21811,0.922667;197,19213,0.783467;214,22840,0.811733
451,280734;515,86675,0.956267;153,15324,0.891467;204,21886,0.943467;197,19563,0.804;210,22754,0.816267
474,280723;520,88024,0.959467;156,15364,0.881333;203,21996,0.9344;198,19598,0.799467;216,23252,0.833067
471,280654;512,86881,0.9728;167,15418,0.8808;213,22523,0.9464;198,19318,0.793333;222,23508,0.843467
461,280673;532,89215,0.974133;183,16231,0.8944;209,22755,0.9392;202,20052,0.805067;224,23896,0.838133
483,280593;537,88920,0.9696;160,15614,0.8856;191,22157,0.9312;190,18959,0.786133;220,23255,0.8304
486,280724;532,88546,0.956533;153,15632,0.868267;209,22845,0.928267;205,19616,0.794667;221,23769,0.8264
474,280668;527,87612,0.966667;157,15685,0.889067;210,22997,0.929333;201,19732,0.7912;223,24181,0.836
472,280727;531,88615,0.956533;156,15484,0.8976;194,21569,0.934133;194,19228,0.788533;220,23791,0.842133
471,280775;520,86971,0.9696;163,15996,0.886667;225,22926,0.927467;210,20188,0.7984;225,24450,0.824533
452,280575;516,86955,0.9728;169,15409,0.892533;197,21763,0.9432;191,19085,0.816;211,22847,0.826933
448,280553;529,88921,0.968533;162,15778,0.866933;209,22535,0.941067;198,18795,0.799733;223,23538,0.830133
447,280778;523,87396,0.981867;166,16302,0.897067;201,22378,0.940267;195,19466,0.778667;213,23432,0.826133
443,280726;532,87525,0.971467;165,15695,0.901333;196,21309,0.937333;189,19145,0.787733;210,23041,0.8432
449,280749;528,88079,0.973067;169,15641,0.8952;195,21884,0.941333;192,18969,0.779733;214,23019,0.8232
449,280512;530,88452,0.968533;157,15274,0.8976;197,21604,0.933867;196,19346,0.801867;216,23056,0.8384
460,280575;526,88028,0.9568;175,15554,0.905067;203,21835,0.934133;192,19175,0.804;218,23595,0.849067
452,280746;537,88208,0.966133;168,15765,0.9008;205,22110,0.944;190,19095,0.8096;208,22616,0.850933
461,280646;532,87702,0.973067;155,15483,0.895733;197,21856,0.9296;192,19146,0.804267;211,23144,0.845333
461,280542;538,88778,0.964267;158,15595,0.894667;192,22304,0.934133;195,19323,0.808267;214,23226,0.852
459,280702;533,88589,0.962933;176,16279,0.887467;221,23812,0.930133;210,20264,0.8064;236,24816,0.841867
450,280726;519,87194,0.973067;169,15888,0.890133;204,23227,0.9496;201,19704,0.802133;223,23974,0.847467
456,280705;531,88497,0.972533;162,15631,0.906667;198,21799,0.9416;191,18874,0.792267;227,24075,0.8424
455,280425;518,87004,0.971733;170,15782,0.8912;205,22278,0.922667;198,19314,0.785067;228,24119,0.8464
475,280654;527,88833,0.978667;164,16271,0.887467;202,23217,0.941333;209,20430,0.804;230,24749,0.844533
470,280715;537,89734,0.976533;184,16709,0.8984;220,23932,0.933867;211,20023,0.816;234,24442,0.842133
466,280608;523,87657,0.955733;171,16406,0.893067;213,23550,0.9328;204,19971,0.795733;227,24658,0.8312
473,280629;532,90134,0.978133;157,16218,0.9136;199,22290,0.925867;203,20217,0.796;222,24625,0.837067
485,280726;527,88718,0.960533;172,16510,0.879733;214,23713,0.905867;214,20504,0.7992;245,25567,0.816533
475,280751;525,88406,0.966933;185,17152,0.889067;209,24425,0.9288;207,20303,0.814933;234,25400,0.833867
473,280775;535,89477,0.974667;192,17016,0.8968;215,23836,0.934933;208,20313,0.7976;240,25974,0.839467
465,280841;525,88050,0.948267;177,16765,0.877067;206,24184,0.9376;220,21238,0.8;243,26059,0.832
455,280634;539,89773,0.962133;181,16854,0.8832;214,24077,0.931733;218,21189,0.792533;249,26828,0.842667
446,280807;532,88628,0.9656;184,17197,0.8832;211,24637,0.932533;206,20225,0.7992;242,26392,0.850133
451,280753;531,89507,0.975467;173,17065,0.8992;220,24242,0.928533;214,20515,0.806667;240,25648,0.843467
451,280772;520,87392,0.955733;164,16338,0.884267;203,23469,0.924;209,20545,0.7968;242,25973,0.844
454,280690;533,89243,0.9768;181,16187,0.877333;233,24041,0.913867;206,20078,0.803467;231,24755,0.8448
447,280797;523,87896,0.966133;165,16303,0.870667;212,24164,0.9312;209,20579,0.8088;237,25896,0.8424
446,280818;536,89488,0.962933;167,16655,0.889067;213,24664,0.930933;217,20892,0.802133;243,25869,0.835467
447,280784;523,88437,0.9664;178,16786,0.877867;227,25166,0.940267;216,20884,0.789067;245,26554,0.825333
454,280736;530,88835,0.961333;177,16804,0.875733;219,23933,0.933333;215,20793,0.785067;246,26526,0.8288
448,280641;527,89169,0.9792;192,16459,0.888533;203,23839,0.936;205,20220,0.7952;223,24155,0.842933
451,280768;521,87421,0.966933;169,16609,0.863467;213,24787,0.9344;201,20213,0.808;225,24885,0.831467
452,280747;531,88891,0.961067;166,16978,0.8952;203,23801,0.9472;202,20144,0.791733;234,25639,0.839733
456,280702;528,88500,0.961067;173,16720,0.905067;217,24386,0.9432;217,20882,0.781333;242,26217,0.8392
463,280591;525,88316,0.9664;163,16053,0.871733;219,23724,0.9304;210,20324,0.771733;236,25658,0.832267
468,280701;527,89046,0.971467;170,16447,0.8648;211,23337,0.930933;206,20257,0.780267;239,25928,0.830133
476,280763;530,89507,0.9648;174,17039,0.8784;220,24748,0.928;213,20676,0.769333;240,26226,0.8264
489,280799;536,90017,0.970667;159,16635,0.866667;221,24023,0.92;217,20758,0.777067;233,25102,0.7984
484,280722;534,90172,0.9608;193,17173,0.888267;217,24437,0.920533;218,21212,0.788267;248,26779,0.818133
476,280807;534,89848,0.962933;167,17007,0.870933;212,24482,0.931733;214,20944,0.781333;240,26307,0.836267
473,280686;530,89554,0.965333;158,15901,0.891733;195,22678,0.932533;200,19942,0.8032;220,24365,0.8384
465,280627;535,89608,0.971467;173,16947,0.878667;213,24283,0.934133;224,20499,0.790933;246,25781,0.8376
453,280671;525,88225,0.959733;175,17486,0.879733;211,24859,0.9288;219,20924,0.781867;256,27133,0.833333
455,280708;531,89362,0.958133;170,16166,0.878933;201,23152,0.924533;211,20385,0.792267;244,26271,0.829333
449,280717;538,90698,0.9592;156,16332,0.8856;201,22986,0.929067;208,20396,0.787467;235,25757,0.8392
452,280638;528,88694,0.957867;147,15358,0.882667;197,22460,0.9328;199,19819,0.788;235,24811,0.8368
452,280399;549,90590,0.9656;164,16435,0.889867;203,22535,0.9232;212,20531,0.7856;235,25359,0.833867
446,280667;536,88765,0.958667;155,15879,0.873867;203,23337,0.926667;209,20443,0.781333;231,25147,0.841333
457,280612;527,89132,0.9568;169,16150,0.8696;198,23020,0.926933;209,20106,0.769867;242,26042,0.844
466,280610;528,89146,0.972267;163,16415,0.8752;207,23625,0.9232;212,20491,0.767467;245,26075,0.834133
463,280660;527,88651,0.964;185,17088,0.882933;208,24290,0.9432;214,20592,0.769333;238,25461,0.833333
457,280578;534,89215,0.9624;163,16298,0.8984;199,23246,0.924;208,20505,0.7704;227,24768,0.8264
454,280683;525,87965,0.941333;156,16100,0.8944;211,23251,0.928533;209,20368,0.791467;229,24914,0.824533
456,280684;522,87473,0.960267;159,15688,0.889067;197,22428,0.935467;202,19768,0.784;224,24181,0.823467
452,280659;521,88200,0.9568;181,16147,0.890133;218,22260,0.917067;197,19245,0.7896;222,24160,0.828533
458,280712;524,88526,0.963467;153,15549,0.88;222,23205,0.9192;196,19602,0.787733;225,24553,0.818667
473,280683;530,89306,0.9544;175,17005,0.874133;213,25024,0.935467;215,20928,0.778933;242,26063,0.819733
478,280620;530,88758,0.973333;165,16276,0.8896;203,23144,0.9424;204,19981,0.780267;236,25700,0.819467
475,280711;529,88444,0.972267;184,16406,0.8928;202,23391,0.9368;215,20091,0.809067;227,24351,0.828
478,280336;539,88411,0.9728;177,16057,0.8824;208,23513,0.943467;193,19200,0.796267;218,24007,0.826933
473,280683;527,88005,0.9488;159,15729,0.8968;195,22498,0.945333;195,19399,0.805867;225,24296,0.836
483,280595;529,88339,0.976533;164,15847,0.909867;196,21814,0.944533;198,19698,0.8128;212,23558,0.8384
475,280694;517,86530,0.953867;157,15561,0.895467;192,22099,0.9448;184,18794,0.8064;220,23187,0.830933
464,280704;527,88323,0.9504;169,15843,0.901067;192,21510,0.942667;191,19245,0.7968;219,23708,0.833067
450,280695;524,87425,0.9688;169,15665,0.889333;187,21483,0.917067;187,18920,0.789333;212,23185,0.814933
456,280670;525,87134,0.965067;174,15148,0.908;175,20641,0.913867;191,19288,0.806933;204,22628,0.8288
449,280607;524,87865,0.969867;144,14583,0.897067;181,20866,0.938667;184,18547,0.816;207,22887,0.8496
449,280684;519,86744,0.953867;152,14905,0.9096;188,21227,0.944533;203,19328,0.823733;218,23568,0.844533
452,280583;515,86014,0.951467;163,14989,0.900533;196,21389,0.938133;186,18860,0.816267;202,22538,0.841067
459,280613;520,86391,0.9488;140,14529,0.903467;178,20713,0.956;172,17840,0.816267;196,22176,0.837333
450,280655;517,86075,0.957067;156,14406,0.9024;178,20355,0.9528;178,18659,0.8264;194,22023,0.8384
456,280669;535,87213,0.956533;155,15560,0.911733;185,21147,0.941867;181,18543,0.808533;201,22174,0.8448
448,280712;531,87250,0.9728;167,14530,0.895467;197,21000,0.938667;177,18247,0.804533;198,22343,0.8376
448,280602;523,87063,0.975733;145,14855,0.899467;177,20593,0.926667;186,18891,0.811467;204,22583,0.8472
452,280553;517,86891,0.9528;144,14828,0.897067;184,20073,0.9432;178,18299,0.8232;193,21781,0.844
456,280598;524,87150,0.962133;136,14183,0.904;195,19974,0.941333;175,18056,0.818133;192,21809,0.847467
456,280614;510,85596,0.9592;146,14689,0.9096;187,20461,0.942133;173,18230,0.8128;202,21676,0.845067
466,280552;513,86088,0.972;145,13939,0.9224;164,18930,0.9488;163,17291,0.818667;184,21014,0.863733
474,280676;522,86505,0.974133;133,14419,0.9176;172,19781,0.953867;173,18157,0.821333;188,21195,0.847733
476,280555;528,87054,0.970133;139,14226,0.921333;164,18949,0.950667;161,17117,0.825067;187,21027,0.850933
487,280429;524,87026,0.9736;147,14155,0.9168;181,20120,0.950133;164,17255,0.826667;182,20385,0.8496
495,280547;519,86924,0.957333;147,13960,0.9104;184,19019,0.9616;158,17101,0.830667;184,20404,0.8504
482,280086;521,86281,0.974933;139,13420,0.922133;162,18332,0.963733;150,15897,0.806133;175,19863,0.854933
475,279619;518,85983,0.968533;123,11755,0.934667;148,15693,0.962133;133,14553,0.828533;154,17784,0.865067
468,278642;518,84803,0.9688;131,11996,0.9408;149,16237,0.965067;133,14536,0.818667;152,17618,0.862933
447,275827;518,85931,0.969067;118,10890,0.948533;131,14685,0.967467;125,13681,0.836533;139,16359,0.8648
442,274862;516,85640,0.956267;112,10425,0.9472;123,13626,0.948533;115,12676,0.84;130,15229,0.849067
439,272837;509,85080,0.962133;93,9185,0.9424;117,12279,0.956;100,11326,0.8296;117,13894,0.854933
427,265808;520,86381,0.9536;88,8382,0.941333;114,11181,0.9592;97,10576,0.836;109,12693,0.847733
399,249728;507,84578,0.9592;95,7310,0.954133;101,9809,0.974667;78,8803,0.833067;85,10245,0.857333
364,227936;515,85444,0.961067;65,5733,0.950667;106,8224,0.973867;67,7547,0.841067;76,8966,0.864533
348,216786;522,86486,0.968267;76,5516,0.9416;77,7683,0.974933;62,6925,0.832533;76,8729,0.8552
317,196985;511,85089,0.970667;56,4248,0.941867;77,6395,0.971733;48,5357,0.834133;58,6767,0.852267
278,170846;507,84247,0.953867;50,3758,0.948;59,5059,0.9696;40,4456,0.8376;42,5030,0.860267
276,168941;508,84377,0.965867;57,3643,0.950933;55,4847,0.9736;40,4452,0.837067;48,5611,0.86
248,150392;522,86057,0.973333;43,2851,0.955467;43,3521,0.973067;30,3330,0.839733;35,4141,0.861867
189,114164;513,84909,0.968267;33,1999,0.958667;30,2423,0.972533;19,2113,0.841067;22,2705,0.862133
125,76085;518,85304,0.963467;31,1490,0.957067;30,1906,0.9696;15,1584,0.8408;16,1865,0.860533
99,59174;511,84358,0.973867;27,1045,0.9584;17,1119,0.970667;10,1125,0.8424;10,1227,0.8616
61,36780;512,85093,0.968533;14,577,0.958133;17,751,0.969867;7,770,0.8432;8,936,0.862133
49,29772;515,85592,0.969067;11,452,0.957867;12,553,0.969867;4,547,0.8424;5,611,0.861067
48,28332;502,84421,0.958933;6,392,0.958667;6,455,0.970667;4,435,0.842667;4,490,0.861067
38,21937;509,85415,0.956;10,332,0.958667;12,412,0.970667;3,339,0.8432;3,376,0.861867
6,2980;508,84156,0.976533;3,29,0.958133;3,47,0.9704;0,18,0.842667;1,23,0.861067
11,5929;516,85278,0.9568;3,35,0.958667;8,106,0.972;1,46,0.842667;1,56,0.861067
