635,404550;1518,389878,0.996667;589,83802,0.727889;742,124288,0.913556;2749,76869,0.468556;2703,139757,0.778222
620,400993;1479,393810,0.996;375,38659,0.762;614,63751,0.91;1805,45086,0.542556;1575,76200,0.820111
624,400019;1480,394423,0.994111;451,37563,0.770111;533,62480,0.901667;1428,39373,0.551222;1438,73184,0.830889
628,401169;1549,397732,0.996;463,38205,0.748333;537,64918,0.902111;1607,41549,0.535222;1562,74544,0.806667
623,399199;1509,399596,0.996556;441,36764,0.738;487,61952,0.879667;1494,40069,0.526111;1502,75681,0.813444
619,399749;1530,397415,0.995778;394,37541,0.746111;540,63863,0.890889;1650,40854,0.528111;1488,72663,0.795222
629,400702;1474,392872,0.995889;405,37754,0.749222;521,65486,0.901667;1678,42440,0.554444;1592,75225,0.813333
630,399936;1475,396814,0.995222;438,37694,0.752222;548,63935,0.881667;1645,41577,0.557556;1446,70616,0.798778
626,400389;1544,398453,0.994444;444,37682,0.756889;520,66409,0.891667;1600,40928,0.542333;1619,77182,0.792667
631,400694;1496,400468,0.996333;450,38645,0.759111;535,64935,0.893222;1600,41066,0.538222;1602,78536,0.811333
636,400142;1497,399520,0.995;403,37950,0.757222;517,63184,0.885444;1581,41483,0.556;1591,77140,0.812111
634,399625;1544,398471,0.995333;445,37980,0.759667;527,64169,0.882889;1627,41107,0.545889;1583,75521,0.804556
629,400450;1505,401963,0.995;416,37392,0.755;545,64812,0.888333;1648,41165,0.571;1534,73854,0.814667
634,400914;1483,399108,0.993889;406,37058,0.746111;509,63773,0.890444;1619,40832,0.572556;1620,75488,0.826667
634,400407;1547,399882,0.994667;464,39181,0.754556;587,65451,0.887;1717,41892,0.566889;1638,75302,0.815222
638,398982;1503,402740,0.995444;486,38128,0.737889;538,64597,0.883;1593,40590,0.544111;1504,71881,0.796444
635,400239;1495,401569,0.996111;423,37591,0.747222;558,64298,0.892444;1533,39573,0.540333;1522,73797,0.792556
634,401136;1556,401899,0.994444;444,38810,0.741222;535,65355,0.886889;1593,40372,0.521778;1586,75736,0.793778
632,398122;1490,400476,0.995222;447,35956,0.741333;523,62234,0.888222;1476,37811,0.500667;1458,71522,0.796778
630,399469;1457,400729,0.995222;460,38099,0.745889;534,64352,0.895;1705,42810,0.541556;1472,74218,0.802222
634,401111;1501,404455,0.995889;441,37649,0.741333;544,64988,0.893889;1494,40166,0.554222;1505,74447,0.789889
635,399245;1497,403404,0.995222;460,38769,0.744333;550,64263,0.895556;1712,42367,0.541778;1637,76301,0.790667
633,397914;1425,401870,0.995889;458,38006,0.749222;524,62951,0.890556;1582,41003,0.554667;1537,73383,0.795333
638,399407;1394,402390,0.995444;450,38278,0.748667;502,63614,0.888222;1662,42036,0.541444;1576,75926,0.804778
643,399984;1404,401590,0.996333;427,36920,0.741778;563,64489,0.898;1641,42589,0.545444;1699,76920,0.806
641,399374;1394,398582,0.994556;466,38279,0.756667;537,62876,0.895778;1634,41208,0.555444;1546,73085,0.797
641,399359;1414,400326,0.995333;429,36932,0.753444;544,63800,0.899667;1700,41500,0.548778;1561,74180,0.800444
640,399778;1417,397584,0.995;433,37339,0.762111;552,63073,0.905778;1633,40442,0.548;1312,72309,0.811
638,399705;1382,397414,0.995556;459,37045,0.743889;531,62676,0.899444;1691,39875,0.553222;1588,73596,0.805889
640,401396;1395,397429,0.995667;459,38378,0.760667;547,63711,0.891778;1750,41806,0.554556;1650,76217,0.812
643,399074;1404,400195,0.997;455,37152,0.753;574,62907,0.892;1697,40906,0.547222;1527,74865,0.804556
644,400434;1416,399985,0.994778;412,36947,0.758222;534,62912,0.894889;1392,40454,0.531222;1440,72303,0.791111
643,400491;1430,399533,0.996444;427,36672,0.752444;555,63810,0.900333;1657,41797,0.530333;1612,75894,0.796
644,398808;1387,395210,0.995667;448,36929,0.750778;529,60824,0.899111;1589,40787,0.535333;1530,73066,0.802778
636,399543;1405,398343,0.994;434,37107,0.760333;535,62357,0.896111;1500,38761,0.530111;1582,74746,0.812556
641,400971;1398,395815,0.994778;429,37217,0.764667;543,63347,0.906556;1625,42040,0.550222;1555,76204,0.809
632,398187;1410,397341,0.994444;442,35812,0.757667;547,61466,0.899556;1493,38039,0.555778;1504,73159,0.805778
641,399235;1420,396306,0.997778;426,35518,0.748667;550,62674,0.901556;1595,40403,0.546333;1517,72655,0.805778
645,400413;1432,400276,0.995111;486,38140,0.759889;569,64202,0.901333;1690,42722,0.550889;1658,76853,0.809333
642,398809;1413,398057,0.995556;437,35987,0.754667;530,59595,0.901667;1518,39069,0.543889;1458,71420,0.809
646,400416;1408,393075,0.995;436,37752,0.757889;564,63723,0.903889;1652,42115,0.538222;1598,76029,0.796889
645,399086;1413,392799,0.994333;418,35872,0.761667;521,59630,0.899889;1546,40406,0.545111;1502,71625,0.807556
650,399825;1413,391647,0.995778;451,35840,0.77;533,61186,0.904222;1547,40825,0.546778;1570,74368,0.808
646,401267;1420,391522,0.996111;484,37952,0.782667;557,63966,0.912111;1704,42872,0.552111;1669,77422,0.816222
645,400603;1397,388843,0.995556;436,36645,0.773778;530,61393,0.908889;1529,40731,0.562333;1583,76214,0.829
651,400057;1406,391062,0.997222;454,36800,0.779556;525,60485,0.904444;1556,40739,0.577;1511,71975,0.825111
649,400102;1410,388971,0.997111;446,36210,0.767778;528,59902,0.901;1457,38729,0.565667;1532,72716,0.809667
646,400262;1431,393893,0.997444;447,35977,0.765111;562,61944,0.911667;1540,39773,0.552111;1560,73670,0.800556
649,399517;1423,388632,0.996;432,35234,0.765111;525,60127,0.909;1524,39140,0.527667;1566,73248,0.795111
654,399873;1407,388437,0.996667;448,36358,0.774667;553,60619,0.904889;1553,39936,0.531222;1599,73749,0.808333
645,398590;1416,388743,0.996111;446,36011,0.778444;540,59370,0.900444;1501,38556,0.533778;1546,73346,0.809444
650,400439;1428,393300,0.997333;431,36180,0.773889;538,61440,0.909111;1581,40332,0.544444;1565,73392,0.799
647,398193;1440,392456,0.996111;444,35206,0.770444;537,59027,0.907333;1637,40507,0.538222;1542,73089,0.791222
647,399616;1447,390179,0.995556;435,36039,0.778556;525,60261,0.899667;1597,39700,0.551111;1535,73126,0.800222
648,399150;1415,386659,0.996222;449,35477,0.780222;567,59793,0.904333;1603,40750,0.564667;1589,74509,0.816444
638,398767;1429,389069,0.996667;428,35203,0.787;549,59602,0.904111;1605,41621,0.594111;1495,71206,0.824333
645,398082;1417,386894,0.997222;448,35854,0.795667;532,59590,0.911111;1523,40356,0.581444;1489,72077,0.815556
641,400308;1442,390579,0.997556;447,35767,0.799111;540,59660,0.905889;1495,39505,0.555667;1547,74932,0.826
643,400800;1447,386904,0.997778;435,35221,0.797222;529,60157,0.916333;1560,41478,0.577333;1454,71401,0.825
653,400273;1414,383923,0.995556;418,34169,0.781556;523,58192,0.912556;1458,40085,0.587889;1451,70524,0.821889
642,400145;1417,387449,0.996667;447,34709,0.785333;551,60161,0.910778;1413,39075,0.586444;1473,71526,0.831111
642,397276;1427,386447,0.996;430,33553,0.794778;505,57508,0.909444;1447,39045,0.581556;1408,69304,0.832
642,401076;1440,388574,0.997333;438,35685,0.801444;535,60052,0.912889;1469,40369,0.592556;1496,73059,0.837111
642,398323;1450,389062,0.996889;425,34489,0.790778;516,58774,0.912667;1434,38594,0.585111;1432,70482,0.825333
646,400863;1442,387383,0.997778;452,35640,0.784222;532,60861,0.913111;1517,41219,0.598778;1505,72807,0.826556
647,398937;1419,385756,0.997444;438,34839,0.787222;515,57828,0.911;1421,38424,0.588444;1472,70573,0.820111
649,399589;1420,383992,0.996556;422,35015,0.792556;528,58134,0.914222;1472,39115,0.58;1511,73375,0.827
647,399319;1449,387544,0.997444;438,33626,0.792333;529,56944,0.910778;1395,38255,0.583667;1383,68486,0.826778
647,400127;1459,388181,0.997444;445,34473,0.784667;515,58385,0.912333;1466,39715,0.590889;1497,71873,0.826111
652,400380;1463,387106,0.996556;448,35737,0.794778;541,61277,0.911333;1411,38554,0.584111;1421,69885,0.824111
645,399368;1426,381917,0.996444;425,34656,0.792;530,57546,0.909222;1585,41226,0.578333;1557,72809,0.823
649,398567;1447,386091,0.996556;426,34828,0.803667;533,58893,0.919222;1424,37326,0.573778;1470,69153,0.825333
650,399762;1459,387528,0.996778;427,35016,0.794556;529,58975,0.909;1591,40175,0.578;1545,73589,0.828889
652,399857;1447,384986,0.997;447,34813,0.784222;542,58789,0.910444;1549,39761,0.571556;1512,71796,0.823778
652,399651;1474,385881,0.997889;425,34709,0.787;537,59561,0.904889;1559,40386,0.581667;1461,70071,0.826778
648,398804;1444,384936,0.996778;426,33215,0.777889;540,56951,0.907556;1430,37901,0.571556;1439,69643,0.822
651,398900;1440,382494,0.997778;430,34479,0.785111;509,57795,0.902667;1489,39647,0.596444;1449,69829,0.836889
641,398688;1447,383413,0.997222;461,34350,0.790111;546,58534,0.908667;1580,41251,0.587444;1516,71934,0.838333
658,400177;1451,382927,0.995778;456,34302,0.794778;554,59611,0.909444;1439,37310,0.569444;1510,71994,0.829778
654,398295;1445,381624,0.997111;422,33096,0.786778;506,56734,0.91;1514,39387,0.555889;1388,67198,0.826889
655,401571;1446,385384,0.995889;453,35983,0.789444;542,59502,0.909333;1567,40268,0.561556;1584,75484,0.838444
653,400789;1449,384134,0.996556;435,35263,0.794444;537,60382,0.917222;1565,41493,0.580111;1491,71689,0.827333
652,398216;1434,382393,0.995778;410,33157,0.786556;501,55833,0.913556;1433,37951,0.591667;1421,69049,0.835333
653,399847;1454,382284,0.996444;436,34808,0.790111;566,58755,0.918667;1420,37603,0.596667;1440,68688,0.844
651,399848;1476,383970,0.997111;475,35165,0.793111;556,57385,0.909889;1485,39736,0.614333;1422,70810,0.835
650,398324;1809,383480,0.997556;410,33461,0.798333;493,56817,0.914333;1391,38530,0.607;1402,68285,0.838444
650,399740;1533,382336,0.997444;434,34727,0.796;524,58130,0.912889;1419,38210,0.592778;1418,69308,0.834333
647,398400;1567,385953,0.996667;438,34485,0.786556;503,57579,0.918778;1471,39575,0.603889;1394,67674,0.831333
649,400404;1559,384833,0.997444;459,36122,0.793556;540,59331,0.916333;1602,40235,0.610222;1514,72935,0.823222
651,400071;1558,384761,0.995444;481,35618,0.795111;524,58916,0.917889;1502,38773,0.608667;1517,71098,0.828111
651,399869;1695,385754,0.997889;469,35042,0.793111;545,57817,0.911;1411,37986,0.611667;1457,70685,0.825
651,399907;1649,383306,0.997222;434,34902,0.797333;533,59312,0.911222;1517,39840,0.610333;1549,73090,0.823111
651,400254;1544,381733,0.995;432,35533,0.783667;526,60753,0.913667;1459,39373,0.612667;1461,71305,0.832222
648,399154;1559,385043,0.997556;478,35269,0.789;513,58567,0.916;1463,39798,0.605333;1498,71864,0.826222
649,398844;1562,386481,0.997556;422,34952,0.800889;528,57210,0.908778;1468,39070,0.594556;1484,72364,0.827222
646,400070;1562,387637,0.996;437,34317,0.794;539,59053,0.910556;1504,39860,0.605444;1514,72269,0.831889
647,399217;1803,384692,0.996667;433,34639,0.784667;534,58468,0.913778;1409,37686,0.602333;1485,71981,0.839556
647,398361;1572,386766,0.997667;440,34504,0.787111;526,58555,0.912667;1431,38295,0.583889;1447,70281,0.833333
643,400129;1568,387668,0.997333;442,35056,0.766222;521,58851,0.899;1514,39778,0.567333;1478,71403,0.809333
649,400062;1563,386210,0.997333;433,34636,0.787778;505,57653,0.904444;1490,39608,0.586556;1467,71852,0.828
644,400387;1575,389287,0.998111;493,34828,0.787667;587,58951,0.915222;1503,38614,0.605333;1552,73288,0.838889
647,399808;1837,388743,0.997;452,33902,0.783444;569,59089,0.916;1474,37916,0.589222;1511,70409,0.835889
654,400032;1560,385284,0.997444;445,34406,0.785111;516,58359,0.913222;1446,38865,0.580444;1453,70996,0.829444
650,400589;1580,387290,0.997667;442,35425,0.775;529,58960,0.918444;1412,38810,0.575;1473,72415,0.831556
648,401185;1570,385522,0.996667;465,36653,0.8;524,59331,0.912333;1422,39969,0.573222;1488,72648,0.829222
654,398731;1575,388996,0.996444;402,33112,0.791889;553,58135,0.910778;1446,39360,0.567;1460,72546,0.831667
651,398835;1751,386632,0.996889;424,34790,0.789222;523,58320,0.910667;1453,38923,0.574333;1401,69941,0.831889
650,399106;1619,386254,0.997111;458,34904,0.803;562,58193,0.913222;1449,38589,0.605333;1439,68858,0.844222
653,398963;1569,383605,0.997778;442,34497,0.794111;566,58802,0.912111;1471,39524,0.602222;1501,71076,0.846778
657,399971;1573,385189,0.997222;459,33792,0.787;530,56666,0.918778;1398,37620,0.620444;1411,68004,0.850778
656,398572;1548,382130,0.995667;451,34011,0.780778;530,58303,0.92;1443,38652,0.598222;1469,69394,0.831333
656,400362;1605,384368,0.996556;460,35242,0.786667;554,59623,0.916111;1585,41243,0.597556;1509,70618,0.817111
659,400743;1756,385171,0.996778;464,35531,0.802667;566,59288,0.913222;1529,40529,0.608333;1591,73801,0.835667
661,400166;1560,382942,0.997;487,35341,0.787889;544,59462,0.915444;1505,39014,0.599222;1528,72402,0.827889
656,398828;1572,387455,0.996333;447,33593,0.783;539,56664,0.909444;1398,38750,0.592778;1387,68898,0.836333
658,400210;1570,385372,0.996556;458,35351,0.796222;524,60249,0.916556;1478,41265,0.595778;1481,71734,0.830222
655,400098;1572,385888,0.996111;431,33975,0.790778;583,57391,0.917667;1417,39552,0.574667;1407,71085,0.822556
657,399037;1825,385321,0.996778;421,34138,0.789778;525,57263,0.916111;1444,38474,0.581556;1426,70347,0.831778
657,400076;1564,383159,0.996667;431,33498,0.783;537,57451,0.919889;1329,36666,0.563444;1362,68273,0.829
655,399871;1554,382827,0.997;440,35567,0.786556;533,58580,0.913333;1508,39613,0.575111;1447,70240,0.822667
656,398734;1554,381900,0.998222;461,34757,0.793;536,58466,0.917;1614,41877,0.578;1466,72560,0.837556
657,398548;1555,384981,0.995;427,33843,0.787667;520,56426,0.915111;1464,38916,0.578;1467,71847,0.843
656,399726;1775,384156,0.998;504,34892,0.788333;526,57484,0.912889;1489,38979,0.565333;1414,70022,0.820889
659,400811;1574,382698,0.997556;454,34940,0.789889;572,58549,0.905222;1475,39804,0.559889;1546,73295,0.834444
658,400523;1571,383907,0.997111;439,35058,0.791889;560,59631,0.916778;1523,40892,0.562222;1481,71792,0.820444
658,399340;1582,384468,0.997222;436,34459,0.787333;513,58207,0.913444;1433,37826,0.561889;1428,69876,0.816667
664,400214;1570,385684,0.997667;449,34914,0.789;535,59704,0.915556;1537,41680,0.575111;1548,74661,0.840889
659,400066;1668,384108,0.998;434,34660,0.781222;548,58690,0.918556;1536,40247,0.599889;1502,72403,0.845556
662,399720;1705,381101,0.998;455,35257,0.788222;532,59413,0.911444;1498,40077,0.587889;1505,70811,0.826667
660,399276;1561,382447,0.996667;425,33399,0.778778;542,56577,0.913667;1447,38810,0.580778;1441,69602,0.835667
654,399182;1558,380941,0.996444;465,33837,0.793222;532,56759,0.916889;1535,40866,0.582667;1481,70343,0.831111
664,400452;1543,380907,0.997222;490,36339,0.785444;599,61687,0.920222;1596,40645,0.564889;1626,76755,0.823444
660,400502;1550,380949,0.998222;446,34675,0.788;573,60118,0.924111;1538,40165,0.590778;1593,73516,0.855111
660,400173;1800,380126,0.997333;451,35280,0.796;543,57532,0.913667;1566,40472,0.594222;1449,69903,0.849222
653,399467;1558,380386,0.998;452,34400,0.789;537,57411,0.918778;1553,40040,0.594889;1442,69444,0.838111
663,400272;1565,380516,0.996556;457,34583,0.797667;489,58408,0.919333;1423,38355,0.612556;1463,71420,0.853222
662,399845;1579,384907,0.997;441,34904,0.791889;530,58088,0.912333;1455,39422,0.609778;1396,69930,0.846778
667,400223;1566,381205,0.997556;465,34542,0.793333;534,58219,0.920111;1409,38723,0.607556;1396,70093,0.844222
668,399621;1840,386518,0.997111;453,35069,0.800556;542,59101,0.922222;1474,38471,0.584778;1488,72172,0.854444
663,398471;1554,383106,0.995556;458,35302,0.789222;528,57984,0.918444;1500,40362,0.597889;1455,70049,0.842556
662,398515;1563,382811,0.996778;458,34972,0.796222;543,58349,0.923778;1517,39771,0.606556;1464,70383,0.835111
663,398754;1573,383302,0.996444;474,34922,0.801778;540,58780,0.919;1467,39607,0.589556;1438,71202,0.832
670,399106;1576,384547,0.997111;442,35510,0.803778;546,58080,0.922556;1477,39856,0.590333;1428,70679,0.848333
664,396138;1705,380039,0.997222;426,33460,0.786;553,58482,0.914667;1385,37671,0.586111;1365,68083,0.844111
664,398348;1643,379432,0.997222;464,34311,0.784111;532,57604,0.916444;1412,38353,0.577556;1382,69148,0.838889
663,399791;1567,380272,0.998;471,36109,0.807;551,57866,0.920778;1531,41218,0.594778;1443,71414,0.839222
664,400583;1572,383254,0.997556;469,35171,0.792111;551,59233,0.920778;1521,41085,0.594222;1455,72651,0.843
665,399851;1543,379900,0.996667;461,35613,0.797778;543,58162,0.921333;1473,41078,0.597333;1466,71397,0.835222
659,399886;1554,384035,0.996444;455,35742,0.801556;543,58437,0.919444;1426,39153,0.575333;1460,70941,0.832333
663,400231;1788,378705,0.996222;461,35431,0.804667;556,59159,0.915222;1607,42260,0.578778;1497,74090,0.848333
655,397313;1546,376709,0.996556;448,34201,0.796111;498,56057,0.913111;1345,37803,0.579889;1381,68042,0.833444
664,399057;1548,380791,0.996889;422,34138,0.796333;519,57953,0.905444;1446,39061,0.593111;1426,70720,0.837222
663,400271;1566,382438,0.997556;498,35556,0.794778;535,59764,0.913889;1550,41661,0.591889;1489,72719,0.838111
664,399972;1572,384525,0.995889;462,35654,0.783444;545,59872,0.916556;1476,39374,0.592556;1464,71161,0.841444
663,399964;1810,380056,0.996667;442,34911,0.782556;557,59800,0.918222;1493,41539,0.603889;1485,71531,0.843
668,401610;1574,384110,0.997667;484,35373,0.803222;547,58494,0.908222;1464,40578,0.627222;1465,71709,0.828111
664,400099;1558,381961,0.995778;462,35236,0.789889;538,58964,0.915667;1470,40393,0.602778;1488,74161,0.835111
664,400643;1562,383657,0.997444;450,36130,0.796222;555,60815,0.920667;1461,39806,0.600111;1411,70398,0.835667
664,399942;1576,387019,0.997222;471,34808,0.784889;535,58647,0.913556;1495,40508,0.619111;1399,69461,0.842556
647,394395;1744,386528,0.997;458,33300,0.779333;515,55901,0.912;1357,37144,0.614222;1412,68357,0.834556
636,400150;1631,384061,0.995444;442,35427,0.791444;544,59162,0.915889;1461,39240,0.603556;1514,72617,0.833111
642,400082;1576,385254,0.996889;433,34284,0.788667;531,57667,0.909889;1438,38803,0.600556;1470,70563,0.844111
639,399543;1552,380939,0.996889;446,35391,0.790222;553,60078,0.917444;1493,39173,0.578889;1499,72696,0.843111
661,399355;1576,384678,0.997;450,35609,0.792889;516,58155,0.909111;1481,39901,0.567111;1418,70513,0.839
677,399995;1558,380427,0.996333;442,35062,0.790111;542,58754,0.913222;1463,39340,0.570444;1407,68918,0.829333
672,398520;1783,384752,0.997667;451,34731,0.786;535,57651,0.904111;1451,39065,0.573889;1409,70103,0.833778
670,399808;1569,383877,0.998;457,34856,0.785889;553,58936,0.916222;1489,39644,0.582111;1444,71510,0.851222
674,400730;1542,379376,0.996556;437,36482,0.796111;560,60368,0.917;1588,42647,0.598444;1425,70114,0.842111
665,399052;1559,380245,0.995111;405,32415,0.782444;530,57795,0.910222;1475,38789,0.600111;1408,68671,0.836111
657,397942;1567,384914,0.997667;417,34151,0.782222;510,57144,0.910444;1417,37858,0.597667;1391,68768,0.839
690,397417;1807,382094,0.995222;427,33721,0.790667;495,56647,0.911778;1418,38198,0.596;1375,68529,0.846778
696,398627;1571,385196,0.997222;428,33717,0.792556;540,56234,0.899667;1421,38739,0.599667;1380,68380,0.838889
655,399856;1554,381974,0.996444;412,34448,0.795111;536,58866,0.917;1474,40187,0.595778;1438,70234,0.836889
630,397992;1560,383990,0.998;417,34264,0.793222;514,57888,0.920444;1381,37599,0.593778;1362,67520,0.836
633,399277;1556,383984,0.995778;428,35220,0.799889;521,57802,0.907667;1461,39079,0.586333;1434,70763,0.838556
635,400770;1541,387762,0.997667;430,35725,0.802667;533,59801,0.918;1534,41385,0.577889;1462,72933,0.847556
632,399567;1549,382951,0.996111;486,34525,0.802444;498,56363,0.909333;1395,38884,0.581444;1383,69069,0.836333
626,399079;1615,387163,0.998;426,35277,0.804222;551,58886,0.914333;1529,40340,0.571778;1441,70961,0.840222
631,400265;1562,385354,0.996556;437,35366,0.798111;522,59148,0.911778;1531,41321,0.599556;1403,70785,0.838444
634,400410;1573,388360,0.997556;447,35548,0.789111;523,59560,0.911667;1390,39217,0.597111;1413,71852,0.841
638,399675;1562,384895,0.997222;444,34375,0.787333;510,59363,0.912222;1381,38605,0.597333;1339,68294,0.829556
637,398887;1562,385083,0.996333;436,34546,0.777444;548,59587,0.912333;1437,40218,0.599667;1428,71980,0.818111
640,398803;1547,382592,0.997111;437,34425,0.783667;512,57532,0.912222;1460,40138,0.599222;1390,71563,0.842
636,400147;1577,388023,0.995889;426,35236,0.790111;546,61096,0.919111;1461,38278,0.591333;1472,72638,0.841
621,399477;1567,386649,0.997333;445,35221,0.792778;529,57253,0.915778;1427,39124,0.593556;1370,69570,0.831444
640,399624;1568,387151,0.997778;393,33827,0.792667;516,58168,0.912444;1350,38089,0.583;1454,71994,0.840778
636,398384;1542,380929,0.997;411,33151,0.786889;512,58396,0.912889;1361,37471,0.583222;1382,68323,0.825778
660,399133;1560,383589,0.996444;441,35173,0.784222;501,58235,0.911667;1441,40232,0.605889;1424,72321,0.837222
737,399880;1566,385677,0.996556;439,35222,0.791333;511,58548,0.912111;1414,39742,0.600444;1421,69136,0.820889
669,400922;1577,386840,0.995444;439,35574,0.791222;568,60214,0.907556;1491,39686,0.588;1458,71517,0.814889
666,398166;1559,383020,0.997222;418,34843,0.791889;536,58279,0.910222;1464,38574,0.594111;1455,70019,0.829333
663,400735;1575,387221,0.997111;427,35226,0.779556;520,61357,0.908333;1489,40084,0.588556;1479,72609,0.819333
658,399192;1568,388103,0.997444;405,34651,0.788111;506,59878,0.914556;1472,38956,0.599111;1441,70595,0.819556
693,399385;1576,385893,0.997333;422,34788,0.784667;510,59245,0.904556;1412,37941,0.603444;1456,71682,0.841111
691,396768;1582,389353,0.997556;393,33185,0.775556;489,56772,0.912222;1282,36028,0.605667;1338,67675,0.837333
704,400527;1562,383669,0.995222;416,35348,0.782667;503,58443,0.91;1555,40369,0.606222;1443,70664,0.833333
636,400124;1585,388475,0.996556;408,33543,0.765333;502,59559,0.907333;1468,39148,0.593444;1478,72644,0.842333
628,397157;1571,387772,0.995;427,34237,0.776;512,57451,0.903778;1464,39801,0.594444;1382,69315,0.833222
632,399455;1572,388095,0.997889;411,34802,0.784222;495,59048,0.916333;1347,37439,0.591222;1401,70944,0.835444
632,399443;1557,385071,0.996778;423,35614,0.779778;524,60624,0.916667;1483,40019,0.599667;1455,71719,0.833222
632,401154;1580,389253,0.997667;458,36304,0.790111;537,60118,0.913889;1448,39329,0.598444;1424,73158,0.843667
630,398680;1571,386869,0.996333;413,34359,0.779;521,59588,0.915;1409,37887,0.595889;1398,70123,0.837
629,399110;1585,389334,0.997333;411,33440,0.778444;542,58269,0.916111;1413,38566,0.573556;1370,68394,0.828222
630,399152;1579,388708,0.996556;411,34159,0.795333;499,58280,0.915889;1307,36975,0.594778;1318,66309,0.823111
632,397384;1556,382228,0.994778;400,34019,0.779111;505,58134,0.906444;1425,38724,0.597556;1461,71086,0.828111
636,400306;1553,385526,0.996667;430,35607,0.779444;514,60141,0.902222;1515,39576,0.610667;1593,72538,0.830889
637,400141;1570,385014,0.997444;557,34618,0.780222;661,59551,0.905667;1515,38103,0.590667;1613,70475,0.823333
628,398756;1574,386567,0.996444;474,34518,0.772444;571,58057,0.900333;1585,39686,0.586778;1488,71787,0.833889
643,401062;1572,387186,0.997333;424,36404,0.786889;544,62359,0.914889;1539,39985,0.589222;1555,74180,0.833444
648,398756;1576,388808,0.997333;424,34374,0.790556;512,59285,0.907556;1536,40927,0.586667;1467,70629,0.829111
660,400140;1571,386886,0.997333;438,35464,0.801;538,59431,0.924333;1388,38463,0.602333;1461,72351,0.843667
663,399374;1576,388042,0.996778;423,34757,0.806556;540,58291,0.914778;1480,40372,0.619333;1407,70652,0.848889
668,400831;1582,389140,0.996889;431,35552,0.792333;518,59919,0.913333;1481,40417,0.606444;1452,72811,0.844222
668,399567;1566,386418,0.998;426,34672,0.789889;524,58605,0.914444;1387,38642,0.614889;1450,69782,0.831556
660,399209;1564,386670,0.995333;396,34301,0.781556;532,59305,0.906444;1455,38941,0.608556;1484,70442,0.835556
663,399876;1575,387564,0.997222;407,34828,0.778111;528,59748,0.909333;1440,39530,0.603333;1470,72847,0.836778
667,400373;1587,390996,0.996889;443,35691,0.787889;544,60384,0.908444;1521,40719,0.61;1474,71844,0.831778
695,399712;1573,387610,0.997222;431,34806,0.786333;528,60359,0.918222;1487,40249,0.616444;1419,71241,0.833333
691,399627;1567,386581,0.997667;428,33989,0.783667;549,58879,0.909778;1449,38992,0.608;1431,70846,0.825111
648,400146;1568,386121,0.996444;420,34223,0.788444;531,59784,0.910333;1364,37143,0.616333;1391,68633,0.834111
633,399747;1580,389546,0.997333;415,34971,0.789778;525,58681,0.913222;1574,41455,0.613667;1470,71583,0.831667
634,400025;1577,385810,0.997222;447,34492,0.782889;523,58295,0.916444;1444,40648,0.609222;1472,72140,0.832444
636,399731;1568,386083,0.996556;396,34756,0.780778;519,60074,0.91;1474,39655,0.616;1484,72103,0.846556
635,399465;1567,384928,0.996333;441,36650,0.778222;543,60737,0.908222;1452,40273,0.599333;1471,72544,0.841333
634,399407;1575,386624,0.995889;441,36376,0.790222;499,59813,0.912778;1473,40572,0.603667;1451,70536,0.842333
635,401038;1577,387928,0.996222;443,36785,0.784778;529,62223,0.913444;1520,42398,0.598778;1497,74540,0.830556
632,397925;1562,384829,0.997111;439,35361,0.779333;515,59161,0.909;1356,38080,0.568111;1424,70674,0.826333
633,399774;1574,387018,0.996889;431,35510,0.786778;509,59815,0.909;1504,41020,0.590444;1436,71952,0.824667
635,398887;1572,388146,0.996111;404,35024,0.796778;537,59792,0.908111;1382,38324,0.588444;1446,70818,0.832
630,400251;1563,383965,0.995444;413,34729,0.789222;520,59652,0.915222;1383,38135,0.592333;1439,72115,0.838111
635,400737;1573,385742,0.995667;432,35821,0.783667;515,60530,0.913667;1498,41116,0.590444;1474,72412,0.833778
636,400499;1568,387805,0.996;445,35198,0.788444;538,60726,0.909333;1524,40515,0.586444;1470,71351,0.807556
641,397792;1562,386067,0.995889;480,35005,0.782222;522,59138,0.911667;1350,37773,0.596111;1382,69417,0.820333
655,400278;1578,390505,0.997111;446,36636,0.797111;514,60753,0.916556;1519,40332,0.601222;1530,72833,0.834556
666,400408;1568,385852,0.997;447,35807,0.782778;523,59926,0.916889;1486,39913,0.595778;1424,69868,0.825111
712,399298;1574,390051,0.996333;407,34178,0.783111;513,58388,0.915444;1373,36916,0.581333;1388,69105,0.818889
667,401338;1587,391537,0.997667;436,37284,0.787;550,63343,0.911556;1624,42585,0.581778;1598,77082,0.824444
654,400971;1585,388509,0.996;428,36524,0.767333;522,60950,0.909;1549,40976,0.565778;1542,75146,0.822778
666,400341;1584,389874,0.997333;444,36753,0.788444;530,59786,0.912111;1458,38703,0.562556;1420,71665,0.822556
658,400924;1574,388715,0.997222;412,36662,0.790222;523,61478,0.908556;1546,39863,0.549444;1581,75715,0.829778
696,399918;1576,387421,0.997;411,35363,0.778333;542,60560,0.911556;1564,40834,0.550556;1452,71915,0.829
696,400267;1581,390687,0.997333;449,36081,0.790333;504,60539,0.909556;1440,39719,0.556333;1412,70493,0.833556
700,400720;1581,388051,0.997444;414,35495,0.797889;553,61459,0.917;1518,42168,0.564556;1526,74443,0.831667
635,400247;1563,388257,0.996444;437,35473,0.786778;513,59865,0.909111;1491,40703,0.577222;1480,72559,0.829333
633,400635;1582,388185,0.996778;428,35838,0.801889;545,60255,0.903556;1467,38574,0.572333;1448,71521,0.835222
629,398546;1577,388234,0.996667;411,34584,0.796556;506,58512,0.905444;1391,39349,0.564333;1435,70670,0.838667
630,398126;1566,388994,0.996556;447,35598,0.777444;549,59296,0.902;1491,39460,0.544111;1435,71651,0.827556
633,399639;1588,391888,0.996111;411,34480,0.783889;524,59805,0.914111;1444,38836,0.569111;1449,71383,0.840889
634,400281;1574,389075,0.997556;465,36268,0.790444;541,60642,0.915111;1471,39894,0.585;1480,72254,0.825778
632,399886;1584,389333,0.997111;423,35390,0.791333;521,60200,0.915333;1385,38996,0.579;1410,71627,0.821889
637,398101;1570,386663,0.996444;453,35364,0.789556;533,59079,0.910667;1524,39961,0.575556;1451,71149,0.825667
635,400470;1573,387486,0.996333;441,35289,0.777111;540,60093,0.914444;1462,39586,0.567889;1404,70576,0.827778
633,400731;1582,390330,0.995333;402,35366,0.787889;522,59113,0.910667;1529,41205,0.580444;1412,70135,0.826667
636,399528;1575,390049,0.996778;421,35532,0.791333;531,60524,0.902222;1528,41521,0.587444;1447,72165,0.822444
639,398604;1576,387022,0.995778;405,34879,0.767333;503,60197,0.905111;1502,39949,0.575;1463,71745,0.821667
642,401557;1591,390772,0.997222;426,35595,0.780444;548,62859,0.918556;1570,41552,0.594667;1500,72293,0.826444
642,397767;1583,389896,0.996111;403,34477,0.782111;489,56825,0.91;1318,36355,0.586889;1370,67621,0.823778
664,400747;1581,388545,0.997333;424,34478,0.786556;527,59549,0.912889;1418,37845,0.583111;1477,72920,0.850333
672,400052;1575,388257,0.996333;435,34673,0.775444;533,59939,0.914889;1461,38666,0.580778;1427,68876,0.832333
676,400474;1575,385834,0.996333;432,35804,0.780333;529,60909,0.910889;1496,38535,0.585778;1474,72012,0.828889
667,400388;1572,386910,0.995667;425,36096,0.779;512,60723,0.914222;1562,41754,0.603444;1542,72337,0.834222
668,400794;1565,387283,0.996;432,35598,0.777889;532,60232,0.914667;1462,38731,0.605778;1525,70507,0.828778
660,400248;1581,387633,0.996;440,35296,0.774778;536,59156,0.910556;1571,40538,0.583333;1603,75728,0.844222
667,401570;1587,390193,0.997444;466,36310,0.788667;551,59989,0.908333;1615,41248,0.607667;1522,71759,0.838667
694,400211;1568,386705,0.995778;460,35909,0.784333;554,61234,0.910556;1573,41043,0.600667;1559,73335,0.825444
688,398790;1578,389188,0.997444;435,34849,0.784889;547,60261,0.915333;1426,38233,0.604778;1495,70407,0.819222
669,400281;1569,386386,0.997444;457,37157,0.795444;551,60002,0.902222;1531,40211,0.622889;1511,70888,0.842222
661,398988;1562,384863,0.996222;445,34725,0.785111;544,58851,0.910556;1443,37861,0.614333;1494,71101,0.837444
657,399110;1561,385521,0.996667;474,35058,0.785;553,59712,0.913111;1495,39074,0.612222;1463,71880,0.843556
665,399413;1589,390414,0.997444;448,35384,0.787333;540,59544,0.915667;1567,40326,0.604222;1430,67981,0.830667
665,401102;1580,389617,0.997222;522,37144,0.794556;568,61370,0.912111;1562,41217,0.604;1454,72047,0.836111
660,397239;1575,388525,0.996222;429,34452,0.777222;544,58796,0.916667;1372,36968,0.578222;1404,68919,0.826556
665,399062;1574,390231,0.998444;466,34422,0.784111;558,58369,0.914556;1491,38975,0.586444;1386,67971,0.835778
656,394214;1581,387785,0.995889;433,32717,0.782111;544,56210,0.907444;1476,37975,0.581556;1359,66027,0.829111
661,397252;1585,389959,0.996889;411,33371,0.779333;529,57481,0.909111;1418,38271,0.597778;1430,70081,0.821889
673,399874;1586,390454,0.997;437,36064,0.783444;538,61180,0.912444;1429,38406,0.594111;1525,72988,0.831556
668,399522;1584,389634,0.997111;426,34523,0.784444;560,60344,0.921;1431,38868,0.604667;1448,71434,0.846111
667,399514;1560,385220,0.995444;451,34826,0.787333;527,58429,0.909667;1403,38277,0.609333;1396,67923,0.844667
665,396095;1571,389123,0.997111;472,33737,0.788667;554,57183,0.913778;1427,37813,0.608222;1414,68445,0.840222
672,400089;1578,387459,0.997778;488,35460,0.789667;545,58236,0.908222;1472,39680,0.600333;1455,71217,0.839111
667,399691;1577,388643,0.997111;407,33487,0.784556;507,58343,0.913222;1449,40106,0.617667;1493,71180,0.834222
668,399118;1592,390110,0.995;475,36051,0.776778;557,59626,0.909;1414,38238,0.610667;1438,70040,0.833333
665,399796;1590,390244,0.997111;442,36087,0.794667;552,60383,0.911111;1541,40560,0.604778;1528,71792,0.812
668,398411;1589,391578,0.997111;484,35573,0.792222;562,58555,0.903444;1498,40049,0.605667;1494,72091,0.833889
668,399574;1571,386218,0.996556;438,35147,0.798444;545,58299,0.905333;1523,38611,0.612111;1461,69256,0.843889
664,398533;1564,384609,0.996222;428,33288,0.774222;536,58271,0.912333;1420,37546,0.596889;1456,69897,0.833556
667,396330;1576,387393,0.997222;434,33326,0.778222;518,56511,0.904778;1447,38271,0.582333;1394,67241,0.827889
671,400183;1572,386595,0.996444;491,36077,0.804222;548,60369,0.920667;1469,38669,0.584333;1496,70506,0.832556
668,400334;1570,387541,0.996222;463,36758,0.796333;553,60668,0.911111;1665,41981,0.586889;1590,73478,0.824667
670,400144;1557,385162,0.996444;477,35756,0.779556;566,59212,0.905;1491,38628,0.596222;1532,72327,0.835111
671,398962;1583,389001,0.996222;455,34966,0.778333;566,58476,0.911444;1517,39340,0.592667;1511,71232,0.830889
668,400638;1570,385704,0.996333;440,34902,0.783667;537,60154,0.915;1621,41194,0.580778;1526,71160,0.823667
667,398263;1581,388142,0.996556;450,33687,0.772222;548,58721,0.906889;1367,35171,0.572;1428,68215,0.817444
668,399580;1603,391048,0.996889;439,34941,0.789556;522,58499,0.908444;1481,38995,0.594444;1507,71964,0.834667
671,399062;1578,387095,0.996111;464,35315,0.778778;548,58563,0.912;1383,37589,0.600444;1460,70582,0.828222
676,399819;1588,388407,0.997667;451,36933,0.774111;576,60910,0.911556;1531,40539,0.591333;1509,72972,0.839111
670,400066;1580,386545,0.997444;448,36034,0.786778;572,59362,0.914444;1417,37871,0.607667;1410,68668,0.842
670,398141;1561,385282,0.995889;434,34136,0.793889;515,56357,0.910444;1430,37867,0.605889;1411,67970,0.834778
663,400124;1619,389258,0.998111;455,35524,0.785556;553,60969,0.913667;1539,39880,0.598222;1507,72377,0.840667
666,398472;1643,388908,0.997667;439,34071,0.786444;534,57741,0.904;1453,37950,0.596556;1406,67655,0.835
667,398747;1592,389180,0.996889;451,35404,0.774556;530,58152,0.910333;1476,38281,0.596667;1379,67870,0.834667
672,398506;1637,386826,0.996444;435,34482,0.770556;523,59072,0.908667;1430,37766,0.593444;1444,69203,0.833222
675,400719;1584,388028,0.996667;443,36306,0.778889;564,61182,0.911889;1594,41327,0.601;1421,71484,0.822667
664,399667;1593,390223,0.996111;523,35652,0.775111;546,60217,0.912222;1497,37853,0.574333;1546,71951,0.818889
670,399708;1679,392086,0.996444;453,36405,0.780111;573,60353,0.906;1560,40488,0.589333;1536,72100,0.830444
677,399924;1602,390406,0.996111;473,35455,0.776556;558,60045,0.899778;1645,41162,0.579333;1555,73220,0.826778
675,400537;1599,390910,0.996778;471,35777,0.779778;540,60053,0.913333;1518,39485,0.579778;1455,69949,0.819111
658,399501;1675,389539,0.995556;472,34935,0.777889;536,59651,0.910111;1459,39303,0.575222;1496,71200,0.819556
660,399169;1610,392688,0.997111;490,36145,0.790556;573,60173,0.907778;1577,42192,0.599222;1464,71672,0.832111
662,399272;1617,396411,0.997222;446,34427,0.781444;553,58297,0.907;1392,38004,0.588889;1391,68014,0.836333
666,399905;1658,389476,0.996222;467,35727,0.783667;537,58640,0.903222;1568,40625,0.600333;1495,69351,0.827667
664,400269;1606,392297,0.997;464,35106,0.785778;582,61364,0.902222;1484,38596,0.595;1469,70871,0.832889
664,399695;1596,390696,0.996889;447,35166,0.773556;547,59146,0.91;1422,37962,0.580111;1458,70647,0.825222
666,399358;1677,390015,0.997111;446,35614,0.777889;569,58712,0.910222;1481,39180,0.573111;1542,72346,0.832667
666,400026;1594,388669,0.997778;431,35802,0.787667;561,60429,0.913556;1494,39183,0.592556;1531,74608,0.851556
664,397836;1581,387743,0.997222;472,35283,0.777667;552,59484,0.910333;1553,40473,0.588333;1525,69492,0.842333
663,399725;1677,388777,0.996444;514,36009,0.792333;556,58784,0.905889;1505,38666,0.597889;1463,69758,0.846667
651,399431;1612,393265,0.997667;493,35677,0.785333;546,60429,0.906444;1463,38356,0.59;1483,71191,0.845222
662,399998;1580,386185,0.996333;461,35557,0.793222;542,59756,0.914111;1429,39374,0.609889;1447,70531,0.840778
662,400174;1670,386266,0.996889;462,35834,0.796222;581,60994,0.918111;1515,39084,0.597333;1562,73958,0.845778
662,400300;1587,386967,0.996444;449,34505,0.771556;548,59478,0.914444;1460,39206,0.594444;1426,68411,0.825444
661,398716;1598,389536,0.996667;448,34646,0.772778;549,59510,0.913333;1476,38427,0.579778;1455,69650,0.818222
660,398780;1689,390844,0.996222;483,36955,0.780889;551,60467,0.910222;1599,41332,0.582333;1551,73087,0.828667
658,399482;1605,390359,0.996889;431,35123,0.781;556,60468,0.908556;1572,38965,0.589111;1505,69865,0.813444
663,399663;1597,391022,0.997444;451,35221,0.785444;545,59483,0.904333;1444,38276,0.570556;1575,73921,0.828111
660,399212;1681,390148,0.998;435,35500,0.775889;538,59266,0.913111;1500,39394,0.575333;1451,69225,0.834889
661,400404;1595,390101,0.997444;437,34999,0.783333;554,60922,0.909667;1610,41796,0.575444;1523,71836,0.828111
662,400269;1595,389362,0.997111;473,35862,0.793556;540,59528,0.909556;1513,40550,0.590444;1524,72501,0.839333
663,398938;1674,389326,0.995556;436,34701,0.792333;610,57810,0.910222;1484,38292,0.595667;1415,68340,0.833
663,399636;1598,390011,0.996667;441,33639,0.787;525,57837,0.912111;1503,39461,0.596556;1443,69965,0.836222
666,400818;1588,389241,0.996;446,35192,0.768;550,60253,0.912556;1499,40251,0.591444;1498,72810,0.825111
668,400342;1587,392583,0.997111;486,37823,0.778889;563,61508,0.913889;1570,40265,0.579222;1505,73005,0.833778
667,398960;1583,387097,0.997444;468,35880,0.780111;583,60575,0.906889;1546,40695,0.573778;1511,73275,0.831444
665,399341;1601,391024,0.997778;524,35396,0.790111;578,59829,0.908889;1572,40822,0.597222;1517,71965,0.835111
666,399560;1591,387506,0.997111;463,35223,0.786;534,58908,0.912778;1532,39921,0.586556;1520,72107,0.833333
665,401790;1595,389277,0.996667;448,35815,0.783778;545,62233,0.917889;1504,40721,0.588889;1568,75801,0.839667
668,400373;1597,388197,0.997111;440,36155,0.779889;533,61796,0.910333;1517,40089,0.589667;1568,74263,0.849222
665,399658;1593,390797,0.997;454,35181,0.783;535,59491,0.906111;1481,38687,0.582667;1526,70801,0.837444
666,399235;1576,388675,0.996556;493,35582,0.786444;579,59796,0.909333;1552,39806,0.590667;1530,71722,0.833444
665,398594;1574,388081,0.996889;458,34893,0.770889;539,59492,0.905111;1498,38595,0.584778;1496,70550,0.832889
669,400031;1581,389599,0.996556;452,35439,0.766444;558,60934,0.906222;1549,39762,0.585111;1536,71553,0.821556
666,397997;1585,389030,0.996889;450,33940,0.770222;529,58189,0.906;1452,37400,0.589111;1456,69277,0.816222
663,397975;1588,390548,0.995333;448,35103,0.766333;533,59691,0.911222;1493,37402,0.570667;1631,69130,0.806444
658,399928;1567,387547,0.996222;475,36483,0.782;572,60837,0.906333;1614,40449,0.586111;1586,73816,0.816778
670,400005;1585,388628,0.997333;447,34469,0.771444;583,59837,0.910111;1539,37871,0.571444;1514,69947,0.817222
670,399532;1577,387839,0.995667;442,36027,0.761556;535,60257,0.911111;1680,42279,0.580333;1579,73532,0.827
673,400341;1575,388552,0.996889;445,35986,0.774222;556,60638,0.919444;1532,39466,0.579667;1546,72735,0.838
677,400867;1572,386956,0.997;481,37707,0.789889;584,61487,0.905111;1618,40215,0.583444;1621,73638,0.828667
669,399003;1603,392900,0.998111;466,34821,0.784111;578,58486,0.912778;1415,36540,0.574778;1510,71250,0.821778
667,399224;1586,388041,0.996778;455,35614,0.789889;566,60365,0.913222;1628,41599,0.574111;1508,71607,0.821333
661,398792;1569,386380,0.995556;448,34225,0.774778;542,59911,0.911556;1511,38400,0.576667;1536,73155,0.826778
664,400181;1573,386756,0.997889;452,35876,0.785222;553,59666,0.904889;1473,38256,0.575889;1582,71750,0.826889
667,400491;1592,390237,0.995889;469,36769,0.784667;568,60910,0.911889;1654,41716,0.576;1565,73553,0.840889
658,399683;1568,385556,0.996889;467,36569,0.791889;472,60137,0.914444;1532,38520,0.588;1547,72524,0.842667
663,400098;1568,386340,0.996333;455,35446,0.791111;553,60170,0.906667;1474,38458,0.579444;1574,72704,0.832667
664,401192;1575,386371,0.995778;463,35527,0.783556;540,59267,0.907889;1546,39829,0.584556;1549,73037,0.829778
666,400077;1579,387943,0.997;459,36289,0.789667;629,60420,0.911;1679,40829,0.596;1575,72671,0.831333
664,400279;1567,386523,0.997222;475,35326,0.785778;553,58422,0.910222;1515,38775,0.602444;1507,71023,0.830444
664,400343;1565,387737,0.997;483,36147,0.788667;583,62105,0.909667;1598,40899,0.608222;1516,71005,0.818889
660,399428;1564,387833,0.996444;435,34331,0.783778;545,58545,0.909111;1520,38858,0.600111;1573,72822,0.828778
661,397085;1565,386868,0.997333;417,33585,0.778;530,57293,0.905556;1538,37625,0.585889;1501,67978,0.82
665,400552;1585,391845,0.997333;449,35692,0.781556;557,61332,0.900667;1595,40402,0.586778;1590,72473,0.818667
663,399064;1557,384544,0.995778;460,35104,0.779556;549,59413,0.907222;1472,39078,0.594111;1508,71603,0.821111
666,399363;1575,386386,0.996667;453,35073,0.782778;531,58176,0.904667;1533,39997,0.595222;1427,68443,0.821778
669,400064;1567,387547,0.996;454,35265,0.781;563,59618,0.909778;1643,41313,0.601111;1611,71553,0.821333
670,398439;1568,389750,0.994889;474,34852,0.775778;560,59406,0.901778;1635,41024,0.616444;1569,70696,0.834111
670,400609;1571,387904,0.995889;474,35764,0.784556;564,59343,0.902889;1574,39329,0.586889;1518,70282,0.824111
669,399529;1580,391934,0.997222;451,34699,0.763778;577,60037,0.912889;1531,38579,0.557889;1526,70994,0.805778
668,400212;1589,392371,0.997111;486,36214,0.782222;538,60608,0.912111;1575,40380,0.579444;1588,74700,0.818444
668,399601;1583,392481,0.996889;441,34804,0.780889;560,60085,0.910778;1588,40265,0.582111;1563,73382,0.836
667,400242;1565,388639,0.996889;458,35740,0.772556;535,58839,0.909667;1619,40512,0.589778;1543,72163,0.821
674,400321;1574,390828,0.996222;473,36195,0.781444;576,61048,0.907;1566,39524,0.584111;1568,74038,0.821
669,399706;1569,391919,0.997556;468,35899,0.776556;529,61289,0.906444;1606,40645,0.587444;1497,72253,0.821667
668,398712;1572,389870,0.995778;438,35117,0.775667;520,58995,0.906222;1513,38380,0.584889;1496,72444,0.834667
670,399801;1572,391654,0.997444;446,36651,0.787444;528,59927,0.912556;1455,39186,0.589333;1470,70758,0.831667
672,400536;1561,391543,0.995778;434,35293,0.792444;543,59562,0.910778;1601,41370,0.6;1534,73813,0.826778
667,398199;1550,388122,0.995889;430,33507,0.780444;531,58003,0.906;1472,38119,0.574;1439,69255,0.822889
664,400491;1556,387662,0.995778;447,35418,0.78;549,60018,0.908889;1524,39688,0.571556;1417,68994,0.820111
669,400122;1596,393583,0.996111;454,35804,0.787556;552,60877,0.914;1476,39260,0.565889;1538,73041,0.822
676,399871;1561,388314,0.996111;459,35719,0.779111;531,58922,0.903333;1474,38155,0.551;1512,72837,0.824111
671,399783;1560,390223,0.995444;453,34954,0.776667;537,58280,0.911222;1476,38730,0.577222;1410,70124,0.829778
670,399498;1542,388631,0.997444;430,34728,0.782444;542,59498,0.921222;1405,37910,0.571;1377,68045,0.814889
668,400320;1543,385425,0.995667;461,36420,0.787556;529,59667,0.904667;1532,39315,0.560222;1506,72839,0.829222
669,399253;1554,389157,0.995333;457,34599,0.788;534,58706,0.906222;1533,39111,0.566111;1414,69116,0.817444
652,400373;1550,389858,0.997;423,35524,0.784889;536,60046,0.903778;1521,39121,0.573111;1539,72135,0.822556
669,400073;1531,389801,0.997444;466,35357,0.773667;482,61956,0.909667;1459,38615,0.571778;1525,73354,0.839444
660,398335;1592,385982,0.996444;454,34687,0.761222;528,59165,0.908111;1399,37794,0.586778;1421,68643,0.840222
631,399059;1567,388717,0.995111;454,34831,0.768222;542,58658,0.902556;1460,38933,0.581778;1422,68851,0.821889
630,398914;1564,386162,0.997556;433,35710,0.778667;541,60612,0.908556;1488,39426,0.587778;1374,69031,0.812667
626,396558;1560,387913,0.996778;413,33793,0.768778;486,56323,0.908111;1332,36947,0.584444;1361,68368,0.82
629,401230;1576,390175,0.995889;442,37624,0.778667;547,60843,0.910556;1580,41743,0.594667;1520,74535,0.829778
627,399312;1563,385761,0.996;420,34045,0.768;518,57059,0.903222;1352,36472,0.584222;1390,68903,0.831111
636,400741;1572,388554,0.997222;456,37990,0.777667;578,62599,0.912667;1567,41196,0.585444;1605,76496,0.831
631,398671;1569,388442,0.995778;448,34726,0.771556;524,58887,0.905778;1518,40204,0.608111;1496,70396,0.827
637,399244;1510,388359,0.995111;461,36167,0.796222;546,58559,0.906889;1463,39196,0.590333;1448,70485,0.821111
632,399375;1393,388370,0.996667;419,35032,0.774444;529,59684,0.905111;1396,37680,0.569333;1454,71904,0.813778
628,400293;1478,390699,0.996556;414,36066,0.770889;541,60924,0.914667;1506,40597,0.572778;1526,73954,0.825
625,398785;1163,388062,0.995222;433,34742,0.778667;534,58888,0.919;1431,38365,0.572556;1386,68217,0.825778
626,400494;1552,388753,0.995667;449,35744,0.781667;554,60298,0.907111;1497,39533,0.550556;1524,74305,0.829222
621,400173;1549,388676,0.994444;413,34583,0.781222;553,61065,0.910444;1541,39612,0.563222;1429,70041,0.816778
629,398847;1543,389115,0.994778;430,35553,0.778444;543,59796,0.903556;1466,38222,0.577;1491,70651,0.833444
638,400892;1560,390311,0.995222;449,35637,0.783222;578,60193,0.901;1561,39242,0.585556;1565,72985,0.830556
636,399979;1559,390894,0.996778;456,35475,0.775444;534,60320,0.905667;1473,38431,0.568222;1531,71995,0.826667
636,400889;1562,392292,0.997333;470,36891,0.782111;537,60939,0.905667;1578,41169,0.582667;1517,74010,0.837444
627,400843;1548,390786,0.996222;441,35201,0.779556;532,59375,0.909556;1496,40330,0.572;1448,72233,0.836444
624,400026;1562,392595,0.997333;409,33921,0.779111;548,58956,0.906222;1406,38885,0.585111;1397,70209,0.839556
627,400012;1559,390682,0.996111;419,34770,0.776889;532,61809,0.902667;1421,39507,0.579444;1478,73273,0.837444
633,400146;1549,387783,0.996222;428,35495,0.777889;563,62153,0.903;1423,39751,0.594889;1480,73682,0.845333
634,398829;1543,390788,0.996111;431,35364,0.787444;497,58339,0.905444;1438,39091,0.593;1412,69274,0.829333
631,398313;1562,390563,0.997111;435,33781,0.782333;518,56958,0.907111;1328,37102,0.582778;1360,68924,0.818222
637,399246;1560,391124,0.996889;404,35279,0.769556;561,59909,0.911444;1549,39054,0.574111;1428,73033,0.826889
631,399679;1570,395158,0.996667;434,35574,0.780333;530,60257,0.908889;1436,39655,0.580333;1422,71930,0.832889
629,401183;1547,389420,0.996222;443,36766,0.784889;553,62482,0.910556;1588,41879,0.571667;1549,75000,0.829667
623,399776;1564,391510,0.997222;445,36142,0.791556;543,61328,0.911444;1450,39916,0.577556;1456,72198,0.829556
622,396179;1558,390590,0.996667;427,34479,0.786444;513,59484,0.912444;1415,38322,0.574889;1333,67474,0.822556
632,400131;1560,392073,0.996778;402,35023,0.785;504,60482,0.918;1462,40100,0.580444;1489,72065,0.820667
638,399779;1572,397070,0.998;441,35693,0.784222;528,59533,0.908778;1510,40243,0.599111;1593,73147,0.832556
632,399011;1538,387485,0.996889;568,36447,0.778778;604,59667,0.909222;1522,38547,0.576778;1566,71952,0.826889
642,400524;1565,392991,0.997;470,36915,0.780111;542,60837,0.906;1606,41578,0.58;1555,73122,0.826889
622,399099;1561,392777,0.997;438,35049,0.792222;537,58632,0.918667;1562,41133,0.575778;1465,71159,0.827222
620,397825;1564,393263,0.996444;471,34878,0.774556;540,59895,0.913556;1493,40311,0.573778;1450,71562,0.827222
619,400621;1565,394225,0.997778;461,35992,0.771889;531,61163,0.909889;1506,40941,0.593667;1402,71209,0.826444
621,397756;1557,391223,0.997;446,34282,0.772111;547,60263,0.908889;1475,38262,0.563444;1498,68523,0.809556
634,397252;1552,390486,0.996444;471,34683,0.784333;543,57958,0.915111;1541,40766,0.578;1374,68656,0.828333
628,400652;1555,391083,0.997333;457,35761,0.779222;562,60325,0.909889;1498,40420,0.576333;1448,71969,0.823
633,398606;1558,392795,0.996556;416,34385,0.777444;514,58711,0.911778;1386,38526,0.568667;1368,69268,0.815
628,401027;1556,388924,0.997;427,36066,0.78;527,60311,0.911667;1440,40182,0.584;1445,72735,0.825
631,399248;1551,387838,0.995778;446,34646,0.786556;523,58340,0.916333;1427,38909,0.596222;1401,69647,0.826333
629,399134;1537,386876,0.996222;477,36914,0.798;545,59937,0.913111;1455,39878,0.596111;1508,73475,0.841778
627,399989;1545,389609,0.995778;442,34816,0.787889;529,60153,0.903778;1420,38773,0.600111;1481,72654,0.837667
627,400052;1561,391666,0.997;480,34778,0.781556;523,60285,0.910111;1415,38980,0.601778;1447,72198,0.834778
627,400369;1566,392208,0.995556;438,35902,0.780667;545,60054,0.903333;1432,39148,0.595444;1518,73419,0.828444
631,399891;1565,393472,0.997111;434,34493,0.764333;525,58519,0.902556;1387,38444,0.591222;1417,70819,0.833222
643,401346;1563,393185,0.996333;466,38320,0.786889;546,62091,0.900778;1548,42239,0.590444;1618,74476,0.824889
630,400053;1549,390260,0.997333;528,35757,0.778111;552,60167,0.907667;1453,38565,0.578778;1544,72485,0.831556
627,399252;1542,389916,0.996667;416,34636,0.776111;514,59468,0.905778;1464,39381,0.589111;1379,68220,0.813
629,399209;1565,389407,0.996444;413,34595,0.779889;509,59114,0.910778;1385,38203,0.575444;1375,70693,0.834
629,399598;1544,387691,0.995778;434,35089,0.785111;510,59721,0.908556;1446,38184,0.573111;1462,71164,0.834222
633,399371;1551,390867,0.997111;424,35355,0.782889;519,57506,0.907111;1472,38529,0.575111;1571,70195,0.842111
636,398851;1533,385646,0.996;457,34596,0.779111;550,58641,0.904556;1482,38043,0.566778;1489,69076,0.840667
643,399531;1537,385029,0.995889;453,35497,0.781778;545,60405,0.909444;1520,41023,0.585556;1467,71913,0.844444
638,401263;1541,387284,0.995222;458,35872,0.769667;518,61276,0.907778;1543,42554,0.593333;1442,72242,0.822
634,399508;1547,389632,0.996;420,36332,0.769667;481,60223,0.910111;1452,39645,0.599222;1459,71746,0.822
631,400784;1546,389460,0.998222;438,35547,0.779667;514,60808,0.916222;1369,38420,0.598667;1411,71486,0.826222
627,399422;1560,393144,0.996222;409,34719,0.781444;481,59666,0.906667;1426,39543,0.599111;1437,71130,0.831556
631,399901;1538,386934,0.996556;426,35794,0.797667;541,59170,0.916889;1456,39566,0.587556;1462,70945,0.830111
631,398183;1550,390174,0.996111;445,34831,0.787444;517,59451,0.908556;1404,37755,0.562889;1486,72354,0.818333
639,398780;1541,389482,0.996111;437,33531,0.772667;528,58814,0.910111;1453,38127,0.561778;1426,70840,0.819556
641,399206;1549,388445,0.996111;414,35938,0.772889;487,58581,0.903333;1457,39016,0.560111;1436,70119,0.817333
636,400224;1563,393229,0.996556;447,35231,0.783;529,60286,0.909;1372,37614,0.560889;1362,69922,0.820333
628,398296;1545,387564,0.996111;405,34775,0.784222;476,58197,0.914667;1505,37496,0.569111;1467,71650,0.819556
635,400461;1545,391193,0.996222;438,36290,0.789778;508,59999,0.908556;1472,40257,0.580111;1434,69354,0.813556
638,400494;1551,390978,0.996;453,37376,0.786667;546,61811,0.905444;1576,41751,0.572333;1549,75378,0.826556
621,399459;1562,392858,0.996667;442,35374,0.778556;502,59136,0.903889;1503,41606,0.577444;1447,72152,0.828333
639,400008;1540,389218,0.995;428,36449,0.759556;522,60562,0.9;1471,40387,0.574444;1464,72615,0.819111
639,397711;1556,393141,0.998;435,34548,0.766333;536,60410,0.907778;1359,38820,0.575333;1395,71004,0.810778
647,399522;1553,390280,0.995778;437,36769,0.772556;524,61321,0.906778;1365,38905,0.564778;1457,72199,0.806667
632,399694;1552,390606,0.996556;446,37355,0.773333;556,60006,0.910778;1556,39187,0.576444;1459,69979,0.817667
635,399103;1550,390310,0.996778;442,35193,0.780667;505,58495,0.906778;1439,39744,0.577556;1385,69183,0.807111
634,398265;1548,392967,0.996667;428,35911,0.777556;568,61290,0.909111;1503,39422,0.560222;1475,72391,0.818222
640,401245;1562,393310,0.995667;421,37873,0.779778;512,62516,0.905667;1543,43030,0.583;1579,75407,0.832556
652,400704;1553,390695,0.996556;421,36538,0.796778;524,62353,0.910889;1530,40886,0.579556;1507,74003,0.826
649,399946;1553,391437,0.996222;503,34971,0.780889;506,59628,0.902556;1492,40202,0.563667;1368,69991,0.808778
649,399501;1547,390557,0.996333;421,35277,0.783333;517,59967,0.908;1435,38954,0.575222;1425,71343,0.821667
644,399479;1545,390885,0.995889;421,36255,0.783333;509,59895,0.898889;1466,40032,0.581111;1437,72104,0.835667
630,400157;1535,391596,0.997222;464,36161,0.779667;486,60361,0.901667;1486,40517,0.576;1430,73394,0.824111
630,400978;1560,394211,0.996778;449,36892,0.775222;528,61072,0.906111;1585,41335,0.580444;1546,73290,0.818889
631,398933;1535,390354,0.996;447,34916,0.784667;528,58824,0.902111;1422,38804,0.595111;1422,69875,0.817889
631,399949;1538,390109,0.996667;446,35816,0.770333;510,60111,0.895;1474,40028,0.601556;1439,71743,0.817444
638,399334;1530,388761,0.996333;420,35541,0.778111;508,59180,0.904;1493,39348,0.603889;1389,69009,0.82
644,399254;1530,388781,0.995889;399,34886,0.772667;495,59870,0.907889;1557,41184,0.603889;1532,72567,0.826
637,400266;1509,384793,0.994889;448,36910,0.783556;512,60732,0.910111;1497,40206,0.592333;1495,72597,0.826667
628,398757;1758,385071,0.994444;415,35004,0.78;529,58917,0.909444;1463,38153,0.595667;1402,68936,0.825111
626,400029;1530,387949,0.996889;444,35932,0.774;500,59342,0.912222;1437,39926,0.605556;1407,70539,0.830222
627,400749;1543,393218,0.997;457,36407,0.767667;546,61915,0.908889;1546,41696,0.6;1528,73516,0.838
634,399398;1546,392590,0.996556;471,35211,0.762667;537,60403,0.908667;1527,40022,0.606333;1421,69215,0.823333
645,397849;1532,390896,0.995667;426,34450,0.767111;529,59084,0.906;1388,37049,0.587667;1471,71144,0.807778
647,400209;1530,386759,0.995667;437,35755,0.775;541,61205,0.902333;1521,39147,0.581111;1544,72615,0.823111
647,400845;1552,391227,0.996556;464,36670,0.766667;580,60925,0.903667;1542,40224,0.588444;1573,75110,0.838444
640,400950;1540,388791,0.996444;437,35543,0.763778;567,63832,0.903778;1481,40308,0.589556;1472,73548,0.840667
632,397782;1534,387183,0.996889;442,33871,0.760444;512,57402,0.901222;1399,38247,0.584111;1458,70339,0.831222
632,398084;1544,389101,0.997111;448,34776,0.776222;518,57426,0.901778;1407,37638,0.588889;1400,69360,0.829444
638,399448;1557,393087,0.997;466,35775,0.772333;647,60633,0.907333;1461,39774,0.600222;1471,71176,0.824889
638,400177;1535,389157,0.996556;426,35786,0.773778;535,60145,0.911222;1502,39030,0.590667;1456,72343,0.831667
643,399400;1555,392460,0.997333;428,34656,0.771556;494,57286,0.905556;1494,37895,0.586111;1453,69971,0.827111
642,397839;1553,391066,0.995333;417,33924,0.768111;530,59147,0.899333;1397,37670,0.580111;1407,69313,0.826444
645,400444;1548,388050,0.996333;425,35173,0.772444;533,61388,0.912222;1468,39144,0.582444;1517,73761,0.828556
638,400451;1541,388616,0.996444;416,35393,0.768556;529,60025,0.904889;1468,38922,0.599222;1493,69819,0.820889
629,397096;1550,390900,0.997111;418,34756,0.773;503,57918,0.897;1414,38082,0.588444;1417,69437,0.827
638,400033;1556,394012,0.997111;435,35699,0.773111;539,60516,0.909556;1457,39559,0.582333;1500,72464,0.820889
635,400613;1527,392460,0.997111;436,35786,0.776333;523,61555,0.915;1557,40837,0.580889;1518,72413,0.818889
636,398908;1550,391702,0.997111;462,35325,0.77;526,60555,0.908333;1368,37727,0.566556;1474,72153,0.810556
635,400598;1559,392396,0.996;402,35251,0.782;521,60086,0.902778;1484,39663,0.576444;1481,71698,0.826444
643,399675;1533,393165,0.995778;435,35314,0.777556;506,58823,0.912111;1465,39459,0.586;1441,70729,0.822667
640,399780;1548,391528,0.997556;475,35632,0.779667;544,60214,0.905222;1399,38982,0.574222;1397,71043,0.819444
631,400563;1546,392468,0.995556;421,36526,0.793778;530,61366,0.908778;1546,40736,0.579111;1553,75863,0.825667
632,400451;1546,390291,0.996;435,35505,0.779111;554,60735,0.911;1518,40268,0.588889;1462,72149,0.821
634,401104;1518,392112,0.997667;421,37137,0.782111;529,61781,0.901556;1423,39402,0.577444;1521,73751,0.835222
630,398367;1417,387396,0.996778;417,34285,0.772667;514,59126,0.906556;1450,38100,0.579889;1373,70293,0.830778
644,400074;1429,389869,0.995778;431,35116,0.779667;495,59465,0.896667;1430,38821,0.592889;1389,68955,0.825778
640,400156;1480,390912,0.996889;449,36276,0.786667;536,60253,0.908222;1480,39346,0.584;1457,71980,0.817222
648,399807;1551,389163,0.996;430,35443,0.790111;509,59397,0.906889;1466,39822,0.595;1444,70857,0.829
637,400457;1438,393578,0.996889;435,36153,0.782333;497,60945,0.902222;1440,40436,0.597556;1462,73222,0.833889
635,399956;1424,393988,0.996444;485,35258,0.766667;486,60547,0.915;1382,39304,0.586556;1413,70249,0.819778
639,400117;1446,391556,0.997444;428,34940,0.770556;543,60983,0.910889;1490,39850,0.559889;1550,74824,0.823111
639,398530;1461,392880,0.997;466,35156,0.775;500,58523,0.910444;1395,38135,0.566889;1422,70319,0.822444
648,399320;1437,391001,0.996667;422,35324,0.766444;534,60405,0.902444;1493,40705,0.576111;1464,72989,0.837333
673,400945;1507,389475,0.996333;435,35358,0.768444;514,61005,0.911222;1364,37366,0.579556;1382,68419,0.832111
669,396735;1536,389422,0.997222;444,34738,0.765556;518,58795,0.901889;1500,39427,0.568444;1405,68206,0.807667
672,400941;1534,389770,0.996667;433,36101,0.787667;518,61332,0.913667;1389,40446,0.589778;1350,71112,0.822111
678,400142;1550,391392,0.997111;500,37706,0.780778;558,62429,0.903667;1498,41235,0.591;1405,72392,0.820667
673,399479;1537,390462,0.996222;453,35401,0.772444;507,59749,0.893667;1515,40746,0.587111;1410,70729,0.827222
670,400224;1539,391527,0.997444;405,35669,0.778222;490,60614,0.907667;1448,39377,0.584111;1455,70182,0.814333
674,398531;1547,393159,0.995444;421,36441,0.792667;523,60410,0.911222;1409,39634,0.587222;1436,71096,0.813222
667,398361;1563,393697,0.996778;472,36381,0.785333;483,59292,0.901;1368,39986,0.579889;1397,72202,0.827222
670,399191;1487,388559,0.998444;407,36230,0.781778;546,59870,0.905444;1342,38842,0.560889;1367,71651,0.823333
668,400848;1474,392821,0.996;460,36123,0.787889;535,60820,0.910556;1478,40430,0.554667;1496,71584,0.802
671,400792;1547,392050,0.997;450,36604,0.788111;458,59788,0.906667;1491,40158,0.548778;1506,75078,0.808333
677,399990;1544,391053,0.996333;439,36748,0.774889;528,61242,0.906111;1495,41537,0.562222;1542,73771,0.814556
678,399489;1459,388242,0.996222;439,36029,0.772333;534,60515,0.905111;1464,39394,0.570556;1435,73544,0.819667
677,400749;1428,391470,0.997778;424,34716,0.770111;532,61997,0.902556;1429,39612,0.576222;1366,72316,0.829556
674,397628;1486,389912,0.995444;397,34954,0.772778;503,59387,0.904;1446,40205,0.588444;1427,68458,0.832889
671,398986;1540,388044,0.996111;438,35551,0.78;463,59755,0.908;1443,39451,0.584556;1464,71657,0.825333
679,399420;1551,391670,0.995;436,34188,0.778889;526,59418,0.906444;1295,37886,0.562222;1435,70219,0.808222
671,399945;1545,390481,0.996889;411,35845,0.787556;551,60626,0.913444;1526,39742,0.579333;1529,72890,0.819889
673,399921;1536,388639,0.996;469,35199,0.792222;560,60576,0.910444;1453,39363,0.588444;1408,70449,0.812556
669,399171;1425,389614,0.996667;403,33879,0.767889;524,58053,0.91;1390,39215,0.591778;1429,69799,0.815778
680,401118;1493,390803,0.997444;425,35244,0.769111;495,60776,0.908778;1545,40037,0.573444;1514,74171,0.824222
669,400123;1577,392111,0.996444;439,35052,0.769;536,60440,0.908;1475,41012,0.586778;1484,72134,0.818444
671,398428;1566,392745,0.994444;426,35839,0.769333;498,59799,0.908333;1467,39046,0.573667;1471,72831,0.819222
671,396386;1547,391408,0.995889;428,34119,0.772889;513,59210,0.904556;1359,37160,0.564444;1278,67586,0.815222
673,398908;1549,390378,0.996333;407,35268,0.776778;487,56970,0.901556;1442,39088,0.562333;1381,71892,0.821111
680,400088;1521,389388,0.995333;429,35135,0.777444;518,58886,0.901444;1439,38425,0.566778;1486,71841,0.820111
671,398015;1556,390841,0.996333;414,35038,0.771889;471,59483,0.910222;1479,39552,0.557222;1467,71406,0.835
669,400169;1555,389650,0.996889;423,36176,0.784778;511,59810,0.910222;1471,39743,0.566222;1393,72068,0.833222
675,400528;1470,390907,0.995889;424,35094,0.779667;498,59911,0.911667;1443,40021,0.586;1434,69380,0.816444
676,399200;1539,390329,0.996;420,36025,0.779222;488,59841,0.905889;1498,40956,0.592889;1463,71235,0.817333
676,399855;1537,389905,0.995889;425,35199,0.773667;509,60092,0.906778;1443,40276,0.587444;1424,71913,0.817889
672,399079;1537,390351,0.996222;411,34788,0.768222;498,59269,0.905556;1427,39966,0.582667;1455,72204,0.818667
669,400539;1497,386214,0.996222;479,35988,0.779667;533,62345,0.914222;1578,40391,0.585444;1537,73475,0.827889
674,399408;1522,388424,0.996111;420,34851,0.779333;508,59100,0.905667;1380,40245,0.573889;1377,69608,0.822111
669,399339;1508,389238,0.995333;393,35275,0.776667;433,59722,0.904556;1292,38664,0.585556;1283,70313,0.823222
673,398774;1497,387839,0.996111;311,34688,0.778778;398,59121,0.906222;1291,38839,0.59;1325,70328,0.832667
673,398353;1543,388279,0.996667;409,35164,0.77;426,60132,0.906111;1383,38500,0.581778;1414,71622,0.837444
670,398999;1462,387563,0.997222;419,35467,0.781667;517,61336,0.914667;1266,39917,0.594667;1280,69236,0.844222
675,397964;1537,390291,0.996222;367,35129,0.787778;419,57594,0.903111;1409,38846,0.583667;1341,67421,0.824778
675,399317;1519,390242,0.996778;406,34506,0.770333;519,60439,0.905222;1409,38643,0.584889;1350,68722,0.821667
669,399936;1545,391996,0.997111;441,35349,0.775444;507,58367,0.907333;1430,39220,0.599;1365,68420,0.815556
677,401342;1540,388726,0.996222;385,36695,0.788667;522,61925,0.907667;1479,40538,0.619556;1480,74069,0.827667
681,399408;1535,390225,0.996556;420,34918,0.789778;520,59849,0.904556;1409,38386,0.594889;1476,71563,0.813444
666,400646;1549,389520,0.996111;420,35523,0.782556;526,60690,0.905;1461,38437,0.602889;1454,71014,0.837111
681,401009;1526,390603,0.997667;443,37107,0.776667;524,62260,0.910444;1632,42204,0.606667;1454,71301,0.822444
677,399603;1553,393973,0.997444;431,35441,0.790222;518,59787,0.909333;1522,40228,0.600444;1429,69617,0.818556
680,399295;1528,392358,0.996556;424,34461,0.777111;509,58614,0.907222;1472,40001,0.598889;1474,71903,0.823667
680,400801;1535,390610,0.997333;438,35645,0.786444;507,61883,0.905667;1463,39467,0.600111;1532,73638,0.829556
673,399170;1551,388326,0.997444;434,34267,0.773889;507,58448,0.903667;1392,38799,0.595889;1432,71341,0.836889
675,400378;1505,392243,0.998111;447,36521,0.775778;537,61514,0.899333;1525,42125,0.597889;1498,74148,0.827333
668,399394;1539,389014,0.995444;417,35328,0.777667;544,59912,0.909444;1427,39236,0.597111;1423,71089,0.831889
663,397359;1530,389069,0.997444;411,34051,0.780222;504,56858,0.905222;1337,37170,0.587111;1413,67543,0.822889
665,398654;1728,387552,0.997333;382,35680,0.786889;515,59320,0.909778;1469,39436,0.586333;1455,70913,0.832889
672,399345;1528,390858,0.995;417,36014,0.786778;551,60140,0.909222;1475,39177,0.570444;1330,69046,0.817667
674,400651;1509,389174,0.995444;491,35136,0.776667;547,59876,0.91;1549,40250,0.591111;1493,72028,0.820222
669,398363;1547,391695,0.996222;506,34916,0.773778;533,59943,0.906;1402,37861,0.563222;1448,69283,0.818
674,401001;1516,389491,0.995111;488,35998,0.776889;543,61248,0.907;1574,39730,0.553556;1562,73990,0.821778
679,400426;1515,385186,0.997;442,35487,0.778444;514,60213,0.909;1525,38752,0.577556;1541,72346,0.825111
672,399517;1538,390011,0.995778;431,35509,0.781889;547,59844,0.908778;1507,39242,0.591;1440,68890,0.831556
673,399698;1549,392427,0.996333;439,36803,0.787;580,59771,0.911111;1506,39829,0.592222;1475,71112,0.826222
669,399421;1555,392236,0.998111;467,35921,0.775778;549,59838,0.908;1523,40311,0.58;1477,72692,0.820333
670,398120;1534,390044,0.997667;430,34848,0.766778;523,58465,0.903778;1519,38083,0.563667;1495,69639,0.816
676,400055;1536,389219,0.995889;444,35710,0.776556;555,60839,0.908222;1646,40754,0.573667;1603,74815,0.830556
673,399295;1543,389577,0.996556;468,36255,0.796222;595,60373,0.911222;1537,40346,0.588111;1510,71315,0.836778
672,400607;1546,392311,0.996222;484,36427,0.797444;532,59933,0.905333;1474,38994,0.590667;1470,70169,0.829444
669,399529;1533,392012,0.996778;437,35407,0.788889;534,59343,0.908444;1463,39117,0.581889;1446,70173,0.828889
672,399991;1778,388526,0.996667;436,35503,0.783778;531,59588,0.904444;1526,40479,0.582667;1520,72483,0.829556
669,399159;1534,391649,0.996889;422,34226,0.77;505,60126,0.910111;1458,38688,0.590778;1448,69952,0.833333
666,398808;1541,388298,0.996111;460,36056,0.779778;564,59865,0.903222;1498,39881,0.615333;1451,69446,0.823889
676,400333;1516,388794,0.996444;436,35218,0.765778;564,61834,0.910222;1455,39765,0.598;1487,70816,0.827778
675,400047;1529,386485,0.996444;453,35313,0.774778;541,58948,0.900889;1459,39141,0.594667;1541,72807,0.827111
680,400171;1515,389125,0.995444;457,36144,0.775556;524,60425,0.907;1508,40347,0.595111;1533,72477,0.833222
673,399125;1549,390803,0.997;446,36608,0.777889;528,59486,0.902556;1518,40261,0.598667;1476,70837,0.829444
676,400174;1539,389490,0.997222;452,36009,0.776667;564,60265,0.913222;1571,40623,0.612556;1506,70680,0.832667
672,399972;1522,390650,0.996444;431,34481,0.759111;545,59328,0.903778;1548,39375,0.588111;1504,71563,0.815556
673,400513;1532,390975,0.995889;435,34772,0.778444;550,59750,0.912;1461,39625,0.609556;1504,71550,0.829778
672,399275;1461,390095,0.996778;447,34983,0.780444;525,57835,0.900889;1413,37374,0.607667;1424,68637,0.831111
671,398370;1452,389681,0.997111;481,34726,0.770444;566,59613,0.906111;1490,38231,0.581889;1408,66987,0.813111
678,399705;1549,390610,0.996444;468,35548,0.779667;548,60425,0.912333;1548,39146,0.571111;1576,71932,0.809778
684,400853;1532,390046,0.996111;463,35950,0.781778;537,61065,0.910444;1644,40981,0.576778;1578,72231,0.810889
661,398457;1519,391129,0.996667;449,34347,0.775444;530,59113,0.903111;1448,37676,0.570444;1495,69928,0.814333
673,398118;1450,392771,0.996;447,35065,0.775333;540,58207,0.900889;1490,39281,0.582667;1491,70909,0.827333
676,400468;1465,391255,0.996;479,35612,0.776111;536,60775,0.903778;1554,40025,0.584778;1548,73196,0.821444
675,398998;1474,389877,0.997;425,34431,0.771333;529,59377,0.902333;1502,38648,0.568667;1484,69809,0.823889
670,397841;1459,392135,0.997;427,33830,0.769778;524,58932,0.909444;1465,37503,0.558889;1504,68588,0.810444
670,398691;1547,390991,0.997556;495,36896,0.768333;578,60765,0.907556;1688,40683,0.573444;1553,70823,0.816889
677,398934;1533,390043,0.996444;449,34726,0.777444;574,58859,0.909111;1502,38124,0.567778;1502,70268,0.827667
683,400470;1554,389606,0.995333;451,37009,0.765778;575,61894,0.911111;1664,41837,0.564444;1621,75974,0.830333
670,397706;1565,392263,0.996111;450,34796,0.773333;510,58095,0.906778;1542,38251,0.557556;1436,69010,0.820444
676,400110;1545,391104,0.996556;419,34762,0.777111;524,58911,0.901111;1530,38677,0.560556;1434,70555,0.814333
678,399755;1555,393211,0.998;467,35902,0.767222;594,62690,0.906222;1635,40506,0.550667;1609,72167,0.802667
674,399897;1548,391452,0.996778;494,36919,0.776111;553,61071,0.907;1615,39878,0.558333;1619,72874,0.809667
673,398946;1546,391362,0.997111;452,34238,0.766778;534,60099,0.907444;1492,38432,0.559444;1508,69296,0.808778
670,400521;1546,393822,0.997222;460,35877,0.786667;565,60767,0.908111;1626,41382,0.581333;1579,72353,0.812444
676,399761;1546,389681,0.998;462,35907,0.789111;554,60496,0.902;1478,39083,0.588778;1563,71853,0.820667
679,399369;1550,387738,0.996333;499,35747,0.783889;544,60463,0.899444;1535,39309,0.576667;1550,70345,0.825444
673,399361;1540,386690,0.996111;445,34594,0.761222;567,59991,0.908333;1519,39436,0.589778;1523,70173,0.830778
675,398436;1542,389439,0.995444;483,35220,0.769889;551,58891,0.900111;1568,40072,0.586889;1507,70950,0.822556
682,399624;1455,390002,0.995778;478,36421,0.776333;562,60629,0.903778;1645,40203,0.592;1551,71421,0.825111
678,398391;1458,387995,0.994667;449,35468,0.774444;544,59329,0.908111;1537,40097,0.599;1461,68179,0.818111
676,400055;1447,389659,0.996778;452,35866,0.788;526,59610,0.908556;1542,39546,0.596667;1517,72740,0.832111
674,398541;1456,389236,0.997667;438,35336,0.769;563,60416,0.907;1596,38776,0.585889;1545,71571,0.836333
677,399366;1439,390668,0.996667;481,35440,0.785667;556,60237,0.917;1527,38156,0.579556;1507,70405,0.826
680,399624;1452,393408,0.996444;480,36158,0.779667;590,59622,0.902444;1596,39850,0.568778;1568,71755,0.819778
678,400024;1488,391744,0.994333;468,35745,0.774444;569,60975,0.907333;1630,39389,0.562444;1551,72881,0.831444
675,398980;1557,392271,0.996889;445,35202,0.764444;554,60331,0.907111;1613,40606,0.574667;1479,70272,0.840778
674,399369;1573,391675,0.998111;448,35549,0.769111;543,59441,0.905111;1524,39399,0.568778;1497,70586,0.834556
678,400373;1536,388903,0.996556;492,34732,0.770889;565,59128,0.915333;1507,40865,0.595889;1486,69732,0.839
677,401165;1545,390667,0.997222;482,36265,0.773111;578,61358,0.910333;1556,40678,0.577778;1614,73675,0.831556
673,399939;1553,390910,0.997222;490,36239,0.775778;547,60345,0.912667;1463,39276,0.586667;1695,72066,0.827556
678,399244;1561,391501,0.998667;493,36256,0.772778;529,59522,0.905444;1510,39632,0.599556;1488,70265,0.819556
680,398850;1553,393388,0.997333;469,35424,0.786222;586,59165,0.904333;1374,37032,0.585333;1476,71103,0.828333
670,396938;1550,390464,0.997778;465,35535,0.781222;551,58743,0.904778;1371,37740,0.579;1456,69700,0.833889
676,399454;1543,390756,0.997333;483,36406,0.791556;534,59674,0.913222;1538,42626,0.594778;1486,71858,0.831333
672,398680;1553,392804,0.996444;435,34308,0.782889;502,57680,0.901778;1388,38670,0.591889;1410,70282,0.835667
678,399598;1547,390744,0.996889;450,35666,0.798;525,58215,0.909889;1389,38953,0.607222;1397,68578,0.836778
678,400992;1561,393277,0.995111;447,35942,0.789;544,60070,0.898778;1487,40172,0.592778;1486,72135,0.833
674,400146;1537,390323,0.996333;448,35400,0.783889;532,61388,0.902889;1467,39912,0.589333;1493,70544,0.827222
680,400506;1536,390088,0.996667;477,35763,0.792556;555,60856,0.907111;1564,40500,0.583556;1491,72112,0.827222
678,398181;1535,389263,0.996333;444,34706,0.783667;548,58763,0.904667;1423,38340,0.579444;1457,69958,0.824667
684,400838;1512,387018,0.996556;432,36186,0.774556;552,59628,0.903333;1495,40401,0.579667;1484,73906,0.825667
676,400716;1555,392155,0.996556;450,36985,0.794889;529,60718,0.912111;1485,40656,0.607222;1504,72125,0.827667
669,400202;1555,391588,0.996556;454,35264,0.786778;533,60234,0.906333;1512,41283,0.590556;1519,73594,0.825556
671,398530;1538,388305,0.997667;441,34476,0.776222;524,59075,0.911778;1414,37903,0.584222;1432,68876,0.824667
673,398604;1550,390081,0.995889;458,33762,0.771556;523,58598,0.910333;1470,37588,0.576222;1443,68813,0.819111
676,401255;1559,389644,0.996111;452,37451,0.779667;568,61714,0.909444;1625,41160,0.569222;1638,74948,0.826111
676,400115;1519,390434,0.997222;573,36996,0.780111;585,61175,0.905222;1630,41138,0.580444;1603,72954,0.822
674,400315;1550,388421,0.995444;463,35718,0.773333;573,60948,0.902444;1493,39092,0.574778;1535,71640,0.830667
680,400292;1545,390541,0.997222;481,35814,0.776444;586,60299,0.909111;1561,39833,0.565667;1701,71263,0.819889
675,400372;1545,389443,0.997;480,35621,0.782;571,59963,0.914778;1689,41376,0.567889;1642,74929,0.818889
668,399747;1549,390498,0.996778;462,35053,0.780333;547,60397,0.911333;1603,40931,0.578667;1552,72934,0.829778
668,399285;1547,393381,0.996444;428,34304,0.776;546,59828,0.900889;1443,37668,0.573333;1486,70480,0.824444
670,399919;1549,389071,0.997333;451,35352,0.778556;551,59632,0.907889;1531,40729,0.595333;1475,72566,0.838
671,400066;1491,389367,0.996667;451,35277,0.775667;554,57904,0.907;1479,39994,0.607889;1422,69240,0.844889
671,400146;1438,391411,0.996;458,36281,0.788333;528,60240,0.909444;1490,40704,0.603444;1491,71752,0.833556
669,400363;1542,389441,0.997;443,35686,0.803111;524,59823,0.908111;1485,41180,0.608333;1482,72266,0.833778
673,401602;1535,391602,0.996889;431,35975,0.786667;515,61747,0.907778;1463,41515,0.599;1446,70982,0.829556
673,400251;1435,388846,0.996111;458,36372,0.784778;526,60367,0.914778;1460,38913,0.589667;1480,70499,0.816889
673,398652;1439,392712,0.995667;443,34102,0.779111;499,57203,0.904778;1386,37337,0.587333;1376,68505,0.827778
670,397002;1440,390751,0.996444;438,34583,0.781333;522,58332,0.906889;1369,37778,0.602556;1311,66188,0.825444
672,400381;1443,389112,0.995556;426,34604,0.78;520,58061,0.907;1408,37101,0.602556;1430,69842,0.823333
673,401000;1437,389549,0.995667;464,35364,0.776111;556,61379,0.906889;1575,40012,0.59;1685,72149,0.821778
674,399513;1437,390452,0.996667;441,34638,0.779556;506,59466,0.905556;1440,39206,0.585444;1482,70771,0.829333
674,398778;1485,391387,0.994889;433,34967,0.785333;512,57983,0.907222;1372,36942,0.580444;1403,69213,0.838
671,400639;1593,390517,0.996444;411,34130,0.777556;530,60510,0.907222;1440,39256,0.581111;1454,72447,0.847
669,400416;1557,392157,0.995889;396,34366,0.785;512,60555,0.913667;1363,39147,0.593667;1454,70231,0.830111
674,399562;1550,390735,0.994444;420,35089,0.788;524,59976,0.914889;1441,40557,0.605667;1396,70324,0.840333
668,396916;1543,385129,0.996778;440,34378,0.785333;486,56113,0.912111;1402,38717,0.584667;1310,67643,0.837444
680,400537;1558,390453,0.997889;441,35914,0.785556;540,60003,0.908556;1503,38894,0.569889;1491,70183,0.827222
674,399325;1550,389611,0.996444;451,35047,0.785222;551,59855,0.910333;1503,39434,0.579444;1424,69681,0.834667
677,399662;1555,388537,0.995111;434,36819,0.784667;540,61152,0.909222;1521,40979,0.592444;1491,72361,0.834778
676,400245;1542,387666,0.996111;426,35435,0.786556;555,60309,0.913333;1505,39656,0.606778;1452,68466,0.832556
673,399167;1544,388020,0.996556;481,36323,0.786333;521,58780,0.906333;1430,38963,0.614667;1426,69407,0.842667
675,399331;1548,389288,0.996222;440,34963,0.782333;523,59776,0.909333;1417,37744,0.604444;1502,71273,0.829667
668,397608;1540,386398,0.995556;428,33221,0.779222;507,56457,0.914;1338,37358,0.613444;1435,68448,0.83
670,398083;1554,388038,0.996333;438,33226,0.763222;565,56975,0.901111;1352,35582,0.594778;1361,67879,0.812556
672,399575;1544,387136,0.995111;450,35161,0.776778;492,59223,0.907444;1420,37892,0.605333;1469,69830,0.817667
669,400686;1536,387255,0.995444;433,35763,0.775444;544,60013,0.912778;1517,39485,0.606667;1488,71690,0.810444
673,399064;1545,387582,0.996556;435,34964,0.776778;505,59529,0.907222;1418,37621,0.581556;1521,70852,0.809778
675,399630;1556,390461,0.996111;448,34297,0.773778;524,58748,0.901333;1592,39618,0.576444;1450,69769,0.814444
676,400253;1545,388481,0.996444;451,34707,0.778111;528,59149,0.907;1488,37635,0.576556;1495,70348,0.812111
673,398078;1547,388040,0.997333;465,35929,0.784222;524,59530,0.900444;1478,39209,0.587444;1482,70771,0.813667
672,399679;1549,389299,0.996333;421,34967,0.779222;548,60959,0.910889;1496,40015,0.610778;1468,70570,0.819778
677,398315;1540,385652,0.996222;463,35188,0.789556;524,58266,0.909222;1402,39169,0.612;1424,70245,0.830667
671,400588;1533,385303,0.996778;411,35117,0.788778;542,60528,0.913778;1458,38844,0.596556;1455,68714,0.817889
664,399086;1548,388527,0.995778;458,34720,0.792444;530,57849,0.911556;1329,36755,0.604778;1385,68126,0.839
662,400118;1555,389001,0.995556;442,35476,0.786;543,61361,0.904889;1474,40329,0.597667;1381,73199,0.844
668,398280;1552,389196,0.997;434,33889,0.771889;521,58222,0.907222;1373,36885,0.599111;1381,68854,0.832222
674,400696;1542,388112,0.996667;448,34435,0.776444;534,58755,0.906444;1502,40193,0.596556;1443,72442,0.825889
672,400623;1552,392919,0.998111;452,36201,0.792556;550,61372,0.905778;1488,39871,0.587889;1566,74919,0.834222
669,399687;1558,391557,0.995889;437,33762,0.773667;548,58204,0.909667;1507,38580,0.569333;1489,70419,0.805778
677,400301;1551,389835,0.996222;462,34985,0.787;560,58735,0.906222;1538,39123,0.576556;1517,72125,0.824556
680,400580;1559,390202,0.996667;442,36084,0.790556;560,60078,0.904222;1515,39132,0.568556;1519,72492,0.809889
677,399324;1459,391824,0.996556;432,34273,0.790667;545,58671,0.910556;1461,39070,0.558444;1513,72753,0.819667
681,400145;1452,389233,0.996667;443,35287,0.787556;546,60242,0.906778;1496,38811,0.572444;1479,71248,0.810444
680,400708;1439,389548,0.996222;438,34708,0.781444;531,58178,0.903333;1538,39546,0.589333;1490,71620,0.820444
671,398988;1450,389945,0.995556;448,33916,0.776111;519,58789,0.905333;1463,38192,0.585;1513,70542,0.827778
680,400432;1470,387967,0.995556;469,34960,0.776333;590,60561,0.913444;1532,39387,0.581;1533,71832,0.822778
676,399989;1450,387105,0.996222;461,35379,0.781333;554,60867,0.912333;1578,39199,0.564667;1473,70374,0.815778
671,398701;1422,389533,0.995778;440,34928,0.785889;526,58868,0.906889;1562,39431,0.571222;1491,71147,0.816222
675,399941;1450,389381,0.997222;440,33531,0.786889;545,57472,0.911444;1568,40248,0.580667;1442,68002,0.817444
677,400915;1466,389946,0.996778;448,35038,0.781444;556,59160,0.903667;1617,40689,0.574889;1538,72625,0.821222
670,398729;1511,388204,0.996667;445,33036,0.778;524,56672,0.905;1451,37249,0.588111;1466,69040,0.828667
668,399632;1540,385493,0.995778;447,35975,0.778778;545,60129,0.900778;1560,39838,0.603333;1511,71086,0.835333
670,398317;1558,389688,0.993889;444,34424,0.781556;563,59642,0.914667;1464,38880,0.603556;1495,69898,0.820111
674,401046;1561,391227,0.996;522,35460,0.797111;684,59052,0.913;1502,39379,0.596667;1472,72082,0.826222
673,400113;1550,388967,0.997;416,33507,0.786111;537,60030,0.909222;1425,38308,0.583556;1463,71726,0.833111
673,399878;1547,388581,0.996667;409,34064,0.795111;532,58719,0.913111;1452,38920,0.590444;1433,69710,0.834889
671,399631;1550,386955,0.996667;413,33955,0.788222;523,57380,0.908222;1471,39318,0.602667;1393,68991,0.840778
660,397970;1560,389490,0.997222;429,32580,0.785778;531,57345,0.914333;1434,37840,0.590111;1382,66438,0.824889
676,400284;1553,389689,0.996333;454,35210,0.784667;537,59313,0.907333;1437,38993,0.589667;1511,72187,0.836778
676,399897;1546,390114,0.994556;459,34896,0.786778;460,56933,0.895556;1424,38905,0.595333;1450,69652,0.833444
670,397333;1450,387928,0.996444;454,33810,0.778111;516,59171,0.908;1386,36896,0.572333;1396,68276,0.805556
668,397653;1459,389708,0.997889;455,33532,0.768444;500,57716,0.906333;1471,38658,0.577111;1442,70620,0.833111
673,398756;1460,390125,0.995222;504,35311,0.787444;537,59461,0.909111;1478,37740,0.581111;1398,68166,0.827222
672,398930;1444,390271,0.996222;407,34166,0.792556;512,57923,0.905222;1255,35490,0.571556;1329,66003,0.827556
669,400054;1451,390459,0.996222;409,34500,0.800556;524,60583,0.918222;1472,39924,0.597222;1423,70305,0.836222
666,399582;1452,389719,0.997222;420,34408,0.793111;503,58021,0.910222;1379,38141,0.588889;1454,71329,0.826111
668,399126;1464,391957,0.997778;431,33015,0.776;533,58600,0.908111;1382,38093,0.591778;1446,70285,0.830889
657,400648;1470,392817,0.995333;440,35347,0.780333;519,60479,0.907778;1507,40728,0.585333;1429,70278,0.822556
674,399498;1443,389856,0.996778;413,34246,0.787556;523,58382,0.906111;1433,38387,0.588889;1433,68612,0.826111
674,398833;1443,389214,0.997778;413,34809,0.791667;538,58251,0.909889;1441,39183,0.597111;1443,69412,0.834444
673,398778;1452,390604,0.996222;424,33156,0.788111;509,56697,0.911444;1269,34108,0.594;1354,65777,0.835333
666,400050;1458,391438,0.995889;610,34442,0.784333;543,58936,0.901333;1490,39266,0.607;1460,70058,0.828667
671,401206;1457,391991,0.996778;431,34754,0.793;507,58703,0.905222;1499,38774,0.604667;1541,72262,0.828889
674,400387;1472,390014,0.996667;427,34350,0.801111;613,59230,0.909;1542,37110,0.587444;1611,71501,0.831778
678,400075;1445,390642,0.997444;461,33958,0.797222;557,58232,0.912;1369,35802,0.59;1485,70207,0.829111
676,399407;1442,387036,0.995667;468,34440,0.800667;549,58026,0.902333;1460,37703,0.615;1452,69183,0.839
661,396853;1455,390522,0.997;420,32696,0.789333;517,56302,0.907111;1296,34445,0.591444;1435,66317,0.821667
668,399186;1453,389097,0.997;448,32320,0.788111;537,57406,0.913667;1343,35510,0.598111;1425,66374,0.828111
667,396311;1452,388545,0.996444;461,32937,0.792444;505,55369,0.9;1337,35238,0.597667;1374,66169,0.829444
674,400236;1463,388614,0.997222;430,33107,0.795444;563,57427,0.906;1370,36224,0.597778;1464,68604,0.838333
670,397823;1450,388359,0.995667;466,33209,0.789;542,57102,0.900444;1360,34826,0.595889;1461,67202,0.839333
661,397182;1451,389445,0.996556;459,32870,0.802111;542,56688,0.914;1337,35445,0.595556;1416,66373,0.844333
674,398366;1476,388853,0.996667;445,31587,0.802222;536,56525,0.920444;1373,36152,0.610333;1388,65292,0.841
669,398962;1560,388905,0.996778;410,31822,0.802;531,56493,0.914778;1263,34431,0.620667;1421,66128,0.846111
672,397610;1560,389118,0.997333;424,31190,0.802778;528,55009,0.905333;1302,35292,0.633667;1381,66542,0.838
672,398035;1563,388891,0.996;446,31292,0.805222;587,55727,0.910778;1520,36319,0.614111;1487,65519,0.825111
667,398037;1551,387617,0.997667;487,32014,0.806444;602,56841,0.913667;1299,33246,0.613444;1368,63086,0.825333
668,397191;1569,392468,0.996889;423,30289,0.808111;490,53477,0.921222;1221,32681,0.612444;1352,64316,0.840111
672,398573;1546,386381,0.995667;467,33248,0.792444;541,57590,0.906222;1325,35782,0.591111;1401,68388,0.840667
674,398732;1562,388909,0.995556;422,31728,0.794222;526,55960,0.920667;1239,33297,0.616889;1329,64359,0.844778
671,398618;1540,384823,0.997222;437,30959,0.815;510,54249,0.925;1164,32142,0.617556;1337,64034,0.847222
661,397776;1542,386022,0.995889;397,30721,0.794778;534,55631,0.915444;1323,35657,0.618778;1393,66325,0.843889
668,399158;1555,386017,0.996556;447,31233,0.802222;520,53884,0.917333;1200,33102,0.628;1318,62865,0.837667
666,397604;1553,387168,0.996778;434,31945,0.805;503,53451,0.910778;1222,32765,0.617889;1418,66757,0.843111
665,398034;1554,387316,0.996778;417,31081,0.815667;544,54345,0.919111;1219,31743,0.623333;1325,63115,0.840444
672,398228;1560,389128,0.996778;438,31594,0.818778;524,55829,0.915;1163,31621,0.619111;1374,65199,0.839556
657,394654;1531,385654,0.996556;395,29734,0.815222;512,51552,0.918889;1066,29700,0.630444;1233,59890,0.843556
663,397638;1551,388822,0.997556;409,30349,0.807111;505,53409,0.916222;1124,30644,0.633889;1300,63050,0.840111
663,398760;1538,388107,0.996778;403,30071,0.818667;504,54301,0.910889;1154,31100,0.617444;1360,64176,0.847889
670,399353;1552,386041,0.996222;408,30592,0.82;495,54694,0.917667;1178,30492,0.619667;1361,62973,0.841889
671,397894;1565,390456,0.997444;428,30464,0.821778;496,52645,0.922556;1156,30318,0.629444;1388,61826,0.830778
667,396989;1549,386216,0.997444;388,28945,0.822111;511,52892,0.922333;1108,29262,0.634333;1283,60607,0.842333
666,399225;1558,388867,0.997111;407,28385,0.820778;510,51546,0.926111;1045,27745,0.641889;1272,59830,0.845556
665,396922;1533,384449,0.996111;397,27026,0.830333;480,50083,0.923889;958,26188,0.635333;1207,58309,0.843667
671,397033;1551,388109,0.997333;379,27324,0.820556;494,50401,0.923444;956,25904,0.639333;1232,57913,0.837111
669,394664;1551,386695,0.996333;408,27428,0.834333;474,49208,0.920444;905,24870,0.635667;1181,55565,0.844667
662,394520;1569,390386,0.997333;367,25495,0.842667;474,48670,0.924667;897,24248,0.633778;1220,55361,0.842111
648,389379;1565,389295,0.997667;356,23128,0.854333;439,43735,0.933889;752,20509,0.649667;1065,49721,0.851778
648,382857;1548,385834,0.996889;317,19765,0.857333;407,39228,0.933333;673,17827,0.648556;875,40923,0.844778
635,379338;1546,385735,0.997889;312,18159,0.869556;419,37132,0.936889;622,16820,0.651222;860,39805,0.841667
629,376697;1555,388602,0.997333;284,16431,0.871667;324,31302,0.941889;494,13293,0.657889;675,32347,0.838
568,339476;1544,385448,0.996889;236,12338,0.883556;278,25956,0.947556;370,10703,0.669667;474,25125,0.847
540,323520;1544,386172,0.996222;221,12181,0.886111;287,25196,0.950111;369,10298,0.664111;481,23049,0.843667
530,318473;1558,385311,0.997556;209,9601,0.890667;257,21322,0.952889;304,8357,0.668111;379,18656,0.847778
508,309614;1536,383701,0.996778;184,8389,0.907556;262,18952,0.959222;250,6881,0.678222;356,16914,0.857889
392,237957;1512,386339,0.997889;172,6067,0.907889;181,12823,0.959889;168,4910,0.676889;225,11355,0.858778
302,185641;1434,383813,0.996556;190,4425,0.91;159,9047,0.962667;109,3452,0.676;166,8218,0.857556
301,185484;1524,388821,0.997556;152,4235,0.915111;161,9145,0.962222;115,3301,0.677556;158,7440,0.859556
193,120033;1565,386968,0.996222;121,2931,0.916667;137,6109,0.963556;74,2178,0.680889;123,6261,0.860444
145,89574;1533,387861,0.998333;135,2071,0.920889;116,3792,0.965889;48,1594,0.678;60,3313,0.857778
121,74407;1427,381834,0.997444;128,1799,0.922111;132,3729,0.964333;47,1160,0.679;54,2846,0.858778
122,76723;1458,389273,0.996778;120,1525,0.922444;98,2706,0.966333;32,1050,0.680333;48,2440,0.859667
72,44912;1452,385832,0.998111;83,875,0.920889;107,2328,0.966667;29,901,0.679222;37,2031,0.859778
75,46565;1424,383352,0.996444;69,694,0.923222;67,1307,0.965222;16,531,0.679889;21,1185,0.860556
54,33027;1442,387247,0.997333;80,486,0.922778;80,1146,0.965667;17,560,0.679333;29,1476,0.860222
69,41439;1443,386704,0.996556;57,400,0.922444;67,852,0.966333;8,280,0.678556;19,1033,0.860444
19,8840;1458,386999,0.997333;89,147,0.923889;76,473,0.966667;3,67,0.679667;8,456,0.86
12,6220;1430,386156,0.997111;49,224,0.922444;47,374,0.966889;6,129,0.68;5,197,0.860778
27,13235;1455,388779,0.996556;51,108,0.923778;55,472,0.965889;7,201,0.679222;9,492,0.859889
12,6207;1453,385706,0.996222;40,159,0.922667;60,269,0.966889;6,153,0.678778;6,277,0.859333
18,8845;1462,387558,0.996556;65,85,0.923;64,422,0.966556;4,112,0.679222;12,194,0.859889
10,4444;1425,383820,0.997;60,99,0.924556;84,329,0.966667;5,119,0.680333;4,174,0.860667
13,6205;1451,388954,0.997778;119,281,0.924667;101,402,0.966778;7,160,0.679444;9,360,0.860444
15,7974;1454,386963,0.997667;50,197,0.925111;47,314,0.966667;4,98,0.68;4,149,0.860778
