6857,404550;3778,140400,0.725333;2093,69028,0.375111;3245,108588,0.559333;2615,69782,0.283333;4194,121062,0.569778
6219,371683;3675,138349,0.697556;875,27605,0.405778;1361,45566,0.573778;1247,30930,0.298667;2005,55731,0.578444
6279,377481;3676,138627,0.692889;882,26796,0.411778;1491,48767,0.569111;1136,28213,0.295778;1923,53819,0.576222
6268,377201;3723,140580,0.715556;910,27656,0.432667;1485,48097,0.580889;1149,28498,0.306;1914,53929,0.585333
6163,371177;3750,141125,0.716667;856,26255,0.429556;1415,46217,0.581111;1182,29323,0.292667;2027,55942,0.595111
6364,385636;3774,141872,0.701778;953,28830,0.437333;1508,48318,0.590889;1306,32112,0.304222;2073,57018,0.620444
6305,383300;3758,140862,0.740667;944,28696,0.448444;1533,49014,0.593556;1306,31959,0.300222;2084,57441,0.614222
6276,381043;3696,139293,0.731333;912,28125,0.451111;1501,48639,0.608;1231,30592,0.298889;2093,57933,0.626222
6295,382554;3721,140208,0.733556;897,27043,0.450667;1495,47139,0.618889;1220,30010,0.294222;2048,57448,0.631333
6200,375650;3671,138313,0.732889;941,28668,0.471333;1509,48196,0.631111;1259,30976,0.311111;2124,59466,0.650889
6204,378105;3709,139583,0.769111;961,29783,0.476;1481,47649,0.639333;1216,30671,0.329111;2018,57360,0.652889
6070,371126;3670,138195,0.770667;916,27822,0.485778;1481,47097,0.646;1229,30062,0.321778;2009,56419,0.665333
6154,377920;3701,139633,0.777111;925,27886,0.492;1446,46267,0.636444;1214,30012,0.326444;2050,57570,0.664
6283,373894;3722,140654,0.785778;924,28226,0.498;1496,48089,0.649778;1223,30726,0.318667;1981,56303,0.668222
6467,375590;3697,138769,0.790667;904,28098,0.512889;1442,46971,0.657111;1234,30350,0.326222;2020,56716,0.674889
6560,375620;3705,138589,0.796667;922,28000,0.507778;1483,47658,0.665778;1298,32525,0.332222;2061,58191,0.694222
6573,367369;3693,139163,0.809333;908,27709,0.514889;1428,45874,0.663111;1135,28905,0.328444;1972,56540,0.706444
6731,374418;3726,140183,0.803556;933,29112,0.516444;1441,47244,0.674222;1255,32168,0.325111;2076,58887,0.698667
6826,381233;3660,137607,0.811111;984,29891,0.524222;1509,48485,0.670444;1235,31176,0.334;2106,60360,0.714222
6518,371462;3684,138643,0.822667;907,28297,0.537111;1431,46455,0.671556;1263,32057,0.333556;1983,56885,0.706222
6550,376284;3674,138222,0.824444;916,28506,0.541111;1394,46000,0.671333;1221,31230,0.344889;1956,56963,0.704444
6344,371225;3687,138766,0.819333;922,28282,0.538444;1473,47622,0.677111;1237,31029,0.343778;2027,57879,0.714889
6396,374450;3665,137866,0.806667;925,28911,0.524667;1398,45626,0.669778;1245,31839,0.345111;1944,55483,0.707778
6558,374631;3754,141194,0.818222;875,27201,0.524889;1452,47575,0.688222;1173,29747,0.349778;1922,56011,0.726889
6487,372642;3676,138232,0.839111;900,28459,0.541556;1369,45247,0.688;1260,31560,0.350667;1993,57240,0.722
6642,379867;3693,138969,0.829778;928,28919,0.544889;1453,47959,0.704222;1285,32680,0.358667;2185,59805,0.729111
6480,365878;3672,137961,0.830444;900,27033,0.542667;1448,45210,0.700444;1194,29588,0.36;1942,54097,0.724889
6630,376267;3736,140725,0.834889;906,27604,0.542;1445,46083,0.688667;1260,30886,0.351556;2070,56777,0.735556
6691,378244;3776,141660,0.833556;910,27203,0.542;1494,47119,0.703333;1182,29051,0.352667;2064,55797,0.725556
6623,376450;3655,137196,0.825556;932,27207,0.553778;1445,44207,0.692;1240,29719,0.367556;2080,55524,0.708
6789,378813;3689,138662,0.820889;1014,29513,0.530667;1561,47719,0.705111;1289,30796,0.358889;2193,58006,0.715333
6500,371461;3667,138062,0.823111;919,26385,0.537111;1486,45054,0.694444;1242,29744,0.353111;2068,54698,0.718444
6559,375367;3720,139616,0.820222;979,27604,0.535111;1515,45209,0.677556;1261,29523,0.349333;2091,55605,0.716667
6516,369760;3700,139184,0.828;928,26534,0.551333;1455,44260,0.685778;1277,30340,0.367111;2068,53990,0.721778
6524,375541;3652,137226,0.828;935,26683,0.552444;1443,43433,0.690222;1276,30049,0.366222;2059,54886,0.719111
6631,378364;3631,136411,0.825778;955,27545,0.561556;1530,46255,0.693111;1241,29436,0.361778;2127,57045,0.724444
6716,384326;3627,136284,0.829333;957,27623,0.548222;1522,46090,0.684667;1378,32225,0.373556;2093,54609,0.705556
6641,368871;3625,135744,0.833333;931,26136,0.554667;1494,44689,0.703556;1245,29176,0.375556;2036,53783,0.706
6696,376050;3662,137312,0.85;882,25029,0.556;1467,43707,0.703556;1234,28996,0.387556;1929,51244,0.721111
6603,368318;3569,133917,0.83;912,26235,0.576;1408,42345,0.716889;1251,29351,0.385778;2023,52731,0.733333
6571,374000;3648,136633,0.851111;899,24966,0.566444;1428,42178,0.713111;1285,30247,0.388;1973,51593,0.742667
6484,369106;3643,136480,0.848;909,25141,0.568444;1447,42789,0.711111;1258,29628,0.393556;1883,50198,0.733556
6638,373179;3639,136533,0.852667;925,26396,0.579333;1444,43638,0.720667;1276,30311,0.395556;1971,52778,0.734
6687,377417;3607,135572,0.844444;956,27103,0.582889;1494,44730,0.733111;1190,28406,0.380444;1963,52693,0.743556
6539,372378;3661,137383,0.845333;909,26072,0.569556;1458,43899,0.724667;1205,29010,0.365778;1903,51942,0.738444
6433,370908;3635,136682,0.845556;873,25573,0.566889;1405,42444,0.712444;1174,28513,0.386444;1906,51002,0.727556
6607,367767;3593,134168,0.845556;905,25682,0.580667;1390,42001,0.702889;1195,28582,0.382667;1807,48725,0.726222
6710,377846;3584,134433,0.836889;912,26041,0.585333;1456,43698,0.720667;1158,27961,0.388;1987,53692,0.739111
6708,378720;3646,136444,0.837556;897,26043,0.570444;1449,44368,0.711556;1233,29435,0.382222;1930,51803,0.735778
6561,374604;3625,136039,0.839333;924,26724,0.576;1436,43101,0.719556;1201,28770,0.384667;1900,50741,0.743556
6579,376300;3595,134777,0.844;914,26384,0.570444;1496,45154,0.733333;1234,29221,0.400667;1891,51334,0.749333
6915,380533;3613,135619,0.844667;920,26727,0.588;1429,44141,0.728667;1288,30889,0.406222;1927,51745,0.738444
6528,369846;3601,134940,0.84;842,23820,0.577333;1384,41656,0.714444;1117,26734,0.397111;1788,47776,0.715333
6633,373804;3568,133639,0.837778;891,25371,0.579111;1377,41554,0.733111;1204,28578,0.398222;1862,50151,0.733778
6916,380081;3587,134080,0.847778;915,27144,0.584222;1412,43900,0.735333;1271,30989,0.409778;2010,54485,0.749556
6704,385156;3567,133547,0.826;911,26206,0.570667;1547,46416,0.742;1318,31474,0.408222;2038,55691,0.757556
6857,384262;3678,137975,0.842667;954,28007,0.565333;1472,44792,0.708667;1301,31400,0.386444;2048,55613,0.741111
6631,381584;3644,136230,0.834889;853,24868,0.548667;1433,44352,0.704444;1180,28739,0.387333;1944,52524,0.717333
6645,378111;3693,138253,0.838889;942,27066,0.548444;1448,43835,0.688667;1287,30861,0.393111;1980,54049,0.705111
6687,374974;3637,135992,0.818222;854,24823,0.530667;1389,42219,0.694444;1123,27058,0.406222;1933,52378,0.722222
6661,376293;3600,134770,0.816444;886,25588,0.532667;1373,42451,0.700222;1112,26493,0.375333;1973,52809,0.722667
6586,369316;3659,137312,0.83;895,25988,0.527333;1375,41709,0.688222;1248,29912,0.37;1935,52248,0.736
6791,379126;3667,137324,0.814889;892,25873,0.53;1440,44075,0.683333;1244,29339,0.384889;1984,54248,0.719333
6773,380496;3634,136434,0.811556;899,26474,0.537778;1418,44247,0.688;1281,30600,0.39;1999,53157,0.726667
6818,385294;3756,140987,0.82;865,25009,0.536889;1477,45245,0.702667;1226,28681,0.364889;1977,53683,0.716
6742,383250;3687,138263,0.810444;895,26630,0.519333;1446,44444,0.698889;1163,27945,0.359111;1991,54600,0.716667
6772,377641;3685,138300,0.815111;853,25370,0.526;1386,43482,0.684222;1209,28228,0.361111;1965,52870,0.710444
6786,378528;3650,136468,0.806889;874,25357,0.504889;1353,41692,0.664667;1081,25773,0.341778;1933,52397,0.704889
6714,373156;3656,137457,0.807556;826,24206,0.497111;1426,43881,0.676;1172,28153,0.339333;1948,53201,0.709778
6708,375240;3579,134437,0.786889;882,25984,0.512;1385,42845,0.670222;1208,28434,0.339778;1931,52171,0.706667
6719,374127;3667,137671,0.802444;914,26453,0.506;1378,42217,0.666;1165,27944,0.348;1940,52307,0.700667
6621,373674;3663,137222,0.801778;903,26459,0.523111;1374,42111,0.671778;1153,27456,0.349556;1905,52089,0.708889
6677,370888;3612,135376,0.795333;872,25683,0.516667;1402,43434,0.673333;1208,28577,0.334889;1854,49502,0.696
6700,378032;3691,138673,0.794222;864,25109,0.521333;1428,43397,0.670444;1253,29423,0.350667;1958,53109,0.693778
6641,371531;3657,137231,0.797333;856,25198,0.525556;1324,40986,0.657556;1079,26013,0.341333;1860,50809,0.678667
6664,373319;3633,136171,0.797778;814,24175,0.524222;1377,42885,0.667556;1161,27475,0.356667;1842,49636,0.701778
6820,379216;3625,136070,0.786222;899,26268,0.520444;1473,45049,0.655111;1250,29763,0.36;2025,54962,0.701778
6844,381250;3679,137979,0.792667;860,24961,0.512444;1413,43278,0.676;1093,26097,0.336222;1946,52826,0.702667
6751,380053;3695,138640,0.794;896,26848,0.518889;1551,48224,0.685333;1325,30431,0.351111;2030,54725,0.704667
6626,368944;3732,140066,0.811556;845,24571,0.509556;1370,42093,0.662889;1080,25859,0.354222;1780,48407,0.679556
6647,372781;3687,138699,0.807111;876,25321,0.509333;1356,41690,0.663778;1079,25989,0.348444;1916,52144,0.699111
6802,382144;3736,140391,0.802222;897,26580,0.516222;1555,47785,0.676;1258,29183,0.346444;2034,54994,0.702889
6804,380818;3680,138239,0.797111;867,25757,0.517333;1401,43067,0.661111;1116,26565,0.35;1994,54144,0.713556
6658,374518;3680,138037,0.793556;882,25665,0.514222;1442,44573,0.664;1148,27424,0.347111;1864,51237,0.694
6725,373380;3705,139280,0.794889;815,24208,0.502222;1377,42924,0.668222;1092,25914,0.346889;1876,50542,0.703111
6918,379810;3712,139452,0.795111;889,26196,0.501556;1476,45324,0.660222;1209,28230,0.348222;1938,52582,0.696
6690,376679;3652,137168,0.791111;862,25673,0.502;1460,45137,0.664889;1239,29532,0.358889;1860,50997,0.680222
6669,370559;3680,138185,0.780222;828,24730,0.509556;1402,43326,0.666889;1141,27074,0.350222;1947,51984,0.691556
6649,374494;3692,138855,0.795556;840,24757,0.51;1411,43317,0.668667;1122,27081,0.345778;1934,52070,0.706444
6772,384572;3728,139424,0.804889;918,27116,0.504889;1476,45707,0.668667;1216,28752,0.353111;1970,53429,0.691333
6750,382900;3664,137549,0.788889;905,26967,0.506444;1558,47678,0.650667;1335,30912,0.343778;2047,55494,0.694444
6641,372396;3665,138023,0.796444;897,26382,0.507556;1426,44382,0.661556;1142,27355,0.343556;1912,52162,0.690889
6615,369726;3655,137421,0.786;808,24156,0.512444;1384,43455,0.658889;1056,25719,0.334444;1848,50795,0.685778
6749,384348;3701,138809,0.783556;920,27161,0.511111;1535,47366,0.664667;1306,30023,0.348667;2089,56626,0.689556
6724,376696;3657,137323,0.793333;913,26529,0.502;1449,44425,0.652222;1212,28212,0.338;2020,54413,0.688222
6831,381767;3688,138434,0.783556;898,26111,0.497778;1524,47186,0.656222;1267,30011,0.353778;2036,55161,0.683333
6804,374310;3719,139303,0.77;871,25609,0.500444;1410,42917,0.645111;1203,28101,0.354222;1974,52998,0.682
6458,367169;3677,137550,0.778889;862,25226,0.491333;1398,42866,0.644444;1158,27051,0.357111;1877,50318,0.681333
6754,381533;3731,140059,0.789556;905,26042,0.491556;1465,44107,0.650889;1269,28542,0.354222;2068,55268,0.690444
6693,371754;3724,139371,0.787556;870,24873,0.488222;1397,42277,0.646667;1161,26624,0.342222;1870,49593,0.679556
6628,373107;3734,140043,0.783556;877,24724,0.480667;1461,43497,0.640889;1215,27700,0.345111;1955,50729,0.694667
6932,376435;3745,140668,0.790444;880,26785,0.503556;1190,42261,0.648222;1243,28850,0.338444;1924,51246,0.684
6709,373325;3681,137972,0.781111;878,25388,0.499778;1456,44174,0.666;1203,27732,0.340444;1926,50798,0.682
6867,381777;3720,139244,0.789333;994,26902,0.506667;1499,45240,0.668444;1307,30087,0.356889;2025,54726,0.679778
6622,382177;3747,139578,0.783111;898,26120,0.502;1506,45982,0.654222;1222,28161,0.357333;2038,54211,0.672889
6575,367684;3717,139920,0.798667;897,25615,0.507778;1438,41571,0.660444;1180,27639,0.349111;1962,52296,0.672444
6722,378756;3682,138038,0.764667;877,25223,0.481111;1474,44554,0.635778;1309,30095,0.336;2008,52440,0.659111
6771,380900;3693,137847,0.766;940,26994,0.475111;1574,47197,0.667111;1324,29525,0.335333;2086,56174,0.674222
6633,379410;3666,137683,0.772444;864,25105,0.476667;1455,44899,0.654444;1216,28354,0.332;2026,54055,0.678667
6780,376965;3665,137448,0.772;894,25914,0.482667;1465,45114,0.660222;1127,26523,0.327778;2064,53284,0.681111
6575,375806;3757,141035,0.786;879,25961,0.476444;1415,43575,0.646889;1215,28312,0.328667;1974,53167,0.669778
6595,370507;3648,136932,0.776667;862,24977,0.491111;1409,43303,0.664444;1116,26437,0.313333;1865,49880,0.657556
6707,369214;3739,140299,0.781111;879,24334,0.492222;1386,42229,0.648667;1243,29376,0.323778;1967,52963,0.672
6734,374672;3725,139531,0.769333;892,25895,0.5;1431,43626,0.657111;1156,27194,0.336889;1983,52973,0.668444
6793,381515;3737,140283,0.784222;932,26932,0.502222;1553,45974,0.654667;1313,30366,0.33;2046,55512,0.673556
6740,378059;3698,138453,0.773111;879,26120,0.500222;1447,45182,0.663111;1212,28591,0.331111;2027,54897,0.669778
6572,368536;3663,137256,0.768889;849,24861,0.484667;1383,43074,0.635111;1188,27616,0.318;1915,51957,0.663556
6837,377386;3689,138122,0.767556;906,27035,0.483333;1410,44569,0.636;1209,28664,0.333111;1918,51996,0.656
7005,379792;3698,138035,0.772222;901,26407,0.478444;1428,44316,0.638667;1163,27141,0.335111;2028,53696,0.648667
6797,374269;3696,138252,0.772444;890,25975,0.490889;1394,43576,0.647778;1227,28578,0.340667;1844,49954,0.662
6829,377891;3657,136605,0.770444;924,27222,0.490667;1476,46123,0.656889;1360,30992,0.333778;2028,54427,0.668667
6849,378367;3689,138618,0.774889;899,26237,0.487333;1499,44890,0.648222;1173,27683,0.345778;1978,53158,0.666889
7023,385061;3749,140492,0.770889;951,27676,0.479111;1496,46076,0.642444;1281,29366,0.332444;2095,56670,0.66
6885,374770;3716,139141,0.772889;878,26155,0.485333;1418,42257,0.640667;1157,27277,0.326;1982,54011,0.686889
6753,368929;3739,139375,0.778667;827,24183,0.487778;1411,43173,0.637111;1172,27656,0.34;1916,51415,0.682444
6949,372785;3770,137466,0.771333;886,25899,0.486444;1406,42985,0.635556;1157,26424,0.333556;1915,50817,0.678889
6894,378286;3825,139362,0.771333;916,26723,0.517556;1413,43193,0.642;1264,29504,0.337778;1940,52952,0.682444
6899,371746;3815,139273,0.776;842,24700,0.499111;1419,43298,0.641778;1148,27095,0.328667;1978,51732,0.666667
6763,369288;3832,139777,0.777778;864,24953,0.496222;1371,42108,0.627111;1116,26431,0.326222;1900,50891,0.662667
6753,370573;3862,140458,0.762889;906,26334,0.485556;1457,44233,0.635556;1207,27962,0.33;2023,53445,0.669556
6856,373569;3753,136918,0.777778;921,26423,0.500222;1498,43521,0.631111;1191,27551,0.320889;2001,52956,0.668889
7074,386322;3843,140030,0.767111;942,27362,0.494444;1484,45128,0.635556;1272,29308,0.319333;2197,58592,0.675556
6891,374974;3833,139037,0.762444;895,26168,0.492444;1506,46001,0.642222;1316,29511,0.317333;1953,52282,0.667778
6872,376150;3851,139339,0.786444;923,27046,0.501333;1423,43363,0.637333;1268,29637,0.328667;2001,53275,0.676889
6964,378273;3751,136536,0.763556;957,27508,0.483111;1571,47765,0.634889;1293,29629,0.329111;2124,54520,0.661556
7008,380705;3765,137137,0.768222;904,26417,0.492222;1461,44242,0.631111;1327,30207,0.344889;1958,51502,0.663111
6789,372372;3786,137971,0.772667;862,24806,0.48;1429,43068,0.622889;1241,28117,0.336667;2040,52363,0.660222
7034,382711;3794,138023,0.763556;941,26586,0.478;1523,46582,0.636667;1343,30305,0.342667;2102,56538,0.682889
6764,374311;3815,139239,0.778;862,25676,0.481333;1402,43719,0.641778;1209,28034,0.340222;1952,52841,0.672889
6937,378473;3854,140384,0.788;928,25818,0.498444;1439,44110,0.645556;1208,27888,0.340667;1965,52574,0.678
6712,371086;3824,139578,0.763556;854,24726,0.487556;1408,42721,0.646222;1212,28103,0.340889;1943,51398,0.671778
6777,379238;3814,139161,0.765556;956,27453,0.480222;1527,44910,0.645333;1333,29542,0.342667;2097,56448,0.660667
6725,373790;3842,139949,0.776889;852,25392,0.482889;1444,44390,0.649333;1223,28997,0.346;1953,52412,0.66
6913,377674;3829,139886,0.771333;896,26138,0.490444;1415,43298,0.639333;1232,27770,0.335111;2107,56612,0.675111
6842,373183;3830,139437,0.754667;867,25109,0.464222;1437,44430,0.652667;1207,28152,0.337556;1881,50553,0.66
6729,375735;3772,137887,0.765333;898,26191,0.478889;1466,44639,0.637556;1197,28032,0.339778;1973,50985,0.657111
6886,377385;3886,140563,0.768667;872,25202,0.473111;1457,44858,0.634;1241,28816,0.346444;2017,54567,0.644222
6778,374771;3795,138266,0.765556;894,26319,0.477778;1423,44039,0.641556;1245,28644,0.348222;1982,52889,0.662
6884,377842;3784,138221,0.761111;941,26287,0.476222;1464,44869,0.640889;1250,29029,0.353556;1969,53874,0.674667
6963,382383;3774,137320,0.758222;875,26220,0.470889;1475,46591,0.625778;1184,28087,0.350444;2021,54756,0.665778
6842,375119;3836,140119,0.769333;889,26624,0.484444;1484,45181,0.635333;1241,28634,0.338444;1957,53250,0.665778
6701,362667;3756,136763,0.761778;803,24108,0.473333;1298,40890,0.626444;1167,26891,0.334667;1837,49898,0.654889
6870,377425;3791,138283,0.767333;847,24811,0.457778;1358,42073,0.609111;1170,27056,0.327333;2036,53152,0.662
6792,375507;3814,138578,0.768444;897,26744,0.472667;1398,42962,0.615111;1199,27911,0.325333;2032,54700,0.669556
6936,382804;3815,138856,0.780667;860,25841,0.466;1461,46011,0.633778;1317,30450,0.321778;2057,54090,0.681778
7083,383832;3770,136427,0.755111;941,27504,0.483778;1502,47162,0.646222;1232,28400,0.319778;2146,58022,0.681111
6644,363029;3800,138979,0.770222;826,24644,0.476667;1401,43670,0.651778;1215,27873,0.332222;1873,50688,0.678889
6911,374820;3788,138197,0.780667;844,25005,0.474;1448,43290,0.653111;1257,28998,0.333333;1888,51334,0.681556
6677,375463;3812,139423,0.770444;877,25832,0.480222;1391,42810,0.634222;1114,26074,0.316889;1981,52775,0.658444
6911,380080;3777,137477,0.768;905,26134,0.491556;1488,45532,0.646889;1315,28598,0.330889;2027,54511,0.668667
6669,371326;3786,138007,0.771778;874,25585,0.485778;1377,42948,0.642222;1236,28530,0.32;2012,53781,0.656
6706,376899;3742,136607,0.756667;885,25690,0.497778;1453,44369,0.654444;1209,27613,0.331556;2083,53821,0.672222
6946,377398;3809,138526,0.771111;889,25616,0.504;1383,42743,0.638667;1157,27130,0.328889;1945,52623,0.661778
6934,376953;3788,137702,0.767556;897,26551,0.474222;1502,46815,0.642;1303,29660,0.320667;1992,53972,0.663333
6828,375329;3823,139276,0.756222;863,24432,0.471778;1366,43108,0.627778;1121,26495,0.322222;1909,52403,0.662222
6819,375795;3842,139504,0.758667;897,26810,0.463111;1410,44126,0.639778;1245,29084,0.334889;1968,53360,0.670222
6738,373672;3806,138714,0.754444;883,26031,0.474222;1432,44135,0.636667;1138,25740,0.325333;2000,53772,0.678444
6838,372195;3784,137868,0.75;870,25719,0.492889;1376,42745,0.641778;1221,28436,0.335111;1922,51713,0.674222
6617,368703;3803,138619,0.773556;804,23169,0.476889;1339,41086,0.636444;1215,27967,0.352222;1860,48367,0.676
6775,375303;3749,136135,0.764222;880,25943,0.484889;1475,45298,0.640444;1219,28253,0.339778;1987,52854,0.668889
7118,378566;3804,139123,0.769111;837,24235,0.485556;1454,44015,0.639111;1214,28231,0.351556;1974,51655,0.659778
6667,378760;3777,138069,0.762;994,26694,0.490889;1480,44684,0.647111;1251,28803,0.356889;1932,52535,0.660889
6516,370827;3840,138913,0.755556;831,24573,0.487333;1353,42229,0.644;1219,28427,0.356;1922,51412,0.654222
6597,374522;3797,138792,0.757556;841,24793,0.467333;1364,40832,0.627778;1197,27511,0.355111;1907,51326,0.658444
6510,364068;3812,138532,0.768222;839,24645,0.461333;1386,42919,0.625333;1085,25725,0.337778;1901,50891,0.660889
6770,374214;3781,137974,0.76;864,25261,0.472444;1422,43188,0.634;1227,28680,0.336667;1959,50643,0.653111
6759,374371;3742,136101,0.762667;886,25816,0.478444;1393,42724,0.642444;1102,25786,0.331778;1985,53371,0.662222
6790,379992;3739,135841,0.771556;857,25191,0.472444;1486,45710,0.637556;1226,28445,0.331111;2058,55148,0.677111
6933,384646;3871,140946,0.778222;915,25678,0.483111;1423,44459,0.643333;1151,27784,0.323556;2068,56162,0.677556
6742,375688;3777,137469,0.765111;942,28015,0.496444;1480,46212,0.646667;1326,31025,0.343778;2019,54432,0.682222
6686,368649;3792,138396,0.764667;834,24595,0.492444;1413,41975,0.639778;1107,26283,0.335111;1832,49600,0.668889
6989,383222;3828,139260,0.773556;877,26086,0.504;1485,45559,0.654889;1227,28536,0.334667;2032,54427,0.674222
6619,375263;3843,139720,0.780667;874,25786,0.490222;1465,44924,0.647333;1340,29859,0.347778;2010,54017,0.664222
6546,373356;3861,140119,0.762667;904,26312,0.493556;1344,41936,0.636222;1189,27529,0.345778;1996,53846,0.662222
6559,375422;3779,137229,0.754667;847,25057,0.504889;1346,41975,0.641778;1166,27081,0.355111;1902,50456,0.660889
6754,376401;3868,140773,0.759111;911,26452,0.477333;1442,45206,0.630889;1157,27274,0.346;1950,53263,0.670444
6662,376210;3818,139159,0.760667;912,27007,0.474222;1437,44045,0.629333;1257,29192,0.344;2058,54709,0.657778
6522,373283;3805,138564,0.751111;842,24508,0.470222;1447,42360,0.649111;1113,26120,0.346;1894,50817,0.665111
6408,373914;3840,139903,0.780889;890,26020,0.472889;1486,45174,0.634667;1227,28215,0.319111;1992,52504,0.646667
6371,365714;3772,137373,0.763333;854,24419,0.468222;1391,41860,0.636667;1160,26095,0.332444;1852,48315,0.648
6600,371043;3781,137635,0.758889;899,25952,0.476444;1442,43548,0.623111;1170,27059,0.333778;1978,52179,0.661556
6608,381632;3752,136058,0.768222;947,27448,0.469111;1561,46751,0.622;1287,29784,0.333778;2173,55570,0.655778
6705,384588;3879,141218,0.784889;934,26856,0.486667;1482,44877,0.628889;1203,28066,0.328667;2066,53894,0.666222
6535,372344;3859,139819,0.762;923,25467,0.480667;1418,42298,0.641333;1201,27561,0.341111;1979,51898,0.664222
6742,382840;3793,137050,0.764444;976,26323,0.491556;1582,47040,0.645556;1227,27926,0.32;2057,55339,0.665556
6674,376675;3803,136898,0.770889;898,26087,0.491333;1490,45481,0.644;1274,29813,0.331556;2072,55090,0.658
6533,374350;3925,140450,0.783778;897,26196,0.47;1577,46732,0.638;1277,29864,0.337111;2084,55820,0.65
6580,376006;3831,139420,0.768667;919,26570,0.465333;1448,44437,0.637556;1097,26299,0.335111;2040,54397,0.655778
6687,378558;3925,139775,0.754667;921,26738,0.479778;1554,46631,0.634444;1247,28254,0.337111;2107,56234,0.652667
6475,373084;3844,137297,0.749333;870,25580,0.49;1400,42677,0.625111;1180,27554,0.347111;2013,52723,0.662667
6644,374507;3867,140865,0.756;849,24388,0.486;1369,41625,0.619333;1072,25178,0.338;1892,48969,0.657333
6126,352201;3893,138723,0.768889;834,24099,0.493111;1301,39238,0.623556;1032,23813,0.343111;1769,46706,0.668
6516,375694;3799,136107,0.763111;827,23755,0.475111;1467,43908,0.637556;1159,26522,0.339111;1966,51224,0.654444
6430,372800;3819,138268,0.766667;951,25867,0.493778;1492,44863,0.637778;1203,27370,0.342667;1979,52861,0.666889
6378,376178;3926,139370,0.776222;856,25091,0.483111;1392,42698,0.629778;1225,28104,0.338222;1938,51567,0.662667
6574,375763;3915,139807,0.768889;884,25521,0.467333;1492,45604,0.634444;1261,27834,0.334889;1946,52275,0.675556
6377,367633;3864,139996,0.746222;851,24601,0.474889;1422,42965,0.632444;1158,26924,0.338;1886,49993,0.654444
6486,369966;3904,139464,0.760444;879,25490,0.474222;1430,43654,0.636222;1174,27611,0.339111;2014,52318,0.665333
6484,368694;3943,140540,0.766667;882,25239,0.481778;1351,41548,0.630889;1059,24791,0.338;1813,48528,0.658667
6317,369969;3893,140594,0.761556;842,24062,0.484667;1406,42326,0.624889;1162,26822,0.335333;1963,52085,0.666444
6561,375787;3888,140771,0.76;893,25697,0.464;1537,45373,0.613778;1261,29255,0.336667;2022,53569,0.658889
6474,378306;3897,139369,0.755111;887,25158,0.470667;1451,43250,0.611556;1159,26528,0.316667;1958,51490,0.649778
6682,376423;3792,137024,0.742667;894,25303,0.467778;1427,42426,0.629111;1173,26761,0.321333;1920,49595,0.656444
6453,377347;3892,139793,0.774222;887,25667,0.479778;1484,44824,0.645111;1253,29123,0.334667;1945,52355,0.649111
6426,372351;3925,139790,0.767111;863,25163,0.488222;1421,43239,0.641556;1213,28441,0.330444;2042,54367,0.669333
6598,376186;3837,137038,0.740444;872,25564,0.479111;1392,43488,0.628;1175,28100,0.332;1952,52704,0.658222
6487,372047;3820,137750,0.770222;869,25635,0.477778;1378,42444,0.639778;1151,27304,0.328889;1900,51195,0.668444
6542,380456;3879,137192,0.737778;910,26718,0.483778;1520,45276,0.633556;1267,29854,0.342889;1978,53646,0.660444
6542,378067;3851,139397,0.758222;855,25593,0.474444;1456,45112,0.624667;1235,29284,0.353333;1961,52669,0.644667
6689,378999;3907,140353,0.760667;868,25526,0.489333;1447,44557,0.643778;1208,28053,0.342222;1985,52382,0.650889
6528,371314;3896,139293,0.761556;866,25409,0.482444;1354,41372,0.620667;1074,25505,0.323778;1825,48864,0.651333
6428,368230;3796,137094,0.759556;896,25621,0.489333;1408,42420,0.623778;1182,27529,0.343333;1945,50132,0.657556
6544,379859;3794,136442,0.749556;927,26468,0.478444;1484,45113,0.626444;1198,27541,0.342222;2004,54398,0.660889
6625,379285;3834,136440,0.756222;893,26448,0.473556;1479,45555,0.629111;1196,27292,0.345333;2025,54354,0.662889
6373,374370;3873,138947,0.746;872,25700,0.473111;1427,42959,0.630222;1162,27028,0.339556;1944,52311,0.660444
6295,375922;3847,138674,0.758667;899,26539,0.472222;1421,44014,0.620667;1155,26649,0.339778;1851,50357,0.659333
6412,374837;3880,138685,0.761778;857,25465,0.494;1496,46474,0.644222;1206,27300,0.33;1921,52141,0.653556
6553,382961;3837,137427,0.744444;883,26647,0.485333;1402,44628,0.629111;1281,29992,0.342667;2052,55982,0.667556
6422,376203;3826,137133,0.758222;833,25109,0.496222;1398,43746,0.637111;1164,27870,0.341333;2000,53122,0.679778
6552,385949;3854,137821,0.763111;911,27048,0.499333;1485,47096,0.636;1314,31078,0.342222;2084,56507,0.676
6444,381546;3852,138939,0.765111;848,25430,0.481333;1446,45674,0.636889;1231,29134,0.331556;2001,55046,0.660444
6513,376950;3819,137450,0.749778;895,25698,0.479556;1393,43335,0.632222;1138,27370,0.328;1895,52104,0.652444
6558,378461;4035,143495,0.768667;872,25905,0.495111;1462,45918,0.653556;1235,29050,0.335778;2010,54080,0.674444
6428,376686;3867,138611,0.752667;801,23501,0.480889;1393,42809,0.644889;1181,26770,0.336222;1786,48544,0.668222
6476,376191;3793,137717,0.755333;854,25027,0.472444;1381,42927,0.633111;1201,28000,0.338667;1887,50184,0.666
6533,381920;3915,139085,0.747556;929,27016,0.476;1555,47286,0.632222;1268,29559,0.349556;2173,56864,0.674444
6449,382068;3879,138482,0.753778;853,25022,0.484444;1406,43278,0.624222;1187,27702,0.331111;1983,52736,0.661556
6500,387991;3861,140028,0.762;930,27286,0.479111;1522,46328,0.626222;1333,30989,0.332444;2174,58389,0.671778
6311,374303;3904,139214,0.765111;858,24492,0.476444;1368,43052,0.620222;1165,27645,0.323333;1849,50342,0.671556
6479,377623;3911,140070,0.760667;888,26098,0.486;1461,45122,0.636222;1233,29395,0.334889;2031,54484,0.684222
6348,375019;3789,137793,0.75;854,24997,0.488;1458,43114,0.631556;1106,25967,0.333111;1881,49942,0.665111
6307,368506;3854,138006,0.761556;901,26118,0.505333;1418,42841,0.617778;1212,28135,0.334222;1990,52342,0.659111
6304,377975;3910,139661,0.759111;913,25981,0.498667;1496,44602,0.627333;1251,28857,0.345333;2019,52526,0.666444
6476,378884;3852,138754,0.766889;919,26389,0.488222;1497,44572,0.647778;1257,28953,0.348444;2009,51993,0.657778
6540,381935;3910,138818,0.768;924,26233,0.496667;1483,44323,0.636667;1254,28942,0.348889;2079,55308,0.662222
6431,377327;3893,138782,0.760889;885,25370,0.511333;1426,44043,0.642667;1106,26188,0.346444;1870,50146,0.671333
6308,374059;3849,139089,0.758444;861,24778,0.491778;1396,42665,0.637333;1112,26312,0.338889;1966,52311,0.665111
6405,379313;3902,139369,0.776667;893,25682,0.491333;1436,43775,0.647333;1173,27356,0.342222;2014,53023,0.669111
6578,383506;3873,138981,0.772444;875,25042,0.496444;1488,44778,0.650444;1242,28530,0.343111;1956,50895,0.657333
6366,378578;3802,138691,0.778667;836,23435,0.482222;1402,41762,0.651333;1191,27375,0.334667;1994,51494,0.662889
6554,374315;3871,138206,0.764444;913,25774,0.494;1507,44679,0.653111;1342,30367,0.343333;2071,53458,0.666
6177,368068;3891,138953,0.775111;857,24002,0.487333;1427,42217,0.643111;1159,26653,0.342667;1927,49809,0.669333
6658,387088;3833,139135,0.779333;934,26599,0.503556;1567,46596,0.639778;1257,28601,0.336889;2150,57063,0.669333
6438,383312;3880,138521,0.764;883,25814,0.505556;1461,45211,0.638444;1115,26510,0.324;1956,52734,0.676889
6442,380379;3949,140999,0.786889;852,24545,0.512444;1416,43441,0.664222;1153,27361,0.335556;1968,52585,0.682889
6293,372630;3835,138580,0.767333;846,24470,0.510222;1405,43007,0.670444;1109,26300,0.345111;1846,49428,0.676444
6464,376557;3888,138749,0.760444;814,23404,0.494444;1390,42256,0.673333;1096,25957,0.346444;1813,48461,0.672889
6299,371073;3867,137647,0.760889;850,24658,0.496;1388,41926,0.656667;1201,28019,0.348889;1931,51018,0.671556
6328,369953;3855,139468,0.778222;842,24189,0.479111;1338,40417,0.646667;1139,26270,0.342;1844,48405,0.673111
6378,375208;3910,139275,0.758667;900,25889,0.487556;1417,42624,0.647556;1197,27833,0.345778;1954,52184,0.664444
6359,364868;3850,137937,0.759111;787,22909,0.484889;1242,37511,0.638;1039,24748,0.347111;1772,47262,0.674889
6388,368501;3813,137529,0.764444;820,23636,0.473556;1352,40960,0.647556;1110,26347,0.347111;1883,49958,0.668444
6419,376277;3924,140009,0.782667;887,25408,0.494667;1461,43829,0.656222;1265,29180,0.346889;2012,53404,0.683556
6505,380630;3920,139185,0.755556;847,24573,0.507111;1417,43144,0.654;1079,25492,0.344667;1965,52012,0.677778
6374,379983;3795,137740,0.772889;892,25627,0.505556;1481,44901,0.648667;1118,26403,0.343556;1934,51705,0.677333
6231,371984;3944,140057,0.772667;802,23134,0.505333;1305,39661,0.638222;960,22936,0.342444;1792,47569,0.677778
6378,376049;3902,139100,0.768667;814,23684,0.504222;1359,41042,0.648889;1091,25702,0.341111;1822,48306,0.677556
6484,379962;3839,139100,0.767111;853,24591,0.496;1434,43429,0.648889;1135,26625,0.348222;1930,50859,0.669111
6241,368903;3870,137364,0.759778;810,22702,0.496;1299,38869,0.654889;1110,25621,0.354889;1738,45500,0.665778
6483,380865;3879,137702,0.756667;886,24913,0.502667;1457,43786,0.657111;1192,27576,0.369556;1950,51602,0.671111
6356,374985;3818,138609,0.772;821,23617,0.507333;1368,41403,0.658444;1010,23523,0.356444;1878,49678,0.678667
6351,376144;3838,137458,0.766889;847,24050,0.505556;1383,41977,0.652222;1125,25686,0.355111;1970,51769,0.684667
6653,383889;3846,136163,0.784;899,25797,0.523778;1419,43083,0.671111;1157,26700,0.360444;1980,52645,0.698
6334,369580;3845,139500,0.778444;873,25394,0.521111;1435,43527,0.671778;1153,26813,0.360889;1925,51001,0.688
6408,375919;3850,137387,0.774667;808,23339,0.525111;1358,41239,0.660889;1051,24794,0.363333;1778,47233,0.686
6384,375681;3920,139235,0.773333;802,23100,0.526889;1366,41166,0.676889;997,23649,0.372667;1792,47473,0.682667
6499,376889;3836,138720,0.763333;807,23167,0.525111;1352,41007,0.671111;1091,25303,0.378444;1894,49509,0.691333
6502,377475;3932,139627,0.779111;839,23697,0.525556;1398,41103,0.668;1114,25456,0.37;1917,49536,0.688
6275,368375;3867,137667,0.775111;799,22126,0.519556;1304,38408,0.664222;960,22101,0.361333;1747,45416,0.682889
6458,376103;3830,138232,0.772889;817,22642,0.524;1376,40598,0.674444;1001,22831,0.365333;1795,46439,0.689111
6349,380442;3909,139420,0.770889;853,23853,0.521556;1362,40238,0.659556;1099,24946,0.363111;1980,51760,0.686222
6469,379385;3892,137875,0.786667;778,21831,0.528889;1263,37279,0.671333;939,21835,0.354444;1734,44774,0.705556
6328,370395;3817,138699,0.784889;751,20924,0.522222;1283,37578,0.676;990,22597,0.355333;1707,44134,0.686889
6340,379909;3835,136829,0.762889;810,22169,0.536222;1266,37228,0.672667;984,22646,0.360444;1759,45481,0.677333
6430,382579;3932,140145,0.794222;830,23375,0.551333;1398,41308,0.673333;969,22110,0.368667;1840,47836,0.690444
6307,372443;3816,137351,0.788222;734,20726,0.544667;1255,37179,0.686444;890,20568,0.369111;1574,41401,0.689556
6515,377641;3896,139293,0.785778;728,20568,0.553333;1193,35554,0.696222;934,21637,0.378667;1555,40680,0.689556
6412,379179;3891,138209,0.773111;758,21244,0.553778;1344,39823,0.693556;933,21432,0.388889;1821,46877,0.696444
6512,373957;3862,137905,0.787333;675,18862,0.558222;1208,35705,0.703111;806,18776,0.375111;1588,41136,0.701111
6378,374986;3804,136455,0.779333;724,20006,0.575556;1223,36465,0.709778;792,18467,0.377111;1643,42835,0.700667
6441,375385;3934,140275,0.800444;726,19923,0.573778;1122,33497,0.709556;731,17045,0.374222;1540,40725,0.716
6453,374863;3926,140326,0.787111;632,17775,0.591333;1050,31520,0.724222;725,17005,0.384667;1474,38884,0.720222
6245,368934;3825,138971,0.795333;557,15310,0.602444;996,29613,0.738444;579,13811,0.383778;1335,35311,0.729333
6111,343195;3905,139527,0.800222;485,13116,0.620444;790,23187,0.738222;463,11197,0.395778;1038,27466,0.725333
5253,306195;3893,139145,0.801333;368,9733,0.636;643,18541,0.750222;363,8802,0.398444;776,20761,0.725333
4657,269414;3869,140361,0.803556;305,7844,0.646444;490,13791,0.751778;307,7426,0.403333;599,16263,0.732889
4181,234407;3885,137705,0.800222;246,6140,0.649333;388,10729,0.761778;201,5085,0.404;486,13283,0.735333
3570,207221;3933,139769,0.802444;163,3909,0.658667;324,8825,0.761778;130,3312,0.408222;353,9600,0.739111
2301,131871;3839,138815,0.803333;125,2570,0.667556;199,4924,0.769778;87,2157,0.414;194,5222,0.737333
1479,84504;3905,139309,0.805778;107,2061,0.670222;152,3667,0.774;72,1835,0.411111;149,4066,0.741333
1148,65881;3916,139623,0.796;92,1612,0.670444;132,3001,0.774444;41,1083,0.410222;103,2809,0.738444
1125,65070;3821,139647,0.806;76,1132,0.674;94,2105,0.778222;23,585,0.410444;68,1878,0.741111
587,33240;3881,140413,0.806222;72,653,0.675556;64,1113,0.778222;15,369,0.412889;50,1362,0.740667
185,10682;3830,138887,0.795778;49,417,0.674889;41,369,0.779556;14,347,0.414;12,312,0.741111
278,15915;3790,136917,0.787556;29,199,0.676;47,529,0.781778;9,217,0.412889;24,639,0.743111
62,3577;3797,137700,0.800444;12,31,0.676444;36,150,0.782;3,54,0.413333;7,163,0.743556
