6427,404550;2685,137759,0.716;1510,69239,0.366444;2346,108536,0.562667;1893,67907,0.271333;3201,122527,0.581778
6551,406298;2652,139966,0.740667;1180,50438,0.413556;1856,81769,0.588889;1576,52759,0.291778;2593,96075,0.617778
6670,406080;2669,140006,0.777556;1313,53143,0.455556;1936,84282,0.623111;1626,54505,0.306667;2658,99524,0.669778
6706,406454;2654,139531,0.805333;1308,53192,0.488444;1900,84542,0.662667;1702,56402,0.307111;2847,101563,0.699778
6437,406312;2657,139242,0.830222;1264,52973,0.516222;1886,84439,0.695333;1684,58452,0.314444;2880,100333,0.726444
6451,406252;2640,138279,0.831556;1241,51389,0.514222;1863,82900,0.688667;1674,56625,0.337333;2770,98784,0.735333
6426,406278;2619,137294,0.838222;1257,51828,0.537333;1803,80272,0.705111;1635,54675,0.332667;2730,97627,0.751778
6385,406306;2557,134578,0.853333;1283,50911,0.563778;1825,79434,0.718889;1690,55544,0.388444;2566,94320,0.770889
6583,406278;2579,135742,0.877111;1219,50005,0.590222;1839,78343,0.738667;1741,55562,0.409111;2433,90778,0.772667
6980,406208;2573,135359,0.867333;1201,48561,0.606444;1770,75368,0.742889;1733,55152,0.415556;2420,87577,0.757333
6802,406297;2588,135528,0.850444;1256,47958,0.575778;1821,77247,0.735556;1674,53479,0.405778;2477,90430,0.77
6785,406336;2552,134021,0.852;1256,48740,0.572;1865,77025,0.734222;1721,53741,0.411333;2527,92622,0.775111
6583,406263;2609,135794,0.852;1140,46424,0.529778;1833,76406,0.708889;1625,51471,0.382889;2542,90965,0.750444
6666,406161;2585,134885,0.824;1178,46862,0.528222;1824,76295,0.701333;1705,54658,0.373778;2507,90891,0.740889
6764,406247;2602,136574,0.820444;1150,47046,0.506889;1874,77985,0.696;1551,49347,0.346222;2516,91206,0.722
6703,406255;2635,138869,0.819778;1232,48523,0.508444;1871,78447,0.675333;1614,50786,0.335333;2510,92494,0.726
6694,406174;2622,137899,0.799111;1167,46961,0.486889;1819,76347,0.662889;1600,50513,0.312889;2596,90935,0.700222
6855,406235;2614,137940,0.8;1177,46829,0.483556;1855,77178,0.671333;1635,50650,0.31;2648,94564,0.710444
6715,406156;2690,141937,0.800889;1186,46561,0.486;1847,77056,0.648889;1559,49313,0.329778;2571,91140,0.690889
6705,406163;2633,138101,0.797333;1147,46269,0.480667;1857,77530,0.653778;1603,49882,0.326444;2616,93559,0.694
6850,406238;2637,139007,0.796444;1198,47163,0.488;1838,76790,0.652222;1639,51841,0.339556;2642,92622,0.696444
6895,406320;2597,136251,0.788889;1228,48627,0.506444;1858,78484,0.653111;1687,53281,0.337556;2561,91409,0.700889
6956,406141;2621,137947,0.783778;1164,46491,0.463556;1813,77158,0.630222;1661,50479,0.315778;2694,93173,0.688889
7092,406224;2641,139330,0.776444;1184,46189,0.459778;1841,77310,0.625333;1598,49492,0.305111;2729,94570,0.677556
7233,406101;2609,137453,0.764222;1169,46419,0.456667;1865,77831,0.635333;1602,49565,0.305333;2566,90620,0.658444
7128,406233;2651,139701,0.786;1203,47453,0.468;1837,77922,0.628889;1631,50571,0.333778;2653,92125,0.677333
7269,406124;2639,138316,0.787778;1170,46578,0.455556;1812,76715,0.628667;1600,48050,0.324444;2616,91997,0.688667
7281,406104;2648,138788,0.772889;1208,47773,0.468889;1891,77108,0.619556;1639,50895,0.32;2597,92384,0.700222
7150,406277;2638,138478,0.781111;1196,47740,0.451556;1825,76933,0.618889;1585,49668,0.317778;2713,93634,0.668444
7225,406404;2630,138363,0.775556;1201,47716,0.446889;1915,80682,0.638889;1633,50626,0.295333;2603,93781,0.684
7181,406305;2614,137669,0.774;1188,47175,0.453556;1887,78948,0.638;1618,49519,0.292667;2678,93241,0.671333
7082,405638;2581,138401,0.778444;1133,45514,0.484667;1786,75848,0.648444;1579,48337,0.300667;2624,90974,0.696444
7181,406276;2613,139293,0.789333;1182,46503,0.461556;1899,78008,0.650444;1690,50287,0.300667;2627,92016,0.675333
7113,406159;2584,137224,0.775111;1223,47853,0.469778;1900,77235,0.646;1628,49973,0.299111;2614,91912,0.689556
6986,406302;2657,140473,0.784;1199,47603,0.472222;1899,79334,0.642;1642,50814,0.329778;2724,92510,0.681333
7232,406322;2618,138282,0.772889;1148,47276,0.457778;1836,77965,0.633778;1600,50263,0.301556;2725,95916,0.672667
7101,406015;2627,138032,0.774222;1166,47153,0.455111;1907,79098,0.641556;1653,50506,0.320889;2646,92563,0.678667
7045,406192;2591,138406,0.775333;1180,47326,0.462222;1867,77776,0.621333;1611,49235,0.318;2692,91659,0.671111
7089,406169;2599,137575,0.779333;1146,46387,0.450222;1807,76688,0.624222;1612,48183,0.319556;2553,89652,0.658
7167,406254;2638,138317,0.779333;1149,46625,0.46;1930,78045,0.638667;1681,50624,0.322667;2691,93478,0.680222
7289,406192;2638,137898,0.759778;1197,47365,0.454667;1814,77381,0.624889;1571,49190,0.315556;2670,92214,0.671778
7106,406243;2640,138936,0.774222;1161,46559,0.468;1818,76854,0.618444;1659,49818,0.327778;2661,92915,0.670444
7275,406219;2634,138005,0.768222;1159,46947,0.462222;1884,78217,0.629333;1592,48755,0.325556;2544,90831,0.668444
7106,406086;2672,140372,0.768222;1162,46040,0.466444;1811,76948,0.620444;1617,48565,0.299556;2555,89346,0.664444
7105,406002;2633,139522,0.790222;1166,46143,0.474444;1837,76213,0.630444;1622,48949,0.295778;2566,90393,0.677778
7028,406265;2650,138447,0.765778;1174,46123,0.454889;1841,77154,0.638444;1629,48955,0.311333;2629,91964,0.657333
7119,406251;2603,138544,0.764444;1183,46500,0.465111;1872,78129,0.629111;1580,47112,0.317778;2671,93220,0.663111
7125,406167;2674,140305,0.767778;1167,46797,0.452;1799,76559,0.633111;1632,49042,0.326444;2615,91745,0.672444
7090,406175;2615,137178,0.778889;1147,45499,0.45;1832,76905,0.644667;1551,47706,0.301333;2476,87330,0.661556
7164,406240;2655,140455,0.778444;1194,46598,0.452222;1833,77933,0.618889;1572,48586,0.303333;2592,89843,0.645333
7182,406113;2633,140027,0.776222;1157,45924,0.461111;1818,76486,0.617333;1560,46820,0.314222;2644,91101,0.671333
7149,406223;2691,141303,0.778444;1131,45135,0.463333;1840,76821,0.635778;1602,47937,0.3;2632,91822,0.664222
7039,406025;2651,139692,0.762667;1133,44775,0.446889;1807,74700,0.609556;1525,46541,0.308222;2472,86553,0.644889
7246,406043;2634,138966,0.775556;1096,42850,0.476444;1780,73582,0.624;1547,45591,0.328222;2534,87790,0.672
7244,406063;2627,138547,0.785556;1153,44546,0.474444;1792,72664,0.639778;1582,47964,0.339111;2586,88091,0.683556
7093,406006;2638,138746,0.788667;1141,42743,0.489778;1747,71859,0.632444;1491,44694,0.324;2529,85760,0.683333
7182,405803;2587,137957,0.776889;1089,41481,0.498;1699,68465,0.653778;1481,43848,0.342889;2356,81838,0.698667
6972,405743;2644,138489,0.790667;999,39387,0.508889;1648,67548,0.665778;1407,42254,0.346889;2301,79785,0.695333
7044,404822;2649,139246,0.791556;952,35346,0.523556;1478,59679,0.661111;1176,36111,0.350667;1962,70037,0.694667
6970,399838;2610,138864,0.802;722,27382,0.536667;1169,47066,0.687111;894,27791,0.362;1569,56871,0.696222
6782,389213;2655,139318,0.799556;546,20932,0.567111;898,36824,0.696667;615,19108,0.370667;1201,42482,0.719556
6163,354451;2629,140303,0.800889;377,14041,0.576;629,24589,0.714;355,11647,0.378;752,28223,0.724
5075,291613;2691,141693,0.813111;267,8923,0.592444;426,16138,0.732;211,7234,0.380222;501,19240,0.731111
4058,231909;2591,140341,0.791778;210,6166,0.609333;290,11229,0.738667;138,4719,0.384444;319,12234,0.732667
2509,144960;2526,139964,0.8;121,3054,0.612222;160,4664,0.748222;65,2222,0.384222;136,5240,0.735333
1374,78867;2499,137988,0.797556;88,1531,0.613778;111,2791,0.749333;50,1576,0.383333;80,3006,0.738444
1148,65848;2542,140508,0.800889;61,1017,0.621111;75,1585,0.752889;24,779,0.383111;100,2299,0.737778
429,24652;2596,140152,0.808667;41,557,0.618667;67,933,0.751333;10,275,0.384;21,787,0.736
301,17669;2653,139539,0.795778;32,276,0.619333;37,466,0.752222;6,197,0.382;11,411,0.736667
