320,404550;367,132066,0.892444;273,72080,0.587111;373,104523,0.799333;574,76703,0.513556;615,107110,0.822444
348,405927;371,134419,0.888222;266,53933,0.610667;354,82230,0.801111;524,58392,0.525778;566,86353,0.822
347,406154;372,136064,0.893333;283,53197,0.585556;372,84438,0.806889;554,57951,0.521556;612,86751,0.823778
356,405935;370,137003,0.884222;285,53968,0.565333;380,81890,0.764222;568,58070,0.501556;619,88112,0.819556
357,406230;374,139631,0.892444;293,53121,0.572;397,85419,0.782667;573,59552,0.517111;639,89954,0.842444
355,406110;370,136342,0.883778;314,54673,0.584222;392,82590,0.773111;560,58269,0.488444;646,89535,0.817111
343,406190;369,135886,0.877778;310,53015,0.563556;392,82034,0.779778;561,57347,0.493111;635,88295,0.804667
338,406181;350,140486,0.902;300,53943,0.584222;389,82601,0.771111;585,59276,0.518889;634,89473,0.821111
336,405943;466,136766,0.894667;302,52897,0.579778;391,81487,0.767778;551,56550,0.490889;597,86328,0.816667
337,406232;457,135936,0.876889;300,52633,0.561333;403,84749,0.788;592,58827,0.476889;641,88410,0.809778
335,406050;465,136599,0.894;301,53152,0.569556;393,83894,0.792444;579,58728,0.501111;591,85946,0.788444
344,406195;464,136900,0.887333;303,53841,0.596;392,82691,0.788222;576,58657,0.515111;582,85468,0.810889
342,406223;463,135813,0.888444;314,53498,0.602889;415,83962,0.807111;556,57010,0.523556;617,87342,0.814222
336,406123;470,137292,0.888889;304,53192,0.618;402,80614,0.786667;541,56523,0.495111;616,86848,0.816222
338,406154;465,136165,0.901778;301,52802,0.601556;405,82114,0.790222;549,57435,0.501778;620,87789,0.815778
337,406221;461,134903,0.882889;312,53049,0.583333;393,82281,0.783556;593,60013,0.538222;609,86892,0.817556
334,406056;456,132488,0.888;317,53565,0.608;386,79559,0.787556;562,55899,0.509556;639,86723,0.839111
337,406159;361,133967,0.905111;300,51840,0.59;398,81249,0.797556;592,58292,0.527556;644,88822,0.852667
337,406230;368,135244,0.914;304,52938,0.628;390,80277,0.818444;585,57657,0.545333;602,83489,0.834889
338,406190;387,134556,0.902;307,51660,0.610444;403,80463,0.816222;593,58024,0.554667;656,87107,0.836444
342,406089;391,134359,0.908667;301,51185,0.614667;390,79290,0.810667;552,56211,0.535111;612,84910,0.847111
346,406113;385,134520,0.914222;258,50685,0.625778;411,77889,0.797111;573,56562,0.526667;621,84706,0.827333
344,406048;386,133532,0.913556;320,50564,0.616444;414,78957,0.812889;580,55860,0.532444;627,85022,0.854667
344,406044;381,132067,0.908444;320,51653,0.622889;404,78847,0.813556;644,57338,0.544889;654,85138,0.838889
349,406142;242,132466,0.920889;322,51411,0.659778;420,80213,0.832444;597,58924,0.572222;612,84349,0.852
348,406004;236,131295,0.916222;309,49387,0.635778;397,76978,0.827333;575,56462,0.588222;617,81890,0.844667
353,406180;242,135550,0.923778;316,51415,0.628;416,80064,0.830444;568,56218,0.543111;631,84569,0.852222
352,406172;354,134385,0.922444;325,51977,0.637111;416,78080,0.810667;585,57189,0.571333;651,84166,0.834222
343,406096;333,132039,0.922222;326,50124,0.624222;410,78605,0.809111;589,56774,0.548;640,86240,0.852444
339,406134;361,132562,0.927111;295,51778,0.629333;472,78703,0.829333;587,57567,0.593556;644,85598,0.840444
343,406170;364,134947,0.926889;343,51114,0.619111;451,79625,0.826;620,57632,0.579556;662,85842,0.852222
358,406020;353,132787,0.919778;340,49820,0.614;443,78172,0.834222;627,55654,0.54;674,84376,0.863111
343,406110;358,134629,0.929333;346,50212,0.641556;426,78484,0.830667;595,57543,0.564;633,83162,0.858222
346,406124;351,132218,0.911111;326,51551,0.648444;409,77558,0.816444;577,56125,0.552222;633,84006,0.873333
343,405993;352,132812,0.928889;331,49224,0.664667;402,76688,0.836444;580,54801,0.586667;640,82429,0.861556
352,406121;357,132074,0.924889;374,49550,0.636667;426,76228,0.838667;577,54314,0.562444;640,82973,0.869111
347,406150;357,132284,0.923111;322,49256,0.644;422,77709,0.822444;573,55485,0.547778;633,81997,0.841556
344,406107;247,132686,0.928889;321,49408,0.652667;410,77917,0.828222;558,54568,0.566;621,83159,0.859556
352,405989;241,132081,0.905556;315,50660,0.631333;394,76894,0.813778;565,55178,0.552222;642,84633,0.844667
342,406017;247,133449,0.929556;310,49713,0.653556;397,76318,0.830444;389,56496,0.558889;572,82067,0.872222
360,405972;247,132096,0.914889;295,50176,0.654889;308,76916,0.830889;474,54827,0.562222;596,83285,0.862222
357,406117;245,131895,0.928667;298,49850,0.620889;389,76802,0.820222;551,56060,0.563556;600,83510,0.854
347,405893;243,132420,0.922;295,49919,0.610222;380,77484,0.823556;553,55347,0.530222;598,83449,0.848889
348,406114;251,132959,0.911556;301,50339,0.648;384,76813,0.812444;542,55997,0.543111;620,83564,0.842667
348,406109;246,132713,0.920444;292,49885,0.641333;395,77778,0.820222;546,55177,0.552;617,85566,0.866889
348,406088;246,132530,0.932;292,49644,0.66;391,75775,0.806667;563,55912,0.571333;594,81586,0.839778
348,405964;247,134700,0.936222;305,49776,0.653333;377,75817,0.838444;553,54709,0.577556;587,81184,0.851333
356,406135;242,132787,0.931556;306,51203,0.661556;393,78067,0.832;559,55293,0.563333;638,85754,0.88
353,406158;244,131522,0.922889;304,50765,0.651111;408,79329,0.83;553,55984,0.565778;617,84355,0.837111
360,406087;245,132409,0.934667;311,51343,0.666444;387,78333,0.836444;576,56055,0.56;599,81503,0.856444
353,406127;244,132164,0.920667;309,50178,0.647333;392,77571,0.826444;560,55100,0.583556;599,82803,0.860889
348,406073;240,129842,0.908444;300,50524,0.653556;393,78146,0.834444;565,56640,0.557556;603,83076,0.879556
350,406088;250,133559,0.933333;296,50415,0.666889;403,76403,0.840222;560,56204,0.571333;613,83809,0.876
348,406083;248,130620,0.925111;299,49633,0.658222;388,77474,0.844889;535,53926,0.564;600,82437,0.880667
354,406016;249,132921,0.928;307,49526,0.645556;402,76867,0.834222;559,55107,0.548222;586,81797,0.868
351,406163;247,133008,0.924444;325,50941,0.651778;429,78523,0.838444;589,57067,0.583111;628,83839,0.862222
349,405883;244,131746,0.924444;308,49549,0.679778;424,76766,0.842;575,55524,0.593556;604,80720,0.849111
346,406138;247,132541,0.934222;329,50766,0.671556;413,77439,0.822889;566,56435,0.577333;593,81530,0.850889
347,406112;245,130744,0.912;333,51339,0.678;429,77753,0.826889;566,55910,0.612667;639,82743,0.856444
346,405996;246,131214,0.915778;345,50309,0.659111;419,77366,0.844889;563,55302,0.585556;615,81047,0.854667
349,406030;248,132046,0.928444;327,50182,0.642444;417,77054,0.834444;541,54696,0.596444;626,82048,0.856
352,406186;245,132271,0.932;327,51496,0.662;406,79270,0.834444;525,55343,0.561111;667,85640,0.869556
358,406029;251,131709,0.927778;338,51610,0.641111;420,76863,0.830444;620,57623,0.578889;635,84382,0.864667
363,406125;248,132977,0.920222;319,50623,0.644444;410,75663,0.835778;563,55248,0.576444;634,82937,0.859111
353,406083;243,130649,0.915556;337,50511,0.658444;426,78533,0.833556;591,56890,0.579111;647,84785,0.858
355,405909;251,132841,0.925111;354,50824,0.648;422,78112,0.840444;598,57463,0.585111;637,83200,0.866667
353,405915;425,132631,0.924;331,50287,0.652222;421,76391,0.829556;593,56151,0.593778;637,81790,0.856889
348,406227;488,131912,0.922667;326,49310,0.649778;437,79268,0.823111;580,55285,0.544667;644,83748,0.834444
360,406226;483,131617,0.909556;334,50866,0.636889;432,79389,0.817333;583,55626,0.531333;653,84857,0.847778
354,406088;496,134292,0.929111;339,50254,0.643778;424,77570,0.819333;586,55193,0.559556;643,82738,0.844
346,406069;480,132177,0.917778;327,51132,0.648;432,77872,0.834889;585,56526,0.571778;621,83356,0.864889
354,406168;484,132492,0.916222;331,51855,0.644889;427,78362,0.835556;579,56071,0.576;595,81655,0.838
351,406091;497,135704,0.924667;326,49261,0.628;526,77018,0.830889;738,56327,0.557333;786,84602,0.850222
351,405975;497,134051,0.916444;424,50253,0.647556;509,76341,0.835778;733,57298,0.564889;677,82258,0.853333
350,406105;398,132095,0.920444;330,51207,0.642222;422,77499,0.825778;591,55623,0.584667;629,82582,0.866222
349,406014;383,134639,0.927556;331,49704,0.626;443,77189,0.821778;609,55464,0.555333;622,81742,0.847556
356,406101;407,135004,0.926222;341,50022,0.643778;452,77837,0.830667;602,57673,0.589556;664,83363,0.876
355,406082;413,134873,0.924889;348,50902,0.669778;445,78490,0.829111;604,56148,0.575778;669,83018,0.854889
353,406056;400,133386,0.921111;318,49246,0.618222;441,76950,0.814444;607,54439,0.555333;640,81941,0.860222
365,406001;400,131788,0.911111;348,49767,0.633556;463,78504,0.830667;607,55342,0.544;640,80417,0.832667
350,406125;402,133154,0.914444;359,51457,0.618;458,79200,0.809333;617,56409,0.572889;663,84824,0.836
360,406057;400,134113,0.916;347,50891,0.621556;431,79326,0.820667;598,56080,0.538;655,84893,0.838222
355,406124;403,133962,0.915556;331,51294,0.624444;430,78504,0.825111;584,55736,0.545111;619,84051,0.850667
349,406224;405,135283,0.918444;300,50844,0.617333;391,78745,0.819556;560,56745,0.576444;594,83327,0.844
352,406056;394,131044,0.910667;308,51118,0.623111;395,80743,0.836;550,56686,0.565111;614,84534,0.851111
350,405815;399,133597,0.922667;296,48762,0.623333;377,76795,0.838444;548,54291,0.580444;600,79871,0.860222
350,406146;409,135208,0.926444;319,51006,0.634444;391,77178,0.818667;548,55452,0.589556;599,82931,0.844222
357,405908;387,133278,0.909333;339,52012,0.668222;405,76215,0.82;561,54961,0.551556;614,84240,0.846444
358,405997;407,135040,0.918444;316,50401,0.628;395,77533,0.834222;566,54994,0.577111;609,83472,0.854889
354,406091;406,134324,0.902444;307,49655,0.622667;411,80345,0.835556;547,55221,0.547111;603,84221,0.863333
362,406017;398,132783,0.923333;316,49775,0.613778;403,78138,0.838889;559,55897,0.532;619,84904,0.855556
353,406059;401,133683,0.913778;313,51059,0.646889;407,78758,0.824667;560,56599,0.584444;613,83255,0.864222
351,406050;406,134471,0.923556;308,51392,0.652667;401,77793,0.818667;523,54513,0.568889;626,83496,0.868
354,406208;401,133972,0.924889;307,50756,0.640667;391,79062,0.813333;593,57790,0.538;620,85468,0.867778
362,406110;405,134937,0.92;302,50850,0.627556;401,77069,0.827333;560,56278,0.563333;611,83575,0.874222
360,406055;401,132259,0.924889;309,50457,0.657556;420,77437,0.827111;560,56402,0.567556;621,83193,0.854889
370,406038;400,132576,0.914889;297,49954,0.653778;396,76692,0.820444;548,54825,0.587111;601,82013,0.835333
354,406164;407,133220,0.912222;317,51731,0.620444;398,77754,0.818444;582,55601,0.554222;634,85393,0.843778
352,406090;395,132832,0.925778;286,50139,0.637778;433,80956,0.829778;579,56354,0.55;626,84749,0.846222
354,406171;394,133256,0.919111;314,50148,0.627333;395,77929,0.814222;561,54551,0.573333;609,82433,0.838889
352,406070;400,133936,0.914889;317,50567,0.634889;407,77233,0.834444;559,55095,0.555556;598,82538,0.828444
351,406099;392,131283,0.913778;319,50076,0.657111;406,78382,0.837556;555,54929,0.545778;615,83955,0.852
360,406133;404,132944,0.919556;317,51107,0.623333;405,78970,0.823556;593,57747,0.549556;625,85754,0.859556
365,406174;396,132656,0.919333;319,52670,0.639556;404,79286,0.815778;575,56880,0.543111;610,85753,0.838444
354,405941;397,133725,0.916667;312,50268,0.64;411,79558,0.836889;552,54978,0.524222;616,83531,0.860222
352,406036;400,133179,0.911778;310,49034,0.620889;412,78916,0.814444;559,55781,0.545111;617,83924,0.841556
351,406138;398,134012,0.912;319,50789,0.636667;406,79018,0.816667;579,56391,0.567333;612,81515,0.831556
357,406074;396,132105,0.924;324,50952,0.636;405,78167,0.832667;544,55511,0.538444;615,82823,0.854
364,406131;405,134880,0.924222;307,50135,0.623111;411,79249,0.825111;579,56299,0.580444;633,85282,0.857778
359,406210;404,133914,0.916;316,50993,0.631556;388,77733,0.821111;589,56837,0.565778;603,81553,0.843333
352,405993;393,135090,0.924222;306,50072,0.612222;397,77140,0.795556;542,54478,0.542;626,83648,0.855556
355,405936;400,133458,0.918444;303,49494,0.618889;408,77251,0.829111;580,55582,0.531778;627,83810,0.866667
355,405727;399,132136,0.925111;286,50372,0.620889;416,77292,0.814889;579,54246,0.556;626,83933,0.843556
351,406030;396,132610,0.926;311,50805,0.64;397,77558,0.825778;554,55507,0.568667;615,82721,0.856667
352,406139;396,133239,0.913111;306,50248,0.649556;394,77606,0.827111;586,57833,0.564667;641,83971,0.848222
351,406017;402,133546,0.911333;367,51128,0.651111;436,78264,0.813778;592,54619,0.519778;656,84142,0.856889
361,406136;402,134647,0.919333;341,51225,0.628889;444,79582,0.816444;610,56455,0.551778;634,85880,0.848667
360,406033;400,134771,0.919778;313,50841,0.643333;420,79294,0.831111;588,56243,0.560444;621,85078,0.873111
356,406056;402,135093,0.922222;314,49460,0.646222;414,77682,0.825556;568,56002,0.578889;621,83615,0.866222
354,406124;390,134517,0.911778;317,50483,0.633333;413,78601,0.818444;565,55129,0.552;636,83685,0.839333
354,406150;394,132767,0.911778;315,51464,0.622444;410,78574,0.817778;576,56122,0.561333;631,83882,0.852
363,406166;385,130891,0.914667;321,51694,0.636444;411,78322,0.826;589,56229,0.579778;629,83933,0.852
352,406176;395,133425,0.921111;302,50551,0.644444;422,78277,0.826444;583,56604,0.558667;619,83969,0.863333
352,405995;378,134737,0.924;309,51333,0.625333;408,79290,0.831556;600,56806,0.568667;611,82024,0.852889
358,406092;494,131898,0.918;303,50381,0.636444;411,79314,0.841111;581,56773,0.574667;620,83750,0.857556
351,406063;490,132272,0.918444;300,50816,0.627111;401,77775,0.846889;573,56694,0.589333;622,85168,0.863778
353,406124;492,133018,0.915556;291,49753,0.612222;400,76926,0.812222;557,56098,0.534889;612,84428,0.844222
355,406021;489,133738,0.919333;304,50449,0.633778;402,76985,0.807778;581,55919,0.551778;610,82637,0.839333
357,406150;492,133934,0.910889;314,51459,0.633111;410,79636,0.819111;564,56232,0.567556;616,85211,0.850667
365,406161;483,133729,0.912;322,52246,0.632667;424,81409,0.816889;567,57748,0.577556;632,85568,0.853333
356,406178;497,135253,0.911556;322,51119,0.608889;416,79425,0.822444;579,56505,0.547111;610,83379,0.829111
350,406127;448,133016,0.922444;301,50101,0.612;418,80593,0.829556;574,56848,0.580222;609,83039,0.846444
357,406079;390,134353,0.914;319,50442,0.628;396,76266,0.813333;581,57045,0.563333;610,83312,0.859778
357,406044;253,131915,0.910889;311,50119,0.636;410,79739,0.824889;572,57511,0.583333;616,83530,0.846667
365,406090;249,133211,0.914667;309,51064,0.627333;408,78904,0.820667;563,56459,0.576;620,84452,0.841778
356,406141;247,134004,0.912444;309,51009,0.618;416,81348,0.818667;561,55603,0.55;639,87090,0.858
352,406048;248,134259,0.912444;306,51219,0.622222;406,78865,0.81;568,56133,0.537111;607,82364,0.843778
352,406071;249,134626,0.913111;318,50421,0.627778;396,80907,0.829333;565,56116,0.549556;620,84099,0.83
355,406032;249,133458,0.901111;310,50540,0.618;401,79142,0.815778;565,55258,0.531333;626,84138,0.836444
353,406164;250,133076,0.907778;317,51138,0.624667;416,79155,0.809556;584,56391,0.548444;650,85766,0.851333
352,406209;250,134533,0.911556;311,52032,0.622667;414,79373,0.802444;559,57117,0.569556;636,86594,0.855333
355,406018;247,133376,0.918667;311,49707,0.620444;415,77710,0.804222;577,55008,0.53;604,83046,0.832444
361,406036;249,133709,0.919111;326,51520,0.606444;411,79551,0.816667;556,55195,0.537333;617,85864,0.853333
359,405997;242,131879,0.91;303,49963,0.629111;410,77893,0.819111;572,55785,0.553556;610,82428,0.858222
357,406052;248,135549,0.916444;312,51344,0.626444;408,79337,0.821778;558,56666,0.555778;599,84852,0.861556
357,406076;254,133909,0.906667;300,50526,0.644889;404,78299,0.806;573,56190,0.558889;609,84191,0.836
355,406058;246,133588,0.916667;322,50998,0.618444;400,79343,0.821333;555,55396,0.531333;613,86400,0.847111
371,406111;254,134659,0.912222;303,51108,0.631778;423,80229,0.815333;621,58045,0.533111;642,85533,0.846
365,406086;255,135617,0.920222;311,51653,0.641333;415,78786,0.821778;579,56664,0.567778;627,84227,0.851556
354,406181;260,135928,0.915333;316,51838,0.635556;415,81176,0.808444;561,55533,0.537333;615,85809,0.836222
351,406138;246,132318,0.910667;310,50775,0.637111;391,77419,0.818222;547,55557,0.558;598,84448,0.859333
350,406061;248,134438,0.900667;303,49718,0.636667;410,79597,0.819333;580,54518,0.549333;637,83876,0.838889
353,406171;250,136141,0.904;309,49643,0.599778;422,80791,0.818;576,56137,0.537333;620,84440,0.825778
352,406186;249,132941,0.912444;314,51931,0.619333;406,79796,0.803333;574,56962,0.528667;607,84761,0.842667
352,405984;249,135673,0.913111;318,50479,0.626889;405,78929,0.804444;555,56418,0.536;611,84368,0.847778
358,406044;394,134035,0.917111;296,50294,0.636667;384,77419,0.817111;534,55707,0.563333;595,83053,0.822
359,405935;411,134150,0.914889;303,49268,0.631111;412,78492,0.822667;563,55900,0.584222;662,82871,0.828444
351,406158;399,133522,0.91;338,51451,0.634;437,78242,0.814;613,55399,0.548222;648,83666,0.838444
355,406108;404,135450,0.909778;328,51440,0.633333;422,79298,0.819778;621,56888,0.562667;622,83543,0.844889
356,406033;401,134319,0.904222;310,51996,0.614;402,79292,0.810889;565,57707,0.559333;585,84089,0.834889
367,406134;396,135505,0.917778;301,50670,0.616222;397,78209,0.821778;605,57681,0.536444;644,85740,0.830222
358,406043;417,133965,0.912667;312,49891,0.597333;426,79170,0.835778;593,56721,0.556667;603,83412,0.847556
357,406154;400,132868,0.902667;320,51013,0.610889;408,79402,0.815556;574,56068,0.573333;617,83383,0.858222
359,406192;369,133434,0.909111;321,50955,0.633111;411,79985,0.815333;595,57305,0.58;624,85227,0.853778
354,406192;404,134424,0.907333;308,51188,0.612222;399,81051,0.808;587,57437,0.556667;628,86632,0.818667
350,406105;402,133425,0.902667;312,51071,0.623111;422,78957,0.808222;589,56474,0.531333;639,84022,0.834667
353,406019;414,135929,0.920444;293,49507,0.614889;393,77930,0.787111;563,55237,0.55;618,84256,0.844444
353,406029;400,133189,0.904667;305,50464,0.617111;405,79210,0.817333;548,56163,0.542667;590,84159,0.842667
356,406123;369,136002,0.915111;297,51177,0.630889;392,79941,0.815556;524,55393,0.552222;573,84451,0.819111
364,406117;250,134812,0.912889;309,51166,0.608;396,79776,0.824889;555,55620,0.555556;628,85531,0.854889
359,406094;249,136799,0.911111;323,51520,0.627333;409,78117,0.811778;568,56968,0.555111;613,84148,0.832222
358,406062;242,132689,0.920444;324,51932,0.630222;407,78078,0.813556;572,56831,0.542889;615,84814,0.832889
358,406113;250,136708,0.917333;327,51987,0.626667;408,79340,0.818;536,57229,0.558667;596,85470,0.851778
361,406137;246,133965,0.914444;298,51407,0.610667;390,79701,0.792667;562,57264,0.543111;622,86579,0.846444
358,405904;249,133337,0.915778;324,50998,0.625111;419,78498,0.803111;613,56653,0.562222;618,82595,0.842
353,405937;243,132069,0.908;312,50541,0.614;411,81411,0.828667;582,57254,0.549778;631,85736,0.860222
355,405909;244,133369,0.916889;321,52467,0.656;388,77989,0.830667;542,56811,0.550222;572,84980,0.856444
354,406075;250,135333,0.920222;285,52254,0.618667;383,80264,0.830444;513,56295,0.536222;590,84823,0.850222
351,406027;252,135203,0.912222;291,50331,0.621111;386,80023,0.838444;524,56661,0.555778;573,83061,0.836
352,406187;246,133076,0.896667;297,50800,0.620667;399,79348,0.818;537,56465,0.573111;586,83718,0.833556
352,406120;256,135272,0.916667;297,50897,0.621778;392,80123,0.819778;518,56032,0.566444;570,83042,0.845778
354,405996;410,132674,0.907556;309,50183,0.614889;407,79668,0.827111;570,56719,0.559778;600,83732,0.853556
364,406141;395,131879,0.902;319,52924,0.612;411,80574,0.827333;585,56562,0.545333;584,83405,0.833333
358,406080;396,132012,0.917556;290,50353,0.614444;392,79117,0.81;563,55357,0.535333;596,84933,0.864444
363,406060;340,133724,0.910667;290,51685,0.629556;402,79305,0.805778;572,56383,0.553556;611,83508,0.837778
364,406176;261,134644,0.903111;288,51381,0.613556;396,80785,0.814444;569,56338,0.526;623,85396,0.827333
370,406079;254,132941,0.903778;305,50886,0.623556;389,78885,0.804;558,56228,0.546667;581,82410,0.829778
362,406021;261,134782,0.911556;291,51241,0.626667;386,79419,0.803333;555,56600,0.534889;600,84969,0.845111
353,406116;258,132974,0.910889;305,52004,0.638;404,79191,0.818667;609,57480,0.560667;623,84892,0.856444
352,406120;259,133635,0.909111;300,50172,0.61;394,77974,0.798889;557,55912,0.549556;602,85350,0.840889
350,406021;263,134859,0.912;303,49357,0.589333;394,77813,0.798222;574,56608,0.595333;595,83734,0.827333
352,406159;253,132865,0.909778;306,52796,0.614;394,80260,0.824222;536,55885,0.581111;625,86401,0.858444
353,406166;257,132799,0.906;300,51065,0.648444;400,80468,0.84;546,57205,0.587333;625,86116,0.858667
355,406024;255,131262,0.899778;302,51598,0.623111;393,77822,0.807333;533,55529,0.543333;599,83980,0.852222
360,406040;258,133798,0.908;289,50921,0.623778;379,77831,0.802444;539,54786,0.550889;585,82624,0.833111
364,406116;262,135664,0.92;314,51147,0.612;426,80939,0.825333;570,55404,0.525556;626,85286,0.841778
355,406168;266,135379,0.909778;321,51299,0.619111;402,79824,0.808889;587,57383,0.540222;610,85888,0.860889
358,406180;257,131923,0.906444;298,50765,0.628444;391,80492,0.806889;567,56322,0.534444;634,86566,0.857111
366,406070;261,133176,0.908667;289,51518,0.635111;387,80150,0.815556;569,57001,0.539333;619,86325,0.852222
367,406016;251,132519,0.905556;296,51848,0.614667;398,78783,0.802889;585,56871,0.539778;650,85534,0.852222
358,406014;246,133447,0.91;322,51298,0.632889;407,78488,0.794222;572,55523,0.546889;621,84258,0.846444
363,406252;252,135947,0.909778;326,51489,0.598;433,80835,0.798667;582,56350,0.529333;610,85931,0.842667
352,406099;247,134832,0.908889;307,51325,0.608667;404,80097,0.794222;548,56656,0.554;617,86328,0.842444
354,406081;252,134567,0.905778;306,51083,0.618444;397,78518,0.807333;540,56224,0.555778;575,83131,0.838667
353,406097;246,133994,0.909333;308,50466,0.605111;422,80142,0.801111;541,55604,0.549778;603,86302,0.841778
350,406120;246,133760,0.908444;301,50897,0.610444;393,78599,0.814;563,56440,0.555333;607,84113,0.848444
358,406196;246,135053,0.926222;315,53107,0.621333;411,81465,0.815111;554,56794,0.572222;598,84955,0.822444
378,406143;248,133329,0.918444;303,52368,0.640667;388,78866,0.813333;565,57343,0.561333;591,85290,0.838222
361,406076;241,131307,0.915111;295,50799,0.621556;405,81203,0.822222;544,56808,0.562444;612,85501,0.862
360,406009;244,133712,0.903333;294,51360,0.628;387,78412,0.808444;530,55775,0.537778;581,83525,0.852222
361,406198;245,134688,0.904222;301,50659,0.628444;399,79211,0.812444;541,55974,0.522667;562,82648,0.835778
357,406137;247,135691,0.904444;283,50994,0.611333;381,79685,0.803556;525,56313,0.544;593,87626,0.844889
360,405997;250,136453,0.914667;275,49444,0.592;405,78685,0.800444;564,55748,0.530222;588,83856,0.834444
353,406167;454,135849,0.916444;303,51787,0.612667;386,78503,0.799556;554,56345,0.546889;614,87024,0.848889
349,406088;400,134451,0.905111;280,50401,0.591778;387,78571,0.810222;555,56463,0.541111;598,85613,0.826444
359,405717;404,136744,0.917111;288,51437,0.621778;389,78991,0.8;526,54707,0.536889;604,82868,0.814667
349,405966;394,133063,0.906889;299,50992,0.623778;377,78315,0.815333;550,55968,0.555111;603,83755,0.839556
348,406048;405,133353,0.915778;298,50098,0.633111;390,77855,0.808667;544,55753,0.543111;577,82377,0.845333
350,406089;399,134225,0.914222;314,51348,0.640667;392,78502,0.828889;544,56294,0.559778;606,85728,0.851556
351,406183;404,135306,0.918;296,50633,0.635556;395,79628,0.818222;546,56327,0.571111;593,85169,0.842667
363,405964;362,133830,0.898444;290,50738,0.618444;384,78866,0.804;523,55665,0.569111;571,82959,0.832444
366,405948;366,135702,0.918889;294,51871,0.644222;379,78071,0.803111;550,56829,0.545111;583,84823,0.85
358,406058;360,134885,0.908222;295,51826,0.634222;380,79442,0.789778;541,57790,0.564889;609,86175,0.845111
359,406114;356,132296,0.906444;315,52845,0.612222;407,81444,0.812222;558,57582,0.548889;604,84655,0.830667
363,406141;360,134197,0.909333;288,49747,0.633111;389,78653,0.812444;518,55971,0.558889;587,83551,0.829556
368,405934;361,134581,0.902444;306,51188,0.596889;377,77577,0.807778;530,55785,0.539333;579,83652,0.839111
364,406008;364,134585,0.901111;293,51539,0.607333;398,78630,0.801333;565,57549,0.548;600,84510,0.839111
355,406046;356,134534,0.906667;300,50073,0.616222;400,79594,0.822889;539,56061,0.547778;574,81634,0.843556
349,406111;357,134177,0.912;292,50209,0.618889;383,78916,0.806222;545,56266,0.576667;564,83713,0.838667
352,406065;357,134352,0.917333;302,51149,0.618667;393,79623,0.820889;540,55967,0.558444;605,85283,0.844
363,406076;358,131331,0.9;298,50170,0.616;395,78747,0.820889;539,55693,0.544222;579,85360,0.858889
353,406152;361,133546,0.914889;290,51126,0.598889;375,78628,0.821556;552,57042,0.526444;597,84417,0.844889
360,406110;364,135170,0.916222;293,50217,0.615778;390,79773,0.823556;550,56930,0.552667;580,83233,0.841556
360,406043;367,135180,0.929333;299,50803,0.640889;394,78101,0.829333;530,55669,0.583333;569,82471,0.834444
359,406037;359,133399,0.91;308,50124,0.617556;395,79824,0.827556;561,56769,0.565333;590,82606,0.842667
361,406104;356,132897,0.914222;282,49777,0.631556;395,79101,0.803778;534,54783,0.558667;588,84803,0.846
363,406116;359,134650,0.903333;294,50634,0.631333;385,77545,0.814667;525,55506,0.574;600,83354,0.839556
355,406178;351,136121,0.911556;318,50522,0.603556;397,79310,0.810222;545,56278,0.566444;589,84265,0.842889
360,406093;361,134044,0.908667;305,51574,0.616444;396,79822,0.81;553,57578,0.570667;611,86210,0.848889
362,406113;366,136855,0.921333;298,50629,0.602;382,78557,0.811111;529,55542,0.528444;595,84987,0.849111
376,405936;361,135198,0.912889;312,51163,0.622444;404,79945,0.832889;540,54997,0.525778;592,83336,0.837556
380,406191;366,135396,0.920444;314,50597,0.618889;392,78896,0.824;550,57578,0.581111;576,83210,0.844
390,406167;354,133517,0.911111;295,51322,0.647333;379,80307,0.823333;528,56453,0.550222;621,84515,0.848
383,406156;367,134341,0.908667;330,50378,0.614222;419,79782,0.819556;590,57623,0.544444;629,82715,0.829111
393,406040;355,132190,0.915111;320,49392,0.602889;406,77979,0.810667;569,56237,0.583111;592,83494,0.83
401,406153;361,134623,0.91;304,52621,0.628;397,80262,0.830667;552,56078,0.544889;613,87627,0.864
383,406142;355,133781,0.900889;297,50931,0.587111;376,78838,0.826444;555,56435,0.554444;590,83092,0.839333
399,405955;356,133944,0.904444;304,49760,0.618444;394,77352,0.796667;573,56049,0.528222;624,85344,0.842
376,406106;359,134634,0.910889;314,51705,0.618889;399,78611,0.8;563,56650,0.574222;613,87364,0.841556
359,406118;359,133738,0.916444;291,50613,0.618667;387,77980,0.814222;531,55413,0.510667;602,84827,0.842222
359,406004;359,133653,0.914667;302,49960,0.624444;411,78115,0.802667;558,57843,0.558444;596,84144,0.839556
360,405921;353,132679,0.910889;282,49373,0.613111;395,77497,0.818222;538,54699,0.545333;584,83466,0.847778
356,405926;396,134049,0.918889;303,49968,0.602889;394,78829,0.818222;548,56022,0.554444;580,83300,0.857778
357,406203;395,134775,0.907111;290,50841,0.622;388,79872,0.816444;528,56014,0.55;561,83391,0.841333
364,406196;388,135396,0.919333;324,52876,0.632889;408,80368,0.83;548,56039,0.540889;593,85406,0.848444
359,406074;416,134230,0.914;286,49671,0.605333;394,79557,0.824;537,56608,0.562;577,83919,0.848
361,406147;421,135574,0.917111;296,51272,0.599778;399,81020,0.831778;574,57450,0.568667;613,85714,0.849556
365,406082;376,134691,0.900889;306,50658,0.633778;384,78537,0.822889;552,56328,0.553111;593,83599,0.83
362,406136;420,134684,0.915556;298,50937,0.628889;382,78491,0.823333;557,55876,0.57;592,83288,0.843778
367,406195;418,134429,0.902444;292,51182,0.599778;393,79992,0.79;527,55991,0.543333;593,84798,0.838444
380,405862;403,134541,0.913111;290,50898,0.636222;394,80108,0.819333;527,56673,0.584444;595,83455,0.834889
383,406068;425,136052,0.909333;308,50247,0.629556;394,77952,0.819333;545,55438,0.536444;578,83462,0.845333
385,406186;421,135548,0.918222;310,51789,0.642;391,80106,0.812;536,56445,0.533778;589,85328,0.843778
390,406046;414,133371,0.912;290,50840,0.633111;377,77974,0.811556;517,55312,0.526889;584,84715,0.852667
382,405900;415,133552,0.91;287,50659,0.630889;371,77808,0.819556;539,56386,0.557111;603,83110,0.843111
387,405793;405,134457,0.924667;308,52003,0.637333;389,79532,0.814889;535,56098,0.528667;588,84771,0.863778
376,405809;397,134203,0.915333;301,51375,0.634444;390,77709,0.827778;537,56475,0.574222;584,82649,0.871111
399,405942;404,133922,0.913333;300,50681,0.618222;396,79264,0.827778;550,55640,0.529778;594,83835,0.848222
371,406173;399,133993,0.925111;308,51089,0.622222;395,78433,0.827556;574,57932,0.547333;582,84408,0.848889
365,406003;406,134863,0.923556;294,50489,0.622222;393,77866,0.831333;569,56356,0.578889;572,83545,0.860222
359,406052;407,134762,0.919111;298,50268,0.623111;384,77919,0.807778;547,55987,0.546667;590,83247,0.840444
361,405974;398,132354,0.921333;298,50490,0.610222;379,78668,0.812889;565,55102,0.539556;610,84208,0.848
363,405884;401,134505,0.914667;300,50196,0.615333;388,78974,0.810889;550,55485,0.552667;594,82599,0.849111
362,406127;383,133711,0.907111;290,49990,0.625778;389,79302,0.826667;535,55406,0.560667;583,84139,0.850222
368,406046;360,136523,0.922;285,49133,0.644;377,77453,0.820444;535,55281,0.568667;578,82658,0.834444
367,406053;354,133358,0.92;309,50313,0.630222;402,78834,0.807778;544,55286,0.566889;581,82336,0.862444
365,405975;350,133694,0.916;311,50182,0.642;393,77950,0.816667;528,55043,0.545111;572,82019,0.852222
361,406173;362,132094,0.913778;286,49976,0.632222;391,80210,0.825556;550,57096,0.573333;606,84825,0.852222
360,406106;357,134604,0.917333;290,50228,0.620444;390,78734,0.824667;545,55356,0.548667;595,83206,0.833778
361,406041;361,134038,0.906;322,50426,0.626444;384,79010,0.800889;542,55508,0.553111;594,85448,0.844
366,406119;358,134980,0.921556;303,49371,0.612667;390,79137,0.825333;554,55452,0.532444;601,84073,0.850222
376,406052;358,133553,0.906;294,49315,0.639333;387,76744,0.836222;525,54511,0.560444;574,82135,0.837111
379,405705;357,133910,0.912889;299,50545,0.650667;401,78086,0.806889;551,55579,0.587556;579,81941,0.834
383,406124;352,134094,0.904667;308,50175,0.637556;386,77225,0.827778;536,55016,0.542444;587,82221,0.849556
388,405845;354,133883,0.914889;303,49022,0.608444;403,76564,0.820444;540,55344,0.568667;580,80788,0.831111
383,406028;358,134619,0.92;303,49214,0.644444;397,77661,0.826;528,54991,0.564222;615,82778,0.845556
381,405933;357,134611,0.922;319,48444,0.633778;410,75419,0.805111;567,52739,0.554444;646,83092,0.866222
385,405869;331,134164,0.909556;330,49053,0.642;427,77617,0.814;537,53173,0.574889;606,79961,0.852444
396,405904;352,132038,0.913556;307,48042,0.664889;390,74768,0.811333;529,51866,0.567556;606,80727,0.835778
374,405878;359,135368,0.923778;301,46469,0.665111;382,72457,0.826444;521,51721,0.603111;577,79096,0.850444
362,405698;366,134723,0.916667;297,46600,0.658889;385,73140,0.830889;525,52504,0.588889;588,81194,0.858222
351,405814;356,133812,0.910667;288,46165,0.640222;386,73718,0.824889;508,50476,0.562667;594,80073,0.852222
355,405402;358,133772,0.914889;294,46405,0.636444;396,74197,0.830667;504,51958,0.609778;592,80365,0.843333
349,405658;357,135045,0.913333;287,45441,0.643778;361,71995,0.847111;460,49008,0.588;546,77796,0.839556
354,405148;347,133848,0.914;252,42971,0.643778;345,70784,0.827111;426,46554,0.597111;540,77296,0.843111
354,404340;356,134120,0.910222;249,39692,0.645556;341,64981,0.823111;419,43332,0.607778;508,71217,0.840889
347,402270;362,133648,0.934667;219,34808,0.676222;312,59627,0.843333;372,39232,0.620222;483,66716,0.858667
339,401072;359,135474,0.912;207,32733,0.665778;300,58394,0.842;362,37509,0.618222;477,65582,0.854
352,397344;341,132961,0.908889;195,30322,0.699778;273,52087,0.840889;333,34549,0.626889;436,60314,0.848667
338,389365;358,133882,0.913778;186,27117,0.714667;240,46038,0.836444;268,28923,0.644889;364,52529,0.846667
339,386386;359,134254,0.911111;180,24733,0.728667;225,41143,0.863556;224,25255,0.641556;330,48428,0.867333
334,371193;359,132379,0.918222;149,20738,0.737111;201,34351,0.862444;201,21514,0.646444;294,41348,0.860444
322,354710;365,133407,0.92;122,16640,0.760444;167,29440,0.871778;158,17194,0.639778;251,35388,0.860222
284,321849;356,133818,0.92;114,14170,0.779111;149,24325,0.874;137,13874,0.669333;208,29324,0.864222
268,302089;357,134177,0.914889;99,12408,0.774;129,21070,0.875778;115,12621,0.668;170,25054,0.875778
253,293172;345,133881,0.924889;92,9804,0.782889;135,19199,0.893778;94,10213,0.680667;165,23357,0.875778
188,222183;358,134327,0.925778;78,6868,0.792222;83,11823,0.890889;60,6859,0.692444;106,14981,0.881778
163,192823;354,133993,0.918222;68,5317,0.796;77,9742,0.893333;53,5849,0.705111;84,12034,0.875111
128,150849;363,135367,0.924222;65,4586,0.802;67,7474,0.897111;46,4882,0.713778;76,9864,0.882667
96,110340;356,133437,0.924222;48,3444,0.807778;51,5718,0.899778;32,3827,0.718889;51,7634,0.881778
91,108765;358,134056,0.920667;45,3040,0.812222;49,5281,0.895333;32,3631,0.713333;57,6835,0.883778
77,92424;360,133216,0.926667;34,1675,0.810667;34,2852,0.901778;15,1920,0.716444;29,4611,0.886889
47,56082;355,133965,0.927333;40,1475,0.812;45,2838,0.898667;13,1450,0.712;24,3803,0.882444
49,57677;361,135343,0.926889;27,1122,0.816;30,2275,0.9;7,851,0.718889;19,2831,0.886444
27,28159;366,135360,0.926444;23,670,0.816;25,1383,0.903111;7,907,0.719778;10,1645,0.885111
22,23823;379,135110,0.921778;23,541,0.814667;35,1441,0.905556;6,706,0.718222;7,1094,0.887778
32,37571;379,134120,0.931556;25,661,0.815778;28,1593,0.906222;6,683,0.721333;10,1692,0.888
28,32446;363,131978,0.921111;20,657,0.815333;27,1671,0.905556;8,955,0.719333;14,2193,0.888222
20,22063;393,133577,0.921556;21,183,0.815778;33,997,0.906;3,395,0.718222;7,1081,0.886667
13,13306;391,134979,0.921333;24,329,0.818444;22,615,0.906;2,248,0.718889;3,447,0.887778
7,5362;382,134218,0.926444;21,238,0.816889;24,423,0.906;1,142,0.717778;3,438,0.888667
10,10670;374,134384,0.924;19,166,0.817111;30,542,0.906444;1,104,0.718222;3,536,0.888444
6,5349;370,134361,0.924889;24,113,0.817778;20,286,0.906444;1,140,0.718;3,476,0.887778
