7097,404550;5958,424718,0.950667;2041,83000,0.493111;2527,136767,0.722778;3287,62865,0.192778;6121,144019,0.344
7159,407588;6964,433357,0.945889;1620,60134,0.511889;2578,105022,0.700222;3680,52032,0.213444;5678,119999,0.382667
7205,407594;7110,432256,0.948333;1622,58968,0.508889;2036,104883,0.707444;3567,52326,0.205333;5407,119126,0.401778
7148,407667;6340,435315,0.956;1709,60711,0.538778;2575,103861,0.727556;3292,55300,0.217;5000,121978,0.400556
7111,407816;8212,425085,0.965222;1316,61179,0.561;1956,103762,0.755111;2948,55608,0.219667;5552,125654,0.431333
7085,407622;8151,421575,0.971;1673,59483,0.586;2507,99171,0.760889;3268,56418,0.224778;5401,129050,0.462778
6922,407554;8065,416710,0.977111;1776,59815,0.606111;2456,101571,0.781;4307,57977,0.220111;6308,127903,0.450667
7017,407739;8052,416842,0.977444;1782,59059,0.607111;2579,99442,0.789778;2882,55206,0.202333;4472,124809,0.435556
6731,407549;8034,413860,0.977444;1767,59130,0.624778;2518,96892,0.791;3669,56636,0.225778;4878,125709,0.454778
6908,407519;8029,413878,0.981556;1706,56593,0.608;2039,94918,0.787556;3167,54667,0.232333;4694,120505,0.457222
6761,407339;8003,413424,0.982222;1737,57177,0.632444;2529,94427,0.795556;3681,55607,0.231333;5716,124890,0.477889
6949,407357;8000,412127,0.978;1655,55857,0.648;2517,93627,0.802889;3575,54726,0.236889;5140,123162,0.503444
7025,407233;7987,409858,0.979333;1279,54234,0.629667;1852,91605,0.802778;2663,53188,0.242667;4826,117268,0.508889
6782,407168;7967,411468,0.980556;1593,54024,0.638222;2358,90165,0.795333;3326,52005,0.246111;5204,118342,0.516667
6726,407066;7935,410269,0.981;1249,53839,0.645333;1803,89116,0.790111;2604,53137,0.239111;4481,115761,0.495556
6738,407304;7981,410673,0.980889;1521,53720,0.650222;2410,90805,0.803556;3409,52935,0.234889;5359,118333,0.496
7127,407056;7899,407484,0.984111;1459,53369,0.653889;2303,89477,0.817444;3449,51707,0.25;5189,114795,0.485
7098,407097;7772,399152,0.982556;1535,52898,0.659;2230,88257,0.826;2757,53622,0.276222;5575,117355,0.519222
6998,406977;7007,394941,0.986111;1579,51393,0.683778;2416,86789,0.838778;3099,52912,0.301556;3762,110304,0.538889
7286,407037;7704,395855,0.987222;1142,52484,0.692222;1948,87328,0.836778;2456,52531,0.307333;3950,115015,0.532333
7135,406993;7735,397315,0.985556;1143,51634,0.677222;1726,86378,0.838667;3095,51411,0.279556;3876,113059,0.543444
7218,407043;7701,395755,0.987556;1119,51949,0.675778;1728,86868,0.843444;2361,50293,0.272;4852,108212,0.554
7285,407012;7738,395966,0.983556;1479,50460,0.675667;2292,86426,0.834667;3295,53063,0.290667;5003,110746,0.568444
7270,407017;7691,395687,0.985222;1514,50928,0.683667;2226,84415,0.835667;2892,52762,0.301;3674,108771,0.563556
7204,407166;7764,399571,0.984778;1143,51844,0.662333;1715,85935,0.820111;2618,50082,0.279444;3780,110389,0.549556
7153,407035;7145,398907,0.981333;1129,50555,0.660444;1838,89699,0.827111;2546,52563,0.293556;3699,111890,0.526111
7334,406913;7779,401059,0.983111;1115,51027,0.644222;1726,87130,0.811111;2846,52312,0.300333;4701,108928,0.554333
7459,406914;7878,406475,0.976889;1527,50721,0.642;1896,87455,0.816;2498,51182,0.289667;3603,109591,0.542222
7334,406950;7947,409465,0.982111;1187,51953,0.634444;1813,87719,0.805333;2367,48736,0.277;4570,108146,0.525667
7303,406968;7939,410127,0.975889;1556,52788,0.623;2332,90305,0.793889;2352,48079,0.279222;4572,108593,0.524333
7358,407022;7987,413229,0.979222;1561,53206,0.636222;2405,89791,0.788333;3195,52169,0.292111;3836,110526,0.522778
7195,407130;8027,414364,0.976444;1152,53312,0.627778;1844,90906,0.781111;2594,50020,0.281444;3945,111508,0.512556
7262,407011;7976,412276,0.974;1130,51996,0.621111;1805,90247,0.792111;2475,49189,0.275111;3852,111415,0.518444
7342,407008;8034,415503,0.974333;1176,53222,0.632444;1788,90492,0.789;2520,50787,0.278889;5088,113329,0.538444
7255,407004;8069,417077,0.972889;1514,52869,0.626333;2385,91557,0.790444;3390,51520,0.295111;4927,110190,0.524333
7087,406808;8085,415381,0.975111;1499,52089,0.610556;2081,88890,0.774333;2401,48697,0.292444;3670,108223,0.497222
7382,407028;8045,416489,0.972;1296,53469,0.609444;1808,91404,0.780667;2409,49340,0.280778;4016,111241,0.496556
7332,406920;8005,413327,0.973889;1151,52740,0.614444;1819,91169,0.789889;2687,49304,0.264333;4987,108203,0.496222
7118,407035;8049,415683,0.974111;1584,53474,0.618889;2376,91010,0.785222;2954,50084,0.258333;4010,109775,0.476
7484,406908;8079,416885,0.974889;1166,53713,0.629333;2216,91531,0.778;3321,49827,0.279111;4469,111535,0.500111
7159,406762;8004,413336,0.971444;1523,52041,0.618556;2336,89851,0.789222;3349,49036,0.277556;4744,106930,0.509
7282,407135;6754,419510,0.977444;1585,53867,0.617333;2389,91813,0.782889;3409,51060,0.287667;5171,111122,0.504667
7065,406862;6700,414176,0.974444;1154,51882,0.613889;1780,90063,0.782333;2405,47842,0.294;3899,111477,0.504333
7519,407106;7455,413772,0.976556;1252,52997,0.622;2472,92447,0.796111;3493,50223,0.291111;5319,113718,0.514
7168,407039;8071,416914,0.974333;1528,52745,0.608222;2358,91170,0.784111;2760,50306,0.278333;3997,110820,0.492556
7431,406984;8047,415146,0.974778;1557,52737,0.605556;2412,91518,0.786667;2903,49123,0.280556;4237,110658,0.494444
7065,407004;7477,417698,0.973;1542,51993,0.603889;2059,92431,0.779778;2443,49974,0.281111;5115,112745,0.495556
7314,407168;7886,417477,0.974333;1475,53704,0.613667;2340,91073,0.777111;3524,50882,0.273667;5236,110453,0.485889
7305,406951;8118,415985,0.974;1542,53190,0.608556;2316,90217,0.778778;3297,51011,0.267222;5130,113276,0.489222
7242,407080;8095,414781,0.974222;1523,52794,0.602444;1995,92233,0.776;2490,49856,0.281333;4044,111619,0.495111
7060,406983;8174,418559,0.972556;1389,53046,0.598667;1845,92367,0.776667;3319,51004,0.280222;4819,110746,0.503778
7278,407113;8069,413142,0.972667;1579,53250,0.614333;2424,92873,0.772444;3057,50464,0.300444;4792,111013,0.505556
7468,406961;8203,420350,0.972444;1113,51756,0.606778;1762,90652,0.771889;2562,50191,0.276333;4897,108334,0.505
7210,407051;8182,420253,0.971444;1542,52971,0.610222;2450,91588,0.775889;3411,50485,0.271778;4307,106231,0.485444
7437,407090;7973,415143,0.968222;1126,52476,0.593556;1897,93904,0.778667;3537,49090,0.269778;5238,110383,0.468778
7303,407038;7732,420609,0.972667;1555,52991,0.591778;2421,91597,0.778;3436,50001,0.255778;5211,115154,0.499556
7321,406968;7725,419813,0.972778;1531,54594,0.617333;2365,92637,0.775333;3241,49969,0.255333;4493,110745,0.484556
7154,406988;7682,419761,0.969667;1583,52609,0.587444;1972,92736,0.773556;2539,50451,0.260778;4864,113016,0.484
7099,407107;7650,418353,0.969222;1543,53921,0.612333;2356,91749,0.773333;2476,50631,0.275889;3827,109285,0.471333
7077,406962;7741,421372,0.969;1380,52083,0.600222;2404,91741,0.772667;3213,49211,0.258222;5067,111396,0.473889
7148,407029;7704,421387,0.972556;1463,53332,0.606444;2277,90577,0.759333;3209,46898,0.266667;4914,106218,0.472444
7434,406922;7679,419220,0.968444;1229,52428,0.607778;1913,90984,0.779;3312,49041,0.267111;5070,110947,0.481778
7327,406951;7665,416296,0.973556;1535,53455,0.611667;2269,92301,0.767889;2480,49510,0.269333;4023,110271,0.481222
7336,406968;7653,416959,0.973667;1239,53836,0.602;1824,91618,0.769778;3125,47980,0.259222;5092,108434,0.470222
7305,407127;7652,418324,0.972;1572,53734,0.604;2357,92737,0.773333;3381,50168,0.267778;4990,110168,0.480222
7184,406860;7688,416942,0.971222;1472,52692,0.602556;2378,92458,0.762889;3429,50426,0.270333;5085,110399,0.478444
7473,406987;7679,417000,0.964667;1521,53298,0.606778;2352,91024,0.768;3359,48682,0.275889;5131,110864,0.493556
7100,407153;7763,421714,0.972667;1609,52593,0.594556;2510,93165,0.768222;3602,50241,0.278444;4784,111091,0.499
7341,407091;8023,421509,0.973222;1175,52802,0.586778;2320,93437,0.783222;3658,51160,0.278333;5101,110491,0.505778
7206,406959;8151,417362,0.968667;1536,52446,0.588667;2387,91584,0.767222;2915,48706,0.266556;4730,111453,0.497222
7233,406982;8195,420345,0.972111;1596,53114,0.603;2400,90543,0.775333;3406,49738,0.264556;4842,107607,0.485889
7121,406978;8212,422709,0.976222;1382,53600,0.597444;2440,92073,0.766556;3380,49381,0.258889;4733,112274,0.494111
7230,407204;8200,417988,0.970889;1496,53394,0.581778;2350,92802,0.771;3374,51580,0.257222;5216,114020,0.494333
7268,407068;8021,418814,0.972222;1511,53606,0.603222;2364,91406,0.775778;3339,48877,0.266111;4630,108715,0.486556
7269,407121;7818,415973,0.968667;1291,53702,0.595222;1927,92150,0.764556;2606,47641,0.262222;4278,114800,0.485
7110,407033;7938,417559,0.967444;1578,53476,0.592778;2479,91507,0.766778;3551,50297,0.265444;5148,112916,0.496
7073,406981;8088,415960,0.968111;1199,54119,0.591333;1996,92959,0.779;3600,50663,0.254333;5375,112033,0.494778
7187,407204;8074,419810,0.970333;1586,53581,0.591333;2485,92199,0.771222;3538,50520,0.256111;5330,111379,0.502778
7113,407172;8229,421886,0.969556;1569,53502,0.603222;2528,95172,0.765889;3463,50975,0.260889;5343,112953,0.479111
7024,407157;8169,419912,0.970667;1551,52974,0.607444;2470,93386,0.775778;3334,49431,0.255667;5238,112187,0.486444
7282,406876;6367,415342,0.974;1586,52436,0.606222;1922,89764,0.768;2614,47797,0.252;4441,109874,0.472778
7092,407099;8300,413578,0.968111;1194,52881,0.599889;1887,93901,0.771778;2562,50036,0.266444;3878,111217,0.491444
7171,407145;7978,412878,0.963778;1402,52755,0.597778;2418,92815,0.774444;3421,50015,0.268778;5327,115401,0.498889
7222,406968;7939,420448,0.970667;1509,51473,0.602667;2449,91353,0.777667;3324,48405,0.259556;5256,110951,0.491667
7105,407090;8017,419532,0.971444;1590,53072,0.594333;2476,92163,0.772;2745,49860,0.255444;4103,112650,0.481667
6856,406941;7943,420332,0.969778;1567,52912,0.599111;2377,91155,0.760667;3278,48340,0.247111;4632,113001,0.476333
6791,406903;7583,421246,0.968444;1240,52901,0.587556;2217,91852,0.760667;2970,48812,0.239444;4422,114303,0.465333
6811,407235;7800,420325,0.966556;1540,54207,0.603333;2494,93789,0.771;3101,48092,0.229778;5440,116420,0.482889
6655,407087;7709,422184,0.969778;1482,51655,0.593667;2401,90709,0.755667;3250,49014,0.231778;4966,110077,0.479
6727,407157;8097,421653,0.971667;1262,54783,0.596444;1854,92997,0.770667;3103,51567,0.248222;5362,114362,0.486889
6687,407097;8130,420874,0.969556;1590,54874,0.602333;2440,93143,0.763444;2893,50514,0.250667;5249,112143,0.472667
7016,406954;8134,423334,0.971333;1253,53218,0.594333;1840,91744,0.767333;2475,49109,0.253778;4215,114634,0.483222
6972,406971;7752,421793,0.971444;1286,52300,0.587889;1912,92117,0.769778;2574,48835,0.242333;3976,113617,0.474222
6641,406976;7851,418451,0.970556;1201,52773,0.599556;1860,90912,0.764889;3080,49924,0.252667;4475,113331,0.493333
7045,407195;7123,423647,0.972111;1197,54496,0.593444;1895,93231,0.765333;2690,50606,0.256556;4112,112862,0.478556
7109,407072;8086,420059,0.969;1177,53263,0.591111;1870,92090,0.766333;3238,49915,0.242778;4746,113404,0.479333
6761,407178;7611,422659,0.967111;1598,52706,0.593222;2341,93634,0.763556;3436,49593,0.248778;5309,111763,0.470222
6741,407023;7597,418100,0.966;1600,52824,0.587;2538,94069,0.769667;3549,49295,0.268778;5347,115834,0.490333
6765,406945;8152,421244,0.970778;1540,52210,0.591;2522,91492,0.762222;2717,49480,0.270667;3827,108539,0.487111
6706,406998;8067,418155,0.971;1597,53816,0.617667;2465,91360,0.780444;3628,51115,0.276111;5424,112872,0.495
7387,407202;7898,416322,0.969889;1624,53189,0.604667;2464,92793,0.779556;3479,50320,0.276889;5316,112944,0.498333
7151,406979;7873,417781,0.970889;1606,53222,0.607;2493,91814,0.786667;3320,50796,0.279;5268,108070,0.508
7135,406821;7763,418591,0.969;1147,51754,0.602111;2184,90958,0.770778;3687,49259,0.288444;5564,109516,0.514778
7470,407047;7876,412377,0.967778;1602,52550,0.599222;2456,90656,0.773222;3729,50805,0.299556;5678,108340,0.500889
6946,406980;7643,415327,0.969667;1664,52625,0.602556;2518,91807,0.775111;3671,50014,0.287;5303,108408,0.500333
7107,406972;7844,420440,0.968778;1535,51936,0.600889;2606,92293,0.771333;3412,47858,0.262222;4973,111254,0.491444
7222,407104;8007,421421,0.969556;1561,51731,0.593333;2446,91085,0.770222;2723,50562,0.266889;5043,111651,0.491111
7442,406806;7711,417822,0.968444;1610,52726,0.617667;2470,89295,0.778778;3316,47459,0.261111;5139,106680,0.472
7233,406660;7697,419084,0.968222;1544,49868,0.596444;1921,88505,0.765444;2960,48471,0.259444;4429,110521,0.499
7131,406840;7870,418835,0.974;1142,51344,0.604556;1842,89662,0.771556;2389,48142,0.260444;4933,110099,0.499889
7381,406996;8012,416162,0.969222;1613,51597,0.621667;2350,88133,0.768222;2617,48327,0.272;4936,108907,0.504778
7300,406713;8037,417008,0.971222;1187,50131,0.625;2219,86109,0.771;2987,46155,0.279667;5083,109792,0.525556
7283,406655;7799,418842,0.972667;1412,47385,0.623556;2332,86698,0.778222;3093,45594,0.275;4291,101061,0.505889
7228,406667;7814,415782,0.968;1090,48448,0.633778;1705,84734,0.785;2822,47848,0.301222;4340,104386,0.534667
7424,406553;7873,420297,0.976;1481,46621,0.623556;1879,83661,0.789;3047,45468,0.304;3893,101993,0.530889
7093,405745;7884,414343,0.970889;967,42230,0.642444;1684,78717,0.795556;2581,41085,0.293333;4102,92989,0.525667
6891,404695;7958,418581,0.975;1063,39412,0.669444;1649,71265,0.803778;2660,36636,0.293778;3993,84082,0.530222
7008,403279;7846,414695,0.975111;1026,31788,0.684111;1701,61355,0.817444;2110,30853,0.302222;3173,69228,0.528667
6937,401697;7926,417120,0.973556;862,25700,0.694;1448,52639,0.831333;1565,23479,0.309;2273,51960,0.533222
6890,397376;7942,419256,0.976444;506,19913,0.721111;852,41611,0.849444;921,18833,0.313889;1413,40557,0.549444
6702,381740;7470,414801,0.977;438,14676,0.739889;672,29770,0.861;620,12713,0.311444;979,30226,0.550444
6276,348845;7560,412612,0.973556;340,10690,0.757222;518,21895,0.869222;413,8840,0.313444;519,16816,0.547667
5561,316100;7953,414761,0.972778;296,8955,0.760556;489,19413,0.873333;269,5723,0.310556;394,12648,0.544889
5358,301871;8007,415632,0.979333;253,6719,0.769444;361,13689,0.879444;179,3971,0.308222;290,9068,0.547
4356,247858;7705,415740,0.976889;240,5549,0.773222;278,10132,0.885667;159,3512,0.310333;208,6900,0.548444
3646,207005;7703,417504,0.976889;184,2728,0.781778;225,8005,0.889333;73,1654,0.310444;127,4131,0.550889
2370,134171;7578,415131,0.973556;133,2015,0.782;227,4802,0.889111;60,923,0.311111;92,2165,0.55
1689,96895;7450,415725,0.976667;124,851,0.785889;133,2479,0.893444;28,456,0.311889;32,817,0.552222
761,41409;8123,417456,0.979;146,564,0.786667;130,1158,0.894333;16,264,0.311889;21,536,0.552889
