7041,404550;11869,422348,0.951111;2928,82750,0.513;4657,135461,0.716444;5598,63441,0.194444;8904,144298,0.338889
6823,396898;11766,422347,0.953333;1518,38408,0.577889;2351,65836,0.744333;3046,32434,0.205222;5517,80144,0.372667
6874,399927;11880,421668,0.955444;1492,37777,0.591222;2438,67763,0.760222;3779,38019,0.210333;5520,83950,0.402
6850,399859;11860,420548,0.956222;1664,38869,0.606778;2375,68309,0.771778;3290,35997,0.207222;5608,87639,0.433556
6840,399407;11849,418041,0.965556;1632,39468,0.629556;2571,70508,0.792444;3915,42001,0.227222;5889,93611,0.452222
6808,399799;11752,415756,0.969222;1626,39161,0.649889;2465,67193,0.803444;3349,37861,0.237111;5505,89006,0.459778
6784,398957;11759,415835,0.975222;1682,39099,0.669;2313,65179,0.804667;3144,35755,0.229556;4950,84190,0.455444
6789,399302;11673,411136,0.978;1577,39921,0.668;2395,67720,0.824444;3548,41420,0.223222;5492,95256,0.480222
6789,400476;11587,407904,0.979333;1537,39341,0.675667;2424,69151,0.824333;3473,41206,0.222333;5666,94210,0.489667
6767,399411;11687,410129,0.983444;1498,38064,0.678667;2249,64710,0.833333;3447,41288,0.228444;5498,91765,0.501667
6754,399216;11497,404647,0.981222;1511,38151,0.688;2320,64470,0.827111;3160,37739,0.219222;5413,89343,0.498222
6809,400694;11520,404168,0.984444;1656,40545,0.694889;2449,66562,0.822556;3808,44094,0.220222;5876,96966,0.532111
6800,400497;11683,410167,0.987778;1547,38293,0.701111;2406,66455,0.832556;2909,35938,0.209778;5283,91962,0.533
6754,399131;11442,404000,0.985889;1528,38242,0.698556;2315,64702,0.837778;3339,40586,0.223778;5248,87696,0.530222
6766,398265;11427,401659,0.987556;1499,36654,0.717889;2333,63306,0.851444;3095,37501,0.224667;5015,87400,0.544556
6734,399015;11435,401901,0.987667;1483,37366,0.719889;2165,60276,0.849444;3216,38905,0.224;4705,83801,0.549111
6730,397676;11370,400154,0.986;1426,36372,0.713111;2245,62984,0.847;3381,40613,0.23;4747,83225,0.540111
6745,397650;11281,396614,0.991333;1420,35539,0.736556;2122,59269,0.860444;3076,37764,0.243;4787,84880,0.553111
6832,400233;11254,395869,0.988778;1435,36047,0.731889;2145,61025,0.857667;3099,38096,0.250556;5057,84673,0.555889
6841,397041;11273,397727,0.988778;1440,34720,0.729;2220,59721,0.861;3060,37151,0.260333;4787,84002,0.598778
6876,394608;11261,395338,0.987111;1406,33342,0.712111;2176,59033,0.855333;3016,36187,0.248889;4409,78739,0.592556
6885,399778;11298,397059,0.986667;1444,34721,0.721;2278,60132,0.858333;3455,40674,0.270556;4865,83389,0.595889
6885,400485;11204,395509,0.988;1494,35502,0.717333;2454,62810,0.855333;3518,41091,0.294222;4907,83825,0.577556
6749,397588;11370,399306,0.987333;1382,32940,0.700889;2254,58228,0.853889;2994,36131,0.279889;4535,77848,0.555222
6971,398224;11296,396284,0.987;1459,33657,0.708556;2188,58073,0.844667;3121,34997,0.282778;4491,76998,0.559778
6960,396581;11266,397464,0.985667;1380,33705,0.710889;2150,57767,0.844778;3057,36745,0.282;4581,77182,0.558111
6982,400140;11369,399303,0.985111;1545,36436,0.716667;2312,61565,0.844333;3180,37087,0.297556;4996,82593,0.549778
6955,399564;11361,400228,0.987;1427,33674,0.717889;2277,59213,0.850556;2937,34770,0.297556;4743,78915,0.540333
7074,399681;11373,401236,0.984444;1495,34952,0.708778;2373,62255,0.843;3188,36180,0.278;5060,82678,0.551
7011,397584;11384,400957,0.984111;1445,34303,0.693;2309,60244,0.843778;2974,34702,0.285889;4810,78600,0.554333
6906,398776;11371,400665,0.984333;1482,35694,0.693556;2299,60926,0.836;3198,36848,0.293111;4928,80809,0.555444
7000,399499;11345,399034,0.984111;1462,34624,0.707333;2213,58655,0.840556;3314,37918,0.304889;4842,80163,0.557111
7099,400874;11434,403753,0.985556;1563,35988,0.711667;2347,62030,0.833667;3429,38835,0.302444;5044,84118,0.560889
7134,399051;11392,400379,0.982889;1438,33010,0.707222;2263,59843,0.842222;3085,35003,0.289667;4530,75306,0.544111
6924,399218;11549,407030,0.983333;1380,33211,0.689444;2306,59762,0.833444;3063,35197,0.288778;4603,77330,0.551222
6994,397905;11460,404262,0.981222;1443,34168,0.704111;2247,58841,0.832778;2939,34255,0.287889;4330,73219,0.560556
6926,399422;11515,406631,0.981667;1466,34474,0.701556;2292,60998,0.836111;3376,37723,0.292778;4736,79569,0.557222
7045,399550;11459,404728,0.980556;1398,33178,0.690667;2236,58941,0.828111;3065,34825,0.286778;4527,76566,0.538333
6841,400003;11585,406922,0.981333;1438,34800,0.689222;2291,60680,0.826;3057,34799,0.275333;4957,83323,0.544333
6965,399295;11655,411437,0.979556;1440,34464,0.697222;2290,60587,0.822889;2905,32983,0.285333;4665,76079,0.537111
6929,400124;11616,410276,0.979;1449,35164,0.682;2295,61390,0.816;3165,35406,0.287556;4916,80402,0.538667
6948,399515;11731,413643,0.979778;1401,33850,0.681778;2293,61459,0.824333;3154,35078,0.285889;4777,78261,0.531
7013,399565;11620,411660,0.980333;1427,34231,0.680778;2243,60867,0.826889;2991,34447,0.285778;4838,80197,0.534111
6893,395744;11557,408449,0.981333;1378,33127,0.680222;2193,59072,0.819556;2739,31387,0.274889;4311,72408,0.529556
6906,399655;11585,408698,0.979222;1418,34331,0.700333;2250,60205,0.824556;3019,33239,0.287333;4631,75834,0.543
7058,400079;11702,413764,0.98;1421,34356,0.674111;2302,60320,0.818889;3335,36418,0.294;4815,80132,0.540667
7151,397638;11705,413358,0.980444;1371,33285,0.665667;2236,59507,0.818;2881,31812,0.290778;4652,77477,0.535111
6907,400105;11661,412995,0.977889;1434,34989,0.677222;2263,60841,0.815556;3064,33594,0.299667;4788,78105,0.543667
7245,397487;11661,410943,0.976333;1424,35007,0.676778;2325,61782,0.814778;3162,34553,0.312889;4942,80550,0.543333
6951,400274;11667,412955,0.978444;1457,35433,0.679222;2297,61748,0.822667;3295,36058,0.302111;4908,80994,0.546333
6979,398418;11663,412717,0.978444;1408,33792,0.671222;2327,62203,0.818556;2983,32726,0.298222;4777,77624,0.544
7156,398505;11580,408853,0.976333;1393,33063,0.668556;2249,59857,0.814667;2896,31827,0.296556;4681,76188,0.527222
7121,399264;11654,412813,0.975;1417,33935,0.672667;2251,60247,0.824444;2916,31961,0.286778;4829,77143,0.527111
6874,397879;11747,416286,0.975889;1394,33195,0.670333;2274,60278,0.816444;3259,35039,0.277889;4726,76626,0.517778
7148,400420;11875,419249,0.977444;1511,35343,0.679;2368,62550,0.815778;3154,34054,0.283778;4868,79050,0.523667
7273,399879;11812,418017,0.975889;1397,34554,0.666;2283,60844,0.809556;3087,33479,0.276222;4662,76104,0.516778
7249,399561;11758,415639,0.976333;1393,33948,0.666111;2246,61103,0.801556;3232,35057,0.278;4583,74338,0.521667
7071,400354;11644,412654,0.974778;1426,34410,0.666;2295,62414,0.817222;3263,35397,0.281667;4766,76041,0.527444
7012,399942;11698,412716,0.977556;1418,34709,0.664889;2315,62116,0.818556;3240,34750,0.282667;4807,78367,0.524
6955,398796;11729,416303,0.977111;1442,35097,0.669;2291,61970,0.810222;3128,34837,0.273444;5252,84445,0.521333
7235,400101;11750,416179,0.977889;1421,34739,0.672444;2274,61795,0.802889;3165,34497,0.275444;4797,78616,0.531444
7062,397839;11732,414228,0.975;1428,34342,0.670444;2214,59909,0.797333;3002,33019,0.276889;4808,77985,0.521111
7324,398381;11615,411980,0.974444;1443,35112,0.665;2291,60941,0.803556;3274,35189,0.271778;4955,79756,0.526556
7175,398152;11712,414594,0.978778;1440,34771,0.669556;2274,61126,0.802333;2971,32969,0.276333;4900,79619,0.530444
7258,401128;11841,419178,0.975889;1474,35356,0.678222;2356,63252,0.810111;3326,36840,0.279889;5023,83133,0.528
6915,397059;11676,411728,0.973333;1353,32606,0.675778;2195,59239,0.811333;3060,34302,0.285556;4723,78510,0.535444
6936,398934;11670,413641,0.976222;1387,34117,0.665556;2267,61261,0.806444;3068,34631,0.286778;4567,75604,0.526333
7265,400786;11642,410540,0.974222;1442,35559,0.675111;2319,62078,0.812111;3198,35782,0.285889;4636,76926,0.529
6810,396066;11681,413788,0.977;1364,33356,0.664556;2273,61624,0.806444;2953,33092,0.286556;4648,77477,0.524333
6987,398901;11764,417120,0.977111;1397,34784,0.669667;2220,61062,0.806333;2976,33552,0.283778;4621,77270,0.534556
7010,400414;12059,419791,0.977111;1416,35293,0.673667;2313,63258,0.817;3110,34449,0.278889;4607,76539,0.535778
7145,397879;12021,418888,0.975111;1362,32762,0.656556;2306,61306,0.805889;2782,30567,0.277222;4459,72770,0.514778
6868,399530;11844,414471,0.975;1475,36243,0.664333;2355,63864,0.813667;3103,33949,0.272556;5109,83831,0.529111
6964,398091;11897,414431,0.975333;1373,34054,0.643333;2298,62688,0.808444;2851,32090,0.282222;4702,76343,0.527333
7026,399146;11848,413868,0.974444;1457,35159,0.665333;2343,62765,0.807333;2967,32804,0.281889;4826,79773,0.543
7132,399059;11872,416164,0.973333;1362,33501,0.659556;2286,61989,0.807889;2830,31558,0.279;4735,77214,0.530222
7135,399057;11996,416249,0.975333;1433,35138,0.667889;2304,62124,0.808;3290,36010,0.278333;5162,82220,0.522556
6666,400720;12071,417759,0.974778;1454,35785,0.671556;2341,62970,0.807;3360,36621,0.274556;4917,78806,0.504
6987,398917;12069,417811,0.975222;1380,33683,0.662111;2290,62232,0.804;2910,31696,0.258889;4625,74497,0.491
6806,399646;12215,419851,0.975556;1503,36624,0.668222;2361,64430,0.806556;3096,33628,0.254111;4884,78629,0.487444
6831,400906;12099,418596,0.971889;1478,36143,0.660889;2430,65896,0.804333;3068,34391,0.248111;5035,81555,0.497222
6554,397556;12184,421914,0.974222;1402,34147,0.663222;2271,60811,0.808889;2908,31703,0.258889;4643,75052,0.5
6886,399542;12118,418885,0.972;1462,34661,0.656222;2381,62053,0.807;3306,33672,0.262444;5620,79484,0.503667
7311,400401;12159,419323,0.972;1692,34186,0.655333;2723,62179,0.798333;3095,32149,0.259222;4808,74268,0.495111
6485,399567;12121,418080,0.974333;1500,34272,0.660778;2307,59793,0.797333;3477,34074,0.254667;5435,83170,0.506444
6615,400460;12230,423051,0.972667;1527,35469,0.662667;2446,62916,0.799667;3464,34843,0.263;4983,79625,0.501444
6464,399414;12055,417643,0.975111;1477,34782,0.664778;2350,62036,0.807444;3362,34775,0.263556;5177,80533,0.501778
6654,398251;12115,417547,0.975222;1486,34914,0.653667;2388,62001,0.797778;3371,34667,0.259667;5182,81498,0.503778
6527,397097;12111,418328,0.972444;1380,33171,0.648556;2339,61538,0.802778;3154,33985,0.267556;4905,77419,0.505
6462,398241;11858,419518,0.973222;1533,36033,0.652444;2327,60408,0.799667;3103,33772,0.264556;4757,74412,0.509667
6812,399104;11776,417734,0.973444;1511,35220,0.646333;2461,65088,0.808111;3146,33438,0.268778;5162,81596,0.513222
6667,399840;11905,420833,0.973222;1481,34947,0.649889;2320,62147,0.799556;3325,33991,0.273667;5589,75820,0.513
6741,398972;11963,422466,0.974444;1538,33219,0.655;2320,61631,0.797444;3187,33325,0.275556;4850,74526,0.517778
6915,397201;11692,415178,0.97;1434,33137,0.647111;2370,61583,0.802556;3069,32041,0.280556;4869,74759,0.519444
6794,398602;11678,413382,0.970778;1454,33840,0.643889;2357,60979,0.796889;2934,31456,0.275778;4669,74087,0.511
6567,398393;11691,415055,0.971444;1399,33732,0.654111;2345,61897,0.806333;2841,30800,0.281;4788,73583,0.515778
6635,399781;11770,415305,0.970667;1530,35387,0.654556;2494,64220,0.806111;3087,33876,0.285444;4963,77644,0.523
6883,399425;11627,414685,0.971556;1453,34700,0.658222;2360,62831,0.803778;3331,36112,0.292444;5145,80604,0.529
6653,398606;11744,414091,0.969;1408,33534,0.656444;2273,59929,0.795333;2947,32238,0.289556;4869,75834,0.506556
6844,399937;11656,412382,0.966778;1438,34114,0.648667;2347,62200,0.804667;3282,34664,0.297;5178,79586,0.522444
6587,400147;11781,415724,0.968333;1490,34968,0.644333;2450,63669,0.797556;3552,33397,0.282222;5820,77780,0.514222
6979,400056;11672,413085,0.972;1490,35309,0.651556;2402,63148,0.807778;3415,35199,0.283;5342,81766,0.511778
6683,399074;11715,415115,0.970556;1469,34228,0.648222;2398,62783,0.806333;3475,35924,0.289778;5078,78426,0.515111
6875,399695;11644,411491,0.971778;1454,34301,0.647778;2241,61749,0.801111;3403,35518,0.289778;5150,80725,0.522
6795,398421;11744,413823,0.971667;1449,34512,0.650222;2261,59707,0.804556;3025,31811,0.285444;4792,73705,0.519889
6915,398568;11777,415789,0.971778;1327,33056,0.659;2244,60122,0.807333;3170,33454,0.293667;4785,75476,0.523778
6798,398954;11727,415491,0.972222;1400,33544,0.647333;2289,60778,0.803;3382,36214,0.299111;4865,76563,0.527
6643,397252;11799,415893,0.971889;1421,33756,0.650667;2312,60648,0.800111;3138,33584,0.292778;4785,75752,0.522111
6636,399117;11765,415180,0.970333;1452,33751,0.642889;2335,61869,0.809889;3309,35009,0.283222;5125,80285,0.522889
6758,396841;11777,415655,0.970222;1698,34178,0.648;2679,59681,0.797778;3631,32913,0.282667;4871,75680,0.525
6857,399497;11746,416658,0.973222;1498,34394,0.654444;2402,62166,0.81;3244,33309,0.272444;5090,76834,0.520778
6926,397724;11711,415802,0.97;1482,34020,0.654667;2420,60953,0.799556;3273,33183,0.276778;4825,76363,0.520444
6544,399718;11777,416274,0.971;1500,34899,0.651444;2355,60847,0.791778;3396,35621,0.291111;4824,76696,0.534333
6907,399504;11813,416985,0.968444;1455,33668,0.653222;2351,61783,0.800667;3177,33301,0.293;4800,76512,0.526
6749,400652;11807,418825,0.970778;1541,35218,0.650778;2367,63063,0.791667;3346,35996,0.288;5142,80870,0.519444
6813,399425;11863,420220,0.970222;1485,35048,0.661667;2375,62445,0.799556;3142,32769,0.278333;4859,76338,0.504889
6659,398153;11802,416811,0.970222;1338,32154,0.653;2212,59570,0.801222;2797,30155,0.28;4347,69712,0.515778
6779,398624;11861,420122,0.971778;1392,33602,0.649556;2322,60697,0.803222;3542,34340,0.277444;5614,76043,0.517222
6869,399668;11778,418162,0.975222;1534,34576,0.664;2326,61501,0.810778;3401,34980,0.290333;4961,76852,0.526778
6798,399888;11861,417858,0.972;1468,34081,0.660222;2415,61516,0.808667;3332,34263,0.280444;5057,78753,0.530222
6871,397745;11695,413706,0.969556;1325,31918,0.656667;2087,57553,0.795222;2989,33022,0.285111;4433,71078,0.518111
6811,399804;11772,415332,0.971111;1419,33546,0.653;2393,62380,0.794889;3341,34713,0.283111;4781,75211,0.515222
6785,399241;11777,416393,0.971;1332,32673,0.649111;2199,59113,0.795556;2960,31977,0.295111;4495,71251,0.513667
6891,400015;11701,414355,0.970556;1279,30402,0.648333;2181,57904,0.801222;3205,35076,0.301778;4557,72800,0.512111
6728,399542;11699,414900,0.970111;1373,32513,0.648889;2258,59660,0.809667;3099,33429,0.289778;4857,75651,0.517444
6873,399129;11759,416595,0.974;1335,31686,0.661667;2319,60080,0.816222;2865,29999,0.295444;4667,70580,0.526222
6773,399716;11591,411709,0.971444;1652,33312,0.678444;2597,58370,0.799556;3951,36219,0.303333;5276,79362,0.539111
6917,400007;11803,416626,0.973889;1402,32161,0.675222;2308,58676,0.803778;3231,32578,0.289556;4800,72746,0.531778
6855,398492;11687,414911,0.972556;1419,32230,0.671778;2284,58559,0.802111;2986,31758,0.284889;4354,70385,0.515444
6961,396709;11697,414329,0.973556;1461,34316,0.661333;2299,59822,0.797889;3172,32913,0.294111;5072,77227,0.521222
6952,398276;11777,417668,0.975333;1446,33458,0.666667;2262,59564,0.806889;2862,31595,0.293;4539,72471,0.527222
6937,397339;11842,420396,0.974222;1343,30829,0.668778;2166,57252,0.811222;2849,30661,0.294333;4458,70545,0.529444
6803,399751;11762,416305,0.972444;1356,31394,0.668778;2193,58722,0.807333;2936,31308,0.289444;4466,70850,0.531556
6878,398866;11718,416756,0.971;1340,30985,0.674222;2182,57252,0.809778;2556,27718,0.28;4021,64226,0.514
6925,400442;11747,417091,0.971;1403,32575,0.675444;2268,59698,0.818333;3050,30095,0.282444;5323,71811,0.507889
6854,399045;11838,419440,0.975444;1438,31043,0.675333;2141,55953,0.811667;2910,30022,0.280778;4233,65788,0.515444
6651,398430;11752,418374,0.975111;1327,31179,0.671222;2188,56829,0.803667;2917,30432,0.286667;4185,65774,0.517
6941,398149;11836,419254,0.973444;1284,31488,0.670778;2086,57615,0.806556;2888,31466,0.289556;4757,73814,0.515778
6799,400427;11826,420485,0.974667;1360,32027,0.694667;2129,55885,0.817222;2924,30871,0.296444;4428,71246,0.532333
6918,396948;11794,418085,0.974556;1202,29933,0.685444;2124,55119,0.817111;2684,29280,0.289556;4302,69045,0.531556
6728,397130;11754,419616,0.977889;1283,29725,0.686889;2054,53784,0.810556;2347,25695,0.293111;3807,62026,0.533889
6854,398555;11816,416119,0.975556;1282,29575,0.686444;2120,56010,0.820667;2271,25054,0.286667;4074,65066,0.534111
6820,397737;11828,417818,0.971444;1219,28887,0.692778;2046,53867,0.821889;2387,26104,0.292444;3762,60239,0.535556
6842,399223;11810,417454,0.973444;1318,29650,0.702222;2306,56803,0.832889;2929,26846,0.295333;4707,65966,0.537778
6857,396973;11775,415993,0.975111;1161,26757,0.707444;1958,51145,0.831;2139,23374,0.299444;3323,53603,0.545
6808,398826;11812,415153,0.974222;1126,25504,0.717667;1859,48650,0.825889;2107,22946,0.300222;3324,53949,0.546556
6765,397427;11755,415213,0.972778;1051,23703,0.705556;1670,46166,0.830778;1839,22041,0.309111;2900,48640,0.544333
6571,399185;11797,416963,0.976222;1059,24581,0.729778;1817,48223,0.844111;1778,20018,0.311;2817,46524,0.556556
6551,392463;11778,416656,0.975;1005,21650,0.738444;1564,41144,0.851444;1436,16770,0.307222;2181,38284,0.556778
6458,382878;11756,415338,0.973556;661,14617,0.752;1151,29945,0.861333;905,10850,0.307889;1369,24092,0.560667
6060,351630;11885,419203,0.977556;585,11910,0.763111;923,23380,0.864778;609,7661,0.313222;1021,18317,0.562111
5263,315994;11779,416397,0.980556;431,8241,0.766444;725,16868,0.873778;409,5226,0.309667;649,11896,0.553111
4729,272993;11814,415717,0.975333;366,5885,0.776778;557,12875,0.880333;281,3620,0.308556;468,8501,0.558556
3886,223740;11627,417381,0.976556;283,3847,0.785222;384,8277,0.887556;141,1852,0.310778;270,4721,0.560667
2218,132739;11420,416998,0.974667;195,2027,0.787889;248,3725,0.891667;75,1015,0.311556;146,2622,0.563444
976,58039;11375,414968,0.975111;192,1143,0.791889;152,2261,0.892;32,438,0.311222;56,970,0.562
858,50617;11446,414780,0.975667;153,540,0.792778;108,1056,0.891889;14,215,0.311667;28,554,0.563222
232,14098;11443,417680,0.978;125,375,0.794111;131,532,0.894;22,284,0.311889;17,326,0.562778
208,12367;11553,422450,0.976889;48,150,0.794111;87,333,0.893778;11,139,0.311778;10,164,0.562778
109,6193;11432,416276,0.975556;86,149,0.794778;74,303,0.894667;6,60,0.312;8,122,0.562667
