4,4950;35,7473,0.99;21,3374,0.952;25,4706,0.972;39,4231,0.97;33,4617,1
4,5057;35,7457,1;17,2776,0.916;24,4311,0.986;30,3363,0.966;28,3925,0.982
4,5051;34,7531,1;15,2540,0.944;23,4127,0.976;29,3240,0.934;28,3847,0.952
4,5056;35,7570,0.998;17,2664,0.916;25,4379,0.978;32,3514,0.934;30,4142,0.95
4,5040;33,7380,0.986;15,2496,0.898;22,3934,0.964;30,3331,0.888;28,3935,0.94
4,5052;34,7427,1;17,2656,0.922;23,4115,0.968;34,3695,0.878;27,3730,0.946
4,5071;34,7311,1;18,2792,0.95;24,4273,0.984;32,3538,0.912;28,3873,0.942
4,5056;33,7258,0.996;17,2690,0.93;24,4241,0.972;30,3387,0.924;28,3832,0.936
4,5074;35,7474,0.998;17,2816,0.974;22,3875,0.98;29,3329,0.886;27,3753,0.928
4,5055;35,7377,0.992;17,2787,0.906;24,4224,0.986;32,3540,0.918;29,4070,0.944
4,5048;34,7428,0.99;16,2563,0.938;22,4001,0.966;29,3324,0.944;28,3819,0.95
4,5069;34,7271,0.996;17,2644,0.942;24,4309,0.98;30,3377,0.924;29,3986,0.944
4,5038;34,7332,0.994;16,2412,0.896;21,3792,0.974;27,3091,0.878;26,3721,0.91
4,5055;33,7069,1;17,2683,0.92;23,3926,0.992;29,3362,0.946;26,3605,0.954
4,5063;34,7408,0.99;17,2854,0.924;24,4355,0.968;31,3475,0.914;31,4263,0.934
4,5067;35,7502,0.996;17,2751,0.918;26,4637,0.986;32,3518,0.938;29,4011,0.94
4,5049;33,7581,1;17,2837,0.956;24,4214,0.99;34,3636,0.94;29,4061,0.956
4,5060;34,7357,0.99;16,2588,0.918;24,4392,0.982;31,3460,0.87;30,4211,0.95
4,5048;34,7638,0.992;16,2676,0.922;24,4400,0.978;31,3450,0.924;31,4297,0.96
4,5064;35,7652,1;17,2671,0.936;25,4448,0.982;31,3478,0.938;29,4173,0.962
4,5068;35,7617,0.988;15,2460,0.906;24,4268,0.97;30,3389,0.92;28,3963,0.96
4,5032;34,7299,0.996;15,2460,0.912;21,3985,0.982;31,3356,0.926;28,3980,0.94
3,5036;35,7643,0.996;15,2499,0.898;21,3887,0.982;31,3396,0.908;29,4023,0.952
3,5043;35,7696,0.992;16,2520,0.872;23,4176,0.986;28,3221,0.922;26,3714,0.936
3,5037;33,7148,0.994;17,2699,0.93;23,4136,0.996;32,3458,0.938;27,3810,0.958
3,5013;34,7501,0.996;14,2136,0.924;22,3937,0.96;27,3034,0.896;28,3847,0.916
3,4972;34,7527,0.998;15,2352,0.928;21,3733,0.982;27,2983,0.88;26,3751,0.922
3,5006;33,7112,1;15,2304,0.86;23,3935,0.978;27,2997,0.85;29,4051,0.92
3,4999;36,7895,0.998;15,2260,0.906;20,3813,0.984;27,3016,0.888;28,3841,0.922
3,4936;33,7289,0.998;13,1879,0.924;19,3257,0.99;24,2670,0.874;24,3391,0.906
4,4888;35,7491,0.998;13,1844,0.956;19,3040,0.992;20,2336,0.88;24,3216,0.906
3,4906;34,7544,0.998;12,1717,0.904;18,3156,0.984;21,2355,0.86;21,2984,0.888
3,4416;34,7456,0.996;9,1366,0.924;15,2465,0.984;17,1932,0.876;16,2284,0.886
3,4655;35,7488,0.998;10,1368,0.942;14,2453,0.986;18,2074,0.904;18,2516,0.908
3,4505;34,7356,1;11,1318,0.92;14,2397,0.98;17,1830,0.864;18,2477,0.888
3,4271;34,7470,0.996;7,1060,0.898;14,2282,0.962;16,1775,0.868;19,2575,0.88
3,4134;34,7495,0.994;6,941,0.934;10,1575,0.976;15,1657,0.876;15,2079,0.896
3,3832;35,7482,0.996;7,784,0.928;9,1416,0.972;11,1258,0.83;13,1776,0.87
2,3079;35,7566,0.998;5,519,0.96;7,1127,0.978;7,807,0.848;8,1227,0.874
2,2463;33,7010,0.99;4,348,0.952;5,607,0.968;3,415,0.856;4,622,0.882
0,930;34,7252,0.996;4,217,0.96;3,310,0.98;2,311,0.862;3,418,0.88
1,1522;35,7510,0.998;3,364,0.96;5,613,0.982;3,374,0.84;2,461,0.874
1,1174;33,7166,1;2,219,0.958;3,321,0.986;2,273,0.83;2,385,0.868
0,845;35,7409,0.998;4,218,0.964;3,338,0.988;1,122,0.842;2,318,0.874
0,1009;33,7123,0.998;5,265,0.956;4,347,0.982;2,276,0.852;3,452,0.874
0,484;33,7201,0.998;3,126,0.96;3,215,0.982;1,160,0.85;1,193,0.876
0,836;34,7298,0.996;2,147,0.948;3,401,0.986;2,224,0.846;2,331,0.874
0,658;33,7194,0.994;2,126,0.952;2,234,0.984;2,253,0.846;2,300,0.878
0,479;34,7293,0.994;2,92,0.958;2,169,0.984;0,41,0.85;1,161,0.878
