14,19900;87,21937,0.933;51,9584,0.726;79,16454,0.884;99,10728,0.726;98,14109,0.857
15,20174;88,22304,0.922;41,7633,0.725;62,13018,0.854;89,8696,0.683;93,12813,0.842
14,20159;88,22264,0.93;43,7647,0.76;65,13355,0.876;92,8776,0.7;95,13014,0.88
15,20126;92,22986,0.938;41,7088,0.718;65,12957,0.863;87,8143,0.674;96,12933,0.848
15,20149;89,22049,0.933;45,7839,0.7;65,13005,0.855;97,8848,0.71;97,12883,0.845
15,20155;89,22111,0.931;43,7336,0.665;64,13015,0.859;85,7784,0.642;95,12811,0.889
15,20193;91,22690,0.908;43,7560,0.714;65,13237,0.861;101,8878,0.655;97,12938,0.837
15,20178;88,22021,0.924;44,7849,0.751;63,12841,0.872;87,8302,0.657;88,12119,0.829
15,20186;93,23065,0.938;45,7686,0.694;62,12371,0.879;84,8262,0.62;94,12895,0.854
15,20183;90,22281,0.936;43,7457,0.723;65,13147,0.882;90,8480,0.593;96,12991,0.861
15,20159;90,22323,0.921;44,7765,0.693;67,13581,0.847;94,8618,0.702;98,13095,0.851
15,20127;88,21609,0.93;45,7746,0.725;62,12744,0.87;101,8953,0.698;103,13470,0.859
16,20162;86,21209,0.898;47,8030,0.731;68,13615,0.864;95,8521,0.712;107,13923,0.891
16,20186;89,22413,0.926;44,7776,0.736;64,12862,0.844;93,8338,0.62;100,13319,0.858
16,20180;87,22092,0.916;44,7515,0.73;65,12831,0.859;94,9037,0.682;94,12964,0.851
16,20124;88,21962,0.928;45,7724,0.706;60,12230,0.854;83,8077,0.648;97,13217,0.884
16,20152;85,21124,0.919;43,7399,0.723;63,12693,0.879;88,8509,0.714;95,13010,0.884
16,20135;89,22535,0.927;41,7003,0.703;61,12422,0.863;94,8472,0.673;96,12642,0.844
16,20122;86,21655,0.912;44,7298,0.705;61,12017,0.851;89,8064,0.699;96,12752,0.853
16,20154;88,21919,0.92;44,7509,0.712;63,12592,0.892;88,8285,0.673;92,12504,0.851
16,20145;84,21177,0.925;43,7350,0.676;64,12796,0.835;91,7891,0.695;99,12947,0.861
16,20181;89,22331,0.924;44,7549,0.704;68,13278,0.88;93,8206,0.7;100,12975,0.84
16,20073;94,21849,0.913;41,6864,0.704;57,11396,0.833;89,7977,0.625;99,13015,0.85
16,20152;96,22416,0.924;42,7372,0.658;62,12655,0.855;87,8089,0.617;95,12610,0.835
15,20171;92,21809,0.91;43,7539,0.692;65,12928,0.827;88,8203,0.628;96,12714,0.818
15,20164;97,22886,0.931;44,7641,0.724;66,13219,0.883;93,8391,0.661;95,12509,0.819
15,20141;95,22280,0.932;44,7734,0.715;62,12386,0.863;88,7994,0.633;96,13132,0.847
15,20168;92,21521,0.926;47,7900,0.766;64,12950,0.843;98,8583,0.654;97,13033,0.834
16,20156;93,21663,0.921;41,7219,0.743;64,12786,0.886;79,7665,0.668;90,12172,0.851
17,20132;94,22197,0.922;48,7632,0.73;64,12626,0.9;89,8554,0.702;94,12720,0.868
16,20148;93,21616,0.923;44,7430,0.719;63,12749,0.852;88,8455,0.676;94,13070,0.856
17,20162;95,22438,0.94;43,7416,0.717;65,13044,0.842;84,8388,0.678;84,11718,0.817
16,20125;93,21544,0.932;41,7258,0.725;62,12448,0.843;87,8550,0.693;88,12222,0.834
16,20128;91,21065,0.904;41,7173,0.684;59,11590,0.82;86,7925,0.696;93,12206,0.858
16,20149;95,21864,0.92;44,7428,0.704;68,13368,0.868;100,8841,0.704;98,13067,0.846
17,20174;93,21649,0.914;43,7723,0.741;63,13160,0.9;97,8522,0.695;98,13149,0.855
16,20180;92,21551,0.909;41,7386,0.737;61,12736,0.864;92,8594,0.669;94,13026,0.831
16,20161;92,21924,0.912;41,7442,0.666;66,13746,0.861;97,8473,0.659;99,13455,0.856
17,20189;90,21354,0.906;43,7504,0.695;62,12770,0.806;88,8230,0.609;96,13078,0.834
16,20170;94,22012,0.934;44,7937,0.683;62,12898,0.843;93,8689,0.65;93,12911,0.856
16,20148;93,21709,0.912;42,7493,0.723;64,13053,0.851;96,8558,0.654;93,12788,0.832
16,20169;94,21902,0.905;42,7322,0.739;61,12323,0.851;95,8098,0.657;94,12468,0.847
16,20142;94,22216,0.893;42,7258,0.757;61,12069,0.815;90,7931,0.615;87,11662,0.791
16,20136;93,21981,0.922;46,7719,0.727;65,12882,0.847;92,8471,0.634;96,12997,0.843
16,20101;94,21959,0.92;40,6837,0.697;63,12133,0.906;90,8060,0.657;92,12435,0.874
28,20154;91,21486,0.923;46,7792,0.743;66,13204,0.894;99,8368,0.694;102,13217,0.866
16,20178;96,22834,0.937;44,7676,0.692;64,12949,0.872;91,8483,0.642;99,12864,0.834
16,20170;91,21307,0.925;44,7520,0.709;65,12723,0.847;86,8181,0.638;104,13446,0.874
16,20188;94,22464,0.927;45,7510,0.73;66,13270,0.879;88,8794,0.674;96,13109,0.85
16,20185;95,22265,0.921;45,7866,0.703;68,13620,0.875;92,8626,0.645;96,12774,0.847
20,20142;90,21345,0.924;44,7319,0.697;68,13484,0.863;94,8509,0.67;100,13145,0.862
16,20137;95,22265,0.965;44,7537,0.708;64,12834,0.859;94,8526,0.672;99,13169,0.863
20,20171;94,22502,0.929;45,7777,0.714;64,12954,0.88;87,8553,0.695;98,13163,0.852
15,20151;98,23074,0.951;43,7381,0.739;64,12915,0.858;82,7885,0.658;94,12348,0.87
15,20176;93,22003,0.907;43,7438,0.683;67,13478,0.855;102,8762,0.66;99,12766,0.832
15,20151;94,22268,0.92;43,7346,0.679;64,12924,0.857;84,8236,0.635;95,12953,0.843
15,20159;93,21839,0.918;44,7423,0.733;63,12845,0.872;83,8329,0.652;92,12410,0.825
16,20125;96,22579,0.928;42,7200,0.722;62,12237,0.843;97,8385,0.705;94,12506,0.854
15,20155;93,21962,0.944;45,7702,0.77;65,13115,0.85;101,8374,0.65;94,12422,0.859
15,20120;93,21648,0.91;44,7456,0.722;64,12827,0.876;95,7692,0.564;99,13033,0.854
15,20130;92,21315,0.914;42,7143,0.707;62,12416,0.855;97,7985,0.623;92,12242,0.897
16,20188;95,22010,0.915;44,7700,0.738;68,12763,0.862;108,8690,0.634;101,12964,0.821
15,20172;91,21557,0.91;47,7911,0.727;63,12648,0.863;95,8232,0.579;98,13031,0.86
15,20135;90,21022,0.917;44,7436,0.702;62,12578,0.845;98,8430,0.64;101,13282,0.858
16,20164;97,22782,0.929;45,7441,0.685;65,12976,0.878;98,8889,0.697;93,12227,0.843
16,20157;94,22187,0.932;44,7829,0.687;63,12651,0.868;88,7967,0.705;99,13150,0.895
16,20159;93,21745,0.915;44,7758,0.77;64,12874,0.881;83,8082,0.683;94,12607,0.852
16,20132;88,20729,0.887;40,6884,0.777;60,11865,0.89;85,8201,0.668;84,11468,0.798
16,20141;97,22790,0.932;45,7489,0.704;63,12749,0.818;89,8456,0.66;97,12755,0.847
16,20168;96,22759,0.937;44,7621,0.699;69,13753,0.888;92,8384,0.686;101,13214,0.833
17,20157;93,22131,0.926;44,7572,0.719;62,12627,0.853;97,8526,0.671;105,13484,0.848
17,20133;94,22029,0.941;44,7392,0.709;66,13144,0.869;98,8361,0.658;106,13634,0.839
17,20194;99,22267,0.916;44,7498,0.712;62,12413,0.848;88,8245,0.619;91,12332,0.832
23,20139;92,21881,0.909;42,6987,0.699;63,12738,0.874;97,8476,0.666;100,13064,0.865
15,20131;92,21741,0.925;42,7213,0.719;64,12677,0.857;93,8151,0.685;95,12442,0.851
15,20194;90,20988,0.926;46,7715,0.751;65,13113,0.867;89,8364,0.65;99,12905,0.863
15,20114;93,21818,0.937;45,7580,0.694;65,12576,0.868;89,8229,0.689;94,12385,0.888
15,20172;94,22250,0.918;46,8106,0.783;68,13705,0.875;92,8708,0.698;98,13223,0.841
20,20134;94,21995,0.926;41,7168,0.714;64,12594,0.884;87,8078,0.682;93,12461,0.871
16,20204;96,22681,0.931;45,7546,0.71;66,13205,0.828;88,8076,0.685;108,14326,0.895
16,20165;91,21206,0.923;43,7587,0.738;64,12764,0.877;91,8293,0.721;91,12109,0.837
16,20145;93,21892,0.924;45,7828,0.712;64,12439,0.863;86,7804,0.665;98,12987,0.869
16,20152;93,21940,0.919;44,7568,0.738;64,12851,0.859;94,8433,0.677;98,12976,0.848
16,20167;96,22761,0.936;49,7830,0.727;64,12647,0.856;95,8701,0.673;96,12555,0.793
16,20121;91,21578,0.934;44,7756,0.751;65,12794,0.834;94,8658,0.676;88,11980,0.821
16,20171;91,21647,0.919;44,7550,0.699;65,12799,0.859;85,8457,0.679;90,12451,0.857
20,20159;93,21838,0.926;45,7417,0.754;66,12976,0.866;83,8106,0.665;90,12311,0.861
16,20146;96,22670,0.934;43,7067,0.713;66,12894,0.865;77,7736,0.583;86,11796,0.835
15,20175;94,21963,0.916;44,7702,0.658;63,12588,0.824;87,8395,0.608;98,13267,0.848
17,20167;94,22388,0.943;44,7604,0.689;65,12998,0.887;84,8119,0.632;95,12922,0.82
17,20134;94,22437,0.915;44,7353,0.689;68,12805,0.838;96,8708,0.681;105,13668,0.866
17,20156;93,21750,0.92;45,7780,0.724;64,12945,0.849;87,8005,0.626;97,12931,0.838
17,20155;95,22749,0.94;44,7647,0.729;65,12987,0.879;99,8478,0.624;93,12321,0.805
15,20163;92,21549,0.899;45,7819,0.734;65,13257,0.85;99,9055,0.693;97,12965,0.872
15,20145;94,22274,0.933;46,7975,0.733;68,13477,0.847;86,8457,0.587;89,12392,0.815
15,20124;92,21961,0.922;42,7174,0.682;63,12868,0.85;90,8389,0.641;94,12644,0.863
15,20161;95,22395,0.922;41,7219,0.674;64,12618,0.852;99,8988,0.67;87,11820,0.83
20,20150;93,21541,0.922;48,7915,0.72;62,12684,0.832;88,8524,0.684;94,13095,0.876
17,20176;93,21854,0.929;43,7990,0.683;63,13131,0.858;83,8247,0.63;97,13189,0.829
16,20190;94,22177,0.925;45,7954,0.73;60,12564,0.859;84,8690,0.732;89,12860,0.827
15,20131;96,22855,0.929;44,8073,0.732;61,12909,0.852;81,8331,0.727;87,12528,0.849
15,20131;96,22567,0.931;45,8029,0.724;62,12944,0.862;81,8224,0.713;90,12494,0.845
15,20164;94,22140,0.917;41,7366,0.675;60,12570,0.852;88,8596,0.717;93,13021,0.829
15,20114;96,22441,0.944;41,7494,0.735;62,12847,0.85;71,7486,0.648;82,11832,0.861
16,20189;97,23126,0.937;41,7629,0.672;61,12818,0.826;80,8459,0.665;83,11998,0.842
16,20151;92,21848,0.918;42,7278,0.714;66,13080,0.838;84,8364,0.684;86,12076,0.847
16,20134;101,23439,0.951;41,7060,0.719;62,12609,0.876;84,8030,0.718;94,12712,0.851
29,20178;95,22302,0.923;44,7658,0.754;68,13366,0.867;81,8294,0.652;88,12298,0.834
29,20130;93,21862,0.926;43,7262,0.742;64,12714,0.896;73,7613,0.636;98,13432,0.876
16,20147;91,21001,0.92;45,7442,0.723;66,12938,0.903;89,8567,0.719;93,12447,0.888
16,20145;92,21308,0.902;43,7375,0.698;67,13408,0.862;95,8319,0.719;106,13564,0.875
16,20132;94,21825,0.936;47,7876,0.755;65,12841,0.841;97,8422,0.699;104,13481,0.891
15,20174;94,21852,0.929;43,7477,0.705;64,12806,0.849;99,8787,0.718;99,13086,0.869
16,20141;94,21898,0.943;43,7414,0.739;61,12070,0.854;94,9044,0.734;91,12371,0.821
17,20128;93,22030,0.904;44,7500,0.751;61,12093,0.795;90,8395,0.683;97,13071,0.859
17,20171;94,22004,0.942;45,7688,0.757;65,12672,0.901;87,8305,0.715;92,12542,0.839
17,20160;95,22011,0.926;44,7566,0.73;66,13089,0.87;93,8256,0.683;101,13304,0.863
16,20145;91,21314,0.916;43,7200,0.718;66,12937,0.857;98,8713,0.685;99,13181,0.864
16,20205;94,21856,0.943;44,7480,0.706;65,12848,0.851;86,7899,0.629;97,12830,0.859
16,20150;94,22207,0.904;42,7144,0.699;62,11935,0.799;95,8594,0.67;102,13576,0.857
16,20161;90,21138,0.928;46,7956,0.731;70,13683,0.858;92,8031,0.684;102,13238,0.858
16,20172;91,21566,0.912;44,7440,0.681;65,13190,0.84;102,8851,0.672;97,13094,0.834
16,20122;91,21458,0.931;44,7647,0.702;62,12218,0.845;87,8314,0.721;92,12427,0.817
16,20202;95,22080,0.923;44,7725,0.738;65,12827,0.868;85,8223,0.694;99,13344,0.874
16,20162;96,22923,0.925;43,7247,0.693;67,12858,0.853;79,7730,0.628;90,12353,0.883
16,20192;92,21692,0.929;44,7652,0.703;64,12627,0.845;91,8548,0.632;92,12519,0.869
16,20148;91,21334,0.944;43,7508,0.705;64,12628,0.874;87,8608,0.709;100,13365,0.858
16,20158;95,22123,0.924;44,7500,0.684;66,12959,0.866;86,7893,0.64;97,13005,0.856
16,20130;97,23004,0.932;43,7371,0.757;63,12366,0.855;87,7807,0.661;100,13084,0.824
16,20153;92,21337,0.907;42,7309,0.712;65,13111,0.869;94,8588,0.7;106,13735,0.875
30,20143;92,21838,0.943;45,7767,0.758;66,12996,0.863;97,8507,0.717;96,12780,0.875
16,20145;91,21315,0.939;43,7413,0.711;61,11867,0.834;96,8406,0.725;99,13049,0.854
16,20167;93,21717,0.89;43,7413,0.694;67,13066,0.849;92,8321,0.656;103,13510,0.852
30,20113;92,21784,0.922;43,7467,0.749;67,12784,0.852;93,7700,0.602;97,12440,0.818
16,20174;95,22460,0.93;44,7278,0.672;66,12883,0.854;96,8434,0.662;102,13499,0.892
17,20136;95,22110,0.959;43,7497,0.76;64,12300,0.861;87,8227,0.696;93,12516,0.879
16,20114;95,22371,0.927;44,7233,0.688;63,12473,0.871;95,8511,0.659;91,12191,0.863
16,20188;89,20934,0.921;47,7966,0.757;67,13493,0.871;104,8848,0.674;108,13665,0.859
16,20198;93,21760,0.926;43,7364,0.716;63,12531,0.857;82,7942,0.695;91,12216,0.832
16,20182;95,22203,0.94;44,7631,0.728;64,12761,0.851;79,7952,0.671;90,12458,0.834
15,20156;95,22222,0.895;44,7495,0.682;64,12790,0.849;94,8639,0.64;96,12802,0.861
16,20103;96,22147,0.918;41,7010,0.684;63,12367,0.854;85,7762,0.693;89,11804,0.844
16,20162;93,21731,0.93;44,7498,0.706;65,12773,0.829;92,8183,0.602;97,12635,0.825
16,20165;92,21406,0.92;44,7363,0.74;65,12797,0.875;106,8243,0.688;107,13534,0.856
16,20205;92,21203,0.915;45,7683,0.682;67,13285,0.878;103,8263,0.645;107,13894,0.865
16,20132;93,21636,0.907;44,7346,0.681;64,12695,0.841;99,8261,0.69;96,12519,0.802
16,20139;92,21433,0.932;41,7110,0.73;65,12730,0.843;92,7784,0.617;101,13225,0.909
16,20148;88,20564,0.895;44,7458,0.687;64,12515,0.861;103,8402,0.639;96,12309,0.864
17,20178;92,21631,0.918;42,7150,0.715;67,13116,0.893;83,7820,0.68;97,13037,0.854
17,20177;92,21592,0.928;43,7261,0.712;64,12671,0.892;88,8025,0.589;100,12737,0.861
16,20151;92,21662,0.923;42,6999,0.771;67,12999,0.886;98,8606,0.671;93,12271,0.84
17,20105;92,21555,0.94;43,7245,0.757;64,12526,0.877;92,8239,0.685;93,12215,0.834
15,20170;93,21992,0.928;47,7845,0.725;68,13159,0.875;90,8466,0.642;99,12992,0.831
15,20172;92,21396,0.904;46,7769,0.702;66,13018,0.86;90,8501,0.634;104,13495,0.856
16,20182;95,22106,0.913;48,8013,0.719;67,13271,0.867;91,8152,0.606;101,13005,0.841
15,20142;93,21769,0.916;42,7011,0.697;62,12162,0.883;90,8076,0.703;91,11848,0.863
16,20171;93,21504,0.936;45,7537,0.718;63,12396,0.892;86,8218,0.707;90,11967,0.883
15,20184;92,21541,0.905;42,7302,0.709;64,12669,0.886;84,8240,0.628;94,12919,0.822
15,20165;93,21688,0.911;46,7848,0.707;65,13031,0.868;100,8897,0.67;98,12795,0.864
16,20149;92,21655,0.909;44,7439,0.731;68,13295,0.861;92,8667,0.688;94,12511,0.875
15,20190;92,21781,0.933;43,7216,0.674;70,13476,0.851;88,8241,0.708;94,12559,0.882
15,20154;96,22572,0.932;45,7964,0.688;66,12967,0.852;90,8707,0.73;91,12284,0.831
16,20169;93,21712,0.911;45,7517,0.679;66,12904,0.856;96,8817,0.69;103,13455,0.855
16,20169;95,22186,0.931;46,7503,0.735;65,12824,0.849;89,8589,0.691;94,12533,0.875
15,20136;94,22303,0.932;44,7325,0.7;65,12523,0.845;86,8244,0.652;91,12168,0.871
16,20134;94,22109,0.921;44,7322,0.762;64,12472,0.858;85,8368,0.676;90,12437,0.83
15,20164;95,22437,0.92;44,7524,0.73;64,12798,0.815;87,8318,0.631;94,12771,0.852
15,20135;91,21585,0.918;43,7534,0.741;62,12548,0.866;101,8702,0.667;96,12675,0.848
15,20150;95,22289,0.926;45,7822,0.751;67,13238,0.839;92,8605,0.636;98,12979,0.867
17,20173;95,22586,0.941;43,7387,0.728;64,12658,0.881;94,8993,0.634;86,12564,0.864
17,20171;96,22249,0.938;44,7507,0.722;64,12870,0.873;91,8723,0.688;88,12093,0.815
17,20156;95,22368,0.911;45,7698,0.75;62,12480,0.872;86,8404,0.654;97,12937,0.867
17,20142;92,21409,0.94;41,7065,0.709;66,13024,0.887;96,8878,0.683;95,12876,0.872
16,20134;91,21549,0.95;44,7342,0.712;64,12667,0.841;86,7936,0.613;101,13360,0.882
16,20167;94,22116,0.911;44,7601,0.682;67,13450,0.897;88,8077,0.651;100,13137,0.789
17,20180;94,22215,0.935;45,7510,0.686;68,13758,0.874;92,8723,0.675;107,13995,0.889
16,20142;94,22248,0.92;46,7998,0.724;65,12976,0.849;89,8238,0.658;106,13655,0.862
17,20193;95,22316,0.937;48,8301,0.749;66,13065,0.848;94,8322,0.621;104,13417,0.887
17,20210;93,22076,0.922;46,7953,0.751;69,13820,0.855;97,8764,0.693;96,12801,0.865
17,20140;99,23162,0.932;43,7533,0.744;64,12789,0.88;80,7846,0.683;86,11761,0.813
28,20178;90,21267,0.92;44,7432,0.731;64,12644,0.868;92,8572,0.651;101,13349,0.872
15,20173;99,23284,0.95;44,7537,0.749;66,13130,0.884;96,8743,0.664;93,12663,0.853
16,20155;98,23079,0.95;46,7543,0.711;65,13120,0.845;93,8591,0.646;89,12127,0.881
15,20151;96,22651,0.941;41,7104,0.7;67,13081,0.831;85,8078,0.616;93,12638,0.835
16,20106;97,22538,0.937;45,7808,0.743;65,12945,0.871;95,8589,0.665;93,12550,0.861
15,20137;93,22045,0.932;31,7324,0.739;42,11860,0.842;65,7893,0.625;68,12171,0.855
27,20141;97,22824,0.928;30,7328,0.737;42,12363,0.852;65,8175,0.684;71,12568,0.836
15,20130;93,21828,0.919;29,7567,0.716;63,12164,0.86;87,7991,0.681;91,12080,0.869
15,20166;95,22066,0.925;44,7501,0.714;63,12612,0.861;93,8684,0.715;91,12289,0.843
15,20100;96,22557,0.938;41,6985,0.774;61,11934,0.819;90,8465,0.726;94,12671,0.896
15,20111;93,21950,0.917;42,7032,0.717;61,12040,0.858;85,7956,0.69;90,12162,0.838
15,20136;97,22878,0.947;41,6948,0.722;61,12095,0.829;81,8087,0.702;89,12094,0.844
15,20110;96,22647,0.915;42,7086,0.717;65,13175,0.871;86,7920,0.718;91,12040,0.869
15,20128;94,22278,0.931;42,7045,0.735;60,12155,0.886;83,8163,0.731;93,12745,0.867
15,20088;94,22225,0.919;42,6734,0.747;56,11179,0.825;79,7640,0.686;93,12600,0.853
15,19998;95,22231,0.926;35,5890,0.736;52,10096,0.862;79,7110,0.718;84,11192,0.865
15,19853;91,21440,0.922;31,5128,0.751;48,9659,0.861;74,6759,0.732;79,10482,0.89
15,19450;92,21743,0.91;31,4837,0.784;45,8634,0.89;62,5780,0.725;68,9071,0.848
14,19332;95,22673,0.947;26,4132,0.762;39,7337,0.88;54,5048,0.735;65,8724,0.873
14,18657;95,22590,0.932;25,3925,0.833;39,6968,0.883;49,4578,0.743;57,7623,0.858
13,17683;99,23343,0.934;21,3030,0.832;27,5028,0.872;32,3102,0.755;45,6044,0.843
17,13643;93,22029,0.929;16,2114,0.832;21,3346,0.883;21,2026,0.771;31,4093,0.857
11,14127;95,22371,0.929;14,1877,0.848;19,3036,0.878;23,2226,0.753;27,3648,0.858
7,9765;96,22634,0.942;9,948,0.849;13,1974,0.88;11,1104,0.764;16,2232,0.858
7,9431;99,23611,0.931;10,1017,0.855;13,1811,0.878;15,1386,0.757;17,2482,0.853
4,5110;93,21909,0.914;8,311,0.856;7,752,0.881;4,387,0.738;7,930,0.84
4,4778;97,22832,0.916;7,453,0.858;8,913,0.893;2,202,0.762;7,950,0.855
