23,19900;324,66395,0.998;92,13250,0.8385;127,19883,0.9455;301,12628,0.802;280,19462,0.949
28,19397;323,66299,0.9985;64,7073,0.8495;85,12413,0.9425;214,7942,0.791;216,13664,0.928
22,19522;325,67037,0.998;60,7257,0.8565;89,12692,0.9505;235,8500,0.7905;228,14622,0.9315
22,19303;331,67683,0.9955;58,6364,0.841;85,11799,0.953;194,7194,0.8325;196,12336,0.935
22,19439;329,67106,0.9965;65,7405,0.849;84,11791,0.93;222,8083,0.818;218,13694,0.916
22,19483;327,66579,0.9995;63,7135,0.8525;87,12012,0.9455;230,8369,0.8445;224,14135,0.93
23,19296;323,65815,0.998;59,6931,0.845;83,11579,0.95;208,7450,0.8155;221,13592,0.932
22,19434;332,68060,0.9995;63,7126,0.8735;84,11758,0.948;211,7890,0.814;216,13683,0.936
22,19478;323,65385,0.9975;63,6909,0.8505;85,11935,0.948;228,8054,0.824;223,13645,0.9205
23,19596;324,65708,0.9985;71,7794,0.858;91,12568,0.935;239,8634,0.841;238,14350,0.9235
22,19280;331,66354,0.9985;62,6949,0.8635;87,11542,0.944;223,7634,0.8245;221,13268,0.926
22,19356;320,64534,0.9965;58,6341,0.8305;88,11817,0.94;229,7655,0.798;228,13861,0.9305
23,19474;319,64732,0.998;66,7532,0.83;87,12483,0.945;256,8722,0.784;231,13865,0.9005
23,19473;319,64702,0.995;65,7195,0.858;88,12119,0.9375;224,7738,0.784;233,14050,0.9175
22,19349;323,65309,0.999;62,6903,0.868;84,11791,0.945;235,7892,0.7965;236,13604,0.9
22,19311;327,66497,0.9965;66,6807,0.8655;81,11276,0.9455;227,7508,0.7765;234,13355,0.895
23,19415;321,65139,0.997;64,7017,0.8455;82,11443,0.943;243,8037,0.788;242,14318,0.9215
22,19384;295,64351,0.997;59,6695,0.8205;86,12094,0.953;210,7178,0.7475;222,13524,0.924
23,19368;297,64504,0.9985;65,7088,0.853;83,11645,0.947;220,7677,0.7875;221,13693,0.921
23,19412;305,64743,0.998;62,7016,0.8595;81,11325,0.936;218,7655,0.81;213,12874,0.916
23,19380;302,65298,0.9965;67,7252,0.8655;82,11514,0.929;213,7430,0.817;220,13379,0.924
27,19285;299,64977,0.998;59,6689,0.861;80,10943,0.9375;218,7566,0.7845;226,13559,0.918
23,19331;306,65361,0.997;64,6886,0.873;82,11413,0.935;221,7369,0.7385;206,12522,0.9285
23,19224;302,66201,0.9975;61,6802,0.861;79,10866,0.94;218,7940,0.7825;209,13145,0.919
25,19486;302,66176,0.9975;63,7372,0.849;90,12264,0.9455;219,8350,0.789;224,14235,0.918
24,19171;304,66150,0.9995;65,7058,0.861;78,10983,0.9385;203,7749,0.793;208,12977,0.924
22,19344;305,65586,0.998;63,7113,0.86;80,11240,0.946;200,7637,0.8115;206,13242,0.9195
22,19126;304,64869,0.998;59,6868,0.867;85,11783,0.9475;203,7518,0.822;204,12994,0.9225
22,19312;305,66180,1;61,6652,0.8445;81,11299,0.9535;202,7346,0.81;199,12260,0.906
22,19396;311,67105,0.999;61,7037,0.848;84,11698,0.9555;213,7824,0.8015;214,13367,0.9245
22,19389;309,66885,0.9995;60,6605,0.8455;82,11250,0.942;211,7897,0.812;201,12605,0.906
22,19520;305,65579,0.9975;63,7224,0.85;91,12507,0.953;225,8389,0.853;233,14498,0.9355
22,19200;304,65186,0.9995;57,6117,0.837;78,10666,0.952;196,7101,0.7935;199,12424,0.903
22,19359;308,66415,0.998;65,7107,0.863;85,11540,0.952;208,7677,0.7975;213,13537,0.916
22,19518;306,65683,0.9985;61,7125,0.858;88,12264,0.9395;237,8784,0.82;225,14144,0.922
22,18789;312,65943,0.997;60,6750,0.8555;82,11109,0.9445;194,7123,0.8085;197,12511,0.918
22,19436;305,65817,0.9965;62,7391,0.8745;85,11771,0.9495;210,7869,0.797;226,14256,0.917
23,19421;302,65736,0.999;61,6989,0.8395;86,11863,0.94;218,7750,0.764;229,14066,0.9115
23,19502;304,65859,0.9995;61,7077,0.845;81,11509,0.9365;228,8188,0.793;222,13654,0.9085
23,19428;296,63714,0.9985;62,7127,0.848;86,11829,0.95;223,7831,0.784;207,12737,0.906
22,19344;299,64520,0.999;58,6593,0.8315;81,10972,0.937;224,7768,0.7685;210,12604,0.8835
22,19263;305,65597,0.9975;60,6836,0.8495;83,11342,0.9315;215,7148,0.7875;217,12614,0.8925
22,19366;300,65044,0.9975;63,7196,0.8615;83,11415,0.959;209,7507,0.797;207,12891,0.895
23,19515;301,65286,0.997;67,7711,0.878;88,12371,0.943;221,8074,0.813;232,14116,0.903
22,19350;297,63855,0.998;61,6887,0.8455;82,11497,0.9425;211,7756,0.8045;216,13331,0.909
23,19446;302,65020,0.999;60,6716,0.839;88,11852,0.9485;221,7678,0.7705;223,13669,0.9025
23,19483;301,65510,0.998;64,7243,0.8515;84,11731,0.933;250,8488,0.7785;242,14481,0.906
27,19488;304,65911,0.9985;62,7043,0.8465;88,12139,0.961;242,8268,0.779;225,13809,0.931
23,19267;302,65677,0.997;64,7190,0.8535;88,12147,0.942;243,7920,0.7715;227,13247,0.903
22,19478;302,64972,0.996;66,7502,0.856;88,12383,0.9415;253,8597,0.7935;246,14827,0.91
22,19435;304,66159,0.9985;63,7197,0.8585;90,12286,0.944;233,7796,0.768;228,13654,0.911
23,19392;297,63629,0.996;61,7105,0.854;86,11847,0.9315;247,8223,0.7865;228,13477,0.9135
22,19433;300,64696,0.996;58,6577,0.848;89,11986,0.9555;249,8460,0.792;235,14088,0.9085
36,19294;298,63120,0.998;61,7017,0.866;82,11186,0.9395;220,7402,0.788;218,12944,0.9105
24,19284;296,63589,0.9985;57,6187,0.8425;81,10872,0.937;215,7151,0.7795;212,12543,0.8885
25,19524;305,65972,0.999;64,7215,0.8395;91,12728,0.944;256,8398,0.797;253,14643,0.903
25,19343;300,64723,0.999;63,7019,0.844;85,11724,0.9375;240,7881,0.781;240,13695,0.9045
25,19271;293,62469,0.998;67,6884,0.8725;85,11631,0.936;221,7480,0.7855;217,12649,0.91
25,19497;303,65316,1;63,7304,0.8275;87,12129,0.9455;258,9092,0.7985;239,14497,0.9115
25,19501;298,64298,0.999;64,7055,0.8505;88,12289,0.95;226,7982,0.811;244,14562,0.905
25,19216;302,65488,0.998;61,6542,0.8545;85,11464,0.9425;222,7867,0.8175;219,13450,0.917
25,19405;302,65192,0.997;64,7141,0.8595;82,11434,0.9475;221,7509,0.808;217,13204,0.9095
25,19365;308,64612,0.9975;62,7203,0.8625;84,11499,0.9405;249,8268,0.795;234,13886,0.914
25,19301;305,65834,0.999;64,7050,0.87;84,11595,0.94;224,7442,0.776;216,12838,0.8995
30,19438;307,65907,0.997;65,7122,0.858;85,11961,0.947;246,8354,0.79;232,13895,0.898
23,19442;298,64570,0.995;65,7156,0.8795;89,11899,0.9355;230,7924,0.816;223,13518,0.9205
24,19488;299,64316,0.9985;64,7374,0.876;94,12386,0.9435;236,8305,0.811;216,13369,0.923
23,19334;304,65078,0.9985;65,6942,0.8715;85,11695,0.9535;214,7569,0.8015;218,13316,0.918
23,19349;297,63512,0.9965;61,6763,0.8725;84,11183,0.9505;210,7402,0.811;205,12439,0.912
23,19310;295,63801,0.998;61,6792,0.8515;84,11719,0.938;235,7719,0.7745;228,13316,0.9105
23,19344;296,64305,0.996;59,6857,0.8215;87,11768,0.9385;233,7626,0.7635;233,13873,0.902
23,19386;298,65135,0.9925;60,6790,0.8415;82,11463,0.9455;239,7399,0.723;243,14230,0.912
33,19250;302,65517,0.9985;57,6292,0.864;81,11318,0.9465;233,7272,0.7415;216,12534,0.905
26,19399;308,65531,0.998;64,7008,0.8735;82,11537,0.9465;249,7969,0.778;238,14005,0.915
26,19380;296,63559,0.9985;71,7489,0.8555;86,11978,0.935;257,8113,0.763;229,13316,0.914
25,19381;302,65846,0.9965;63,7182,0.874;82,11528,0.949;252,8035,0.756;229,13575,0.8955
25,19426;298,64167,0.9985;62,6948,0.867;86,11833,0.9375;231,7293,0.7725;236,14053,0.923
25,19506;300,65296,0.9965;64,7171,0.8415;92,13018,0.9505;259,8469,0.7845;228,13586,0.9065
26,19490;306,66399,0.9985;65,7223,0.868;86,11824,0.952;254,8574,0.815;225,13822,0.92
26,19197;302,65383,0.999;62,6522,0.8395;80,10814,0.9485;201,7058,0.806;200,12406,0.92
26,19189;303,65840,0.996;61,7018,0.846;80,11489,0.949;215,7464,0.7955;212,12948,0.9235
26,19443;302,64856,0.999;59,6822,0.854;84,11682,0.9505;227,7942,0.8115;213,13114,0.924
25,19305;304,65337,0.998;63,6978,0.857;86,11875,0.9425;215,7453,0.773;208,12672,0.9135
26,19376;298,64127,0.9965;59,6405,0.8205;83,11765,0.9405;226,7936,0.7995;228,14037,0.915
25,19414;301,65149,0.997;59,6496,0.8475;83,11515,0.9445;215,7751,0.7815;218,13569,0.914
25,19236;308,66565,0.9975;60,6728,0.834;79,11060,0.927;225,7093,0.783;271,13304,0.919
25,19543;301,65188,0.9985;85,7749,0.8365;109,11962,0.94;285,8156,0.7645;283,13973,0.904
23,19298;308,66899,0.998;76,6813,0.841;112,11799,0.9445;280,7886,0.7895;279,13725,0.9025
23,19289;297,63941,0.9915;82,6949,0.8515;105,11179,0.9455;270,7151,0.7645;256,12443,0.9065
23,19343;305,65187,0.9955;78,6842,0.8395;105,11116,0.9435;288,7640,0.759;285,13890,0.9095
23,19120;307,64139,0.997;75,6552,0.8485;103,11039,0.941;265,7398,0.767;253,12534,0.902
23,19248;301,64561,0.997;74,6676,0.8485;103,11103,0.9535;228,7710,0.7665;214,12789,0.898
31,19357;307,66938,0.998;61,7032,0.8445;86,12006,0.948;226,7515,0.76;238,14304,0.9035
23,19485;305,66306,0.9975;67,7365,0.8465;85,11959,0.949;230,8135,0.7855;226,13979,0.907
23,19551;310,67300,0.9975;66,7553,0.852;90,12668,0.9425;230,8532,0.798;220,13896,0.9115
23,19441;308,67604,0.998;63,7531,0.851;81,11336,0.9415;234,8775,0.806;233,14850,0.9215
23,19465;307,67060,0.999;63,7404,0.8455;86,12370,0.947;202,7553,0.775;218,13750,0.9155
23,19381;300,65854,0.9995;63,7214,0.8405;82,11257,0.9345;211,7722,0.7955;207,12878,0.915
23,19243;309,67509,0.999;58,6608,0.8605;79,11211,0.947;225,7772,0.812;222,12891,0.9295
23,19299;303,66205,0.998;66,7022,0.8655;100,12617,0.952;239,7989,0.822;225,13091,0.9155
23,19508;307,66981,1;71,7353,0.863;95,12276,0.9435;257,8696,0.8255;236,14711,0.9365
23,19468;302,65532,1;62,7382,0.8625;84,11656,0.934;236,8219,0.829;243,14025,0.92
24,19404;301,65183,0.9995;65,7086,0.8475;94,12308,0.9475;238,7876,0.8295;250,14089,0.9245
23,19384;308,67154,0.9985;69,7306,0.844;88,11156,0.941;239,7884,0.8;218,13304,0.9145
23,19364;303,65782,0.9975;59,6712,0.862;86,11520,0.9515;228,7277,0.7755;242,13489,0.9075
24,19421;301,65496,0.9975;68,7263,0.8665;92,11996,0.943;267,8283,0.7655;242,13565,0.908
23,19187;303,64914,0.998;66,6760,0.8455;88,11390,0.9465;200,7070,0.7535;198,12575,0.914
23,19353;301,65257,0.9995;59,6512,0.8415;93,11804,0.9515;230,7255,0.763;228,12992,0.909
23,19437;306,65625,0.999;70,7103,0.8685;93,11554,0.9475;256,7911,0.775;228,12803,0.9025
23,19479;298,64518,1;65,6731,0.8495;91,12043,0.943;239,8001,0.7645;250,14079,0.9135
37,19433;306,66983,0.998;69,6602,0.862;96,11924,0.951;246,7991,0.7905;237,13592,0.924
23,19493;305,66368,0.9975;71,7106,0.8615;95,12222,0.9405;241,8330,0.818;244,13994,0.9165
28,19400;301,65311,0.9985;70,6937,0.869;93,11744,0.947;243,7955,0.8275;235,13322,0.9105
26,19450;303,65805,0.9965;74,7533,0.85;87,11626,0.9365;262,8438,0.779;261,14664,0.902
26,19373;307,66947,1;68,7081,0.863;95,11967,0.9525;242,8193,0.8135;245,13679,0.912
29,19463;301,64557,0.998;68,7094,0.8545;100,12494,0.9435;240,8020,0.833;247,13750,0.922
38,19483;303,65364,0.9985;71,7002,0.8525;96,12165,0.934;244,7761,0.783;241,14014,0.9105
25,19465;307,66498,0.9985;65,7026,0.8435;88,12374,0.951;232,8174,0.8075;220,13918,0.915
25,19498;310,64932,0.9965;59,6956,0.8525;84,12311,0.9435;240,8583,0.811;224,14321,0.9275
26,19414;307,65905,0.9965;57,6691,0.8675;77,11035,0.9295;202,7354,0.801;204,12876,0.911
26,19389;314,65941,0.9975;66,7062,0.868;89,12373,0.956;199,7100,0.7645;214,13307,0.9115
26,19209;302,65010,0.9975;62,7000,0.863;83,11079,0.9395;196,6690,0.727;217,13110,0.903
25,19321;304,65580,0.996;60,6585,0.863;81,11032,0.937;215,7232,0.73;209,12961,0.894
26,19582;304,65657,0.996;64,7602,0.8515;90,12609,0.9445;251,8493,0.7535;228,14151,0.9055
25,19327;305,65995,0.996;60,7076,0.8415;80,11024,0.937;217,7473,0.7715;219,13482,0.9
25,19372;301,65748,0.996;62,7051,0.8625;88,12269,0.9605;234,8178,0.788;220,13517,0.8965
25,19449;303,65996,0.9985;66,7350,0.86;90,11979,0.9345;223,7472,0.786;245,14283,0.9205
26,19421;304,65981,0.997;64,6771,0.8335;90,11746,0.9255;250,7958,0.787;235,13928,0.918
25,19399;299,65091,0.9965;60,6861,0.854;83,11612,0.934;252,7958,0.801;246,13739,0.9195
26,19280;302,65866,0.9985;67,7102,0.848;93,12118,0.95;238,7310,0.761;240,13379,0.898
26,19301;298,64876,0.996;62,6698,0.8535;83,11694,0.95;230,7550,0.772;226,12757,0.9075
35,19380;327,66515,0.999;62,6829,0.838;91,11907,0.944;238,7836,0.805;236,13615,0.914
23,19506;298,64454,0.9995;64,6914,0.8285;92,11887,0.935;220,7438,0.77;219,13567,0.9085
23,19441;299,64460,0.9985;61,7176,0.8535;92,11848,0.939;260,8042,0.7535;260,14296,0.9005
23,19418;295,64177,0.998;65,7153,0.8535;95,11991,0.927;291,8466,0.772;251,13944,0.8905
23,19301;301,65276,0.997;65,6961,0.831;92,11755,0.93;281,8446,0.802;245,13324,0.911
23,19360;298,65016,0.998;66,6769,0.862;91,11556,0.938;270,8461,0.8075;257,13958,0.9215
23,19369;307,66790,0.999;68,6989,0.8695;91,12071,0.9515;274,8547,0.8005;260,14200,0.9255
23,19374;304,65742,0.9975;66,6880,0.8455;98,12071,0.939;243,7652,0.788;237,13410,0.9225
23,19451;305,66158,0.9985;65,7267,0.858;89,11983,0.9485;258,8163,0.797;222,13288,0.9105
23,19418;299,64485,0.999;59,6834,0.8535;78,11461,0.943;203,7078,0.807;211,13035,0.919
36,19381;297,64406,0.9995;60,6689,0.8425;82,11289,0.932;221,7828,0.8305;211,12939,0.9205
23,19376;301,64613,0.999;62,6794,0.853;83,11421,0.942;223,7840,0.806;217,13317,0.9175
23,19426;300,65085,1;61,6900,0.8725;85,11552,0.9485;218,7776,0.818;211,13272,0.9305
23,19421;303,65484,0.999;64,7231,0.857;85,11605,0.9585;225,8317,0.8365;217,13600,0.924
23,19152;300,65105,0.9965;54,5887,0.821;77,10684,0.953;205,7489,0.8375;204,12890,0.9255
23,19338;312,65762,0.997;65,7148,0.8345;84,11524,0.935;211,7719,0.8565;218,13486,0.9235
23,19452;302,64897,0.994;65,7146,0.857;88,12175,0.9525;222,7996,0.82;245,14512,0.919
23,19130;293,63271,0.9995;61,6627,0.858;88,11493,0.9475;226,7611,0.8285;222,12853,0.9245
23,19368;301,64666,0.999;61,6487,0.866;83,11140,0.935;219,7640,0.833;208,12925,0.922
23,19344;300,64861,0.998;62,7121,0.853;83,11699,0.931;205,7322,0.822;229,13593,0.9165
23,19177;303,65404,0.9955;61,6443,0.8395;94,11479,0.9385;220,7383,0.783;228,13368,0.903
23,19371;304,65879,0.998;68,7352,0.864;88,11527,0.9355;243,8106,0.771;228,13925,0.902
23,19261;299,65367,0.999;60,6092,0.847;82,10666,0.942;218,7189,0.7555;231,13480,0.91
23,19521;304,66225,0.995;66,7162,0.8545;96,12523,0.9405;255,8768,0.7765;234,14049,0.8985
23,19467;303,66070,0.999;60,6651,0.8505;83,11707,0.927;205,7578,0.7975;229,13717,0.916
23,19413;300,65323,0.9985;66,7044,0.851;93,12307,0.937;250,8223,0.773;259,14851,0.915
23,19448;302,64904,0.996;65,6739,0.8345;89,11542,0.9485;232,7834,0.784;243,13976,0.925
23,19333;300,65128,0.9985;68,6895,0.8495;91,11637,0.945;235,7830,0.7855;228,12858,0.918
23,19423;300,65300,0.9985;67,6836,0.85;98,12345,0.948;264,8118,0.807;255,13883,0.9135
23,19095;295,63931,0.9985;66,6663,0.8515;85,11086,0.9375;235,7218,0.8015;228,12833,0.9095
23,19170;300,64803,0.9975;63,6428,0.8435;80,11218,0.9515;215,7437,0.8215;208,12195,0.9145
23,19457;302,65209,0.996;61,6832,0.869;88,11789,0.9465;229,7484,0.785;232,13528,0.914
23,19445;295,63928,0.9975;61,6529,0.8605;86,11714,0.9455;248,8066,0.811;218,12726,0.915
23,19372;291,62936,0.997;63,6468,0.855;88,11449,0.958;228,7347,0.7915;241,13740,0.9065
24,19507;301,65189,0.998;65,7291,0.84;90,12204,0.9545;238,8050,0.795;252,14745,0.9105
23,19295;305,65317,0.9955;62,6644,0.8385;89,11889,0.94;241,7820,0.789;233,13205,0.9105
24,19477;303,65543,0.9955;65,7311,0.851;91,12464,0.939;254,8472,0.807;238,14135,0.918
23,19349;297,64028,0.9965;57,6512,0.8205;83,11294,0.925;251,7648,0.7845;241,12951,0.9065
31,19421;300,64818,1;69,7186,0.81;94,12249,0.9445;248,7520,0.782;269,14562,0.9165
23,19443;303,65372,0.999;67,7147,0.834;97,12214,0.9465;267,8058,0.77;256,13900,0.9035
23,19062;301,64449,0.9975;61,6140,0.821;86,10940,0.9435;220,6869,0.7825;205,12073,0.9135
23,19209;302,64978,0.9995;62,6885,0.835;93,11779,0.9455;240,7379,0.785;225,12204,0.8995
23,19470;306,66485,0.998;65,7180,0.8535;98,12417,0.9495;247,7941,0.779;255,14301,0.897
23,19431;309,64892,0.999;65,7048,0.8495;91,11465,0.9435;252,8024,0.775;256,14457,0.9065
24,19416;304,65189,0.998;65,7354,0.8465;86,12044,0.934;244,7897,0.7845;252,14029,0.906
23,19269;301,64850,0.997;66,6911,0.8395;88,11079,0.942;248,7472,0.765;236,13009,0.8985
23,19328;302,64659,0.996;66,6604,0.851;89,11080,0.9485;255,7747,0.786;236,13049,0.9145
23,19193;301,64358,0.9975;59,6532,0.8585;79,10992,0.9325;206,6844,0.786;238,12779,0.9135
23,19453;300,63768,0.998;66,6680,0.847;96,11969,0.9465;268,7632,0.762;256,13648,0.913
23,19416;301,65141,0.9995;68,7030,0.844;94,12117,0.933;292,8197,0.771;255,13602,0.8905
23,19431;299,64361,0.998;66,7027,0.8455;97,12031,0.939;280,8391,0.8125;241,12973,0.9175
23,19476;306,64846,0.998;70,6971,0.862;97,12074,0.952;257,7997,0.7945;244,13202,0.898
23,19323;299,64132,0.999;67,6793,0.857;90,11177,0.929;244,7503,0.8025;215,12900,0.9145
23,19479;292,63027,0.9975;72,7091,0.866;117,12214,0.939;308,8046,0.797;303,13907,0.9095
24,19409;297,63598,0.997;80,7006,0.851;113,12440,0.9405;306,7594,0.7645;299,13827,0.918
23,19327;294,62894,0.994;77,6716,0.836;108,11405,0.939;297,7477,0.7835;283,13063,0.902
23,19335;297,63730,0.9965;81,6884,0.8565;114,11827,0.931;291,7763,0.7945;287,13208,0.905
23,19359;300,64496,0.9965;80,6499,0.843;105,11133,0.94;301,7544,0.749;288,13144,0.899
23,19466;298,63902,0.9945;83,6951,0.845;111,11537,0.9475;279,8175,0.7855;230,13532,0.901
23,19331;299,64091,0.9975;60,6905,0.837;86,11638,0.946;212,7274,0.767;216,13050,0.903
23,19146;298,64503,0.9995;59,6444,0.8555;83,11316,0.9435;223,7092,0.7365;218,12754,0.895
23,18986;300,64770,0.9975;51,5587,0.8315;77,10356,0.941;203,6596,0.724;200,11713,0.9
24,19507;303,64772,0.997;65,7121,0.8395;93,12575,0.9485;282,8714,0.769;253,14473,0.9025
23,19342;299,64044,0.9995;63,6947,0.866;82,11224,0.9465;231,7560,0.773;218,12707,0.8955
23,19487;299,64291,0.996;60,6810,0.8515;88,11904,0.956;223,7262,0.7295;233,13717,0.888
24,19522;301,64834,0.999;63,7047,0.8495;93,12739,0.942;263,8356,0.7815;250,14134,0.921
23,19263;306,66574,0.9995;63,6500,0.8475;92,11416,0.9415;243,7710,0.7835;234,13277,0.933
23,19232;301,64813,0.997;68,6975,0.834;91,11509,0.9435;234,7652,0.805;213,13052,0.922
23,19425;298,63984,0.9975;59,6608,0.857;80,11253,0.9425;217,7372,0.8085;234,13161,0.9215
23,19474;297,64237,0.998;68,7087,0.879;96,11863,0.933;264,8531,0.828;254,14211,0.9285
23,18843;305,65684,0.9995;66,6441,0.848;86,10862,0.9405;199,6467,0.8005;195,11806,0.929
24,19269;292,63638,0.9965;66,6836,0.8585;83,11540,0.9435;237,7446,0.802;229,12370,0.909
24,19349;320,64825,0.9985;65,6716,0.8385;89,11278,0.9465;262,7784,0.7845;259,13963,0.9065
23,19345;316,63717,0.9975;63,6506,0.8325;93,11462,0.932;237,7125,0.7825;223,12842,0.9025
23,19072;315,63671,0.999;54,5931,0.819;87,10857,0.9325;224,6626,0.7765;247,13352,0.9145
23,18926;315,63858,0.9975;59,5996,0.832;83,10434,0.9355;234,6770,0.7505;225,11991,0.8935
23,19441;321,65473,0.9975;68,7073,0.858;95,11807,0.947;264,8300,0.777;262,13976,0.9045
25,19435;320,65498,0.996;69,6898,0.846;91,11473,0.9255;288,8132,0.751;269,14008,0.891
25,19336;318,64626,0.996;70,6982,0.849;98,12762,0.948;262,7869,0.7745;252,13563,0.9105
24,19099;323,64775,0.9975;66,6665,0.8505;93,11371,0.946;259,7542,0.766;242,13158,0.9215
25,19239;317,64045,1;57,6594,0.829;92,11269,0.938;242,6736,0.7395;249,13039,0.8965
30,19252;312,63108,0.998;67,6891,0.8385;94,11642,0.932;267,7839,0.7445;254,13524,0.893
26,19323;316,64286,0.998;65,6572,0.846;91,11307,0.939;258,7480,0.746;246,13082,0.8915
26,19541;321,64938,0.9975;69,6882,0.8565;89,12413,0.947;278,8409,0.7665;263,14930,0.915
25,19345;316,64010,0.998;57,6417,0.844;79,10940,0.937;245,7571,0.7505;228,13358,0.914
24,19411;323,65756,0.9975;62,7142,0.8675;79,11626,0.953;228,7672,0.809;206,12938,0.918
23,19422;326,66123,0.9985;58,6970,0.8705;80,10925,0.9475;221,7459,0.79;220,13218,0.9115
23,19295;324,65608,0.9985;59,6780,0.8405;83,11194,0.938;233,7514,0.7455;231,13534,0.903
23,19356;320,64927,0.997;59,6475,0.8555;83,11589,0.941;226,7372,0.759;222,12894,0.9155
23,19318;315,63604,0.997;61,6354,0.851;82,11149,0.9385;239,7674,0.7775;218,12690,0.9245
23,19431;319,64644,0.9995;64,7181,0.8585;84,11661,0.9445;236,7648,0.773;229,13800,0.915
23,19406;329,67145,0.9975;61,6970,0.846;88,12367,0.949;226,7508,0.777;239,14165,0.9175
23,19393;320,64621,0.999;60,6673,0.861;84,11533,0.9485;228,7626,0.785;230,13186,0.915
23,19306;320,64718,1;61,6293,0.873;83,10834,0.9365;239,7389,0.778;230,12606,0.9055
23,19182;317,64265,0.997;65,6317,0.8575;82,10511,0.954;221,6766,0.787;234,13330,0.9185
23,19291;316,64518,0.999;64,6783,0.849;89,11366,0.9425;241,7645,0.7575;241,13731,0.8975
30,19454;325,66179,0.999;68,7216,0.861;92,11976,0.9435;238,7873,0.8015;240,13837,0.9155
23,19407;319,65027,0.9965;57,6494,0.8435;83,11585,0.9525;219,7521,0.82;233,13429,0.9175
22,19079;324,66131,0.997;58,6029,0.8425;78,10019,0.943;188,6476,0.7835;193,11549,0.9125
23,19442;321,65609,0.9995;63,6635,0.858;90,11565,0.94;223,7729,0.803;205,12767,0.918
23,19260;326,65479,0.995;60,6379,0.85;83,10614,0.95;223,7364,0.818;218,12615,0.9075
23,19410;326,66463,0.9995;66,7047,0.8635;87,11154,0.941;224,7412,0.8125;225,13104,0.912
37,19393;325,66018,0.9965;61,6612,0.8555;89,11020,0.9365;228,7320,0.7865;241,13134,0.9025
25,19435;325,67156,0.9975;69,6858,0.8445;90,11705,0.9505;239,7939,0.796;222,13142,0.9
25,19487;328,66180,0.999;65,6925,0.851;97,11994,0.9505;229,7568,0.811;229,13151,0.9185
25,19382;325,66032,0.997;61,6458,0.8665;79,10972,0.94;232,7477,0.7855;230,12879,0.9095
25,19183;324,65926,0.999;69,6689,0.8725;83,10864,0.952;210,6836,0.7805;218,12484,0.901
25,19324;321,65449,0.999;59,6039,0.8545;80,10667,0.936;184,6625,0.817;198,12497,0.9245
25,19338;325,65965,0.999;50,5297,0.836;70,9946,0.95;161,6192,0.807;184,11867,0.923
25,19372;316,63840,0.998;59,6377,0.856;75,11174,0.959;196,7448,0.809;200,12485,0.902
25,19491;327,66564,0.998;61,6586,0.8565;81,11160,0.941;194,7016,0.8125;225,13837,0.9255
25,19348;325,65851,0.9995;51,5642,0.8545;76,10266,0.956;182,6706,0.8355;188,11555,0.91
23,19341;316,64696,0.9975;58,6144,0.8845;77,10624,0.955;200,7303,0.823;212,13071,0.9145
23,19304;324,66288,0.9965;50,5510,0.876;72,10029,0.9455;181,6710,0.8125;199,12452,0.907
22,19152;329,66422,0.9965;53,5824,0.8865;74,10229,0.9415;183,6851,0.815;198,12461,0.9095
23,19335;322,65616,0.9945;51,5467,0.882;64,8639,0.949;163,6190,0.8115;178,11220,0.903
22,19015;327,66811,0.9965;54,5437,0.876;75,10151,0.955;166,6106,0.8205;198,12217,0.9045
26,19039;327,67251,1;49,5131,0.8875;72,9288,0.9425;171,5949,0.821;196,11567,0.892
29,18380;320,65627,0.9995;42,3665,0.898;51,6394,0.9375;109,3950,0.8245;137,8263,0.9
20,16826;326,66847,0.9985;32,2303,0.912;42,4660,0.955;79,2803,0.805;106,6454,0.9065
17,14445;328,67210,0.9985;28,2109,0.923;38,3970,0.955;55,1929,0.8185;89,5366,0.8985
14,11638;325,66531,0.9985;25,1608,0.916;29,3045,0.9535;45,1664,0.8185;59,3591,0.8915
10,8230;326,66798,0.9985;21,860,0.9195;19,1671,0.963;30,1105,0.8285;34,2037,0.8965
8,7453;321,65768,0.9975;20,684,0.9295;19,1220,0.9685;20,760,0.833;20,1212,0.898
8,6976;326,66768,0.994;16,609,0.931;15,1116,0.9665;21,748,0.8335;21,1294,0.903
4,3629;326,66049,0.999;11,249,0.9275;14,444,0.9655;9,377,0.8375;9,542,0.901
