39,19900;260,70632,0.9915;64,13741,0.815;86,20160,0.9355;193,13383,0.7425;187,19940,0.912
39,20263;263,71283,0.9915;57,10396,0.775;80,16988,0.903;178,11262,0.7035;189,19203,0.885
42,20327;267,71812,0.993;59,10985,0.8145;85,17819,0.906;171,11182,0.732;195,19059,0.877
41,20303;258,72455,0.993;64,11335,0.7845;88,17612,0.908;194,11506,0.752;193,18910,0.89
42,20338;266,71915,0.9935;71,11760,0.797;74,18259,0.9205;145,11818,0.705;137,19236,0.8995
41,20324;273,72130,0.995;44,11336,0.8095;96,18672,0.92;192,11054,0.722;196,18707,0.894
40,20351;242,70805,0.993;64,11276,0.803;92,18263,0.9345;186,11181,0.7585;182,18225,0.892
47,20363;251,73449,0.9955;62,11520,0.793;85,18169,0.9125;184,11322,0.7275;191,19193,0.861
39,20304;246,71720,0.995;58,10856,0.7945;79,17082,0.9035;175,10394,0.696;192,18300,0.85
39,20309;246,70672,0.987;62,10716,0.8025;96,17202,0.904;135,10977,0.6945;134,18703,0.851
39,20296;245,70422,0.9855;42,10795,0.8105;82,16626,0.9155;177,10645,0.715;197,19028,0.8845
39,20333;328,71489,0.995;66,11284,0.7905;90,17563,0.9085;189,11495,0.7135;187,18880,0.863
38,20321;313,72099,0.991;42,10430,0.7815;60,18056,0.9115;178,11403,0.696;140,19305,0.8775
39,20336;246,72068,0.997;43,11125,0.7905;59,17977,0.916;139,11850,0.773;155,18852,0.8785
39,20286;240,69609,0.992;46,11078,0.8065;83,17063,0.9095;177,11039,0.7435;155,18583,0.8705
43,20335;242,70707,0.9945;41,10538,0.788;81,17598,0.915;190,11248,0.735;208,19560,0.8905
38,20332;241,69958,0.9905;64,11071,0.81;90,17625,0.9265;192,11334,0.7395;197,18745,0.902
38,20301;286,72676,0.9915;61,10632,0.8065;57,17474,0.906;134,11084,0.737;151,19282,0.896
39,20321;274,70963,0.993;65,11409,0.805;83,17295,0.9085;181,10762,0.6745;207,19966,0.8955
39,20307;274,70531,0.9895;64,11495,0.79;87,18149,0.9165;207,12201,0.7265;176,18978,0.882
38,20329;278,71337,0.993;61,11253,0.834;84,16581,0.92;172,10777,0.7575;191,18698,0.8975
39,20325;278,70979,0.994;65,10815,0.8115;89,17093,0.9165;186,11302,0.7595;180,17904,0.873
39,20308;278,71860,0.9935;64,10910,0.828;84,16921,0.915;155,10911,0.7305;127,17647,0.8675
38,20342;250,71146,0.9945;42,10719,0.7985;59,17719,0.923;124,10752,0.7245;131,18552,0.88
39,20331;239,68996,0.9935;45,11385,0.816;60,17777,0.9295;148,12083,0.7725;140,18887,0.896
39,20320;235,69340,0.9905;45,11137,0.8115;59,17565,0.9015;172,11232,0.726;194,19161,0.8655
40,20349;244,70987,0.9885;68,11497,0.8055;91,17668,0.915;186,11401,0.7375;202,19718,0.8775
39,20333;241,69979,0.9965;61,11032,0.7915;86,17247,0.918;184,10947,0.74;204,18999,0.887
39,20298;242,70390,0.992;60,10586,0.807;62,17227,0.9215;120,10461,0.723;132,18362,0.867
48,20311;241,69996,0.9895;44,10702,0.8265;56,16776,0.926;181,11353,0.742;147,19032,0.8915
43,20299;245,70656,0.9915;42,10791,0.807;56,16710,0.918;126,10891,0.7575;140,18850,0.8755
44,20284;238,69042,0.995;41,10503,0.8305;63,16607,0.9195;146,11182,0.7235;189,18244,0.8805
43,20258;244,70720,0.9935;66,10707,0.805;88,16239,0.9035;160,11295,0.7365;167,18582,0.8825
42,20315;246,70736,0.994;59,10322,0.7765;90,17740,0.9165;146,11024,0.7095;195,18787,0.86
41,20317;248,72339,0.991;61,10787,0.802;83,17739,0.9165;153,11183,0.6965;201,19849,0.8795
39,20298;278,70876,0.993;67,11161,0.787;89,17955,0.9075;202,10963,0.694;178,19031,0.884
40,20306;277,71903,0.997;51,10785,0.808;91,17493,0.9225;192,11229,0.706;205,20025,0.894
40,20314;266,70064,0.9925;54,10893,0.7935;92,17786,0.914;188,11059,0.709;200,18617,0.8785
40,20290;272,71378,0.9925;65,11078,0.819;87,17226,0.915;189,11403,0.759;197,18591,0.8885
39,20305;253,71416,0.9935;64,11039,0.8015;89,17450,0.922;186,10850,0.693;164,18359,0.8605
39,20298;272,72081,0.9895;41,10814,0.7905;57,17065,0.9025;146,11298,0.7215;139,19180,0.886
39,20306;272,71815,0.9935;60,11357,0.7925;89,17803,0.9035;196,11276,0.6985;217,20104,0.8815
39,20266;208,70811,0.99;64,10840,0.822;79,17500,0.917;142,11273,0.727;174,18832,0.8885
39,20362;201,70497,0.992;41,10713,0.793;57,17317,0.9105;135,11016,0.716;171,19051,0.8705
39,20317;240,69982,0.9955;42,10913,0.817;72,17339,0.908;172,10894,0.714;191,18425,0.877
39,20302;242,70458,0.9915;63,10628,0.8185;87,16840,0.9255;184,11233,0.719;196,18805,0.8875
39,20314;243,71061,0.9905;61,10656,0.8045;58,17259,0.924;176,11048,0.713;195,19194,0.8895
40,20282;245,71716,0.9915;48,11249,0.805;59,17476,0.903;126,10874,0.714;136,19115,0.893
40,20323;240,69823,0.993;43,11357,0.827;56,16547,0.9055;161,11237,0.742;142,17468,0.8795
39,20282;244,70877,0.995;65,10827,0.825;87,16990,0.8965;162,11522,0.762;181,17688,0.878
39,20306;245,71899,0.9945;60,10808,0.8155;81,16691,0.9225;148,10897,0.7265;192,19466,0.9105
39,20303;241,70033,0.992;43,10814,0.835;55,16470,0.911;143,11232,0.763;119,16861,0.863
39,20314;247,71745,0.985;43,10805,0.7985;59,17671,0.912;141,10882,0.7015;193,18760,0.8565
40,20332;276,70979,0.989;45,11062,0.814;74,17520,0.904;198,11525,0.7345;189,20187,0.908
40,20294;278,72438,0.983;44,11074,0.7915;59,17853,0.905;164,11616,0.734;199,19359,0.8675
40,20327;290,70837,0.992;64,11167,0.811;87,17652,0.9105;156,11255,0.7515;143,19052,0.888
40,20271;262,70357,0.9925;44,10904,0.805;58,16876,0.904;138,11378,0.7425;165,18478,0.8905
40,20286;158,70104,0.9915;65,10659,0.781;95,18298,0.9215;191,11639,0.744;154,18364,0.863
40,20335;158,69590,0.991;64,11070,0.807;94,18109,0.928;154,11347,0.731;196,19535,0.897
39,20283;181,71447,0.9925;63,11072,0.7955;59,17345,0.9075;133,11023,0.6925;147,19221,0.881
41,20324;211,71697,0.993;43,10779,0.789;61,18383,0.919;133,11274,0.717;180,19789,0.886
42,20285;161,71034,0.9925;40,10458,0.8225;57,16899,0.9165;124,10750,0.712;185,19216,0.8685
40,20275;160,70863,0.9915;64,10864,0.821;82,17210,0.9195;189,11058,0.7025;193,18735,0.8905
42,20236;158,70433,0.9935;63,10634,0.781;70,17532,0.9085;133,11176,0.6975;191,18932,0.8495
43,20339;160,70655,0.9945;46,10682,0.7985;58,17409,0.9115;173,11033,0.7085;202,18534,0.868
44,20365;160,70865,0.9915;52,10945,0.794;61,18650,0.882;137,11260,0.695;187,18820,0.8715
43,20294;272,72234,0.9925;46,11076,0.7865;58,17851,0.9185;148,11126,0.7155;194,18218,0.871
42,20293;278,73352,0.994;63,10829,0.7775;74,17823,0.91;135,10936,0.7035;139,18708,0.875
43,20334;251,73726,0.9905;60,10897,0.7735;87,17641,0.8935;179,11283,0.683;138,19077,0.859
42,20319;249,73377,0.994;64,10729,0.7855;72,17764,0.9125;157,11324,0.6765;156,18802,0.86
42,20281;230,71449,0.992;46,11188,0.765;57,17033,0.8925;199,11578,0.6785;222,19657,0.856
43,20255;173,71595,0.997;65,10850,0.8265;57,17375,0.916;140,10937,0.677;149,19348,0.862
42,20298;254,71743,0.9905;43,11116,0.801;59,17178,0.9085;145,11629,0.6955;144,18925,0.873
44,20338;267,69529,0.9925;49,10960,0.7995;63,17831,0.9135;149,11731,0.7545;184,18588,0.8845
44,20322;256,71892,0.993;64,11063,0.7825;91,17529,0.908;206,11496,0.7295;157,19539,0.8605
44,20258;242,71050,0.9925;62,10510,0.7875;89,17243,0.914;194,10869,0.7215;208,18911,0.895
40,20315;249,69665,0.9935;64,10935,0.805;90,18232,0.938;190,11377,0.753;200,18412,0.877
39,20296;245,71267,0.9905;64,10689,0.789;93,17692,0.914;203,11297,0.708;183,18830,0.866
40,20358;243,70902,0.9975;43,10779,0.78;60,18204,0.909;157,11617,0.747;166,19972,0.874
40,20358;246,72011,0.9925;43,11069,0.792;59,17859,0.9145;146,11762,0.7025;178,19914,0.878
40,20299;249,72409,0.9915;49,11470,0.812;66,17478,0.9305;153,12334,0.7565;164,17907,0.8785
44,20252;240,70169,0.992;66,10690,0.822;68,16911,0.894;183,10795,0.68;200,18911,0.8935
39,20281;268,72662,0.992;63,11217,0.8025;87,17616,0.917;190,11383,0.7255;210,19450,0.887
40,20275;164,72916,0.989;67,11127,0.788;89,17299,0.9105;187,11612,0.7235;144,19537,0.888
40,20314;156,68879,0.992;61,11207,0.7935;91,17581,0.9095;190,11089,0.716;171,20315,0.9055
43,20339;218,71035,0.9905;55,10940,0.7825;62,18315,0.9095;164,11791,0.718;146,19151,0.8655
42,20325;275,70545,0.99;66,11061,0.798;88,17123,0.8965;168,10037,0.6505;203,18920,0.878
43,20293;198,71034,0.994;65,10768,0.778;92,17613,0.9295;194,11345,0.6945;207,19141,0.8615
44,20289;220,72332,0.992;71,11574,0.79;96,17699,0.903;159,11967,0.722;200,18725,0.8735
44,20329;238,71285,0.996;60,10706,0.7915;95,18668,0.928;171,10672,0.7145;142,18429,0.8565
44,20335;278,71118,0.9925;44,11481,0.785;60,17910,0.9175;144,11681,0.6915;138,18539,0.8485
43,20292;277,71684,0.993;43,11135,0.789;59,17699,0.911;143,11382,0.723;188,19428,0.859
43,20353;274,71858,0.9895;45,11562,0.802;62,18179,0.929;143,11564,0.7085;145,19450,0.8715
43,20331;247,72497,0.9955;59,11494,0.7845;92,17963,0.912;183,11573,0.7145;175,20023,0.91
43,20309;236,71768,0.987;52,11533,0.8285;73,18037,0.8995;130,10807,0.6825;140,18625,0.8655
57,20358;208,71706,0.9845;45,11425,0.809;60,17988,0.9035;147,11264,0.714;194,19594,0.8715
42,20279;162,72200,0.9945;67,10925,0.791;94,17881,0.921;188,11160,0.698;149,18995,0.8785
43,20281;162,71444,0.99;44,10697,0.8005;64,17233,0.918;141,11258,0.753;133,18292,0.87
43,20311;221,71512,0.9905;66,11054,0.7835;72,17479,0.9255;134,11176,0.73;141,19314,0.8815
56,20311;247,71281,0.9945;43,10774,0.7875;59,17543,0.91;133,11481,0.759;131,17998,0.8925
42,20266;266,71823,0.995;42,10614,0.7795;58,17265,0.922;131,11024,0.7515;134,18443,0.888
42,20287;234,72171,0.9875;42,10383,0.7975;56,16567,0.9055;130,11034,0.733;136,18476,0.8715
42,20330;206,71110,0.9925;70,11360,0.787;96,17776,0.904;182,11120,0.71;223,20035,0.913
43,20334;280,71933,0.996;70,11448,0.793;98,18091,0.915;236,11427,0.74;243,19236,0.89
43,20352;265,70680,0.993;70,11600,0.827;94,17490,0.913;184,10641,0.715;210,19140,0.866
43,20281;281,73845,0.991;66,10565,0.789;93,17211,0.9045;190,11174,0.7235;205,19008,0.8655
43,20302;254,71615,0.992;68,10892,0.8115;89,16748,0.9205;193,11059,0.731;209,18703,0.879
42,20328;248,72106,0.99;45,11138,0.7845;112,17377,0.907;234,11120,0.686;256,19451,0.8745
41,20299;247,71960,0.9855;50,11060,0.805;94,17642,0.902;191,11034,0.688;219,19429,0.87
44,20279;249,72322,0.989;70,11360,0.828;80,16823,0.898;192,11250,0.704;199,18701,0.8555
42,20347;224,72464,0.9925;63,10743,0.8085;95,18321,0.9185;185,10882,0.74;197,18632,0.8785
43,20359;280,71454,0.9935;68,11368,0.8275;94,18081,0.9285;195,11286,0.7195;203,18979,0.878
43,20371;273,71022,0.99;66,11315,0.779;89,17726,0.902;170,11107,0.6625;141,19136,0.889
42,20334;195,71226,0.9985;43,10541,0.7775;60,17802,0.917;144,11878,0.7425;135,18079,0.887
41,20292;274,72676,0.992;44,10834,0.8015;59,17563,0.9025;127,10611,0.7285;146,19208,0.8855
43,20312;279,70817,0.992;45,10962,0.8115;60,17623,0.907;137,11137,0.739;136,18609,0.8995
44,20298;266,70409,0.996;43,10988,0.833;58,17001,0.9125;180,11245,0.732;199,18769,0.88
42,20371;281,72250,0.995;72,11803,0.7965;82,18044,0.9245;134,11149,0.7195;141,18553,0.8625
43,20247;280,72032,0.9915;63,10595,0.767;88,16916,0.9155;193,11460,0.7265;218,19617,0.891
43,20307;279,71894,0.9935;72,11156,0.792;102,18490,0.921;160,11360,0.702;149,19771,0.8845
43,20311;278,70614,0.9955;44,11383,0.7715;61,18046,0.922;155,11757,0.705;202,18927,0.8965
43,20329;309,71565,0.994;67,11128,0.7925;94,17701,0.9215;196,11196,0.7145;175,18319,0.9015
43,20357;318,69837,0.995;68,11326,0.779;74,17910,0.9155;148,12095,0.7745;137,18271,0.8925
43,20356;295,69952,0.9915;45,11191,0.807;59,17099,0.9055;138,11475,0.7595;135,18194,0.8855
46,20312;163,71750,0.996;45,11272,0.7835;61,17898,0.8975;138,11334,0.725;141,19059,0.8965
39,20285;163,71051,0.992;43,10648,0.801;60,17592,0.925;141,11280,0.752;136,18276,0.8865
39,20335;215,70932,0.989;64,10877,0.7845;97,17805,0.9075;203,11734,0.7105;204,19122,0.873
39,20276;278,72188,0.996;66,10890,0.784;93,17199,0.9145;185,11150,0.6935;211,19681,0.8885
39,20329;281,72354,0.9935;68,11084,0.8075;67,16957,0.913;132,11111,0.739;189,17749,0.858
39,20334;274,70347,0.996;66,10990,0.813;88,17228,0.928;188,11290,0.717;188,18302,0.88
39,20359;280,71469,0.9925;67,10802,0.7945;91,17147,0.8865;191,10984,0.6885;207,19237,0.898
39,20284;274,69799,0.993;69,10622,0.8065;93,17379,0.9155;192,10769,0.712;211,18980,0.9
40,20243;271,71019,0.993;70,10570,0.775;94,17665,0.905;196,11192,0.7155;195,18269,0.8735
52,20266;267,72058,0.9945;63,10655,0.803;89,16936,0.909;185,10804,0.7045;192,17857,0.8705
39,20267;267,69422,0.991;62,10528,0.7865;93,17719,0.912;205,11615,0.717;200,18443,0.8785
39,20329;277,71776,0.994;66,10964,0.7805;96,18085,0.9095;215,12110,0.7265;157,20334,0.878
39,20253;281,71709,0.993;43,10578,0.7985;57,16564,0.9195;140,11185,0.73;145,18726,0.887
39,20283;278,70847,0.994;48,11654,0.8285;60,18019,0.9175;133,10854,0.684;148,19577,0.888
39,20299;277,70471,0.989;45,11460,0.797;62,18131,0.932;149,11564,0.7125;208,18906,0.895
40,20264;268,68366,0.996;65,10722,0.817;90,17207,0.928;148,10990,0.7325;154,18443,0.9095
40,20299;261,69984,0.991;65,10778,0.8035;88,17019,0.9135;209,11441,0.735;201,18522,0.8765
40,20273;244,69650,0.9915;64,10851,0.8065;92,17648,0.931;200,10773,0.703;219,19323,0.887
40,20328;204,70640,0.9915;67,10435,0.808;89,16549,0.916;207,11450,0.7215;163,17903,0.871
45,20315;277,70677,0.994;47,10822,0.8325;60,17144,0.939;174,10810,0.7255;194,18861,0.884
43,20322;249,71648,0.989;63,10976,0.805;88,17686,0.906;184,11211,0.699;191,18575,0.887
42,20247;160,69519,0.99;45,10949,0.819;60,17025,0.92;133,11034,0.723;137,18783,0.884
44,20301;164,69331,0.993;44,11076,0.8105;59,16999,0.91;130,10741,0.7555;137,18731,0.9005
44,20280;253,69517,0.988;45,10717,0.793;63,18171,0.909;138,10825,0.729;156,18589,0.8765
43,20324;248,71016,0.9905;63,10701,0.7945;89,17431,0.918;196,11192,0.7095;188,18082,0.8845
42,20366;199,70242,0.9945;64,10822,0.792;89,17769,0.9145;195,11159,0.705;195,18504,0.875
44,20360;162,70253,0.996;63,10563,0.8135;85,16838,0.923;142,11320,0.7275;138,18607,0.887
57,20258;164,71074,0.991;63,10585,0.8055;91,17106,0.9215;177,10521,0.734;191,18279,0.871
43,20308;232,70049,0.992;67,10986,0.7955;89,17123,0.9265;197,11326,0.7745;201,18798,0.886
46,20294;163,70869,0.9955;67,10992,0.796;88,17189,0.915;178,10365,0.714;141,18987,0.8785
40,20285;164,72127,0.9865;44,10640,0.793;61,17199,0.915;131,10718,0.6955;139,18802,0.865
40,20308;164,70982,0.989;46,10799,0.8045;61,17046,0.914;147,11371,0.716;140,18866,0.8875
40,20334;234,71465,0.9925;47,11399,0.83;57,16849,0.902;137,11316,0.7665;133,18087,0.878
40,20333;230,69888,0.9965;44,10604,0.8015;61,17419,0.9195;127,10681,0.758;131,17876,0.8825
40,20304;259,71206,0.9925;42,10390,0.7785;62,17904,0.914;133,11099,0.7395;139,18801,0.8805
40,20305;278,71270,0.9855;46,11213,0.806;62,17960,0.9225;130,10828,0.722;137,19120,0.8905
40,20365;278,71105,0.99;45,10904,0.765;59,17182,0.907;135,11007,0.7275;139,18900,0.8745
40,20285;273,70616,0.9955;55,11409,0.8045;98,18699,0.92;194,11107,0.7005;208,19062,0.873
40,20333;202,74039,0.9955;69,11676,0.833;95,17973,0.9075;193,10895,0.6585;207,19267,0.8735
40,20336;163,71164,0.9905;65,11035,0.817;90,17093,0.9065;194,11005,0.7225;198,18764,0.88
40,20290;279,71223,0.9905;69,11461,0.7955;94,17643,0.929;196,11581,0.7535;200,18424,0.8865
40,20331;277,71738,0.9875;68,11025,0.7795;94,17897,0.9065;169,11631,0.704;182,19573,0.885
40,20292;283,72674,0.9935;70,11268,0.797;91,17225,0.888;139,11001,0.6915;205,19413,0.888
40,20313;283,72835,0.989;64,11152,0.7985;93,18012,0.9095;140,11488,0.7245;138,18772,0.862
41,20303;244,71766,0.99;42,10778,0.781;91,17848,0.887;135,11385,0.704;146,20150,0.8825
40,20311;161,70421,0.9835;43,11276,0.7955;59,17623,0.8975;124,10461,0.697;135,18300,0.8575
40,20323;160,69276,0.997;44,10900,0.807;57,17227,0.9235;127,10956,0.7215;134,18853,0.879
41,20305;163,70945,0.9955;43,10998,0.7975;56,17009,0.9265;132,11138,0.741;126,17645,0.861
40,20288;192,72189,0.9965;44,11465,0.794;60,18395,0.9005;143,11482,0.7225;140,18918,0.87
40,20337;282,72291,0.995;41,10793,0.772;60,18115,0.9255;140,11654,0.6845;141,19656,0.8815
40,20300;283,72959,0.9905;43,11010,0.7895;55,16913,0.9045;135,11407,0.7055;142,19430,0.875
40,20296;282,72131,0.9945;45,11440,0.7955;58,17133,0.9065;137,11390,0.6875;147,20094,0.872
40,20298;278,71248,0.99;43,10830,0.7765;58,17533,0.9205;138,11689,0.7115;150,20631,0.876
40,20236;284,73306,0.9975;43,10865,0.801;55,16756,0.9005;130,10899,0.726;186,18011,0.8685
40,20298;283,72651,0.995;66,10913,0.7945;94,17465,0.9215;194,11588,0.711;201,19453,0.899
40,20310;279,71121,0.993;66,10875,0.831;92,17720,0.944;178,11001,0.7335;184,17888,0.87
40,20308;283,72602,0.993;63,10793,0.818;89,17408,0.9185;179,11445,0.715;194,20357,0.8935
40,20312;282,72717,0.9925;62,11320,0.7935;88,17972,0.908;139,10925,0.6815;192,19246,0.879
41,20309;285,71369,0.989;65,11096,0.7645;96,18564,0.9045;142,10714,0.691;137,19442,0.882
40,20347;251,71698,0.994;42,10872,0.771;59,17835,0.897;135,11147,0.6715;140,19240,0.8695
41,20323;198,72423,0.9945;43,10913,0.775;57,17110,0.9005;139,11420,0.7145;145,19954,0.864
40,20305;163,72384,0.9905;42,10913,0.7795;60,17930,0.907;137,11095,0.7215;141,19582,0.893
50,20308;163,71088,0.994;42,10788,0.8015;58,17459,0.92;173,10875,0.7445;190,18377,0.8825
43,20243;259,72654,0.991;64,10698,0.7875;90,16987,0.917;184,10873,0.7365;193,18429,0.8815
43,20267;163,72976,0.994;65,10830,0.8255;87,17030,0.911;183,11083,0.7235;201,18744,0.864
43,20273;271,71445,0.9895;62,10588,0.7965;87,16729,0.896;176,10507,0.6955;206,19469,0.8755
42,20270;198,71501,0.994;63,10364,0.815;90,17269,0.912;197,11227,0.7155;203,19157,0.8965
44,20273;246,71815,0.9945;58,10044,0.797;85,16682,0.9045;145,10767,0.7105;133,18368,0.8755
42,20277;247,71548,0.9905;41,10372,0.7875;60,17587,0.9195;187,10863,0.702;195,18341,0.8685
43,20213;249,71685,0.991;59,9923,0.7925;82,16815,0.918;163,10047,0.715;184,18172,0.8705
42,20029;246,71024,0.9925;57,8978,0.824;81,15659,0.9225;154,9260,0.738;189,17844,0.9
42,19894;249,72801,0.992;52,8405,0.8015;77,14592,0.9125;155,8749,0.7145;182,16660,0.8795
41,19793;270,71016,0.991;50,7949,0.821;73,13956,0.924;151,8533,0.7615;152,15951,0.875
41,19649;272,72682,0.9915;31,7303,0.8245;45,13347,0.9275;104,8152,0.732;114,14969,0.8735
54,19547;275,71495,0.99;32,6329,0.851;43,12354,0.943;90,7243,0.773;102,13431,0.876
39,19406;280,72099,0.986;26,5480,0.8615;39,10500,0.9375;84,6645,0.774;91,12159,0.862
40,18787;276,71643,0.992;24,5151,0.864;33,8962,0.9365;66,5247,0.773;85,11102,0.871
37,18163;164,70754,0.99;21,3861,0.8915;26,6797,0.9455;50,4222,0.794;89,8104,0.8755
34,15906;166,72472,0.9885;24,2953,0.891;37,6047,0.9475;47,3636,0.7815;53,7059,0.8835
33,15793;165,72651,0.9915;16,2558,0.8805;21,5287,0.9435;38,3122,0.7755;48,6353,0.8715
31,15475;167,73143,0.995;13,1940,0.904;17,3829,0.9575;27,2278,0.788;34,4514,0.887
24,12121;166,72458,0.9935;12,1616,0.913;16,3653,0.95;21,1784,0.781;31,4282,0.8845
24,11370;164,71950,0.9865;14,1359,0.9125;12,2547,0.965;20,1694,0.793;27,3306,0.8785
19,9345;189,71662,0.99;13,1033,0.914;18,2684,0.9535;27,1582,0.792;34,3106,0.887
18,9130;283,72832,0.9915;12,938,0.9185;15,1775,0.956;19,1051,0.7825;25,2249,0.8875
13,6558;283,72932,0.989;9,630,0.9175;9,1482,0.9545;6,550,0.7845;10,1434,0.886
9,4605;173,72209,0.9945;7,298,0.9195;6,577,0.955;3,261,0.7855;7,631,0.8865
12,2042;214,71844,0.994;5,199,0.9195;6,320,0.9555;2,142,0.7895;5,556,0.888
