15,19900;66,21092,0.925;36,9908,0.71;54,15687,0.888;66,9909,0.613;47,14734,0.874
14,18777;69,22242,0.929;14,4953,0.725;17,7704,0.89;26,5317,0.655;27,8052,0.862
14,18180;73,23136,0.926;20,4277,0.731;29,7937,0.861;38,5279,0.691;41,7922,0.84
14,18276;71,22771,0.941;20,4692,0.74;29,7882,0.841;40,5569,0.687;43,8162,0.834
14,18384;71,22659,0.95;21,4525,0.726;29,7941,0.87;38,5117,0.701;45,8636,0.842
15,18399;71,22941,0.924;21,4780,0.719;31,8285,0.887;42,5767,0.677;45,8767,0.865
15,18669;69,22593,0.911;25,4831,0.721;32,8715,0.851;42,5960,0.721;43,8444,0.837
15,18225;71,22383,0.917;20,4450,0.717;28,7996,0.844;41,5600,0.705;43,8240,0.847
14,17992;62,21929,0.922;20,4564,0.753;29,7737,0.886;38,5242,0.722;46,8139,0.863
15,19209;65,22518,0.914;22,4894,0.761;34,8799,0.863;47,5905,0.71;48,8873,0.872
15,18634;65,22646,0.923;24,5076,0.766;31,8041,0.856;42,5393,0.717;49,8767,0.878
14,18347;62,21996,0.923;20,4404,0.748;31,7962,0.854;46,5694,0.669;43,8039,0.842
14,18698;67,22109,0.928;23,4817,0.75;34,8450,0.884;46,5648,0.658;50,9493,0.85
14,18300;65,22867,0.959;21,4598,0.721;32,8550,0.889;36,4919,0.688;44,8348,0.859
14,18534;69,21944,0.938;24,4223,0.701;20,7829,0.876;27,5337,0.656;30,8600,0.862
14,17952;67,21345,0.907;23,4829,0.718;29,7420,0.866;43,5310,0.665;46,8123,0.884
15,17909;71,22386,0.927;21,4418,0.743;31,7763,0.871;40,4987,0.632;49,8616,0.837
15,19198;72,22964,0.952;18,5011,0.767;27,8774,0.865;46,5770,0.667;54,9914,0.827
14,18108;67,21363,0.932;23,4797,0.764;33,8686,0.857;47,5816,0.671;46,8362,0.837
15,18748;69,21898,0.947;14,4735,0.762;20,8352,0.857;32,6367,0.719;30,8795,0.856
15,18427;39,22119,0.943;13,4173,0.746;17,7482,0.841;26,5410,0.729;27,8075,0.824
15,19115;38,22044,0.927;14,4866,0.745;21,9047,0.848;29,5747,0.712;33,9478,0.87
14,18656;38,21496,0.931;14,4507,0.739;20,8818,0.884;42,5267,0.684;51,9115,0.866
13,17991;39,22404,0.926;19,3771,0.73;29,7384,0.88;38,4579,0.665;42,7886,0.853
14,19090;38,21629,0.909;15,5049,0.751;21,9025,0.888;32,5983,0.692;34,9858,0.887
14,18329;71,22915,0.95;13,4418,0.741;18,7424,0.869;30,5581,0.736;45,7959,0.855
14,18497;68,22169,0.936;23,4795,0.716;33,8611,0.859;44,5498,0.731;53,9260,0.844
14,19279;66,23328,0.928;25,5332,0.745;37,9330,0.846;49,6324,0.72;53,9388,0.854
13,17520;61,21459,0.925;22,4499,0.722;28,7316,0.862;38,4943,0.723;44,7672,0.844
26,18209;64,22583,0.927;21,4331,0.692;32,8158,0.859;38,4903,0.711;44,8298,0.873
14,18533;62,21939,0.934;22,4681,0.681;28,7736,0.845;39,5319,0.698;44,8385,0.84
13,17816;63,21878,0.932;21,4520,0.7;26,7143,0.818;38,4954,0.666;46,8224,0.84
27,19046;62,21620,0.939;24,5225,0.731;34,8714,0.857;45,5634,0.725;53,9464,0.844
22,18721;62,21731,0.928;21,4558,0.717;29,7450,0.866;43,5343,0.704;50,8936,0.836
15,19066;63,22011,0.929;14,4852,0.755;20,8145,0.848;27,5317,0.74;30,8609,0.87
14,18294;63,21865,0.939;14,4776,0.787;18,7504,0.851;30,5129,0.727;40,8143,0.871
14,18242;62,21571,0.91;22,4464,0.774;33,8359,0.855;41,5084,0.714;47,8631,0.885
14,18618;63,22611,0.945;22,4677,0.757;27,8558,0.89;29,5822,0.722;30,8640,0.881
20,18610;61,21308,0.931;21,4482,0.748;32,8099,0.887;48,5861,0.698;47,8392,0.868
13,18200;64,21013,0.933;21,4458,0.707;31,7556,0.844;46,5501,0.701;40,8585,0.869
14,18690;63,21650,0.915;15,5002,0.723;20,8546,0.869;32,5854,0.686;33,9229,0.874
14,18723;63,22086,0.946;14,4815,0.748;18,7517,0.871;29,5416,0.679;31,8895,0.871
14,18800;61,21412,0.924;24,5201,0.731;33,8732,0.863;50,5802,0.691;55,9622,0.848
14,18674;61,21097,0.908;24,5078,0.748;33,8736,0.86;52,5989,0.708;53,9225,0.871
13,17235;61,20661,0.9;22,4170,0.724;28,6982,0.839;36,4190,0.685;40,7196,0.875
14,18806;69,22136,0.952;15,4781,0.771;33,8475,0.865;48,5763,0.696;49,8791,0.885
14,18515;69,22020,0.921;22,4520,0.749;31,7718,0.881;41,5248,0.648;40,7339,0.849
14,18972;68,22122,0.942;22,4770,0.774;32,8217,0.866;44,5754,0.705;48,8855,0.86
14,18533;69,22195,0.933;24,5079,0.72;35,8898,0.9;41,5444,0.713;48,8676,0.854
14,19080;69,22339,0.912;21,4926,0.751;33,8894,0.878;45,5841,0.743;50,9263,0.867
13,17940;67,22081,0.945;21,4493,0.759;30,7753,0.862;36,5043,0.734;42,7971,0.815
15,18093;70,22803,0.928;19,4110,0.698;19,6885,0.83;37,5439,0.728;43,8205,0.868
15,18984;68,22188,0.933;23,5175,0.724;34,8756,0.856;41,5666,0.707;45,8675,0.844
15,18616;68,21942,0.907;21,4943,0.717;32,8855,0.861;38,5313,0.68;44,8734,0.856
15,18930;69,22512,0.935;21,4847,0.754;30,8043,0.842;44,5938,0.695;41,8025,0.882
14,18455;69,22175,0.923;23,5017,0.739;28,8593,0.87;43,5529,0.696;48,8645,0.885
15,18767;73,23609,0.942;23,4797,0.763;35,8657,0.853;39,5618,0.736;47,9393,0.901
15,19024;71,22619,0.957;26,4727,0.726;33,8616,0.853;41,5557,0.73;48,9006,0.872
14,18568;68,21711,0.919;21,4677,0.718;31,8173,0.86;39,5354,0.722;44,8401,0.868
15,18648;71,22624,0.904;21,4691,0.712;31,8388,0.83;38,5001,0.621;45,8623,0.819
15,18756;70,22223,0.915;13,4607,0.726;23,7716,0.851;44,5485,0.636;48,8690,0.839
14,18248;68,22168,0.927;23,4939,0.731;33,8234,0.843;43,5518,0.634;45,8255,0.836
14,18606;66,21428,0.948;22,4533,0.77;19,8086,0.873;23,4709,0.648;30,8907,0.851
15,18453;68,21279,0.925;24,4908,0.744;32,8008,0.836;48,5840,0.716;49,8555,0.857
15,18914;69,21659,0.941;24,5006,0.753;32,7991,0.849;39,5636,0.689;50,9000,0.869
15,18231;69,21984,0.916;23,4628,0.695;34,8600,0.858;49,6085,0.733;45,8070,0.875
15,18145;68,21948,0.926;20,4393,0.701;33,8205,0.863;39,4888,0.727;45,8173,0.859
15,18784;68,21787,0.917;21,4612,0.731;31,8237,0.862;46,5558,0.718;50,9030,0.876
15,17917;67,21442,0.92;23,4637,0.716;32,8342,0.887;40,4691,0.687;52,8573,0.871
15,17915;67,21817,0.945;27,4324,0.732;37,7204,0.841;54,5249,0.695;58,8159,0.877
14,17971;69,21956,0.929;17,4689,0.791;21,8534,0.877;30,5417,0.718;31,8618,0.875
15,18115;69,22173,0.944;13,4412,0.759;27,7982,0.869;52,4847,0.692;57,8531,0.866
15,18884;66,21096,0.922;21,4867,0.778;29,8041,0.873;51,5918,0.654;49,9086,0.86
15,18653;68,22018,0.903;19,4226,0.769;29,7853,0.864;44,5215,0.657;30,8426,0.847
15,19067;71,22565,0.934;15,5104,0.73;21,9131,0.87;34,6091,0.708;36,10120,0.892
15,18706;70,22058,0.942;13,4421,0.74;18,7785,0.847;28,5362,0.712;29,8542,0.868
15,18374;68,21929,0.94;15,4940,0.759;19,7902,0.863;41,4991,0.716;48,8683,0.889
15,18515;70,22330,0.88;22,4551,0.713;33,8554,0.862;50,6024,0.679;51,8962,0.871
14,17835;69,22223,0.926;20,4279,0.733;30,7514,0.833;42,5177,0.701;42,7535,0.851
15,19010;67,21642,0.901;24,4911,0.733;35,8923,0.856;47,5737,0.7;55,9373,0.861
15,18711;69,21905,0.927;24,4907,0.759;22,7662,0.831;47,5903,0.686;35,8765,0.849
15,19180;69,21947,0.918;24,5110,0.757;33,9063,0.845;49,5973,0.643;52,9708,0.842
19,18564;69,22206,0.908;19,4360,0.732;30,8205,0.853;41,5456,0.655;41,7930,0.839
13,17684;68,21587,0.893;20,4338,0.72;28,7402,0.837;37,4929,0.675;38,7378,0.843
15,18600;76,21811,0.907;19,4216,0.675;29,7722,0.849;43,5401,0.675;43,7922,0.832
16,19432;71,23056,0.907;21,5109,0.75;27,8283,0.835;48,5953,0.688;50,9034,0.837
15,18863;70,22634,0.911;23,4918,0.742;33,8634,0.847;43,5425,0.662;47,8585,0.851
15,18451;67,21781,0.913;22,4745,0.723;20,8180,0.89;43,6035,0.724;42,8331,0.859
15,18507;72,23446,0.93;20,4455,0.696;29,7921,0.859;40,5518,0.72;46,8754,0.841
15,18966;69,22572,0.915;22,4883,0.721;32,8421,0.859;43,5607,0.71;47,8642,0.866
14,17786;72,23080,0.937;21,4301,0.719;30,7739,0.88;31,4403,0.703;42,7778,0.87
15,18688;69,22429,0.915;22,4616,0.734;36,9170,0.866;45,5614,0.697;50,9083,0.855
15,18589;67,21964,0.92;24,5059,0.732;34,8620,0.881;43,5563,0.677;52,9391,0.828
14,17602;69,22193,0.917;21,4243,0.717;31,7654,0.849;38,5085,0.698;44,8007,0.884
15,18590;66,21318,0.926;21,4365,0.773;32,8049,0.884;48,5995,0.696;47,8561,0.847
14,18295;70,22323,0.927;21,4358,0.74;30,7662,0.842;40,5382,0.722;44,8225,0.821
15,18154;66,21119,0.893;21,4480,0.749;31,7676,0.842;36,4975,0.73;47,8520,0.84
15,17788;69,22069,0.919;23,4554,0.724;22,7809,0.829;39,5004,0.692;44,7963,0.837
14,17741;70,22701,0.925;22,4595,0.702;28,7659,0.839;38,5060,0.669;41,7929,0.838
15,18384;72,23176,0.923;20,4373,0.704;31,8342,0.845;40,5234,0.684;48,8388,0.84
15,18311;62,21672,0.886;22,4675,0.692;32,8261,0.849;38,4890,0.716;46,8163,0.857
14,18075;63,21935,0.915;21,4502,0.71;29,7539,0.848;42,5152,0.736;46,8078,0.863
16,18959;64,22011,0.931;25,5156,0.75;32,8278,0.861;49,6037,0.739;47,8558,0.847
15,18692;64,21954,0.943;25,4661,0.748;32,8324,0.854;45,5516,0.706;51,7961,0.83
15,17915;62,21468,0.913;22,4596,0.758;27,7483,0.859;27,5065,0.687;31,8351,0.868
15,18437;60,20880,0.914;14,4722,0.738;19,8182,0.858;30,5714,0.708;31,8659,0.855
16,18772;65,22595,0.942;15,4330,0.763;33,8888,0.866;51,5674,0.718;57,9061,0.851
16,18920;63,21624,0.942;25,4644,0.734;32,8192,0.873;47,5961,0.681;48,8871,0.835
27,18765;38,21767,0.933;22,4666,0.753;29,8075,0.858;40,5549,0.725;48,9032,0.881
14,18895;39,21841,0.929;17,4527,0.712;26,8545,0.84;35,5082,0.689;47,9201,0.853
14,18655;39,22166,0.932;22,4894,0.761;30,8122,0.857;41,5836,0.732;44,8655,0.858
13,17847;39,22158,0.923;21,4306,0.694;31,7836,0.843;36,4818,0.689;42,7792,0.851
14,18714;39,21676,0.903;21,4584,0.692;31,8050,0.836;47,5755,0.69;48,8808,0.853
23,18653;37,20998,0.909;21,4750,0.705;31,8440,0.849;43,5544,0.664;46,9327,0.844
15,18279;71,22463,0.904;14,4578,0.714;18,7653,0.85;31,6010,0.704;30,8509,0.839
15,18494;64,21680,0.908;13,4146,0.743;18,7692,0.846;23,4635,0.69;27,7907,0.84
16,19031;63,21896,0.917;16,5491,0.739;20,8844,0.872;29,5867,0.694;31,9143,0.817
14,17970;62,21758,0.923;13,4099,0.748;18,7441,0.874;25,5186,0.669;28,8028,0.85
15,19151;64,22489,0.933;15,5178,0.776;20,8548,0.868;33,6132,0.689;50,9551,0.861
14,18229;68,22106,0.913;21,4371,0.73;17,7487,0.853;25,4998,0.735;45,8490,0.867
15,18296;67,21688,0.936;22,4773,0.713;31,7901,0.839;35,5819,0.674;47,8342,0.858
25,17839;70,22367,0.915;21,4431,0.713;31,7788,0.881;40,5036,0.69;42,7665,0.856
15,18638;67,21855,0.936;21,4704,0.75;29,7872,0.848;43,5447,0.68;48,8793,0.86
14,18313;70,21923,0.936;22,4605,0.736;31,8166,0.847;50,5436,0.719;47,8629,0.867
15,18726;61,21299,0.904;23,5002,0.764;32,8221,0.853;47,5885,0.694;50,9083,0.85
14,18473;63,21871,0.939;22,4883,0.731;31,7844,0.858;42,5290,0.697;46,8270,0.87
14,18619;63,22181,0.932;23,4829,0.77;30,8106,0.872;39,5185,0.691;44,8344,0.86
14,18285;63,21992,0.947;14,4687,0.754;30,7781,0.836;44,5563,0.69;41,8111,0.866
14,18375;66,22959,0.944;20,4138,0.744;35,8536,0.876;44,5413,0.691;46,8482,0.864
14,18224;61,21480,0.931;20,4332,0.719;28,7205,0.882;42,5293,0.687;47,8357,0.872
17,18059;61,21500,0.942;20,4539,0.741;32,7749,0.875;41,5196,0.743;47,8528,0.899
15,18540;45,21752,0.925;21,4520,0.721;33,8263,0.872;37,5164,0.668;48,8807,0.865
14,18070;46,21492,0.914;20,4313,0.694;31,7597,0.875;41,4962,0.7;49,8465,0.829
15,18728;68,21543,0.921;22,4360,0.742;31,7870,0.887;39,4917,0.7;46,8377,0.871
28,18933;69,21872,0.932;24,4980,0.751;33,8651,0.854;52,6104,0.709;48,8673,0.855
15,18729;70,22592,0.929;20,4466,0.741;34,8544,0.831;41,5492,0.678;47,8735,0.836
14,18021;68,21968,0.935;21,4456,0.732;30,7525,0.82;43,5368,0.65;45,8212,0.845
15,19020;72,22943,0.946;22,4932,0.732;23,9164,0.83;51,6470,0.697;44,8399,0.837
15,19180;70,22623,0.911;24,5384,0.772;32,8676,0.834;45,6228,0.685;53,10083,0.871
14,18442;68,21763,0.93;22,4503,0.737;31,7859,0.825;40,5013,0.654;45,7970,0.842
14,17837;69,21772,0.93;22,4489,0.759;29,7388,0.824;41,4950,0.71;44,7839,0.86
14,18435;64,22614,0.936;22,4634,0.71;33,8413,0.844;45,5741,0.707;45,8234,0.869
14,17837;64,22433,0.933;21,4408,0.707;30,7509,0.842;40,5026,0.729;44,7961,0.883
14,18698;63,22202,0.951;26,4881,0.72;34,9168,0.855;54,6175,0.732;53,9265,0.889
14,18322;63,22092,0.95;28,4540,0.73;31,8521,0.868;41,5237,0.714;47,8763,0.895
13,17728;63,21844,0.936;22,4693,0.714;28,7396,0.873;43,5422,0.72;43,8106,0.867
15,18635;62,21604,0.907;23,5070,0.74;30,8399,0.846;43,5384,0.744;47,8806,0.871
14,18527;61,21343,0.909;21,4683,0.714;29,7768,0.842;45,5612,0.766;50,9210,0.845
14,18381;63,22085,0.916;20,4477,0.707;30,7834,0.836;42,5303,0.747;46,8436,0.863
14,18754;69,21893,0.928;26,4716,0.709;32,8188,0.814;46,5833,0.693;35,9467,0.86
14,17737;69,22276,0.953;14,4513,0.68;20,8496,0.866;30,5414,0.719;30,8380,0.877
14,17812;69,21649,0.894;11,3930,0.705;17,7413,0.844;24,4362,0.699;27,7630,0.866
15,18835;67,21764,0.922;23,4950,0.729;31,8080,0.841;48,5676,0.698;49,8767,0.877
19,18893;65,22679,0.956;24,5143,0.698;23,9044,0.83;30,5435,0.706;32,9197,0.88
15,18300;63,21919,0.932;22,4901,0.748;33,8282,0.838;51,5677,0.7;55,8676,0.843
15,18701;62,21486,0.922;25,4867,0.725;37,8670,0.893;49,5433,0.697;53,8705,0.881
16,18883;63,21833,0.918;21,4947,0.76;34,9218,0.889;48,6103,0.697;52,9541,0.842
15,18447;63,22096,0.946;22,4827,0.779;29,8379,0.884;29,5588,0.689;27,7986,0.841
15,18798;63,22025,0.904;13,4713,0.769;19,8227,0.896;29,5814,0.702;31,8976,0.834
14,17970;63,22079,0.919;14,4820,0.754;18,7244,0.841;26,5284,0.735;28,8074,0.804
15,18537;65,22355,0.932;14,4694,0.744;19,8143,0.851;31,6008,0.722;34,9383,0.877
14,18445;63,21872,0.924;13,4595,0.734;19,7446,0.858;36,4742,0.7;48,8569,0.886
15,18487;65,22176,0.932;21,4631,0.741;30,8228,0.86;45,5635,0.724;48,8534,0.838
15,18622;65,22277,0.919;17,5123,0.756;32,8267,0.837;53,5677,0.702;58,9176,0.82
15,18754;62,21793,0.907;22,4791,0.75;32,8440,0.852;45,5604,0.716;50,8863,0.881
15,19375;63,21993,0.912;26,5291,0.785;36,9301,0.892;51,6049,0.717;55,9765,0.891
15,18885;66,23122,0.942;25,5291,0.78;34,8638,0.868;46,5862,0.728;50,9112,0.864
16,18709;66,23151,0.939;23,5024,0.793;34,8677,0.845;43,5701,0.689;31,9072,0.823
16,18940;63,22421,0.927;15,5197,0.751;22,9241,0.841;34,6493,0.688;33,9415,0.833
16,19255;65,23089,0.942;15,4976,0.761;20,8597,0.873;29,5970,0.704;32,9467,0.86
16,18770;65,22911,0.942;15,5171,0.739;20,8609,0.853;29,5730,0.701;32,9050,0.856
16,18900;63,22094,0.918;15,4831,0.732;20,8560,0.85;29,5857,0.73;30,8805,0.846
15,18519;64,22025,0.928;14,4616,0.74;19,8215,0.901;28,5282,0.723;29,8337,0.867
14,17649;63,21939,0.934;13,4088,0.75;17,7029,0.883;23,4535,0.712;39,7675,0.857
15,18452;69,22033,0.93;23,4868,0.768;33,8191,0.851;41,5194,0.669;33,8506,0.847
15,18549;70,22532,0.917;13,4416,0.725;19,8292,0.875;28,5243,0.713;29,8465,0.889
15,18526;69,22479,0.922;15,4926,0.709;19,8038,0.879;43,5532,0.715;47,8439,0.862
15,18619;68,21723,0.932;22,4697,0.706;33,8508,0.856;42,5486,0.733;46,8466,0.853
15,17852;68,21999,0.954;21,4304,0.725;31,7929,0.858;36,4610,0.693;46,8233,0.872
15,18418;69,22296,0.922;20,4200,0.737;30,7603,0.882;57,5277,0.671;49,8694,0.828
15,18470;66,21350,0.924;23,4675,0.727;32,7860,0.851;45,5406,0.677;50,8718,0.859
16,19025;73,23267,0.93;22,4781,0.715;34,8665,0.857;48,5851,0.697;50,9188,0.877
15,18425;70,22258,0.932;24,4884,0.738;32,8186,0.848;45,5519,0.716;50,8861,0.876
15,18722;72,23486,0.936;23,4889,0.689;26,8829,0.853;47,5757,0.712;52,9328,0.852
15,18755;70,22405,0.913;22,4595,0.702;33,8247,0.861;48,5779,0.723;51,9143,0.867
15,18726;68,21851,0.929;23,4775,0.721;33,8482,0.844;42,5006,0.698;49,8813,0.866
14,18081;68,22073,0.929;22,4905,0.692;30,7713,0.819;47,5267,0.632;49,8666,0.819
14,18737;69,22007,0.92;22,4712,0.713;30,8074,0.828;39,5462,0.636;53,8085,0.859
15,18254;37,20999,0.921;20,4465,0.696;31,8617,0.903;49,5946,0.709;47,8760,0.876
16,19121;39,22190,0.936;25,5338,0.716;34,9137,0.869;50,6275,0.743;54,9692,0.885
15,18710;38,21450,0.919;20,4229,0.752;30,8026,0.837;42,5168,0.7;44,8241,0.849
15,18554;56,21376,0.922;22,4486,0.746;31,8020,0.848;45,5723,0.657;46,8392,0.832
15,18672;67,21794,0.917;21,4622,0.771;32,8337,0.837;45,5815,0.703;44,9115,0.863
16,19132;68,22082,0.935;21,4710,0.781;32,8311,0.853;45,5671,0.676;48,8440,0.839
15,18552;66,21297,0.919;21,4609,0.771;33,8613,0.882;42,5213,0.667;48,8504,0.847
15,18829;67,21634,0.92;24,5160,0.801;33,8387,0.874;43,5251,0.727;52,9048,0.849
15,18643;61,21795,0.896;21,4574,0.76;33,8440,0.873;41,5452,0.735;44,8393,0.876
14,18980;64,22716,0.895;20,4327,0.728;33,8603,0.859;42,5693,0.724;47,9124,0.854
14,18118;65,22558,0.955;23,4791,0.773;29,7789,0.866;41,5565,0.74;43,8204,0.862
15,18974;65,23143,0.956;24,5214,0.759;31,8361,0.887;42,5465,0.723;50,9082,0.861
14,18655;61,20963,0.906;24,4633,0.753;34,8252,0.874;38,5152,0.738;41,8488,0.865
13,17517;62,21507,0.912;23,4536,0.739;30,7568,0.883;38,4734,0.707;46,7999,0.907
15,18924;63,21665,0.926;23,4574,0.745;35,8379,0.881;54,6106,0.689;52,9135,0.874
14,17987;60,21118,0.903;20,4285,0.71;30,7385,0.839;42,4873,0.696;44,7946,0.886
14,18484;65,22721,0.918;22,4502,0.757;19,8075,0.868;51,5760,0.721;51,8814,0.855
14,18524;63,21999,0.897;22,4849,0.757;31,8248,0.853;43,5517,0.734;47,8000,0.809
14,18740;63,22011,0.914;23,4639,0.726;31,7809,0.845;52,5810,0.688;50,8867,0.815
14,19014;65,22632,0.946;23,4720,0.743;31,8070,0.863;45,5383,0.676;54,9409,0.845
14,17906;65,22858,0.915;22,4458,0.745;31,7695,0.847;40,5189,0.667;41,7717,0.829
15,19018;70,22779,0.915;22,5072,0.762;31,8555,0.854;42,5534,0.679;44,8437,0.808
14,18264;69,22184,0.916;20,4341,0.731;28,7562,0.849;37,4934,0.689;42,7778,0.825
14,17960;68,21718,0.934;19,4111,0.704;27,7087,0.871;38,4845,0.687;40,7623,0.872
14,18246;68,21931,0.936;20,4364,0.728;28,7435,0.873;46,5523,0.733;43,8053,0.88
14,18533;72,23223,0.933;20,4432,0.755;30,7868,0.877;28,5099,0.713;30,8456,0.896
14,18232;70,22412,0.956;13,4415,0.759;18,7401,0.882;37,5166,0.726;44,8049,0.917
14,18443;68,21897,0.906;22,4411,0.738;30,8072,0.851;41,5211,0.732;46,8411,0.874
21,18377;70,22240,0.919;20,4301,0.752;27,7290,0.884;38,4947,0.702;46,8440,0.849
14,18872;67,21538,0.912;19,4461,0.763;29,7620,0.858;46,5602,0.74;49,8480,0.867
14,18105;70,22619,0.935;24,4840,0.774;32,8175,0.852;40,5135,0.751;45,8072,0.852
14,18470;67,21988,0.933;23,4853,0.729;33,8607,0.844;45,5663,0.72;48,8612,0.843
15,18850;68,21694,0.905;24,4896,0.721;33,8343,0.877;46,5471,0.722;53,9210,0.855
14,18769;70,22222,0.908;23,4751,0.743;31,7885,0.841;42,5226,0.742;48,8733,0.876
14,17763;67,21660,0.922;18,4011,0.76;27,7046,0.854;37,4763,0.746;43,7467,0.881
15,19199;70,22729,0.914;22,4550,0.729;33,8788,0.855;45,5407,0.676;44,9100,0.84
22,18434;70,22236,0.912;15,4478,0.722;21,8230,0.866;37,5079,0.685;35,8141,0.861
15,18735;68,21837,0.909;21,4615,0.71;31,8442,0.848;44,5745,0.67;47,8801,0.852
19,18830;70,22563,0.935;20,4282,0.698;30,8077,0.856;45,5789,0.675;47,8953,0.878
15,19217;70,22298,0.92;21,4680,0.71;31,8425,0.878;30,5602,0.702;46,9095,0.853
15,18762;70,22383,0.927;20,4022,0.724;31,7759,0.881;41,5281,0.743;43,8124,0.87
15,18910;68,22395,0.924;20,4420,0.737;31,8482,0.874;42,5358,0.688;46,8607,0.852
15,18193;71,22898,0.935;19,4122,0.721;27,7082,0.844;27,5075,0.681;43,8224,0.845
14,18343;65,22430,0.916;19,4116,0.766;28,7196,0.841;32,5067,0.699;39,7655,0.859
15,18104;64,22596,0.929;19,4061,0.767;26,7104,0.841;33,4682,0.698;31,7593,0.849
15,18977;63,22375,0.901;19,4122,0.758;30,7748,0.835;39,5200,0.709;45,8367,0.871
15,18193;65,22544,0.937;20,4356,0.735;28,7647,0.859;37,5001,0.673;42,8162,0.841
14,18346;64,22254,0.895;19,3905,0.811;28,6592,0.866;33,4256,0.685;39,7206,0.868
13,17695;65,23065,0.947;19,3793,0.788;25,6465,0.838;33,4282,0.702;39,7089,0.861
15,18208;65,22870,0.929;20,4075,0.783;28,7240,0.872;34,4591,0.742;40,7514,0.869
16,18577;64,22287,0.92;20,3986,0.794;27,7175,0.857;34,4723,0.732;38,7308,0.856
16,18988;64,22307,0.926;21,4480,0.761;30,8030,0.887;38,4916,0.715;51,9031,0.855
15,18192;65,22809,0.919;17,3457,0.781;28,6712,0.888;31,4052,0.723;39,6981,0.864
16,18418;65,23188,0.934;19,3929,0.726;30,7381,0.864;33,4377,0.672;41,7281,0.839
16,18702;66,23260,0.936;20,4116,0.762;29,7581,0.863;38,5052,0.716;41,7592,0.856
16,18618;63,22136,0.919;22,4152,0.756;31,7301,0.852;37,4903,0.715;42,7785,0.839
15,17615;66,23169,0.941;17,3415,0.747;24,6538,0.885;35,4746,0.756;39,7397,0.871
15,18061;69,22124,0.914;17,3518,0.773;25,7000,0.864;48,4402,0.694;40,7270,0.853
16,18413;69,22440,0.93;19,3648,0.795;28,6751,0.877;32,3999,0.718;44,8120,0.84
15,18740;67,21834,0.919;17,3532,0.776;24,6329,0.859;34,4166,0.719;43,7803,0.846
15,17600;70,22683,0.899;15,2996,0.773;14,5267,0.881;16,3242,0.74;21,6061,0.86
13,15682;66,21479,0.913;8,2268,0.79;11,4599,0.897;15,3000,0.761;19,5514,0.874
12,14998;70,22511,0.911;8,1362,0.806;14,3092,0.908;12,1658,0.732;15,3673,0.863
6,8322;66,21437,0.912;9,1153,0.822;10,2113,0.909;10,1358,0.745;12,2285,0.869
7,9158;81,21495,0.913;7,1098,0.843;10,1971,0.911;9,1230,0.747;12,2196,0.87
5,6897;69,22373,0.927;6,617,0.855;7,1139,0.905;6,799,0.749;7,1399,0.867
3,3900;72,23053,0.939;6,465,0.863;7,980,0.892;5,704,0.74;5,1025,0.852
3,4609;70,22837,0.928;5,503,0.854;5,621,0.906;3,515,0.738;3,694,0.863
