306,19900;438,24136,0.701;166,8509,0.418;270,17147,0.608;178,9693,0.353;271,17248,0.63
273,18130;383,24519,0.658;82,4326,0.436;144,7931,0.62;99,4529,0.378;174,8784,0.647
275,18375;331,23596,0.689;92,4941,0.455;157,8798,0.618;124,5656,0.431;192,9391,0.626
280,18540;339,24235,0.723;92,4593,0.466;162,8484,0.639;123,5477,0.44;193,9514,0.662
290,18868;471,24454,0.688;64,4413,0.469;118,8411,0.64;82,4871,0.416;146,9668,0.633
291,18208;491,25250,0.698;69,4546,0.452;156,8226,0.65;80,4823,0.461;139,9207,0.654
283,18146;441,24136,0.748;68,4687,0.499;125,8914,0.695;97,5842,0.446;134,8886,0.694
299,18833;444,24413,0.722;71,4840,0.545;129,8395,0.658;116,5128,0.445;150,9067,0.688
285,18296;443,24519,0.728;66,4549,0.513;164,8682,0.655;131,5699,0.466;184,8918,0.687
285,18264;453,24980,0.73;88,4480,0.494;167,9202,0.656;95,5646,0.489;150,8422,0.656
295,18808;446,24891,0.721;89,4546,0.474;169,8821,0.644;127,5493,0.484;190,9413,0.641
291,18439;429,23651,0.691;72,4658,0.513;123,7882,0.595;119,5231,0.451;200,9995,0.655
301,19131;441,24195,0.689;89,5314,0.505;135,9665,0.582;98,5733,0.44;155,10071,0.635
278,17904;447,24440,0.712;71,4816,0.531;158,8435,0.6;113,4976,0.446;171,8425,0.608
284,18277;424,23216,0.692;89,4658,0.55;156,8246,0.606;107,4945,0.443;141,9151,0.606
288,18342;427,23298,0.742;72,4935,0.527;130,9032,0.629;119,5270,0.427;153,10071,0.635
284,18251;445,24340,0.754;72,5040,0.539;121,8650,0.651;105,5701,0.438;156,9967,0.662
287,18284;426,23315,0.711;63,4233,0.525;121,8563,0.626;84,4945,0.41;129,8361,0.62
280,17841;437,23941,0.711;69,4677,0.475;119,8443,0.614;80,4766,0.391;129,8519,0.648
298,18921;436,23878,0.682;67,4597,0.486;164,9145,0.629;124,5396,0.393;170,9690,0.646
284,17936;430,23621,0.696;63,4298,0.502;119,7418,0.595;111,4913,0.389;163,8016,0.625
286,18044;442,24378,0.683;91,4672,0.487;162,8636,0.565;130,5632,0.394;185,9297,0.608
303,18976;427,23620,0.714;76,4918,0.48;175,9422,0.586;120,5599,0.463;192,9578,0.634
305,19274;333,23684,0.667;96,4920,0.491;198,10454,0.631;125,5531,0.471;193,9336,0.636
277,17656;457,23712,0.706;86,4473,0.508;156,8279,0.594;109,5078,0.466;145,9315,0.648
308,18607;462,23939,0.702;70,4702,0.513;129,8989,0.613;119,5082,0.432;235,10418,0.65
309,18421;448,23256,0.716;103,4720,0.499;172,8114,0.655;137,5327,0.418;205,8953,0.661
302,17993;469,24160,0.714;85,4234,0.511;118,7785,0.671;79,4398,0.413;139,8492,0.668
312,18650;469,24211,0.75;86,4493,0.513;150,8389,0.652;102,5650,0.444;193,9197,0.691
318,18492;476,24417,0.732;81,4689,0.522;128,8532,0.656;114,5152,0.437;206,9057,0.693
306,18300;446,23789,0.714;76,4625,0.535;163,7970,0.633;112,5178,0.454;190,9158,0.664
312,18659;441,24398,0.716;69,4396,0.463;181,8969,0.614;112,5518,0.443;165,8939,0.635
320,18534;439,24282,0.7;102,4686,0.505;178,8634,0.627;139,5431,0.426;226,9944,0.67
308,18411;429,23781,0.701;85,3936,0.499;144,7708,0.637;84,4524,0.447;134,8207,0.641
314,19004;462,24412,0.7;95,4392,0.5;175,8347,0.621;104,5278,0.444;151,9232,0.618
318,18673;447,24419,0.711;74,4502,0.499;175,8221,0.665;109,4271,0.442;167,8488,0.653
307,18456;435,24001,0.66;68,4308,0.505;119,7852,0.642;88,4806,0.455;144,8808,0.634
310,18671;444,24508,0.693;73,4645,0.5;124,8221,0.587;95,5098,0.422;180,8500,0.6
313,18566;439,24307,0.663;55,3461,0.507;100,6481,0.606;79,4345,0.439;119,7205,0.62
307,18386;448,24780,0.697;72,4339,0.457;128,8078,0.595;115,4505,0.426;156,7794,0.609
301,18035;438,24055,0.731;60,3738,0.474;146,7444,0.562;77,4306,0.414;129,7929,0.632
318,18407;456,24728,0.69;55,3466,0.474;108,7005,0.58;81,4421,0.445;125,7625,0.599
293,18255;426,23159,0.659;65,4104,0.526;121,7963,0.607;82,4475,0.448;150,7964,0.64
299,19058;452,24072,0.696;69,4275,0.528;153,7659,0.634;118,4774,0.433;187,8645,0.624
292,18463;438,23842,0.64;85,3977,0.481;147,6874,0.628;115,4646,0.422;141,7606,0.628
299,18831;455,24424,0.679;60,3697,0.512;109,7172,0.639;73,3990,0.46;128,7689,0.652
283,18094;456,24317,0.724;57,3549,0.548;106,6192,0.656;98,3923,0.444;139,7010,0.662
300,18878;433,24020,0.675;58,3347,0.531;99,6529,0.65;64,3564,0.449;159,7088,0.656
288,18333;437,23998,0.687;69,3213,0.515;138,6606,0.632;92,3636,0.471;148,7982,0.679
303,19289;438,24329,0.695;50,3157,0.546;103,6092,0.654;93,3651,0.497;127,7081,0.692
215,13555;402,24710,0.718;25,1459,0.561;40,2556,0.667;29,1628,0.502;57,3469,0.688
128,7968;472,24593,0.71;15,848,0.554;24,1546,0.687;15,859,0.506;25,1510,0.689
88,5410;501,25408,0.701;8,331,0.561;9,491,0.69;5,295,0.5;7,442,0.69
12,782;454,23754,0.652;3,76,0.555;3,100,0.689;1,82,0.503;2,134,0.689
