1413,719400;1795,450338,0.999417;704,87568,0.954333;619,110491,0.988917;1126,83006,0.9565;1045,110466,0.994333
1480,712374;1810,449710,0.99975;351,30101,0.94175;344,46424,0.983333;523,39028,0.940333;539,59773,0.96825
1486,712016;1819,452459,0.99975;371,30653,0.932;433,48293,0.981917;804,40405,0.929;820,63598,0.954083
1469,708642;1818,452143,0.999667;533,30594,0.926917;396,48622,0.984833;587,39480,0.929667;857,61934,0.94875
1458,712059;1822,450814,0.999917;505,30619,0.93925;512,45994,0.98525;830,39456,0.924917;855,63382,0.94325
1454,706196;1837,449384,0.999833;550,30360,0.9385;583,47769,0.984833;806,39473,0.920417;824,60492,0.937917
1468,710875;1821,451135,0.999833;627,31008,0.939167;593,47096,0.981333;862,40763,0.918833;888,61634,0.932917
1552,713038;1815,450055,1;603,31490,0.935583;447,48818,0.985917;737,41154,0.91425;836,65125,0.928667
1471,712177;1836,453633,0.999833;420,31267,0.925083;457,50044,0.984083;641,40777,0.915;647,64619,0.92875
1460,710215;1849,449419,0.999917;451,31645,0.934833;447,49324,0.983417;635,40812,0.918333;623,64503,0.932917
1472,709042;1823,451131,0.99975;417,31467,0.932167;624,48960,0.981917;899,40510,0.917167;934,63459,0.934
1573,709944;1842,455595,1;620,31120,0.932;457,49407,0.981417;642,39339,0.910667;689,63880,0.932
1472,711280;1819,451555,0.999833;496,32097,0.93475;457,49034,0.9845;640,41128,0.913917;662,65779,0.929917
1506,713862;1905,452682,0.999917;492,32028,0.93425;488,50243,0.984;668,41924,0.921417;868,66539,0.93425
1467,712827;2008,448881,0.999917;565,31451,0.932833;594,49117,0.985583;955,41416,0.917833;1025,65918,0.93325
1527,711366;2037,452833,0.999917;551,31304,0.928333;463,48587,0.982333;743,41158,0.918917;678,64567,0.9325
1529,712361;2010,451108,0.999583;439,31830,0.939833;466,49126,0.981083;639,41325,0.924083;638,64311,0.936333
1514,712825;1997,449642,0.999917;453,31480,0.937167;467,49511,0.98475;675,41555,0.919833;667,65655,0.932333
1462,709960;2022,451088,0.999917;448,31127,0.932583;587,47483,0.981333;846,39940,0.9175;926,63410,0.925583
1505,710379;1998,450552,0.999833;601,31217,0.93025;605,49910,0.981167;774,40759,0.922083;665,65453,0.938083
1620,712661;2034,450906,0.999083;510,32288,0.936083;496,50597,0.982417;845,41208,0.92125;857,65154,0.940083
1548,711994;2016,452704,0.999583;575,31656,0.936083;678,49253,0.986417;663,41916,0.9235;762,65502,0.937417
1480,710245;2028,451141,0.99975;624,31994,0.941;600,49153,0.98225;823,41370,0.917667;878,64865,0.937417
1576,711255;2003,450126,1;630,30445,0.934417;618,47226,0.982;833,40392,0.91175;778,65225,0.936417
1480,711183;2035,450616,0.999917;452,31689,0.936917;473,48033,0.981167;642,40737,0.9155;626,63660,0.937167
1464,709452;2008,449225,0.999917;446,30860,0.943333;469,47212,0.9845;589,39340,0.921833;618,62593,0.933667
1500,711983;2033,446158,0.999917;440,31483,0.941167;428,47546,0.983333;589,39870,0.91675;625,64674,0.93725
1644,710286;2027,451163,0.99975;430,30759,0.934083;429,47458,0.983583;578,40576,0.92075;633,64439,0.9375
1468,713389;2017,448787,0.999667;435,31911,0.942917;462,49379,0.98275;618,40987,0.922667;814,65527,0.939667
1498,710193;2025,450442,0.999917;584,30391,0.934583;468,46942,0.984417;752,41047,0.925667;878,63699,0.939833
1573,710608;2003,448373,0.999833;588,31060,0.936333;606,47712,0.9835;730,40484,0.925667;627,63304,0.940417
1553,711252;2036,451424,0.99975;529,30700,0.93425;446,47712,0.9835;577,39880,0.9195;599,63900,0.934083
1456,705374;1995,446669,0.999833;498,29647,0.93475;510,45543,0.982083;651,38819,0.922917;671,62886,0.936417
1524,711373;2027,451787,1;473,31073,0.93575;427,47491,0.979;835,40713,0.925333;891,63459,0.93525
1580,709628;2011,450874,0.999917;602,30613,0.935917;635,48480,0.978583;767,39909,0.92975;635,64080,0.9395
1518,712999;2016,448875,0.9995;468,30661,0.933167;448,48119,0.981333;603,40565,0.923667;609,63973,0.938333
1495,710420;2008,447455,0.99975;419,30111,0.9375;527,46226,0.980417;822,39435,0.92525;652,63764,0.93725
1552,706223;2016,449527,0.999667;423,30472,0.93325;438,47535,0.9855;552,39021,0.92175;595,59917,0.9345
1511,710855;2010,453687,0.999583;691,30566,0.936917;627,47138,0.986417;804,39820,0.919167;791,61885,0.93275
1521,711613;2008,452980,0.999917;633,30730,0.937917;607,47163,0.985917;817,40109,0.919583;827,63467,0.935417
1606,712106;2004,450374,1;613,31438,0.937417;667,48147,0.984;847,40519,0.925417;808,62850,0.93725
1545,711100;2028,454493,0.999917;565,29789,0.929333;649,46756,0.982333;814,38795,0.921333;821,60702,0.934583
1489,710069;2008,450909,0.999667;580,30568,0.936917;570,47025,0.98525;818,39619,0.921583;828,62020,0.938667
1587,712520;1992,446876,0.999667;563,30505,0.938917;446,48212,0.987833;562,39458,0.921083;897,64767,0.942583
1527,713400;1989,448396,0.999917;615,31255,0.94325;586,47513,0.983917;816,40258,0.924333;886,63526,0.937667
1630,713303;2005,449678,0.99975;543,30714,0.937333;440,48457,0.986583;606,40812,0.9225;633,64773,0.937583
1530,714010;2017,450871,0.999833;399,31028,0.941083;437,48388,0.9845;656,40292,0.927167;840,64508,0.940917
1523,713950;1990,452417,0.99975;605,30899,0.937;464,48591,0.987;653,41417,0.924;631,64713,0.938167
1585,709909;2022,453924,0.999833;422,29772,0.9375;611,46308,0.987583;856,39370,0.920667;791,61894,0.934417
1602,710617;2008,451684,0.99975;565,30652,0.9355;685,47471,0.986417;775,39648,0.916417;771,62759,0.931833
1638,710959;1988,450820,0.999917;409,30705,0.938;494,47891,0.9845;731,40037,0.92025;881,64001,0.932667
1580,710917;1823,444808,0.999917;567,30076,0.933333;612,46332,0.98625;671,39536,0.924;809,62632,0.936167
1565,712489;1819,448169,1;597,30880,0.93775;638,46747,0.98525;743,40914,0.925667;699,63765,0.93475
1556,708688;1836,447525,0.999917;495,29768,0.938083;429,45556,0.984667;660,38754,0.922833;819,61697,0.939833
1605,708777;1807,442755,0.999667;603,30346,0.942083;687,46604,0.985167;804,39814,0.927167;783,62598,0.93975
1670,712819;1846,450706,0.999917;415,30497,0.93225;435,47183,0.985083;604,39807,0.926667;660,64132,0.9395
1670,712601;1836,447126,0.999917;407,30135,0.93225;415,46620,0.984;569,39411,0.92925;594,60972,0.93925
1619,712033;1836,452659,0.999667;666,31021,0.943833;616,47836,0.98475;810,39356,0.920667;874,63401,0.939167
1621,713193;1837,448173,0.999667;619,30581,0.939417;515,48948,0.98375;647,40591,0.916417;657,64808,0.93425
1582,709457;1828,450296,0.99975;478,29259,0.939583;433,45415,0.983583;778,39011,0.92425;820,61561,0.935583
1583,712176;1863,452343,0.999833;429,30145,0.938917;422,46922,0.988833;618,39398,0.92075;832,62917,0.935417
1583,715384;1815,447518,0.999417;639,31298,0.941667;611,48931,0.987417;592,40304,0.9235;650,64072,0.938083
1612,711944;1931,449718,1;458,30819,0.942917;448,47249,0.986417;656,39893,0.924417;607,62296,0.936333
1623,710786;2005,449184,0.999917;407,30581,0.948833;536,47190,0.987917;755,37648,0.925583;850,60912,0.938667
1645,712586;1994,447193,1;606,30662,0.940083;618,47734,0.987917;756,39320,0.927333;665,62280,0.940917
1675,714819;2020,444968,0.999833;572,30949,0.9455;589,47489,0.98575;801,40327,0.923167;692,63948,0.933417
1566,711340;1998,450310,0.999667;454,29123,0.94275;414,44643,0.981417;580,38902,0.91675;907,62458,0.936083
1562,713607;2044,449465,0.999917;615,30237,0.949;690,45843,0.984333;807,39048,0.921417;779,61433,0.936167
1624,710243;2000,446527,0.999667;565,29818,0.948333;496,46255,0.986083;578,38846,0.924917;831,61210,0.935
1598,708500;2047,451311,0.998833;585,28385,0.941917;616,44248,0.985167;747,37886,0.924;802,60432,0.936417
1581,712117;1999,449045,1;563,29533,0.940417;564,46152,0.986417;682,38960,0.9255;820,61341,0.937417
1621,712140;1905,451958,0.999833;564,29483,0.9475;570,45695,0.986;747,38790,0.918417;794,61118,0.931917
1706,711486;1836,450845,1;616,28807,0.943083;579,44392,0.985667;757,37981,0.922417;681,60687,0.936667
1690,713294;1824,448922,0.999667;579,29783,0.937;470,45521,0.985333;763,38868,0.917083;832,62311,0.93275
1622,712125;1857,449875,0.999833;633,29191,0.94175;570,45910,0.9865;764,38753,0.91975;670,62133,0.933583
1608,710372;1827,448642,0.999833;638,29249,0.941;573,45753,0.986167;588,37674,0.9225;685,59315,0.935
1603,711595;1836,450562,0.999833;509,30173,0.94725;605,45824,0.986;647,38486,0.922167;659,60669,0.935083
1726,707830;1819,448340,1;396,28849,0.937;443,45090,0.9875;666,37756,0.923583;608,59434,0.93475
1738,712533;1842,451291,1;527,29448,0.94325;593,46438,0.988083;653,38425,0.927;809,60958,0.935667
1762,711418;1832,450855,0.999167;497,27992,0.940917;451,44300,0.985583;580,37083,0.924417;532,59369,0.9315
1743,712271;1818,448848,0.999917;400,28422,0.934;448,44687,0.985;701,38131,0.91775;781,59911,0.926417
1677,710955;1837,446207,0.99975;498,28771,0.943333;613,45350,0.985583;766,37913,0.917833;686,60295,0.929667
1784,711982;1960,448077,0.999833;563,29102,0.93925;569,45795,0.986583;740,38481,0.923917;765,60215,0.933167
1740,713798;2029,448646,0.999833;457,29302,0.939167;452,46379,0.985917;562,39681,0.928333;616,63343,0.9355
1752,713705;2002,445748,0.999667;375,29961,0.944833;450,46166,0.987;782,39908,0.919833;1043,62063,0.931
1721,711206;2023,448543,0.999917;501,29099,0.947583;450,45561,0.988583;619,39154,0.923167;613,61025,0.929583
1716,710220;2022,450699,0.99975;385,28722,0.94775;548,44399,0.98475;720,37137,0.919333;822,59468,0.929
1741,711492;2015,449058,0.999917;469,28405,0.938;383,44822,0.9895;623,38756,0.921083;762,60106,0.929833
1718,712164;2016,450680,1;523,29806,0.93825;543,46008,0.985667;630,39216,0.924167;617,61798,0.93275
1799,713880;2012,447038,0.9995;547,29750,0.943917;581,45956,0.986;745,39051,0.921833;792,61285,0.928583
1733,708943;2016,447539,0.999917;471,28456,0.939083;419,43978,0.984917;538,37012,0.921167;747,60292,0.930833
1731,711306;2030,448524,0.999833;592,29231,0.939083;584,44580,0.986333;747,37954,0.919083;782,60961,0.9335
1795,711249;2022,445050,0.999833;510,29168,0.93275;601,45793,0.985667;650,38313,0.92;715,59998,0.931417
1649,708707;2027,449496,0.999917;381,28626,0.942417;398,44218,0.985333;528,37502,0.9225;541,59952,0.930917
1759,711118;2042,449097,0.999833;403,28615,0.936167;370,44299,0.987333;555,38189,0.91975;563,59332,0.929917
1806,711689;2023,448835,0.999917;483,28784,0.938667;509,44210,0.984667;575,38226,0.917417;605,59860,0.928083
1745,711107;2048,450720,0.999917;524,28632,0.9415;410,44541,0.984;556,38282,0.916917;563,59397,0.928833
1732,708891;2037,449447,0.99975;408,28285,0.94475;405,44177,0.986;513,37413,0.924583;521,58355,0.932167
1700,712859;2034,447689,0.9995;365,28837,0.94675;386,44545,0.983083;535,38508,0.9205;711,60141,0.928917
1778,713432;2049,448525,0.999917;512,28553,0.9405;391,44459,0.98375;525,37884,0.914667;557,59412,0.932417
1733,711789;2054,449635,0.99975;395,29915,0.942417;421,46341,0.9845;583,39301,0.92025;583,61538,0.932083
1712,710524;2048,450838,1;386,28300,0.936167;409,44848,0.985167;753,37755,0.918583;749,60338,0.931667
1732,711271;2015,451026,1;531,28752,0.93975;566,44668,0.98525;719,37523,0.915583;744,58488,0.930583
1710,707998;2018,450364,0.99975;539,28400,0.937583;597,43108,0.986083;704,36898,0.91625;722,58184,0.928667
1780,714644;1862,450139,1;434,29535,0.938917;547,45130,0.988417;627,39077,0.918167;617,61626,0.934
1762,710713;1887,450673,0.999583;416,28570,0.947833;448,44162,0.986083;530,37208,0.919833;538,58507,0.934583
1704,714054;1840,449042,0.99975;377,29708,0.946417;385,45203,0.9845;535,37995,0.921667;557,61111,0.936833
1744,712700;1870,449386,0.999833;491,29031,0.948333;531,44263,0.985583;624,37290,0.92025;718,59441,0.937
1671,710287;1889,446562,0.999667;444,28872,0.943;401,45065,0.988917;552,37689,0.922167;541,59749,0.9395
1747,714545;2056,447511,0.99975;381,29054,0.947667;404,46370,0.987583;613,38959,0.922333;713,61558,0.935917
1553,710693;2070,449340,0.999833;430,28764,0.941083;412,44657,0.984833;596,38560,0.920833;793,61374,0.939917
1546,712951;2071,452132,1;518,28578,0.939;477,45127,0.987417;546,38374,0.9295;676,60563,0.938583
1526,706824;2059,447092,0.99975;505,28001,0.943333;548,42434,0.984417;706,37333,0.925667;758,58767,0.936083
1532,708546;2074,449413,0.99975;587,29351,0.947833;554,44480,0.984417;706,38032,0.926833;735,59916,0.9365
1572,713330;2055,449736,0.999917;400,27870,0.94375;432,44130,0.98625;509,37675,0.92725;536,60153,0.93525
1580,713174;2001,450493,0.999917;364,28150,0.9385;419,44663,0.9825;563,38387,0.9285;719,59905,0.938833
1535,709411;1850,447584,1;492,27963,0.936833;560,44223,0.986083;710,37496,0.928417;729,58920,0.937083
1736,709794;1872,451374,0.999917;472,28020,0.940083;517,43822,0.98825;700,36665,0.9205;619,59645,0.936333
1746,711515;1917,446752,0.999917;711,29086,0.944417;608,45621,0.986333;586,38271,0.92375;537,60476,0.934333
1644,708580;2037,450360,0.99975;392,28670,0.942167;561,43798,0.986;742,37083,0.925417;753,59139,0.93425
1711,710558;2052,453254,0.999833;530,27650,0.9445;585,43798,0.983833;721,37152,0.92075;750,58899,0.932917
1651,710817;2051,447959,0.999833;513,28010,0.941833;549,43653,0.988083;720,37068,0.917417;724,58698,0.9355
1731,712507;2042,449007,0.999917;451,28151,0.942917;550,43365,0.984167;732,37344,0.91675;775,59115,0.9345
1658,710934;2041,449043,0.99975;586,28041,0.941667;671,43990,0.988417;762,37662,0.926083;767,59241,0.937167
1698,707456;2044,450714,1;555,27320,0.93825;586,42884,0.98475;716,35757,0.929583;701,56520,0.93675
1644,711872;2067,450794,0.99975;381,28420,0.942583;414,43489,0.985333;553,37483,0.917167;719,59341,0.930833
1698,711570;1851,448878,0.99925;596,28991,0.945917;417,45533,0.988917;709,37375,0.915667;641,60405,0.9335
1651,713395;1914,454415,0.99975;444,28552,0.95325;620,44612,0.9875;770,38150,0.9195;621,59972,0.932667
1716,712347;1870,448825,1;501,28162,0.938333;469,44750,0.988667;553,37875,0.924917;526,58774,0.932167
1537,711206;1979,451861,0.999917;401,27545,0.939583;516,43372,0.986333;626,35985,0.922417;551,58319,0.93275
1517,712176;2078,453553,0.999667;403,28101,0.935583;409,43313,0.984833;657,36862,0.923167;679,58930,0.926833
1490,710605;2008,452518,0.999833;477,27909,0.943333;405,42747,0.986083;517,36348,0.922917;727,58269,0.933333
1622,710940;1931,453732,0.999917;473,28367,0.942667;440,44304,0.987667;713,36624,0.923667;767,57877,0.93425
1524,712870;2059,448253,0.99975;516,28963,0.949167;505,44903,0.987667;630,37238,0.926167;774,59211,0.934333
1531,711533;2051,449751,0.9995;474,27942,0.950333;420,42426,0.986333;671,35896,0.92775;753,58239,0.935
1566,713988;2077,450587,0.999917;757,29095,0.94925;535,44598,0.98825;721,37529,0.922083;633,60715,0.9335
1536,713320;2075,451577,1;452,28221,0.94825;420,43843,0.986083;574,38399,0.92225;626,60028,0.9335
1496,712522;2052,448628,0.99975;540,29186,0.947583;641,44616,0.987583;762,37306,0.927083;797,59284,0.933583
1485,713264;1996,450307,0.999917;614,28259,0.954417;682,43497,0.984583;778,36965,0.923917;813,59362,0.931917
1543,712502;1883,449307,0.99975;558,27453,0.94175;697,43403,0.988167;766,37019,0.922583;812,59138,0.93375
1487,711814;1904,450314,0.99975;546,27384,0.9445;619,42875,0.988167;750,37069,0.927083;652,59592,0.933333
1513,712603;1894,449320,0.999667;448,28467,0.951;574,43830,0.98925;705,36509,0.924917;813,60146,0.933417
1482,711334;1853,447010,0.99975;680,28258,0.946417;609,43509,0.988417;694,37432,0.926333;645,58083,0.934667
1577,712173;1895,448609,0.999833;514,27976,0.940667;449,42930,0.987333;770,37439,0.927167;773,58421,0.935917
1500,713464;1876,450463,1;465,28463,0.942583;445,43491,0.988917;647,37276,0.92025;791,59986,0.92825
1505,710662;1857,447275,1;584,28620,0.9445;557,43360,0.98325;574,36758,0.921917;677,58501,0.931667
1523,711972;1876,450624,1;441,28613,0.945;636,44645,0.982167;731,38198,0.923667;787,59272,0.9315
1534,714210;1886,451573,0.999583;606,27945,0.939917;664,43723,0.985833;598,37764,0.926667;607,58759,0.935583
1497,712468;1899,446927,0.999583;457,28787,0.940333;447,43624,0.98375;703,36903,0.925417;797,59386,0.935917
1487,710962;2054,448614,0.999833;424,27552,0.937083;422,43215,0.983833;571,36937,0.922;759,58748,0.931417
1518,710698;2054,450609,0.999833;557,28467,0.946083;601,42977,0.98775;581,36605,0.918917;633,57837,0.932417
1521,713232;1945,451588,0.999667;404,28769,0.940417;532,44709,0.985167;724,38136,0.923;680,60122,0.936167
1495,713041;1859,449256,1;503,28872,0.944917;437,44419,0.9825;559,38334,0.92725;611,60878,0.934417
1483,710774;1835,446783,0.999917;394,27888,0.94;577,44048,0.985083;697,37769,0.920167;669,59195,0.929917
1582,715384;2027,451372,0.99975;480,29520,0.943167;634,45626,0.98475;793,39432,0.914083;667,62697,0.928417
1487,711303;1980,451390,0.999167;555,29154,0.94075;589,43843,0.986333;738,37108,0.916917;804,59804,0.931083
1458,711773;2041,449606,0.999917;634,28817,0.943583;632,44142,0.988;785,37895,0.924583;799,58880,0.932667
1464,709022;2067,450658,0.999583;637,27816,0.945083;563,43218,0.9855;743,36661,0.927417;712,57840,0.93725
1529,711383;2080,449235,0.99975;437,28402,0.944833;453,44748,0.987917;558,38070,0.929917;651,59561,0.937833
1462,713864;2071,447552,0.999833;495,28290,0.94425;488,44296,0.9875;803,37911,0.928417;638,59441,0.939
1484,714233;2077,449620,0.99975;565,28858,0.946917;769,45948,0.986167;885,38261,0.923;847,60607,0.932833
1482,710871;2084,451537,0.99975;631,28359,0.941833;622,44821,0.985;807,37688,0.92775;842,59674,0.932833
1506,706618;2083,450317,0.999917;554,28585,0.9415;443,44020,0.9865;547,36712,0.924083;780,57356,0.933583
1487,713345;2058,449384,0.999667;589,29082,0.9385;656,46176,0.988167;797,38380,0.921583;820,60933,0.933833
1478,709630;2065,450216,0.999167;581,28700,0.93975;497,44082,0.98375;589,37299,0.926583;646,59865,0.9375
1481,710956;2036,448305,0.999917;684,29008,0.940583;688,43913,0.983917;717,37147,0.920583;762,59704,0.936833
1528,712244;2059,449125,0.999917;621,28892,0.94775;458,44553,0.986833;777,37261,0.9295;796,58446,0.939833
1494,713039;2063,450928,0.999833;602,28981,0.945417;577,45201,0.986417;609,38982,0.92475;682,60877,0.936
1480,707985;2063,448545,0.999667;469,28663,0.945083;488,44047,0.983917;774,37763,0.924833;857,59416,0.939917
1516,710377;2052,450298,0.999583;679,28956,0.9455;630,45100,0.9895;743,37814,0.925917;651,59875,0.941083
1466,711839;2057,447049,0.999917;624,28783,0.942667;516,44440,0.987167;578,37716,0.91925;576,59058,0.935917
1493,711464;2071,450018,0.999833;557,28562,0.938917;507,44075,0.987;637,37169,0.921833;834,59651,0.934667
1461,708686;2069,446888,0.999917;507,28408,0.943167;518,43740,0.984;808,37120,0.9155;718,59021,0.932917
1510,712031;2063,445888,0.999833;609,29125,0.94925;632,44994,0.985833;750,38622,0.919083;782,60305,0.932333
1476,712541;2036,445473,1;570,28196,0.945917;503,43819,0.986417;688,38257,0.920417;735,60027,0.933917
1481,712499;1966,445361,0.99975;633,29085,0.931833;631,46262,0.984333;704,38479,0.920667;878,61460,0.933167
1480,713162;1867,448616,0.999667;660,29471,0.940833;429,45017,0.988;667,38749,0.91725;805,60497,0.928917
1532,711781;1871,448088,1;535,29043,0.943083;524,45118,0.986417;694,38436,0.923583;859,61310,0.935333
1480,710687;1892,450582,1;738,28548,0.947583;674,44944,0.987583;777,37439,0.926167;652,60144,0.937667
1451,712304;1865,449283,0.999917;633,28936,0.943583;699,45019,0.985917;856,38965,0.920333;734,60486,0.9345
1474,711888;1889,450392,0.999583;482,29318,0.946333;492,44671,0.989;732,37865,0.929667;824,60056,0.936583
1541,710506;1906,451713,0.99975;470,29157,0.945;583,45001,0.988917;751,38570,0.930167;892,61460,0.938583
1494,712239;1892,451712,0.999833;651,28669,0.94425;661,44680,0.986667;761,37906,0.928167;717,60858,0.938667
1472,707924;1890,445364,0.999833;609,27991,0.9375;675,43301,0.97975;790,36494,0.923083;715,58022,0.936917
1500,712865;1862,447497,1;506,28597,0.9355;670,45497,0.985667;847,38231,0.918917;602,59774,0.9335
1524,713515;1901,450454,0.999833;499,30004,0.944667;689,45587,0.98675;719,39335,0.922917;878,61072,0.932667
1465,712443;1876,449001,0.999833;506,29143,0.944833;518,44858,0.983917;779,38150,0.91975;598,60717,0.934417
1480,713508;1880,449065,1;621,29798,0.948;735,45430,0.986083;745,38468,0.923417;677,61261,0.939417
1512,713104;1905,451883,1;587,29186,0.950167;634,45497,0.989;630,38025,0.923417;836,59482,0.93975
1493,714188;1873,447221,1;680,29533,0.939;559,46730,0.986583;598,38618,0.928083;680,61532,0.937917
1487,713350;1889,446036,0.999667;598,29652,0.946167;657,45690,0.985917;862,38713,0.928833;859,60743,0.938167
1477,709710;1870,449914,0.998833;604,28958,0.94625;692,44171,0.985167;790,37611,0.92775;846,58894,0.936667
1521,709576;1874,447412,0.999667;530,28064,0.947833;453,43231,0.986417;610,37166,0.9215;857,58997,0.934083
1513,711461;1885,445480,0.999583;732,28990,0.944833;673,44414,0.984667;610,37457,0.924583;645,59736,0.934917
1486,712780;1883,446295,0.999667;569,29223,0.941083;729,44857,0.988333;819,37812,0.92825;639,60765,0.933833
1483,713599;1884,446569,1;624,29217,0.946083;514,44627,0.982917;626,37744,0.925833;663,61489,0.936167
1566,712424;1863,446958,0.999833;654,28365,0.944667;623,44239,0.987833;587,37496,0.92575;599,59457,0.937833
1495,713381;1866,446137,1;613,28479,0.94625;638,44717,0.988333;741,38354,0.930083;597,60573,0.93825
1494,713434;1895,448351,1;621,29623,0.938333;552,45392,0.986833;719,39369,0.928083;849,60704,0.9395
1505,711707;1866,445591,1;637,28244,0.947417;638,44732,0.987417;829,37842,0.933333;826,59894,0.940583
1548,711645;1889,446387,0.999917;480,28421,0.940833;516,43754,0.9895;813,38625,0.929417;745,60643,0.939333
1479,710299;1865,447779,0.99975;519,28467,0.935583;679,44295,0.986583;768,37187,0.931667;749,58904,0.939083
1486,708192;1889,447469,0.99975;690,28262,0.937917;616,43597,0.987083;763,36763,0.928167;804,58070,0.938833
1482,711614;1902,448714,0.999917;705,29593,0.951667;729,44766,0.98725;805,37382,0.923167;848,59343,0.935917
1535,713800;1873,446185,0.999917;607,28924,0.941083;730,45758,0.98625;828,38556,0.92425;839,61032,0.93525
1490,713453;1915,447885,1;605,29208,0.938583;679,45388,0.982167;847,37690,0.919833;875,60003,0.93625
1485,713514;1895,452808,0.99975;626,29575,0.937083;754,45495,0.98175;858,37860,0.918583;879,60301,0.931917
1554,714817;1883,450165,0.999833;587,30281,0.9435;674,46760,0.986667;820,39948,0.920583;916,62075,0.934083
1489,712532;1891,448671,0.99975;495,29080,0.939583;573,45896,0.988917;698,39152,0.92025;848,61332,0.9325
1467,711892;1886,449037,0.999917;559,29351,0.94325;600,45233,0.986;737,38912,0.925583;649,60853,0.93725
1517,712637;1898,447005,0.999917;625,28965,0.94375;579,44977,0.989333;872,38829,0.927;858,60785,0.9385
1541,710598;1879,446659,0.999917;594,28318,0.945333;577,43897,0.988417;600,37162,0.925333;733,59557,0.934
1482,710040;1877,445343,1;596,28230,0.935417;454,43313,0.983917;699,37279,0.926333;834,59767,0.927833
1453,709866;1882,452064,1;601,28661,0.944417;501,43963,0.987583;571,38281,0.926417;724,60248,0.935083
1454,712532;1853,448181,0.99975;555,28481,0.940667;654,44544,0.987917;584,36844,0.924917;632,60154,0.938
1538,712435;1912,448374,0.999917;571,28766,0.936583;613,44899,0.987417;758,37919,0.925583;751,60632,0.93825
1470,708899;1890,448890,1;474,28359,0.946917;457,43910,0.983167;569,37464,0.923833;607,58940,0.9385
1488,713812;2050,447126,0.999917;428,29391,0.939917;453,45756,0.985;618,39421,0.928167;633,61956,0.937083
1498,713336;2085,449146,0.999833;515,29303,0.945417;578,46229,0.9875;599,38476,0.929417;621,61348,0.93775
1501,705358;2072,447929,0.999833;654,27095,0.940167;683,41972,0.988583;780,36661,0.926167;796,57133,0.937583
1470,713780;2080,446357,0.999667;686,29324,0.94575;719,44934,0.988417;804,38405,0.934333;825,61303,0.942667
1481,711888;2073,444717,0.99975;501,28033,0.94175;498,43297,0.986917;638,38463,0.930583;835,61120,0.940167
1498,709111;2098,448460,0.999833;618,27520,0.935583;663,43419,0.985333;790,36717,0.927167;818,57181,0.94025
1483,710584;2067,445637,0.999667;649,27772,0.9395;735,43526,0.985083;804,37254,0.923417;820,59501,0.936417
1451,707523;2080,446073,0.99975;636,27709,0.925917;700,43049,0.985667;802,36715,0.9225;792,57536,0.934417
1462,713134;2088,448247,0.99975;647,28747,0.939417;684,44827,0.989083;888,38470,0.92775;832,60182,0.936
1522,713317;2088,447185,0.999917;601,29172,0.94525;678,45833,0.989083;872,37855,0.91525;780,61062,0.92875
1498,715191;2078,446253,0.999917;517,29841,0.94075;673,47057,0.98775;669,39713,0.9235;636,62722,0.935083
1463,712744;2094,452389,0.999833;415,29350,0.942667;479,45741,0.98775;552,38044,0.927833;588,59702,0.937667
1462,711850;2089,450504,0.9995;429,28736,0.944;465,45259,0.987083;594,38311,0.931417;611,61875,0.941333
1530,710704;2073,448087,0.999833;410,28452,0.938083;594,44691,0.986333;756,38681,0.929;826,61028,0.939667
1453,713806;2092,447633,0.999917;726,29452,0.944167;624,46118,0.990083;767,37810,0.924833;851,60762,0.93675
1484,714096;2086,448638,1;577,29295,0.946;641,45207,0.985083;810,38847,0.920167;846,62150,0.936333
1474,712347;2093,451832,0.999917;594,28574,0.939167;640,44573,0.98625;773,37722,0.919;802,60018,0.935583
1503,704920;2078,449315,0.999667;557,27871,0.942;451,42902,0.985833;533,36229,0.919833;563,57317,0.933417
1482,711719;2086,450504,0.999667;440,28617,0.939;417,44338,0.989083;595,37263,0.920667;569,59147,0.932667
1482,711856;2089,449775,1;471,29650,0.942417;457,45572,0.988;595,38112,0.916667;566,59365,0.934417
1482,711762;2091,448918,0.999083;415,28222,0.945083;430,43820,0.987833;559,37170,0.919917;639,59891,0.93525
1532,710041;2094,451236,0.99775;597,29100,0.94375;423,44598,0.985583;552,36832,0.917917;554,59355,0.934917
1470,711192;2085,450044,0.999917;423,28462,0.94475;569,44348,0.982833;790,38529,0.920583;846,61352,0.933917
1474,712452;2099,451914,0.99975;592,29544,0.941667;652,46822,0.987;850,38468,0.918833;841,61433,0.93725
1513,712940;2101,452461,0.999833;459,28807,0.942167;486,44942,0.9895;574,38745,0.927083;609,60062,0.936417
1499,712386;2097,452333,0.99975;687,29533,0.939667;639,45003,0.987083;812,38760,0.927833;775,60264,0.935583
1487,713550;2092,453630,0.99975;713,30023,0.94325;719,45031,0.9845;881,38552,0.927917;855,60409,0.937833
1485,712820;2083,449094,0.9995;611,28632,0.941833;583,44373,0.986583;574,37472,0.924667;616,59943,0.938417
1523,712829;2072,450207,0.999917;484,28534,0.939;705,45625,0.985333;827,38738,0.9235;805,60091,0.9365
1491,713135;2095,449684,0.9995;636,28290,0.946917;640,44143,0.986583;820,37542,0.924417;665,59462,0.935917
1470,711854;2083,449257,0.999167;646,28289,0.93625;672,43617,0.98525;869,37874,0.92325;845,59090,0.9325
1449,712280;2081,449918,0.999583;696,28968,0.943583;642,45045,0.9885;814,37964,0.916833;837,60555,0.929917
1558,713381;2075,448721,0.999917;577,28726,0.944917;528,44247,0.986333;657,37866,0.92325;602,60141,0.934583
1461,712217;2066,448774,0.999833;456,28758,0.946333;465,45089,0.986917;617,37620,0.932917;605,59154,0.941
1462,711488;2085,451544,0.999833;416,28301,0.947417;443,43456,0.9855;590,37251,0.928083;602,60159,0.939833
1486,712817;2052,449480,0.99975;644,28054,0.9395;642,43468,0.983083;807,37405,0.92525;819,59105,0.940417
1489,706257;2079,447464,0.9995;636,27721,0.94025;682,43752,0.985917;782,36596,0.919333;791,57812,0.936583
1465,709162;2098,446650,0.999583;497,27850,0.935167;443,42798,0.98425;556,36381,0.923167;626,58556,0.939583
1479,712462;2077,453661,0.999583;511,27771,0.936833;517,44771,0.9855;615,37450,0.922417;591,60030,0.936417
1501,715145;2054,446501,0.99975;427,29133,0.94575;468,45266,0.988;599,38250,0.9255;629,61774,0.93725
1496,712323;2068,448440,0.999917;545,28314,0.9355;550,44483,0.9865;832,37624,0.918583;847,60516,0.935083
1454,713611;2075,449767,0.999833;784,29620,0.934417;758,45314,0.983;859,38373,0.926083;841,61282,0.939583
1472,711888;2059,446647,1;709,28761,0.93275;577,43845,0.985667;746,37865,0.932583;817,59242,0.941667
1540,711091;2067,448437,1;747,29421,0.94475;659,44630,0.985333;754,37385,0.932083;653,59098,0.945417
1484,712499;2055,448586,0.999917;588,28599,0.941333;657,44609,0.9835;667,37573,0.935917;625,58803,0.944667
1480,714109;2063,449317,0.999917;505,29025,0.9525;484,44522,0.98775;579,37999,0.932417;861,60722,0.94
1480,712070;2081,447360,0.999833;644,28370,0.947667;595,44381,0.9875;613,38006,0.933333;619,59662,0.94275
1526,710748;2051,449059,1;488,28080,0.938417;484,44083,0.98825;612,37309,0.93025;619,58600,0.938417
1486,711757;2069,448266,1;527,28782,0.944667;540,44681,0.988333;565,37307,0.929;574,58782,0.937583
1490,710652;2066,452099,0.999833;509,27909,0.9475;493,43373,0.98825;597,36454,0.924083;601,58440,0.933417
1493,710933;2065,451471,0.999833;483,27613,0.940833;509,43596,0.988833;586,36991,0.923583;609,59140,0.932667
1511,708239;2076,447549,0.99975;592,28016,0.937917;667,44275,0.987667;780,36695,0.924;813,58053,0.93525
1458,711241;2055,453112,0.999917;630,29292,0.93575;764,45668,0.98975;844,38793,0.926667;821,59631,0.936583
1467,712922;2068,448384,1;732,28934,0.941917;706,45190,0.985833;790,37349,0.926167;849,61114,0.938583
1502,711276;2055,450589,0.999917;659,29190,0.940583;699,45382,0.987667;861,37364,0.924583;828,60073,0.93875
1507,711671;2067,446894,0.99975;634,29748,0.948167;643,45527,0.988;859,38050,0.93425;852,60234,0.94175
1459,709611;2065,451502,0.9995;633,28346,0.950583;676,44188,0.9865;820,37137,0.934833;866,58916,0.941583
1493,711811;2100,451746,0.99975;634,27939,0.9445;631,44282,0.986667;877,37736,0.933083;846,59927,0.939917
1550,709565;2024,444948,0.999833;727,29299,0.947417;703,43999,0.988667;809,37596,0.933917;821,58993,0.94175
1473,708482;2068,446186,0.999583;701,27902,0.94625;663,42940,0.988083;822,36975,0.933083;895,59073,0.942167
1489,710441;2061,446782,0.999917;621,27625,0.946917;664,43184,0.985167;839,36749,0.931167;819,58357,0.939833
1508,710477;2066,447642,0.99975;595,28818,0.94325;743,44067,0.98175;830,38187,0.92925;654,60326,0.94
1544,708443;2051,447415,1;511,28566,0.939917;524,44141,0.9855;619,37146,0.9215;587,58509,0.93825
1486,710419;2062,448810,1;539,28626,0.945583;608,44993,0.987083;578,36996,0.924833;688,59343,0.938417
1501,712659;2073,451059,1;667,28852,0.948583;668,44217,0.985083;918,38654,0.927583;825,60314,0.938083
1464,705316;2050,445225,0.999917;594,27170,0.934833;453,42561,0.984083;586,36147,0.925083;628,57490,0.939417
1543,713418;2068,450962,0.999833;736,29210,0.949583;707,45316,0.98625;863,39369,0.924167;855,61293,0.937667
1501,712450;2064,450360,0.999583;726,28760,0.943833;660,44217,0.98675;760,37028,0.92425;592,59254,0.939083
1493,713468;2070,452417,0.999917;582,29088,0.9405;718,45828,0.986083;862,38488,0.925833;909,61901,0.938583
1554,711393;2050,448156,0.999917;611,29298,0.94075;615,45075,0.985833;633,38277,0.927083;650,59764,0.9395
1522,708515;2067,449506,1;506,27878,0.936833;511,43311,0.985083;652,36407,0.929;809,57957,0.938
1491,712870;2054,448385,0.99975;713,29066,0.9475;752,45244,0.986417;839,38237,0.928667;889,60117,0.937833
1507,712669;2051,447570,0.999417;625,29194,0.951083;482,45273,0.988667;719,38190,0.927167;657,60906,0.93775
1573,712930;2054,451593,0.999917;579,28767,0.952833;674,44592,0.986667;838,39067,0.92275;851,61612,0.935167
1517,711714;2058,451134,1;617,29620,0.940667;672,46243,0.9885;829,38382,0.922417;840,60538,0.935083
1516,710636;2056,450344,0.999917;691,28609,0.9465;674,44625,0.989417;882,38280,0.925083;721,59130,0.93225
1535,712717;2059,450368,0.999917;487,29124,0.943083;509,44658,0.986167;660,38569,0.9275;659,60857,0.935917
1522,708462;2052,449478,1;595,28939,0.943667;728,44844,0.985833;786,37561,0.933667;588,59107,0.944
1485,709532;2056,449739,0.999833;484,28267,0.947167;611,43701,0.983917;772,36111,0.9305;837,57611,0.939083
1494,711791;2031,446014,0.999667;601,29215,0.948417;640,44910,0.983167;811,37900,0.930833;822,59978,0.939583
1548,709852;2054,448957,1;686,28441,0.938583;648,43861,0.983917;787,37969,0.931167;713,59937,0.938083
1521,710257;2010,452101,1;413,29628,0.940167;467,44910,0.985583;637,37625,0.93225;630,60108,0.9405
1519,711473;1871,450634,0.999583;461,29000,0.936;523,44906,0.98575;579,37217,0.9315;589,60009,0.941917
1506,711910;1863,449544,0.99975;495,29368,0.948917;669,45905,0.990833;802,38117,0.930667;810,59642,0.937833
1580,712335;1874,454163,0.99875;654,29350,0.945167;754,46283,0.987167;836,37802,0.929917;779,59745,0.939417
1480,713845;1849,447989,0.999667;476,29081,0.94725;472,45084,0.987;613,38410,0.930583;663,61289,0.938583
1487,714295;1855,448758,0.99975;427,29948,0.944167;487,45969,0.987333;679,38745,0.926;817,61102,0.938917
1498,707091;1869,451404,0.999667;547,28180,0.947917;497,43280,0.98275;580,37603,0.923;587,58450,0.9345
1534,712455;1875,451769,0.999917;453,29340,0.950333;460,44781,0.985667;573,38056,0.92575;632,60162,0.937667
1481,709038;1863,448412,1;465,28560,0.933417;460,44956,0.98725;784,37215,0.92825;832,59714,0.938
1497,709667;1837,447233,1;625,28733,0.935333;684,44603,0.9855;812,37882,0.929;860,59772,0.939833
1530,709557;1855,451729,0.999917;631,28819,0.947083;652,44550,0.986333;812,37702,0.928167;871,59266,0.939167
1516,712857;1861,448024,1;652,29457,0.939917;679,45054,0.985;833,38389,0.92675;830,60409,0.9375
1499,712946;1861,449059,1;646,29600,0.944333;668,46393,0.988167;672,38848,0.922833;675,61363,0.933
1496,708691;1856,448080,1;460,28343,0.945083;509,43832,0.986417;597,37802,0.924583;590,59245,0.934083
1596,713270;1853,448522,1;572,29877,0.947667;503,46363,0.988583;718,39108,0.924083;751,62170,0.93575
1553,713340;1842,447797,1;565,29162,0.949083;654,45934,0.988417;808,38559,0.923083;899,60715,0.937333
1502,709175;1845,447668,1;652,28928,0.947667;694,44442,0.989083;802,37192,0.9255;814,58933,0.938417
1650,711091;1871,449432,0.998917;444,28938,0.944;496,45088,0.985917;680,38596,0.924583;611,60794,0.93425
1656,711672;1864,448995,0.999833;483,29125,0.944167;549,45054,0.988917;808,37580,0.925833;861,60968,0.938333
1633,712684;1846,448653,0.999333;667,29578,0.943917;786,46897,0.988833;827,38658,0.923833;652,60887,0.93825
1648,711860;1879,452837,0.99975;493,29113,0.941917;472,45522,0.986;608,38310,0.924917;632,60406,0.939083
1648,710806;1860,450237,0.999667;669,29640,0.939667;548,45331,0.9845;650,38258,0.923167;635,60570,0.935583
1640,709319;1874,450800,0.999833;520,29247,0.93625;509,45847,0.986667;631,38152,0.926667;684,59002,0.938667
1627,713589;1858,449754,0.99975;465,30068,0.94275;621,46410,0.986667;877,38681,0.928833;910,62001,0.937583
1670,710837;1852,449484,0.999917;698,29143,0.943833;479,45322,0.987583;633,38026,0.924917;627,59501,0.93625
1654,711177;1858,447184,0.999833;497,28590,0.947167;528,44346,0.984333;606,37631,0.924417;856,58538,0.932917
1664,712094;1846,444802,0.999667;809,29722,0.944583;706,46101,0.98525;915,38465,0.92975;860,61210,0.937083
1651,711404;1864,450846,0.99975;709,29596,0.935667;784,46884,0.986333;866,38203,0.925083;885,60865,0.936417
1644,708739;1853,450100,1;620,29152,0.942667;750,44293,0.988083;856,37601,0.926;846,59936,0.938
1675,711408;1859,448006,1;769,29066,0.94275;718,44775,0.989667;914,37537,0.925667;852,59556,0.936083
1667,710382;1863,450085,1;726,28968,0.9435;710,44457,0.98725;864,38494,0.931;844,59499,0.940833
1710,711738;1866,449822,0.999917;739,29105,0.947917;686,45112,0.99125;862,37872,0.933333;854,59829,0.94075
1674,711158;1859,448346,1;755,28871,0.940667;731,45352,0.989333;880,38508,0.934833;894,60336,0.940917
1684,712479;1864,452906,0.999833;649,29378,0.947917;829,45007,0.986667;881,38069,0.934;902,61053,0.940833
1725,712071;1858,448581,0.999667;651,29479,0.943;722,44734,0.9875;865,37947,0.93175;880,60578,0.93875
1667,713267;1868,449762,0.999667;741,29735,0.93925;676,44952,0.983333;860,39075,0.929333;849,60570,0.937333
1667,712606;1861,446614,0.999917;679,29145,0.945333;708,44469,0.987333;866,38373,0.926917;820,60795,0.937583
1715,712760;1859,450080,0.999917;692,28738,0.945083;637,45258,0.986;824,38320,0.92425;871,61236,0.939333
1729,713323;1847,448856,0.999833;718,29479,0.944583;641,45907,0.98775;834,38833,0.926083;843,60552,0.935167
1710,714510;1853,450979,0.999917;629,29592,0.9445;600,46399,0.98775;698,39526,0.925;658,61833,0.934
1738,711686;1880,453398,0.999167;561,28545,0.947667;584,43843,0.98725;850,37976,0.93175;843,60688,0.935583
1706,711082;1872,449128,0.99975;513,28242,0.9445;525,43715,0.984583;639,36726,0.933417;788,57979,0.936
1665,708819;1856,447384,0.999917;588,29329,0.942833;599,44771,0.986667;601,37370,0.936583;616,59861,0.941167
1708,710697;1868,451851,0.999917;604,28855,0.946333;637,44406,0.983083;897,37113,0.932083;911,59573,0.9385
1729,711570;1850,447307,0.999833;879,29000,0.945167;697,45355,0.984583;843,37033,0.92225;844,59180,0.936083
1707,710233;1870,452552,0.99975;646,28198,0.947667;727,43348,0.983417;860,38159,0.919333;862,59619,0.934333
1708,712824;1884,451861,1;688,28993,0.942583;571,45058,0.987;660,38496,0.92775;770,59761,0.938417
1674,709553;1878,453308,0.99975;654,28060,0.932667;782,43370,0.987083;651,37384,0.92975;755,58528,0.940833
1718,713192;1873,451223,0.999833;461,28644,0.940583;711,45080,0.986833;857,38001,0.928583;912,60820,0.938
1707,712731;1864,452809,0.998417;694,29086,0.938417;716,44842,0.984833;829,38009,0.916417;910,59727,0.931833
1719,712175;1860,450043,0.99975;665,29114,0.947583;756,45729,0.984917;901,38303,0.917083;896,61154,0.93175
1687,710703;1868,451352,0.999917;663,28851,0.940333;685,44013,0.989917;814,37504,0.922667;893,59529,0.9325
1688,711861;1859,452794,0.99975;670,28916,0.931083;750,44939,0.984833;855,38285,0.925667;862,59421,0.933
1725,709537;1871,451910,0.999833;639,27533,0.941333;674,43188,0.985667;808,37102,0.929167;593,58244,0.93375
1716,712646;1878,449673,1;543,29061,0.934667;540,45719,0.986083;619,38390,0.927417;669,61182,0.936167
1699,710483;1868,450655,0.9995;546,28402,0.941083;672,43982,0.984917;848,37500,0.93325;837,58646,0.939833
1713,712522;1859,447844,0.999917;678,29205,0.942333;751,44991,0.984833;805,37501,0.930917;667,59926,0.943
1683,708113;1852,447289,0.999917;581,27997,0.941083;704,43142,0.982;879,36823,0.932667;828,57390,0.941083
1669,711573;1870,448382,0.999833;662,29118,0.947583;672,45165,0.98725;853,37493,0.928333;845,58999,0.935333
1676,710572;1856,445846,0.99975;827,28036,0.940667;767,43541,0.987583;903,37194,0.92825;610,59228,0.933917
1654,706257;1893,452452,1;499,27347,0.94025;585,42694,0.98575;645,35800,0.922083;621,58180,0.9345
1683,713135;1878,451915,0.999917;553,29393,0.944;558,44833,0.984417;870,37955,0.922417;909,60872,0.931417
1634,710989;1862,450402,0.999917;698,28522,0.944;778,44372,0.986167;851,37743,0.92375;858,59753,0.929583
1517,712301;1862,448977,0.999833;678,28418,0.939667;677,44976,0.985333;821,38614,0.925333;869,60888,0.931583
1514,710822;1877,449438,0.999833;719,28887,0.94425;745,45337,0.98525;849,37951,0.926333;818,59288,0.9345
1503,710779;1878,452831,0.99975;518,28754,0.936833;423,44674,0.983417;733,38095,0.9225;771,58978,0.931917
1529,711695;1852,446591,0.999667;491,28974,0.944167;500,44137,0.985583;570,37744,0.927667;578,60191,0.93675
1517,711860;1847,451528,0.999917;418,29470,0.936667;474,45071,0.986167;652,37777,0.922;630,59294,0.932083
1491,710733;1869,451475,0.999667;603,29251,0.941833;608,45660,0.985333;598,37346,0.921583;609,60180,0.930917
1498,713562;1869,451509,0.99975;460,29281,0.94225;649,45207,0.9845;796,38165,0.927167;847,60072,0.936083
1502,708112;1867,448529,1;468,28506,0.949583;476,43429,0.987167;556,36967,0.924583;583,59501,0.936
1530,711923;1842,447684,0.999667;447,28230,0.94475;494,44348,0.989;747,37437,0.922667;814,59848,0.93325
1480,710753;1872,446932,0.999833;608,28775,0.947333;675,43655,0.98675;802,37399,0.922833;829,59196,0.932833
1665,713157;1861,447859,0.999667;630,28473,0.948583;729,44941,0.987583;809,37875,0.91925;871,59992,0.932
2032,709955;1841,449314,0.99975;651,27874,0.939083;684,43701,0.987667;782,37184,0.917083;787,58724,0.932167
1757,712146;1859,449816,0.999833;602,28161,0.93625;641,43896,0.985333;828,37504,0.9295;888,59600,0.935167
1766,713449;1860,445542,0.999917;699,28322,0.945333;667,44370,0.9865;816,38596,0.929333;733,60786,0.935417
1678,713096;1873,447937,1;506,27528,0.93825;492,42301,0.984583;575,38024,0.926917;596,60345,0.935167
1692,712036;2083,450237,0.99975;404,28368,0.947667;421,43151,0.985917;574,37522,0.925833;577,58398,0.9345
1644,707200;2083,451815,1;422,27034,0.940167;490,42530,0.9805;561,36150,0.929;560,57432,0.937167
1676,715544;2078,450919,1;438,29724,0.94975;486,46331,0.98675;595,38813,0.926583;594,63040,0.93875
1667,713453;2098,453222,0.999667;466,28536,0.946667;516,44320,0.98775;575,37392,0.924;562,59439,0.93525
1669,710714;1996,449783,0.999917;439,28427,0.941;445,44023,0.986417;545,36751,0.919667;599,58794,0.932083
1680,713671;1854,451155,0.999917;460,29247,0.946917;437,44126,0.984333;555,37422,0.926167;578,59296,0.932333
1818,710943;1830,446177,1;424,28261,0.939417;489,44200,0.98675;567,37222,0.923083;579,59176,0.933
1805,712786;1834,448944,0.999833;429,29391,0.937833;506,45048,0.986667;580,38641,0.923083;559,59955,0.93375
1799,713252;1848,452569,1;446,29266,0.946583;490,44895,0.986667;617,38602,0.924083;608,60461,0.93425
1846,714437;2033,445058,1;466,30099,0.953167;458,45215,0.98675;603,38205,0.929333;586,60232,0.937583
1838,713523;2040,445689,1;439,28525,0.94875;485,44954,0.985417;614,38375,0.925167;580,61230,0.93475
1767,711860;2060,448881,1;460,28476,0.944417;471,44631,0.986333;600,38075,0.927;568,59193,0.938833
1760,709097;2064,449602,1;501,27995,0.948333;442,44011,0.98875;556,37677,0.928333;591,59045,0.9395
1793,711950;2069,449587,0.999333;445,28218,0.949417;435,43766,0.986583;581,37251,0.923;591,59461,0.9305
1853,713100;2064,450161,1;428,28118,0.944;442,44384,0.987667;600,37529,0.922417;601,60232,0.931333
1764,712100;2066,449920,0.99975;437,28342,0.945583;465,44047,0.9875;596,38040,0.920667;587,60327,0.929583
1901,709578;2083,449295,0.998;460,28880,0.956667;496,43437,0.988167;562,37007,0.9235;563,58650,0.9315
1789,708587;2074,450266,0.999833;419,27868,0.947083;434,42963,0.988333;554,37598,0.927333;566,58422,0.93275
1747,711364;2074,453031,0.999583;545,27934,0.946833;517,43251,0.988417;622,36933,0.929333;615,58804,0.934167
1765,711395;2067,450029,0.99975;411,28242,0.95575;561,43773,0.986417;789,36933,0.926083;807,59198,0.934
1819,713860;2077,448458,0.999833;616,28647,0.943833;697,45198,0.986917;794,38580,0.925;827,60425,0.929167
1803,712798;2072,448828,0.999917;594,28213,0.947583;680,44276,0.984583;806,37949,0.926333;793,59924,0.93325
1812,712245;2060,447527,0.999917;571,28668,0.941667;641,45056,0.987167;788,38584,0.927833;794,60324,0.932917
1777,711563;2063,449876,0.999583;570,28339,0.93925;479,43634,0.986333;563,37105,0.926083;579,58574,0.931833
1790,712650;2074,450592,0.99975;470,28068,0.9465;459,43733,0.986583;578,38185,0.925833;575,60352,0.933083
1765,712120;2060,449236,1;418,28281,0.94875;473,43883,0.986;553,37329,0.92475;709,59431,0.93175
1791,711688;2064,447390,0.999917;540,27876,0.946833;421,43321,0.987667;555,37677,0.924667;567,59973,0.92975
1739,709936;2075,448940,0.99975;551,27978,0.947167;622,42763,0.98775;743,36584,0.9225;804,57390,0.92975
1740,711378;2080,448764,1;603,26892,0.936667;613,42946,0.98725;769,37056,0.92425;782,58446,0.932583
1844,714857;2067,448188,1;623,28868,0.948;678,44130,0.99025;761,37992,0.918833;804,61308,0.929
1792,712356;2048,443929,0.999917;627,27706,0.94;653,43493,0.988333;788,37088,0.916917;803,59628,0.930583
1711,710935;2077,447713,0.999833;617,27707,0.9395;668,43601,0.986333;782,37153,0.922583;814,58942,0.931083
1779,713216;2071,448569,1;630,28641,0.936667;616,44421,0.985083;781,38306,0.923417;826,59866,0.932083
1721,709665;2099,449289,1;537,27478,0.940333;581,43608,0.986833;774,37351,0.921583;789,58032,0.931667
1734,710038;2087,450534,0.999833;636,28138,0.939833;595,43501,0.987333;749,36861,0.92075;834,59007,0.932333
1795,710008;2065,447666,1;735,28264,0.951417;711,43587,0.989667;756,36757,0.930583;788,58494,0.9375
1794,711895;2073,451902,0.999917;624,27447,0.942833;610,42740,0.986833;753,36870,0.924333;811,58853,0.935
1853,711903;2088,449369,1;612,29148,0.95075;695,43903,0.986333;790,37073,0.92775;843,59648,0.938167
1788,710438;2050,449490,0.999917;693,28117,0.948083;682,43630,0.988583;805,36923,0.927667;812,58307,0.939417
1984,708994;2085,449708,0.99975;619,28189,0.948167;637,43503,0.99;761,36206,0.925583;762,56811,0.9345
1907,713846;2048,450634,0.999917;561,28596,0.937833;719,45113,0.989167;804,38580,0.922833;829,61332,0.937
1832,713724;2089,451858,1;593,29380,0.9475;667,44586,0.989167;819,38475,0.927583;838,61773,0.935333
1804,710928;2066,451455,1;564,28383,0.947083;689,43694,0.98875;772,36593,0.92725;800,58017,0.93675
1842,712586;2042,451047,0.999833;627,28828,0.946417;650,44933,0.989333;791,37344,0.928583;816,59708,0.93575
1840,710288;2077,451121,0.999833;524,28191,0.944333;471,43478,0.990167;596,36852,0.926417;560,57384,0.934667
1771,710331;2012,451286,0.998333;413,28508,0.942583;442,44219,0.988333;594,36887,0.928333;793,58100,0.937417
1770,708193;1932,450263,1;602,28818,0.942917;640,43744,0.987333;796,36947,0.9295;806,58508,0.939083
1874,713981;2102,452836,0.999833;606,28702,0.938167;690,44532,0.98575;833,38619,0.92525;853,60123,0.933917
1797,711082;2105,450418,0.999833;489,28227,0.942833;487,44151,0.985917;683,37347,0.92425;787,59924,0.934583
1786,711694;2095,452752,0.999917;576,29704,0.947917;677,44968,0.985917;794,38200,0.927583;803,60584,0.93625
1784,711958;2087,448680,0.999917;543,28525,0.946;661,43950,0.987583;796,36876,0.923417;753,59151,0.939167
1739,711082;2078,448773,1;744,28513,0.94375;881,43561,0.983167;905,36615,0.926083;594,57907,0.935917
1751,710757;2086,448311,0.999917;442,28909,0.939833;508,44085,0.9875;598,37953,0.92875;836,59932,0.937
1812,712466;2076,447425,1;601,29228,0.95125;680,45161,0.986417;852,37684,0.92525;882,59852,0.9365
1718,708429;2082,445682,0.999917;653,28182,0.9375;720,43199,0.98425;800,36282,0.921833;861,57865,0.93375
1769,709105;2106,449741,0.999917;676,28715,0.942333;678,44330,0.987083;802,37720,0.926667;832,58997,0.934417
1845,710429;2092,448431,1;614,29331,0.948583;647,44650,0.984917;786,37947,0.928833;799,59551,0.9365
1766,713492;2101,451031,1;591,28493,0.93525;688,45637,0.989167;827,38666,0.927083;840,61668,0.936167
1776,712448;2085,449842,1;605,28793,0.945417;639,44879,0.987333;737,37653,0.924;736,59659,0.932917
1788,714267;2094,450548,1;466,29335,0.941583;550,46041,0.985917;749,39161,0.926833;766,60285,0.933167
1765,711998;2086,449677,0.999667;545,29062,0.934917;579,45118,0.987667;749,37863,0.92675;763,60080,0.935083
1820,711637;2084,448367,0.999667;544,28748,0.946333;645,43982,0.986;727,37434,0.927333;620,59482,0.936167
1768,712368;2072,446632,0.99975;370,29054,0.945083;439,45413,0.986167;552,38160,0.925583;569,60622,0.936667
1882,710719;2061,446951,1;409,28709,0.938583;429,45122,0.985667;558,37600,0.925917;564,59181,0.936333
1802,710652;2093,449849,1;433,28477,0.945333;453,43302,0.985833;569,37628,0.934167;550,59255,0.938333
1753,710378;2081,447749,1;414,27927,0.945417;450,43930,0.987083;597,37060,0.926083;738,59362,0.934167
1754,707095;2095,450324,0.999667;505,28809,0.947583;465,43639,0.98475;597,36968,0.928667;577,57939,0.93425
1769,711620;2065,450494,0.999583;483,28173,0.938333;473,44339,0.986167;573,37404,0.927417;568,59192,0.9355
1819,713352;2103,450539,0.999917;432,28571,0.94075;433,45665,0.9875;561,38068,0.925917;662,60493,0.93625
1751,707319;2096,447617,0.999917;547,28091,0.94175;593,43149,0.983333;662,36978,0.919667;574,58797,0.93275
1722,705544;2091,447831,1;526,27626,0.9435;516,43051,0.985917;574,36634,0.924583;607,58445,0.93475
1770,710148;2079,448447,1;463,28716,0.93875;509,44356,0.981833;621,37786,0.92125;610,59733,0.931167
1731,703452;2092,448609,0.999917;454,28353,0.930667;512,43987,0.98625;576,37010,0.921833;599,56962,0.928917
1800,711477;2092,448716,0.999833;450,28942,0.94025;469,44778,0.986333;640,38484,0.922667;589,59914,0.929
1740,709142;2085,447545,0.999833;440,28817,0.93475;449,44580,0.979833;593,37888,0.91825;587,60105,0.930083
1827,711380;2088,448783,0.999833;426,29165,0.940167;440,45609,0.989167;618,39418,0.927417;678,61187,0.935167
1821,706201;2086,447457,0.999917;434,27959,0.9425;491,43836,0.98425;617,36317,0.926083;619,58903,0.933583
1845,712844;2103,451624,0.999833;459,29638,0.93875;465,46292,0.983917;634,40405,0.928583;728,62842,0.937167
1856,708376;2098,449703,0.999417;624,27988,0.94225;672,42915,0.983667;778,36474,0.922417;797,58595,0.935917
1750,710800;2089,447982,0.99975;644,29552,0.942417;680,45935,0.985333;837,38159,0.924833;883,60985,0.934083
1679,702610;2084,445960,0.99975;588,27111,0.941;649,42234,0.983833;768,35661,0.9235;768,56304,0.93425
1710,708528;2091,448226,0.999833;709,27906,0.9405;716,42617,0.986333;809,36993,0.923833;819,59449,0.935167
1733,709621;2081,448277,0.999917;680,28944,0.949;617,44854,0.986833;788,37518,0.9255;795,59080,0.935333
1786,700208;2081,448941,1;569,28103,0.945167;524,43447,0.98775;586,35798,0.929917;569,55957,0.9375
1879,712790;1889,446071,0.999917;434,29519,0.946;473,45104,0.983;595,37550,0.9255;603,60486,0.934667
1901,710468;1875,447231,1;478,29096,0.947417;483,44514,0.98475;748,38404,0.9225;600,59880,0.931333
1864,708409;1874,445799,0.99975;431,27432,0.9345;430,43422,0.985;565,36742,0.922;600,58089,0.932167
2082,704252;1880,443476,0.999917;486,27999,0.943917;432,43241,0.987;642,36428,0.91925;646,57611,0.932
1902,706366;1865,444905,0.999833;537,28675,0.93975;530,44136,0.987083;605,37950,0.922917;605,58905,0.933667
1908,705876;1874,447790,1;454,27854,0.9395;468,43375,0.987333;583,36529,0.91525;569,57381,0.934
1857,698057;1892,446399,1;450,26889,0.9405;468,42001,0.988333;567,35126,0.915833;563,55100,0.935833
1853,707553;1899,447595,0.999833;450,29044,0.941083;485,44609,0.984667;616,37639,0.918917;665,58593,0.932417
1797,707694;1873,448606,1;505,29117,0.940083;493,44830,0.98775;580,37456,0.926667;619,59696,0.935167
1764,700905;1872,447030,1;650,27382,0.947583;637,40939,0.987667;770,35008,0.92275;814,54480,0.933
1850,706475;1889,444954,1;667,27934,0.937417;704,43210,0.980667;820,36802,0.920833;815,58159,0.93125
1706,702215;1878,446891,0.9995;674,28416,0.939;739,43929,0.985833;836,36603,0.920333;840,58630,0.9325
1796,700373;1873,448904,0.999833;622,27972,0.943417;678,42786,0.985833;845,37488,0.924917;814,58012,0.93275
1786,706802;1879,446658,0.999917;653,28585,0.944833;853,44659,0.9885;809,37368,0.926583;867,58866,0.933
1813,707153;1899,449363,0.999917;620,29338,0.931333;633,44525,0.982583;838,38376,0.922667;864,60586,0.9345
1795,702258;1862,447429,0.999917;693,29437,0.940583;663,44004,0.984;809,36829,0.924167;741,57759,0.931917
1728,702697;2088,450369,1;459,28920,0.937083;657,45107,0.986833;828,36936,0.920083;830,57803,0.929667
1766,700517;2079,446383,1;657,28277,0.94225;504,42759,0.986583;809,36080,0.917667;687,56777,0.929667
1779,707921;2073,446257,1;663,28787,0.945417;664,45343,0.987167;608,37484,0.922333;883,59205,0.930917
1737,704679;2071,445494,0.999917;689,28731,0.942;699,44018,0.984417;828,36539,0.915167;835,57758,0.934833
1733,699993;2072,445692,0.999917;608,28090,0.94125;631,43061,0.985417;807,35846,0.912;832,56467,0.930167
1782,700569;2067,444735,0.99925;701,28049,0.93875;643,42934,0.98225;800,36472,0.91875;725,58585,0.9295
1673,687952;2087,447849,0.999833;530,27065,0.942417;505,41003,0.983333;546,34415,0.916833;548,53282,0.928917
1758,709082;2071,444841,0.999833;516,29033,0.936417;580,44884,0.985;634,37603,0.918167;615,59931,0.93075
1769,704544;2076,446597,0.999833;479,28480,0.935833;508,43780,0.985917;583,37174,0.918417;621,59195,0.9325
1680,700334;2073,447795,0.999833;517,27894,0.942917;466,41679,0.98375;565,35586,0.9195;583,56339,0.927167
1724,700699;2066,445749,0.999583;451,26911,0.93775;495,42078,0.98325;645,36011,0.917833;631,57655,0.928667
1665,700230;2075,448571,1;523,27317,0.94625;456,41284,0.981417;566,35360,0.91125;612,56854,0.925333
1896,702221;2061,446060,1;469,26893,0.938083;504,41488,0.981667;603,35541,0.90875;825,56567,0.92475
1682,701074;2072,448205,1;624,26801,0.938417;667,42106,0.984417;710,35632,0.918417;787,57876,0.9285
1743,704337;2055,449951,0.999833;616,28227,0.9405;660,43861,0.985583;892,36579,0.910333;812,59343,0.921083
1652,695300;2073,448379,0.999833;570,27767,0.944083;689,41264,0.981167;780,34912,0.907417;834,56183,0.91975
1604,698102;2035,447470,0.999917;600,26808,0.942333;606,41420,0.983917;559,34599,0.905167;591,55298,0.919333
1705,699135;2090,451394,0.999833;496,27400,0.943583;534,42836,0.983083;606,36027,0.914083;557,55711,0.92325
1665,691546;2046,447800,1;440,27402,0.9435;509,41808,0.98025;608,35158,0.904417;594,55398,0.921
1630,690621;2067,446522,0.999833;516,26037,0.939417;492,39818,0.977667;543,33735,0.897333;572,54764,0.919
1600,689835;2046,447630,0.999833;470,25917,0.938583;536,41249,0.9795;693,34405,0.900833;724,54760,0.913583
1591,688796;2071,450482,1;496,25140,0.929167;457,40119,0.981833;541,33951,0.895417;609,55587,0.915333
1694,702492;2037,445542,0.999917;463,26269,0.9355;571,41290,0.986333;603,35864,0.89925;597,57710,0.914417
1723,704488;2051,450646,0.99975;435,26545,0.930417;504,42126,0.983333;670,36223,0.897333;742,59177,0.908083
1776,698504;2073,448285,0.999667;580,25714,0.933417;486,41451,0.98125;784,35258,0.891;785,58324,0.904333
1632,691393;2034,448450,0.999667;545,24981,0.93575;665,39964,0.984333;786,33261,0.890833;845,54202,0.906667
1529,651892;2062,446139,0.999917;501,20290,0.943333;412,32943,0.98375;553,28237,0.895;630,45644,0.907583
1551,628637;2042,447284,0.999833;462,17115,0.937167;359,28091,0.981917;401,24516,0.890333;419,41107,0.897167
1450,569073;2050,445010,0.99975;411,13679,0.941;403,22871,0.982167;313,19995,0.886833;356,34012,0.90025
1453,545392;2039,447735,0.999583;315,12654,0.94075;359,20566,0.98325;356,18150,0.885833;304,30559,0.897917
1349,511689;2069,449360,0.999583;387,11337,0.948333;476,19780,0.984417;388,17520,0.885167;418,29047,0.8955
1334,479096;2047,449350,0.99975;426,9935,0.950667;381,16291,0.982667;358,16029,0.88575;403,26631,0.897667
1284,452348;2024,446704,0.999583;370,8704,0.951167;392,15088,0.982583;296,13846,0.883083;247,24731,0.89525
1154,427054;2087,452582,0.999833;274,6998,0.953833;248,12720,0.98675;180,11879,0.8845;209,21358,0.894583
840,288685;2037,449187,0.999583;307,4771,0.955917;294,7969,0.985;159,7860,0.88;176,13446,0.889833
712,236495;2061,445447,0.99975;311,4007,0.95325;273,6287,0.986083;89,5782,0.879;97,10126,0.889917
590,193475;2041,448775,0.999833;169,3015,0.957417;138,4700,0.987417;63,4508,0.881083;81,8332,0.892
415,132766;1910,447853,0.999833;183,2004,0.958417;148,3444,0.98725;43,3154,0.880917;47,5315,0.891167
305,99994;1860,447897,0.9995;166,1618,0.960083;190,2545,0.988583;50,2704,0.879;57,4268,0.889167
262,87733;1856,446118,0.999917;222,1309,0.958333;111,2180,0.98875;31,2228,0.87825;34,3630,0.888583
234,77562;1866,449611,0.999667;155,1020,0.9585;126,1854,0.988417;29,2015,0.8775;34,3428,0.88825
183,65193;1865,451564,0.999917;115,491,0.95925;99,1392,0.98825;18,1297,0.8785;21,2385,0.8885
169,54915;1870,447932,1;208,539,0.959417;98,1155,0.9885;13,1073,0.877417;15,1791,0.887417
29,8322;1871,450658,0.9995;118,100,0.96025;60,192,0.98825;2,137,0.877917;4,376,0.887417
