583,280875;1151,241597,0.9976;386,46543,0.9352;433,58928,0.978133;756,43477,0.9;678,54685,0.948267
567,274050;1164,240815,0.993067;90,6007,0.950533;120,8132,0.9748;100,8158,0.897067;124,12467,0.939733
556,274842;1036,240252,0.993333;81,5189,0.957333;80,7058,0.975867;76,7030,0.9004;102,11300,0.9452
574,277396;717,241890,0.993467;72,5670,0.958267;94,8006,0.977067;93,8523,0.896933;133,13363,0.9484
572,274730;711,239302,0.994;76,5067,0.963867;86,7218,0.981067;81,7245,0.896133;112,11807,0.949467
574,275577;717,240483,0.993867;84,5311,0.960133;84,7377,0.9748;93,7834,0.889467;115,11988,0.943467
572,273777;716,241493,0.995067;65,4826,0.963333;65,6753,0.978;49,6898,0.895733;63,10705,0.948267
570,275457;1183,242259,0.9948;66,5130,0.9648;83,7052,0.977333;84,7339,0.8968;106,11626,0.9476
578,276616;1167,240764,0.9952;79,5090,0.9596;100,7474,0.975733;89,7723,0.892933;112,12308,0.942667
588,276824;1175,241944,0.993467;79,5148,0.962933;91,6890,0.977467;89,7585,0.8924;100,11288,0.941867
578,276359;1183,241619,0.992933;83,5396,0.965467;78,7683,0.979733;94,7709,0.895067;126,13092,0.945333
563,273897;1186,241639,0.996133;96,5102,0.963333;80,7267,0.979067;97,7710,0.892933;130,11966,0.939333
569,276343;1162,240079,0.995467;75,5129,0.968667;95,7088,0.9792;105,7552,0.893333;127,11885,0.939467
575,275952;1171,240106,0.995067;85,5127,0.968667;103,7258,0.98;101,7537,0.8972;121,11851,0.9392
580,275182;1179,240949,0.9968;64,4936,0.9668;108,7383,0.980267;97,7477,0.898667;127,11782,0.941067
571,277271;1195,242668,0.996267;79,5183,0.962667;101,7611,0.981467;103,7891,0.899333;138,12418,0.9384
573,276314;716,240942,0.994533;171,5609,0.964133;244,8382,0.979333;113,8148,0.898533;141,13125,0.936533
579,277162;719,241472,0.996667;131,5339,0.968267;85,7825,0.9824;62,8108,0.9012;78,12835,0.94
578,276802;712,239610,0.995733;65,5164,0.967867;57,7427,0.982933;62,7951,0.8956;75,11962,0.936667
580,275055;719,241933,0.994933;47,5292,0.9704;56,7263,0.981733;60,7894,0.897733;121,12510,0.935867
572,275723;713,240467,0.992267;78,5128,0.967733;88,7352,0.980267;82,8135,0.8968;113,12509,0.936933
576,275233;714,240310,0.9956;68,4963,0.97;90,6717,0.980933;86,7291,0.8984;97,11355,0.9376
581,275786;713,240001,0.9936;74,5080,0.965867;88,7087,0.9808;79,7557,0.897467;110,11571,0.9336
568,274424;715,241362,0.9948;57,5350,0.9648;71,7858,0.979733;87,7911,0.898533;118,12329,0.931867
567,275931;714,239777,0.993333;79,5330,0.960267;172,7544,0.9776;93,7800,0.898667;116,12128,0.929067
575,276486;714,240946,0.993867;72,5248,0.9592;90,7642,0.9772;97,7906,0.894267;120,12128,0.925733
573,276564;716,242021,0.997067;82,5536,0.959733;134,8174,0.978267;108,7953,0.893467;143,13060,0.930267
572,275518;715,240285,0.993067;75,5148,0.9648;92,7654,0.981867;87,7630,0.895333;110,11871,0.930267
572,276282;714,240602,0.997467;70,4833,0.969333;76,6809,0.9848;85,7362,0.898533;106,11342,0.930533
574,276513;715,240407,0.9968;64,4931,0.970933;81,6755,0.987733;84,7495,0.8996;108,11946,0.933733
572,277466;1071,240633,0.993733;80,5641,0.9672;89,7749,0.981467;80,8462,0.895467;119,13115,0.9336
567,275245;1169,242231,0.993467;68,5092,0.9652;95,7539,0.98;91,7539,0.893733;110,12020,0.929867
573,275881;1165,238978,0.993467;61,5071,0.967067;63,7478,0.982933;60,7583,0.8924;75,11970,0.9272
565,275982;1171,242046,0.9972;85,5317,0.9692;122,7906,0.9812;101,8182,0.8932;120,12822,0.926667
573,277197;1163,240904,0.995067;75,5190,0.9672;87,7646,0.981733;94,7695,0.8916;120,12337,0.925467
569,276793;1161,238836,0.993333;72,5114,0.967333;80,7251,0.9816;100,8107,0.894533;121,12481,0.928267
521,276172;1160,240688,0.996533;57,5036,0.964133;80,7377,0.980533;63,7785,0.891733;80,12380,0.928133
507,274004;1176,242264,0.992267;59,5069,0.967867;58,6865,0.9852;58,7414,0.897067;74,12031,0.932533
518,276961;1166,240511,0.996267;58,5066,0.9704;55,7160,0.983333;60,7738,0.896933;73,12133,0.928533
515,274811;1161,240938,0.994933;44,4861,0.970267;68,7171,0.985333;55,7275,0.8976;70,11425,0.929333
518,276678;1164,239818,0.9964;66,5345,0.969067;61,7962,0.982933;70,8265,0.899733;84,13328,0.930933
518,276619;1262,242671,0.9972;42,5108,0.970267;59,7855,0.984533;63,7909,0.8996;86,13237,0.9312
518,275931;1268,243402,0.996267;80,5144,0.9704;83,6950,0.9836;91,7563,0.9004;109,12079,0.9308
513,274664;1250,239397,0.9936;66,5322,0.973467;60,7223,0.986267;60,7579,0.9012;77,12034,0.932267
519,276787;1260,241244,0.995733;48,5371,0.972667;64,7359,0.9844;65,8045,0.898533;97,12918,0.929733
519,276016;1259,241753,0.996667;61,5559,0.971733;92,8008,0.9872;101,7917,0.900533;127,12695,0.9308
517,274281;1264,243012,0.995867;81,5222,0.973733;84,7308,0.9864;80,7512,0.901333;74,11896,0.9284
514,273596;1256,241327,0.997067;69,4985,0.9764;75,6876,0.987333;83,7157,0.902933;102,11209,0.929733
513,275771;1188,241176,0.9968;103,5426,0.9736;121,7785,0.989867;93,7736,0.906667;118,12313,0.932133
527,276347;1195,242615,0.998133;100,5316,0.974933;113,7508,0.988667;95,8020,0.905067;120,12390,0.930133
527,275769;1180,239546,0.997867;176,5755,0.972667;103,8101,0.9864;96,7851,0.904267;125,12906,0.929333
524,276927;1181,239854,0.9968;117,5421,0.973867;128,7510,0.987333;94,7842,0.9048;119,12284,0.929867
523,276703;1180,239133,0.995067;154,5461,0.971467;104,7820,0.9848;102,8094,0.9048;129,13271,0.928533
531,275004;1178,238988,0.9972;75,5169,0.972933;89,7663,0.985867;96,7801,0.9036;117,12317,0.9272
530,276013;1195,242211,0.996;78,5107,0.974933;109,7290,0.987733;94,7672,0.902667;116,11643,0.926667
524,276380;1172,238711,0.995733;72,5204,0.969867;109,8096,0.985067;100,7990,0.900933;130,12896,0.922667
517,271368;1194,243013,0.9968;76,4868,0.968;88,6898,0.984533;85,7235,0.899733;110,11088,0.919467
532,277645;1186,241559,0.997467;73,5287,0.969733;83,7393,0.984133;95,7929,0.9;124,12974,0.919333
531,276016;1187,240793,0.9936;69,5022,0.972;81,7067,0.9848;77,7505,0.902;115,11872,0.921467
535,276301;1174,239348,0.9964;78,5579,0.973467;129,8194,0.985867;98,8028,0.903467;129,12718,0.925867
531,276705;1171,239619,0.9952;87,5486,0.970667;89,7341,0.9816;94,7819,0.899333;121,12340,0.925867
530,274204;1170,240675,0.996267;89,5423,0.9716;79,7805,0.981467;102,8312,0.900133;132,13341,0.925867
521,276402;970,241692,0.996667;79,5103,0.972133;87,7212,0.982533;85,7535,0.898;117,12428,0.9284
525,275469;723,241365,0.992933;73,5202,0.9744;95,7283,0.983333;94,7686,0.898133;107,12588,0.927867
525,275671;719,240440,0.995467;62,4863,0.973733;92,7171,0.984933;87,7521,0.900133;109,12072,0.928533
524,276297;727,242103,0.995867;78,5182,0.971333;173,7205,0.981867;95,7788,0.900667;111,11694,0.925733
526,277415;721,240930,0.9964;72,5097,0.976267;90,7257,0.985333;88,7644,0.904133;118,11942,0.929333
524,277629;720,239686,0.996;102,5409,0.9688;123,7983,0.984267;104,8169,0.906;137,13086,0.9284
525,275623;716,239271,0.9948;84,5152,0.9704;80,6925,0.982133;89,7637,0.9044;110,11389,0.925067
512,276957;723,240308,0.9952;105,5333,0.967733;114,7725,0.9824;95,7998,0.904667;125,12736,0.924267
518,276639;1114,240379,0.993733;68,5014,0.9676;77,6815,0.981333;94,7876,0.905067;117,11780,0.9232
517,277502;1252,238376,0.9952;84,5452,0.969733;80,7976,0.982267;104,8133,0.9036;127,12845,0.9264
516,275319;1259,238753,0.9964;96,5378,0.969867;121,7774,0.983067;97,8078,0.901867;128,12658,0.926
510,275635;721,240593,0.997067;68,5281,0.971733;111,7865,0.9832;94,7801,0.902133;131,13142,0.9276
519,276627;717,240803,0.995867;85,5358,0.971867;104,7687,0.982267;96,7865,0.902667;122,12693,0.928533
517,276554;720,240918,0.9956;77,5313,0.972;84,7476,0.98;96,8044,0.902;125,12743,0.929467
519,276525;719,240888,0.995067;72,5370,0.972267;91,8095,0.984;92,8067,0.907067;96,13138,0.932667
516,274136;723,241730,0.995867;67,5033,0.973467;84,7103,0.982267;95,7847,0.907467;122,12321,0.932667
518,276389;718,241509,0.996933;92,5048,0.9748;102,7271,0.983733;85,7417,0.906;117,11961,0.9276
517,274753;723,241826,0.996133;72,4958,0.9736;90,7597,0.9848;91,7825,0.908;128,12912,0.927333
518,277450;825,240720,0.9972;88,5405,0.973067;99,7931,0.984533;100,8270,0.9108;124,12903,0.928
512,274874;720,239177,0.997867;61,4822,0.971067;73,6812,0.9852;86,7394,0.9108;111,11699,0.9272
519,276286;714,238546,0.996933;83,5214,0.972267;82,7227,0.983733;84,7505,0.909333;115,12271,0.928133
511,276881;727,242067,0.997867;67,5283,0.970933;84,7403,0.9828;93,7912,0.906667;115,12691,0.927067
521,276787;725,241851,0.996933;71,5101,0.968267;94,7466,0.9808;93,8037,0.909067;128,12960,0.9288
519,275688;724,239367,0.996267;78,4921,0.967733;84,6963,0.9816;82,7312,0.908267;111,11735,0.9264
519,277170;721,239906,0.995467;70,5447,0.968933;109,8239,0.979467;96,8325,0.910667;127,13076,0.924533
517,274973;720,241341,0.9944;76,5328,0.9708;100,7724,0.981733;95,7777,0.9108;116,12305,0.926267
516,276235;718,240126,0.995867;88,5298,0.969867;89,7547,0.984667;94,7901,0.909467;125,12327,0.9252
517,275699;723,241618,0.993733;74,5495,0.967067;103,8185,0.9816;104,8210,0.9068;125,12769,0.922667
520,276837;714,238417,0.9948;75,5661,0.965733;102,8154,0.9796;106,8516,0.910933;134,13061,0.924933
518,275957;716,240301,0.9952;80,5446,0.9672;88,7690,0.9792;103,8061,0.911333;126,12634,0.927333
519,275229;714,239194,0.9952;86,5129,0.9704;112,7533,0.9824;90,7431,0.9096;115,11805,0.928
508,274206;722,241894,0.992667;91,5416,0.968533;89,7629,0.978933;90,7645,0.906;116,12128,0.926
516,277388;721,241527,0.9956;78,5495,0.968;87,7737,0.978267;92,7920,0.9;118,12487,0.9236
520,276641;716,239511,0.996267;91,5357,0.968667;100,7555,0.980667;96,8093,0.901333;122,12572,0.924133
514,275292;719,241037,0.995067;68,5175,0.968133;98,7815,0.981867;101,8169,0.903333;130,12894,0.924667
521,275798;720,241054,0.995067;83,5265,0.968933;95,7455,0.983733;63,7870,0.901867;77,12057,0.9232
515,275240;715,239828,0.995067;72,5277,0.971467;84,7219,0.9824;93,7518,0.906267;119,12078,0.928533
511,274660;716,239925,0.994133;67,4974,0.970933;87,7134,0.982533;95,7683,0.906267;114,12146,0.929067
515,274774;721,241589,0.994;73,4832,0.971067;81,6768,0.982533;87,7386,0.9052;113,11599,0.9272
517,276997;725,242128,0.9928;70,5089,0.97;94,7631,0.980667;98,7978,0.904;123,12606,0.9236
518,277291;720,241656,0.995333;110,5515,0.970133;87,7630,0.979067;99,8236,0.9016;124,12504,0.9192
517,275014;719,241364,0.995467;63,4804,0.972133;77,6578,0.98;68,7140,0.9028;74,11589,0.9204
511,275228;724,241202,0.994133;54,5301,0.969867;60,7833,0.982533;66,8036,0.904267;89,13300,0.920667
520,276597;718,240533,0.995733;75,5501,0.9676;89,7842,0.979867;101,8213,0.901333;132,13402,0.916
517,274717;718,240479,0.994933;75,4816,0.970667;110,6830,0.981867;84,7196,0.901467;108,11110,0.916933
518,275406;718,240428,0.996;76,5021,0.967733;86,7078,0.978267;92,7679,0.9004;110,11314,0.917867
518,276644;1002,241457,0.994133;75,5122,0.965467;86,7104,0.975733;87,7615,0.898667;111,11966,0.9176
535,276244;716,239543,0.990533;79,5314,0.969333;100,7454,0.979067;92,7647,0.901467;122,12632,0.919067
534,277132;721,240530,0.994533;62,4834,0.970933;78,6741,0.9804;92,7717,0.905733;117,12119,0.922267
524,276238;719,240702,0.9948;68,5164,0.971867;85,6960,0.980533;91,7535,0.9048;119,12347,0.922533
525,276912;716,240663,0.993733;77,5931,0.9684;97,8427,0.979733;114,9127,0.904933;143,13822,0.921467
536,276530;719,240931,0.995333;77,5304,0.967067;83,7260,0.976;96,8036,0.904667;119,12435,0.920267
535,277212;716,240495,0.995733;103,5577,0.9696;108,7840,0.9756;107,8373,0.901733;124,12616,0.918267
528,275060;721,241811,0.994533;73,5008,0.968133;95,7216,0.974133;94,7744,0.899333;118,11956,0.915067
531,275459;718,241048,0.996267;100,5385,0.965733;91,7772,0.9764;99,8128,0.9;116,12532,0.9144
528,273279;722,242085,0.9936;71,4830,0.9672;80,6287,0.974667;89,7330,0.8976;112,11463,0.912133
528,273093;717,241481,0.9952;78,5537,0.963467;114,8636,0.981467;106,8167,0.898267;135,13260,0.914533
525,277188;717,239893,0.993067;98,5894,0.9636;108,8046,0.9824;107,8268,0.9032;138,13396,0.914133
583,276157;736,242450,0.993067;74,5323,0.966267;101,7639,0.983333;95,7770,0.906933;121,12085,0.918133
580,274506;725,241790,0.996;90,5131,0.965333;102,7196,0.980667;90,7429,0.9024;109,11839,0.9128
590,276096;721,241747,0.997067;76,5366,0.969733;96,7640,0.983867;95,7802,0.9048;125,12671,0.916
570,272261;727,241940,0.9932;70,5046,0.970667;103,7724,0.986267;94,7649,0.905733;123,12450,0.9164
576,274879;720,238831,0.9936;87,5180,0.966933;106,7819,0.982533;99,8175,0.9052;124,12615,0.9144
582,276818;720,240426,0.996533;76,5139,0.973733;91,7311,0.984133;98,8005,0.906667;118,12209,0.917333
581,275449;721,240297,0.996133;70,4885,0.970667;92,7351,0.984533;96,7941,0.9056;118,12148,0.915333
569,275011;720,239725,0.996;66,4837,0.972;75,6604,0.983333;54,7271,0.905867;68,11227,0.914533
579,275829;721,239874,0.9964;99,5481,0.969733;90,7842,0.983467;107,8165,0.9072;134,12584,0.914133
579,276342;720,240129,0.997333;72,5201,0.967467;89,7447,0.98;95,7656,0.903067;124,12362,0.9104
576,275532;725,240861,0.995467;74,5293,0.968;94,7276,0.977333;93,8105,0.9024;123,12273,0.910667
580,276432;722,240593,0.9952;75,4791,0.972133;91,6417,0.9816;87,7330,0.9064;113,11568,0.914
583,277175;715,238156,0.996933;83,5248,0.97;94,7657,0.9816;101,8105,0.9064;125,12629,0.913867
585,276313;724,241452,0.996533;74,5417,0.971467;87,7804,0.9792;104,8319,0.906933;131,13010,0.913733
582,275281;723,239355,0.993733;66,5044,0.970267;92,7481,0.982133;93,7716,0.906667;118,11854,0.913867
580,276052;717,239407,0.996533;83,5591,0.968667;90,7977,0.980667;100,8063,0.904133;120,12436,0.912
580,274236;724,241690,0.994667;103,4962,0.968667;83,6847,0.9788;102,7918,0.900667;121,11853,0.907067
577,275968;724,240028,0.993067;85,5491,0.966267;93,7803,0.975067;98,7909,0.898667;123,12290,0.906133
573,275025;720,239976,0.994;79,5347,0.962;107,8309,0.975867;102,8230,0.894933;132,13164,0.904533
583,276943;720,239855,0.994;74,5544,0.961867;108,7749,0.9764;101,8072,0.8964;125,12588,0.907067
584,276652;719,240053,0.992;96,5852,0.959733;112,8806,0.9768;112,8708,0.893067;138,13399,0.9052
582,276691;721,240394,0.993333;103,5578,0.9596;90,7633,0.978667;102,8216,0.891333;136,12894,0.903333
585,276962;723,241523,0.996267;85,5711,0.9616;101,8070,0.975067;108,8443,0.888267;144,13679,0.9028
584,276891;725,242566,0.9948;85,5418,0.962267;101,8107,0.9756;111,8286,0.8848;141,12926,0.9016
580,274918;725,239299,0.997467;104,5376,0.9628;100,7393,0.973867;105,7903,0.882933;133,12592,0.9012
575,274613;730,242974,0.9936;90,5862,0.958133;106,8536,0.967733;107,8770,0.88;146,13991,0.898133
586,276323;728,242152,0.991467;98,5653,0.952933;126,8645,0.968267;105,8341,0.878533;139,13724,0.894667
581,274986;728,241406,0.996;67,5026,0.953867;82,7797,0.971467;63,7576,0.8808;76,11675,0.894933
583,276155;725,242138,0.9952;70,5503,0.952667;70,8486,0.9772;72,8314,0.878933;100,13153,0.894267
581,275196;724,240052,0.995333;103,5292,0.9592;76,7399,0.984667;60,7508,0.878133;117,11791,0.895867
581,275594;726,241169,0.996;90,5570,0.9636;113,7634,0.9796;79,7963,0.8776;117,12674,0.896133
576,276418;726,240675,0.988933;115,5721,0.9624;102,8319,0.975067;73,8495,0.877333;91,13251,0.8976
578,277177;721,240429,0.99;67,5536,0.961067;73,7924,0.974;65,7947,0.878;84,12778,0.897467
584,276025;724,240243,0.988267;67,5859,0.9632;63,7929,0.971467;70,8423,0.876933;84,13150,0.8976
583,277762;727,241075,0.988533;68,5762,0.960933;77,8209,0.974267;69,8250,0.876933;94,13700,0.8992
573,275414;732,242379,0.994133;59,5242,0.960133;57,7274,0.972267;67,7980,0.8776;134,12660,0.8976
580,275878;722,239974,0.994667;87,5611,0.955467;101,8115,0.969733;108,8248,0.8792;140,13070,0.895467
583,277223;738,240586,0.9936;94,5646,0.955867;102,8281,0.968133;107,8380,0.877067;133,13224,0.8968
582,276207;728,241249,0.989867;79,5696,0.961867;102,7942,0.969333;103,8193,0.8784;131,12943,0.898667
575,274540;722,239396,0.9888;70,5096,0.9572;96,7659,0.969333;95,7383,0.878667;119,11716,0.899333
572,271662;721,238387,0.986267;74,5657,0.956267;126,8792,0.970933;110,8209,0.8772;134,12924,0.900533
581,276185;730,241266,0.989467;126,5805,0.958667;146,8593,0.973733;112,8496,0.877067;146,13541,0.901867
582,277310;724,240412,0.995333;101,5502,0.963067;102,7550,0.975467;107,8134,0.879733;131,12780,0.9028
576,274987;729,241966,0.994;111,5634,0.9556;105,7678,0.970533;110,8398,0.876133;132,12658,0.8964
574,276905;730,241771,0.995733;78,5734,0.957467;124,8700,0.971733;109,8416,0.874933;128,13478,0.895333
524,276106;731,242489,0.994667;77,6442,0.948133;129,9643,0.970533;131,9422,0.867867;166,14778,0.890267
518,276959;1278,242456,0.9924;101,6186,0.950933;108,8626,0.9688;115,8682,0.864267;163,13877,0.887467
513,276780;1079,243477,0.994267;87,5744,0.951867;132,8460,0.969333;115,8291,0.862267;150,13425,0.8832
516,276545;732,242126,0.9932;174,6048,0.947467;147,8883,0.97;123,8840,0.861733;156,13852,0.8812
521,275112;734,243799,0.9936;124,5823,0.9492;113,8156,0.966267;112,8098,0.8624;146,13641,0.882933
522,277406;736,242028,0.994267;94,6601,0.9508;89,9630,0.965333;80,9219,0.8604;103,14874,0.8848
520,276322;1308,245316,0.996533;137,5933,0.953333;111,8095,0.964667;115,8529,0.860133;151,13842,0.888267
522,274692;1302,243967,0.996133;135,5634,0.9556;121,8546,0.964533;115,8612,0.8636;129,13251,0.889467
523,276235;1301,242486,0.995333;67,5619,0.959067;84,8585,0.9704;76,8526,0.861333;94,13779,0.889067
525,276203;1298,243618,0.995067;88,5554,0.956267;147,8345,0.969733;111,8433,0.865067;138,13852,0.8896
523,276256;1293,243474,0.9956;110,5990,0.9552;127,8523,0.968133;123,8948,0.859867;146,13797,0.885733
523,276406;1303,244270,0.990933;110,6556,0.940933;156,10255,0.960533;138,9851,0.852533;112,15679,0.874533
523,277621;1280,240804,0.992133;60,5785,0.9432;119,8702,0.971867;77,8680,0.85;95,13764,0.8716
527,275963;1306,244327,0.991733;144,6482,0.9484;145,8970,0.970667;120,8537,0.851067;158,14081,0.8676
532,274750;1308,244925,0.9908;169,5565,0.943733;87,7856,0.962;67,7925,0.846267;88,12716,0.867867
522,275565;1302,243387,0.995467;79,6152,0.9372;116,9094,0.952267;83,9020,0.8384;100,14173,0.862667
521,275605;1320,246027,0.993733;72,6050,0.949867;97,8728,0.959467;79,8529,0.841333;97,13633,0.865333
526,276969;1308,243874,0.992933;63,5945,0.949467;85,8713,0.965067;70,8318,0.8392;97,13869,0.864267
521,277135;1310,244705,0.9904;153,6392,0.9384;118,9591,0.964667;79,8747,0.835333;104,14501,0.866533
531,275153;1315,245547,0.990667;77,6542,0.926133;102,10064,0.9592;92,9741,0.828;111,15447,0.854933
527,277464;1288,242497,0.9952;78,6374,0.936667;115,9369,0.955867;83,9028,0.832133;99,14146,0.8592
527,275523;1304,244489,0.9864;78,6200,0.9416;90,9065,0.9572;79,8918,0.83;154,14398,0.861733
525,276399;1306,244686,0.9912;105,5958,0.943467;163,8921,0.957333;115,8632,0.8332;149,13877,0.861867
525,276872;1289,241694,0.993067;114,5952,0.946;139,8807,0.963467;110,8483,0.836267;145,13876,0.864267
517,274695;1305,243537,0.9936;112,5646,0.9516;106,7957,0.965333;109,8459,0.84;120,13092,0.8632
525,274536;1292,243074,0.987733;133,6818,0.9348;155,10191,0.958267;155,10529,0.8312;179,15743,0.855733
530,275749;1300,245282,0.991067;114,6172,0.934133;116,8769,0.953867;113,8489,0.825867;141,14094,0.853867
521,274160;1289,242513,0.989467;127,6189,0.934267;106,8672,0.951067;119,8814,0.818;152,14221,0.852933
520,274015;1299,244781,0.994533;119,5969,0.930267;171,9237,0.9484;129,9225,0.8252;161,14741,0.850267
533,276367;1320,246829,0.993467;149,6825,0.925067;144,9989,0.938133;141,9993,0.8244;156,15149,0.848933
520,276458;770,245419,0.994933;151,7414,0.918533;168,11517,0.9348;164,10767,0.809733;206,17506,0.838533
520,276766;739,243526,0.995067;152,7003,0.9232;236,11119,0.954267;135,9611,0.805067;167,15254,0.8328
522,275496;737,242777,0.9924;200,7155,0.923333;139,9997,0.953333;148,9803,0.804133;180,15817,0.834533
530,275444;739,244091,0.992533;145,6409,0.9196;332,10230,0.9512;127,8878,0.8008;121,14304,0.836933
520,276726;744,243474,0.995333;114,6988,0.918667;120,10039,0.945733;92,9548,0.796667;182,15635,0.834533
523,274662;759,246107,0.996;168,6905,0.922933;187,10660,0.947867;144,9888,0.786933;181,16161,0.831333
535,275868;749,245885,0.996;155,7209,0.9224;150,11556,0.958;157,10537,0.783333;191,16859,0.8404
518,276752;738,244298,0.992533;109,7047,0.919733;150,10997,0.956667;151,10414,0.785467;184,16475,0.833467
526,277345;755,247520,0.9952;125,7195,0.911333;192,11607,0.959467;168,11353,0.788267;207,18134,0.842
527,276685;744,245959,0.991867;130,6738,0.9196;149,10445,0.966933;138,9654,0.796267;169,15400,0.839333
528,276072;744,245870,0.9968;117,6584,0.916133;168,10307,0.962667;134,9636,0.7884;175,15678,0.8328
523,275701;752,247563,0.996;107,6447,0.92;151,9557,0.954267;137,9946,0.791067;152,15899,0.832533
517,274922;747,245221,0.990533;127,7080,0.9164;178,10932,0.946;149,10402,0.784933;180,16600,0.829333
535,275702;743,245244,0.9916;138,7153,0.915733;149,11024,0.9516;154,10766,0.782533;188,16690,0.826533
527,276852;754,247952,0.995867;179,7741,0.912667;150,11599,0.9536;160,11086,0.7816;215,18192,0.819733
524,276626;754,246959,0.9944;187,7469,0.9168;139,11494,0.958667;102,10202,0.777867;140,16153,0.816533
516,276019;754,247532,0.9972;121,7036,0.9176;161,10824,0.9512;130,9457,0.7764;181,16425,0.819333
527,277180;751,246296,0.9948;148,7498,0.922133;155,11318,0.951467;165,11109,0.780533;191,16949,0.825333
524,276448;754,248447,0.994;136,7244,0.910133;146,11285,0.957333;169,10016,0.7692;192,17377,0.835733
529,275978;756,248416,0.998533;157,7742,0.9204;159,11271,0.95;151,10559,0.7724;194,16807,0.826267
537,276769;749,246696,0.9956;131,7526,0.9328;179,11021,0.960533;155,10240,0.778533;184,16034,0.8312
528,277278;750,247847,0.996267;160,7368,0.922267;202,10784,0.957067;156,10493,0.782133;195,16528,0.837333
525,277424;750,248206,0.997733;155,7985,0.9228;164,12379,0.9592;181,11735,0.779867;208,17653,0.831333
527,276106;746,247977,0.994133;158,7705,0.9136;208,11963,0.9548;163,10751,0.779067;220,18360,0.825467
518,274018;758,248222,0.994533;137,6995,0.914133;207,10595,0.953733;157,9974,0.770667;189,15657,0.8192
528,274075;744,245672,0.991867;142,7087,0.9264;167,10503,0.9504;163,10506,0.777067;190,15825,0.820933
532,275922;754,247879,0.9944;161,7258,0.921067;166,11583,0.943867;165,10766,0.773867;191,16607,0.818133
542,276787;737,243882,0.992;122,7304,0.920933;173,11556,0.9496;145,10638,0.7696;201,16877,0.812667
522,272998;747,247661,0.992133;187,7704,0.928;173,11733,0.952267;155,10430,0.775867;195,16718,0.812
522,276506;748,245663,0.9968;137,7270,0.9216;132,10712,0.947733;152,10595,0.7756;201,18044,0.826133
520,275169;755,248415,0.992667;171,8321,0.9132;148,12544,0.956133;173,11252,0.7692;217,18318,0.829867
523,273284;744,246531,0.9924;143,7793,0.909067;157,12107,0.961333;156,10475,0.7672;205,17356,0.825867
531,274498;756,247950,0.9964;176,7874,0.9052;196,12309,0.953867;174,11164,0.757333;213,18183,0.821733
529,275478;745,247270,0.9964;134,7303,0.908667;166,10514,0.947467;163,10705,0.751867;189,16322,0.818
536,277644;749,249817,0.9968;129,7968,0.920667;232,11320,0.9408;155,10621,0.743867;196,16991,0.807867
526,276121;752,246898,0.9976;138,7946,0.9228;183,12453,0.957067;167,10832,0.747467;198,17050,0.814133
528,275884;739,244256,0.994133;184,8624,0.922;188,13047,0.952933;178,11472,0.7468;224,18778,0.8128
527,276637;756,249239,0.996;139,7510,0.927467;163,11109,0.953067;152,10688,0.7452;191,16990,0.808267
520,274373;748,247417,0.9984;206,8242,0.928933;233,12424,0.959733;176,11245,0.755867;230,18852,0.818667
534,276706;745,247028,0.997467;160,7117,0.922267;131,10285,0.952267;153,10132,0.747733;193,17201,0.813867
534,276913;742,245258,0.984;152,7945,0.9012;219,12476,0.9488;129,11765,0.736667;150,19047,0.808
536,277257;756,249153,0.996;119,7894,0.903333;115,11373,0.9496;108,10594,0.735067;204,18415,0.799733
530,277301;745,247110,0.993067;172,7396,0.907333;176,11377,0.957467;180,10705,0.74;196,17068,0.806533
528,277620;740,244970,0.993467;157,8206,0.919333;178,12324,0.9576;152,10720,0.7416;213,18346,0.8148
526,277576;747,245168,0.993467;149,7154,0.928267;190,11794,0.965333;144,10046,0.737733;198,17199,0.8164
518,275710;741,245261,0.991067;127,7150,0.9192;176,11925,0.958933;160,10455,0.7268;215,17707,0.821067
531,275506;998,248965,0.9932;165,7815,0.919867;188,11798,0.959867;177,10456,0.725867;212,16932,0.811067
529,274943;1286,246028,0.9928;161,7386,0.909067;203,11968,0.945867;179,10903,0.744667;200,16614,0.8
533,277068;1183,244585,0.992533;127,7544,0.917733;168,11048,0.950933;173,10698,0.7456;204,16731,0.805867
533,276245;1292,247939,0.994267;173,7920,0.9404;172,11768,0.9612;176,11090,0.750533;205,17265,0.798533
527,277545;1311,246538,0.993467;171,7851,0.9352;166,11610,0.948533;208,12325,0.753867;214,17684,0.786533
530,277384;1307,246376,0.9952;167,8039,0.9224;124,12271,0.9524;131,11838,0.7476;156,18845,0.796667
531,277386;1308,245689,0.994267;93,7155,0.923467;99,10889,0.968267;101,9893,0.7476;142,17959,0.800533
539,277183;1304,245235,0.998;102,7358,0.923067;108,10696,0.951733;119,10880,0.751067;137,17196,0.796667
530,276960;1308,245557,0.992933;114,7578,0.933333;117,12207,0.959867;117,10745,0.7572;151,18432,0.804267
527,274527;1298,244082,0.994267;128,7108,0.940667;138,10622,0.961333;105,10317,0.757067;126,16364,0.814133
533,277027;836,245396,0.992667;87,6799,0.930267;122,10499,0.9408;117,11019,0.744533;135,17362,0.802267
527,276335;748,245439,0.994667;157,7819,0.9296;103,11812,0.9536;115,10838,0.7396;151,18381,0.7908
529,276270;753,247759,0.997733;175,8055,0.924267;194,13083,0.956667;194,12036,0.735733;242,19609,0.804
530,276472;752,247116,0.997333;146,7277,0.911333;256,11429,0.953067;173,10952,0.724267;192,16592,0.788533
532,275865;750,246403,0.998133;156,7632,0.921467;227,11375,0.956133;155,10580,0.721733;209,17424,0.785733
532,275421;746,246364,0.992133;153,7471,0.917067;161,11572,0.9492;171,10894,0.716133;226,18719,0.780267
522,274194;750,246788,0.9952;176,7083,0.918267;155,10461,0.949733;152,10090,0.719467;195,16966,0.775733
539,277030;751,247036,0.995733;145,7900,0.905733;182,11993,0.944133;177,11366,0.7232;204,17219,0.766667
531,277255;749,248276,0.996667;178,8183,0.904;230,12417,0.940933;186,11598,0.731733;214,18098,0.770667
528,275381;894,247065,0.996533;149,7775,0.916533;140,10762,0.947333;152,10200,0.733067;192,17204,0.784
529,275654;1303,246113,0.994267;104,7321,0.924533;165,11330,0.9492;163,10498,0.731733;191,16393,0.786667
533,276087;1069,246247,0.995467;165,8385,0.937067;192,11662,0.950933;157,10488,0.733867;197,17301,0.8112
529,276380;746,246191,0.9888;131,7604,0.927733;165,11389,0.950667;157,10226,0.730533;197,17046,0.802667
528,277637;746,247227,0.995333;153,7937,0.926133;140,11233,0.952267;157,10773,0.735867;202,18134,0.8212
538,276549;747,246914,0.998667;118,7438,0.9264;196,11684,0.950933;147,10248,0.732267;195,17052,0.8052
529,276413;747,245134,0.997467;201,7632,0.925733;162,11664,0.946933;184,11639,0.7376;211,17955,0.79
527,275755;752,247197,0.991467;137,7240,0.925333;173,11224,0.958267;154,10141,0.7484;178,15531,0.788
528,277427;1111,246602,0.9964;134,7409,0.934;186,11673,0.955333;168,10571,0.757333;186,16151,0.788133
534,277705;1287,243960,0.994;170,7070,0.937867;150,10893,0.964667;154,10652,0.760267;196,16458,0.800933
529,276188;1291,244717,0.997467;162,7410,0.9324;159,10642,0.956533;182,11176,0.7468;224,17822,0.796
530,275049;1297,246530,0.9928;156,7506,0.9156;199,12033,0.954933;185,11382,0.735867;219,17569,0.784933
537,276950;1303,246449,0.992533;157,7891,0.9;179,12018,0.9488;199,11615,0.725067;256,19888,0.781733
529,276736;1306,246709,0.995333;152,7474,0.906;171,11473,0.948;179,10844,0.7224;218,17420,0.7744
529,277040;1297,245078,0.989067;211,8223,0.920133;233,12048,0.960267;175,10936,0.728933;238,19452,0.797867
519,276249;1207,249390,0.993733;134,7933,0.9192;153,11874,0.949467;199,11451,0.724133;217,17819,0.786933
522,276076;743,245585,0.992933;110,8073,0.938933;124,11546,0.954667;114,10827,0.725867;136,17249,0.788533
535,276612;1285,245176,0.991467;78,7398,0.941333;114,11202,0.970667;100,9971,0.733867;135,17332,0.796133
529,275144;1288,245548,0.993067;102,6960,0.929067;117,10088,0.955333;106,10180,0.726533;132,16909,0.7948
540,276542;1298,247388,0.993733;112,7584,0.920133;131,12127,0.956533;117,11264,0.729733;144,18459,0.7948
528,276925;1302,246913,0.994533;184,7972,0.912;175,11999,0.9548;183,11547,0.724533;214,18139,0.7872
516,272628;1286,247446,0.9968;169,6998,0.913333;223,10779,0.9484;152,9896,0.732533;190,16315,0.784
526,276088;1314,248379,0.998133;182,8322,0.914667;169,13132,0.951867;185,11387,0.742;246,19364,0.789867
521,274073;1292,246018,0.992267;135,6941,0.9172;144,11253,0.962933;167,10428,0.7436;203,16799,0.790133
540,276667;1280,245736,0.9964;159,7831,0.9208;158,11142,0.955067;171,10603,0.741733;231,18714,0.795067
540,277400;1227,245917,0.9944;165,8432,0.9248;196,12176,0.9572;189,11714,0.739867;221,18138,0.781467
537,274965;1214,245414,0.994;157,8057,0.929733;191,11199,0.948133;181,11175,0.741867;237,18670,0.782
530,276233;1199,244760,0.984667;176,7736,0.925867;171,11911,0.954933;177,10761,0.734133;211,17387,0.777733
523,274509;1225,247072,0.996133;159,6950,0.926133;163,10912,0.9544;181,11255,0.7432;215,18048,0.7884
525,276536;1208,243602,0.993333;117,6858,0.9312;135,10412,0.952267;164,10453,0.740133;213,17305,0.785467
530,275359;1213,243907,0.991867;102,6244,0.93;82,8836,0.952267;90,9126,0.739867;109,14740,0.7872
532,275400;1206,244918,0.995733;108,7630,0.922667;133,11300,0.9564;119,11250,0.7436;138,17682,0.791067
536,275066;1225,246636,0.997467;130,7498,0.9148;111,11476,0.9544;126,11623,0.749067;152,18978,0.805733
536,277073;1216,244951,0.995867;103,6947,0.9192;92,9866,0.962933;93,9499,0.746;113,15512,0.806533
532,277540;1239,247181,0.9872;143,7682,0.9236;111,11748,0.956;119,11181,0.75;146,17986,0.804267
528,276327;1194,243105,0.992933;141,7791,0.926533;143,11882,0.956267;126,11501,0.7464;151,18759,0.8004
528,276638;1211,245052,0.9896;93,7429,0.919467;98,11621,0.9564;115,11119,0.739867;139,18027,0.7956
530,276680;1206,244118,0.990133;78,6465,0.934533;90,9819,0.965867;93,9311,0.740133;111,14829,0.7976
539,275046;1224,246274,0.994133;107,6882,0.928267;128,9865,0.961333;113,10400,0.7424;134,16720,0.794267
535,277531;1200,244409,0.995733;92,6550,0.9312;106,9308,0.962133;101,10137,0.751333;118,15458,0.798933
535,276825;1214,246112,0.9928;89,6897,0.927467;106,10175,0.954133;103,10060,0.749867;126,16377,0.795467
528,276427;1208,244661,0.9944;98,6800,0.931467;120,10358,0.948267;106,10289,0.744933;126,16620,0.7904
524,275858;1232,246882,0.9904;84,6987,0.937467;102,10271,0.9544;102,9666,0.751867;129,16491,0.796533
528,276355;1200,244997,0.994267;165,7690,0.939467;109,10787,0.959333;112,10450,0.7504;133,16654,0.7924
533,277401;1219,247374,0.987333;94,6685,0.9464;94,9764,0.967733;100,9850,0.753067;115,15456,0.796267
521,275305;1212,246183,0.9892;104,7141,0.934533;110,10657,0.953733;112,10582,0.7524;136,17062,0.792667
535,276534;1231,246434,0.992533;82,6823,0.9376;92,10018,0.966133;91,9251,0.7492;106,14458,0.793067
530,275567;1209,245818,0.994;92,6313,0.942267;97,9619,0.963067;89,9097,0.749067;115,15431,0.796133
532,276927;1220,245909,0.997333;92,6731,0.9436;91,10125,0.9704;107,10553,0.748667;131,17134,0.8048
531,277098;1226,245772,0.995067;86,6945,0.940133;107,10626,0.970667;102,10201,0.7464;121,16073,0.8028
536,276479;1219,243039,0.989067;175,7433,0.9332;161,10978,0.961867;172,10570,0.752933;201,16743,0.8084
532,276160;1212,244961,0.991733;164,7523,0.9308;140,10382,0.951867;152,10168,0.749333;201,16835,0.809733
531,276467;1203,245233,0.994533;137,6598,0.9428;152,9915,0.951333;144,9606,0.756667;177,16080,0.811733
540,277675;1199,244889,0.995467;203,7895,0.9376;215,11267,0.952933;191,10606,0.745067;240,17915,0.798533
530,274896;1205,243589,0.996133;207,7220,0.9376;189,10702,0.955733;184,10484,0.744133;224,16981,0.7924
533,276713;1212,246613,0.996667;169,6750,0.932;165,10001,0.9584;173,10190,0.7416;233,17448,0.8028
526,276485;1202,244996,0.997067;137,7140,0.933467;154,10860,0.958133;180,10442,0.737733;232,17477,0.813867
545,276616;1206,246500,0.997733;163,6685,0.938533;184,10334,0.955867;159,9502,0.739467;205,15863,0.8092
532,276343;1202,243854,0.9888;165,7344,0.928533;185,11292,0.958667;177,10194,0.743733;230,17245,0.802933
530,275790;1198,243086,0.991333;198,6742,0.928933;171,10185,0.964133;169,9950,0.748133;210,16252,0.805067
543,276166;1190,244124,0.993333;86,6555,0.927333;85,9734,0.957867;101,9592,0.741733;124,16016,0.8024
532,276142;1202,245450,0.994267;106,6824,0.928533;92,10056,0.96;95,9499,0.740933;127,16277,0.796
529,277513;1206,244260,0.994;103,6635,0.931867;113,10268,0.957467;104,10158,0.7396;128,16424,0.795867
525,275742;1208,243752,0.9928;83,6233,0.932267;115,8738,0.958267;85,9029,0.736533;109,14589,0.791067
540,276235;1209,248123,0.9932;75,5796,0.930667;89,8931,0.962267;92,9427,0.729333;106,15006,0.785867
535,276824;749,245739,0.998933;76,7002,0.924133;136,10813,0.949867;99,10019,0.727333;123,16346,0.7808
533,276153;732,244248,0.9936;95,7122,0.938933;157,11082,0.9672;103,10100,0.741333;134,17424,0.808533
541,275954;744,246101,0.9964;115,6645,0.9396;103,9432,0.965867;89,9122,0.745867;114,15046,0.8108
535,276932;740,246078,0.988933;111,7919,0.926933;118,11922,0.952533;122,11205,0.736533;140,17652,0.7936
521,275572;1001,245724,0.991867;124,6657,0.926133;142,10156,0.9572;99,9965,0.734;117,15449,0.7968
520,274620;1283,246314,0.991467;123,7003,0.9308;102,9405,0.946933;100,9976,0.726;117,14963,0.781467
545,277451;941,246376,0.993067;157,7236,0.922533;152,10937,0.9464;166,11048,0.736133;205,17293,0.784133
537,275532;1286,246259,0.993467;122,6395,0.9208;151,9330,0.954;136,9563,0.740267;169,15239,0.791067
535,277125;1294,245376,0.992267;141,6705,0.926267;218,9888,0.952;138,9164,0.741467;158,14106,0.7896
548,276551;1283,244948,0.9968;162,6921,0.932267;135,9575,0.949867;149,9895,0.739333;175,15416,0.794933
535,276793;1293,246289,0.995067;122,6732,0.933467;156,10943,0.954667;153,10127,0.7444;190,16713,0.7988
534,276987;1301,246673,0.994533;122,6999,0.925733;129,10504,0.965467;150,10171,0.7476;191,16383,0.8012
534,276890;1297,246943,0.996933;114,6699,0.936133;148,9918,0.967333;151,9840,0.750667;194,15728,0.8056
544,276685;745,246546,0.9944;218,7320,0.937467;170,10768,0.9664;169,10432,0.745333;204,16750,0.799867
527,275532;750,246732,0.997067;153,6999,0.933333;188,10904,0.961333;159,9846,0.743333;194,15958,0.794267
521,272992;750,247401,0.997467;146,6480,0.9292;146,9881,0.951333;144,9590,0.7444;172,14947,0.7872
549,275724;741,244626,0.991733;153,6967,0.9316;150,10585,0.958;149,9834,0.748267;185,15976,0.7956
533,276358;747,246065,0.996933;169,7142,0.925733;156,10823,0.962267;160,10147,0.747067;202,16694,0.788933
534,276533;745,247742,0.995867;133,6720,0.928;140,10269,0.959733;153,10316,0.7492;182,16323,0.797467
525,275643;1081,247417,0.995467;128,6547,0.934;175,9482,0.955867;136,9398,0.7472;172,15147,0.793467
541,274531;1304,246374,0.9976;167,7204,0.9368;210,10216,0.948533;155,10110,0.736;181,15916,0.784267
532,276889;1306,246019,0.996133;255,7577,0.943067;159,11332,0.961333;172,11064,0.739867;207,17184,0.7892
527,275965;1044,248062,0.997733;149,7755,0.928933;150,11258,0.9552;167,10653,0.740133;205,17789,0.784667
547,276352;753,248178,0.9972;134,6685,0.935733;223,10602,0.958267;151,9733,0.74;183,16008,0.799067
524,273401;753,248147,0.998267;142,6923,0.938133;138,10289,0.956133;142,9548,0.742667;117,15662,0.8024
539,276870;736,243926,0.9944;148,7396,0.936933;178,10600,0.951467;161,10339,0.7452;205,16819,0.796667
530,276127;748,247877,0.997333;132,6923,0.937467;149,10893,0.955867;151,9836,0.744533;188,15902,0.793733
528,274823;807,241834,0.9884;135,6387,0.930133;208,10014,0.953333;150,9786,0.741733;170,14634,0.792133
533,277370;1292,244917,0.994133;219,7592,0.944533;153,10699,0.968533;151,9763,0.745067;192,15953,0.801067
526,274677;1278,244087,0.9952;122,6586,0.947467;193,10035,0.967067;92,9388,0.7496;116,15227,0.808
537,276120;1303,247374,0.996;142,6053,0.946933;174,8940,0.967467;136,9213,0.7584;170,14706,0.818267
528,274986;1276,242568,0.9956;158,6509,0.939067;177,9596,0.961867;141,9171,0.7544;168,14309,0.818667
530,274774;1296,245497,0.998533;169,6462,0.936933;148,8938,0.956133;132,9093,0.7492;158,14265,0.8136
537,276433;1143,243021,0.9956;195,7032,0.939333;133,10029,0.9612;102,10021,0.753333;116,15183,0.810133
533,274732;746,245884,0.992933;80,6003,0.9468;79,8346,0.964933;90,9344,0.754933;108,14639,0.815333
534,276033;1278,244104,0.994267;89,6112,0.934133;87,9535,0.961333;94,9414,0.746267;122,15602,0.8084
536,276907;1293,244438,0.993867;112,7340,0.9252;96,10709,0.952;111,10976,0.744267;132,17346,0.798533
529,275483;1286,243986,0.989867;104,6241,0.924267;74,8475,0.954133;90,9325,0.7448;104,14136,0.800933
536,277091;1314,247120,0.991867;95,6762,0.935867;98,9188,0.954533;105,10201,0.746933;120,16149,0.815467
535,276555;1295,244952,0.994267;137,6516,0.939733;128,9273,0.957733;140,9209,0.755333;166,14839,0.816667
525,276865;1286,244409,0.990933;165,7074,0.926933;162,10070,0.945867;148,9999,0.749333;197,16400,0.8068
536,277132;1291,244716,0.992933;122,7096,0.9316;195,10528,0.960533;160,9883,0.756667;198,16128,0.808933
541,276479;1295,244741,0.992267;153,6321,0.938533;143,9474,0.961467;141,9140,0.7596;169,14323,0.8124
532,276095;1303,246829,0.989733;142,6067,0.931067;112,8647,0.961467;136,9117,0.756133;116,14551,0.813467
526,276898;1297,244960,0.995867;122,6830,0.926133;180,10904,0.9592;157,9868,0.753467;188,15560,0.811333
527,275122;1293,243047,0.992933;141,6231,0.927333;149,9036,0.966533;143,9003,0.755867;178,14808,0.814933
532,275360;1299,245114,0.991733;125,6739,0.931333;178,9773,0.962933;163,10051,0.750533;195,15398,0.8072
535,274363;1291,243478,0.993067;120,5961,0.933867;120,8791,0.967067;137,8898,0.7472;165,14048,0.799467
531,274883;1254,246047,0.992;122,6366,0.929867;133,9137,0.955867;131,9061,0.742133;161,14814,0.794933
530,276626;747,244714,0.9936;116,5444,0.9312;138,8352,0.958667;123,8588,0.741333;153,14090,0.800533
530,276348;750,245272,0.9924;118,6348,0.936267;197,9837,0.9584;98,9597,0.737467;119,15669,0.798267
538,276674;752,245934,0.997867;80,6430,0.9312;126,9871,0.9576;165,10009,0.740267;190,15980,0.803733
533,276350;743,245096,0.992667;148,6565,0.9264;139,9587,0.950133;148,9586,0.740133;191,15954,0.803733
525,275757;740,242694,0.9872;115,6394,0.9296;141,8929,0.948267;135,8995,0.733867;172,14949,0.797733
528,277052;749,245802,0.988933;112,6340,0.938667;119,9122,0.9492;156,9911,0.738933;186,15981,0.802133
531,276977;740,243611,0.9956;175,6851,0.934667;169,10269,0.950667;154,10196,0.745067;161,16561,0.8004
544,276328;743,243486,0.994267;223,6925,0.939067;184,10262,0.948267;162,9941,0.7392;178,15778,0.796
536,277008;758,246579,0.997733;146,7020,0.949333;122,9853,0.9516;151,10094,0.745867;184,16475,0.8012
533,277028;747,245915,0.9952;100,5766,0.951467;105,8696,0.963467;123,8852,0.747333;158,14324,0.8012
524,275871;737,241948,0.995467;106,6500,0.956667;121,9596,0.9692;143,9891,0.7544;170,15382,0.8068
533,276708;748,245165,0.996667;205,6542,0.954;176,9502,0.97;133,9245,0.7572;175,15588,0.815333
541,276759;736,242187,0.9956;96,5866,0.945867;121,9051,0.966267;141,9888,0.7584;167,15225,0.810267
539,276942;1289,243494,0.9924;101,6204,0.940933;118,9100,0.9588;145,9628,0.7556;168,15052,0.804
535,275843;1285,242836,0.994267;110,6766,0.9476;131,9971,0.972933;146,9782,0.756267;185,16505,0.805067
534,275999;1280,241010,0.989467;118,5728,0.9432;93,8756,0.974267;87,8977,0.753867;98,13712,0.8004
533,274658;1281,241969,0.992933;79,6161,0.944133;77,9051,0.966533;91,9281,0.750933;169,14661,0.797733
534,274757;1288,244314,0.9956;104,5951,0.947067;193,9361,0.972133;127,8735,0.751067;167,14398,0.8036
542,275776;1281,244412,0.995733;120,6425,0.9384;149,9766,0.974133;150,9670,0.747733;201,16491,0.797867
529,276617;1286,244475,0.992133;157,6623,0.942;170,9448,0.976933;136,9277,0.7496;175,15036,0.802533
538,277401;1295,245818,0.995067;113,6510,0.9404;147,9837,0.963067;153,10109,0.748933;184,15998,0.796133
538,276957;1286,243625,0.9924;117,6612,0.935733;152,9969,0.9596;152,9966,0.7448;185,15953,0.790933
537,275300;1281,243626,0.991333;132,6863,0.931333;129,9672,0.949333;104,9824,0.741733;124,15679,0.7872
529,276364;1282,243153,0.995067;84,6743,0.9228;104,9765,0.9376;106,10204,0.7336;118,15981,0.780267
530,274826;1280,242825,0.989733;84,6317,0.9272;112,9827,0.959467;113,9454,0.736667;176,14693,0.781467
532,275402;1287,243967,0.992533;145,6505,0.928533;151,10492,0.968933;148,9506,0.738533;184,15609,0.8056
532,276106;1299,245224,0.992133;148,6348,0.927067;140,10188,0.965867;159,10277,0.741733;190,15882,0.7972
535,275632;1291,244706,0.9932;132,6420,0.9264;161,10072,0.963067;148,10418,0.742533;190,15784,0.7928
527,274876;1281,242678,0.991467;207,6755,0.917867;217,10540,0.9668;168,10442,0.739467;197,16041,0.789733
528,275165;1266,244012,0.9928;308,7125,0.914;202,11086,0.962;162,10274,0.7384;196,16252,0.7928
530,276047;740,245878,0.996;121,6276,0.916533;146,10163,0.9732;135,8964,0.741733;159,14430,0.793467
530,275777;734,243077,0.990667;160,7328,0.927467;114,11000,0.966133;112,10153,0.7432;127,16536,0.794133
532,276500;737,243742,0.996;113,6991,0.929733;224,10454,0.9708;160,10057,0.742667;190,16024,0.793333
526,275283;733,243550,0.993733;139,6359,0.936667;155,9124,0.9652;119,9530,0.743867;180,15315,0.798533
527,276119;736,243895,0.993467;94,6440,0.942667;142,8782,0.968;128,8799,0.744133;164,14724,0.797867
540,276596;745,246565,0.996133;126,6758,0.938267;160,10319,0.965867;161,10461,0.749067;191,16590,0.798267
536,277102;738,245938,0.989067;129,6823,0.9248;287,11555,0.9608;163,10566,0.747067;200,17134,0.792667
521,275039;737,243903,0.996133;104,6272,0.928267;156,10052,0.964267;149,9871,0.756667;197,16952,0.795867
527,276302;739,245088,0.9956;121,6290,0.923867;135,9030,0.958267;139,9072,0.750667;171,14432,0.796133
528,274472;731,242096,0.9928;114,6295,0.9252;158,9354,0.950533;151,9555,0.749467;167,14282,0.793867
541,277154;734,243435,0.992933;178,7335,0.944133;168,10072,0.951333;160,9982,0.748533;185,15558,0.801067
533,276466;876,243838,0.9964;177,5960,0.9532;146,9039,0.963867;129,8959,0.751067;147,13635,0.8032
532,277138;1284,242465,0.9964;140,6538,0.951867;133,9683,0.965867;151,9979,0.7492;178,15262,0.7976
530,275513;1284,243970,0.993733;135,6942,0.944933;143,10324,0.955867;153,10135,0.744;192,16332,0.7956
534,274992;833,243499,0.9944;143,6686,0.943467;146,9783,0.956667;155,10253,0.746533;190,16241,0.796933
531,276118;739,245671,0.995067;136,6245,0.942267;124,8966,0.954133;149,9678,0.754533;183,15294,0.7996
525,274855;727,242300,0.995467;140,6654,0.939333;171,10166,0.959067;160,9711,0.7628;186,15143,0.7972
531,275522;729,242865,0.9956;218,6838,0.938933;166,9778,0.966933;160,9858,0.760667;190,15308,0.8112
533,276215;766,246399,0.996267;146,6396,0.946533;207,9423,0.969333;142,9152,0.7628;176,14691,0.812667
528,276818;1034,246990,0.9944;138,6975,0.947867;167,10421,0.970667;176,10374,0.758667;216,16560,0.806667
533,277669;748,246243,0.9976;135,6278,0.934667;148,9598,0.9648;147,9272,0.7552;201,16445,0.810267
591,275663;749,247192,0.994933;125,6303,0.933333;141,9263,0.9664;140,8991,0.7552;165,14400,0.807067
589,274762;750,245957,0.998267;140,6456,0.933467;133,9291,0.962;141,9440,0.753867;163,14136,0.803333
588,274936;737,243716,0.996933;171,6988,0.929333;141,9810,0.956267;145,9744,0.747467;186,16200,0.793333
591,276243;1041,241676,0.994133;122,6718,0.9352;133,10236,0.952133;160,10615,0.761467;171,15866,0.7888
581,276472;735,243385,0.994133;153,6962,0.9388;214,11853,0.966133;166,10556,0.762;194,16161,0.7864
579,276501;733,243169,0.992533;134,6708,0.936133;155,9998,0.973733;150,10113,0.758133;184,15970,0.791067
584,276755;749,246610,0.994533;143,6709,0.9452;158,9688,0.9688;140,9350,0.7676;174,15451,0.8068
588,276816;738,244179,0.991867;127,6598,0.9412;162,10396,0.970667;148,9900,0.777467;182,16056,0.81
587,276796;733,243370,0.993867;197,6381,0.943733;148,8851,0.964133;141,9731,0.774667;159,14216,0.804267
583,275071;740,245380,0.990667;125,6562,0.94;122,9307,0.9628;159,10346,0.772;185,15910,0.806
585,277206;735,243706,0.996133;134,7319,0.94;181,10631,0.96;154,10083,0.7668;190,16230,0.8112
590,276471;1045,243318,0.992667;137,6737,0.9392;228,10044,0.959467;142,9657,0.7652;183,15856,0.8076
586,277382;1222,244558,0.9956;152,7410,0.945467;186,10546,0.957467;154,10302,0.7636;208,17550,0.807333
590,277045;1209,244370,0.995867;196,6699,0.933467;178,10474,0.958;163,10207,0.762133;191,16070,0.801733
583,274910;1204,243268,0.993733;127,6350,0.937467;118,8807,0.9616;124,8713,0.759733;175,15544,0.814667
588,277121;1205,244053,0.995067;135,6665,0.943333;144,9670,0.961333;140,9418,0.758667;175,15359,0.809067
576,275088;1209,244087,0.995867;110,6423,0.936933;138,9540,0.959067;137,9205,0.754133;174,15349,0.805333
589,276140;1192,242666,0.993067;128,6353,0.936133;147,9184,0.955733;145,10029,0.760533;175,15669,0.807067
575,276303;1236,245495,0.995467;130,6370,0.939867;141,9246,0.960667;134,9456,0.7576;197,14881,0.805333
585,276202;1213,244561,0.994933;164,6805,0.936667;159,10008,0.959867;161,9610,0.756933;196,15186,0.804267
590,277081;1223,245421,0.993867;196,6808,0.9384;196,9922,0.958667;156,9409,0.7548;180,15805,0.7988
585,277422;1220,246319,0.994533;135,6354,0.936533;138,9283,0.963867;156,9335,0.7564;187,14767,0.794267
587,274573;1231,246445,0.996;155,6552,0.929467;174,9839,0.9572;159,9640,0.757067;182,14460,0.789733
578,276175;1199,242990,0.992267;133,6620,0.923733;160,10338,0.949467;175,10402,0.757867;219,16508,0.783867
596,276190;1202,242393,0.993467;127,6080,0.935867;152,8797,0.960533;126,9110,0.764133;157,14445,0.799733
587,276282;1243,242536,0.993333;126,6491,0.938267;156,10423,0.966933;138,9643,0.764;179,16175,0.800533
578,277182;1239,246776,0.996533;163,6774,0.939467;130,9693,0.961333;148,10001,0.7632;188,16278,0.797733
593,276414;1203,243928,0.995067;135,6251,0.946667;151,9309,0.968;136,9467,0.761733;170,15124,0.7956
580,274682;1212,244286,0.992133;126,6680,0.940267;102,9754,0.961733;142,10173,0.761067;129,16794,0.798133
547,276293;1193,243174,0.9928;117,6768,0.931733;108,10086,0.958933;112,10650,0.767067;138,16919,0.8048
554,275257;1190,242891,0.994267;96,6131,0.9236;91,9040,0.9584;96,9552,0.7556;116,14564,0.796533
547,277129;1208,244429,0.988667;131,7643,0.926933;161,10973,0.9604;173,10794,0.748133;141,17848,0.804267
532,273789;1211,246897,0.9976;128,6195,0.932933;145,9827,0.963333;129,8996,0.757467;174,14841,0.805333
526,275381;1199,245650,0.996533;188,7372,0.927467;146,10927,0.9544;162,10690,0.753067;207,17371,0.793333
533,276174;1205,244967,0.994133;117,6206,0.9232;249,9467,0.953733;127,10341,0.7692;131,14364,0.794667
535,276019;1198,242691,0.995333;86,7051,0.9344;83,10089,0.962933;102,9628,0.762;115,15331,0.791467
542,277586;1210,244075,0.995733;93,7508,0.930533;103,11129,0.958933;114,10888,0.7656;141,17439,0.791333
544,276099;1228,245072,0.996;118,7454,0.941067;104,11282,0.971467;108,10578,0.7676;202,17050,0.790933
533,276720;1238,246358,0.9976;130,6121,0.935333;140,9747,0.97;134,9715,0.778133;120,15543,0.796933
537,276259;1202,245138,0.994533;115,7297,0.935733;128,11114,0.954667;119,11159,0.782267;142,17259,0.800133
529,276491;1206,247265,0.996133;228,6631,0.922667;141,9761,0.962667;158,10040,0.7812;187,15965,0.799467
533,275675;1201,241415,0.9888;146,6720,0.9336;154,9657,0.961333;137,10316,0.7852;184,15893,0.8104
538,276427;1216,245713,0.996133;256,6986,0.931333;161,10392,0.964267;154,10075,0.781867;193,16196,0.8044
538,276382;1234,249053,0.996133;153,7103,0.920667;169,11036,0.9636;157,10403,0.771067;177,16610,0.799733
542,276778;1226,245440,0.9944;132,6493,0.922133;150,9688,0.9652;151,9668,0.773067;178,15495,0.8024
535,274354;749,245459,0.9964;140,5661,0.924;119,8437,0.9652;123,8691,0.7688;158,13925,0.7956
528,272924;741,246165,0.9968;188,6363,0.926;132,9602,0.970267;147,9317,0.7684;180,15368,0.794933
532,276863;741,246114,0.9964;160,7054,0.933333;211,10943,0.9676;171,10750,0.775333;204,17367,0.810133
535,276186;739,245602,0.995867;103,6137,0.933733;116,9214,0.964267;137,9519,0.775733;170,14858,0.804
536,275642;949,245764,0.9912;104,6505,0.9348;100,10116,0.9628;91,9097,0.777067;117,14839,0.804267
534,275241;1217,245150,0.994;114,7331,0.927867;118,11148,0.958267;109,10254,0.770667;141,16822,0.805067
536,276161;1218,246573,0.997333;157,6436,0.9416;161,9555,0.968133;141,9348,0.773467;174,15255,0.805067
533,275585;1245,247471,0.998667;126,6913,0.9436;147,10561,0.965867;156,10030,0.771867;197,16309,0.804933
533,275678;1203,244914,0.996133;121,6836,0.942;172,10236,0.962267;158,10215,0.7728;203,16490,0.8032
529,276657;1199,247726,0.994267;122,6773,0.930667;151,10737,0.957467;161,10340,0.769867;206,17265,0.801467
542,277178;1204,244791,0.997067;192,6524,0.921467;180,9665,0.951067;139,9342,0.7676;178,15049,0.798
535,276002;1208,246215,0.996133;125,6842,0.9232;135,10120,0.954533;153,10106,0.763467;195,16551,0.790533
533,275584;1223,247279,0.997067;165,6850,0.923867;141,10138,0.953467;132,9835,0.761333;124,15756,0.7908
536,275657;1231,245090,0.995333;96,6840,0.9184;108,10811,0.951867;113,10750,0.769733;139,16954,0.785467
537,277397;1223,247154,0.992533;99,7640,0.932933;138,11646,0.963733;178,11241,0.7724;216,17491,0.782
535,276552;1200,245770,0.990533;107,6247,0.9328;117,9556,0.964133;93,9538,0.771867;121,16088,0.780533
533,273579;1089,242791,0.9956;141,6666,0.9248;152,10397,0.9584;161,10697,0.7664;196,16768,0.7804
543,277019;738,245501,0.993467;181,6791,0.931733;142,9501,0.959067;146,9600,0.769733;162,15325,0.781333
538,277169;745,247311,0.9908;135,6515,0.934667;155,10067,0.961333;153,10039,0.768;197,15935,0.782933
537,277595;740,246476,0.995067;175,6903,0.937333;166,10295,0.963733;155,9769,0.765867;204,16730,0.784
537,276507;739,246652,0.997067;272,7338,0.9328;185,10495,0.9576;172,10479,0.7656;225,17207,0.790133
530,275906;737,245294,0.9948;126,7134,0.936933;168,10836,0.956133;141,9999,0.761467;191,16218,0.790133
532,274840;1049,246496,0.992267;160,7342,0.943067;153,10527,0.967467;165,10534,0.764133;196,16845,0.795867
535,276870;1299,246119,0.995867;146,6852,0.9424;153,10583,0.9644;156,10087,0.766133;214,17492,0.7964
537,276414;1298,246294,0.9932;155,6526,0.944933;164,10195,0.958933;142,10020,0.767733;194,16668,0.799867
538,276732;1292,246311,0.996667;163,6680,0.941067;153,9845,0.9736;143,9233,0.769467;183,15089,0.801867
535,275590;1293,246408,0.9952;172,6894,0.9364;173,9854,0.968933;137,9453,0.764933;180,15876,0.7916
569,275698;1305,247485,0.9984;141,6524,0.927867;158,10012,0.961333;150,9889,0.7568;179,15443,0.784267
546,275412;1299,246969,0.996933;136,6612,0.935467;144,9677,0.962;132,9292,0.7664;168,15156,0.7912
536,276973;1300,246253,0.996;137,7042,0.937467;143,10334,0.960667;151,10098,0.7652;186,16417,0.7972
539,276838;1299,245133,0.995333;136,6715,0.9356;135,10170,0.949733;143,9749,0.760133;180,15749,0.787067
545,275269;1306,248324,0.992;155,6692,0.934267;176,10623,0.954933;167,10673,0.770533;195,16715,0.785067
547,276473;1286,244698,0.993867;139,6868,0.931067;144,10644,0.9604;151,10055,0.774667;180,15846,0.786533
544,275140;1279,242807,0.988933;123,6921,0.932533;169,9986,0.958267;166,10795,0.7736;186,16428,0.789733
550,275873;1303,246340,0.9956;131,7114,0.9228;152,11920,0.963467;161,10847,0.768267;138,17512,0.7832
541,275505;1309,247590,0.993867;88,6692,0.924533;128,10387,0.965467;104,9791,0.7696;182,15116,0.783067
537,274611;1294,245935,0.995867;143,6715,0.937067;101,9848,0.965867;89,9039,0.769067;175,15077,0.784267
551,277150;1315,248081,0.9956;148,6955,0.932133;124,10478,0.961467;162,10723,0.7672;204,17164,0.7856
549,275898;1303,246243,0.995333;115,6634,0.9288;156,9899,0.952533;148,9899,0.7584;195,16925,0.7764
546,276376;1293,245381,0.990533;128,7086,0.920533;166,11150,0.9504;150,9934,0.752133;205,17277,0.7784
516,275417;943,249295,0.9956;142,6971,0.9304;161,10075,0.955867;143,9402,0.7504;152,15723,0.781067
539,276507;1177,247849,0.992933;82,7109,0.9372;195,10940,0.9604;162,10030,0.7496;191,15933,0.781333
537,276863;1288,245087,0.993867;153,6971,0.946933;181,10628,0.966133;150,9753,0.752667;183,15669,0.7928
532,275538;1295,248585,0.990933;133,7010,0.948133;174,10780,0.965067;145,10166,0.760133;184,16216,0.789333
532,275972;923,247620,0.9972;180,7500,0.947867;145,10658,0.962533;163,9988,0.759867;198,16233,0.791467
538,275701;1260,251260,0.9952;137,6954,0.9412;117,9762,0.9592;142,9568,0.757067;175,15419,0.782533
533,276957;1307,248902,0.9936;150,6782,0.940267;180,9573,0.953867;139,9718,0.7556;181,16380,0.783733
529,274346;1279,246054,0.990933;124,6825,0.939733;111,10659,0.957867;140,9781,0.7496;155,15823,0.785467
530,275182;1297,246815,0.9952;163,7215,0.932133;147,11055,0.958933;154,10209,0.743867;193,16913,0.7812
531,275789;1292,247798,0.9912;124,7228,0.941733;162,10888,0.966133;141,10148,0.743067;173,16038,0.782267
533,276093;1247,247121,0.9964;162,7463,0.940267;255,11549,0.964667;167,11155,0.744267;196,17538,0.780667
530,277123;1203,245721,0.995867;136,7531,0.942133;121,11850,0.965733;126,11455,0.768533;191,17684,0.790667
529,276219;1201,245777,0.9972;82,7495,0.9388;118,11858,0.954267;128,11751,0.761467;160,17916,0.784
528,275632;1240,248726,0.995333;161,7051,0.94;149,10161,0.958933;156,9803,0.765733;180,15157,0.787467
529,276282;1284,244970,0.992267;136,7436,0.9368;176,10929,0.9592;179,10969,0.7612;210,16748,0.782667
523,276480;1284,245020,0.993467;134,7082,0.9392;152,11193,0.964267;159,10662,0.759733;138,17180,0.785733
523,276545;1283,245191,0.992533;106,6551,0.938133;86,9515,0.962933;137,9657,0.758;174,14789,0.784267
523,276399;1289,245073,0.9956;172,7351,0.932667;151,11244,0.9568;167,10736,0.755467;187,16407,0.777467
528,277163;1142,246963,0.995333;163,7217,0.922;171,10687,0.957733;175,10764,0.7628;205,16851,0.781467
530,276352;1301,246551,0.9972;206,7930,0.9364;182,11553,0.9632;160,10257,0.7584;179,16426,0.787467
530,277235;1169,245283,0.9924;125,7238,0.9268;160,11359,0.949467;158,10748,0.748667;192,17335,0.786533
530,277351;741,247029,0.992533;190,7457,0.9176;159,11143,0.953733;180,11646,0.762533;217,17342,0.791067
524,277051;843,246477,0.993867;174,7502,0.913733;160,11680,0.966533;158,10477,0.7616;169,17658,0.795067
528,276182;765,245759,0.995467;134,7833,0.937333;108,10496,0.965733;138,10152,0.763067;200,16576,0.795467
528,275751;1267,248134,0.996267;145,6889,0.949733;154,10224,0.971333;148,10175,0.772133;192,16495,0.8016
531,276483;1285,246013,0.994;117,7137,0.933467;136,11202,0.958;184,11219,0.7568;217,17650,0.785867
529,275723;1103,247083,0.992933;165,7093,0.925067;147,11066,0.955333;173,10665,0.761467;218,17450,0.778667
535,276549;1076,247730,0.995467;158,7588,0.933867;157,11607,0.9504;177,10999,0.771867;146,17640,0.793867
532,276022;940,251093,0.996533;113,7449,0.934133;134,12242,0.9528;120,11308,0.762;147,17361,0.786
534,276210;1303,249178,0.9976;115,7246,0.933733;105,11004,0.954267;109,10137,0.748267;207,16717,0.768933
535,277248;763,248186,0.9984;152,7964,0.9376;168,11817,0.947467;171,10538,0.750133;223,17856,0.776267
551,277084;1135,249345,0.996;162,7159,0.939067;188,10618,0.9548;150,10074,0.75;158,16096,0.777067
545,275227;787,247528,0.994;122,6846,0.940133;136,10001,0.952933;156,10250,0.749867;188,16387,0.7764
550,276771;741,247904,0.995467;139,7261,0.939333;158,11168,0.960533;167,10976,0.7528;209,17508,0.777067
547,276986;1031,247902,0.9928;145,7755,0.934267;161,11585,0.959733;172,11105,0.749467;202,17307,0.777067
547,276415;843,244482,0.9972;185,7590,0.934;165,11241,0.9644;159,10682,0.753733;199,16693,0.788667
546,277086;1125,246684,0.997467;193,7232,0.934533;149,10410,0.959333;157,10458,0.746133;185,16128,0.781733
529,273431;1297,246921,0.996533;213,6639,0.932;139,10032,0.959733;136,9220,0.7492;158,14277,0.7848
545,275625;1278,245248,0.992133;125,7035,0.930667;144,10986,0.970667;149,9741,0.750267;188,16082,0.792267
543,276878;1263,247876,0.9956;113,6665,0.926533;96,9874,0.966667;113,10660,0.751733;137,17624,0.798133
542,277414;1119,248985,0.997467;97,7151,0.932;99,10850,0.9612;112,10618,0.7544;140,18009,0.798
535,274693;1154,246535,0.9956;184,7583,0.926;190,11637,0.960933;149,10829,0.753467;216,18198,0.794133
540,277850;1188,246780,0.9948;200,7494,0.914667;145,10916,0.953333;180,11574,0.7444;226,18729,0.794
539,276090;1060,246432,0.9904;143,6085,0.922933;249,9046,0.9532;143,9284,0.742933;181,15418,0.793733
546,277306;1099,243495,0.993867;150,7395,0.9048;173,11977,0.947733;173,11004,0.733333;222,18805,0.782667
562,276997;1100,247065,0.995867;150,7660,0.907733;163,11672,0.941067;172,10931,0.7288;228,19490,0.788
537,271033;1176,243833,0.992;142,7328,0.9192;159,11130,0.9432;164,10304,0.731867;201,16427,0.785067
543,274783;1281,244440,0.992533;132,6533,0.911867;153,10099,0.947467;166,10329,0.742533;171,14772,0.777067
543,273518;1259,246358,0.9928;142,7437,0.9064;100,11492,0.964;166,10286,0.741467;194,16719,0.790667
558,275451;1272,245082,0.996267;162,8065,0.9212;160,11609,0.955467;171,11811,0.743867;217,18083,0.785333
555,276195;1246,245715,0.988;159,7690,0.9248;159,11051,0.9516;167,10738,0.739333;197,16962,0.780533
559,275621;827,243522,0.994133;145,7388,0.930667;156,10721,0.949867;184,11749,0.741467;226,18658,0.786667
577,276135;753,246705,0.994267;156,6685,0.928267;144,9591,0.942667;151,10179,0.7472;182,16060,0.792533
573,276868;1248,247233,0.992667;150,7638,0.9208;174,11676,0.943867;197,11386,0.744667;237,17902,0.784533
571,275995;1256,246802,0.996933;150,7263,0.9224;167,10380,0.947333;185,10925,0.751733;206,16606,0.788933
558,274915;1251,245735,0.9912;157,6629,0.922533;156,9839,0.950533;165,9985,0.7576;184,15464,0.790533
548,275653;1295,246117,0.9972;143,6788,0.9264;166,10043,0.9556;160,9744,0.7528;206,16149,0.7948
553,277173;980,248209,0.990933;125,6899,0.931867;176,11374,0.9612;182,10694,0.7608;217,17518,0.7992
564,277196;1139,245426,0.994;162,6488,0.925867;158,9922,0.9592;158,10618,0.757733;187,16595,0.7996
560,274787;922,246999,0.991867;124,6775,0.927467;126,9554,0.950667;137,9608,0.747733;179,15937,0.7952
559,276109;1250,245779,0.995467;121,7078,0.923733;159,12198,0.9652;148,10141,0.7444;193,16666,0.794
564,276228;1213,246385,0.993867;131,6747,0.9364;160,10600,0.9732;137,9431,0.748533;175,15975,0.7948
569,276423;1210,244469,0.989867;177,7135,0.925867;154,10448,0.966;158,10865,0.7468;185,16469,0.794267
539,272866;1225,245011,0.993733;128,7283,0.9236;183,10604,0.9596;143,10064,0.746133;192,16587,0.785867
547,275375;985,246928,0.991467;131,6984,0.929467;146,10749,0.9592;131,9358,0.744933;177,16224,0.788933
552,276427;1292,245969,0.988267;151,7079,0.9392;134,10211,0.967467;120,9189,0.7428;191,16175,0.789867
554,276728;1157,247183,0.9928;142,6429,0.934933;128,9867,0.960267;123,8881,0.741467;165,15380,0.7848
551,276098;1050,244928,0.993733;140,7186,0.943867;171,11070,0.9616;123,10275,0.7492;127,17144,0.7948
539,275635;734,243665,0.9936;128,6865,0.935067;168,10859,0.960133;143,10420,0.7472;175,16211,0.806
552,276897;858,242939,0.991467;120,6355,0.936267;122,9555,0.955333;101,10132,0.748;122,16359,0.806133
544,275135;1225,245052,0.994933;135,6611,0.9356;101,10150,0.9584;85,8849,0.7528;108,14842,0.802533
554,276267;1099,247464,0.997333;58,6252,0.921867;85,9879,0.950133;140,9665,0.747467;178,15821,0.789067
552,275556;1055,246139,0.995467;105,6284,0.924;155,9905,0.959067;138,9596,0.743733;180,15628,0.790667
545,275974;1208,245962,0.995467;121,6591,0.92;137,10371,0.97;138,9438,0.740667;176,15299,0.782133
549,276360;1200,244754,0.9928;119,6657,0.932667;149,9821,0.974933;144,9874,0.7476;156,14586,0.7904
557,277197;1191,247801,0.994533;111,6605,0.928267;141,10117,0.976933;140,9796,0.748267;181,15725,0.7868
584,276494;810,245232,0.995067;176,6647,0.9408;148,9858,0.976933;140,9452,0.751467;167,14765,0.791733
582,275829;922,243487,0.992533;87,6486,0.949333;91,8843,0.979467;86,8891,0.754667;102,13899,0.793733
578,276399;1166,246065,0.995733;91,6686,0.9364;126,9984,0.9732;167,10343,0.749067;152,16006,0.7852
551,277184;981,245277,0.9976;160,6900,0.9412;157,10140,0.97;150,9752,0.7496;177,16043,0.787067
548,275801;843,245609,0.998133;162,6097,0.940133;143,9148,0.972133;144,9631,0.759867;168,14472,0.7888
544,275719;1104,244620,0.997333;154,6576,0.9368;157,9757,0.969467;149,9658,0.759333;172,15053,0.795333
546,274762;1284,245639,0.995067;128,6838,0.943467;180,10108,0.97;169,10469,0.758133;204,16698,0.804267
539,272993;1214,245236,0.994933;188,6570,0.943467;207,10026,0.968;157,10047,0.763067;182,15492,0.8052
552,276434;921,245359,0.994;116,7165,0.943733;157,10983,0.9728;164,10642,0.757467;189,16770,0.8052
559,276538;740,244722,0.997067;120,7389,0.954133;112,10495,0.964267;108,10383,0.760667;128,16412,0.796
553,276577;988,245328,0.9948;132,6875,0.954;152,10334,0.9764;138,9615,0.760533;180,15191,0.793467
547,274501;735,245349,0.994533;124,7006,0.940933;148,11192,0.9632;156,10432,0.756533;216,17955,0.8044
550,277279;1131,242697,0.996533;168,6515,0.940267;146,9443,0.965867;137,9036,0.761467;169,14916,0.815733
554,277364;1283,244731,0.994267;137,7017,0.944533;146,9887,0.9656;145,9742,0.7608;171,15078,0.812933
549,277472;1299,246410,0.996267;103,5996,0.940667;123,9453,0.9672;139,9485,0.764267;164,15527,0.821333
546,273719;1292,245970,0.996667;176,6416,0.9344;158,9510,0.956667;168,9874,0.76;202,15667,0.810133
544,273828;1287,243587,0.992933;185,6647,0.937733;148,9948,0.960267;132,9108,0.758133;118,15327,0.8072
546,274238;1292,245613,0.990267;99,6335,0.935733;137,9828,0.962933;88,8950,0.7552;117,15292,0.8048
550,276078;1298,245551,0.9976;123,5881,0.936667;84,8502,0.966533;82,8656,0.754133;106,14489,0.806267
537,274893;1309,249504,0.997467;98,6235,0.9384;88,8671,0.967867;81,8547,0.753867;105,14158,0.8092
552,276783;1304,248220,0.997467;62,5842,0.941067;71,9148,0.976267;87,9000,0.757733;103,14426,0.810133
554,275446;1278,244838,0.991067;105,6464,0.935067;115,9580,0.967467;82,8845,0.7592;105,14681,0.810933
551,276621;1291,245505,0.992133;111,6588,0.934533;95,9694,0.958933;147,9618,0.763467;175,15366,0.820133
550,276862;1291,245424,0.993867;133,6225,0.935067;150,9686,0.964267;119,9230,0.7624;168,15332,0.8104
541,274617;1290,244317,0.997733;81,5394,0.934667;110,8307,0.966667;113,8259,0.761333;140,13423,0.809467
572,276853;1241,243604,0.992533;127,6656,0.931067;151,9892,0.969067;145,10060,0.762267;179,16093,0.8088
555,273627;1191,242555,0.994267;126,6612,0.938;162,9363,0.960267;125,9093,0.7616;158,14993,0.814133
557,276077;1211,245467,0.998267;118,5716,0.940133;116,7793,0.958267;114,8552,0.760267;139,13221,0.8172
562,276578;1213,246695,0.9984;90,6001,0.9352;138,9000,0.961067;125,9166,0.755333;141,15092,0.815333
560,275093;1192,243212,0.9924;122,6502,0.935467;92,9412,0.964267;88,9174,0.760933;157,14786,0.8148
556,274738;1200,244344,0.993467;126,6046,0.94;168,9087,0.970267;121,8507,0.7628;164,14803,0.816133
558,275459;1190,243863,0.994267;113,6069,0.9364;168,9066,0.968933;137,9220,0.757333;179,15051,0.811867
573,277155;1208,245238,0.994667;154,6588,0.932667;147,9368,0.966667;141,9451,0.758933;177,15406,0.8096
564,274862;1198,242347,0.9936;119,6365,0.939733;188,9451,0.966533;148,9624,0.762267;174,16621,0.819867
557,275911;1208,243063,0.994133;139,6020,0.9468;92,8234,0.968933;88,8852,0.760533;103,13872,0.819867
571,276270;1210,241487,0.995733;118,6496,0.9532;92,9636,0.972933;88,9013,0.766133;113,15177,0.820933
557,275525;1220,243098,0.995067;66,5902,0.9552;72,8260,0.964;84,8813,0.759867;108,14464,0.811867
546,276147;1195,241027,0.994267;92,6050,0.947467;88,9299,0.9672;82,8845,0.758933;109,15021,0.820267
555,275806;1199,243098,0.995733;93,6359,0.9496;93,9045,0.966133;90,9443,0.759467;113,15608,0.8168
562,277211;1213,244235,0.998;101,5979,0.9468;154,9039,0.964133;161,9656,0.754267;180,15135,0.809067
559,276534;1201,242044,0.996;91,5390,0.9496;115,7858,0.968533;116,8439,0.757067;145,13294,0.809867
551,275967;1212,241959,0.9944;149,5914,0.9456;148,8869,0.968133;130,8788,0.7568;166,14326,0.8084
559,276241;1232,244831,0.997467;121,6599,0.939867;170,9845,0.962933;148,9400,0.757867;184,15182,0.810667
554,276340;1205,244010,0.9916;131,5932,0.938;145,8817,0.956667;137,8956,0.761067;157,14252,0.812133
555,276963;1195,243836,0.9936;128,6485,0.938533;195,9030,0.955067;135,9266,0.7584;162,14588,0.809333
552,276232;1202,243507,0.992667;103,5996,0.943333;121,9239,0.964933;130,8868,0.7596;156,14815,0.806267
546,274192;1223,244727,0.996267;87,5604,0.949067;139,8772,0.970533;125,8764,0.7704;155,13534,0.8116
560,276242;1208,242744,0.9936;125,6159,0.9452;157,8843,0.9668;125,8968,0.766267;157,14314,0.810133
558,276145;1220,244522,0.992;105,6179,0.951333;123,8942,0.973067;142,9663,0.767067;178,15428,0.8084
559,276178;1226,242697,0.991733;121,6005,0.9456;184,9067,0.966533;142,9495,0.766533;162,14442,0.8064
559,276501;737,243327,0.994667;95,5924,0.943867;116,8561,0.9688;131,8943,0.7652;168,14772,0.806267
545,273904;739,242490,0.9952;128,5808,0.951867;133,7673,0.9668;129,9052,0.765733;151,13519,0.806
559,277091;737,242041,0.9928;154,5816,0.958533;113,8090,0.967067;131,8917,0.769467;158,14023,0.810133
546,275007;737,242274,0.989333;124,6414,0.94;144,9664,0.9548;151,9814,0.760533;185,15870,0.801467
550,276187;745,245356,0.996;132,5794,0.933067;124,8384,0.951067;131,9109,0.753333;155,14254,0.7932
551,275383;749,246224,0.995733;82,6042,0.937067;169,9675,0.9636;133,8990,0.7536;161,14402,0.7948
549,276520;733,243566,0.994267;151,6666,0.9324;232,9983,0.958;141,9825,0.7504;170,15551,0.792267
583,276762;1075,243911,0.993467;143,6117,0.942533;94,7916,0.956533;125,8861,0.7496;144,13486,0.7912
587,276009;1211,245664,0.992533;245,6466,0.940667;147,9506,0.959733;130,9147,0.747333;168,14916,0.791867
578,275031;1217,245756,0.995733;110,6005,0.936;149,8610,0.952933;128,9227,0.741867;155,14492,0.787067
575,275630;1205,245674,0.9956;121,6610,0.9404;157,9944,0.958933;144,9841,0.747333;177,16188,0.792533
560,276083;1191,244449,0.997467;150,6956,0.945333;143,9953,0.9604;136,9552,0.747867;187,16719,0.799333
557,276238;1202,244365,0.9928;233,6054,0.944133;128,8497,0.959067;121,8864,0.748267;156,14823,0.807733
561,277584;1202,243597,0.994933;153,6380,0.946133;183,9109,0.957333;133,9573,0.748;174,15443,0.8084
551,275580;1210,244360,0.9952;100,5331,0.943333;157,7969,0.962267;116,8510,0.749067;143,13189,0.808667
552,276736;1210,245603,0.9952;124,5927,0.938267;133,8299,0.9636;124,8915,0.751067;155,14786,0.806933
553,276689;1186,242525,0.995333;94,5727,0.940533;106,8242,0.961467;128,9274,0.7508;146,13941,0.805333
551,276357;1195,242104,0.997467;121,5978,0.943867;118,8612,0.9596;113,8701,0.750933;139,13571,0.806133
557,275905;1215,246135,0.996667;92,5745,0.946667;118,8096,0.962533;121,8842,0.759333;142,13187,0.806933
542,274001;1221,246437,0.998533;108,5876,0.9464;108,8592,0.9592;131,9058,0.754133;155,14199,0.8024
568,277368;1210,244308,0.997067;103,6054,0.941067;122,9094,0.9624;123,8843,0.752933;149,14222,0.798533
555,275995;1205,245774,0.996133;138,6047,0.938933;145,9313,0.968133;131,9294,0.7548;162,14918,0.798533
549,275743;1211,246378,0.997333;108,6043,0.930533;199,8823,0.9584;129,9104,0.7512;157,14613,0.792533
546,274923;1199,243674,0.996133;158,5873,0.9364;157,8567,0.964267;132,9464,0.754133;162,14858,0.797333
554,276964;1204,244490,0.995333;84,5290,0.947733;89,7408,0.9668;109,8105,0.754;133,12694,0.798
555,276155;1209,244291,0.996;111,5516,0.953467;115,8169,0.971067;122,8577,0.7576;143,13157,0.801733
553,276530;1196,244366,0.9944;114,6209,0.952;139,9736,0.9736;145,9736,0.760533;177,15628,0.800933
550,276383;1204,243897,0.996;106,5395,0.9512;103,7972,0.978;114,8331,0.761733;142,13167,0.8016
563,276729;1211,244224,0.994267;102,5512,0.9504;122,7950,0.975467;122,8692,0.761333;145,13559,0.802933
549,274515;1201,242117,0.9944;130,5961,0.9484;140,8543,0.9728;127,8859,0.760667;155,14077,0.804933
551,275895;1208,243448,0.989467;104,6088,0.9504;118,8906,0.968667;131,9122,0.7616;154,14804,0.8088
547,273643;1186,241847,0.989867;98,5573,0.948533;103,8084,0.968133;122,8508,0.760667;146,13525,0.807867
574,275516;1201,243653,0.994667;102,5772,0.947467;117,8466,0.968933;119,8353,0.764267;152,13823,0.808267
580,277522;1188,241474,0.997333;83,5843,0.950933;167,9291,0.974267;131,9150,0.769467;156,14275,0.811867
561,277122;1205,243051,0.996667;109,5668,0.947333;107,8555,0.972533;123,8856,0.768667;154,14337,0.8088
556,273407;1209,242637,0.992533;151,5979,0.956533;144,8742,0.9736;104,8602,0.7704;145,13638,0.812533
562,275499;1187,241269,0.996933;104,5584,0.958133;118,7974,0.971733;117,8461,0.7668;142,13066,0.809467
558,275950;1205,242878,0.995733;141,5763,0.959467;83,7948,0.973733;96,8313,0.768133;147,13502,0.810267
563,275495;1194,242217,0.994533;142,5622,0.960933;140,8261,0.9756;114,8452,0.770267;105,13018,0.810933
569,276458;1193,240907,0.990933;98,5914,0.955867;114,8621,0.979333;79,8500,0.771733;95,13299,0.8112
555,273636;1206,241047,0.996667;75,5642,0.949333;110,8278,0.9704;82,8741,0.7632;98,13755,0.803867
573,275557;1189,241511,0.9952;61,5486,0.949867;82,7974,0.969067;114,8234,0.760533;139,13095,0.801467
580,273779;1204,244817,0.9948;105,5567,0.951733;110,7892,0.967867;114,8297,0.7596;137,12928,0.804133
579,276650;1195,242641,0.993467;103,6223,0.949333;124,8961,0.9644;142,9872,0.755333;163,14750,0.800267
563,276128;1198,242753,0.994933;105,5997,0.954267;139,8715,0.969067;124,8846,0.7556;153,13876,0.799333
554,274977;1210,243115,0.993867;123,6215,0.954267;119,8820,0.977333;125,8712,0.760533;146,13861,0.807867
566,277269;1196,243379,0.9932;105,5796,0.9488;139,8532,0.971333;121,8885,0.758267;149,14063,0.806933
574,276888;1193,241022,0.994133;84,5400,0.95;114,8088,0.971733;116,8156,0.759867;130,12562,0.8084
561,274458;1203,244671,0.996533;100,5687,0.948533;135,8664,0.9652;131,9088,0.7624;155,14335,0.808133
569,275083;1208,243210,0.994933;102,5974,0.9484;136,8589,0.971733;123,8451,0.7636;152,13608,0.809067
574,276566;1211,242819,0.994267;106,6109,0.948667;158,9640,0.971467;127,8971,0.764667;156,14310,0.805867
546,274629;1188,241058,0.994667;238,6128,0.947067;134,8819,0.964933;126,8801,0.7624;165,14982,0.813867
553,275875;1197,242315,0.995333;63,5372,0.955067;109,7682,0.971467;106,7890,0.7664;131,12442,0.817467
546,276228;1201,242312,0.997333;107,5931,0.954533;134,8718,0.970133;119,8526,0.7696;153,14100,0.818267
555,276887;1201,243202,0.9952;81,5408,0.9612;101,8267,0.979867;117,8597,0.772267;145,13554,0.825067
551,276190;1204,241716,0.996;75,5331,0.9652;98,7384,0.981067;109,8245,0.7724;121,12479,0.8232
547,274109;1182,239996,0.994133;81,4983,0.967067;95,6890,0.981733;107,7869,0.7736;123,11614,0.823067
545,274133;1194,242535,0.9924;89,5236,0.967733;115,7882,0.982133;110,8127,0.776;129,12484,0.8248
550,274763;1192,242172,0.995067;109,5578,0.962267;122,8335,0.9816;119,8458,0.7736;148,13608,0.824
547,275167;1202,241619,0.994667;95,5298,0.963067;100,7553,0.9796;121,8560,0.7728;138,13874,0.822133
557,277047;1210,241952,0.997067;93,4861,0.966667;93,7123,0.980667;104,7656,0.772133;132,12438,0.822133
563,276677;1202,241344,0.9908;95,5248,0.965467;114,7914,0.981733;122,8891,0.7764;146,13637,0.8236
570,275856;1198,242643,0.9956;92,5680,0.962667;111,8063,0.977333;107,8062,0.774933;135,12973,0.8192
550,274986;1189,240859,0.995867;69,5165,0.960267;98,7276,0.972533;106,8194,0.770133;121,12534,0.8136
549,276838;1196,242119,0.9964;89,5669,0.9604;107,7883,0.971867;110,8145,0.7732;135,12915,0.816533
552,275444;1192,240147,0.995867;96,5431,0.9584;98,8095,0.971467;118,8468,0.772533;143,13267,0.813333
559,276707;1271,241387,0.997333;88,5475,0.960667;107,7982,0.9736;120,8428,0.772133;141,13494,0.8136
594,274635;1287,242030,0.9964;104,5391,0.963733;141,8211,0.971333;118,7990,0.775067;146,12569,0.821333
580,275956;1286,241902,0.9952;96,5750,0.9624;168,8385,0.980267;129,8522,0.78;146,13570,0.8268
577,277354;1286,240603,0.9928;90,5336,0.969733;104,7890,0.982667;113,7841,0.7828;146,12698,0.8308
569,277108;1298,242857,0.994533;117,5565,0.967867;105,8168,0.980533;115,8342,0.7816;140,13151,0.825067
548,274343;1296,242698,0.996933;70,5009,0.968667;99,8003,0.9828;116,8137,0.781067;141,13036,0.828
559,275813;1290,241559,0.9952;70,5120,0.969467;96,7518,0.9832;102,7754,0.779467;131,12697,0.827867
558,277104;1285,239624,0.9956;79,5484,0.971867;100,7714,0.984933;98,7606,0.782267;123,12113,0.827467
546,275271;1289,241463,0.995067;100,5741,0.972533;101,8213,0.983067;107,7929,0.787733;138,12882,0.832
543,271620;1286,241049,0.994533;76,4809,0.972533;84,6739,0.9812;96,7013,0.7844;122,11404,0.8308
526,264476;1299,243424,0.995733;72,4045,0.9748;82,5973,0.985467;83,6216,0.789067;106,10316,0.833867
506,255352;1279,242040,0.994933;82,3684,0.9728;72,5630,0.982533;78,5556,0.787333;100,9193,0.8304
488,247342;1288,243665,0.996667;89,3283,0.975467;89,4820,0.982667;64,4632,0.787867;82,7692,0.830933
446,227196;1271,240178,0.9968;63,2824,0.977467;66,4157,0.9856;61,4242,0.789067;84,7088,0.835333
424,215785;1294,242246,0.995467;46,2321,0.978267;55,3538,0.986133;51,3658,0.792667;62,5900,0.836133
382,194165;1287,243056,0.995867;47,2000,0.98;49,2912,0.9876;39,2992,0.7928;51,4994,0.838267
347,172198;1280,241150,0.9956;45,1711,0.978533;45,2832,0.9868;45,2869,0.7948;58,4815,0.8384
329,164716;1274,240126,0.997467;49,1667,0.978933;62,2633,0.986933;41,2587,0.792933;47,3912,0.838
280,139248;1289,243122,0.997067;40,1455,0.978267;56,2367,0.984267;33,2181,0.793733;38,3650,0.838667
207,104265;1292,244079,0.9956;43,885,0.979333;48,1464,0.985333;19,1370,0.793333;26,2506,0.838533
186,89272;1277,240625,0.994933;32,755,0.980933;29,1002,0.9872;14,1041,0.794267;23,2082,0.839067
191,94718;1287,242330,0.994267;36,846,0.981333;39,1292,0.9872;18,1233,0.796133;23,2074,0.84
164,80597;1291,243253,0.997333;22,635,0.981067;14,829,0.985867;13,834,0.794933;17,1473,0.838933
122,56145;1280,241720,0.997067;25,448,0.981067;33,784,0.986933;10,614,0.794933;17,1024,0.8392
115,54840;895,241743,0.9988;26,437,0.981467;29,627,0.987733;9,523,0.795333;13,1060,0.839333
83,36508;741,242802,0.9972;27,333,0.9812;30,482,0.987733;7,429,0.7956;8,705,0.839467
60,28142;735,240372,0.996133;18,219,0.981067;30,440,0.988;8,412,0.796133;9,697,0.839867
69,27448;740,242882,0.997067;18,193,0.982267;35,456,0.9876;6,349,0.795867;8,651,0.839467
63,28142;1001,242597,0.994133;20,236,0.982;17,324,0.987733;6,394,0.796267;9,695,0.839867
63,27442;1277,240544,0.996533;7,204,0.982133;15,303,0.987867;5,296,0.796267;6,540,0.840267
26,11022;1276,240589,0.9976;6,61,0.982133;6,85,0.987867;2,121,0.796267;2,220,0.840267
29,11022;1278,240891,0.994533;4,62,0.982133;4,89,0.987867;1,121,0.796267;1,219,0.840267
27,11022;1279,240870,0.996933;4,65,0.982133;4,92,0.987867;1,120,0.796267;2,219,0.840267
29,11022;892,241499,0.9968;5,64,0.982133;6,99,0.987867;2,121,0.796267;2,220,0.840267
26,11022;733,241641,0.995333;6,63,0.982133;6,98,0.987867;2,119,0.796267;2,219,0.8404
27,11022;730,240034,0.994;6,66,0.982133;6,94,0.987867;2,120,0.796267;2,220,0.8404
26,11022;734,242332,0.9932;6,69,0.982133;6,97,0.987867;2,121,0.796267;2,219,0.8404
25,11022;747,242757,0.9964;6,69,0.982133;6,93,0.987867;2,120,0.796267;2,219,0.8404
26,11022;736,241606,0.9956;6,66,0.982133;6,93,0.987867;2,120,0.796267;2,219,0.8404
