240,280875;285,80909,0.952;222,47332,0.9296;272,58852,0.953067;298,44492,0.9192;292,48681,0.9216
223,250107;293,80915,0.958933;68,7931,0.920533;70,9924,0.9528;51,9384,0.934667;49,9777,0.924533
233,259594;288,79957,0.957067;56,8337,0.9248;74,10500,0.9472;51,9311,0.940267;60,11106,0.934667
231,259572;295,81352,0.951467;72,8299,0.9296;65,9954,0.9448;50,9110,0.9384;54,10275,0.936
239,266493;288,80071,0.945067;97,8620,0.927733;79,11130,0.945067;54,10050,0.933333;62,11389,0.937333
242,265406;299,80681,0.9528;82,9271,0.919733;75,11339,0.9392;62,10715,0.929067;66,11886,0.9296
238,263174;300,82439,0.947733;72,8620,0.911467;74,11000,0.932;55,9750,0.920267;62,11438,0.925067
235,259813;295,81154,0.935733;71,9134,0.905067;82,11645,0.930667;61,10215,0.9144;76,12382,0.920533
236,262134;305,81704,0.9424;90,9088,0.9032;90,12148,0.929333;66,10501,0.9088;73,12708,0.927733
240,264587;306,82450,0.9432;80,9456,0.905333;83,12373,0.937333;71,10718,0.900267;75,12837,0.924
239,261359;301,82382,0.9352;79,9738,0.892267;90,12529,0.9224;72,11262,0.8824;80,13852,0.912
232,254684;303,83399,0.9328;91,11299,0.8712;120,15978,0.906933;100,13186,0.8568;102,16073,0.902933
239,260853;307,84517,0.931467;93,11117,0.878933;93,14467,0.9192;84,12155,0.8536;95,14773,0.903467
241,266775;298,82039,0.928267;100,11814,0.8752;124,17125,0.910933;96,12869,0.840267;103,16043,0.890667
233,256276;311,84986,0.914667;92,12586,0.856;125,17982,0.908;126,14566,0.803733;139,18564,0.8592
238,259017;313,85324,0.9144;97,13012,0.8464;113,17452,0.9064;117,13744,0.778933;134,18614,0.859733
234,257099;319,86234,0.9176;93,12439,0.8328;110,16595,0.911733;126,13670,0.768533;119,17577,0.857333
236,258703;318,86429,0.9168;106,13331,0.8344;120,17722,0.906667;136,14432,0.757067;143,20020,0.8624
217,260329;316,85026,0.903733;100,13186,0.829333;123,17939,0.8872;135,14427,0.752;140,18827,0.8656
217,260286;315,84692,0.907733;117,14267,0.816267;141,20936,0.8888;173,17464,0.7392;152,21828,0.845333
244,255902;324,85832,0.8808;102,13805,0.797333;120,19791,0.874667;162,16480,0.730667;138,19876,0.848533
235,259609;325,87239,0.907467;117,14300,0.813867;124,19559,0.880533;142,14686,0.708267;149,21231,0.8424
238,261053;325,86940,0.8712;122,15298,0.8096;135,21068,0.870133;165,16157,0.7136;178,22028,0.827467
238,261564;326,86772,0.881067;106,13740,0.813067;118,19023,0.863733;160,15541,0.731733;158,20921,0.845333
238,260906;330,87810,0.8824;134,15961,0.82;150,22740,0.876533;193,18137,0.7352;175,22977,0.854133
238,260622;317,85563,0.863467;121,14634,0.830133;138,21089,0.8752;156,15549,0.725333;164,21788,0.832
240,264704;324,88104,0.8704;109,14884,0.818667;136,21284,0.875733;152,15848,0.7272;165,22252,0.834133
240,262674;317,86901,0.876;113,14541,0.7976;150,21385,0.872;143,15166,0.729867;154,21438,0.832267
242,262569;322,86874,0.865867;103,15081,0.795467;139,21671,0.872533;179,16971,0.749333;148,20814,0.837867
238,260935;332,88111,0.888533;114,13857,0.825067;123,18746,0.889067;157,15919,0.76;154,20678,0.848267
238,260064;320,86424,0.867733;119,15183,0.814133;132,21096,0.870933;173,16691,0.7536;157,21660,0.849867
239,261083;332,89279,0.8944;109,15476,0.8216;132,21556,0.876533;179,17883,0.744267;168,22522,0.84
241,263204;326,88525,0.897867;113,14168,0.8104;137,21029,0.859733;170,16657,0.741333;163,22430,0.8424
237,257392;328,88442,0.859467;106,15077,0.809867;206,21394,0.865867;156,15972,0.716267;152,21220,0.822933
233,256546;323,87624,0.862933;111,13749,0.801867;135,19252,0.882667;129,13966,0.714133;138,19357,0.828
234,254949;332,88989,0.868;118,13953,0.787467;134,18934,0.871733;164,15326,0.710933;155,20023,0.830133
241,262035;332,88646,0.878933;120,14964,0.793867;135,20184,0.860533;145,15519,0.701867;159,22060,0.831733
235,259101;329,86984,0.886933;131,15269,0.814667;142,21347,0.884533;163,16276,0.720267;164,22420,0.8528
246,267597;329,87984,0.882133;114,15902,0.8288;137,21402,0.8808;188,18070,0.741867;169,23909,0.8672
235,256490;324,86881,0.870933;108,14397,0.816267;152,19778,0.875733;139,15055,0.756533;135,19427,0.882133
236,257751;326,87881,0.875467;108,14551,0.813333;129,19769,0.8768;141,15015,0.7488;144,20514,0.870667
242,261690;317,85972,0.8624;111,13105,0.812533;125,18561,0.892267;144,15254,0.748267;127,18204,0.872
242,262434;328,87747,0.876;114,14624,0.8272;123,18816,0.8888;153,16247,0.762667;131,19481,0.877333
239,259264;321,85982,0.876267;110,15148,0.836533;137,20961,0.8896;177,17138,0.7656;153,21224,0.8808
249,264187;319,86078,0.882133;123,14839,0.822933;173,21621,0.899467;175,14974,0.744;198,21627,0.8488
245,264382;321,86642,0.898133;160,15330,0.833333;199,21383,0.883467;188,16714,0.7696;162,21192,0.854933
242,260833;334,86629,0.880267;110,13872,0.848267;157,20565,0.885333;159,16197,0.7784;161,20891,0.8608
243,260429;351,88370,0.8848;117,15225,0.817067;139,21179,0.859467;154,16530,0.747467;156,21473,0.8488
241,256803;347,86793,0.877867;105,13625,0.827467;131,19418,0.8776;144,15231,0.7416;133,19544,0.848267
237,253619;336,86101,0.890133;108,13708,0.808;123,19101,0.8904;123,14038,0.730933;173,19637,0.855467
235,253174;343,87188,0.9024;131,13487,0.82;154,18402,0.8904;163,14971,0.752;137,20717,0.865333
241,261861;339,85487,0.893333;120,13573,0.822933;136,19540,0.887467;171,16334,0.7648;150,21194,0.8808
246,265410;346,87537,0.915467;109,13380,0.821067;120,18369,0.879733;139,15186,0.7656;127,19649,0.872267
241,255109;333,85120,0.897867;94,12233,0.8168;131,18709,0.888533;114,13559,0.775467;119,18395,0.8792
237,255108;339,85943,0.891467;109,12422,0.807733;119,18189,0.885333;141,13765,0.769067;125,18601,0.8864
246,262641;341,86284,0.904;104,13053,0.833333;130,17913,0.889867;120,13878,0.767733;127,19117,0.884
244,263165;338,85727,0.9032;97,13119,0.844267;126,17918,0.8904;129,14576,0.7928;134,20039,0.891733
242,261733;335,85343,0.914933;103,13220,0.836;148,19502,0.8944;135,15136,0.788533;140,19512,0.883467
248,263250;336,85003,0.893333;112,13728,0.8416;132,19452,0.894933;128,14798,0.790667;135,19201,0.871467
238,255833;334,85232,0.9112;94,12290,0.8376;119,16967,0.893067;116,13510,0.800267;123,18206,0.877067
237,254974;331,84274,0.9136;113,13010,0.851733;135,17969,0.9;129,14669,0.797333;130,18838,0.887467
253,270906;330,84897,0.903467;106,13601,0.8584;121,18304,0.894133;126,14872,0.802667;124,19104,0.878933
238,255425;335,84718,0.901333;96,12095,0.845867;126,17238,0.892267;106,13072,0.8168;119,17658,0.879733
250,265911;336,84868,0.896533;99,12830,0.848267;138,17542,0.904533;113,13634,0.811733;117,17572,0.8848
242,260366;321,82787,0.905867;98,12380,0.858933;112,17050,0.907467;123,14224,0.818667;119,17727,0.877333
246,264478;332,84092,0.918933;143,12662,0.8536;121,17961,0.9176;112,13992,0.819467;122,18425,0.900267
243,261296;341,86586,0.9216;108,11752,0.868533;102,15882,0.921333;101,13158,0.833333;100,15870,0.908
239,254432;326,83215,0.922133;100,10353,0.884;114,14119,0.917867;79,10997,0.8416;99,15664,0.910133
240,257500;340,84144,0.917067;81,11090,0.892;108,15867,0.9264;84,11671,0.850133;103,15770,0.901867
231,250080;321,82626,0.92;83,9942,0.888;96,13447,0.915733;71,9812,0.858133;81,13215,0.900533
182,200648;324,83273,0.925333;56,6147,0.887467;73,7847,0.917867;38,6040,0.864;45,7456,0.902933
137,148398;324,83445,0.92;40,3575,0.8936;40,4543,0.918933;23,3608,0.864533;27,4510,0.901333
84,92244;328,83204,0.919733;37,1956,0.9016;50,2813,0.916533;13,2070,0.868533;16,2600,0.899733
43,46383;327,83858,0.924533;24,1025,0.898933;35,1556,0.9216;7,936,0.8696;9,1316,0.903733
17,18343;327,83883,0.927467;18,326,0.900533;19,572,0.9208;2,273,0.8712;4,533,0.903733
6,6660;323,83328,0.92;3,69,0.900533;3,120,0.9208;0,65,0.8712;1,64,0.903733
