91,44850;660,109123,0.993333;182,21691,0.813667;238,31062,0.915333;547,19101,0.669333;521,30854,0.882333
87,43971;655,107629,0.992333;108,10380,0.846333;145,16842,0.935;330,11761,0.7;354,20575,0.852667
88,43846;665,109316,0.993667;103,9987,0.84;141,16168,0.928667;352,12164,0.694667;344,19902,0.819333
88,43502;663,108595,0.989667;89,7568,0.839667;112,12132,0.924667;235,8619,0.725333;266,15648,0.823667
90,43888;660,108637,0.991;85,7463,0.823;113,12547,0.910333;244,8852,0.729667;267,15664,0.833667
90,43247;654,108310,0.993;85,6950,0.832333;113,11670,0.915333;240,8565,0.746667;248,14314,0.845
90,43520;661,109521,0.992667;74,5856,0.836667;91,9278,0.926;188,6975,0.748667;197,11576,0.843
92,43700;664,110172,0.990333;86,7303,0.84;104,11431,0.926667;212,7972,0.748667;233,13925,0.859333
91,43633;668,110959,0.993667;66,5438,0.858667;84,8462,0.934;146,5806,0.764667;173,10460,0.881667
90,43306;635,108299,0.992;64,4898,0.873333;79,7912,0.937;141,5636,0.775;155,9693,0.893
89,43219;657,108435,0.99;47,3754,0.886667;63,5934,0.942667;98,4171,0.777333;103,6731,0.898
