356,479710;376,135002,0.959796;331,80921,0.773673;439,109340,0.92449;720,87002,0.709388;674,108282,0.92898
382,481032;373,132885,0.974286;286,46304,0.839388;354,66285,0.918776;441,52442,0.760816;485,66176,0.876531
387,481052;367,130785,0.978776;321,44764,0.838163;403,66286,0.932857;457,50828,0.79551;509,64972,0.894082
386,480964;356,132696,0.974694;337,45845,0.852245;419,66254,0.920612;485,51121,0.787755;469,62362,0.900408
399,480986;377,130722,0.968776;355,45750,0.826327;416,67518,0.927143;458,49645,0.791429;492,63536,0.891837
390,480939;390,131119,0.97102;391,45856,0.835714;414,66548,0.935102;497,49496,0.795102;501,63816,0.914898
387,480910;393,134585,0.977143;371,45223,0.815714;447,67363,0.928367;489,50844,0.739388;472,63154,0.883061
390,480908;390,133618,0.967143;390,48786,0.799592;415,71492,0.923878;517,52991,0.772857;529,68687,0.907959
392,481030;386,136176,0.965918;410,48433,0.771633;470,72597,0.89551;565,52758,0.736735;546,71124,0.896327
402,481277;393,138272,0.958163;418,52554,0.772857;458,77044,0.893673;606,56567,0.72102;584,74462,0.890612
389,481151;405,141732,0.962041;409,50537,0.758367;437,75776,0.887347;600,56403,0.685918;619,74735,0.87898
390,481123;393,140811,0.961429;443,52162,0.762245;487,78758,0.900204;591,56706,0.685102;620,76016,0.884694
389,481152;394,138043,0.962653;408,51986,0.721837;475,78839,0.893469;602,59098,0.722857;608,78029,0.894694
391,481178;413,141643,0.964286;441,51124,0.75102;467,76753,0.903469;627,56064,0.732041;592,73127,0.902653
390,481181;399,137803,0.966939;415,51567,0.786122;441,75152,0.907347;563,56041,0.748571;564,72962,0.897347
393,481105;398,138833,0.962449;428,50895,0.786735;448,74802,0.91102;627,57132,0.73102;595,74692,0.893061
391,481164;398,135614,0.965918;412,48118,0.779796;449,71485,0.901633;557,54466,0.74449;554,71351,0.893469
390,481037;392,136024,0.969592;419,48644,0.798776;433,69972,0.910408;545,53521,0.753469;512,67239,0.909388
390,480861;392,133551,0.97551;406,46641,0.782245;473,69313,0.924286;564,53107,0.766735;504,64665,0.913469
388,480899;383,133296,0.97;362,43469,0.790204;432,63052,0.909592;453,48101,0.779796;488,61880,0.916531
385,479414;389,131159,0.972653;318,41290,0.784694;396,58735,0.910816;422,45697,0.799796;447,56587,0.907143
385,479552;392,132434,0.964898;309,37474,0.800816;367,52183,0.91551;421,42171,0.818367;368,52614,0.915918
380,475671;390,135009,0.966122;294,32792,0.755102;290,46924,0.878367;313,36953,0.770612;358,48402,0.906939
377,476272;398,134794,0.959388;211,25708,0.756327;250,36642,0.872653;258,29835,0.782041;261,38207,0.901429
346,424073;406,137243,0.96449;194,17215,0.750816;184,25080,0.871633;152,19363,0.771837;188,26078,0.905306
294,365601;391,136521,0.960408;117,11412,0.774898;131,15633,0.877143;88,11963,0.780408;113,17200,0.91102
179,225041;388,135379,0.958776;81,5356,0.792449;84,6787,0.881837;34,4972,0.781837;50,8193,0.916531
84,107310;379,135849,0.955306;50,2269,0.796939;43,2797,0.882653;15,2206,0.783878;21,3409,0.921633
27,33537;406,137112,0.957959;25,591,0.796939;30,1095,0.887755;5,609,0.784286;5,924,0.923469
3,2935;403,136940,0.963878;19,94,0.795918;21,163,0.887959;1,119,0.785714;2,185,0.922041
