113108,42647230;23094,4647200,0.999838;16841,1474777,0.965743;16265,1637694,0.992897;26438,1397106,0.971395;24482,1611739,0.998473
122133,42363291;22894,4651553,0.999957;17682,503209,0.942735;15767,654906,0.987527;17339,565938,0.963794;20471,779142,0.980403
125188,42237073;23092,4656839,0.999838;19592,493551,0.940061;18050,645594,0.98599;17889,554685,0.958478;20705,766711,0.973787
125552,42307674;23119,4654978,0.999816;26729,507227,0.940201;19305,656777,0.986726;19086,562420,0.955219;22731,782135,0.969099
126197,42262763;23283,4635683,0.999946;25903,499195,0.938144;20189,653494,0.986975;19478,557073,0.954634;22335,773183,0.966966
126257,42335339;26731,4653832,0.999892;27343,506169,0.938036;19596,658880,0.987484;19826,562333,0.954201;23183,781025,0.965916
124795,42422824;21655,4655600,0.999903;27640,513165,0.93914;19806,668070,0.987375;21420,572490,0.952793;23458,797913,0.964216
126996,42280559;24264,4648076,0.999946;26952,502607,0.940645;19879,657627,0.98508;19890,562905,0.950184;23851,786001,0.963025
125773,42304407;23679,4637839,0.999903;26807,503770,0.941479;19623,651682,0.986964;20231,564493,0.952458;22994,779686,0.963328
126514,42349614;21981,4636004,0.999957;26948,508997,0.942324;19890,657730,0.987581;20747,563933,0.949524;23696,787928,0.962722
126689,42352736;26988,4628991,0.999469;26843,502071,0.938307;19456,658955,0.987029;21318,561143,0.949816;23488,786905,0.962646
125414,42275521;21823,4637823,0.999881;26237,500598,0.935827;20053,650450,0.985708;20132,557248,0.949091;23183,778032,0.96165
126657,42290380;22512,4644864,0.999632;27289,501393,0.942421;19952,654955,0.986531;20822,560015,0.947737;23215,778216,0.961282
126665,42330481;23829,4631158,0.999773;25771,501997,0.938631;19647,652840,0.987213;20989,558665,0.950909;22996,780281,0.961434
125830,42203314;24123,4628575,0.999859;29470,498792,0.940743;19616,644826,0.986888;20671,556905,0.950195;24951,769295,0.961444
126153,42255066;24516,4631439,0.999859;28087,498617,0.941382;21192,647025,0.98743;19569,554122,0.950498;23652,768736,0.961672
126492,42225141;25226,4634487,0.999892;26110,496611,0.937527;19589,645757,0.986412;21003,554887,0.949015;22503,770316,0.962581
125146,42275704;24986,4637510,0.999924;29043,503408,0.939454;19785,649467,0.986563;20081,557622,0.9449;23515,775257,0.960459
123801,42293499;21654,4635945,0.999589;27619,501904,0.940277;20023,653352,0.987332;20634,561032,0.947921;23618,779416,0.961228
123615,42367448;13397,4637243,0.999783;27336,509133,0.942248;20978,661896,0.986466;20929,565466,0.948127;25919,789362,0.9606
123550,42345963;18980,4647266,0.999946;28659,504718,0.938274;19820,655669,0.987505;20937,565257,0.949513;23948,779285,0.960773
122134,42339967;21342,4647509,0.999913;29244,505744,0.941327;19796,654436,0.986282;20452,564219,0.948961;23623,782393,0.959625
122097,42391527;21333,4647556,0.999924;26710,507987,0.94136;19513,662700,0.986239;20687,567592,0.948917;23579,787105,0.960372
126106,42383786;20706,4630018,0.999946;29445,504040,0.941447;19147,657514,0.987137;21387,566749,0.949903;25253,782033,0.961607
126634,42370468;21017,4643124,0.999924;29276,502194,0.936672;21926,657890,0.987657;22008,564071,0.951072;24389,784142,0.962202
123680,42351416;21422,4650646,0.999751;27875,505853,0.941111;18935,655676,0.986477;20385,560084,0.949513;23655,786994,0.961942
128424,42303873;17566,4634139,0.999946;25550,502999,0.935708;19927,655568,0.986899;20855,566364,0.949405;25551,785715,0.962083
128178,42406837;19872,4644606,0.999968;26888,506986,0.941382;19410,664743,0.986542;21003,570259,0.94935;25030,794245,0.961098
127396,42273338;22728,4636996,0.999589;26002,499008,0.938393;19259,653220,0.986748;19823,558145,0.949675;23858,780125,0.962256
123867,42365977;22299,4636465,0.999935;28241,506648,0.942486;20082,657950,0.98744;21666,564603,0.94882;25902,789813,0.961877
121629,42254308;20380,4635753,0.999957;27975,496370,0.942486;20220,647953,0.98599;21274,554877,0.949534;25394,776145,0.961888
122929,42364557;22142,4636063,0.999751;29599,508008,0.941804;21479,658818,0.985806;21602,568789,0.949253;24882,793127,0.961585
120111,42355956;23026,4631217,0.999957;30440,509645,0.937939;22233,664261,0.987809;21087,565436,0.94948;25243,789237,0.961304
119068,42318448;23177,4638031,0.999946;30182,507176,0.940223;20950,658594,0.987592;20196,562349,0.945691;24212,786936,0.960178
118184,42326350;23137,4629154,0.999903;29994,506620,0.938772;21602,659594,0.986683;21059,562870,0.948257;24792,782253,0.960535
125940,42263904;20969,4630616,0.999805;28752,501736,0.940743;19863,654626,0.986986;20415,562294,0.94895;23954,783716,0.960481
120428,42311999;20693,4631269,0.999838;29579,508637,0.937982;20420,658657,0.985589;19387,562854,0.948073;23377,792218,0.960502
123270,42311374;21100,4639869,0.999968;28158,507446,0.939952;20870,661773,0.987235;19985,563439,0.946752;23412,786695,0.960329
123394,42302261;21277,4631964,0.999881;27829,504617,0.939238;19298,657507,0.987311;20890,561653,0.950076;25022,782501,0.961412
125375,42290795;21013,4638439,0.999729;27501,503771,0.93796;19441,656506,0.987365;20112,561761,0.947975;24105,781334,0.960957
122115,42349831;17863,4633553,0.999091;25899,505582,0.938047;18996,661435,0.986748;20092,565617,0.949318;23252,791544,0.961412
123441,42316769;19343,4635976,0.999968;26750,507220,0.939205;19099,659090,0.986455;20138,565901,0.949101;23329,780409,0.960383
127037,42343909;22200,4622799,0.999978;26358,507338,0.940667;20440,662303,0.986921;20450,566689,0.949145;24226,786148,0.960123
123839,42314530;22148,4628539,0.999773;24580,506698,0.940375;18144,659457,0.987267;18805,568015,0.949026;24321,788078,0.960816
127248,42366279;22824,4639567,0.999751;25139,512722,0.94202;19595,666289,0.98665;20280,568142,0.949686;23098,791362,0.961434
124733,42356477;14087,4643589,0.999654;25677,508459,0.939682;18252,662651,0.986823;18677,564613,0.947986;21678,784738,0.961704
121708,42365521;24398,4638836,0.999394;26921,511441,0.941771;19864,664872,0.986921;19494,565340,0.948452;22682,791014,0.961239
122825,42339342;19529,4627705,0.999913;28658,508581,0.939757;20650,657745,0.986877;21653,566750,0.950152;24678,777193,0.961249
123421,42354910;22333,4637586,0.999534;29706,506574,0.937332;19464,660996,0.987527;21237,563748,0.948679;23477,785887,0.961369
123553,42371827;22377,4642635,0.999783;26440,512803,0.941414;18589,667655,0.986509;18286,565460,0.949112;17287,793476,0.961055
119131,42297624;21672,4644554,0.999686;25996,503249,0.937863;18747,658597,0.986336;19182,562780,0.94686;22594,779392,0.960849
114033,42283321;22935,4643033,0.999675;26016,504917,0.939508;18809,657899,0.98626;19721,560694,0.948982;22926,787600,0.960513
108763,42308079;20727,4634012,0.999913;26285,506838,0.940505;20020,660757,0.986206;19169,564682,0.949123;23379,785805,0.962246
122697,42307178;20604,4644829,0.999675;28177,506015,0.941187;18911,661987,0.986823;19953,564157,0.94961;23732,786687,0.961498
121335,42296017;21255,4636944,0.999946;26596,507107,0.940515;19668,661846,0.987116;20998,564176,0.950238;22713,781341,0.960232
92680,42337588;20833,4640632,0.999848;26943,508191,0.940136;19943,660536,0.986466;18703,567881,0.949968;21586,788030,0.960102
108812,42316599;21187,4627516,0.999318;25748,508434,0.94215;19986,659495,0.988025;19037,563572,0.949903;23503,783477,0.960437
116536,42295865;20720,4642544,0.99974;26203,505026,0.941208;18675,659398,0.986845;19291,564321,0.950823;22785,786778,0.960806
117775,42264823;21775,4629059,0.999957;25821,501500,0.937863;19562,655598,0.987191;19597,558829,0.949708;22797,780819,0.961184
117093,42305755;20951,4645992,0.999859;25914,511752,0.938437;18997,664112,0.986434;19360,565041,0.948755;22822,791125,0.959983
120593,42333927;21241,4637846,0.999773;26579,504852,0.93809;19314,659962,0.986033;19242,562672,0.94934;22678,783414,0.9606
110868,42220976;20662,4643781,0.999968;26174,508224,0.938545;19188,656976,0.986802;19602,562870,0.949155;23434,781587,0.961249
114389,42349179;21692,4644881,0.99974;26525,514085,0.938101;18919,665171,0.986553;20869,570656,0.94934;21544,794188,0.961823
116871,42310623;20924,4642480,0.999881;24503,508644,0.937419;17977,661388,0.985654;18812,566342,0.949708;22225,787566,0.960427
115806,42284234;21250,4655050,0.999686;24912,504685,0.939021;18487,660657,0.987148;19148,564759,0.947607;20980,782338,0.959929
115696,42339391;20716,4639207,0.999935;26160,515538,0.941641;19835,666512,0.986986;16059,571792,0.948549;18588,797566,0.960751
116851,42285778;21725,4629544,0.999751;24704,509137,0.940277;18484,663137,0.987386;18639,564173,0.949675;21391,784785,0.962495
100465,42323662;21029,4639325,0.999924;25228,510763,0.942042;18043,662685,0.987365;20066,565817,0.950184;22216,789795,0.961953
119516,42247299;22962,4638776,0.999329;24881,502131,0.937181;19214,659690,0.987213;19032,562291,0.949134;21807,782831,0.962267
116235,42324525;21345,4641705,0.999913;25496,506215,0.942735;18556,659262,0.987148;18451,561222,0.948159;17365,783109,0.961693
122194,42291103;27998,4647569,0.999816;26086,509016,0.939498;18413,658967,0.985881;19306,567329,0.947185;22075,786839,0.961282
124350,42315962;22563,4638934,0.999881;27299,505722,0.940613;19515,660722,0.986358;20520,566723,0.945074;24437,786268,0.961152
111068,42355936;21375,4641813,0.999394;27774,513229,0.940407;20592,665891,0.986379;19935,568438,0.94385;22958,793037,0.959723
118686,42322250;21738,4641626,1;27316,509164,0.94032;17746,662329,0.987397;18688,565615,0.946232;23492,791845,0.960318
123309,42323149;28045,4647810,0.999708;25482,506530,0.938902;18648,660054,0.987754;19142,562316,0.946146;22226,785289,0.95969
121276,42282609;21053,4632678,0.999437;26127,502536,0.941609;18985,658461,0.987971;19168,563154,0.949924;22847,783169,0.960741
119529,42317374;20950,4636161,0.999805;23735,508838,0.940829;19595,658023,0.986748;15286,566484,0.948971;19431,792992,0.96021
123474,42269786;20909,4626716,0.999664;26672,504681,0.939216;19648,660364,0.987809;20642,560114,0.94777;18164,782256,0.960394
115794,42304082;20827,4627263,0.999697;28593,508627,0.939573;19257,658704,0.986412;18933,568857,0.94764;19155,787839,0.960762
114607,42284373;20629,4626378,0.999751;21780,505938,0.941035;17335,657935,0.987148;19972,560236,0.947196;22801,781619,0.960188
116565,42263950;20579,4629061,0.999762;26684,506553,0.940071;20265,663281,0.986834;20586,561380,0.949664;22260,784007,0.960394
117419,42286565;16279,4636687,0.999913;26922,508106,0.941804;19906,659028,0.986997;19422,559966,0.947293;23166,778804,0.960383
120978,42334863;18155,4636431,0.99974;26042,509764,0.93783;19787,662710,0.986628;20012,567918,0.948289;23130,792049,0.959983
121367,42343226;21173,4626395,0.999469;28149,512065,0.941057;19501,665910,0.986704;18322,568133,0.949783;22352,791732,0.961206
110349,42332606;18175,4627953,0.999935;26107,506164,0.939952;19155,660544,0.986369;20169,562110,0.948885;24210,786401,0.960849
102487,42397127;22556,4630126,0.999437;27370,509130,0.937625;19944,664515,0.98599;17934,565553,0.947087;21278,789445,0.960621
114134,42311072;21444,4626105,0.999816;23070,509076,0.940829;18833,662135,0.986639;18418,563260,0.944976;22490,785027,0.961228
113481,42310298;21162,4619530,0.999957;26775,505649,0.9394;16508,659810,0.986488;17386,561136,0.943547;22036,786090,0.9606
101969,42237693;26091,4622261,0.999643;24721,500161,0.940829;18168,655115,0.985026;19235,561356,0.94634;19279,775333,0.960286
120802,42280703;21237,4631928,0.999903;23107,502332,0.939216;19216,659654,0.986282;19251,558603,0.944045;20028,778768,0.959311
107636,42347711;23159,4630388,0.999935;29315,507087,0.938816;14861,657200,0.987029;20259,561546,0.945409;23640,783929,0.958932
122461,42321400;23810,4621131,0.999838;29288,504158,0.939887;18062,656789,0.985903;17746,559197,0.945507;23578,785255,0.959041
120279,42299736;22403,4614774,0.999978;25201,504801,0.940288;17739,658365,0.986585;18747,563487,0.946146;21401,781103,0.960362
108341,42370487;21913,4611361,0.999946;24063,507777,0.937949;17951,659432,0.986195;19117,566050,0.944337;23484,788138,0.957752
106842,42357193;21756,4630783,0.999892;25644,508076,0.938003;21124,661138,0.986044;19676,564103,0.946709;22670,793866,0.959019
122271,42278421;21866,4617328,0.999935;24764,506408,0.935113;18338,656953,0.98717;20003,558561,0.94385;23892,782856,0.958369
123971,42294146;16790,4623955,0.999794;26002,504480,0.936574;18446,658410,0.986899;19817,563594,0.944814;22176,785748,0.9589
104064,42353685;17358,4624696,0.999318;27504,512860,0.940526;19418,664242,0.98639;19647,566706,0.944673;23010,791972,0.95903
118711,42269323;21865,4625632,0.999621;27449,506409,0.937148;18058,657521,0.987116;19855,562410,0.943818;23446,776250,0.959723
113196,42395637;21865,4624283,0.999859;26721,509721,0.939465;19543,664128,0.986011;19731,569557,0.94398;18126,791917,0.959257
116889,42328430;21835,4625487,0.999664;28792,506271,0.938751;19773,660565,0.986791;19914,562160,0.946741;23718,787545,0.958867
118687,42306435;21926,4627644,0.999697;26353,507069,0.942432;19295,657279,0.986693;20030,560060,0.94621;24356,780091,0.960102
95839,42286187;21801,4621816,0.999794;27205,506433,0.93966;20142,658928,0.98547;20233,562372,0.946167;22931,785752,0.959788
100540,42315105;21837,4630649,0.999773;23073,508426,0.940689;18457,658243,0.985871;19826,560067,0.946405;23285,773856,0.959441
113362,42315260;21886,4636310,0.999935;28105,508053,0.940191;19320,658163,0.986661;20067,559131,0.946806;23796,781255,0.960362
110123,42345277;18121,4628799,0.999783;28317,504764,0.935632;20292,662307,0.987668;20880,562553,0.944944;23169,781496,0.960113
116718,42271700;15043,4629699,0.999978;25326,505748,0.939573;16700,657352,0.986563;17349,554795,0.947943;17997,777844,0.960557
121683,42285103;13289,4631815,0.999718;22549,504283,0.938307;15247,655406,0.987278;17001,555755,0.945702;21819,773491,0.95943
119375,42354615;13217,4632378,0.999134;25200,509607,0.938631;17463,664860,0.986271;19147,558613,0.945864;23095,787616,0.959896
97625,42294194;17945,4623005,0.999946;25802,503281,0.939757;18851,659692,0.985968;19138,556253,0.947174;22545,781685,0.95956
113546,42270871;13220,4630699,0.999968;25265,504609,0.938523;18101,654019,0.986141;15327,560704,0.94843;22419,775267,0.960232
104505,42313989;14125,4630802,0.999978;24974,504253,0.936737;19497,660191,0.986802;20285,559944,0.951072;23795,781578,0.960892
101995,42352247;15530,4622023,0.999643;21312,507974,0.938891;16269,664847,0.986531;17638,563728,0.946936;22281,788573,0.960871
105656,42285789;13118,4626793,0.999968;22678,507448,0.940331;20053,656315,0.987137;21296,557769,0.949112;22779,775443,0.960827
111901,42319188;17243,4624531,0.999816;29206,507682,0.939075;20455,658296,0.986953;15157,556082,0.948408;16865,778094,0.959994
119355,42353893;20373,4636267,1;21410,508200,0.938047;19155,663494,0.986011;19353,562777,0.94777;19390,784625,0.96008
118268,42382035;20565,4634415,0.999783;19943,503518,0.939173;14765,658199,0.987679;16217,559657,0.948722;17361,780609,0.959994
94747,42352068;19196,4624233,0.999903;23552,504171,0.94058;18254,660373,0.986488;19139,558901,0.948257;23094,778995,0.960362
104272,42259684;13115,4627202,0.999989;19511,499414,0.937386;14892,655146,0.987354;14684,552133,0.946979;18391,767623,0.959658
118124,42284443;13111,4629679,0.999968;20426,501444,0.937116;14518,658400,0.987137;14739,554016,0.948073;22552,776533,0.959106
116261,42360517;20383,4639576,0.999491;26047,506096,0.937473;18907,665189,0.987852;17426,561439,0.949383;17449,782887,0.960015
118225,42292797;20713,4634244,0.999989;20736,507317,0.939389;15557,659269,0.986141;15139,564419,0.949935;18116,781606,0.961033
111097,42312458;20328,4639057,0.999686;21808,506721,0.93822;20154,660078,0.986932;17696,560423,0.950368;21265,771777,0.960762
115950,42336291;20848,4634236,0.99987;24881,507870,0.941522;15217,659797,0.987235;15202,556844,0.950152;19175,775105,0.961076
105453,42374362;20231,4624808,0.999556;24864,505566,0.937137;18646,659458,0.985914;19894,561915,0.950866;20918,781565,0.960621
109558,42336592;20274,4623597,0.999913;26749,507183,0.937711;20069,662722,0.985881;20395,561188,0.950845;23369,784730,0.962007
110472,42347445;24741,4631514,0.999762;25433,508075,0.937311;18431,662319,0.987928;19682,561976,0.952718;23059,780460,0.961953
120784,42389048;21079,4626150,0.999946;26122,509980,0.940115;19244,660254,0.986748;19467,564076,0.950509;21582,781720,0.96165
111104,42334421;24505,4632340,0.999816;19873,503058,0.938209;19055,658413,0.987841;19374,558112,0.948885;22276,776359,0.960957
114151,42358240;15657,4618684,0.999935;25434,507895,0.942464;16126,661151,0.987679;19737,562596,0.950379;22712,781313,0.961434
108051,42332564;20655,4621419,0.999729;26053,504484,0.940256;20991,658301,0.987462;19710,560235,0.951256;24288,775986,0.961802
116094,42314635;21182,4622265,0.999827;24871,504177,0.946113;18520,656913,0.986715;18811,558828,0.954125;21631,774683,0.963285
117500,42346449;22467,4622773,0.999924;26459,504541,0.939335;18467,658882,0.986812;19462,559419,0.951548;22722,781401,0.962289
116053,42327987;20946,4633069,0.999794;27392,505843,0.938924;18825,656180,0.987625;20104,558777,0.952285;23289,780157,0.962159
122737,42348688;22605,4638296,0.999838;28693,504320,0.939238;21216,661680,0.986888;19905,560768,0.951408;23478,782539,0.962072
120960,42336451;22434,4624283,0.999708;28052,502992,0.941273;20221,654253,0.988112;19494,555871,0.950974;22836,772174,0.961423
114079,42270843;22558,4621774,0.999903;26416,500064,0.937776;19241,651792,0.987462;19405,554926,0.949047;22508,769103,0.962581
113454,42291623;22442,4615636,0.99974;20688,499127,0.937949;18267,651902,0.987527;19743,554304,0.947867;22415,773673,0.961899
120559,42210893;22552,4624342,0.99974;26795,499955,0.937473;15451,647409,0.986542;19484,549739,0.951245;22113,761524,0.962213
117290,42381447;22534,4633324,0.999675;26544,507776,0.93861;20503,660832,0.986964;19670,561536,0.950606;17492,779145,0.961282
123523,42302426;22481,4627259,0.999459;21257,504687,0.93717;14730,656357,0.986498;15510,556573,0.950119;17088,774745,0.962018
119957,42298527;20777,4630708,0.999773;19979,503522,0.941208;17463,654482,0.986477;19238,557287,0.951137;19833,768799,0.962126
107038,42314951;20511,4626798,0.999859;26893,503083,0.941566;17189,653578,0.986542;17391,557882,0.950985;21972,769686,0.96217
103741,42348743;15619,4616127,0.999675;22673,503855,0.937191;16945,654089,0.98612;17068,554059,0.949968;20501,774225,0.961553
103595,42272526;21742,4634593,0.999708;25687,497767,0.939736;18474,649282,0.987646;19031,550952,0.94948;22551,765220,0.961628
110760,42309893;19527,4641431,0.999686;24930,500262,0.942443;18953,650958,0.985621;19390,554264,0.949827;23280,773923,0.960935
117880,42364816;22008,4625299,0.999686;24744,503333,0.9394;19153,654242,0.98665;19440,558426,0.951267;23369,775385,0.96178
110948,42347886;21674,4621898,0.999805;25484,504805,0.939194;20026,659076,0.985968;20860,563220,0.94961;23515,779743,0.962137
103576,42375606;20527,4629672,0.999989;28883,503836,0.940873;20186,658212,0.987765;19670,558485,0.950476;22963,779996,0.961423
108939,42365611;20557,4625976,0.999968;20857,504164,0.94045;15221,657590,0.988155;18980,558412,0.948517;21861,777814,0.96034
97372,42298037;20532,4631348,0.999892;24995,499736,0.940364;17346,650846,0.987592;15018,558585,0.951234;17864,771279,0.961672
119681,42336050;20271,4631097,1;25744,502076,0.940927;17448,652640,0.987646;18526,557131,0.949134;21295,778483,0.960113
105861,42347894;20453,4636780,0.999848;24164,504081,0.943222;17860,656774,0.987635;18508,562308,0.950801;21611,781990,0.96034
109710,42320020;21482,4635753,0.999957;24559,502053,0.939346;18137,654684,0.986076;18600,556014,0.950455;21692,780401,0.961845
120036,42282500;14685,4638748,0.999924;24424,502095,0.940299;18410,653942,0.985979;16290,555573,0.95327;20918,773313,0.963058
99050,42291639;22524,4642565,0.999718;25907,497110,0.939801;19162,644197,0.987917;18789,547589,0.949448;21937,766575,0.961282
108170,42370424;21748,4638504,0.999783;27262,500897,0.93914;18478,651372,0.986791;19238,555776,0.951039;21939,772787,0.960849
112266,42310234;14127,4635991,0.999957;25814,495716,0.941955;18432,643636,0.9877;18068,551198,0.949285;22827,766368,0.960427
115977,42232362;13173,4643520,0.999632;26242,491969,0.939931;19387,639035,0.987462;18947,548599,0.950032;21191,756447,0.960394
117509,42271857;13171,4632984,0.999816;24857,498293,0.945009;18478,645079,0.988079;19536,551155,0.950455;22397,763966,0.960741
105219,42301499;13191,4637238,0.999924;26593,495451,0.942443;18797,646106,0.986661;18547,550622,0.951949;21719,766206,0.961823
96866,42377914;16861,4640828,0.999675;24750,500259,0.941154;18452,649115,0.988198;18965,558690,0.952707;22498,771215,0.960535
118013,42370968;18925,4640887,0.999913;24901,503483,0.941934;16553,653078,0.986997;19066,556893,0.950119;23469,777347,0.959593
122264,42327338;22024,4634075,0.999751;26517,496730,0.941003;18557,648144,0.987365;18971,552729,0.951646;21996,772542,0.960589
114468,42327609;22062,4654253,0.999729;27149,496778,0.941815;16914,648479,0.9877;18614,552702,0.953151;20702,765826,0.96191
110711,42373228;22073,4651637,0.999556;25276,498664,0.94359;17571,652597,0.987635;14705,551987,0.953389;17162,766382,0.962451
122679,42263616;21989,4644294,0.999859;24515,487998,0.941089;17017,638302,0.986964;17393,544340,0.952728;21049,759265,0.96296
109160,42375332;22009,4633570,0.999827;20481,496492,0.940927;14940,647983,0.987679;15390,554052,0.952696;18760,768324,0.96217
117971,42369137;22030,4642934,0.999718;21960,499054,0.94189;18886,647352,0.988426;18981,556171,0.95249;21217,774724,0.961011
116609,42396114;22229,4652949,0.999697;25413,498920,0.940634;19123,649170,0.987668;18580,554859,0.950823;22175,772442,0.960221
118398,42319730;21729,4648989,0.999697;24951,493777,0.940169;19345,644928,0.986791;18676,549309,0.951408;21856,759501,0.961141
120157,42300542;21458,4649306,0.999762;24120,491281,0.942627;18251,641899,0.987505;18660,544516,0.951884;21733,758014,0.961888
105386,42223481;22636,4650929,0.999989;25969,489741,0.937765;17011,640382,0.987072;18430,541677,0.949686;21080,751434,0.960654
104078,42311715;20993,4648495,0.999491;25047,493750,0.942562;18580,640670,0.988577;17614,550381,0.953941;21642,758381,0.961065
92849,42325972;20502,4655872,0.999978;22876,492308,0.94228;16814,644021,0.988642;18876,549109,0.952436;21880,763924,0.960979
106117,42290771;22311,4641188,0.999805;23523,490725,0.94293;17932,643358,0.987473;19245,548435,0.953497;22029,763389,0.961271
103159,42252543;22308,4650263,0.99974;25053,489866,0.942508;17508,638672,0.986628;14683,546299,0.951873;20108,753976,0.960957
116593,42291691;17715,4654424,0.999881;27653,492107,0.940126;19358,642275,0.986509;19073,547451,0.952382;21915,759321,0.960708
114917,42297746;21812,4636608,0.999968;24611,495605,0.940797;18893,645976,0.987646;17702,553379,0.954331;19214,765505,0.962007
119461,42351054;20656,4627810,0.999946;24147,498357,0.943634;19045,644944,0.986596;18226,551284,0.953313;23095,764932,0.962246
117322,42346700;20406,4632433,0.999794;26279,493575,0.939952;19274,641983,0.988047;19865,551079,0.952967;22477,765394,0.961141
115673,42385140;20289,4638766,0.999773;26925,496380,0.939595;18943,647198,0.986942;19262,550383,0.951602;21957,764998,0.961997
117297,42357160;20450,4634145,0.999827;26096,492261,0.94031;19492,638916,0.986661;19210,546654,0.950487;22013,758201,0.960481
113401,42339206;20276,4634773,0.99974;25769,494204,0.942226;18120,641814,0.988328;18942,550799,0.950032;21711,763152,0.959799
104830,42342815;20978,4640810,0.999935;25324,492319,0.942388;17125,640943,0.987419;18132,551814,0.951094;21661,762016,0.960492
100300,42298117;22497,4631239,0.999545;26167,485608,0.939573;19100,640155,0.987408;18382,545202,0.951039;21357,755871,0.959441
111394,42275827;21315,4635236,0.999935;25069,485147,0.93665;17375,635170,0.987809;18981,544670,0.952036;21501,755448,0.960546
112767,42370515;15514,4632442,0.999978;24798,493476,0.941219;18870,641398,0.988545;19561,549016,0.951375;22641,765646,0.960156
120929,42282039;16916,4628343,0.999859;24308,483423,0.940061;18387,630296,0.987765;18343,539570,0.950628;19521,750007,0.959517
118759,42352074;15531,4633805,0.999892;26343,493278,0.941717;20422,638093,0.986455;19055,550416,0.952339;19694,766732,0.961087
115380,42287974;15574,4630962,0.999545;25495,486709,0.94332;16249,633159,0.988285;16453,541621,0.950368;21590,750788,0.961596
104529,42254059;15074,4623176,0.999881;25114,482003,0.942129;15923,631736,0.988036;18352,539097,0.953227;20150,749040,0.962083
104283,42312656;13137,4629677,0.99974;23921,491067,0.943796;20528,641947,0.987722;17306,545018,0.951159;21737,762462,0.961618
99827,42311860;13160,4632285,0.999242;25706,487099,0.937798;18076,638324,0.987538;18557,541562,0.951548;21348,753256,0.960762
103858,42348259;13099,4624639,0.99948;26179,491158,0.941901;18768,643329,0.988068;19279,549939,0.951667;22219,764708,0.960459
114582,42320350;16198,4622972,0.999957;26947,489600,0.940959;18674,636567,0.987007;18808,547750,0.953172;21441,753690,0.961704
119855,42331533;21049,4622905,0.999968;23886,489485,0.94031;16308,641096,0.988404;17501,550165,0.95183;21997,762697,0.961715
105193,42290440;20278,4617168,0.999957;24959,485444,0.941641;17084,629821,0.98639;18206,541577,0.949903;20780,748816,0.959376
122086,42322943;20534,4627373,0.99987;25589,487135,0.942453;18355,635436,0.988393;17116,545881,0.950368;19961,751404,0.960492
115984,42362141;18222,4614397,0.998841;26705,488043,0.943493;19629,636774,0.986683;18509,545901,0.949946;21939,760501,0.959983
114793,42274698;20346,4614695,0.999751;24271,482960,0.940418;17805,630645,0.9877;18843,541467,0.950498;21501,747733,0.95968
122074,42301347;21642,4619720,0.999816;26445,485061,0.941143;16921,635410,0.988263;18776,544604,0.952274;20116,751718,0.961033
113058,42364506;16719,4620000,0.999296;24956,490419,0.941165;18156,634013,0.987029;18862,549231,0.951169;21476,756408,0.960719
117583,42345897;14367,4621834,0.999957;25472,488495,0.943211;17974,635381,0.987029;18771,546169,0.951083;21648,759786,0.960502
99545,42312575;21258,4615681,0.999935;24970,488109,0.942183;17422,634842,0.988101;16398,540724,0.951808;20925,748517,0.96073
98310,42341227;21631,4632201,0.999729;25577,484433,0.943038;18613,635633,0.987863;17051,545354,0.951613;21396,756895,0.960578
120493,42298198;14936,4634709,0.999697;25584,483969,0.940407;18795,631787,0.988068;18331,542228,0.951386;21158,752264,0.961304
116801,42281273;17949,4630587,0.999729;25351,483935,0.943006;17966,631836,0.987852;18579,539786,0.951386;20748,748374,0.960264
117724,42373506;13777,4630540,0.99987;25629,487509,0.94097;19569,639574,0.988014;19341,543988,0.949188;22012,764033,0.959766
108941,42352543;16875,4637138,0.999264;25499,488430,0.94044;18098,635893,0.987213;19075,550079,0.949448;21399,760740,0.960307
118213,42361594;18763,4628602,0.999199;25796,489824,0.942832;19246,639596,0.987343;19153,550249,0.952977;21205,756210,0.960145
121954,42309325;21523,4624789,0.999762;25905,482135,0.939573;18376,630453,0.987235;18327,538057,0.950422;21387,753214,0.959095
113648,42318012;17811,4631379,0.99974;25002,481519,0.94306;18524,636223,0.987126;17215,541622,0.948874;21816,758771,0.960199
104560,42348218;16201,4629550,0.999892;24418,486183,0.940537;17960,633303,0.987235;18701,546600,0.952263;21807,761685,0.962061
119819,42274688;21852,4627350,0.999816;25684,483165,0.939086;16560,626029,0.9877;17677,540187,0.952371;16787,747648,0.962018
108405,42384282;21484,4635196,0.999978;20045,487237,0.942345;18371,637006,0.987592;18791,550605,0.952393;20449,760275,0.961553
91888,42292855;17612,4640198,0.999632;24860,486002,0.942453;18177,626881,0.986639;17270,538950,0.953129;20808,749989,0.961542
108868,42346620;21600,4634817,0.999675;24230,486857,0.941988;17170,639172,0.987917;18193,547164,0.95262;20159,754641,0.960795
105585,42274724;21583,4633472,0.999946;24820,484031,0.941176;17454,628486,0.987029;16743,538739,0.94987;21107,748468,0.960416
120361,42363088;21607,4644331,0.99974;22929,486363,0.941143;18968,634164,0.987603;17855,542888,0.949437;21061,762042,0.959744
116754,42331727;18175,4634225,0.999913;22806,486149,0.938891;18135,634919,0.986942;18912,547480,0.950065;21669,753502,0.960102
127094,42328068;17956,4633508,0.999697;24780,485252,0.942237;17308,633541,0.987754;18538,542682,0.951906;21357,750669,0.960188
114839,42319846;16292,4639013,0.999892;24352,486864,0.940472;18508,638747,0.987018;18829,548804,0.952945;19670,765392,0.961531
125466,42367957;19544,4632057,0.999794;26258,492537,0.944413;18369,640660,0.988003;18582,551325,0.952458;19544,769398,0.961953
123017,42342778;14506,4623157,0.999805;25444,483792,0.942497;18424,634293,0.986574;16335,542703,0.949968;20922,755345,0.959236
116193,42256910;19503,4632068,0.999805;25146,483817,0.938317;15478,626366,0.98678;18605,537986,0.951906;21433,744686,0.960524
131361,42293761;21515,4636144,0.999751;23504,483890,0.940191;18655,630581,0.986618;18351,545114,0.9538;21499,749766,0.962181
130062,42303896;21581,4640619,0.999654;28198,485178,0.941804;18568,629500,0.987365;18821,543974,0.953854;20956,750063,0.961553
128152,42369546;21714,4631406,0.999783;25261,485123,0.941327;18418,638927,0.989032;18534,546954,0.952241;21508,760247,0.961899
130332,42355472;21802,4629864,0.999989;24802,486627,0.943666;18653,634863,0.98861;18980,543726,0.954569;22456,755363,0.962213
129832,42324899;14893,4621891,0.999762;25926,486504,0.93953;19413,630302,0.987592;19282,545189,0.952512;21835,751599,0.961347
130397,42329623;19313,4626979,0.999285;26754,485138,0.9411;17866,633614,0.987311;17697,546706,0.950964;18110,755589,0.959853
131271,42342873;14737,4636570,0.999805;27067,484397,0.94032;16661,634927,0.987776;17353,545221,0.95105;19779,758085,0.959452
129930,42328855;13033,4626341,0.999632;25282,488739,0.939335;17784,632623,0.987462;17535,544302,0.950909;19520,752827,0.959409
129455,42313950;13315,4630791,0.999848;27003,488838,0.942767;19192,634367,0.98756;19053,540295,0.95275;21407,753043,0.961444
130704,42368831;15516,4637817,0.999686;25975,487956,0.938458;19101,637220,0.987863;18722,547607,0.952079;21904,761995,0.960459
126408,42303821;20257,4631281,0.999881;24886,483907,0.939898;17454,629273,0.987906;16897,540342,0.949026;19334,746408,0.959766
114811,42308378;16420,4639443,0.999935;25079,485961,0.941858;17805,634884,0.987581;17053,540616,0.950433;18184,756597,0.960427
130446,42352601;13070,4639596,0.999892;26243,491105,0.941728;20649,635551,0.986531;18224,544214,0.951039;21454,752313,0.960362
132541,42344897;20448,4632302,0.999913;24814,487387,0.941771;18584,633972,0.987646;18742,546669,0.95039;21576,758458,0.95995
135186,42353967;20243,4631873,0.999968;25087,486681,0.942139;18677,635669,0.986812;16653,546873,0.948896;18887,759258,0.959625
127375,42304499;20375,4634807,0.999892;23956,487029,0.939931;17456,634453,0.987116;18148,544877,0.949524;20900,757277,0.960405
131686,42288960;18308,4621318,0.999827;25223,485949,0.93743;17266,633771,0.986845;18228,545117,0.948993;20434,752137,0.959972
131740,42383117;13098,4635316,0.999675;26527,490718,0.939725;18876,639224,0.988058;19273,550645,0.951472;21524,763457,0.961455
132460,42375306;14967,4638948,0.999892;24704,489830,0.942259;18104,638760,0.988274;18732,549140,0.950617;21232,759065,0.961044
132544,42369674;13072,4635547,0.999838;23543,490937,0.941187;18098,640063,0.987917;18071,546949,0.952068;21151,757976,0.960762
131799,42305572;16452,4632851,0.999415;26636,490064,0.941046;18497,637365,0.98678;18676,544158,0.953237;21658,753384,0.962181
128576,42315634;21835,4633684,0.999848;25336,486861,0.939985;18805,635853,0.987538;18644,541883,0.952111;21622,760189,0.962278
132347,42359592;21589,4637800,0.999643;26153,493664,0.94254;18369,641429,0.987906;18535,552637,0.95131;21841,761759,0.961304
131498,42308563;19244,4632948,0.999469;25518,489541,0.940613;15324,636687,0.98652;16558,546127,0.9517;22463,762333,0.961942
131620,42384526;15674,4633828,0.999946;23814,493983,0.941598;17946,641140,0.987126;17928,551608,0.951213;20369,764132,0.961466
133954,42365285;15900,4640058,0.999675;25144,496746,0.941609;15626,646241,0.987061;17919,552723,0.951602;21479,769815,0.960621
132590,42351465;13926,4640730,0.999881;24319,490137,0.941771;14971,643284,0.987993;16879,551942,0.951083;21699,764549,0.961531
130443,42363180;20659,4641847,0.99987;26642,494721,0.942583;17281,641794,0.987787;18910,553154,0.952285;19597,767132,0.961661
127466,42391491;20340,4644814,0.999816;24813,498724,0.942161;20693,645985,0.987191;18736,555713,0.952285;21539,766839,0.96165
131193,42352203;20679,4638114,0.999794;25194,494063,0.942226;15744,644528,0.986628;18382,550205,0.952837;21336,763158,0.962484
132942,42253725;21949,4646258,0.999718;24759,489347,0.941273;18342,641007,0.987809;18060,545509,0.950022;20556,754162,0.962311
131568,42248987;19404,4647493,0.999924;23251,488449,0.943179;15551,634931,0.987365;18590,545643,0.950758;19240,756611,0.962061
133603,42296358;21786,4630438,0.999632;25655,495257,0.943893;18263,645135,0.988718;18830,552753,0.951722;22047,765109,0.962625
127830,42379579;17546,4644474,0.999708;27069,495893,0.946091;16768,646365,0.987256;18818,553204,0.948571;21547,764823,0.961044
132753,42365076;13160,4644272,0.999935;26588,496804,0.941306;17559,646799,0.988068;18768,557789,0.95118;20852,770111,0.961206
133718,42298944;20708,4647379,0.999805;24085,491029,0.943482;18485,640899,0.986845;18900,547538,0.950455;21020,760229,0.960838
131289,42286468;20334,4645816,0.999978;23188,491727,0.94241;17676,640099,0.987863;16798,544883,0.949621;21555,759427,0.96086
130607,42340038;20867,4636875,0.999718;24770,493965,0.941685;18850,644928,0.987365;17749,551554,0.951353;21187,769655,0.960979
129289,42317206;18455,4646356,0.999946;25282,494733,0.94293;18512,644092,0.986639;18159,551655,0.9517;20212,768157,0.960383
130162,42354755;17207,4639248,0.999621;23685,496144,0.941003;17556,645529,0.988437;18478,555191,0.953389;21309,773132,0.962971
133138,42322877;18823,4644172,0.99961;25373,495649,0.941609;18020,645237,0.986856;18333,550730,0.952003;21156,771338,0.961
132569,42346032;20429,4651103,0.999751;23149,498049,0.942194;16918,650229,0.987451;16230,552624,0.950595;19921,771691,0.959528
131571,42362246;18826,4639604,0.999946;26044,491843,0.938913;18616,648777,0.986964;18176,552219,0.950433;19343,770996,0.960686
103142,42343524;20081,4642696,0.999848;23753,497135,0.939552;17301,648527,0.988133;16792,553035,0.947358;21016,773164,0.959333
129611,42314180;19144,4644682,0.999686;24943,498928,0.939887;18205,647479,0.987083;18646,550515,0.951126;20661,774559,0.962072
132045,42305398;13098,4651086,0.999534;23104,497116,0.939086;18579,648312,0.988285;18467,550276,0.949935;21095,770213,0.961379
139555,42317353;20235,4646942,0.999783;20501,499755,0.938956;18280,647633,0.988025;19889,557285,0.953151;19674,772608,0.962625
138242,42308458;19119,4636465,0.999935;22740,491419,0.942908;17437,642068,0.986152;17791,549126,0.950899;21728,765638,0.962581
135511,42291791;20875,4631776,0.99987;25342,495890,0.942464;19087,644366,0.986737;19804,552507,0.949718;20475,765368,0.961737
112738,42357207;16425,4641228,0.999892;25876,500727,0.941522;17500,649864,0.987906;18439,559916,0.950065;21404,775311,0.961228
132526,42293286;21907,4635952,0.999415;26591,496408,0.942962;18607,639736,0.986423;19112,550833,0.949394;21144,768566,0.96099
124956,42188432;21546,4630374,0.999664;25079,493768,0.941349;17672,641698,0.987094;18503,544118,0.949946;21734,757977,0.961444
132214,42273243;20144,4641611,0.999794;26949,492444,0.938188;17726,644239,0.985925;18346,551003,0.950769;21652,765692,0.960318
133377,42271758;20063,4650020,0.999675;25635,498033,0.937798;18302,649920,0.987094;18625,552986,0.949935;21594,768163,0.961726
132899,42247389;20006,4643952,0.999903;25579,490846,0.940115;18354,641728,0.987451;17923,547067,0.949491;19851,759516,0.96191
133723,42273017;16614,4633241,0.999859;24455,493037,0.940754;17285,642342,0.987765;17930,549367,0.9534;21627,765750,0.963707
129818,42267409;21978,4632741,0.999968;25010,492999,0.943298;18043,642954,0.98757;18575,550007,0.952209;21705,761569,0.96256
130153,42269078;19652,4628550,0.999643;26194,492099,0.940039;17871,643632,0.987126;18463,547981,0.95105;21936,763741,0.961834
130111,42360762;17450,4635838,0.999047;24096,499914,0.942648;16396,650649,0.987397;18878,553120,0.950152;21984,773380,0.961347
132909,42293249;20577,4643601,0.999783;24891,494347,0.941219;17254,645427,0.986336;18234,553214,0.949534;22105,768013,0.960881
129619,42284015;20437,4635643,0.999924;27537,493131,0.941457;17264,644217,0.987332;19265,550574,0.951029;21232,765705,0.960914
131990,42348380;20189,4647514,0.999513;24436,498687,0.94123;15697,651720,0.987094;17647,557283,0.951418;19367,780678,0.961758
127723,42311977;21147,4652130,0.999783;22849,497579,0.944088;16873,650145,0.988426;18462,554291,0.951895;21977,772224,0.962094
125968,42321110;15498,4639907,0.99961;23546,495925,0.941771;18576,647212,0.987408;18976,553200,0.952285;21564,768997,0.962841
106379,42330353;17682,4638835,1;26259,495332,0.939757;18030,641946,0.98652;19075,555420,0.952111;21943,768895,0.96204
134656,42289001;20404,4635352,0.999654;26456,498677,0.937397;19607,645341,0.986271;18935,553793,0.952285;21466,769529,0.962874
136703,42306250;20641,4634103,0.999968;24563,497900,0.939617;17927,647760,0.986109;19009,555200,0.951981;21910,769640,0.963317
134347,42330667;16653,4642949,0.999935;24648,501814,0.94031;18527,651454,0.987181;18957,562404,0.951234;21005,781595,0.961737
133914,42346117;20307,4640746,0.999946;26460,503475,0.94175;19000,651679,0.987689;17447,557856,0.950985;19636,781155,0.961856
125629,42279884;21330,4633391,0.999773;24410,493887,0.940721;18262,644331,0.987895;18621,552085,0.950303;21630,773764,0.961563
135581,42311651;19260,4630145,0.999935;22341,495128,0.937105;18253,646647,0.98665;18589,555030,0.949502;21462,767372,0.961661
133699,42263059;14237,4650741,0.999729;25283,494994,0.938794;17812,643138,0.987224;16418,550406,0.949253;19081,766045,0.960578
134114,42269669;20215,4651813,0.999913;25425,491773,0.941068;17868,635945,0.986022;18731,548736,0.949827;21542,759328,0.960979
129697,42368174;18960,4640509,0.999729;25011,500398,0.940591;17768,651868,0.987917;18961,557431,0.949101;21833,774750,0.961022
133368,42338555;18912,4648522,0.999675;24502,498817,0.940689;18791,649004,0.987116;18538,556743,0.951202;21846,777241,0.961358
115034,42227662;16315,4651903,0.999708;25158,490969,0.936737;18492,641877,0.988437;18120,545928,0.949036;22462,767168,0.962256
105783,42389775;13131,4652565,0.999816;25497,503630,0.940591;18029,655106,0.987365;18931,561913,0.951169;21803,780472,0.961932
103113,42315852;14577,4642765,0.999794;25336,499322,0.940602;18376,651844,0.986661;19022,559339,0.951851;20221,778533,0.962419
131196,42375470;18942,4637494,0.999751;24634,502213,0.941197;19469,658683,0.988047;17916,566001,0.948798;21462,787165,0.961239
131234,42343000;18509,4644990,0.99961;24502,494295,0.941836;17660,647263,0.98691;18687,551102,0.95066;21804,770108,0.961921
130782,42328234;16967,4632834,0.999502;23774,498304,0.937798;16849,647650,0.987754;18809,556196,0.948961;21601,771202,0.961412
131936,42369955;20158,4644476,0.999957;24709,503993,0.942064;17478,655994,0.986856;18845,560316,0.950119;20740,778058,0.961791
132187,42292393;20456,4636497,0.999892;23621,498036,0.940277;16478,646531,0.986466;17944,552832,0.949913;21505,774080,0.961574
130856,42336108;20606,4633672,0.999773;24854,501378,0.940645;17240,653119,0.986986;17348,559535,0.952295;21299,775915,0.962419
127971,42384670;15189,4637108,0.999783;25605,502359,0.940375;17842,652460,0.987993;18464,561585,0.951581;21642,782976,0.96165
131439,42286675;20234,4647590,0.999621;24090,495502,0.941078;16215,646726,0.986585;18079,552120,0.951927;21009,774131,0.962495
135478,42290865;19941,4638213,0.999783;26731,498288,0.941046;18602,650912,0.987538;18742,556612,0.953064;21549,772272,0.963079
135210,42295788;19824,4635737,0.999935;24544,502312,0.939747;19070,651065,0.986856;17797,555746,0.95144;21355,775267,0.962137
135175,42375635;16146,4631145,0.999903;25465,504414,0.942897;18971,651422,0.987354;18943,557461,0.951007;21686,776430,0.96178
136514,42343608;20375,4634154,0.999968;23683,500545,0.94045;18575,651290,0.98743;18795,561534,0.952772;21671,776185,0.962072
138188,42316378;17980,4628485,0.999729;22538,498434,0.940667;17563,647146,0.986206;18514,555636,0.950303;21296,774360,0.96073
135440,42262280;20432,4636076,0.999718;24115,492515,0.940288;18019,645111,0.986693;18824,549244,0.949253;21376,766828,0.961628
135045,42317262;17626,4636882,0.999978;24994,496795,0.939249;18698,650062,0.987635;19115,552402,0.94974;22699,773954,0.962213
136322,42261979;21368,4634484,0.99987;24805,493544,0.93979;18043,645245,0.986942;18255,553527,0.950097;21366,766104,0.962126
108285,42382266;20240,4640164,0.999924;24555,497739,0.939812;18815,649737,0.987321;18506,559592,0.951202;21320,780930,0.961618
135804,42259636;20345,4634813,0.999426;26120,494004,0.938816;18410,643456,0.98809;19399,547915,0.951364;22411,760956,0.961791
135773,42330705;20744,4628180,0.999783;25136,496651,0.941782;18508,646456,0.986249;18842,552134,0.951516;21876,773227,0.962386
134230,42391566;18675,4630765,0.999762;24992,502255,0.940613;18414,651552,0.986325;18689,559254,0.948343;20622,780723,0.960589
133880,42314805;20345,4642347,0.999881;25999,494833,0.938491;18300,642764,0.987029;18705,553421,0.950552;21625,764911,0.961271
105978,42259138;20155,4628286,0.999675;27464,491476,0.938133;19037,637689,0.987343;18725,545290,0.950476;21351,757338,0.962213
131805,42263764;20460,4626419,0.999924;25032,494027,0.940483;18613,640900,0.986769;18959,553638,0.951624;21117,765776,0.963263
131364,42314033;19235,4627239,0.999805;25070,494756,0.934279;18810,645356,0.987343;18751,551323,0.950292;21473,767184,0.962224
133696,42321698;17180,4625668,0.999664;24653,499462,0.942865;17850,647872,0.986401;18484,557868,0.950054;21787,775108,0.962928
132519,42350523;17062,4632447,0.999946;23852,495863,0.940721;18257,643972,0.987354;18696,557822,0.950162;21851,772473,0.962495
130748,42387329;13095,4628158,0.999892;26686,501340,0.939465;18621,653793,0.986628;19004,562916,0.950617;21883,779690,0.961444
99884,42376410;18361,4636520,0.999751;24442,501191,0.940136;17299,651516,0.987137;17812,559737,0.949415;21774,777881,0.960253
131385,42315433;19350,4628469,0.999978;24841,494361,0.939433;18216,644139,0.98639;18607,549549,0.95052;19964,763996,0.961997
131016,42399507;20179,4626568,0.999978;23877,502075,0.942659;17981,654873,0.987224;17973,563465,0.947964;22157,788314,0.961304
130790,42368581;19754,4628372,0.999729;25322,502506,0.941208;17406,651729,0.987202;19094,561347,0.949578;21772,779068,0.9627
111187,42295133;20292,4631525,0.999708;24409,496399,0.94201;18846,648959,0.986856;18835,554983,0.946784;21851,775918,0.962137
123956,42269426;18649,4623129,0.999794;26603,495066,0.940245;17948,643930,0.986358;16458,551361,0.946784;21161,765107,0.961423
131591,42219722;20391,4627452,0.999935;23678,491705,0.938025;18646,639705,0.987191;18229,547253,0.949589;21189,762088,0.961509
130508,42235656;20418,4615350,0.999632;26118,491573,0.938805;18581,635895,0.98639;18623,544944,0.950552;21609,759537,0.961477
130638,42317151;20616,4636291,0.999881;24666,495368,0.938252;17916,644537,0.987462;18807,549092,0.949892;21497,770444,0.96178
116022,42364516;18066,4636873,0.999848;25632,497891,0.940245;18001,647554,0.98783;18494,553628,0.950769;21959,774673,0.962527
135898,42306676;20638,4633696,0.999957;25018,496155,0.93757;17513,646126,0.987408;18152,551111,0.950769;21047,770763,0.961249
134148,42348635;14708,4634591,0.999827;24226,496816,0.937657;17390,652207,0.987646;18687,557947,0.948365;20701,780091,0.961693
135929,42323620;18844,4630143,0.99987;24668,496288,0.941717;17633,646890,0.987126;17731,553186,0.948625;21292,767630,0.962408
135957,42241014;21541,4619747,0.999783;25458,492518,0.941869;18207,640514,0.987874;18514,551614,0.953367;20448,766114,0.962906
135168,42242061;21716,4627612,0.999675;24612,491386,0.940006;18607,639886,0.986358;18082,545441,0.950974;21226,762063,0.961942
136616,42286395;20153,4618201,0.999415;24454,494982,0.941728;18431,643326,0.986076;18515,551431,0.94843;20353,764638,0.961856
137875,42316351;20269,4624271,0.999437;25785,498660,0.940461;18583,647039,0.987116;18220,553175,0.947196;20411,769557,0.962527
105742,42281411;19395,4633607,0.999989;24264,492884,0.943233;18342,641127,0.987191;18792,552802,0.948971;21575,765136,0.962083
135372,42265839;19602,4621088,0.999491;22927,488911,0.937841;17813,636641,0.986964;18397,547065,0.948928;20692,762400,0.962592
132427,42343617;20254,4625862,0.999794;26184,495149,0.939887;17935,645204,0.98756;19306,558206,0.949718;21515,768773,0.962051
134165,42263826;20318,4625033,0.999513;24092,489520,0.938729;17909,639698,0.986228;17691,545270,0.950271;20908,760287,0.961444
135590,42314584;20335,4621556,0.999978;24537,491158,0.939996;18081,643460,0.987538;18056,548898,0.948744;21518,768841,0.961466
135168,42202159;20209,4609009,0.999578;24271,485840,0.939617;17844,633149,0.986076;16927,542976,0.949718;21740,757510,0.961802
138340,42297177;21569,4618547,0.999718;24860,491735,0.942204;17309,641847,0.987159;18462,548807,0.950422;21057,760378,0.961693
138312,42313264;21528,4613687,0.999978;25499,495768,0.940613;16928,643372,0.98783;18508,553352,0.950466;20792,767849,0.961163
137686,42301229;21549,4618388,0.999946;25271,492624,0.941382;18005,640802,0.985957;18380,549844,0.947553;21064,762139,0.960686
136076,42260002;18570,4615153,0.999491;23944,491484,0.937224;19319,638415,0.987592;18788,547979,0.948917;21014,766624,0.960827
133578,42282212;20213,4609256,0.999978;24280,492257,0.942984;17044,638005,0.987657;18309,547244,0.949123;21020,763771,0.960925
140599,42308248;20380,4622285,0.999296;25067,491414,0.938047;17835,641066,0.986477;18737,553945,0.947683;21223,767304,0.960459
140930,42333644;22024,4614424,0.99948;25776,496292,0.940894;17843,647518,0.985686;18194,556787,0.947293;21102,771769,0.960762
141753,42323546;20136,4623776,0.999448;23600,493483,0.940461;17867,647789,0.988209;18139,553953,0.946232;21298,773873,0.960816
142580,42303869;20344,4620939,0.999697;26836,492456,0.938859;18295,640645,0.985448;18546,551364,0.947921;20619,773137,0.961823
141443,42248928;20874,4618930,0.999664;26197,493823,0.939075;18916,637520,0.98678;18371,551013,0.949903;20249,762693,0.961271
142158,42256179;21108,4612870,0.999762;22921,490327,0.938729;16774,638576,0.985795;17656,550054,0.949816;19822,761030,0.961758
140319,42332662;21204,4620027,0.999968;25380,494771,0.939411;18803,645219,0.986109;17657,555317,0.949621;21831,772758,0.962505
141188,42326582;20270,4621595,0.999762;25844,494246,0.938101;18221,648044,0.987819;18835,553290,0.94738;21813,771505,0.960816
134863,42355548;17392,4614464,0.999589;24375,499018,0.937679;18598,647500,0.986585;19161,555964,0.947586;22324,780186,0.960405
135620,42341179;21197,4626177,0.999968;23993,492947,0.938718;17895,644834,0.986997;18235,553091,0.948311;20806,763372,0.96139
134443,42423127;20835,4623336,0.999903;26062,501290,0.940299;17620,649331,0.987982;18459,558026,0.950725;21295,781045,0.963447
119914,42343521;21235,4619290,0.999697;23421,497817,0.940808;18009,644349,0.986812;18480,554950,0.952133;21423,772168,0.963664
105950,42290201;18900,4623960,0.999968;24123,490344,0.93979;17399,636708,0.987148;17889,545818,0.94922;20411,759908,0.962246
107782,42330479;19369,4622839,0.999968;24928,495371,0.940169;17811,643972,0.988101;18683,553329,0.949134;21422,773352,0.961823
128847,42277118;21750,4624615,0.999166;25930,488992,0.938328;17415,637270,0.986758;19011,545679,0.948809;21177,762405,0.961488
132630,42367242;21541,4625592,0.999968;24879,495818,0.938025;18443,646752,0.987419;18724,554389,0.951765;21163,774076,0.963025
129232,42356135;13590,4613919,0.999783;23369,489999,0.94045;17392,642079,0.987072;17954,552638,0.948852;21426,772946,0.962917
128000,42301338;13938,4624355,0.99974;24801,495122,0.937159;17754,644086,0.987137;18323,553016,0.94922;21714,770344,0.962256
129147,42396193;16828,4609837,0.999751;25650,493434,0.939216;18490,645789,0.987668;18456,551174,0.948343;21483,773354,0.962874
99909,42318641;20562,4625665,0.999924;24331,490542,0.938588;17787,639197,0.986033;18940,550395,0.947066;22014,768095,0.962191
131179,42388603;20141,4616068,0.999686;23743,495304,0.939303;17356,646901,0.985535;18566,557454,0.949242;21110,774577,0.962191
116774,42291977;20162,4613867,0.999978;25787,492575,0.941804;17999,640670,0.98704;18272,546701,0.950531;21130,759681,0.962625
132742,42331874;21010,4619493,0.999513;23782,489248,0.935762;16340,640230,0.987993;18349,552117,0.948084;21359,765498,0.961563
130153,42338163;21229,4613304,0.999957;24227,494683,0.939075;17979,643328,0.987765;16424,553864,0.947445;21539,770752,0.961748
114659,42309808;21156,4605736,0.999675;22204,486365,0.942194;17556,637674,0.987874;18603,550558,0.948744;21159,764817,0.962213
128414,42386446;21163,4610322,0.999718;24367,491477,0.937549;18579,642591,0.986401;18678,556144,0.948982;21428,771202,0.961347
131760,42345562;21253,4609178,0.999783;23650,492205,0.94097;18237,638268,0.986;18581,553811,0.94791;21380,766181,0.960448
129065,42300903;21060,4607436,0.999708;22985,487108,0.938989;17566,635209,0.987625;18125,547136,0.94856;20937,757290,0.961325
125814,42331412;19965,4616210,0.999968;25141,495714,0.940645;18141,643839,0.9873;18696,557227,0.949513;20956,774658,0.96152
103334,42315986;21447,4618716,0.999989;24615,494394,0.938577;17781,638136,0.986975;18614,550544,0.947575;21891,763883,0.961672
134474,42319535;20160,4604245,0.999654;24557,490229,0.942096;18381,638951,0.987343;17238,550083,0.948408;20414,766221,0.961055
129474,42237406;21497,4616943,0.999708;24666,485778,0.939216;18556,632627,0.986899;18285,540991,0.949329;19767,753588,0.962191
130695,42308045;21205,4621988,0.999892;24369,489117,0.937906;18035,635438,0.986585;17991,545880,0.946178;20941,761318,0.961174
133524,42291466;20422,4615269,0.999848;23789,487548,0.938025;17195,641280,0.987538;18458,549692,0.948365;21159,763338,0.961726
132649,42332095;16384,4600024,0.999773;25187,492715,0.938913;17980,644233,0.986477;17839,553505,0.94935;20069,765056,0.961661
134171,42305290;20366,4608912,0.999773;24555,492108,0.937202;17963,639710,0.985957;18458,548166,0.948159;21757,768719,0.962018
132204,42220624;20239,4612539,0.999989;23524,488968,0.938112;16952,634848,0.987354;18077,543421,0.948127;21290,760523,0.961758
132504,42265799;20901,4614857,0.999935;24504,487864,0.938956;18624,632430,0.986997;17890,544316,0.946925;20857,757076,0.961964
134219,42270238;21377,4623924,0.999556;24526,488106,0.938935;18386,636469,0.986715;18221,544623,0.946838;20875,763848,0.961639
103154,42313876;20917,4605243,0.999751;23524,489818,0.93717;17756,638318,0.986401;17927,553089,0.945323;20491,762334,0.961607
130969,42327866;21466,4608884,0.999978;23958,492401,0.937884;17326,638164,0.986;18126,551446,0.946124;19957,765447,0.961022
132961,42224818;20192,4616926,1;23445,491315,0.941544;17466,636473,0.987213;18151,544858,0.946882;20264,759287,0.961509
129416,42374389;16105,4626307,0.999675;24546,496375,0.941089;17692,642916,0.987375;18406,557419,0.947109;20696,774699,0.961964
134125,42337259;21345,4621350,0.999426;23556,493036,0.943071;18068,642500,0.986867;17006,546853,0.948777;20737,770121,0.96086
132950,42296291;16526,4615400,0.999632;24078,487854,0.939682;17539,636464,0.987159;17718,548674,0.947434;20643,761355,0.961336
132513,42275850;18766,4617697,0.999632;23425,486963,0.94071;18015,630858,0.987029;17785,541606,0.945799;20638,758453,0.96073
137970,42307388;21579,4614696,0.999924;23590,488068,0.940006;17866,637916,0.986423;17673,545887,0.947835;20243,762783,0.961748
136260,42367015;21485,4609507,0.999459;25230,496032,0.94057;17993,640708,0.9873;18495,553416,0.947813;20984,767676,0.961217
136142,42357772;21556,4614020,0.999307;24374,495968,0.938686;18359,645853,0.986867;18618,554013,0.947553;21031,771332,0.961542
106834,42281398;19359,4614840,0.999534;24860,494961,0.941999;16977,642331,0.985589;18202,550144,0.946806;20858,762611,0.960762
136321,42345356;20256,4610853,0.999654;24239,492798,0.940829;18282,640387,0.987159;18060,551202,0.948798;21120,770245,0.960968
131855,42314010;19171,4632098,0.999448;24998,491750,0.938469;18042,639968,0.986488;18027,550014,0.947553;20951,767536,0.961412
133215,42316841;21388,4626216,0.999469;25990,495105,0.939866;17780,639053,0.986358;18120,554123,0.947228;21104,765698,0.961607
135501,42299345;21279,4608288,0.999632;23902,492859,0.938772;17640,638326,0.986444;17596,549389,0.949296;19737,765031,0.962505
103626,42317602;15769,4619415,0.999599;23150,489639,0.937809;17333,638967,0.986672;17683,547521,0.943006;20539,761563,0.961358
133890,42336982;20280,4626639,0.999459;23626,491578,0.942497;17460,640304,0.987094;18155,551959,0.944727;20394,764687,0.960643
134016,42306654;20675,4630199,0.999881;24694,491048,0.938209;16900,639726,0.986715;17649,551335,0.945344;20894,769946,0.961737
130699,42347535;14552,4612486,0.999903;23883,489093,0.93979;17587,638831,0.987939;17795,549600,0.946156;20413,765012,0.961964
109017,42364957;20461,4618531,0.999978;23268,493384,0.940169;17788,645580,0.987635;18203,558359,0.947726;20550,771258,0.962116
127488,42296084;20454,4609874,0.999697;23696,490115,0.938101;17612,634444,0.986412;17799,546607,0.948668;20760,763594,0.962137
120159,42223113;16835,4611646,0.999708;24416,487256,0.938231;17428,632655,0.986358;17837,544364,0.947715;20998,758746,0.960621
130245,42381489;21513,4623338,0.999816;23056,496535,0.938133;18102,646170,0.987625;18537,555849,0.946709;20993,773903,0.960351
132992,42309150;19756,4638999,0.999524;23773,492041,0.93704;17698,638917,0.98757;18011,554558,0.947661;20562,763686,0.96047
132467,42347996;21517,4622757,0.999675;24518,498475,0.938989;18589,646209,0.987246;18416,553897,0.948896;21271,773684,0.961683
132620,42174862;13287,4627761,0.999513;24198,481760,0.937137;17528,631098,0.985881;17851,545361,0.947997;20528,755387,0.962051
131659,42311378;19288,4627874,0.999718;22876,488602,0.940256;17203,638066,0.986347;17677,549883,0.947293;20389,762677,0.961217
124806,42287936;19456,4623324,0.999664;24102,488606,0.9373;17232,639901,0.986304;17122,548348,0.946124;21006,765937,0.96021
123203,42246292;19536,4624274,0.999892;23595,486954,0.937354;17608,636461,0.98717;17953,543150,0.947553;20737,754676,0.960643
134560,42286280;21661,4630488,0.999946;24289,490123,0.94319;17373,639579,0.986087;18338,547274,0.947228;20677,758923,0.960676
123885,42288498;20103,4634469,0.999686;24298,490519,0.940277;17440,637094,0.986802;18548,548476,0.947824;20848,760965,0.961022
104008,42364671;19759,4624810,0.999805;24837,487159,0.938707;18322,638887,0.98704;18189,547647,0.948647;21020,765067,0.961531
107057,42300901;16424,4633619,0.999838;23604,490206,0.937668;17773,639976,0.986748;17537,545838,0.947369;20335,767241,0.961748
133538,42316175;15390,4620527,0.999491;24575,488614,0.940212;17154,639011,0.9873;17697,550711,0.950227;20386,759668,0.96243
133019,42327463;18987,4621453,0.999469;23134,495021,0.940862;17127,639878,0.987787;17422,552158,0.949621;19562,763810,0.962635
131005,42271203;16429,4628532,0.999892;22322,489566,0.938848;16372,635445,0.986574;17679,546050,0.944965;20402,762211,0.960979
132356,42239213;18098,4630008,0.999935;23254,486744,0.941771;16802,636073,0.986563;17014,547402,0.946373;19641,758990,0.959842
129351,42335872;19343,4642429,0.999643;22357,493348,0.938404;16866,643241,0.987137;16974,555339,0.946416;19137,769455,0.95995
107134,42249494;20905,4635220,0.999881;21755,485711,0.93953;16330,635422,0.986639;16477,544651,0.947694;18969,763862,0.960784
129269,42310058;20467,4635014,1;19704,489574,0.942453;12604,639471,0.986921;12323,547565,0.944641;14546,765678,0.960751
137009,42263604;21381,4634432,0.999816;17506,491903,0.939422;13076,639740,0.986726;12393,550993,0.943764;14523,767473,0.95995
135321,42315692;21303,4636121,0.999534;17684,490449,0.939725;12801,643406,0.986639;12330,551673,0.945929;14506,765187,0.960643
129820,42372234;19633,4635378,0.99961;18098,496708,0.940353;12533,644237,0.98613;12492,557341,0.948387;14592,771534,0.959604
133185,42261020;19448,4639713,0.999892;17789,488246,0.935015;12457,639533,0.987343;12255,546400,0.946784;14516,763817,0.959983
130376,42322641;21571,4629048,0.999968;17504,493912,0.938447;12465,645310,0.987007;12284,550463,0.949686;14578,769544,0.961087
133037,42282954;19672,4638240,0.999805;17808,489890,0.938014;12519,639247,0.985806;12371,549921,0.94804;14458,766032,0.960502
100822,42350739;13193,4635541,0.999838;17672,496196,0.939205;12662,643726,0.987852;12350,552493,0.946806;14578,773945,0.960091
133054,42279679;20519,4648134,0.999783;18022,492216,0.941197;12565,645064,0.987018;12370,549489,0.94765;14422,763321,0.960372
131019,42285478;21528,4639059,0.999913;17945,491670,0.937549;12484,638740,0.988036;12405,550922,0.948322;14461,766342,0.961304
133334,42279305;20942,4643771,0.999924;17751,490435,0.935914;12726,640895,0.986661;12438,549222,0.946849;14420,759704,0.96021
130872,42340323;19394,4637221,0.999978;18027,497790,0.941674;12480,643547,0.986877;12375,552952,0.948376;14707,776785,0.96113
133670,42222787;16204,4639575,0.999903;17760,484993,0.938631;12462,631002,0.986249;12200,541697,0.945431;14475,757439,0.960827
103930,42361242;17914,4633519,0.999708;17608,490844,0.940754;12635,643081,0.986693;12313,552828,0.947012;14424,766358,0.959885
132542,42305915;19348,4638306,0.999957;18161,494015,0.940331;12518,644713,0.987484;12348,550963,0.94777;14539,769637,0.96099
134234,42293414;18817,4641793,0.999762;18341,491697,0.939541;12456,636309,0.986542;12354,550064,0.946741;14509,764748,0.961953
127391,42282054;19265,4641846,0.999978;17916,493833,0.940461;12477,638929,0.986542;12466,553861,0.945896;14498,766523,0.961726
134000,42304137;20770,4642502,0.999632;17896,489938,0.938707;12616,639328,0.987072;12363,551797,0.945009;14453,767494,0.95956
134372,42243453;18340,4648935,0.999989;17259,487824,0.936986;12602,634692,0.986542;12303,548115,0.945702;14346,755985,0.960708
133638,42335871;18172,4645909,0.999762;18558,492507,0.939617;12415,642821,0.987202;12506,552678,0.947954;14506,764645,0.959874
133694,42303437;21639,4644201,0.999773;17520,491132,0.94136;12624,639546,0.985881;12519,553446,0.948051;14606,768583,0.961206
134361,42308407;21432,4650741,0.999729;18951,491070,0.936444;12570,639653,0.986109;12357,555443,0.945853;14460,765438,0.959387
104277,42310616;15805,4640684,0.999762;18084,489631,0.936997;12479,642975,0.987527;12368,552021,0.947954;14459,765663,0.959409
126239,42353207;18961,4649700,0.999935;18058,493620,0.937332;13063,644418,0.987116;12514,556549,0.946838;14574,773369,0.95969
119504,42276321;21673,4646467,0.999621;17490,491789,0.939443;12682,641304,0.986239;12356,551477,0.947683;14560,767238,0.960459
133805,42223225;21709,4651849,0.999924;18016,485830,0.938512;12580,634007,0.986314;12270,543769,0.945095;14429,756154,0.959907
134057,42289584;21589,4650797,0.999968;17576,489023,0.938924;12596,640490,0.987722;12278,547758,0.94634;14320,761260,0.959214
106203,42286567;21365,4653939,0.999599;17675,493474,0.940624;12722,639915,0.986856;12345,551167,0.946113;14493,765159,0.958792
132963,42267866;21680,4659455,0.99961;17591,489807,0.93953;12813,640267,0.987538;12334,546269,0.947304;14396,761228,0.958997
133354,42217636;19411,4651544,0.999675;18195,487098,0.938761;12710,634190,0.988426;12342,545413,0.945312;14476,760057,0.958359
121729,42254173;21718,4658434,0.999794;18259,489682,0.937949;12699,641751,0.987863;12479,552460,0.945095;14578,765748,0.958261
132812,42254223;19438,4656679,0.999773;18713,492570,0.940071;12666,643861,0.987332;12396,549647,0.945518;14603,767608,0.958781
133866,42250568;21068,4655381,0.999838;18683,495230,0.940515;12525,642862,0.986812;12470,552747,0.945983;14647,766239,0.959571
133451,42281315;16773,4661506,0.999978;17974,492731,0.936986;12476,638167,0.986661;12413,549978,0.946416;14589,766926,0.959052
133349,42189102;20818,4665327,0.999903;17631,489169,0.939541;13107,637346,0.986769;12372,547517,0.945474;14354,757574,0.958662
121861,42219452;20411,4659656,0.999578;17224,487079,0.937505;12289,637424,0.987689;12412,548615,0.945431;14453,758389,0.958965
99565,42279413;21581,4657480,0.999924;17891,490429,0.936932;12488,638975,0.988188;12290,548873,0.944218;14533,764281,0.95812
124904,42205186;21691,4654886,0.999903;17520,489815,0.9394;12417,635960,0.98743;12296,545652,0.945929;14381,754386,0.957547
120206,42234780;21594,4652938,0.999859;18155,488918,0.940743;12626,635781,0.987819;12250,546610,0.943103;14471,761452,0.958261
100741,42170146;21765,4663316,0.999935;18193,484606,0.941923;12364,635671,0.985762;12320,545395,0.943244;14483,757706,0.958369
99120,42297864;20160,4652526,0.99987;17990,492990,0.941154;12776,643398,0.987592;12420,553932,0.944597;14448,763274,0.957503
124045,42191847;21007,4649941,0.999924;17740,485080,0.938242;12746,632501,0.987895;12214,542669,0.945994;14483,757091,0.957103
107084,42193587;19258,4657562,0.999708;17585,479592,0.936769;12555,632766,0.986249;12169,543686,0.945052;14450,755253,0.956301
127053,42118801;19380,4662069,0.999859;17720,481542,0.939855;12717,626802,0.986899;12212,538520,0.942129;14479,756976,0.956615
125920,42164015;20333,4662630,0.999556;17934,484675,0.938935;12306,631074,0.986964;12280,542636,0.940093;14322,750712,0.955717
114522,42121609;19122,4657041,0.999946;17904,481331,0.938545;12498,623800,0.986195;11881,533763,0.942204;14197,745704,0.955933
120300,42197363;18005,4657548,0.999805;17954,486870,0.939822;12700,634227,0.984907;12260,545935,0.940905;14576,762536,0.955294
119225,42195665;19723,4649778,0.999903;17627,485884,0.939379;12514,638003,0.985914;12372,547589,0.942161;14536,760750,0.955121
126029,42040215;21461,4660807,0.999924;18514,480078,0.939801;12427,626280,0.987213;12166,538866,0.942259;14313,750059,0.955403
105010,42034737;15289,4666398,0.999946;17589,481692,0.937603;12595,629639,0.987928;11988,534160,0.941804;14282,742913,0.954288
98444,42097976;21049,4654327,0.999935;17519,478059,0.942594;12568,625226,0.987408;12047,538935,0.943027;14259,751826,0.956226
111998,42143819;20048,4662794,0.99974;18270,485013,0.941252;12447,633673,0.986509;12236,541030,0.940797;14361,755642,0.954093
118945,42078073;21703,4662085,0.999534;19352,480968,0.940006;13364,625676,0.986683;12214,536572,0.94018;14199,744895,0.955327
120571,42046677;20017,4663668,0.999578;17489,482017,0.941934;12505,626390,0.987744;12163,537326,0.940082;14430,752999,0.953941
116752,42152076;14544,4661065,0.99974;17896,482050,0.940992;12471,631001,0.987354;12265,546201,0.939411;14410,755902,0.953075
126227,42108177;21554,4652688,0.99987;17778,476721,0.94044;12407,624752,0.987224;12113,536176,0.937549;14290,748392,0.952458
124021,42029062;21536,4656688,0.999946;17690,478577,0.94032;12536,627697,0.986812;12162,536386,0.938502;14391,751510,0.951895
125096,42066350;21516,4652042,0.999643;17478,473325,0.939043;12544,617870,0.985816;11955,529669,0.937549;14106,737499,0.95
99757,42048590;21536,4665140,0.999903;17701,475434,0.939519;12576,620460,0.986401;12113,532473,0.936033;14340,745775,0.94908
101407,42186036;21526,4656279,0.999881;17842,481497,0.937224;12705,632297,0.987516;12391,543538,0.932557;14483,758284,0.946968
99571,42089393;21539,4665519,0.999729;17630,477607,0.942746;12590,623407,0.985513;12277,540862,0.935232;14420,754632,0.946633
124474,41931997;17572,4660075,0.999578;17906,468418,0.943515;12376,614959,0.987798;11987,528328,0.934539;14118,738525,0.946243
100964,41905933;17392,4657159,0.999924;17708,467557,0.939443;12564,613481,0.987863;11999,526485,0.933066;14088,733339,0.944727
116464,42004416;21433,4663228,0.999968;17031,469777,0.940905;12578,619511,0.98756;12086,533186,0.932936;14288,745167,0.944435
97971,42120130;18256,4665545,0.999913;17640,473086,0.942194;12246,624748,0.98757;12311,538035,0.932005;14483,756179,0.943276
127197,41901011;18547,4668799,0.999827;17203,468170,0.94293;12444,616811,0.987267;11947,527079,0.928779;14233,742865,0.941035
108402,42017758;21752,4658240,0.999762;18295,469093,0.94333;13141,616329,0.986942;12101,531690,0.928259;14332,747284,0.93966
126237,41989692;21746,4664641,0.999751;16979,463264,0.942594;12213,616427,0.986997;12145,530335,0.923636;14389,749117,0.936304
125351,41954021;20747,4664520,0.999632;17141,462569,0.94071;12963,616711,0.988068;12098,529176,0.922683;14391,748113,0.934842
128276,41731763;20985,4660548,0.999881;16683,437136,0.94345;11924,584573,0.987159;11658,510150,0.919294;14082,730065,0.931215
124596,40892954;21362,4663395,0.998777;15676,394686,0.945669;10978,533548,0.986975;10693,472100,0.916057;13123,672117,0.928107
115805,40352235;21329,4659999,0.999881;14230,362070,0.945117;10235,492563,0.987332;9941,442265,0.914119;12487,639521,0.924567
114428,38608243;18492,4667402,0.999957;12665,313459,0.949773;9423,429827,0.988166;8789,391113,0.912863;11247,565412,0.921806
106568,37130908;15745,4669811,0.999903;11998,284579,0.953551;8445,383350,0.988112;7819,353044,0.908553;10282,513378,0.918309
88265,34571247;17656,4668957,0.999903;10538,244007,0.956496;8509,336062,0.987549;7169,310106,0.907233;9071,451074,0.915634
96673,31928034;20687,4669731,0.999329;10007,207906,0.958586;8743,286259,0.988556;7124,273886,0.90681;8040,396108,0.914249
85708,28463109;18122,4669897,0.999816;8327,172488,0.961336;7228,237081,0.988382;6320,228254,0.905706;6721,332502,0.912776
74003,24192650;20087,4662674,0.999524;6488,138387,0.958987;6666,188729,0.987397;4920,183067,0.90419;5334,262752,0.911444
60484,20218330;20072,4660611,0.999968;5598,105039,0.96244;5228,149493,0.988556;3778,145528,0.904558;4154,209714,0.910437
46177,15958307;21378,4663696,0.999751;4762,79654,0.96414;4683,113832,0.988426;2713,110449,0.903844;2905,159304,0.909517
39269,13578716;18425,4663398,0.999827;4936,67121,0.964476;3841,92576,0.98835;2146,92001,0.903118;2178,129776,0.908867
28292,10299173;21503,4660103,0.999502;3647,49750,0.966154;3233,69074,0.988512;1352,67328,0.902555;1403,95953,0.908424
20230,8092726;21492,4667429,0.999762;3120,36824,0.965613;2397,52675,0.988317;942,50893,0.902848;984,72527,0.908294
12943,5727613;13185,4668222,0.999978;3229,24611,0.966013;2495,35815,0.9877;605,36637,0.902696;620,50260,0.90812
10804,3955302;21413,4664774,0.999924;2871,16556,0.966013;1848,23126,0.988307;398,24319,0.902653;412,34810,0.908034
7018,3071163;17536,4666409,0.999762;2742,11709,0.966273;1632,18613,0.987993;281,18767,0.902663;292,26440,0.907926
5351,2320862;21010,4668546,0.999989;3860,9292,0.966165;1936,13138,0.98744;195,14049,0.902566;211,19312,0.907871
4131,1816722;14403,4664720,0.999805;2529,7181,0.966782;2131,10827,0.987787;161,10763,0.902577;166,15301,0.907871
3655,1273156;20904,4674312,0.999675;2620,6281,0.966955;1372,7906,0.987744;117,7755,0.902469;122,11084,0.907579
2992,1036476;21437,4664090,0.999859;1801,4424,0.966836;1019,5764,0.987625;88,6126,0.902295;97,8552,0.907514
1845,799133;17888,4664848,0.999773;1883,3583,0.966934;1518,4827,0.987603;73,4714,0.902414;79,6810,0.907601
2033,890522;19088,4661058,0.999968;1793,3738,0.966761;1105,5103,0.987397;81,5380,0.902523;86,7706,0.907687
1271,542770;21515,4659631,0.999415;2351,1721,0.967161;1318,3181,0.987408;61,3486,0.90235;60,4801,0.907503
444,184388;15089,4654604,0.999718;1716,890,0.966901;1159,1213,0.987386;29,1483,0.902252;30,1957,0.907492
492,184379;20620,4668991,0.999924;330,294,0.966815;651,957,0.987354;21,1067,0.902263;26,1775,0.907568
