473,482653;583,117812,0.987792;434,70928,0.955646;505,87325,0.987996;577,71822,0.954629;562,76838,0.977009
467,483362;591,119687,0.986979;296,34137,0.931841;341,46713,0.96765;326,35374,0.860224;366,40397,0.886063
475,483620;585,118239,0.989827;347,36838,0.925127;404,52048,0.966836;404,39546,0.884842;394,43475,0.90763
477,483512;588,118508,0.985148;353,37413,0.916785;408,52210,0.958291;397,39800,0.867955;402,43554,0.902543
484,483347;593,117714,0.980468;359,37163,0.930621;396,51314,0.963988;387,39274,0.864903;394,42606,0.915972
485,483621;582,117353,0.989013;378,38921,0.938555;417,52778,0.983113;389,38689,0.872838;392,42957,0.913327
481,483615;584,117409,0.982299;369,37408,0.938352;407,51556,0.971719;404,38894,0.875483;403,42809,0.912106
484,483411;585,117164,0.982503;379,37334,0.938352;412,51157,0.975992;397,39056,0.835809;402,42445,0.909868
486,483592;596,115478,0.982503;368,37302,0.934079;416,51738,0.971719;416,39621,0.898678;407,42495,0.905188
483,483586;572,114934,0.986979;367,36683,0.908037;418,50908,0.969481;407,39046,0.854323;395,43225,0.922889
487,483575;588,118196,0.982503;373,37641,0.914344;420,52641,0.977009;421,40379,0.884232;413,43704,0.915565
490,483604;579,116220,0.988403;381,37904,0.9294;423,53001,0.957884;415,39579,0.883215;416,43455,0.919227
489,483633;500,117702,0.990844;367,37243,0.900305;428,52867,0.972126;410,39391,0.8706;398,42786,0.91821
488,483598;588,117084,0.993693;378,37526,0.931434;420,52165,0.970295;425,40476,0.901119;415,43436,0.908647
490,483636;579,116893,0.987589;367,37718,0.916785;424,52829,0.979044;429,39943,0.904578;403,42798,0.92411
491,483337;584,117422,0.986368;387,38086,0.916582;426,52728,0.976806;432,41306,0.90763;409,44261,0.927569
488,483761;580,116356,0.990234;374,38310,0.914344;415,52834,0.974161;411,39659,0.861038;407,44125,0.919634
480,483623;582,116796,0.995727;379,37885,0.91414;419,53868,0.981892;427,41180,0.90763;405,43131,0.927976
480,483657;580,116295,0.98942;379,37612,0.925127;439,53320,0.983723;414,39420,0.905595;412,43076,0.926755
482,483354;587,117409,0.98881;382,38188,0.921668;409,52099,0.981282;406,39860,0.914547;401,42863,0.928383
483,483550;575,115910,0.992675;380,38374,0.926755;425,52762,0.981078;424,40440,0.925127;408,43582,0.944659
482,483618;578,116467,0.986572;386,38698,0.94527;434,53672,0.970295;412,40116,0.915565;401,43157,0.941811
483,483658;581,116313,0.983927;368,37774,0.929196;419,53899,0.973957;418,40369,0.903154;409,43084,0.927772
484,483455;584,116378,0.993286;380,38189,0.928789;433,53639,0.979247;420,40493,0.914751;409,44139,0.940387
481,483617;579,117182,0.992879;380,38013,0.919227;432,53949,0.976602;425,41388,0.909461;426,45044,0.93001
483,483259;580,116075,0.989217;377,38027,0.908647;425,53388,0.972533;405,39550,0.891353;413,44159,0.928993
485,483563;593,119358,0.991658;389,39071,0.926551;435,54085,0.974161;431,41256,0.89115;412,44555,0.928789
488,483432;590,117984,0.987182;393,38188,0.910682;422,53349,0.978433;415,40748,0.855137;416,43658,0.920855
485,483594;594,119380,0.981892;388,38952,0.911292;436,55126,0.981282;444,42774,0.906205;431,46320,0.939776
487,483779;582,118220,0.98413;386,40090,0.932045;440,55369,0.983113;429,41862,0.913123;429,45960,0.92472
490,483676;583,118050,0.991455;393,39066,0.917396;437,54951,0.973143;436,42007,0.896033;427,45374,0.905392
498,483619;594,119593,0.987792;379,39940,0.927365;453,55280,0.969074;453,43496,0.889318;432,46327,0.925127
496,483666;596,120570,0.993082;394,39272,0.899898;425,55377,0.962157;426,41826,0.864903;447,46008,0.901119
495,483336;599,122224,0.988606;384,39519,0.911495;423,55486,0.958698;436,41607,0.848016;433,46316,0.900509
497,483254;602,119818,0.977416;377,39602,0.91943;449,54781,0.95646;439,42036,0.882401;424,45380,0.92472
497,483584;590,119412,0.986979;394,40022,0.914344;442,56118,0.960122;448,42386,0.84883;437,46345,0.901729
497,483651;595,120525,0.991455;389,40783,0.926958;446,56660,0.971719;437,43329,0.85351;440,47316,0.907019
499,483607;597,121478,0.98413;399,39727,0.905188;448,56718,0.972126;449,42829,0.831943;450,47161,0.905799
499,483775;594,120648,0.992269;395,40639,0.921261;461,58170,0.97294;460,44194,0.897253;428,46916,0.915158
499,483721;598,121419,0.993082;408,40744,0.909461;440,57260,0.974568;467,42838,0.875483;458,48081,0.926958
501,483795;593,120410,0.986979;376,41360,0.920855;422,58134,0.97294;407,42666,0.850661;411,47126,0.931027
502,483871;593,120439,0.990844;380,42421,0.923296;420,57769,0.972533;420,43392,0.857986;418,48136,0.922889
501,483740;599,121544,0.991048;362,39899,0.900102;436,57679,0.975992;414,42025,0.884028;418,47003,0.938149
500,483750;594,120917,0.990437;364,40545,0.909461;424,57547,0.966836;432,44293,0.887691;407,46506,0.93001
503,483518;595,119945,0.992065;370,40237,0.89766;425,56466,0.971923;419,42915,0.87589;423,48002,0.918616
493,483712;592,120042,0.990031;381,40946,0.925331;403,55884,0.980264;426,43319,0.878128;419,47552,0.923296
492,483733;588,119852,0.989013;379,40848,0.926755;432,57838,0.976195;439,43282,0.878535;434,47360,0.929196
490,483645;594,119979,0.992675;376,40056,0.919837;423,55229,0.966633;430,42423,0.875076;425,46811,0.918616
490,483763;590,119806,0.988606;386,40826,0.921872;426,56782,0.976195;434,42887,0.877111;424,46939,0.923499
490,483598;592,119850,0.982096;363,38035,0.907833;421,54611,0.970092;393,40518,0.862462;394,44541,0.924924
489,483728;595,119207,0.986368;370,39898,0.921872;430,55456,0.975788;438,43091,0.873856;429,46508,0.90763
492,483299;586,117620,0.9941;364,37732,0.929807;405,51838,0.981892;400,39919,0.858596;416,44932,0.93591
495,483562;581,117024,0.984537;369,37551,0.89705;404,53324,0.968871;414,41543,0.893795;409,44923,0.919227
500,483544;591,117981,0.989624;374,37897,0.922482;405,52672,0.970295;410,40619,0.899084;409,45748,0.9353
508,483632;581,117071,0.986979;360,38847,0.914547;411,54670,0.972126;418,42239,0.910275;400,44865,0.943235
513,483676;592,118554,0.987996;381,39128,0.932452;426,54281,0.97823;415,41053,0.898881;407,44836,0.934893
525,483658;601,119692,0.992065;372,39339,0.935097;409,54970,0.980061;409,41362,0.88647;399,44881,0.925127
578,483705;590,118594,0.987386;358,38396,0.911902;403,53982,0.973347;421,41406,0.882604;412,45053,0.927162
528,483604;579,117897,0.986165;370,37737,0.903967;421,55004,0.981689;427,42294,0.905188;409,45149,0.936724
521,483636;593,118537,0.992269;350,37795,0.904374;405,54009,0.964802;416,41413,0.882808;408,45085,0.939369
529,483702;594,119139,0.986979;385,39765,0.910478;438,55760,0.976195;445,43533,0.890946;419,47107,0.921872
522,483654;597,120292,0.988403;364,39143,0.896236;411,54329,0.979654;428,42476,0.875076;426,46896,0.933876
523,483698;596,120080,0.989827;361,39406,0.899491;411,54860,0.969481;438,43281,0.908647;430,47958,0.95117
523,483594;591,119192,0.987386;361,39620,0.898474;419,55468,0.972126;418,41910,0.874059;418,47400,0.940387
522,483740;595,120926,0.989624;384,41420,0.913937;436,58304,0.970092;461,45269,0.896236;445,50224,0.920855
521,483747;598,121115,0.98881;385,41742,0.906002;434,58992,0.975585;449,44523,0.878739;439,50102,0.93001
516,483752;605,122499,0.987792;374,41090,0.898271;461,57766,0.965819;454,43995,0.881587;452,49610,0.933266
549,483826;604,123518,0.983927;370,41068,0.886063;424,58384,0.966633;461,45261,0.867752;456,51688,0.922686
544,483823;609,122472,0.989217;389,42380,0.911292;440,59537,0.969888;470,45602,0.880773;481,52103,0.932452
545,483806;605,123943,0.988403;378,41280,0.907019;444,59987,0.977416;476,45757,0.872228;456,51046,0.915565
545,483905;600,123642,0.988403;369,41963,0.887894;444,61253,0.96826;465,45661,0.873245;469,52743,0.933062
546,483678;603,123178,0.98942;383,42284,0.894812;435,60185,0.971516;454,45124,0.849847;448,50913,0.928586
546,483825;602,123464,0.990031;389,43570,0.90763;458,62597,0.976399;503,48202,0.895422;474,53345,0.934893
502,483854;607,124702,0.983927;390,43027,0.905392;438,60020,0.96704;466,45839,0.845168;468,52194,0.9294
502,483654;601,123224,0.990234;376,41708,0.869176;446,59906,0.971719;460,45586,0.830722;454,51592,0.944659
497,483767;605,124175,0.988403;383,42779,0.904578;430,60049,0.963377;463,45642,0.846389;454,51063,0.925738
499,483627;602,123415,0.994303;373,41493,0.900305;429,58841,0.96297;461,46239,0.905799;461,51274,0.939166
505,483710;601,123874,0.989624;387,43801,0.907019;434,60093,0.96826;464,45994,0.861648;468,53285,0.934283
508,483074;605,123948,0.980264;382,41277,0.905188;422,58290,0.967447;447,44500,0.874262;448,50900,0.937945
506,483145;598,122096,0.989624;364,40542,0.882197;414,57111,0.963377;445,43959,0.890336;435,49587,0.914547
501,482574;604,122285,0.990031;358,39767,0.899288;405,55437,0.973143;416,41994,0.855951;422,48035,0.949542
502,481739;598,121767,0.985961;337,37529,0.899288;386,52192,0.963377;415,41374,0.882604;406,46579,0.938759
502,482133;599,120639,0.980061;348,37614,0.915565;387,52156,0.976195;403,40411,0.906409;405,46229,0.950966
500,481569;593,120105,0.986572;355,37544,0.912106;388,50150,0.969074;401,40683,0.876704;406,46080,0.936521
500,481341;596,120876,0.992269;334,34610,0.88647;354,47545,0.948525;356,37691,0.904171;360,41908,0.933266
503,477982;594,119706,0.98881;316,32672,0.89766;347,45789,0.952594;336,35548,0.898678;350,40470,0.94059
501,477484;594,119313,0.983723;293,31305,0.883215;339,42492,0.964191;341,35308,0.909461;330,38573,0.92472
502,469609;583,117591,0.994303;267,28018,0.904171;290,37266,0.943032;289,30802,0.908444;291,34214,0.925127
493,462404;592,118756,0.981689;244,24004,0.850865;250,31581,0.941404;244,27033,0.911699;256,30688,0.91414
490,464790;590,118417,0.990844;197,19801,0.862055;230,28015,0.95707;211,24210,0.89766;226,27790,0.937945
458,437255;585,117139,0.990234;174,16970,0.885453;193,23277,0.963581;170,20060,0.916989;184,22950,0.948118
443,423857;595,118968,0.988199;158,15493,0.887487;168,20553,0.962157;141,17308,0.924517;162,20914,0.94527
382,371119;593,118175,0.980468;155,13319,0.906409;153,17641,0.969074;120,14646,0.929196;130,16761,0.952798
368,355221;599,118347,0.991251;118,10543,0.928179;131,13496,0.959308;97,12146,0.9353;106,13703,0.960936
271,262033;580,115556,0.985961;94,7175,0.916378;127,9470,0.961546;64,7830,0.937131;75,9546,0.973754
206,202113;588,117198,0.978637;192,5213,0.927162;79,6709,0.971109;43,5520,0.949135;52,7041,0.973754
115,114834;592,118566,0.983723;79,3504,0.932248;65,4527,0.97233;31,3766,0.949339;35,4437,0.979247
110,109575;586,116776,0.98881;61,2482,0.932045;63,3306,0.976195;22,2883,0.949542;26,3524,0.975788
52,51499;588,116312,0.987996;46,1460,0.936114;39,1521,0.971312;10,1310,0.953815;10,1235,0.97884
28,27077;593,118217,0.993693;39,908,0.937335;35,841,0.973957;8,966,0.956256;9,1048,0.983927
25,24183;598,118223,0.980468;45,592,0.938555;40,772,0.973957;6,639,0.957274;7,737,0.983723
10,8793;597,117496,0.989013;21,203,0.938555;21,233,0.973957;3,274,0.958291;3,293,0.983927
6,4896;585,116442,0.986572;37,200,0.937335;36,284,0.973347;3,258,0.958087;3,273,0.983927
10,8782;590,118316,0.992675;28,181,0.93998;28,463,0.976806;3,277,0.958291;4,397,0.983723
