788,482653;482,119894,0.990031;394,71704,0.948118;479,89691,0.991251;547,72826,0.9294;545,78126,0.968667
783,483622;489,121842,0.989013;357,40745,0.927569;356,55041,0.969074;350,41462,0.83235;373,45843,0.889318
880,483663;460,121272,0.985758;363,41000,0.899695;432,57652,0.961139;410,43926,0.850661;412,48783,0.907426
853,483755;471,120562,0.982909;419,41408,0.889115;428,56767,0.950966;408,43474,0.841099;403,49391,0.882604
836,483842;472,118573,0.981892;416,42435,0.899695;467,59134,0.960732;465,45569,0.851475;467,50632,0.89705
690,483689;469,119810,0.980875;411,42054,0.898474;450,56928,0.961953;446,43412,0.828891;461,49502,0.911495
522,483799;471,119631,0.980671;378,42207,0.914547;470,57714,0.958291;420,43226,0.875076;435,48867,0.914547
522,483618;471,118941,0.984537;414,41979,0.928383;418,57799,0.976806;459,44809,0.850661;438,47806,0.91943
533,483876;464,118493,0.986368;475,42422,0.927569;465,59077,0.97233;449,44517,0.850661;426,48731,0.921058
534,483621;484,121585,0.980875;445,40994,0.91414;444,57631,0.973957;408,43597,0.838657;453,47968,0.905392
527,483786;477,120743,0.984537;385,42018,0.926551;494,58073,0.97233;479,44762,0.874669;455,50484,0.925331
815,483703;474,120644,0.986979;452,42702,0.905392;423,59125,0.966022;494,45557,0.873449;452,50622,0.920651
793,483787;479,120747,0.976806;440,43799,0.920651;481,60656,0.969074;493,46538,0.898678;454,50708,0.92472
798,483892;468,119755,0.982299;460,44155,0.913123;543,61274,0.96175;486,45880,0.860631;511,50901,0.935097
775,483829;484,122321,0.982706;431,43789,0.903967;484,60712,0.96704;402,46975,0.866124;433,50691,0.925534
781,483524;469,121144,0.987996;484,44211,0.920855;463,61546,0.966429;471,46649,0.866124;422,50685,0.925941
775,483861;469,120565,0.97884;455,44547,0.906002;495,62696,0.96236;483,47143,0.839674;459,51649,0.901322
780,483687;469,122907,0.98352;405,44813,0.877925;476,63390,0.953408;457,48369,0.86999;440,53113,0.904578
793,483937;490,122935,0.977009;435,45963,0.923296;444,63557,0.965209;429,46671,0.867548;454,53462,0.923093
788,483806;497,122763,0.983316;427,45859,0.908037;501,63713,0.954832;466,48633,0.894812;484,53418,0.928383
778,483667;441,123141,0.985758;409,44302,0.901322;510,61628,0.959308;442,47239,0.851272;470,52221,0.923093
803,483783;439,123539,0.980264;408,45262,0.900102;487,63354,0.958698;487,49371,0.898067;468,54316,0.916785
787,483957;438,122512,0.984944;446,44877,0.902747;462,62188,0.976195;472,47055,0.869583;441,52679,0.928179
774,483512;442,122556,0.984944;434,42524,0.895219;459,59597,0.959308;446,45396,0.84354;435,51618,0.929603
781,483889;437,120520,0.983927;450,44442,0.900305;519,61084,0.966836;503,47559,0.857172;446,51649,0.929807
780,483683;444,122243,0.986368;411,43614,0.903357;488,60993,0.958698;509,47463,0.872838;456,49819,0.90295
793,483742;436,121262,0.993896;449,43742,0.922482;453,60770,0.971109;455,45510,0.885046;462,52079,0.928993
781,483781;452,122726,0.98942;465,44162,0.90295;468,62079,0.969888;447,47457,0.849644;432,52278,0.928383
779,483814;440,120834,0.986572;442,43887,0.922686;431,60842,0.970905;440,46762,0.839878;421,51378,0.922279
829,483689;448,122939,0.990234;396,44438,0.914344;444,62082,0.971516;486,48661,0.864496;406,51751,0.936928
787,483944;438,121055,0.985961;409,45900,0.906002;433,62423,0.970295;445,48521,0.885656;456,53885,0.920041
780,483924;438,122214,0.980671;412,45073,0.90234;501,62314,0.968057;438,48395,0.894812;459,53947,0.93998
779,483860;437,121399,0.985351;389,45668,0.896846;483,62937,0.970092;430,48478,0.880366;474,54217,0.929807
786,484062;442,123560,0.983316;423,48115,0.905799;522,65912,0.971109;466,50784,0.868159;462,58544,0.942218
797,483675;443,123574,0.984334;441,47473,0.928789;471,64068,0.963174;533,50208,0.877314;456,57281,0.940387
778,483826;443,124902,0.984537;427,47714,0.901729;452,66302,0.961546;479,50897,0.875076;455,56963,0.94649
766,483978;489,124465,0.982706;452,47995,0.903967;471,66480,0.962564;457,51538,0.890743;472,57549,0.933469
777,483129;495,124159,0.985351;439,46258,0.898474;479,65203,0.966836;453,50001,0.898474;446,56278,0.927976
766,482337;482,124306,0.985961;378,45007,0.894608;434,63488,0.963988;429,49708,0.888301;454,54531,0.939166
759,479932;503,124626,0.981485;382,44409,0.895829;441,62830,0.971516;431,48107,0.86409;432,53471,0.917599
745,475342;480,123251,0.987386;395,43892,0.885453;429,58003,0.948525;432,46256,0.879552;403,50592,0.905188
742,466750;489,123195,0.984537;398,41382,0.888911;417,56018,0.965005;392,42971,0.849644;366,48046,0.920651
749,457455;475,121568,0.986368;356,37169,0.86409;352,50818,0.959919;375,39690,0.844354;392,44849,0.927772
703,437894;485,120305,0.987386;314,34110,0.833571;347,46966,0.94059;310,36291,0.869176;322,40571,0.944456
644,400739;482,120747,0.975585;266,25492,0.769074;292,36350,0.914954;277,28229,0.841302;256,31014,0.924313
531,333562;487,120725,0.991048;193,19270,0.722075;258,27633,0.891353;187,21804,0.855544;180,24222,0.933469
425,260428;481,119606,0.98881;145,13245,0.705595;158,19237,0.889318;122,14996,0.844354;112,16392,0.922889
277,156201;476,118715,0.98942;97,7338,0.666938;93,10378,0.861648;63,8535,0.844354;71,9398,0.926551
188,104015;482,118503,0.980061;116,5712,0.661038;96,7439,0.853917;59,6463,0.838047;60,7003,0.924313
109,56381;475,118668,0.986572;67,2890,0.657782;78,4505,0.852085;34,3733,0.84293;33,4053,0.929196
64,32906;479,119534,0.992472;56,1809,0.658189;60,2599,0.855341;18,2380,0.846796;22,2963,0.931027
32,16604;478,119102,0.984944;55,1178,0.659613;48,1411,0.853103;8,1085,0.844761;10,1300,0.93001
38,17521;490,120083,0.978026;68,1010,0.660427;39,1195,0.854527;5,599,0.850865;8,1095,0.931638
7,2950;467,118782,0.991048;21,225,0.660834;17,276,0.855137;2,179,0.852085;2,252,0.933469
