797,482653;1308,355182,0.999593;637,73849,0.942014;729,93593,0.984741;1770,69075,0.819023;1610,101235,0.947813
769,484416;1322,354679,0.999593;574,36923,0.938657;571,52594,0.983418;965,40531,0.859919;986,59613,0.905392
809,484669;1190,346943,0.999898;853,42359,0.922177;744,61133,0.978026;1078,44356,0.886267;1108,62823,0.929095
781,484662;1185,344492,0.999898;895,43069,0.917396;729,61437,0.984842;1092,44505,0.865615;1067,62544,0.931027
786,484640;1199,345596,0.999797;869,42609,0.928891;845,61896,0.98647;1097,43124,0.894608;1071,62327,0.936419
767,484566;1292,342989,0.999898;877,42323,0.914852;804,59063,0.984842;1118,43120,0.888911;1075,62327,0.934181
767,484705;1294,341419,1;858,43144,0.920041;874,61441,0.986063;1066,43177,0.887691;1155,62913,0.940692
767,484597;1281,340928,1;844,42816,0.920448;865,61840,0.973245;1230,43372,0.913327;1119,63870,0.944659
766,484677;1279,341793,0.999797;997,42252,0.89471;877,61753,0.975076;1150,43928,0.90234;1012,62373,0.943438
765,484649;1286,342951,0.999898;884,42290,0.918413;917,62511,0.985758;1139,43835,0.902238;1036,64106,0.943032
766,484575;1284,343988,0.999695;936,42696,0.892675;901,60893,0.969786;1158,43281,0.901628;1162,64384,0.945778
773,483618;1318,347918,1;894,43489,0.899491;923,62361,0.971007;1218,43273,0.864191;1082,62384,0.951373
767,480842;1275,345747,0.999695;781,40066,0.793896;894,59639,0.935605;1148,42615,0.886673;975,60395,0.916378
763,467232;1158,353687,0.999898;847,36519,0.761139;809,54380,0.85941;916,36560,0.856663;963,56692,0.91648
704,439573;1164,352450,0.999797;550,29824,0.668362;697,47119,0.812309;818,33443,0.79766;758,49146,0.835605
587,371199;1310,359576,0.999491;390,14176,0.500203;536,24431,0.632757;473,21074,0.692879;573,37765,0.823499
407,259620;1294,363453,0.999288;276,7983,0.356663;399,15672,0.526755;327,13951,0.624313;369,24857,0.829095
200,130952;1312,364383,0.998576;284,4109,0.271007;383,9695,0.479349;163,8106,0.606511;197,14077,0.840895
71,45346;1326,370029,0.999797;379,2315,0.246083;313,3938,0.468464;76,3173,0.608342;72,5000,0.845371
20,11806;1311,370373,0.999288;231,938,0.242218;325,1789,0.469379;26,1013,0.610682;21,1371,0.846694
