414,482653;590,117881,0.993286;441,71884,0.960122;514,88118,0.990641;621,73917,0.951577;575,76301,0.970092
389,446204;587,118356,0.989013;225,23460,0.947915;251,32903,0.98352;243,26311,0.905392;268,29720,0.913937
398,454215;588,117429,0.992472;256,25582,0.938962;285,35168,0.964395;293,29775,0.86409;285,31216,0.891353
386,449620;597,119529,0.984944;268,25510,0.933469;290,35261,0.958494;296,29742,0.879959;295,32469,0.885046
391,447514;594,117835,0.990437;246,24701,0.919837;283,34968,0.974161;279,28641,0.876907;294,31330,0.873856
391,451597;587,118108,0.995727;278,26637,0.909461;308,37433,0.952798;300,29917,0.862055;320,33756,0.899288
393,454309;579,116874,0.989217;295,26953,0.909461;338,38188,0.973754;304,30398,0.881587;328,34852,0.911292
393,453334;589,118006,0.986368;274,27065,0.931231;314,37316,0.975178;299,29800,0.869379;310,33453,0.904171
390,446250;579,115672,0.990437;277,25756,0.91882;293,35906,0.959512;290,28784,0.865514;301,32523,0.900102
392,440123;585,116420,0.987182;262,25069,0.922686;279,34936,0.976806;284,29038,0.896439;284,30820,0.906612
398,458173;575,115444,0.989217;268,26497,0.931638;321,38156,0.979451;286,29439,0.885453;306,33119,0.907833
393,446773;594,118494,0.99471;262,25896,0.915361;308,37014,0.976195;288,29010,0.885656;305,33212,0.900509
401,452350;590,118080,0.987386;277,27434,0.923093;309,36896,0.963377;297,30239,0.888505;300,32872,0.88708
392,442425;578,116535,0.989013;264,25385,0.917396;292,35671,0.949746;279,27969,0.876704;291,31639,0.895626
403,450603;579,116119,0.981485;290,26057,0.903561;305,36632,0.965209;297,29563,0.88647;312,33368,0.902136
409,442074;578,114191,0.973957;274,25616,0.891353;294,35885,0.969074;280,28240,0.895422;293,31498,0.895219
399,451397;584,115628,0.985758;285,27010,0.915565;308,37010,0.976602;292,29268,0.882604;301,32280,0.893388
394,449082;574,114768,0.992065;274,26399,0.912716;302,35322,0.943032;294,29524,0.885046;311,32795,0.913733
397,441254;582,115672,0.992472;267,25017,0.910682;291,34449,0.966633;283,28443,0.887691;285,30802,0.931434
390,446530;581,115405,0.989217;267,24883,0.913937;295,35662,0.968464;287,28538,0.874669;305,32553,0.910478
394,449105;586,116855,0.993082;269,25925,0.920651;291,35318,0.970092;291,29362,0.872228;302,32364,0.914547
398,449876;575,115386,0.982503;260,25623,0.924924;296,36110,0.960732;296,29851,0.887487;300,32642,0.907833
395,445758;575,115507,0.990844;265,26205,0.921668;300,36305,0.959105;300,30063,0.890539;302,33297,0.917599
395,439002;591,116908,0.987182;299,25867,0.910682;284,34714,0.954832;281,28896,0.888911;297,32077,0.91292
416,455676;574,115690,0.98942;309,26241,0.915361;309,36729,0.968667;289,29253,0.860834;306,32887,0.918413
409,452564;578,115967,0.993082;312,26529,0.923296;296,36722,0.970092;296,29657,0.898678;309,32813,0.918616
393,448136;579,116912,0.988403;309,26712,0.921261;324,37604,0.970092;306,29712,0.877314;310,32724,0.918413
414,444345;584,116071,0.984537;277,25385,0.910275;294,35119,0.960529;296,29577,0.884842;296,31775,0.934893
400,449574;579,116658,0.992269;276,26576,0.911902;322,37046,0.960529;300,30785,0.88118;295,32712,0.919634
392,450141;579,117103,0.989217;263,25480,0.906002;292,36616,0.957477;294,28579,0.884639;321,34002,0.914344
400,452350;581,117628,0.985758;277,25973,0.90763;323,36509,0.944049;291,29121,0.876297;305,33251,0.916785
404,455216;596,117213,0.983927;286,26796,0.921058;301,38036,0.956053;298,30641,0.889929;321,34727,0.919023
400,454034;580,116329,0.981892;285,26745,0.926755;315,37364,0.964191;294,30414,0.878739;311,34052,0.925534
400,453319;582,117808,0.983723;280,26934,0.909054;307,38300,0.968871;301,30262,0.884842;324,34391,0.919227
401,450159;577,115187,0.990641;286,26365,0.905392;301,36612,0.965819;297,29486,0.877111;292,31977,0.91882
415,451883;580,116812,0.990437;277,26636,0.902543;300,37499,0.949949;302,30272,0.888911;312,33594,0.921261
401,446491;577,116814,0.979247;271,26070,0.887284;306,36967,0.96826;285,29090,0.89766;306,33148,0.925738
421,453274;579,116891,0.99471;286,26621,0.909664;315,37608,0.974568;299,29827,0.897253;322,33722,0.915158
415,449102;582,116109,0.992879;272,25478,0.916378;291,35742,0.982096;291,28945,0.902747;303,32031,0.916582
399,448057;577,116303,0.996948;274,26367,0.921465;311,35969,0.966633;291,29257,0.896439;307,33282,0.913733
402,446030;572,115234,0.986165;276,25938,0.9294;300,36276,0.970905;283,28843,0.896236;292,32044,0.928179
405,454474;575,116106,0.993489;273,26541,0.93001;307,36985,0.972737;305,30037,0.897457;301,32975,0.926755
402,456402;582,115332,0.992269;268,27242,0.932045;316,38051,0.971109;311,31058,0.908647;322,33860,0.917599
407,454282;574,115395,0.990844;274,26353,0.935707;306,36988,0.966429;305,30189,0.909054;305,32870,0.918006
402,444108;573,115290,0.982503;294,25342,0.912309;310,36872,0.965615;292,29494,0.90824;300,32679,0.922279
400,452394;581,117281,0.989624;267,25879,0.88586;298,36828,0.965209;304,29483,0.902136;308,32772,0.932452
406,453119;579,115284,0.986368;284,26991,0.914547;307,37151,0.971516;297,30047,0.909054;318,33799,0.943642
420,457898;580,116477,0.990234;280,26923,0.916378;306,37861,0.975178;303,29954,0.898881;320,34489,0.9353
408,451112;577,114925,0.987996;274,26931,0.913937;299,36471,0.95707;289,29656,0.905392;297,32873,0.927772
413,451317;575,115500,0.984334;263,25543,0.91821;305,36590,0.953611;300,29418,0.909461;307,32275,0.927772
420,452081;584,115488,0.986368;272,25866,0.921058;301,36465,0.955036;300,29486,0.901119;300,31907,0.927365
402,449433;577,115924,0.986368;282,25616,0.918413;318,37041,0.965412;293,28932,0.892574;306,32780,0.929807
402,449396;578,116256,0.988606;262,26067,0.918006;308,35984,0.966836;295,29277,0.919837;315,32998,0.936317
405,448898;582,117334,0.989624;270,25886,0.937335;299,36630,0.96236;300,29147,0.908037;315,33021,0.926348
406,455423;586,116201,0.984537;286,26434,0.915768;310,37362,0.970092;304,30264,0.902543;310,33612,0.928993
401,448300;578,116238,0.985351;269,25477,0.917599;300,35543,0.979654;289,29088,0.896846;304,32352,0.920448
409,453313;576,116706,0.98881;286,27108,0.926755;315,37736,0.970295;314,30515,0.916989;315,33376,0.931231
405,451908;584,116338,0.990031;269,25421,0.914751;318,37190,0.969481;294,29377,0.923906;303,32799,0.93998
411,450603;590,117525,0.976195;270,25890,0.914547;292,36435,0.961546;296,29926,0.901729;304,32655,0.931638
416,448087;585,116795,0.983723;276,26353,0.916175;300,37041,0.970905;305,29658,0.888911;320,33302,0.93591
419,449606;583,117072,0.989624;272,25300,0.921261;314,36176,0.975788;292,29019,0.907223;297,31643,0.936724
411,451899;579,116629,0.988199;283,26608,0.924924;317,37927,0.971719;290,30525,0.904781;314,34141,0.931434
418,451607;590,117750,0.991048;277,26315,0.922279;323,37862,0.967447;309,30781,0.919227;322,34330,0.940997
410,454012;588,119095,0.994507;302,27361,0.937538;322,39123,0.969074;319,31486,0.905799;321,34676,0.928993
400,447555;573,117145,0.987182;286,26151,0.887284;306,37194,0.966022;298,30296,0.909664;297,32348,0.931638
399,430696;578,116598,0.985554;277,25179,0.907426;290,35587,0.975178;272,27679,0.908444;291,30634,0.933469
402,436593;594,117821,0.984944;273,25522,0.907223;283,34666,0.96704;287,28780,0.903764;299,32293,0.937131
403,451571;586,118060,0.987386;272,26714,0.909868;295,37517,0.962767;298,30104,0.90295;318,34136,0.9412
413,454742;588,118784,0.989013;275,27187,0.917396;310,37719,0.950763;314,31086,0.898067;323,34228,0.913733
412,452577;579,118348,0.991251;267,26005,0.905392;299,37667,0.970295;289,29142,0.88708;309,33162,0.919634
403,447561;572,117572,0.987386;301,27191,0.922686;294,36685,0.973754;290,29629,0.899288;299,32880,0.928993
419,449598;587,117959,0.990437;281,26116,0.905799;307,36620,0.962157;297,29455,0.898881;314,33035,0.928586
418,451596;579,116596,0.982096;287,26392,0.901322;300,37355,0.969685;298,30204,0.873449;312,34204,0.91882
415,457240;584,118026,0.988403;274,26772,0.893388;310,38100,0.966836;309,31495,0.885453;328,35796,0.918413
411,443499;587,118412,0.987589;269,25621,0.890946;297,35496,0.965005;299,29398,0.904985;315,33498,0.932452
408,440696;581,117445,0.992269;263,25881,0.905392;286,35278,0.95646;286,29254,0.901119;290,31899,0.911495
397,444964;590,119653,0.988199;259,26229,0.911495;294,36585,0.964598;285,29297,0.907833;301,32056,0.923296
403,449885;586,118209,0.990641;265,26257,0.906002;307,37736,0.964802;292,29811,0.899288;316,33694,0.932655
406,448663;592,117538,0.984944;284,25856,0.893184;304,37247,0.962767;285,28654,0.891556;291,31973,0.922686
402,438616;588,118585,0.985758;254,24958,0.892574;293,36113,0.967854;291,28646,0.885046;301,32544,0.915158
407,447801;592,119348,0.986979;278,25961,0.903967;317,38359,0.959919;300,30223,0.890132;320,34481,0.918413
424,453602;589,118967,0.993082;275,27203,0.900305;315,38234,0.96826;318,31364,0.890132;328,35257,0.915361
411,450666;593,120136,0.989013;285,27110,0.904374;309,37972,0.971109;303,30129,0.883011;320,34276,0.911699
424,456751;590,118965,0.987386;276,26839,0.900305;312,37952,0.959512;317,31142,0.885453;324,35135,0.919023
425,455831;592,119944,0.979247;272,26752,0.911089;304,37876,0.942421;314,31120,0.878128;333,35430,0.90824
405,439472;594,120511,0.990031;270,26037,0.902543;303,36620,0.95117;294,30105,0.87528;307,33109,0.911292
410,453319;586,118540,0.986775;295,27587,0.915972;307,38141,0.966429;307,31006,0.88647;328,35489,0.921261
412,451162;592,120178,0.986368;283,26867,0.906409;309,38993,0.969481;307,30606,0.872431;324,35649,0.917396
413,457007;589,119023,0.988199;284,27635,0.906816;318,40305,0.970905;326,33020,0.883215;331,36329,0.934893
411,444569;598,120690,0.991048;262,25454,0.910275;293,37212,0.966633;300,30194,0.886877;310,33382,0.928383
407,448597;600,121398,0.987182;278,27093,0.912513;303,37665,0.969685;316,30703,0.898881;312,34142,0.931638
406,448839;596,120660,0.989827;302,26987,0.908444;331,38949,0.968871;298,30310,0.861038;316,34165,0.920244
411,437514;593,120444,0.990641;277,26514,0.906002;285,35671,0.961953;288,28974,0.86999;315,33272,0.90763
427,449340;594,120897,0.97823;278,26551,0.899084;320,37901,0.965412;313,30820,0.884232;326,34357,0.923703
421,454191;593,120284,0.997558;285,28653,0.909257;320,40172,0.96704;319,31852,0.884232;322,35727,0.93469
422,458745;589,119381,0.990234;301,28226,0.910275;323,39432,0.960326;317,31263,0.878942;344,36708,0.91943
414,452319;598,121325,0.993693;275,27187,0.897253;320,38894,0.954018;304,30844,0.87528;316,34802,0.904578
412,451807;594,120105,0.990641;278,27052,0.907833;312,38797,0.969888;302,30300,0.874669;322,34827,0.91943
411,453825;595,119699,0.984741;290,27496,0.90763;318,38553,0.969685;318,31362,0.876704;315,34217,0.931434
416,444321;597,119879,0.986165;262,26114,0.895626;299,37356,0.95707;299,30250,0.894405;295,32632,0.927976
413,453832;590,119062,0.987386;279,27212,0.901933;318,38924,0.96175;305,31372,0.872635;323,34429,0.906816
411,454487;595,120571,0.985758;302,27458,0.896439;317,38731,0.942625;326,31288,0.856968;333,35474,0.926958
414,450857;572,118398,0.991251;269,26858,0.902747;297,38021,0.954425;302,30409,0.879959;324,34436,0.91353
424,454919;590,119635,0.983113;269,27299,0.899695;324,39052,0.948932;307,30709,0.871617;334,35519,0.907223
414,449379;600,122393,0.992675;280,27126,0.874669;313,38751,0.967447;306,30671,0.875687;311,33887,0.912716
437,454786;585,120588,0.986572;277,27933,0.892981;307,39475,0.957884;297,30379,0.864293;326,35009,0.906205
423,449357;595,120819,0.990844;280,26489,0.897457;308,37840,0.953001;301,30764,0.86002;311,33787,0.905595
408,450163;592,120502,0.983723;266,26984,0.910275;305,37416,0.961139;295,29803,0.889725;324,35072,0.916175
415,451404;592,120169,0.988199;285,26917,0.911495;323,38452,0.96236;314,30813,0.878739;322,34736,0.916989
412,442427;594,119822,0.981892;270,25871,0.911089;292,36672,0.964191;295,29506,0.865514;298,33087,0.911902
412,444098;593,120468,0.990641;270,26039,0.890539;310,36789,0.949542;294,29969,0.889929;306,33503,0.906409
420,444084;596,119072,0.991862;271,24968,0.909868;300,36313,0.951373;282,28145,0.883825;304,32739,0.921261
411,449540;591,119626,0.977009;270,25788,0.915565;298,36715,0.95707;286,29900,0.879959;312,34036,0.923906
406,436865;585,118504,0.996134;258,24666,0.904781;278,34281,0.953204;266,27641,0.89115;311,32156,0.917192
433,452783;584,119054,0.983927;309,27452,0.903561;304,36650,0.95056;303,30876,0.871414;336,36126,0.914344
429,454246;597,120537,0.994303;268,26420,0.90885;307,37839,0.95707;298,29890,0.8647;305,33391,0.904985
416,451878;580,117058,0.991658;271,25902,0.896439;316,37088,0.946897;314,30596,0.893998;315,33427,0.911495
427,446482;587,118056,0.986368;271,26250,0.916582;302,36554,0.948728;277,28629,0.881994;296,32379,0.917599
410,448561;589,119066,0.985351;275,26377,0.926144;300,37301,0.960326;293,29638,0.883215;308,33395,0.913937
412,443498;587,118539,0.991048;287,25139,0.902543;326,37350,0.955646;299,29650,0.856155;313,33712,0.929196
409,446246;594,119251,0.987996;272,26302,0.899491;296,36059,0.95646;289,29157,0.889725;298,33016,0.923296
410,440739;590,119511,0.995727;265,25571,0.894608;285,35634,0.954629;297,29697,0.88118;316,33164,0.921261
416,456487;585,118174,0.9941;287,27011,0.918616;309,37529,0.953204;309,31017,0.88586;332,34811,0.915361
414,450073;588,118513,0.988403;269,26288,0.903357;302,37816,0.957274;306,30928,0.910885;317,34603,0.914547
414,443496;580,117604,0.992675;263,26194,0.908037;298,35821,0.957274;301,29979,0.905188;312,33156,0.925127
424,454438;584,118538,0.993082;272,27686,0.909054;301,38181,0.964598;311,31193,0.890743;320,34999,0.926551
431,444572;586,118051,0.975788;287,25137,0.914954;289,35855,0.966226;290,29247,0.893388;306,33244,0.916378
427,453041;597,119406,0.979654;290,26417,0.921465;298,36875,0.952798;295,29838,0.88708;307,33433,0.915565
417,438381;587,118457,0.976399;271,25294,0.90234;297,35945,0.959512;282,28782,0.892777;302,32541,0.923703
421,454673;593,119131,0.99532;285,26746,0.90885;304,37494,0.966022;294,30473,0.859003;336,35691,0.929603
420,457854;581,117040,0.987182;284,27254,0.920651;307,38643,0.96236;315,31428,0.889929;333,35565,0.9353
408,448056;593,120142,0.99471;283,25974,0.913327;326,37319,0.963988;302,30264,0.894608;309,33331,0.931841
417,455609;588,119000,0.988606;279,26358,0.909664;332,38150,0.970498;316,30858,0.906816;339,35266,0.924313
405,446250;587,118429,0.991455;269,25815,0.906409;326,36558,0.972737;304,29642,0.914344;320,33899,0.933672
405,445659;590,118437,0.985758;261,25453,0.893591;286,35239,0.960122;286,29469,0.896236;296,32964,0.915361
417,447544;592,118461,0.985758;296,25884,0.897864;309,36962,0.966226;289,29300,0.887487;306,33473,0.915361
422,451091;585,117713,0.996338;299,26235,0.907223;303,36689,0.966836;294,29943,0.899898;314,33684,0.936114
423,440327;585,118186,0.997152;259,24906,0.922686;273,34372,0.968057;271,28405,0.909868;295,31757,0.937335
432,454928;588,118167,0.991455;273,26709,0.923296;307,37301,0.966429;312,30887,0.899288;327,34724,0.93591
418,446119;583,116850,0.990641;277,24944,0.90885;304,36278,0.959105;284,28755,0.904985;295,32232,0.921668
415,452251;588,118333,0.989827;265,25892,0.897253;302,36746,0.958698;303,30328,0.903967;316,34342,0.925331
415,450309;583,117147,0.989827;269,25781,0.902747;302,36817,0.958087;306,30737,0.913327;306,33998,0.93998
413,452069;588,118238,0.996745;270,25888,0.903561;297,37406,0.965615;300,30365,0.90824;304,33685,0.924517
417,457631;590,118972,0.992675;296,27705,0.904985;317,38566,0.967854;319,31817,0.917599;321,34950,0.927569
420,459131;590,119701,0.987996;278,26568,0.90824;303,36940,0.958087;313,31132,0.887691;327,35423,0.932655
408,449539;587,118619,0.98881;266,25419,0.890743;307,36610,0.958494;306,29825,0.900509;324,34186,0.926755
412,441278;593,118072,0.992269;293,26072,0.903357;306,36490,0.965615;298,29282,0.893184;305,33171,0.930417
417,443526;581,117101,0.992269;274,25168,0.89705;296,37362,0.972533;296,29241,0.888098;310,33526,0.925331
407,456329;588,118524,0.993489;281,27559,0.913733;316,38232,0.968464;314,30437,0.903154;333,35796,0.936521
412,452078;583,117803,0.986572;279,26480,0.906205;304,36570,0.969481;311,30330,0.870804;323,35333,0.926144
410,453586;596,120344,0.987386;280,26641,0.901933;314,38953,0.970092;318,31320,0.884232;329,34790,0.930214
395,444268;590,119016,0.990031;264,24781,0.900712;296,36165,0.963988;286,28856,0.867548;309,33331,0.925534
387,448264;587,118957,0.988403;270,25921,0.90885;297,36767,0.959308;302,30083,0.879349;336,35624,0.927162
393,443431;586,118501,0.994303;256,24664,0.894812;303,36497,0.961953;295,29037,0.868566;316,33793,0.930214
387,445637;593,119432,0.992065;269,26245,0.903154;294,36353,0.963377;292,29075,0.874873;310,33281,0.935504
388,447509;591,118314,0.989013;285,26212,0.897253;314,37058,0.96175;298,29323,0.866328;323,34116,0.939166
385,446733;593,120124,0.986368;279,26299,0.896439;325,37503,0.951577;302,30048,0.885249;323,34801,0.936317
389,450309;592,120068,0.986979;266,25709,0.91292;305,37638,0.968057;308,30379,0.900712;317,34215,0.933876
403,454490;594,120606,0.991862;285,27010,0.919634;304,37740,0.966429;327,31452,0.894201;337,35628,0.927976
400,444770;593,119734,0.98942;261,25118,0.892167;289,35253,0.963581;303,29425,0.884435;317,34127,0.915972
413,450333;593,120070,0.988199;281,26960,0.88179;303,37847,0.96297;311,30799,0.877925;330,36279,0.927365
404,454413;587,120310,0.992269;275,27371,0.899288;320,38243,0.959308;325,31610,0.860631;333,36162,0.928586
405,456509;594,121367,0.992269;269,27351,0.909461;308,39140,0.961953;338,32746,0.881384;326,35794,0.915768
387,438024;593,120890,0.990437;255,24743,0.89705;282,35435,0.953611;285,28919,0.889725;318,33530,0.921465
385,447267;593,121188,0.985961;282,26886,0.894608;301,38075,0.961343;303,30129,0.879756;324,35099,0.933469
384,446754;582,120114,0.991251;267,26347,0.889318;302,38317,0.954222;311,30612,0.86531;325,35544,0.927569
385,447247;597,121786,0.989013;277,26359,0.890946;303,37379,0.955239;326,30988,0.899695;334,35395,0.927772
391,452272;590,120384,0.985554;277,27080,0.910071;310,38093,0.959512;311,30623,0.889522;331,35893,0.940183
384,446764;591,121280,0.988606;293,26922,0.91353;314,38031,0.970905;308,30304,0.886673;322,35178,0.93469
389,446703;585,119549,0.977416;277,26737,0.901322;304,38197,0.968464;319,30718,0.883418;334,35941,0.928586
401,451294;603,123079,0.991048;280,27632,0.90763;303,37988,0.965209;315,31039,0.876094;335,35963,0.911292
407,450769;599,122974,0.987996;271,26185,0.903357;298,37205,0.961546;311,29513,0.878128;320,34110,0.901933
412,438872;602,121880,0.988199;280,25473,0.887487;293,36151,0.95178;300,29274,0.88586;321,34764,0.918413
410,448573;596,121828,0.993489;271,26071,0.887894;302,37991,0.962564;313,30838,0.887487;338,36714,0.932045
394,453094;598,122450,0.987386;285,28202,0.892574;309,39450,0.939166;332,32231,0.902136;352,37925,0.935504
393,452580;588,121194,0.992472;279,27500,0.918006;318,39730,0.967243;316,31163,0.890539;338,36114,0.923093
397,455386;593,121343,0.989624;272,26928,0.895015;314,38730,0.964802;332,31475,0.902136;352,36841,0.9294
391,449519;599,122440,0.982503;280,26398,0.888708;313,37819,0.954832;310,30604,0.87528;327,35116,0.91943
395,450833;602,124012,0.982909;278,27526,0.900916;306,39023,0.956867;323,31249,0.894405;344,36625,0.928586
392,449532;597,122227,0.990234;290,27745,0.909257;320,39675,0.95178;317,30406,0.871821;360,38196,0.935097
393,448608;596,121998,0.988606;282,27337,0.887894;317,40751,0.955849;320,30944,0.88647;328,36174,0.923499
406,442929;597,122593,0.990437;280,26635,0.88586;297,37982,0.955443;320,30098,0.871007;345,36701,0.932859
407,447746;598,123313,0.990641;275,26677,0.910682;314,39013,0.957477;312,30467,0.888301;344,36850,0.934893
417,457619;592,122176,0.985961;283,28094,0.891963;310,40283,0.960122;329,31995,0.89115;354,38351,0.941811
406,452053;596,122721,0.988199;286,27573,0.892167;301,38739,0.957884;324,31440,0.892574;344,37294,0.931027
399,444788;599,123222,0.993082;286,26347,0.894812;299,37685,0.953001;308,29973,0.89766;338,35741,0.933876
390,447485;592,122177,0.992269;280,26910,0.900712;307,38660,0.957477;327,31158,0.885046;344,35977,0.941607
384,430962;594,122223,0.986775;274,25458,0.900102;297,35833,0.949135;306,29587,0.915158;305,33657,0.933876
386,437089;601,123969,0.986572;264,25281,0.89115;291,35835,0.946694;293,28993,0.895219;306,33576,0.9353
391,451282;602,123596,0.988199;268,26589,0.901729;318,38943,0.958901;309,29809,0.901322;345,36536,0.930417
393,448539;605,122700,0.992675;274,26525,0.912106;294,37674,0.958087;294,29126,0.904374;324,35130,0.941404
392,439997;595,122003,0.985961;254,25472,0.89176;287,36509,0.957681;299,30370,0.903764;325,35557,0.936724
395,435926;601,123260,0.992065;264,24921,0.897253;307,36225,0.969278;307,28938,0.894812;308,33388,0.9412
405,435005;595,122287,0.986572;282,25629,0.898881;295,36316,0.969888;291,28763,0.884639;313,34315,0.941404
413,441032;598,122267,0.986775;272,26461,0.893591;297,37581,0.969685;303,30447,0.89766;311,33641,0.936521
410,442289;592,121760,0.985148;253,25123,0.893388;299,35611,0.955849;276,27762,0.876704;307,33590,0.939776
406,449813;595,121459,0.985961;262,26763,0.90295;317,37242,0.965615;293,29386,0.895219;321,34951,0.942421
389,446440;600,123428,0.986165;263,25943,0.903561;287,35944,0.968057;301,29127,0.910071;313,34029,0.941607
391,438736;593,121104,0.987182;275,25829,0.90295;290,36500,0.975585;289,28900,0.903561;311,33616,0.939573
393,437984;592,121516,0.987996;253,24625,0.895626;282,34183,0.971312;289,28551,0.891353;289,31753,0.936724
396,441445;601,121824,0.984334;240,23993,0.897864;288,35132,0.963377;266,27065,0.902136;301,32657,0.943845
372,418845;594,121670,0.983316;249,24246,0.895015;274,33886,0.95707;272,27341,0.910071;288,31858,0.949746
379,427429;595,121362,0.989624;244,23661,0.882808;290,34105,0.963988;266,26512,0.909257;280,31362,0.940793
372,419590;588,120788,0.992269;253,24145,0.89705;279,34156,0.963174;281,27893,0.910478;283,30993,0.941607
420,442249;590,121267,0.989217;287,24370,0.916989;281,34467,0.969888;261,26711,0.900916;287,32191,0.947508
395,422758;595,121816,0.990844;254,24496,0.896846;266,33740,0.955036;275,27691,0.893795;294,32322,0.942625
401,422353;594,120341,0.986368;253,24180,0.890539;303,35386,0.968057;290,28192,0.926348;290,31621,0.946694
388,418491;592,120358,0.989624;249,23580,0.904578;259,32700,0.972737;242,25310,0.914547;258,29458,0.947304
394,436417;586,119138,0.989827;246,22930,0.908444;263,32387,0.965412;250,26016,0.906816;266,29708,0.936317
370,418158;588,118972,0.979858;240,22510,0.899695;278,32158,0.961139;250,25201,0.900305;264,28597,0.954832
377,425927;593,119490,0.995524;242,22631,0.906205;262,31335,0.961343;251,25195,0.896033;265,29362,0.947915
373,417079;592,120291,0.984334;239,22493,0.910071;262,31782,0.965209;251,25356,0.906002;263,29503,0.941607
359,406211;580,119499,0.992269;221,21327,0.915361;245,30694,0.970905;231,23679,0.917803;254,27800,0.936724
350,394123;587,119243,0.989624;232,20692,0.901119;243,28485,0.973754;223,23006,0.899084;233,25796,0.953408
354,398258;586,118377,0.990437;210,19900,0.903967;233,27216,0.969278;207,21581,0.910682;223,25254,0.947711
365,409613;587,118654,0.987386;209,20089,0.910885;231,28662,0.968057;217,22884,0.91821;219,25029,0.927976
348,380236;590,119619,0.989013;204,18333,0.90234;218,25828,0.969481;196,20258,0.911495;208,23584,0.947711
343,375667;588,119111,0.985351;198,18218,0.90824;225,25325,0.968667;190,19860,0.91414;197,22529,0.951373
341,367774;590,117971,0.989827;218,18613,0.921465;209,24874,0.963784;195,20113,0.908647;199,22218,0.9353
346,377023;585,117948,0.984944;201,18128,0.935707;214,25108,0.970702;186,19769,0.919634;190,21959,0.94059
345,380131;573,116750,0.992269;207,17527,0.905392;201,23761,0.972126;177,18650,0.921465;190,21437,0.948525
342,383178;588,117983,0.985351;205,17058,0.909257;207,24168,0.96765;182,19248,0.909257;188,22084,0.952187
318,361776;590,117143,0.984944;184,15907,0.912513;187,21916,0.963784;161,17113,0.934079;167,19322,0.95117
330,370837;587,117551,0.989624;170,15791,0.912513;180,21430,0.96175;155,17115,0.912309;164,19440,0.956663
289,331109;590,118378,0.990031;195,14040,0.909461;183,20192,0.965615;141,15492,0.916989;147,17256,0.955849
280,321051;588,118283,0.990844;170,13913,0.90824;177,18911,0.962564;132,14750,0.933266;136,16271,0.928383
279,321512;579,116967,0.992675;157,13334,0.910478;183,16622,0.965412;118,13686,0.931841;133,16069,0.926348
283,323589;581,117279,0.985554;131,12000,0.912309;156,15930,0.965412;114,13280,0.925941;121,14986,0.943438
269,306179;580,115952,0.988403;117,9288,0.905595;136,13247,0.959308;90,11046,0.932248;103,13041,0.955443
238,264766;591,118084,0.988606;107,7379,0.909054;111,10187,0.964598;69,8525,0.939166;81,10508,0.961343
175,187230;584,117158,0.984537;99,5796,0.909257;118,8031,0.966429;60,7026,0.944456;66,8316,0.959308
177,195393;585,116589,0.987386;85,5180,0.923703;93,6711,0.964191;50,5952,0.944456;50,6839,0.962157
127,138385;591,118195,0.984537;82,3907,0.918006;75,5099,0.965615;33,4267,0.943438;37,5073,0.962564
97,101833;575,115518,0.98881;64,2649,0.925941;61,3792,0.965615;26,3151,0.947304;27,3672,0.968464
61,62584;590,117469,0.992472;54,1772,0.926958;62,2382,0.96236;16,1943,0.947915;20,2425,0.969888
49,54273;590,117479,0.991251;58,1635,0.927162;49,2038,0.964191;14,1660,0.947101;15,1941,0.970295
38,44053;590,118126,0.992879;60,1176,0.930214;53,1792,0.965005;11,1296,0.946083;11,1527,0.974771
21,23248;572,117522,0.989013;46,664,0.933672;38,944,0.966226;6,745,0.948525;8,984,0.976602
10,9773;582,116839,0.990437;52,292,0.932655;65,504,0.965819;4,368,0.947508;4,366,0.977213
8,7824;585,115765,0.982299;21,212,0.935504;47,356,0.966226;3,250,0.947508;3,270,0.977213
4,2958;598,117924,0.992879;36,289,0.934893;29,341,0.966633;3,243,0.946897;2,210,0.97762
6,5882;590,117769,0.985758;26,219,0.936317;40,500,0.965209;4,360,0.947711;4,370,0.977416
10,10717;590,117546,0.983316;26,257,0.936114;35,331,0.966836;3,279,0.947508;4,358,0.977416
