1312,632250;1802,475387,0.9952;1051,100285,0.847556;1235,135525,0.944533;3123,92080,0.581244;2988,146466,0.8416
1293,627641;1767,460745,0.997067;706,41525,0.907378;813,62741,0.954756;1594,48081,0.708444;1509,72516,0.861956
1302,626297;1787,455289,0.997511;963,41619,0.888178;874,64625,0.955467;1520,46929,0.748267;1622,75116,0.865156
1335,627223;1781,450941,0.997867;961,42383,0.886933;974,65943,0.955022;1659,48287,0.755911;1705,77676,0.857689
1300,623351;1789,451909,0.997422;923,40776,0.888356;946,62469,0.9536;1764,47266,0.756533;1673,79432,0.8696
1354,627903;1778,445187,0.9992;1037,43164,0.884711;1102,66819,0.958667;1781,50123,0.776444;1897,81380,0.880889
1321,626996;1775,444882,0.997689;1016,41476,0.888978;1092,64114,0.958133;1750,50532,0.793867;1757,79310,0.886222
1345,626276;1754,446108,0.998667;1134,42276,0.893422;1048,65933,0.960178;1705,48479,0.791822;1783,80659,0.892267
1348,622640;1763,445325,0.999289;1027,41466,0.887467;1097,64588,0.962044;1753,48478,0.8024;1583,76483,0.897511
1369,627451;1767,441998,0.998844;1036,41309,0.890489;1047,64785,0.966667;1658,47435,0.813778;1713,78247,0.902489
1371,627079;1879,440779,0.9992;1103,40273,0.886667;1088,64062,0.964978;1698,48894,0.811022;1673,76580,0.900711
1398,626743;1893,436431,0.9976;937,41579,0.897956;1115,63800,0.961778;1786,49242,0.8152;1694,79346,0.902667
1360,622831;1898,437394,0.998044;1067,39406,0.895378;1127,61699,0.966133;1615,46890,0.830133;1616,75943,0.909867
1352,622580;1902,439369,0.997867;1092,40873,0.896533;1021,62766,0.964178;1599,47020,0.825778;1691,78780,0.918222
1415,627533;1901,434082,0.998222;1065,40309,0.896089;1059,63423,0.9672;1746,48730,0.836;1633,77148,0.920889
1406,626355;1905,437527,0.997956;984,41454,0.906222;1084,63069,0.969956;1653,48762,0.837156;1670,77910,0.922222
1479,627550;1896,436408,0.998222;1168,40973,0.9048;1121,62745,0.968178;1658,49116,0.833867;1639,78960,0.915733
1384,624285;1891,434023,0.998578;1035,39292,0.904267;1120,61928,0.9712;1591,47851,0.832178;1546,75671,0.920978
1374,623943;1892,432592,0.998222;1006,39990,0.898933;1115,61348,0.969778;1722,48688,0.838311;1626,76648,0.924711
1409,625749;1864,437852,0.998489;960,40479,0.904533;1049,62127,0.970844;1654,48884,0.847556;1717,79663,0.930933
1381,625220;1903,434723,0.998844;1110,39893,0.902044;1166,62134,0.972;1541,46526,0.861956;1606,75039,0.935556
1354,625822;1899,433518,0.998844;1015,39791,0.906311;1091,61565,0.965956;1688,48059,0.861867;1603,76754,0.932089
1341,625936;1902,431664,0.998311;1216,40652,0.915378;1109,62515,0.969778;1405,46769,0.866489;1507,76558,0.930844
1351,627070;1895,432222,0.998578;931,41197,0.9152;995,63327,0.971289;1483,48184,0.8568;1558,80551,0.930756
1402,627722;1906,431670,0.998222;1109,40916,0.917511;1010,62345,0.971733;1627,48437,0.864356;1504,78837,0.932
1425,626649;1916,434113,0.998756;975,40355,0.911289;1016,62730,0.967022;1570,47723,0.862844;1545,77249,0.9296
1425,626339;1912,435441,0.997067;1011,40883,0.918133;1028,63485,0.970489;1661,47487,0.868267;1586,78383,0.937422
1449,627349;1849,433285,0.997867;1111,42095,0.920178;1032,63354,0.969333;1693,49686,0.880533;1596,78522,0.9416
1555,621195;1942,433451,0.997778;982,38627,0.908444;1149,61060,0.968978;1526,45904,0.8624;1637,76027,0.937867
1512,623440;1915,435793,0.9984;1087,39352,0.912533;1186,62847,0.975022;1619,46653,0.886756;1526,74586,0.940533
1405,625920;1745,431208,0.998933;983,40580,0.910933;1098,62619,0.970044;1651,47455,0.884267;1657,78315,0.937067
1437,627098;1764,436095,0.9976;1158,40284,0.914578;1112,63961,0.971733;1620,48180,0.891022;1751,78465,0.939111
1431,624661;1770,435733,0.998222;1040,40461,0.911467;1161,63107,0.968;1691,47508,0.891822;1679,74883,0.935911
1380,619172;1769,436282,0.998133;1289,39611,0.902311;1149,60892,0.966667;1631,46876,0.894844;1629,74730,0.940444
1397,623824;1756,431994,0.9984;1166,39446,0.906844;1050,60805,0.969156;1623,48009,0.889422;1668,78077,0.944533
1432,624167;1742,430790,0.997778;1164,39879,0.898667;1139,61444,0.968267;1576,46790,0.891822;1643,76847,0.941689
1420,626945;1763,435898,0.998756;1247,39883,0.891644;1156,62813,0.972267;1649,48717,0.872622;1574,77753,0.930933
1401,628491;1739,430977,0.9984;1110,40974,0.897956;1077,64737,0.976978;1630,48509,0.866044;1590,79093,0.9256
1383,626345;1768,434237,0.998844;1107,41517,0.909867;1065,62544,0.969156;1730,48614,0.872978;1701,79197,0.931111
1371,625143;1761,430607,0.997333;1092,40634,0.914578;1138,61534,0.974667;1605,47337,0.877511;1598,75929,0.935467
1336,621416;1766,434465,0.999022;1093,39285,0.9088;1009,61342,0.968622;1476,46358,0.873156;1506,73343,0.929956
1311,616982;1747,432122,0.997689;982,38023,0.887822;1114,61397,0.968444;1442,44757,0.865778;1429,71328,0.928978
1341,619570;1745,430543,0.997689;1039,39198,0.908;1006,59400,0.965156;1500,45870,0.859111;1517,73439,0.933511
1347,617857;1755,434915,0.9984;1000,37919,0.888711;1079,60871,0.968089;1460,45203,0.855111;1453,71306,0.929333
1331,616397;1768,436199,0.998133;1011,38666,0.880711;1055,59346,0.964267;1398,43940,0.850844;1411,69915,0.923556
1308,608890;1753,432404,0.998844;1168,38370,0.887644;1014,57767,0.963911;1440,44523,0.8344;1436,68341,0.9168
1339,610231;1770,437132,0.999111;1053,38324,0.8816;1057,59404,0.960711;1435,44199,0.8416;1479,70494,0.918578
1298,596907;1744,434686,0.9984;960,37006,0.872533;961,56209,0.957333;1207,41012,0.826044;1228,64685,0.912889
1258,591159;1742,438275,0.998756;843,36340,0.859644;847,54946,0.955644;1326,42025,0.814222;1235,64489,0.909956
1205,576016;1723,437656,0.998044;966,35730,0.854578;873,54182,0.952889;1204,38592,0.807733;1184,60570,0.903911
1187,563763;1735,442596,0.998044;894,34924,0.837511;986,51612,0.945956;1148,37399,0.784267;1126,59420,0.901956
1179,557754;1711,440249,0.996622;849,34242,0.825778;802,49479,0.936978;1222,37241,0.757867;1119,58526,0.885422
1158,545823;1743,445858,0.996089;941,32692,0.819911;898,50070,0.939733;1108,35838,0.755022;1032,54415,0.884889
1130,524049;1739,447760,0.996889;967,31731,0.805156;888,47637,0.935733;987,32962,0.731733;974,51383,0.868356
1043,488198;1747,448673,0.997511;784,29038,0.801244;720,42366,0.928978;869,29466,0.713867;862,46578,0.861778
1010,462718;1825,451120,0.996711;906,27770,0.780089;890,40937,0.920889;800,28542,0.686222;786,44432,0.848622
949,428064;1984,457209,0.997511;733,26347,0.766311;720,38589,0.917156;741,25082,0.671733;708,39881,0.846044
914,382982;1962,457746,0.993956;671,23692,0.748267;655,34994,0.906844;612,22832,0.631111;671,35445,0.826133
794,328757;1937,459109,0.995022;675,18838,0.690489;635,29981,0.886044;528,19567,0.6136;516,30086,0.802222
649,241152;1931,471218,0.994933;522,14434,0.651022;550,22394,0.876;389,14201,0.5808;370,22759,0.781067
473,156817;1992,472176,0.993689;664,7840,0.630756;485,11957,0.874311;186,8007,0.569867;228,13091,0.776356
295,99434;2008,475216,0.994578;499,4450,0.612889;306,7344,0.863289;119,5279,0.557333;122,8059,0.770578
195,61484;1980,475360,0.994222;426,3332,0.609689;285,4645,0.859911;74,3244,0.549156;82,5440,0.765067
79,28949;2014,476765,0.994489;337,1670,0.603556;260,2364,0.857778;35,1610,0.544356;30,2154,0.764711
49,16748;1985,478867,0.9936;370,839,0.601689;313,1181,0.857511;23,840,0.543378;20,1283,0.763733
13,3376;2026,474731,0.9952;445,248,0.601956;405,344,0.857244;5,189,0.543289;6,285,0.763822
