10227,632250;3094,165523,0.9328;1957,100283,0.7056;2565,133877,0.876267;2313,101440,0.622933;2815,133607,0.876267
10785,633887;2957,158142,0.952178;1161,55592,0.815644;1581,78818,0.899378;1491,62628,0.727111;1690,77702,0.8576
10337,633799;2913,156006,0.954489;1218,55294,0.813333;1362,79178,0.906844;1136,59579,0.735467;1667,78915,0.8752
10266,633461;2911,155676,0.953067;1236,55934,0.805511;1529,79817,0.904711;1187,60170,0.757333;1655,76156,0.883733
10178,633837;2864,152968,0.9552;988,54433,0.798756;1313,79788,0.905956;1178,60997,0.764622;1295,75473,0.8608
10069,632169;2928,156735,0.960533;911,51576,0.780267;1223,75556,0.889244;1090,57130,0.711111;1256,73579,0.865244
9847,619191;2923,156367,0.9536;775,44169,0.691556;1063,65163,0.813867;952,51364,0.724444;1349,68022,0.857422
9339,581591;3031,161657,0.935467;833,35321,0.601067;1181,54590,0.751467;1021,42175,0.6416;1273,57188,0.827911
7415,454418;3044,164072,0.936;470,19340,0.496711;710,31797,0.668978;628,26313,0.609067;782,35292,0.800356
3815,230544;3070,165298,0.916267;216,8094,0.454578;337,14173,0.643022;235,9996,0.560178;347,15779,0.791822
1147,71993;3065,165417,0.918756;89,1969,0.448711;126,3945,0.639822;52,2240,0.561067;102,4681,0.788622
