8955,519690;7497,384293,0.99951;2118,75642,0.939902;2656,97969,0.982451;3277,73389,0.914118;3403,97879,0.978235
8765,522051;7302,371001,0.999314;1616,46616,0.943137;2011,65408,0.981961;2334,50043,0.911863;2638,71478,0.936961
8738,522076;6983,366113,0.999804;1735,47502,0.935294;2032,67425,0.986667;2335,50267,0.891373;2598,72524,0.929412
9216,522245;7047,372662,0.999902;1972,50836,0.931471;2183,70703,0.984118;2484,51879,0.895686;2610,73212,0.924216
9167,522212;7050,371137,0.999804;1876,51017,0.930588;2312,71211,0.987451;2396,51366,0.913235;2685,72533,0.943529
9435,522126;7045,370725,0.99951;1982,50956,0.933627;2247,70857,0.987353;2359,50900,0.915196;2679,73180,0.944608
8880,522121;7104,373667,0.999118;1903,52679,0.947941;2330,72130,0.985098;2310,50223,0.914706;2602,72674,0.950098
8971,522133;7111,374149,0.999412;1910,51553,0.93951;2258,72035,0.985588;2377,51677,0.935294;2686,73636,0.956275
8661,522126;7091,373253,0.99951;1906,51954,0.932647;2315,72540,0.984902;2250,50939,0.937059;2727,73915,0.959608
8969,522158;7142,375297,0.999412;1986,51105,0.927843;2223,71310,0.982647;2309,50852,0.921569;2584,73000,0.950196
8858,521308;7111,373006,0.999902;1899,49724,0.928529;2258,69670,0.987353;2244,49263,0.918137;2521,70811,0.953824
8744,517871;7156,376632,0.999216;1848,48127,0.892941;2174,65737,0.957941;2123,47953,0.924608;2372,67364,0.956373
8607,506791;7167,375423,0.999608;1683,44007,0.856275;2040,62710,0.946471;1970,43546,0.915098;2214,63812,0.954902
8283,479512;7148,378423,0.999706;1266,32099,0.777843;1662,49964,0.931569;1557,36690,0.899314;1733,53197,0.94402
6785,389948;7171,380416,0.999902;993,21736,0.736078;1180,33614,0.92549;1084,25200,0.891471;1224,37380,0.944314
5039,292729;7354,381115,0.999608;759,15149,0.729902;826,22275,0.923137;669,16241,0.883039;835,25839,0.944412
2617,155124;7573,380030,0.999314;508,6531,0.738529;547,10194,0.927157;305,7596,0.886176;371,11811,0.949118
1152,68616;7552,379813,0.99902;412,2062,0.737549;296,3244,0.927647;105,2658,0.885196;146,4451,0.948333
