731,519690;2132,377830,0.999314;743,73541,0.942059;858,94194,0.988039;1814,69035,0.941961;1586,95050,0.986275
715,521706;2132,371662,0.999804;612,42346,0.947843;673,58588,0.983137;1112,43522,0.902843;1126,65480,0.924314
768,521769;2121,369010,1;712,45014,0.935882;775,63649,0.986667;1160,45194,0.899412;1166,65420,0.932059
760,521780;2109,365984,0.999706;742,45766,0.935294;794,63588,0.987255;1173,44561,0.917843;1129,65933,0.939902
752,521802;2121,365981,0.999608;811,46214,0.924412;812,65301,0.983922;1158,44726,0.894118;1165,66578,0.938431
761,521709;2128,369161,0.999804;762,46619,0.927941;892,65055,0.985098;1175,44435,0.892843;1200,68789,0.947451
748,521856;2127,368865,0.999804;851,47542,0.928333;872,65682,0.98951;1246,45850,0.91;1187,68131,0.95049
771,521707;2116,366158,0.999902;795,46146,0.936765;832,64329,0.986667;1203,46005,0.933725;1164,65895,0.954804
756,521666;2144,369912,1;791,46283,0.931765;859,65249,0.984118;1200,46512,0.929412;1148,66050,0.953725
769,521753;2120,367381,1;807,47569,0.935098;850,66158,0.98598;1235,46183,0.919902;1156,67246,0.949804
769,521742;2142,371833,1;805,47925,0.931961;874,66409,0.979706;1205,45766,0.93098;1203,67848,0.959902
753,521824;2143,369259,0.999902;818,47933,0.938529;878,67605,0.988627;1256,45979,0.919216;1171,66343,0.958235
778,521615;2134,367276,0.999902;794,46757,0.933529;843,65802,0.986863;1185,44341,0.932549;1217,66941,0.961275
797,521766;2134,367409,0.999706;844,47440,0.935196;892,66702,0.989216;1235,46036,0.931667;1181,66255,0.959314
766,521716;2131,364925,0.999804;807,46384,0.930392;906,66789,0.988922;1194,45183,0.925882;1132,66164,0.958627
754,521722;2137,368933,0.99951;838,46887,0.934118;886,66571,0.986373;1121,43616,0.901961;1130,66045,0.950686
767,521712;2134,368454,0.999902;787,45886,0.946765;863,64846,0.98549;1187,44762,0.911863;1147,66512,0.955882
802,521541;2132,369294,0.999902;789,45947,0.928333;827,64285,0.987255;1198,45189,0.913824;1146,66519,0.95549
810,521644;2118,368306,0.999608;803,45876,0.939706;830,64683,0.982451;1175,45015,0.926961;1170,65705,0.953824
796,521667;2107,366149,1;804,47294,0.940784;854,65848,0.987451;1214,45508,0.903333;1169,66199,0.95598
779,521736;2157,369564,0.999706;833,47025,0.930098;869,66394,0.988529;1213,46034,0.922941;1195,67758,0.95902
785,521431;2117,368020,0.999412;760,45601,0.927157;846,64476,0.989902;1226,46062,0.91549;1134,66354,0.963137
791,520943;2123,368909,0.999902;782,45285,0.933725;842,64255,0.982353;1230,44355,0.916667;1144,65580,0.951569
806,520312;2135,371702,0.999902;766,43583,0.920588;839,61250,0.981765;1162,42975,0.897549;1157,64119,0.95049
821,516444;2139,371581,0.999118;754,41449,0.90451;785,59256,0.975882;1092,42419,0.914412;1094,62917,0.953431
781,510588;2153,375592,0.999804;711,39069,0.885;785,57077,0.974216;1067,41174,0.901961;1027,60899,0.952549
753,497441;2143,374790,0.999902;614,33738,0.847255;724,50711,0.963725;947,36580,0.860098;941,55492,0.954608
689,464243;2185,381892,0.999902;551,28037,0.809804;605,42374,0.952745;802,31461,0.857843;832,48516,0.950686
569,394303;2186,380190,0.99951;461,21243,0.779804;501,33345,0.951373;590,23277,0.85451;637,37306,0.95
497,336020;2176,380615,0.999902;380,15038,0.776275;395,23446,0.952745;431,17163,0.858824;440,26747,0.949706
322,210535;2157,376087,0.999902;272,8275,0.794804;248,11999,0.954314;224,8968,0.857059;244,14461,0.947745
165,111128;2154,375791,0.998333;238,3937,0.793725;217,6255,0.953824;89,3873,0.853333;102,6498,0.947941
82,53278;2179,379958,0.999804;216,1571,0.795882;135,2084,0.953529;34,1488,0.852549;35,2367,0.947353
