219,179700;720,230336,0.994167;270,47384,0.8115;358,67704,0.934167;978,41855,0.741667;973,65300,0.897
220,177228;741,226877,0.994833;181,21032,0.8365;224,34522,0.937167;644,23862,0.754167;588,37835,0.871333
235,177807;755,229144,0.996667;221,21592,0.828;207,36583,0.9295;692,25093,0.740333;666,41942,0.855833
245,176546;755,227109,0.9955;224,20593,0.810167;269,35194,0.923;679,23691,0.734833;625,40023,0.8445
241,176862;773,229387,0.9965;251,21807,0.8165;290,35915,0.929667;696,23028,0.716333;683,40910,0.832
229,175601;768,228037,0.9935;228,21282,0.823833;293,35030,0.935333;631,22359,0.692167;636,40408,0.828667
238,177064;751,226336,0.996;241,21792,0.824;257,35924,0.9305;690,23844,0.696;665,42606,0.848167
228,177393;757,225628,0.996167;215,21979,0.817333;265,36325,0.927167;706,26065,0.744;606,40757,0.863667
242,175772;739,229491,0.996167;205,21060,0.810167;264,35194,0.926667;608,22625,0.735333;604,38674,0.864167
217,175518;724,225913,0.994333;212,21893,0.831833;257,35648,0.930833;579,21605,0.722333;628,39466,0.8575
220,176808;692,226937,0.995667;235,21391,0.818833;277,36884,0.936333;688,24053,0.714333;658,41639,0.860333
220,177566;701,228563,0.9955;229,22186,0.832;242,36347,0.923167;708,25182,0.734167;671,43521,0.8705
219,176199;659,228248,0.995167;220,21416,0.827167;294,35112,0.929833;624,23606,0.756;606,39740,0.87
220,177512;678,228644,0.9945;204,21534,0.818667;271,36201,0.932333;644,24441,0.761;645,40566,0.8695
219,177460;745,228904,0.995667;225,22536,0.841167;271,35944,0.932;696,24215,0.765333;663,40802,0.8665
217,176735;748,230786,0.996;206,18876,0.8215;239,31511,0.931;566,21499,0.755;612,37879,0.868833
215,177291;737,228851,0.996833;231,21250,0.814167;261,35175,0.928833;674,23544,0.7535;651,41221,0.883167
219,177379;736,230444,0.995;222,21084,0.838;295,34789,0.9335;661,23790,0.750167;634,40330,0.880833
220,177417;727,228773,0.995833;216,20727,0.846167;277,34808,0.934167;677,24161,0.762167;649,40586,0.887
219,176990;656,228092,0.998167;207,19235,0.851667;257,31928,0.941;589,21724,0.770667;595,37148,0.887167
218,175076;774,226828,0.995833;209,18113,0.8365;246,30130,0.929333;565,20001,0.773833;575,35184,0.883833
220,177627;703,226938,0.996667;267,19217,0.844833;254,30717,0.935;622,22321,0.771833;640,37508,0.8805
222,177213;727,228069,0.9975;223,18424,0.846333;252,31024,0.935333;598,20451,0.780667;599,37748,0.8825
217,177039;740,225682,0.996333;162,17406,0.840333;228,28429,0.937667;518,19476,0.766167;530,34671,0.886833
219,176171;692,227318,0.996333;172,16649,0.845833;218,28034,0.9385;457,18807,0.777833;467,31596,0.873667
218,176514;674,228066,0.995667;179,16657,0.845;210,28642,0.939;512,19477,0.776667;517,33806,0.879167
217,177046;682,225616,0.997667;165,15262,0.844667;200,26278,0.938;452,18065,0.778833;484,31842,0.887
222,176595;658,226834,0.9965;178,16019,0.848667;207,26192,0.938667;472,18256,0.772;486,31589,0.892667
220,177088;721,228718,0.9965;200,15807,0.858333;204,26452,0.935167;490,19024,0.769;483,31820,0.880667
219,175606;694,228145,0.996667;173,13457,0.8575;196,22865,0.9415;383,14537,0.753333;408,27350,0.868667
207,168217;704,227272,0.9955;156,9316,0.885167;160,15196,0.952333;218,8557,0.757;256,17767,0.873333
158,127024;688,229185,0.996333;66,2909,0.893833;72,5525,0.954833;57,2734,0.759333;78,5703,0.873667
40,33055;727,228661,0.995833;46,751,0.893167;54,1537,0.9595;12,628,0.757833;21,1217,0.869167
