263,179700;453,83940,0.910667;273,39928,0.665333;381,60063,0.841667;497,41428,0.645333;533,58166,0.821333
249,162710;453,82509,0.895333;133,15942,0.688667;185,25243,0.827;223,17639,0.643667;261,26887,0.816
260,168597;478,82464,0.896667;139,16414,0.69;198,27135,0.811333;248,19388,0.643667;278,28340,0.815667
255,162345;472,81392,0.888333;134,14493,0.682333;183,24564,0.815667;222,17397,0.646333;250,25496,0.815667
259,164257;478,82181,0.898333;136,15392,0.691;203,25770,0.793667;240,18191,0.637667;264,26040,0.809667
261,165636;471,82023,0.899333;145,15861,0.704333;200,26758,0.812;234,17688,0.614;279,27543,0.792
261,165990;482,83440,0.877;144,15547,0.679;201,26373,0.797;233,17898,0.605333;286,28290,0.805333
259,165700;477,82645,0.88;144,15556,0.683667;200,26487,0.802667;240,18634,0.631667;271,27245,0.794
266,168649;480,83425,0.895667;152,16409,0.680333;202,26459,0.814333;250,19060,0.653333;287,28496,0.803667
261,167059;477,83234,0.893333;139,15333,0.669;201,26785,0.799;230,17401,0.651;292,29102,0.802333
252,162516;482,83005,0.907667;143,15227,0.673667;188,25200,0.795667;236,17804,0.639;272,27196,0.802333
251,160281;477,82643,0.900667;133,14895,0.682667;190,25114,0.816;222,17107,0.643;266,26579,0.836
270,162713;485,83691,0.902;146,15861,0.702333;195,25663,0.818333;240,18374,0.662333;268,26826,0.822333
282,165822;487,84187,0.903;146,16218,0.682;202,26978,0.830333;231,17914,0.650667;280,27901,0.819
285,166709;477,83982,0.89;150,16331,0.688333;197,25804,0.800667;234,18044,0.658;275,27507,0.802333
281,167416;461,85684,0.907667;161,16554,0.683;200,26490,0.809;242,18582,0.666667;287,28289,0.810333
274,161095;450,82610,0.894333;140,15572,0.693;193,25309,0.813;233,17636,0.658333;255,25625,0.810333
275,163955;450,82964,0.9;149,15723,0.709667;196,25862,0.82;241,18316,0.665;283,27549,0.808667
280,166281;460,84289,0.894;161,16213,0.709;213,26673,0.816;245,18525,0.671667;285,28275,0.822
285,165160;458,84935,0.886667;151,16080,0.683333;190,25548,0.802333;222,17583,0.666667;271,26931,0.820667
283,166445;451,83443,0.886333;160,16576,0.679667;197,26225,0.799333;234,17900,0.653667;274,26907,0.793667
277,164494;449,83405,0.898;145,15549,0.671667;204,26672,0.811;235,17755,0.658;267,25906,0.809333
285,164284;455,84148,0.898;151,15851,0.669333;203,26439,0.816333;244,18272,0.655333;264,26574,0.816
273,161404;455,84329,0.872;147,15572,0.677667;197,25429,0.81;228,17216,0.629667;258,25143,0.803
276,163057;453,82895,0.892333;155,16346,0.702667;204,26840,0.803333;244,18443,0.649667;271,27115,0.809333
289,166153;457,84994,0.893333;152,16777,0.706667;205,27061,0.814;247,18966,0.647;278,27570,0.798
270,160821;456,84344,0.887;139,15081,0.696333;195,25749,0.814667;235,18232,0.654333;269,26993,0.809333
286,167677;455,83975,0.892333;143,15851,0.695667;201,26309,0.818667;241,18280,0.656;296,28050,0.802
290,166283;454,84104,0.894;155,15973,0.69;201,26642,0.814;239,18427,0.647667;275,27679,0.808333
278,165775;451,83389,0.862333;151,15770,0.687667;203,27049,0.808667;245,18444,0.654;268,26931,0.796333
293,170354;459,84806,0.863667;149,16358,0.693667;206,27842,0.828333;238,18239,0.642333;294,29230,0.806667
295,168248;452,83635,0.897;143,16032,0.682667;203,27033,0.818;246,18479,0.650667;281,28132,0.806
290,169369;445,82565,0.891;142,15922,0.695;195,26170,0.814667;246,18768,0.645333;278,28225,0.818333
294,168540;456,84338,0.896;153,16296,0.705333;200,26117,0.806333;260,19431,0.672667;281,27520,0.828
291,167214;458,83923,0.890667;139,15160,0.712;196,25691,0.814333;229,17657,0.648667;277,27180,0.82
283,164056;448,83394,0.900333;138,14157,0.722667;192,24959,0.826333;213,16484,0.650667;247,24740,0.824
293,167155;460,84963,0.903;143,15493,0.696667;197,25987,0.821;241,18718,0.665333;266,26956,0.826
298,170839;456,83033,0.896333;141,15704,0.713333;191,25000,0.822333;221,17054,0.676667;262,26069,0.837333
284,166020;451,81433,0.899333;140,15091,0.717667;189,24750,0.828667;217,17066,0.687333;247,24973,0.848333
300,169617;456,83776,0.890667;149,15944,0.724667;207,26160,0.849667;251,18243,0.669333;285,27726,0.829667
283,164513;442,81696,0.901333;130,13734,0.695;180,23609,0.835;220,17190,0.676;256,25355,0.824667
284,167704;454,82530,0.898;139,14831,0.705;192,24571,0.833;230,17251,0.690667;262,26075,0.831
292,166592;456,84497,0.906333;147,16138,0.707667;199,25858,0.845667;236,17843,0.666333;279,27722,0.840333
279,163686;445,82594,0.910333;129,13900,0.697333;188,23821,0.842;199,15506,0.654;240,24317,0.835333
279,163215;449,82799,0.904667;151,15566,0.715333;186,24014,0.824;204,16024,0.649333;250,25032,0.816333
287,165106;456,84091,0.915333;114,12549,0.724333;165,22200,0.842667;197,14940,0.682333;235,23303,0.837333
282,164324;450,82403,0.910667;130,13676,0.740333;174,23056,0.855667;201,15664,0.693667;229,23039,0.840333
286,166343;451,82867,0.903;136,13983,0.728333;182,22868,0.85;217,16071,0.688;263,25233,0.834
291,166267;428,81266,0.902;124,13233,0.719333;165,21309,0.837;188,14674,0.679667;230,22757,0.837
288,167865;484,84352,0.909;117,12372,0.745;166,21419,0.839;184,14257,0.670333;216,21562,0.830333
280,162555;466,82180,0.906;128,13133,0.726667;174,22086,0.833667;190,14591,0.666333;233,22925,0.824
289,166418;477,82010,0.895;123,12663,0.729333;165,21234,0.842667;175,13785,0.686;227,22626,0.833667
283,167002;473,82386,0.898667;114,11813,0.753333;158,20088,0.861333;169,13250,0.678667;224,22416,0.831667
285,165995;464,81031,0.904333;104,11073,0.784;142,17766,0.870333;158,12606,0.697;192,19562,0.847333
284,161680;474,82535,0.914;98,9967,0.792333;122,15538,0.871;137,11045,0.701667;177,18109,0.867667
218,128569;470,81835,0.910333;63,6008,0.802667;84,10082,0.876;74,6230,0.693667;103,10947,0.863
168,97277;479,82917,0.915667;53,4009,0.807;62,6545,0.885667;44,3623,0.690667;65,6949,0.861
99,58948;462,80863,0.909667;28,1301,0.808667;27,2100,0.889333;16,1384,0.691333;24,2649,0.862
30,16273;476,82543,0.917;16,306,0.806333;15,650,0.888667;6,455,0.694;10,1078,0.863333
22,12279;474,82945,0.915;13,164,0.811333;37,627,0.889;5,413,0.695;6,665,0.864
