74,35778;343,76243,0.999627;75,14846,0.965299;88,18802,0.989925;167,14022,0.966791;132,20336,0.993657
68,36252;323,77535,0.999627;47,10539,0.930224;80,15553,0.981716;150,12107,0.952985;130,17231,0.971642
69,36239;334,77441,1;65,10773,0.945896;95,15207,0.987687;119,11392,0.937313;122,17004,0.963433
69,36254;329,75617,1;75,10688,0.941791;99,15471,0.983955;158,11604,0.921642;169,17125,0.948507
69,36269;314,75014,1;87,11069,0.935821;98,15438,0.987313;177,11949,0.932463;164,17266,0.959701
69,36347;325,75004,0.999254;104,10849,0.930597;106,15701,0.986567;202,12177,0.89403;174,17949,0.951119
69,36216;330,75854,0.999627;78,10585,0.914552;103,15290,0.987687;125,11955,0.926119;108,17154,0.941045
69,36275;335,77236,0.998507;64,10891,0.939925;72,15414,0.985448;164,12147,0.931343;120,17540,0.941791
72,36305;294,76586,0.999627;85,11200,0.947388;99,15854,0.98097;142,11860,0.918657;127,18053,0.952239
71,36238;306,78082,1;52,10634,0.925746;63,15537,0.982836;116,12050,0.919403;112,18063,0.954104
72,36256;303,76704,1;53,11289,0.934701;66,16507,0.98097;117,12415,0.908209;110,18124,0.956343
72,36283;314,76850,1;51,10961,0.939925;63,16097,0.978731;115,12020,0.922015;144,17851,0.962687
72,36337;333,75403,0.999627;73,10864,0.941045;87,15618,0.989925;153,11694,0.928358;164,17824,0.952612
72,36298;302,78248,1;77,10434,0.933955;95,15658,0.991418;154,11840,0.91194;166,18742,0.953731
72,36268;328,78180,1;64,10822,0.943284;85,15295,0.983209;143,12038,0.933209;108,17809,0.949627
72,36290;335,77118,1;53,11156,0.928731;67,16629,0.986194;150,11925,0.914179;157,17953,0.957463
72,36310;329,75768,0.999627;81,11389,0.947761;109,16268,0.98806;154,12423,0.922761;160,18005,0.956343
72,36326;336,76381,0.999627;53,10741,0.93806;64,15970,0.988433;114,12292,0.923881;108,17753,0.954851
73,36319;328,76547,0.999627;55,11107,0.917537;64,15603,0.989179;115,12224,0.91903;106,17660,0.950746
71,36269;329,76575,0.999254;52,10567,0.949254;60,15070,0.981343;106,11604,0.94403;108,18050,0.953731
73,36298;304,75166,0.999254;54,11154,0.946642;64,15690,0.980224;111,11816,0.939179;111,18323,0.960448
79,36307;325,78085,0.999627;56,10632,0.914552;64,15748,0.985448;139,11767,0.937313;132,17963,0.959328
71,36226;326,76653,1;52,11106,0.931343;69,15923,0.98209;127,11969,0.93209;145,18159,0.95709
71,36255;298,77706,1;73,10722,0.931343;87,16161,0.983582;146,11706,0.918657;158,18118,0.955224
72,36288;337,79476,1;81,11318,0.945896;95,15800,0.985821;161,11801,0.901119;164,18218,0.950746
70,36307;330,78276,1;84,11437,0.944403;96,16634,0.989179;115,11998,0.929851;111,18006,0.958582
70,36323;334,76680,1;76,11243,0.93097;97,16273,0.983209;162,11828,0.925746;159,18159,0.961567
71,36352;337,78359,1;55,11669,0.931716;67,16503,0.98694;120,12444,0.93694;108,17764,0.961194
71,36340;321,78507,0.999254;56,11801,0.944776;68,16940,0.98097;160,12327,0.939925;160,18892,0.96791
71,36297;346,77204,0.999254;84,11146,0.935448;80,16182,0.989179;139,12330,0.933582;158,18187,0.964925
72,36327;350,77837,0.999254;84,11745,0.942537;101,16305,0.983582;160,12172,0.923134;116,18859,0.960821
72,36227;335,77543,0.998881;71,10849,0.908209;81,15850,0.983582;129,12190,0.934328;145,17717,0.958955
72,36246;324,76902,0.999254;56,10969,0.926493;77,15797,0.984328;157,11893,0.913433;143,17553,0.947015
72,36297;339,79462,1;69,11209,0.93694;62,16172,0.985075;143,12564,0.918284;116,19454,0.954104
72,36317;336,78428,1;60,11201,0.933955;94,15787,0.984701;132,12138,0.91903;150,18103,0.954851
73,36292;341,77743,1;63,11223,0.947015;65,16373,0.983209;112,12190,0.929478;102,17491,0.955597
72,36279;352,77967,0.999254;51,10815,0.93806;62,15237,0.984701;106,11476,0.904478;105,17584,0.945896
72,36298;335,77058,1;55,11266,0.936194;65,15925,0.986194;116,12280,0.909328;140,18276,0.95
72,36236;333,76708,1;76,10890,0.931343;91,15449,0.984328;141,12034,0.898881;108,18087,0.946642
73,36252;328,75848,1;70,10979,0.943284;63,16038,0.990672;114,12258,0.907463;107,17879,0.951493
71,36240;339,78235,0.999627;52,11036,0.939552;82,15921,0.987313;126,12239,0.921642;112,17721,0.94403
71,36284;340,77879,0.999254;73,11214,0.939179;91,16037,0.985821;161,12424,0.921642;146,19489,0.957463
71,36295;338,78054,0.999627;78,11032,0.94403;97,16003,0.991791;124,12112,0.929478;150,18087,0.95597
71,36291;342,78281,1;77,11202,0.949627;95,16062,0.979478;156,11875,0.914552;156,18510,0.956343
71,36310;335,77886,0.999254;77,11626,0.946642;66,15843,0.984701;114,12286,0.922761;120,19057,0.960821
71,36301;336,77042,1;74,11557,0.95;89,16247,0.984701;156,12000,0.925373;154,17816,0.953731
70,36253;335,76667,1;63,10645,0.93694;63,15451,0.988433;108,11691,0.902985;114,17582,0.955597
71,36287;321,76801,1;70,10428,0.935821;85,15667,0.987313;152,12295,0.93209;144,17248,0.958582
71,36323;304,75833,1;74,10992,0.950373;90,15670,0.987687;117,12215,0.939925;139,18093,0.961567
70,36319;299,77378,0.998507;50,10905,0.953731;83,15764,0.987687;149,12156,0.93806;154,18429,0.954851
70,36201;298,77171,0.999254;59,10807,0.944403;82,15122,0.985821;110,11604,0.943284;97,16984,0.958582
71,36224;298,76952,0.998507;49,10590,0.925746;82,15479,0.985075;149,12121,0.926493;137,17785,0.952985
71,36152;297,77044,1;72,10163,0.931343;87,15107,0.985821;146,11778,0.919776;147,17715,0.952985
70,35799;295,78559,1;65,8890,0.933209;86,13774,0.978731;131,10524,0.911567;126,16583,0.927985
68,35088;340,77459,1;52,6988,0.912313;70,11127,0.968657;97,8961,0.915299;124,14612,0.938433
68,34846;300,76514,1;48,5502,0.935448;62,9288,0.985448;91,7863,0.906343;114,13595,0.924627
64,33223;320,75225,1;39,3829,0.934328;55,7295,0.989179;83,6554,0.911567;92,11393,0.925746
55,28249;333,75855,1;27,2416,0.95;34,4247,0.985448;49,4014,0.91791;57,7271,0.927239
38,20167;328,75529,1;22,1373,0.956716;25,2361,0.985821;27,2182,0.904104;34,4094,0.916418
13,6704;333,76481,0.999254;15,600,0.954851;13,867,0.988806;10,831,0.91194;11,1345,0.923134
13,6697;349,76904,0.999627;11,348,0.953731;14,726,0.984701;8,755,0.911567;9,1175,0.922388
7,3787;319,76904,0.999627;5,139,0.950746;6,220,0.98694;2,227,0.911567;3,427,0.921642
7,3525;296,75869,1;6,115,0.952985;8,269,0.988433;3,255,0.910821;3,456,0.921269
6,2810;294,75686,1;17,292,0.956343;15,420,0.987687;3,255,0.911194;5,625,0.920149
