217,13695;610,40955,0.999398;192,8231,0.968675;248,11002,0.988554;196,8165,0.899398;301,11441,0.983735
215,14010;662,41244,1;166,6851,0.927108;209,10047,0.983735;231,7556,0.905422;223,11792,0.972289
219,14037;765,43773,1;164,6979,0.908434;198,11017,0.981928;231,8069,0.942169;291,11268,0.959639
235,14051;753,42758,0.998193;169,6946,0.862651;270,10816,0.98012;233,7396,0.864458;281,11122,0.959639
234,14002;849,41508,1;176,7061,0.93012;220,10536,0.978916;250,7740,0.943976;287,11190,0.963855
245,14115;759,41995,1;189,7391,0.908434;272,10883,0.986747;234,7615,0.942169;273,10735,0.959036
244,14014;665,42873,1;172,6612,0.859639;242,10455,0.974699;279,8333,0.91506;303,11432,0.95241
241,14065;880,42439,1;179,7147,0.914458;246,10576,0.963855;238,7491,0.839759;310,11775,0.945181
239,14064;905,43224,0.99759;185,7293,0.898795;242,10601,0.966265;226,7029,0.928916;273,10715,0.946386
234,14051;858,42324,1;177,7040,0.845783;227,10521,0.937952;249,7524,0.924096;284,11024,0.956024
235,14094;884,43033,1;185,7360,0.931325;253,10580,0.987349;266,7919,0.912048;271,11741,0.96506
232,14061;732,43361,0.998795;130,7237,0.90241;175,10353,0.945181;195,7332,0.916867;246,10963,0.962651
233,13740;754,42987,1;114,6153,0.893976;178,9559,0.973494;217,7311,0.907831;236,11188,0.956627
221,13054;901,43866,1;82,3558,0.940964;131,6210,0.975904;166,5301,0.914458;201,9401,0.949398
144,8388;942,44305,0.999398;52,1312,0.943373;67,2358,0.976506;66,2041,0.91506;95,3395,0.931325
37,2108;736,42703,1;21,305,0.944578;18,509,0.970482;12,343,0.916867;2,80,0.945783
