221,13695;421,14844,0.987952;194,6600,0.946988;278,9627,0.985542;235,7205,0.922892;246,7837,0.983133
218,13839;417,14349,0.990361;133,4604,0.928916;199,7114,0.977108;162,5188,0.827711;201,6390,0.920482
221,13813;437,15112,0.992771;126,4289,0.933735;193,6699,0.978313;156,4977,0.873494;181,5788,0.913253
230,13813;411,14118,0.984337;125,4276,0.896386;197,6905,0.968675;161,5147,0.854217;186,5842,0.921687
236,13850;433,14866,0.990361;149,4446,0.910843;210,7084,0.971084;170,5164,0.86506;202,6317,0.913253
235,13848;434,14838,0.983133;147,4719,0.879518;229,7572,0.948193;173,5337,0.831325;223,7004,0.93012
245,13851;439,15201,0.995181;149,4826,0.886747;246,8245,0.961446;200,5975,0.9;217,6788,0.920482
231,13889;421,14417,0.99759;150,4819,0.90241;229,7598,0.979518;193,5769,0.854217;199,6368,0.921687
233,13828;441,15085,0.995181;133,4362,0.907229;213,7175,0.963855;173,5310,0.893976;199,6421,0.904819
242,13869;429,14790,0.978313;147,4898,0.881928;243,8260,0.96988;193,5781,0.86747;220,7180,0.938554
240,13864;426,14677,0.989157;145,4856,0.915663;231,8032,0.978313;192,5946,0.886747;218,7029,0.937349
242,13881;415,14379,0.991566;159,5150,0.926506;237,7854,0.953012;201,5951,0.920482;221,6895,0.944578
242,13868;427,14797,0.99759;161,5106,0.959036;228,7418,0.981928;199,5741,0.933735;224,7012,0.953012
237,13873;448,15449,0.989157;164,4768,0.889157;288,8079,0.975904;198,5728,0.906024;230,7120,0.927711
242,13882;425,14595,0.985542;160,5051,0.940964;236,7651,0.96506;191,5533,0.827711;218,6908,0.938554
239,13866;451,15365,0.985542;145,4695,0.893976;220,7392,0.961446;190,5685,0.887952;212,6646,0.922892
238,13843;450,15424,0.991566;146,4721,0.886747;226,7462,0.975904;184,5390,0.821687;230,7120,0.950602
235,13868;452,15427,0.995181;154,4937,0.93012;232,7680,0.96506;200,5860,0.856627;217,6896,0.93253
240,13881;444,15185,0.991566;157,5136,0.913253;231,7577,0.942169;185,5460,0.883133;214,6724,0.924096
239,13874;442,15249,0.992771;153,4949,0.886747;225,7529,0.960241;191,5673,0.889157;215,6747,0.913253
233,13884;445,15426,0.990361;160,5210,0.90241;239,7932,0.950602;199,5930,0.871084;228,7262,0.939759
245,13843;440,15131,0.995181;153,4989,0.908434;229,7641,0.943373;190,5671,0.863855;212,6744,0.921687
232,13863;448,15458,0.986747;151,4865,0.9;230,7668,0.953012;215,5636,0.827711;222,6760,0.893976
237,13715;444,15227,0.975904;135,4331,0.845783;215,7119,0.955422;182,5360,0.86988;221,6813,0.924096
233,13507;448,15402,0.991566;115,3544,0.884337;181,5806,0.954217;152,4457,0.884337;181,5541,0.916867
201,12080;442,15149,0.981928;85,2604,0.915663;136,4333,0.961446;111,3223,0.818072;141,4324,0.908434
146,8697;436,15013,0.990361;34,978,0.9;67,2077,0.931325;51,1511,0.83253;75,2289,0.916867
92,5446;444,15301,0.981928;15,370,0.903614;25,721,0.939759;24,694,0.818072;37,1155,0.903614
26,1574;436,15044,0.991566;4,68,0.896386;13,348,0.936145;6,185,0.820482;9,286,0.912048
