236,13695;1221,40990,1;259,8202,0.948795;342,10899,0.989759;353,8307,0.94759;406,11360,0.98253
213,13346;1220,41424,0.999398;155,4197,0.924699;218,6741,0.972289;270,6100,0.939759;352,9725,0.962048
211,13323;1259,42673,1;150,4107,0.892169;241,7214,0.977108;263,5864,0.860843;375,10027,0.961446
214,13193;1250,42445,1;154,4247,0.930723;232,6977,0.978916;254,5556,0.928916;356,9409,0.948193
227,13355;1286,44017,1;173,4743,0.931928;247,7232,0.968072;287,6439,0.93012;393,10380,0.945783
213,13376;1280,43357,1;182,4950,0.939759;262,7723,0.976506;302,6658,0.937952;406,10657,0.973494
215,13272;1244,41716,1;165,4373,0.954819;225,6585,0.96747;287,6256,0.933133;376,9941,0.972289
222,13355;1276,42530,0.999398;179,4719,0.941566;257,7506,0.975301;307,6760,0.931928;419,10935,0.963253
228,13362;1258,42735,0.999398;165,4318,0.877711;253,7284,0.98253;284,6165,0.921084;396,10354,0.950602
220,13092;1253,42585,0.999398;159,4161,0.922892;222,6398,0.989157;263,5670,0.940964;347,9415,0.951807
223,13321;1275,42704,0.999398;168,4418,0.944578;231,6782,0.984337;273,6069,0.928916;400,10464,0.948795
227,13299;1266,42197,0.999398;170,4491,0.927711;256,7208,0.981928;299,6399,0.921084;378,9861,0.936145
230,13389;1306,43646,1;174,4697,0.942169;269,7902,0.979518;304,6632,0.913253;418,10808,0.93253
227,13361;1277,42572,1;170,4509,0.924699;272,7718,0.983735;287,6176,0.925301;383,10041,0.95
235,13169;1266,42469,0.998795;161,4196,0.927711;236,6673,0.975904;252,5492,0.913855;356,9387,0.962651
237,13419;1272,42219,0.999398;186,4953,0.937349;272,7928,0.972892;296,6451,0.919277;422,10965,0.94759
233,13232;1291,43234,0.999398;182,4704,0.913855;263,7400,0.979518;284,6023,0.91506;375,9786,0.933133
234,13338;1289,44087,0.999398;173,4508,0.918072;257,7513,0.980723;283,5991,0.915663;412,10715,0.946988
228,13312;1278,43519,0.999398;180,4765,0.931928;251,7208,0.969277;279,6080,0.931325;405,10561,0.937349
229,13372;1290,43363,0.999398;183,4771,0.91747;272,7748,0.980723;292,6316,0.942771;388,10188,0.955422
237,13303;1270,42551,1;161,4130,0.924699;245,6931,0.975904;281,6140,0.937349;372,9879,0.95
236,13355;1283,43279,1;175,4437,0.910843;259,7531,0.976506;298,6581,0.931928;404,10504,0.946988
237,13405;1290,43480,0.999398;184,4685,0.904819;277,7873,0.975904;286,6221,0.91506;414,10771,0.934337
219,13337;1307,43842,0.998193;179,4693,0.922892;272,7786,0.98494;281,5982,0.905422;396,10272,0.945181
236,13325;1325,44366,0.998193;182,4690,0.924699;271,7670,0.974096;278,5883,0.93494;367,9541,0.956024
231,13230;1306,43717,0.998795;177,4674,0.93012;266,7606,0.96988;289,6136,0.940964;394,10246,0.964458
244,13292;1322,44287,0.998193;184,4821,0.923494;261,7556,0.978916;303,6488,0.929518;404,10385,0.951807
233,13266;1317,44374,1;176,4640,0.93253;272,7741,0.978916;278,5887,0.913855;403,10469,0.941566
232,13358;1365,45581,0.999398;175,4594,0.878916;270,7871,0.983133;299,6426,0.907229;387,10044,0.924096
247,13323;1368,45638,1;182,5063,0.933133;218,7378,0.977711;318,6581,0.909036;414,10644,0.933735
219,12483;1366,45644,1;129,3341,0.898193;200,5624,0.964458;219,4679,0.895783;316,8250,0.933735
195,11184;1332,44793,0.998795;89,2278,0.937952;157,4432,0.975301;176,3732,0.901205;250,6474,0.931928
