38,35778;95,26819,0.982836;47,12495,0.921642;58,18062,0.971642;71,14113,0.827612;74,17037,0.947761
37,33366;96,27363,0.984328;31,5647,0.88209;45,9905,0.963433;55,7597,0.850746;56,9758,0.940299
39,32794;93,26913,0.991791;36,5710,0.866418;47,9934,0.963433;51,7074,0.880597;57,10078,0.939552
38,34595;90,27675,0.984328;38,6940,0.860448;51,11085,0.950746;63,8379,0.881343;70,11841,0.939552
37,32468;99,27823,0.985075;34,5795,0.858209;41,8802,0.945522;53,7023,0.867164;55,9429,0.926866
36,32449;98,27646,0.98209;37,6041,0.897015;44,9659,0.952239;51,6841,0.86791;57,9994,0.941045
36,32727;99,27844,0.984328;34,6193,0.881343;68,9571,0.93209;55,7346,0.885075;57,9890,0.945522
36,33287;97,27632,0.994776;34,6270,0.879851;46,10090,0.966418;52,7024,0.870149;58,10072,0.934328
36,32426;96,27109,0.982836;31,5946,0.891045;43,9425,0.965672;50,6822,0.893284;59,10283,0.940299
37,33758;90,27049,0.985075;35,6191,0.879104;48,10751,0.961194;54,7294,0.848507;63,11115,0.945522
36,32801;96,27585,0.986567;34,6183,0.876119;43,9578,0.949254;53,7252,0.835821;53,10138,0.925373
36,32953;88,27113,0.988806;31,6084,0.885821;39,9860,0.951493;54,7500,0.873881;57,10132,0.935075
36,33341;95,27496,0.985821;32,6349,0.879851;45,10350,0.958209;51,7057,0.835075;55,9913,0.93209
35,33608;78,27724,0.987313;36,6582,0.860448;48,10668,0.953731;61,7969,0.830597;57,9950,0.935075
34,32100;90,27674,0.983582;35,6029,0.862687;44,9686,0.947015;72,7431,0.83806;69,9789,0.935821
35,33375;111,28046,0.990299;48,6619,0.865672;49,10365,0.952239;59,7739,0.85;61,10442,0.93209
36,33443;100,28410,0.985821;37,6798,0.853731;48,10377,0.970896;54,7064,0.85;61,10460,0.950746
36,33980;97,27392,0.979851;38,6576,0.882836;49,10243,0.96791;58,7704,0.856716;60,9983,0.936567
35,33237;98,27781,0.989552;40,6384,0.877612;42,9914,0.951493;53,7107,0.838806;55,10086,0.944776
35,33349;99,28093,0.989552;35,6342,0.892537;46,9807,0.952985;52,7177,0.871642;59,9624,0.949254
34,32714;104,27510,0.993284;34,5884,0.885075;46,9589,0.954478;50,6795,0.841045;56,9895,0.955224
35,33541;97,27519,0.992537;35,6215,0.877612;38,10090,0.952239;39,8185,0.863433;52,10290,0.952239
34,33023;95,26739,0.983582;34,6281,0.894776;42,9506,0.922388;51,7390,0.858955;61,9821,0.93806
37,33355;95,26878,0.991791;34,5977,0.881343;44,10208,0.947015;54,7229,0.841791;52,9736,0.938806
38,34150;100,27870,0.986567;33,6020,0.879104;46,10328,0.96791;59,7690,0.859701;58,10537,0.904478
35,31071;88,27261,0.985075;31,5326,0.89403;35,8289,0.939552;47,6845,0.864925;53,9479,0.943284
23,20682;93,27042,0.986567;16,2241,0.869403;23,4166,0.951493;21,3098,0.854478;25,4719,0.935821
