216,13695;265,14457,0.993976;112,6428,0.904819;192,9569,0.971084;133,7079,0.892771;159,7769,0.948193
197,13852;283,14885,0.992771;93,4972,0.893976;133,7164,0.960241;121,5703,0.875904;126,6369,0.93012
199,13876;292,14612,0.995181;84,5040,0.890361;128,8156,0.986747;115,5552,0.860241;151,6751,0.946988
206,13938;292,14864,0.990361;107,5471,0.912048;169,8466,0.974699;128,5835,0.874699;133,6809,0.949398
214,13911;298,14457,0.984337;90,5192,0.89759;156,8458,0.96506;144,6041,0.881928;140,6739,0.93012
212,13913;286,15038,0.984337;98,5488,0.879518;144,8728,0.962651;105,6376,0.883133;113,7341,0.955422
211,13897;314,14919,0.981928;81,5488,0.918072;151,9028,0.957831;123,5908,0.86747;162,7582,0.912048
212,13931;299,15233,0.993976;109,5670,0.926506;177,8842,0.96747;142,6458,0.893976;143,7704,0.937349
216,13910;274,14762,0.990361;103,5303,0.918072;159,8321,0.975904;113,6018,0.868675;126,7328,0.953012
211,13903;275,14621,0.986747;96,5121,0.922892;153,7973,0.975904;123,5827,0.892771;134,6540,0.931325
211,13903;289,15347,0.991566;114,5456,0.90241;159,8348,0.937349;138,5885,0.863855;139,7042,0.915663
222,13924;291,14940,0.986747;115,5604,0.920482;161,8523,0.948193;133,6183,0.887952;135,6903,0.938554
207,13592;287,15316,0.995181;91,4521,0.916867;150,7609,0.959036;115,5332,0.903614;130,6068,0.933735
171,11171;287,15400,0.985542;54,2416,0.872289;75,3794,0.927711;67,2976,0.871084;82,3744,0.907229
81,5240;286,14928,0.990361;16,686,0.883133;30,1300,0.943373;26,1166,0.877108;28,1414,0.907229
