78,35778;343,75193,0.999627;94,14452,0.952985;103,18949,0.989179;161,14544,0.940299;174,20127,0.994776
76,35007;360,76602,1;51,5386,0.941791;76,9032,0.982463;116,7612,0.928358;128,12702,0.976493
75,34665;364,76569,1;51,5103,0.947388;66,8170,0.977239;100,7099,0.940299;104,11932,0.962687
75,34852;212,76232,1;50,4970,0.933209;69,8400,0.983209;112,7479,0.928358;116,11699,0.947761
75,34914;245,76773,1;48,5040,0.931343;69,8388,0.983209;74,7069,0.904104;90,12394,0.93097
76,34814;370,77151,0.999627;41,5136,0.936194;43,8409,0.98209;73,7255,0.89403;81,12243,0.922761
76,34864;375,76129,0.998881;34,5185,0.924627;46,8560,0.977612;72,7276,0.897761;78,11881,0.922388
76,34763;358,76622,1;56,5165,0.933955;70,8179,0.986194;111,7290,0.901493;132,11824,0.922388
75,34653;340,75510,1;70,5246,0.941045;71,8621,0.976119;108,7287,0.89291;107,12487,0.91903
81,34675;247,76004,1;40,4997,0.94403;46,7648,0.984701;99,6929,0.879851;93,11575,0.911194
80,34755;264,76400,1;57,5092,0.946642;65,8134,0.979104;106,7016,0.873134;126,11840,0.9
79,34747;353,76637,1;51,4648,0.948134;62,7492,0.978731;102,6960,0.872761;111,11281,0.898134
81,34772;217,75323,0.999627;48,4584,0.926119;64,7657,0.989179;108,7130,0.877239;116,11573,0.891045
81,34356;211,75385,1;53,5162,0.937313;63,7815,0.986567;104,6887,0.873507;117,11406,0.897388
82,35006;271,76084,1;53,5343,0.938806;72,8914,0.990299;111,7552,0.871642;112,12062,0.898134
81,34862;217,76624,0.999627;59,4767,0.936194;60,7745,0.984701;104,7226,0.866045;121,11897,0.894403
80,34870;212,75491,1;37,5033,0.939179;63,8198,0.983582;109,7404,0.877985;90,11908,0.9
82,34982;275,75874,1;57,5335,0.943657;53,8570,0.982836;82,7910,0.866791;81,12048,0.893657
81,34589;210,75188,1;36,4836,0.940299;43,7822,0.979478;91,7292,0.882463;131,11570,0.900373
82,34880;277,76912,0.999627;53,5349,0.933955;70,8965,0.974627;105,7199,0.891418;79,11835,0.907463
81,34936;381,77147,1;59,5404,0.927985;79,8820,0.985821;111,7344,0.893284;124,12570,0.904851
80,34647;379,76914,1;49,4929,0.924254;66,8288,0.982463;102,7073,0.895896;110,11451,0.905224
83,34940;372,77570,1;49,5501,0.929478;71,8963,0.984328;108,7609,0.887313;131,12824,0.903731
83,34983;212,76085,1;55,5573,0.938433;72,8994,0.98694;120,7896,0.885821;126,12261,0.900373
82,35000;274,76808,1;60,5404,0.929851;77,9099,0.988433;120,7413,0.891045;110,12921,0.909328
81,34956;343,75520,0.999627;50,4948,0.926119;70,7964,0.978358;104,7149,0.878358;91,12023,0.910075
80,34527;353,76886,0.999254;36,5301,0.927612;47,8312,0.973881;74,7056,0.890299;77,11446,0.910821
82,34889;350,75611,0.999627;60,5094,0.949254;67,7720,0.982463;114,7157,0.907836;98,11796,0.908582
82,34951;351,76959,0.999627;53,5126,0.929851;65,8188,0.966418;109,7395,0.878358;124,12315,0.908582
81,34959;357,77412,0.998881;49,5062,0.916045;70,8600,0.975373;132,7603,0.883582;128,12387,0.910448
79,34897;366,77907,0.999627;52,5523,0.93694;63,8633,0.976866;105,7105,0.888433;116,12185,0.908955
83,34831;360,77094,0.999627;63,5387,0.929851;73,8859,0.975;113,7408,0.876119;126,12726,0.912687
83,34828;351,76728,1;52,5758,0.927985;69,9377,0.981716;84,7819,0.887313;98,12793,0.917537
81,34761;349,76189,1;45,4852,0.927985;46,8242,0.983209;78,7339,0.885821;116,11335,0.913433
82,35009;345,75515,1;59,5345,0.922388;71,8638,0.982463;117,7554,0.859701;124,12515,0.907836
83,34875;352,76630,1;51,5436,0.948507;70,8593,0.986194;94,7529,0.888806;108,12239,0.915299
77,34958;363,75781,1;51,5467,0.943284;66,8635,0.98209;122,7430,0.893284;129,12540,0.911567
76,34650;377,76549,1;55,5297,0.952612;72,8808,0.983582;105,7136,0.888433;114,12088,0.904851
78,34970;384,77449,0.998507;34,4866,0.935075;45,8516,0.984328;76,7342,0.898507;78,11900,0.913806
77,34974;376,76216,0.998881;51,5454,0.938806;65,8676,0.982463;111,7626,0.907463;107,12844,0.914179
75,34751;377,76644,1;51,4914,0.936567;65,8026,0.972015;107,7348,0.899627;80,12001,0.914179
77,34808;377,76973,1;53,5420,0.947015;80,9072,0.980597;127,7592,0.885821;137,12589,0.908955
77,34879;377,77147,0.999627;53,5372,0.945522;69,8809,0.988806;102,7755,0.89291;85,12386,0.907836
77,34807;375,75915,1;49,4984,0.93806;64,8284,0.981716;97,7115,0.902239;116,11881,0.915299
76,34595;380,77607,0.999627;49,5145,0.934701;57,8578,0.981716;105,7151,0.904104;117,11887,0.916045
77,35019;372,77876,0.998881;42,5266,0.941791;55,8626,0.977612;115,7662,0.898881;123,12487,0.911194
77,34561;358,78002,1;53,4998,0.938433;48,8200,0.98209;73,7193,0.906343;84,12129,0.916791
78,34996;372,77404,1;61,5541,0.945896;62,9162,0.983955;119,7700,0.904478;102,12681,0.915672
76,34979;302,78208,1;49,5224,0.940672;62,8665,0.977239;105,7295,0.882463;124,12612,0.905597
78,34818;321,77139,1;56,5614,0.945149;70,8818,0.980597;113,7569,0.868657;119,12196,0.920149
76,34634;371,77274,0.997388;53,5149,0.945522;61,7885,0.974627;92,7246,0.868284;89,11659,0.91791
78,34719;369,77168,0.999627;47,4875,0.929851;62,8112,0.977239;102,7273,0.881343;123,11929,0.91306
77,34802;364,76248,1;53,5006,0.928731;66,8369,0.977239;92,7156,0.894403;80,11972,0.914179
79,34919;369,75396,0.999627;55,5353,0.927985;77,8777,0.981716;133,7881,0.892164;132,12620,0.909701
82,35037;252,76535,1;50,5323,0.919776;70,9306,0.989925;115,7388,0.890672;128,12519,0.915299
79,34705;216,77552,1;51,5075,0.939179;69,8033,0.986194;100,7362,0.888433;78,11668,0.895896
79,35041;356,77844,1;56,5572,0.942164;74,9253,0.990299;118,7732,0.874627;129,13416,0.897388
78,34905;353,76915,1;45,5172,0.924627;73,8674,0.982463;110,7183,0.872388;123,11985,0.901119
77,34890;368,77786,0.999254;67,5652,0.921269;73,9131,0.979104;94,7614,0.867537;89,12665,0.901119
77,34711;379,77643,1;38,5384,0.94291;68,8808,0.983955;115,7375,0.88097;132,12482,0.904478
77,34988;372,76798,0.999627;39,5538,0.943657;62,9548,0.985075;112,7770,0.893284;116,12424,0.904104
78,34916;357,77842,1;46,5404,0.944403;45,8776,0.977239;82,7699,0.894403;82,12207,0.900373
78,34711;362,78393,1;45,4878,0.937687;65,8428,0.988806;109,7277,0.887687;86,12165,0.911567
79,34852;359,77559,0.999627;50,5386,0.932836;64,8326,0.981716;101,7093,0.886567;116,11908,0.909328
83,34994;398,79200,0.999627;40,5782,0.945149;64,8865,0.981343;118,7519,0.881716;123,12861,0.918284
81,34478;379,76579,0.998881;55,5408,0.940672;59,8887,0.976119;80,7473,0.896642;123,11831,0.928358
83,34967;281,79286,1;54,5379,0.942537;60,9316,0.978731;131,7922,0.9;129,12894,0.926493
83,34899;216,77804,1;53,5420,0.943657;69,8915,0.985448;124,7657,0.883955;136,12889,0.913433
82,34712;214,77752,0.999627;54,5419,0.927239;77,9007,0.985075;115,7195,0.882836;100,11998,0.910075
81,34821;374,77234,0.999254;46,5383,0.935075;66,8643,0.985075;130,7656,0.88694;133,12742,0.914925
82,34932;375,77128,0.998881;56,5554,0.936567;75,9212,0.977612;113,7882,0.877239;90,12999,0.901866
83,35009;381,78490,0.998881;38,5524,0.936194;47,9160,0.976493;120,7734,0.88209;117,13039,0.907463
82,34577;372,79187,0.999254;35,5414,0.923881;46,8719,0.974254;88,7131,0.876866;97,11622,0.904104
83,34891;297,77837,0.999627;47,5443,0.910821;64,9467,0.975;119,7867,0.880597;96,13862,0.920149
82,34934;226,79447,0.999627;36,5782,0.923507;49,9557,0.976866;83,7838,0.885075;103,12981,0.910448
82,34735;384,78422,1;50,5220,0.939552;57,8323,0.977612;111,7366,0.881716;114,11976,0.908209
82,34528;381,77392,1;48,5190,0.941418;68,8164,0.979104;111,7058,0.880597;114,11600,0.912687
82,34804;379,76886,0.999627;55,5624,0.945522;66,9075,0.981343;124,7869,0.893657;125,12433,0.916418
82,34596;390,79010,0.999627;49,4948,0.933955;62,7852,0.982463;106,6987,0.870522;114,11418,0.911567
83,34878;379,75726,1;56,5477,0.932836;75,9205,0.985821;121,7721,0.885448;122,13047,0.90597
83,34942;382,76558,1;50,5247,0.932836;70,8901,0.983955;110,7639,0.88209;134,12950,0.90597
81,34580;383,76900,1;55,5188,0.934328;78,8178,0.970522;113,7281,0.886194;118,12282,0.910075
81,34926;373,78480,1;55,5665,0.940672;72,8975,0.970896;117,7562,0.876866;130,12882,0.905224
82,34842;297,78573,0.998881;52,5673,0.943657;70,9052,0.976866;124,7677,0.86194;122,12936,0.901119
82,34647;332,76725,1;55,5485,0.937313;79,8892,0.979851;122,7636,0.882836;139,12986,0.920896
83,35029;331,76789,0.999627;56,5504,0.947761;58,9115,0.980224;102,8183,0.879104;108,12805,0.907463
81,34362;389,77729,0.999254;57,5459,0.938433;63,9015,0.981343;76,7226,0.868657;83,12261,0.908955
83,34808;384,76204,1;52,5092,0.923134;68,8339,0.985821;119,7577,0.88097;118,12658,0.906716
84,34916;376,76852,0.999254;45,5699,0.927985;80,9530,0.981343;130,8141,0.883209;127,13070,0.912313
82,34637;391,77567,1;46,5057,0.939552;58,8125,0.978731;79,7217,0.876866;78,11380,0.900746
82,34804;393,77942,0.999627;34,5045,0.949254;51,8501,0.979104;112,7334,0.880224;121,11855,0.901866
83,34550;386,76967,1;52,4967,0.924254;63,8370,0.973881;108,7099,0.882836;119,12158,0.907836
84,34896;380,78505,1;56,5538,0.926866;63,8728,0.980597;116,7361,0.875;124,12853,0.9
82,34412;235,76685,1;49,5180,0.924254;46,8103,0.985075;78,7356,0.891791;88,11947,0.901866
85,34974;219,77831,0.999627;39,5594,0.925373;81,9179,0.984701;114,7791,0.88806;129,12670,0.902985
82,34962;382,77995,1;48,5906,0.94403;71,9190,0.982463;80,7742,0.873881;89,12861,0.908582
78,34726;359,78300,1;53,5059,0.939179;67,8349,0.976866;106,7035,0.885075;104,11280,0.907463
79,34907;333,76214,0.999627;52,5127,0.940299;64,8292,0.981343;117,7628,0.898881;117,12179,0.918284
78,34944;237,77098,1;57,5318,0.934701;48,8627,0.975373;109,7421,0.901493;105,11985,0.921642
79,34916;320,77407,1;53,5290,0.913433;70,8995,0.976866;114,7491,0.9;104,12629,0.917164
79,34856;381,76788,1;52,5502,0.921269;73,9114,0.987687;105,7406,0.895896;113,12260,0.919403
80,34969;367,75159,0.998881;53,5318,0.940672;67,8498,0.984328;112,7449,0.891045;120,12087,0.916418
79,34799;381,75814,1;37,5240,0.940299;76,8922,0.982463;109,7424,0.894776;111,11959,0.920896
78,34923;496,75490,0.999627;54,5309,0.940672;72,8919,0.98806;112,7436,0.897015;118,12123,0.921269
79,34945;502,76269,1;55,5325,0.947388;66,8371,0.983955;112,7518,0.891791;118,12158,0.920522
79,34978;493,75410,0.999254;53,5583,0.938806;73,9326,0.985448;84,8017,0.89403;113,12969,0.917164
78,34860;502,77288,1;52,5152,0.909328;72,8813,0.982836;117,7652,0.886194;127,12651,0.916045
78,34822;435,76842,1;52,5263,0.926119;72,8613,0.983955;116,7588,0.88806;124,12413,0.919403
79,34862;379,77339,1;59,5474,0.926493;73,8630,0.988806;126,7520,0.894776;122,12819,0.921642
80,34902;351,77180,1;60,5595,0.93806;62,8871,0.984328;84,7896,0.89403;86,12954,0.917537
79,34790;386,77409,1;36,5202,0.93694;47,8841,0.977239;87,7304,0.889552;106,12994,0.919403
80,34970;368,76293,1;53,5564,0.943284;77,9620,0.984701;123,8191,0.894403;90,13259,0.914925
79,34759;217,76912,1;46,4926,0.924254;52,8514,0.983209;107,7143,0.898881;77,11703,0.920149
85,34870;216,77435,0.998881;54,5507,0.937313;69,8770,0.98209;119,7653,0.890672;123,12072,0.907836
86,34837;216,77162,0.998881;44,5338,0.935448;65,8815,0.982463;101,7437,0.888806;105,12814,0.916418
85,34544;373,78140,1;57,5716,0.926119;65,9026,0.975;114,7432,0.890299;121,12245,0.919776
86,34903;376,75844,1;40,5195,0.933582;70,8464,0.970896;113,7319,0.902239;121,12223,0.923507
86,34715;264,77063,1;53,5097,0.920149;69,8568,0.966045;118,7503,0.874627;120,12576,0.914925
79,35000;218,78123,0.999627;62,5799,0.93209;76,9623,0.978731;125,8144,0.873507;135,13758,0.905597
78,34975;306,78508,0.999627;54,5739,0.937313;73,9891,0.980224;137,8496,0.865672;121,13528,0.895896
78,34714;259,78842,1;58,5492,0.922015;80,9392,0.989179;130,7589,0.877239;118,12675,0.901119
79,34975;392,78623,0.999627;55,5821,0.941045;73,9170,0.98097;124,7800,0.880597;151,12928,0.907463
78,34875;382,77465,0.999627;41,6070,0.935075;62,9696,0.975;118,7971,0.875746;96,12950,0.906343
79,35052;383,77925,0.999627;59,6275,0.93097;82,10422,0.987687;139,8898,0.884328;153,14472,0.915299
78,34799;379,77729,0.999254;57,5865,0.934328;73,8988,0.981716;120,7775,0.890299;141,13071,0.91903
83,34769;337,77865,0.998134;51,5284,0.927239;69,8980,0.978731;108,7503,0.891045;90,13001,0.914552
83,35029;260,77488,0.999627;54,5921,0.946642;68,9702,0.983955;132,8251,0.88209;140,13435,0.912313
83,34913;229,77124,0.998134;52,5182,0.935821;72,8979,0.98097;118,7328,0.886194;134,13063,0.910821
83,34962;245,77356,0.999254;53,5381,0.925746;72,9156,0.98209;121,7650,0.889925;138,13319,0.904851
89,34754;378,77155,1;48,5063,0.940672;69,8757,0.984701;108,7155,0.896642;117,11690,0.906716
83,34728;315,76354,0.998507;53,5241,0.937687;72,8887,0.979104;121,7429,0.885448;125,12467,0.897388
80,34738;214,76447,1;50,4850,0.948507;59,7897,0.980224;94,6892,0.886194;108,11859,0.901493
83,35047;216,77494,1;53,5661,0.926119;77,9588,0.966791;104,7614,0.892537;134,13564,0.915299
82,34965;337,76743,1;63,5674,0.940299;77,9039,0.982836;121,8220,0.902612;132,12887,0.914552
83,35068;354,77319,1;59,5760,0.934701;79,9417,0.980597;130,8520,0.898134;149,13418,0.923881
82,34733;351,77215,1;56,5422,0.937313;73,9148,0.985075;116,7530,0.889925;128,12637,0.919403
82,34725;356,78078,0.999254;45,5266,0.936567;65,8455,0.976119;115,7595,0.88097;132,12874,0.921269
82,34943;362,77920,1;54,5758,0.924254;70,9808,0.986194;104,8088,0.88209;88,12799,0.923507
82,34848;231,77421,1;54,5884,0.945522;73,9368,0.985821;131,7715,0.877612;134,12607,0.913433
79,34983;341,77926,1;55,5433,0.939552;70,9121,0.982836;115,7600,0.895522;108,12752,0.925
81,34930;362,76768,0.999627;50,5087,0.932463;69,8758,0.985448;117,7687,0.882463;128,12530,0.910448
80,34458;383,77712,1;51,5587,0.940299;58,9237,0.985821;83,7693,0.899254;86,12620,0.920149
80,34505;373,75988,0.999254;39,5496,0.938433;46,8420,0.974627;82,7220,0.892164;105,11803,0.914552
77,34846;385,78675,0.998507;53,5271,0.933582;73,8863,0.979851;124,7914,0.903358;131,12829,0.921642
55,35016;362,77327,0.999254;54,5147,0.929104;74,8978,0.982463;123,7990,0.898507;128,13423,0.918657
114,34800;362,79043,1;52,5241,0.929104;70,8614,0.986194;117,7250,0.897015;127,11845,0.91903
81,34907;352,76867,0.999254;57,5231,0.945522;57,8432,0.990299;104,7296,0.887313;120,12468,0.914552
81,34225;353,76683,0.999254;52,5104,0.948134;70,7940,0.977239;110,7294,0.885075;96,12225,0.918657
81,34612;215,76925,1;56,5156,0.937687;70,8384,0.977239;119,7566,0.868657;84,12460,0.91791
121,34992;283,76520,1;52,5276,0.937313;65,8492,0.985448;112,7714,0.880224;121,13115,0.91306
82,34840;375,76506,0.999254;58,5154,0.943657;66,8532,0.982836;87,7056,0.854478;87,12024,0.907836
84,34927;372,76157,0.998507;49,5185,0.917164;66,8549,0.980597;117,7543,0.891045;120,11941,0.919403
84,34943;354,76156,0.998881;53,5224,0.937313;71,8435,0.984328;100,7671,0.901119;86,12302,0.919403
84,34948;363,77190,0.998134;56,5440,0.937313;66,8988,0.983955;115,7627,0.887687;124,13339,0.91903
83,34892;379,76235,0.999254;52,5254,0.937313;46,8668,0.982463;92,7271,0.894776;120,12199,0.91791
83,34654;379,76529,1;53,5227,0.943657;70,8223,0.982463;125,7547,0.902985;105,12049,0.917164
83,34950;360,76242,0.999627;42,5253,0.94403;76,8428,0.979478;126,7429,0.903358;132,12337,0.916045
84,34987;351,76326,1;47,4756,0.933582;70,8164,0.98097;111,7482,0.902612;124,12541,0.916418
84,35021;322,76069,1;74,5276,0.931716;92,8624,0.979104;134,7743,0.894403;124,12623,0.914925
117,34748;265,76952,0.999254;55,5179,0.928731;69,8632,0.98097;116,7681,0.889925;100,12579,0.911194
117,34879;217,76962,0.999254;55,5256,0.929478;71,9028,0.985448;112,7737,0.897761;120,12753,0.917164
117,34684;268,74669,1;48,4768,0.922388;63,7831,0.980224;106,7286,0.893657;102,11955,0.917537
118,34835;316,74062,1;53,4816,0.945149;69,7783,0.984328;127,7099,0.88806;114,11966,0.917164
116,34703;331,75130,0.999254;35,4706,0.929104;47,8542,0.978358;76,7407,0.884328;104,12031,0.917537
117,34903;387,78130,1;54,4724,0.924254;74,7809,0.980224;113,7468,0.887313;131,12095,0.91194
84,34873;390,77959,0.999627;57,5241,0.925746;66,8389,0.983955;108,7437,0.860821;119,12250,0.898507
83,34851;381,76858,1;50,5557,0.932463;61,9113,0.986194;120,7818,0.859328;126,12363,0.895149
83,34674;348,77769,0.999627;54,5183,0.930224;57,8237,0.981343;114,7313,0.856716;115,11931,0.889179
84,34945;384,78048,0.999627;55,5549,0.941791;67,8684,0.98209;112,7316,0.866418;127,12125,0.90597
82,34932;341,74628,1;70,5459,0.946642;88,8603,0.985448;123,7582,0.877612;128,12212,0.914925
80,34118;279,76161,0.999627;40,5308,0.914179;49,8586,0.980224;94,7442,0.886567;127,12460,0.908955
83,34994;215,77666,0.999254;59,5353,0.916791;72,8778,0.98097;119,7765,0.893284;124,12130,0.908209
82,34595;331,76525,0.997761;48,5111,0.924627;69,8411,0.976866;116,7632,0.89291;128,13051,0.917164
80,34784;355,76675,0.999254;51,5054,0.933582;65,8298,0.973134;109,7524,0.896642;125,12599,0.915299
83,34690;356,77727,0.999254;54,5367,0.930597;67,8516,0.976866;88,7386,0.877239;90,13237,0.906716
81,34534;355,76308,0.999627;58,4961,0.941418;66,7848,0.98097;88,7147,0.889552;103,11578,0.906343
82,34970;351,76665,1;44,5493,0.940299;55,8799,0.978731;118,8015,0.891045;138,13215,0.907463
81,34624;351,75908,1;57,5354,0.937687;67,8539,0.985821;108,7222,0.895522;99,11777,0.913433
82,34888;346,75196,1;53,5134,0.935448;70,8539,0.982836;123,7350,0.884328;125,12122,0.902985
80,34782;353,77454,1;56,5277,0.936194;71,8857,0.979478;126,7596,0.884328;123,12074,0.906343
79,34714;353,77244,1;53,5558,0.930224;68,9086,0.978731;115,7392,0.873507;129,12890,0.915299
79,34902;355,77906,1;47,5359,0.940299;46,8405,0.983955;115,7605,0.882463;117,11903,0.919403
79,34925;381,77094,1;52,5370,0.942164;66,8655,0.982463;83,7421,0.889179;125,12416,0.916791
79,34998;370,76393,0.999254;53,5259,0.940672;69,8542,0.979478;102,7493,0.886194;92,12239,0.917164
79,34764;386,77093,0.999627;63,5231,0.934701;76,8143,0.977985;116,7305,0.863433;125,12655,0.909328
80,34959;361,76919,1;60,5494,0.953358;71,8537,0.98209;117,7572,0.879851;128,12746,0.911567
80,34743;357,77622,0.999627;54,5510,0.941045;66,8966,0.976493;119,7682,0.891045;125,12425,0.913806
82,34941;353,76451,1;48,5378,0.929104;72,8977,0.985448;103,7287,0.856716;110,12587,0.915672
81,34944;357,77870,1;57,5594,0.93694;74,8887,0.979851;118,7689,0.892537;143,12910,0.916045
82,34998;359,77527,1;60,4854,0.920896;69,8154,0.985075;114,7479,0.889179;123,12236,0.915299
82,35046;381,76323,1;55,5496,0.942537;69,8657,0.98694;107,7436,0.872761;85,13053,0.915299
82,34858;388,77532,1;60,5562,0.924254;71,9149,0.985448;116,7773,0.861194;124,12645,0.916045
81,34781;382,77032,1;48,5069,0.95;71,7987,0.988806;98,7252,0.888433;106,11433,0.914925
82,35023;385,77534,0.999627;54,5502,0.935075;73,8861,0.985075;115,7957,0.886194;135,13098,0.920522
81,34649;382,77631,0.999627;52,5049,0.946642;68,8100,0.979851;105,7455,0.897388;115,11728,0.917537
82,34800;382,77454,1;53,5013,0.933209;69,8372,0.982463;104,7027,0.895522;123,11702,0.914179
82,34465;353,76666,1;54,5184,0.939179;60,8715,0.979478;102,7480,0.90597;115,12521,0.919776
82,34692;351,76693,0.999627;49,5075,0.939925;69,8636,0.981716;73,7134,0.913806;119,11702,0.929851
83,34990;351,76127,1;37,5394,0.945896;46,8865,0.985075;80,7834,0.904478;82,12505,0.917537
82,34763;348,76448,1;37,5115,0.931343;43,8294,0.977239;75,7275,0.902239;108,12177,0.916791
81,34745;350,76039,0.999627;51,5101,0.935448;65,8198,0.982836;117,7502,0.901119;123,11991,0.909328
82,34844;351,76511,0.999254;55,5288,0.941045;65,8307,0.976119;110,7218,0.895149;128,12730,0.90709
81,34330;265,76347,0.999627;57,5307,0.933955;76,8728,0.985821;109,7379,0.896269;114,12123,0.908955
86,35002;215,76613,1;48,5564,0.943284;65,9466,0.989179;117,7604,0.886567;122,12443,0.898134
84,34893;213,75661,0.999627;55,5241,0.938433;69,8438,0.984701;107,7350,0.890299;119,12603,0.910448
84,34774;215,76079,0.999254;36,5296,0.933955;64,8456,0.988806;104,7420,0.896642;79,11986,0.905224
86,34816;219,77844,0.999627;49,5614,0.943284;50,8978,0.979104;80,7798,0.891418;85,12862,0.910448
86,34864;217,77496,0.999627;49,4957,0.942537;69,8423,0.985448;111,7319,0.9;122,12382,0.908209
85,34927;217,76561,1;52,5107,0.93209;68,8440,0.979478;109,7225,0.889552;124,12607,0.905224
76,34985;221,79025,1;50,5159,0.925746;67,8488,0.978731;113,7557,0.88694;126,12781,0.90597
85,34987;215,77593,0.999254;52,5709,0.936567;74,9618,0.985821;126,8022,0.903358;128,12909,0.91194
83,34722;215,76801,1;55,5131,0.948507;67,8463,0.986567;111,7255,0.902239;108,12215,0.912313
84,34799;220,78263,1;56,5125,0.937313;66,8249,0.979104;110,7200,0.895896;125,12351,0.915672
79,34610;214,76571,0.999627;50,5257,0.949627;68,8400,0.984701;108,7104,0.895522;114,11777,0.911194
80,35021;218,77197,1;61,5686,0.948881;75,9281,0.988806;104,7801,0.904851;106,12657,0.923134
80,34991;212,76103,1;48,5203,0.927985;76,9109,0.989179;120,7696,0.900746;119,12755,0.917164
79,34676;378,76243,1;53,5266,0.945149;63,8546,0.983582;110,7531,0.889179;119,12352,0.917164
80,34977;393,77560,1;42,5412,0.910448;72,9338,0.984701;125,8220,0.911567;128,12899,0.927612
78,34482;378,76403,1;53,5234,0.919776;62,8578,0.98694;109,7199,0.903358;118,11887,0.916418
77,34067;377,75302,0.999254;55,5373,0.932836;55,8342,0.981343;92,7027,0.894776;105,11778,0.917537
81,34882;384,77442,0.998507;49,5131,0.935448;71,8763,0.989179;118,7716,0.90709;117,12737,0.920149
80,34944;376,75213,0.998507;36,5424,0.933209;45,8626,0.985448;77,7357,0.890299;128,12695,0.919403
86,34873;381,76316,1;59,5210,0.944776;69,8314,0.984701;114,7551,0.902239;117,11898,0.917537
86,34721;382,76275,1;50,4701,0.93806;60,8244,0.984701;105,6909,0.9;109,11976,0.918284
86,34885;376,75729,0.999627;37,5307,0.945149;48,8583,0.989552;112,7422,0.879851;99,12796,0.914552
85,34809;341,75888,1;34,4957,0.94291;44,8208,0.979478;74,7314,0.886194;101,11598,0.913806
85,34998;348,76144,1;54,5334,0.932836;78,9147,0.983582;104,7508,0.890299;131,12684,0.919776
85,34707;353,77176,1;51,5209,0.944403;67,8017,0.983582;103,7091,0.894403;111,11865,0.910075
86,35064;386,77791,0.999254;49,6051,0.959701;70,9200,0.983582;122,8345,0.895896;139,14044,0.920149
85,34981;354,76676,1;54,5830,0.945896;77,9557,0.984701;105,7863,0.888806;93,13769,0.912687
79,34645;386,75738,1;34,4953,0.944403;61,8006,0.981716;103,6939,0.891418;116,11527,0.912313
78,34792;384,77614,0.999627;53,5024,0.942537;71,8666,0.982836;110,7382,0.885448;116,12617,0.91791
79,34957;385,77330,1;55,5435,0.949254;73,8777,0.981343;128,8182,0.897761;123,13014,0.91791
78,34207;382,76752,1;52,5062,0.937687;62,7807,0.980597;106,6888,0.90597;112,11188,0.924254
81,35067;378,76454,1;61,5791,0.93806;78,9361,0.980597;124,8013,0.910821;130,13290,0.922388
80,34612;376,76566,1;54,5382,0.930597;71,8596,0.985821;113,7231,0.897388;125,12236,0.919403
81,34596;380,76579,0.998507;52,5188,0.921642;72,8688,0.98694;111,7274,0.889179;119,11815,0.915672
68,34520;228,76787,0.999627;46,4666,0.929478;60,7497,0.977612;104,6937,0.887687;112,11332,0.909328
92,34894;213,76177,1;57,5218,0.936194;61,8488,0.985075;112,7229,0.885821;128,12487,0.906343
83,34560;217,77945,1;53,5110,0.926866;63,8310,0.982463;114,7087,0.874627;125,11490,0.90597
84,34634;370,76005,1;55,5209,0.923134;72,8538,0.975;109,7260,0.884328;129,12619,0.903731
91,34585;251,76992,1;49,4784,0.927985;65,7535,0.975;82,6947,0.878731;93,11579,0.908209
86,34930;242,77126,1;55,4986,0.927612;74,8737,0.977239;105,7531,0.864925;134,12739,0.897388
86,34931;356,75946,1;52,4954,0.93694;68,8185,0.976866;123,7581,0.878731;137,12550,0.89291
85,34829;381,76424,1;55,5274,0.940299;71,8857,0.981716;116,7567,0.883582;120,12645,0.897015
83,34634;350,74806,1;50,5106,0.946269;65,7892,0.979104;107,7292,0.873881;120,11838,0.901866
84,34333;352,76195,1;50,4547,0.939179;65,7755,0.979478;95,6811,0.869776;93,11381,0.898134
84,34953;370,77160,1;53,5510,0.941418;72,8907,0.987687;119,7821,0.882836;130,12713,0.899254
84,34880;380,76951,1;53,5135,0.942164;69,8583,0.987313;121,7621,0.872761;128,12527,0.896269
81,34751;232,78857,0.998881;52,4904,0.946642;66,8160,0.981343;103,7136,0.865299;117,11887,0.889925
84,34895;219,78203,1;34,4757,0.934701;42,7925,0.981716;76,7224,0.868284;81,11961,0.892537
83,34513;335,76947,0.998507;34,4632,0.928358;43,7405,0.975373;70,6708,0.866045;73,10914,0.891418
84,34625;357,76906,0.999627;51,5061,0.935821;71,8211,0.975373;111,7071,0.874627;101,11628,0.89291
84,34681;351,75949,0.999254;33,4845,0.93694;45,7971,0.982836;85,7043,0.879478;120,11837,0.895149
85,34915;348,75124,1;50,5035,0.930597;69,8474,0.976866;118,7695,0.873134;120,12531,0.891418
82,34561;355,76503,0.999627;39,4535,0.945149;67,7397,0.98097;101,6636,0.866791;106,11041,0.890299
84,34680;352,76242,0.998881;45,4588,0.932463;50,7633,0.981343;75,6846,0.864179;77,11626,0.889179
84,34842;292,77773,1;56,5150,0.933955;60,8664,0.984701;85,7209,0.875;110,11929,0.893657
84,34723;215,76043,1;55,5057,0.94291;64,8303,0.978731;106,6807,0.870522;122,11948,0.891045
83,34720;215,76802,0.999254;50,4687,0.938806;66,7648,0.981343;111,7225,0.88097;113,12215,0.899254
84,34879;282,77005,0.999627;51,4842,0.925373;68,8338,0.985821;84,7164,0.885075;79,11834,0.893284
83,34808;356,77748,1;36,4831,0.925;61,8263,0.979851;98,7158,0.861194;80,11978,0.885821
84,34698;356,77514,0.999627;55,5009,0.943284;66,7831,0.987687;105,6839,0.884328;78,11464,0.901119
78,34579;352,76413,0.999627;46,4759,0.94403;58,7847,0.984328;103,6951,0.889179;115,11519,0.903358
79,34791;383,76849,1;56,5234,0.930597;70,8665,0.985448;116,7334,0.874254;129,12491,0.890672
80,34971;365,75875,0.999627;54,4881,0.951119;66,8011,0.981716;110,7199,0.877239;122,11977,0.88694
78,34844;361,76614,1;55,5014,0.938433;60,7949,0.985075;85,7061,0.86306;92,12340,0.891418
79,34799;354,76458,0.999254;45,4991,0.945896;45,8281,0.984701;79,7476,0.872761;81,12038,0.887687
80,34901;358,77655,0.999627;37,5412,0.944403;46,8574,0.98209;80,7514,0.86791;116,13564,0.888806
84,34916;369,76764,0.999627;53,5031,0.942164;58,8531,0.98806;98,7530,0.871269;112,12617,0.884701
84,34551;214,75791,1;35,4886,0.936567;68,7947,0.988806;120,7445,0.875373;94,12281,0.886194
81,33936;213,76033,0.998507;36,4057,0.95;64,6755,0.989179;89,6066,0.860075;103,10988,0.885821
79,32717;216,77669,1;27,3249,0.945149;32,5478,0.973134;53,5015,0.858209;85,9255,0.881716
71,30582;217,76895,1;40,2599,0.957463;49,4914,0.976866;66,4154,0.865299;83,8077,0.88694
68,30441;217,77039,0.999627;28,2177,0.953358;39,3979,0.98694;62,3882,0.875;75,7005,0.887313
58,25905;218,77387,1;29,1817,0.953731;33,3209,0.983582;47,2914,0.859328;52,4968,0.88209
60,23295;215,76087,0.999254;26,1356,0.969776;28,2803,0.984328;41,2554,0.867537;53,5100,0.881343
48,21242;270,77569,1;18,813,0.966418;21,1732,0.984701;24,1577,0.872388;29,2941,0.88209
16,7385;386,77242,1;16,385,0.958955;17,642,0.985821;10,662,0.873134;10,1018,0.884328
23,10043;310,76258,1;18,286,0.965299;8,460,0.980224;7,495,0.874254;9,882,0.885075
14,6172;382,76695,0.999627;13,248,0.966045;14,455,0.983209;9,559,0.873134;10,978,0.884701
7,3308;248,75378,1;20,193,0.966418;9,344,0.982463;5,362,0.871269;7,719,0.883209
