19,13695;54,14074,0.99759;27,6010,0.96506;34,8904,0.983133;38,6659,0.985542;39,7420,0.993976
20,13723;52,13419,0.998795;14,2864,0.909639;22,4758,0.978313;22,3923,0.920482;22,4227,0.93253
20,13751;54,14099,1;15,2996,0.881928;24,5014,0.968675;25,4249,0.878313;25,5018,0.884337
20,13715;53,13735,0.996386;17,3212,0.949398;24,4933,0.972289;23,4108,0.880723;20,4748,0.892771
20,13743;55,14126,0.99759;10,2998,0.872289;14,5151,0.93012;17,4308,0.890361;25,4895,0.913253
20,13738;61,14112,1;18,3166,0.914458;24,5128,0.980723;25,4125,0.843373;24,4595,0.887952
20,13726;54,13888,0.995181;16,3053,0.893976;23,5144,0.983133;26,4439,0.866265;26,4978,0.9
20,13720;52,13909,0.986747;16,3193,0.903614;23,4881,0.978313;26,4230,0.874699;25,4975,0.881928
20,13723;48,13821,0.996386;17,3169,0.89759;23,5098,0.979518;21,4263,0.866265;24,5072,0.885542
20,13744;49,14342,0.998795;15,3040,0.862651;22,5185,0.971084;27,4421,0.878313;30,5102,0.895181
20,13748;50,14194,0.996386;17,3178,0.896386;27,5485,0.972289;25,4164,0.877108;26,5085,0.9
20,13762;49,14161,0.99759;19,3323,0.920482;23,5235,0.983133;24,4249,0.846988;26,4930,0.890361
20,13734;49,14332,0.99759;20,3320,0.933735;26,5463,0.979518;27,4470,0.86988;21,5104,0.892771
20,13723;49,14319,0.998795;16,3089,0.915663;24,5197,0.963855;27,4464,0.862651;28,5347,0.892771
20,13747;49,14292,0.987952;17,3498,0.944578;26,5736,0.974699;27,4582,0.873494;27,5187,0.893976
20,13750;49,14112,0.995181;17,3266,0.910843;22,5023,0.945783;24,4362,0.875904;24,4926,0.895181
20,13755;48,14057,0.993976;15,3272,0.916867;22,5119,0.950602;23,4224,0.850602;25,5042,0.877108
20,13744;47,13693,0.993976;15,3273,0.936145;22,5252,0.955422;26,4583,0.836145;25,5083,0.848193
20,13761;62,14055,0.995181;16,3494,0.931325;23,5396,0.966265;25,4544,0.843373;26,5144,0.898795
20,13734;51,14763,1;16,3096,0.921687;21,4677,0.957831;26,4480,0.880723;24,4647,0.892771
20,13721;47,13708,0.99759;15,3181,0.937349;19,5152,0.977108;24,4084,0.859036;24,4660,0.893976
20,13761;49,14201,0.992771;17,3342,0.920482;23,5226,0.983133;25,4413,0.854217;25,5040,0.884337
20,13729;47,14037,0.995181;16,3393,0.918072;24,5357,0.955422;35,4427,0.861446;27,5244,0.908434
20,13748;47,13793,0.992771;15,3136,0.907229;24,5225,0.949398;26,4390,0.861446;26,5061,0.889157
20,13750;49,14271,0.991566;16,3194,0.927711;24,5270,0.974699;25,4320,0.874699;27,5147,0.901205
20,13749;48,13944,0.995181;17,3312,0.916867;23,5204,0.973494;25,4381,0.890361;25,4903,0.907229
20,13754;48,14166,0.996386;16,3163,0.878313;25,5410,0.954217;24,4281,0.848193;26,5144,0.889157
20,13760;49,14394,0.998795;16,3190,0.874699;25,5287,0.933735;23,4178,0.813253;25,5063,0.871084
20,13752;47,13685,0.995181;17,3584,0.936145;41,5262,0.962651;20,4407,0.808434;24,5024,0.86988
20,13755;48,13619,0.991566;17,3249,0.919277;26,5515,0.984337;27,4233,0.872289;26,4816,0.913253
20,13731;48,14168,0.992771;17,3225,0.910843;24,5171,0.971084;25,4181,0.849398;26,5015,0.877108
20,13744;49,14011,0.986747;17,3309,0.907229;24,5259,0.972289;26,4300,0.874699;26,4674,0.877108
20,13714;51,13720,0.991566;16,3142,0.90241;25,5203,0.977108;26,4311,0.866265;27,5056,0.891566
20,13712;48,13713,0.995181;17,3229,0.926506;33,5331,0.977108;26,4349,0.844578;26,4882,0.892771
20,13757;56,14747,0.989157;16,3276,0.903614;25,5451,0.951807;28,4670,0.862651;27,5258,0.878313
20,13770;55,14183,0.996386;18,3512,0.93012;26,5660,0.973494;25,4489,0.866265;25,5181,0.883133
20,13735;55,14246,0.99759;16,3299,0.93253;25,5373,0.981928;40,4279,0.83012;26,4900,0.872289
20,13748;56,14507,0.99759;16,3215,0.913253;25,5362,0.971084;27,4440,0.846988;28,5204,0.855422
20,13747;57,14665,0.995181;17,3342,0.901205;23,5186,0.972289;27,4571,0.848193;27,5353,0.856627
20,13771;54,14024,0.995181;18,3726,0.944578;26,5760,0.991566;25,4358,0.843373;27,5204,0.878313
20,13749;54,14120,0.972289;18,3369,0.933735;23,5245,0.981928;26,4415,0.856627;25,5061,0.874699
20,13748;54,14033,1;16,3428,0.951807;25,5675,0.991566;26,4557,0.86988;26,5257,0.896386
21,13754;52,13754,0.987952;15,3275,0.962651;22,5444,0.981928;20,4265,0.866265;25,5129,0.9
21,13755;55,14278,0.989157;17,3592,0.915663;17,5319,0.966265;20,4642,0.879518;26,5350,0.915663
21,13747;53,14008,0.992771;16,3315,0.918072;23,5291,0.971084;24,4427,0.868675;24,5005,0.9
21,13769;54,13910,1;15,3053,0.916867;15,5052,0.971084;20,4159,0.863855;24,4955,0.889157
21,13742;53,13929,0.996386;16,3420,0.922892;23,5136,0.971084;24,4210,0.853012;23,4831,0.866265
21,13782;54,14021,0.996386;16,3425,0.906024;23,5393,0.963855;24,4276,0.821687;25,5113,0.874699
21,13749;48,14222,0.992771;17,3457,0.921687;24,5455,0.972289;27,4745,0.887952;28,5198,0.892771
21,13767;49,14117,0.995181;17,3364,0.904819;16,5792,0.985542;18,4728,0.874699;26,5148,0.875904
21,13742;48,13829,0.984337;18,3403,0.93494;25,5319,0.989157;26,4523,0.893976;26,4871,0.889157
21,13766;48,13925,0.996386;18,3271,0.919277;39,5311,0.971084;27,4427,0.890361;27,5190,0.89759
21,13764;49,14336,0.995181;18,3245,0.901205;26,5415,0.974699;26,4428,0.891566;26,4970,0.891566
21,13755;51,14749,0.996386;18,3527,0.940964;25,5385,0.956627;28,4526,0.881928;28,5305,0.907229
21,13754;48,14209,0.99759;18,3334,0.936145;26,5457,0.978313;26,4428,0.855422;28,5193,0.874699
20,13765;49,14086,0.995181;18,3401,0.936145;25,5081,0.93253;24,4419,0.851807;25,4888,0.860241
20,13764;55,14305,0.99759;21,3648,0.924096;27,5541,0.959036;29,4748,0.880723;29,5423,0.871084
20,13727;54,13654,0.992771;17,3348,0.927711;25,5550,0.980723;27,4649,0.884337;27,5319,0.892771
20,13749;56,14471,0.995181;18,3452,0.957831;23,5193,0.96747;27,4528,0.883133;29,5441,0.889157
20,13761;56,14271,0.998795;17,3032,0.884337;26,5418,0.984337;28,4614,0.893976;28,5266,0.914458
20,13729;55,14476,0.995181;18,3301,0.889157;25,5417,0.984337;27,4587,0.895181;28,5333,0.906024
20,13751;55,14230,0.998795;19,3680,0.962651;25,5522,0.96747;27,4644,0.896386;28,5482,0.892771
20,13748;55,14281,0.995181;19,3549,0.960241;26,5642,0.974699;26,4429,0.906024;27,5214,0.904819
33,13757;55,13919,0.996386;11,3400,0.937349;24,5734,0.985542;18,4557,0.904819;28,5340,0.910843
20,13754;54,13703,0.99759;16,3187,0.943373;25,5474,0.981928;26,4498,0.891566;25,4857,0.871084
20,13741;55,14440,0.996386;22,3076,0.890361;24,5372,0.957831;25,4254,0.872289;43,5227,0.879518
20,13761;56,14652,0.991566;28,3600,0.909639;27,5767,0.954217;27,4405,0.801205;30,5686,0.887952
20,13782;53,13990,0.995181;18,3507,0.918072;28,5788,0.96988;27,4718,0.896386;26,5131,0.901205
24,13761;54,14199,0.995181;17,3306,0.910843;27,5729,0.985542;21,4341,0.86506;23,5173,0.901205
20,13766;56,14284,0.987952;19,3646,0.943373;26,5583,0.990361;29,4664,0.881928;28,5272,0.909639
20,13757;54,13743,0.995181;18,3349,0.918072;20,5332,0.96506;25,4350,0.903614;26,4852,0.895181
20,13800;55,14342,0.974699;19,3638,0.93012;27,5795,0.977108;27,4700,0.861446;26,5269,0.895181
20,13757;58,14880,0.973494;16,3404,0.943373;23,5308,0.977108;26,4540,0.889157;26,5126,0.896386
20,13761;54,14176,0.993976;17,3412,0.915663;26,5969,0.981928;26,4491,0.86506;25,4901,0.850602
20,13768;55,13924,0.996386;22,3238,0.915663;22,5191,0.971084;26,4216,0.868675;28,5254,0.891566
20,13741;57,14282,0.99759;15,2924,0.881928;23,4828,0.943373;26,4331,0.850602;19,4853,0.878313
23,13757;56,14541,0.998795;18,3473,0.919277;27,5912,0.979518;30,4717,0.862651;20,5451,0.896386
20,13773;56,14236,0.993976;20,3741,0.931325;26,5919,0.984337;27,4502,0.86747;22,5452,0.909639
20,13770;56,14178,0.996386;17,3282,0.907229;24,5573,0.955422;28,4631,0.856627;27,5082,0.907229
20,13760;80,14192,0.984337;18,3373,0.9;26,5724,0.978313;27,4492,0.885542;27,5033,0.887952
20,13730;54,13655,0.986747;16,3090,0.893976;24,4972,0.971084;24,4170,0.883133;25,4623,0.901205
20,13748;55,14175,0.990361;17,3153,0.910843;25,5413,0.975904;26,4346,0.866265;26,5002,0.871084
20,13663;53,14058,0.995181;16,3139,0.920482;23,4855,0.96506;24,4058,0.883133;26,4910,0.890361
20,13746;57,14558,0.995181;17,3209,0.916867;24,5166,0.978313;26,4330,0.86506;25,4742,0.861446
20,13779;50,13699,1;17,3407,0.914458;27,5795,0.972289;28,4630,0.851807;29,5262,0.877108
20,13744;48,14038,0.996386;18,3509,0.926506;24,5379,0.972289;39,4621,0.86747;27,5202,0.873494
20,13769;50,14275,0.991566;17,3276,0.909639;25,5510,0.979518;28,4460,0.853012;27,5334,0.857831
20,13769;49,14277,1;17,3450,0.883133;25,5711,0.961446;27,4706,0.833735;27,5426,0.874699
20,13746;49,14102,0.99759;16,3172,0.919277;24,5310,0.973494;26,4607,0.861446;26,5123,0.884337
21,13777;50,14354,0.995181;18,3489,0.878313;25,5512,0.975904;29,4853,0.893976;36,5299,0.863855
20,13750;50,14088,0.990361;17,3550,0.942169;25,5594,0.974699;25,4366,0.884337;25,4857,0.90241
20,13753;49,14092,0.996386;15,3018,0.889157;23,5128,0.977108;24,4292,0.891566;15,4616,0.910843
28,13775;51,14265,0.99759;19,3481,0.924096;26,5455,0.962651;27,4477,0.83494;27,5265,0.910843
21,13752;49,14080,0.992771;18,3301,0.903614;26,5465,0.972289;28,4713,0.863855;27,5093,0.898795
20,13771;48,13956,0.99759;18,3398,0.914458;19,5352,0.96988;24,4274,0.849398;24,4805,0.881928
20,13746;48,13826,0.985542;16,3240,0.931325;23,5105,0.940964;25,4365,0.820482;25,4958,0.853012
20,13781;51,14216,0.99759;17,3692,0.942169;43,5812,0.983133;28,4716,0.868675;29,5437,0.895181
20,13769;54,14003,0.993976;18,3581,0.922892;27,5705,0.956627;29,4788,0.893976;26,5268,0.903614
20,13763;49,14019,0.991566;18,3633,0.907229;26,5705,0.973494;26,4315,0.822892;28,5295,0.895181
20,13759;49,14122,0.998795;21,3328,0.927711;24,5298,0.96988;29,4738,0.904819;25,4857,0.907229
20,13750;50,14394,0.989157;15,3621,0.948193;27,5641,0.974699;28,4512,0.89759;28,5378,0.9
20,13760;48,13821,0.995181;17,3392,0.938554;25,5516,0.96747;27,4532,0.901205;28,5186,0.921687
20,13768;49,14148,0.998795;16,3201,0.939759;23,5102,0.96988;23,4033,0.874699;24,4704,0.890361
20,13765;50,14355,0.99759;16,3287,0.904819;24,5411,0.968675;26,4417,0.862651;24,4818,0.863855
20,13742;48,13750,0.989157;17,3348,0.926506;26,5329,0.980723;25,4308,0.859036;16,4889,0.895181
20,13737;50,14511,0.993976;17,3367,0.943373;24,5268,0.977108;26,4297,0.872289;27,5024,0.89759
20,13746;49,14083,0.998795;18,3553,0.959036;25,5431,0.987952;27,4469,0.877108;19,5103,0.901205
20,13745;48,13704,1;12,3249,0.910843;24,5346,0.944578;27,4448,0.885542;27,4997,0.892771
20,13760;49,13893,0.989157;19,3522,0.944578;26,5361,0.978313;26,4453,0.884337;31,5084,0.878313
21,13753;53,13849,0.991566;15,3191,0.872289;23,5222,0.957831;26,4466,0.886747;26,5226,0.918072
20,13777;55,14049,0.995181;17,3502,0.928916;23,5406,0.953012;24,4480,0.880723;26,5170,0.903614
20,13742;55,14025,0.998795;16,3237,0.93012;22,5154,0.943373;22,4040,0.863855;23,4688,0.883133
20,13760;57,13774,0.996386;16,3316,0.896386;23,5176,0.960241;22,4062,0.871084;24,4680,0.887952
20,13744;55,14394,0.996386;16,3139,0.918072;22,5122,0.980723;22,4043,0.862651;24,4798,0.918072
20,13761;56,14600,0.998795;17,3348,0.906024;24,5388,0.974699;26,4562,0.863855;26,5104,0.906024
20,13756;56,14437,1;18,3499,0.948193;27,5719,0.972289;27,4525,0.908434;27,5199,0.889157
20,13766;55,14302,0.996386;18,3492,0.910843;26,5848,0.963855;27,4538,0.893976;27,5073,0.86747
20,13750;55,14302,0.995181;18,3398,0.949398;25,5520,0.973494;26,4512,0.892771;26,5016,0.879518
20,13738;55,14043,0.993976;16,3274,0.928916;40,5394,0.980723;26,4588,0.893976;26,5074,0.90241
20,13734;52,13415,0.979518;18,3390,0.943373;24,5195,0.961446;26,4195,0.86506;26,5166,0.901205
20,13734;54,13936,0.974699;17,3272,0.918072;23,5197,0.940964;25,4315,0.86988;27,5057,0.875904
20,13780;56,14311,0.995181;18,3581,0.885542;25,5393,0.945783;41,4820,0.86747;26,5043,0.83494
20,13710;67,13877,0.99759;16,3217,0.914458;24,5164,0.975904;25,4210,0.896386;26,4861,0.903614
20,13774;55,14099,0.996386;20,3758,0.954217;28,6069,0.989157;26,4378,0.89759;28,5243,0.926506
20,13767;55,14035,0.99759;18,3310,0.940964;25,5569,0.978313;24,4211,0.846988;25,4789,0.90241
20,13766;52,13231,0.989157;17,3445,0.946988;26,5511,0.971084;27,4328,0.836145;28,4874,0.895181
20,13778;54,13967,0.992771;16,3308,0.871084;21,5608,0.963855;21,4735,0.898795;28,5262,0.89759
20,13745;53,13868,0.991566;17,3262,0.906024;24,5106,0.963855;24,4095,0.877108;26,4918,0.906024
20,13767;55,14064,0.998795;17,3223,0.93012;23,5005,0.950602;26,4076,0.814458;25,4869,0.856627
20,13762;53,13761,0.99759;17,3185,0.906024;29,5727,0.975904;30,4633,0.909639;27,5055,0.893976
20,13756;54,13990,0.998795;16,3269,0.907229;25,5463,0.944578;25,4413,0.912048;26,4908,0.889157
20,13728;45,14265,0.998795;16,3241,0.90241;23,5375,0.979518;24,4294,0.906024;25,4939,0.892771
20,13678;51,14213,0.990361;14,3184,0.938554;23,5160,0.975904;24,4213,0.896386;24,4736,0.898795
20,13575;53,13808,0.996386;14,2758,0.93494;20,4354,0.962651;21,3647,0.883133;23,4378,0.877108
19,13194;49,14295,0.989157;13,2349,0.949398;17,3557,0.962651;19,3254,0.887952;20,4022,0.886747
21,12923;50,14421,0.99759;9,1811,0.945783;18,2961,0.956627;16,2882,0.883133;17,3469,0.879518
17,10743;49,13976,0.990361;7,1287,0.93494;10,2053,0.959036;11,1862,0.86506;12,2357,0.874699
13,8410;61,13597,0.995181;6,793,0.951807;8,1414,0.948193;7,1293,0.86988;9,1711,0.862651
13,8400;54,13771,1;14,745,0.963855;7,1249,0.956627;8,1337,0.86747;8,1512,0.86988
11,7116;53,13802,0.998795;3,539,0.948193;6,1058,0.950602;6,1031,0.856627;7,1330,0.862651
8,4826;56,14672,1;3,415,0.940964;4,731,0.951807;4,658,0.856627;4,851,0.86747
6,3891;51,14700,1;2,190,0.949398;3,395,0.954217;2,383,0.846988;2,508,0.861446
3,2321;50,14369,0.995181;1,124,0.950602;2,239,0.953012;1,211,0.846988;1,287,0.859036
1,1118;49,14145,0.995181;1,68,0.93253;1,158,0.942169;1,153,0.844578;1,212,0.859036
