13,19900;60,16793,0.995;33,7512,0.963;44,10855,0.994;49,7631,0.949;50,9318,0.987
13,18673;65,17950,0.991;15,2506,0.945;17,3892,0.974;22,3402,0.917;23,4365,0.951
13,18683;61,17198,0.998;13,2231,0.935;19,3936,0.966;21,3209,0.893;23,4515,0.925
13,18491;62,17617,0.991;13,2198,0.938;17,3669,0.975;20,3055,0.891;16,3874,0.898
13,18173;74,17204,0.996;11,2069,0.951;18,3757,0.973;20,3135,0.879;21,4035,0.882
13,18139;60,17232,0.991;12,2064,0.939;16,3428,0.978;20,3067,0.88;21,4116,0.894
13,18644;61,17502,0.995;15,2349,0.93;20,4079,0.974;22,3303,0.865;24,4544,0.881
13,19114;63,17759,0.995;16,2195,0.939;17,3704,0.975;21,3401,0.841;23,4540,0.864
13,18777;63,17508,0.994;13,2411,0.948;17,3788,0.969;21,3406,0.853;21,4313,0.869
13,19100;60,16972,0.992;11,2165,0.939;17,3689,0.961;20,3258,0.853;22,4338,0.865
13,17803;63,17780,0.99;11,2123,0.932;18,3952,0.982;18,2934,0.835;20,4067,0.866
13,18193;61,17586,0.978;13,2283,0.938;19,4036,0.972;21,3320,0.84;23,4450,0.867
13,18363;60,17156,0.997;13,2329,0.938;18,3788,0.957;19,3076,0.819;22,4258,0.855
13,17718;59,17054,0.985;15,2446,0.916;20,4344,0.963;22,3417,0.826;22,4408,0.861
13,17703;59,17544,0.985;13,2328,0.933;16,3446,0.968;21,2936,0.821;19,3872,0.854
13,18311;59,16842,0.991;16,2355,0.92;25,3795,0.969;20,3081,0.825;22,4183,0.871
13,18597;61,17616,0.982;14,2356,0.928;21,4069,0.96;20,3089,0.821;23,4282,0.853
13,18554;60,17423,0.995;18,2370,0.926;19,3756,0.949;20,3189,0.809;21,4057,0.836
13,18809;59,17464,0.989;17,2591,0.919;21,4615,0.951;24,3679,0.784;26,4749,0.806
13,18235;61,17287,0.993;16,2513,0.907;19,3931,0.929;23,3528,0.791;26,4779,0.837
14,18819;60,17265,0.989;14,2450,0.923;20,4035,0.933;23,3511,0.801;25,4602,0.829
13,18435;62,17880,0.991;15,2490,0.908;21,4388,0.931;24,3683,0.795;25,4644,0.843
13,17885;59,16907,0.992;18,2665,0.896;21,4069,0.962;20,3242,0.815;21,3954,0.855
13,18234;59,17248,0.996;16,2639,0.874;23,3918,0.942;22,3432,0.828;21,4095,0.85
13,18113;61,17700,0.996;16,2652,0.881;35,4342,0.967;22,3440,0.806;22,4125,0.834
13,18600;60,17453,1;15,2351,0.892;19,3851,0.94;19,3073,0.818;19,3740,0.828
13,18512;59,16947,0.988;15,2442,0.904;21,4402,0.968;21,3410,0.801;23,4395,0.843
13,18606;58,16662,0.995;15,2334,0.913;19,3669,0.978;22,3468,0.827;23,4189,0.838
14,19096;64,16983,0.993;17,2839,0.951;23,4474,0.937;24,3759,0.825;25,4684,0.852
14,18297;59,16902,0.999;15,2439,0.927;22,4094,0.98;22,3393,0.821;23,4226,0.875
14,18613;59,16861,0.995;19,3216,0.932;24,4856,0.975;26,3959,0.808;28,5135,0.876
14,18378;57,16373,0.989;16,2504,0.883;23,4319,0.932;23,3643,0.838;24,4319,0.869
13,18778;67,16794,0.992;18,2856,0.914;25,4670,0.956;24,3822,0.851;23,4121,0.873
14,18653;53,16387,0.996;20,2661,0.891;22,4156,0.94;22,3599,0.852;22,4019,0.888
14,18618;54,16891,0.999;15,2437,0.895;23,4474,0.972;23,3565,0.859;22,4245,0.894
14,18372;55,16952,0.995;17,2541,0.894;24,4372,0.961;24,3693,0.873;23,4190,0.876
13,17985;54,16653,0.973;15,2632,0.922;21,4067,0.953;21,3396,0.855;20,3705,0.869
13,18042;55,16777,0.994;15,2387,0.925;21,4145,0.976;22,3445,0.829;14,4130,0.881
14,18718;55,16927,0.993;13,2848,0.921;22,4255,0.974;22,3523,0.813;22,4023,0.891
13,18049;55,16802,0.999;16,2545,0.907;25,4494,0.98;21,3284,0.832;24,4383,0.897
13,18290;55,17088,0.995;19,2695,0.941;25,4436,0.956;22,3526,0.866;22,4206,0.905
14,18819;54,16615,0.993;17,2879,0.922;21,4336,0.932;29,3747,0.872;25,4355,0.884
13,18035;55,16505,0.999;18,2556,0.931;20,3853,0.908;22,3415,0.862;23,4192,0.894
13,18581;54,16740,0.969;14,2481,0.92;27,4636,0.964;22,3494,0.85;22,4090,0.881
13,18237;54,16695,0.988;19,2789,0.926;22,4561,0.969;22,3614,0.87;24,4434,0.894
13,18238;56,17202,0.996;22,2943,0.942;25,4707,0.971;23,3686,0.88;23,4339,0.895
14,18812;54,16804,0.982;20,2955,0.892;24,4764,0.947;24,3716,0.815;26,4732,0.903
14,18590;56,17097,0.986;19,3091,0.892;23,4729,0.985;23,3630,0.848;24,4274,0.905
14,19037;55,17203,0.99;28,2851,0.891;22,4361,0.938;23,3742,0.801;26,4751,0.891
14,18854;54,16966,0.995;18,2926,0.928;22,4648,0.977;24,3863,0.872;25,4606,0.911
14,18900;55,17288,0.99;19,3050,0.954;27,5259,0.977;36,4147,0.895;26,4986,0.914
13,18283;56,17527,0.997;17,2770,0.916;20,4221,0.967;22,3723,0.89;23,4225,0.902
13,18016;54,17309,0.993;18,2835,0.941;22,4404,0.96;21,3360,0.876;23,4244,0.907
13,17888;55,17213,0.998;18,2687,0.94;21,4096,0.96;23,3623,0.894;23,4224,0.925
14,18336;54,16904,0.999;17,2747,0.943;26,4647,0.983;22,3576,0.898;21,3893,0.924
14,18637;60,17476,0.993;19,2836,0.912;23,4796,0.979;24,3815,0.9;23,4298,0.923
13,18063;85,16724,0.994;15,2413,0.88;22,4313,0.982;23,3618,0.886;22,4360,0.907
14,18430;59,17084,0.994;13,2940,0.929;43,4620,0.968;23,3887,0.88;24,4397,0.913
14,18394;59,17000,0.997;16,2634,0.901;20,4218,0.962;19,3541,0.87;15,4250,0.903
14,18822;59,17186,0.996;15,2924,0.914;18,4550,0.953;31,3563,0.868;22,4273,0.888
13,18000;76,17132,0.997;19,2767,0.92;22,4354,0.966;20,3397,0.87;20,4137,0.898
14,18104;59,17357,0.993;19,2744,0.888;17,4607,0.986;19,3741,0.861;23,4339,0.9
14,18414;60,17211,0.988;18,2820,0.923;21,4260,0.964;23,3558,0.883;22,4089,0.895
14,18108;61,17468,0.994;15,2451,0.919;23,4492,0.978;20,3236,0.902;15,3960,0.878
13,17966;60,17268,0.991;20,2587,0.915;29,4762,0.965;22,3445,0.872;23,4283,0.891
13,18064;58,16408,0.994;14,2500,0.94;20,3879,0.984;20,3223,0.876;21,3949,0.886
13,18158;59,16834,0.999;18,2546,0.904;24,4366,0.979;22,3542,0.889;23,4150,0.889
13,18132;59,17001,0.997;17,2651,0.908;22,4566,0.976;30,3499,0.862;26,4246,0.879
14,19025;57,16300,0.999;17,2346,0.875;21,4247,0.963;22,3536,0.903;23,4232,0.857
14,18493;59,16704,0.996;15,2455,0.925;21,3914,0.933;21,3206,0.845;21,3866,0.879
14,18673;59,16953,0.996;16,2667,0.928;22,4341,0.918;23,3546,0.807;23,4330,0.873
14,18418;58,16439,0.99;19,2530,0.898;22,4262,0.958;21,3266,0.8;23,4181,0.87
13,18142;60,17317,0.994;17,2406,0.897;21,3886,0.943;21,3272,0.863;20,3689,0.841
14,19322;56,17414,0.976;18,2930,0.939;24,4879,0.973;25,3938,0.87;28,4606,0.871
13,18619;55,17223,0.999;15,2657,0.907;22,4534,0.951;26,3399,0.85;27,4325,0.895
14,19010;55,16938,0.995;17,2661,0.925;21,4639,0.981;24,3649,0.872;24,4442,0.902
14,18473;60,17288,0.988;18,2723,0.914;24,4507,0.96;21,3363,0.828;24,4455,0.892
14,18851;58,16621,0.99;14,2802,0.922;15,4537,0.951;26,3989,0.867;25,4567,0.895
14,18565;58,16969,0.984;18,2645,0.924;24,4602,0.969;21,3455,0.866;22,4038,0.863
14,18352;60,17522,0.994;15,2483,0.906;22,4257,0.979;22,3471,0.87;24,4496,0.876
14,18759;58,16878,0.993;16,2778,0.927;15,4380,0.963;15,3632,0.862;14,4230,0.889
14,18907;59,17167,0.988;15,2724,0.948;21,4239,0.957;21,3315,0.848;22,4113,0.86
14,18727;60,17379,0.997;19,2763,0.926;22,4450,0.955;23,3588,0.87;23,4331,0.856
14,18807;60,17560,0.995;16,2825,0.926;22,4678,0.969;24,3724,0.858;24,4472,0.856
22,19103;60,17474,0.987;17,3039,0.943;23,4821,0.947;26,3984,0.873;25,4954,0.864
14,18829;57,16781,0.995;19,3001,0.933;23,4940,0.976;25,3754,0.864;27,4987,0.903
14,18500;60,17428,0.998;18,2557,0.934;23,4442,0.976;23,3629,0.849;25,4634,0.899
14,18465;61,17821,0.996;16,2714,0.9;22,4782,0.975;26,4002,0.869;27,5003,0.89
14,18739;61,17821,0.996;20,3217,0.928;22,4597,0.973;26,3964,0.877;27,5044,0.901
19,18791;64,18671,0.985;16,3028,0.92;24,4670,0.976;24,3673,0.877;27,5013,0.907
13,17743;61,18060,0.996;14,2473,0.896;23,4342,0.954;20,3137,0.837;22,4263,0.873
13,17759;63,17467,0.986;15,2500,0.884;23,4568,0.942;22,3507,0.829;27,4842,0.869
14,18660;59,17353,0.993;25,2679,0.882;23,4397,0.917;34,3514,0.832;25,4712,0.906
14,19376;59,17281,0.986;23,2893,0.885;29,5035,0.971;34,4204,0.87;34,5106,0.869
14,18548;62,17947,0.997;20,2724,0.902;27,4540,0.964;30,3735,0.888;31,4700,0.919
13,18146;49,17340,0.996;20,2559,0.901;30,4208,0.953;29,3507,0.88;30,4612,0.908
14,19073;60,18033,0.99;24,2998,0.911;35,4722,0.943;25,3839,0.861;27,5153,0.897
13,18148;60,17181,0.982;16,2730,0.922;20,4265,0.95;21,3338,0.864;23,4400,0.896
13,18068;61,17960,0.983;15,2510,0.897;23,4418,0.96;38,3369,0.864;23,4398,0.894
14,18774;61,18064,0.99;15,2702,0.899;19,4210,0.945;25,3814,0.857;26,5009,0.889
13,18481;61,17735,0.997;16,2860,0.93;22,4832,0.98;25,3909,0.838;24,4963,0.906
14,18179;61,17820,0.99;30,2946,0.937;29,4692,0.956;24,3705,0.853;29,5005,0.894
14,18849;61,17842,0.994;16,2966,0.936;24,5211,0.968;24,3844,0.865;28,5182,0.898
14,18728;62,18324,0.991;15,2856,0.905;23,5114,0.969;27,4014,0.855;28,5195,0.897
14,18487;61,18199,0.98;16,2930,0.903;22,4937,0.953;26,3865,0.846;29,5349,0.892
15,17719;62,18221,0.993;15,2655,0.926;22,4583,0.968;22,3251,0.821;25,4613,0.891
14,18727;60,17886,0.983;17,3037,0.897;24,5097,0.964;28,4158,0.827;31,5693,0.894
14,18620;61,18132,0.991;17,2946,0.924;21,4815,0.957;26,3979,0.839;29,5398,0.884
13,17900;60,17959,0.982;16,2734,0.907;22,4549,0.961;24,3736,0.851;25,5033,0.901
14,19067;64,18849,0.989;17,3164,0.915;24,5476,0.97;29,4170,0.831;33,6155,0.889
15,18042;62,18625,0.983;17,3103,0.934;14,5014,0.949;28,3944,0.841;32,6010,0.902
14,18206;63,18047,0.993;15,2560,0.886;27,4722,0.971;24,3510,0.845;27,5122,0.889
14,19259;71,18310,0.978;16,3021,0.88;31,5795,0.968;31,4352,0.848;35,6450,0.889
14,18732;56,18259,0.991;19,3257,0.883;24,5480,0.965;28,3938,0.831;32,5952,0.894
14,18233;57,18535,0.985;18,2924,0.893;23,4974,0.962;27,3911,0.82;30,5824,0.892
14,18842;59,19118,0.996;16,3272,0.879;23,5635,0.964;31,4431,0.857;34,6415,0.896
14,18914;57,18612,0.985;17,3059,0.893;15,5214,0.967;24,4111,0.834;26,6290,0.895
14,18477;58,18710,0.976;15,2774,0.917;22,4917,0.97;26,3792,0.833;28,5480,0.882
13,18063;56,18270,0.984;15,2893,0.887;35,4891,0.963;30,4157,0.857;32,5801,0.907
14,18988;57,18482,0.983;19,3223,0.893;25,5459,0.961;30,4379,0.866;40,6300,0.905
14,19293;59,19346,0.979;19,3499,0.909;25,5789,0.953;34,4790,0.858;37,6987,0.905
14,18298;60,19392,0.979;17,3128,0.9;23,5340,0.949;29,4137,0.85;33,6052,0.89
13,17562;63,19008,0.985;15,2840,0.903;22,5059,0.945;27,3740,0.851;30,5466,0.901
14,18553;61,18041,0.981;15,2792,0.893;23,4926,0.944;20,3888,0.866;23,6304,0.906
14,18094;64,19052,0.989;15,2695,0.863;22,4939,0.955;30,3846,0.867;33,5819,0.903
15,18767;62,18722,0.983;17,3406,0.887;24,5600,0.957;32,4293,0.848;35,6405,0.894
15,18928;65,19169,0.987;18,3553,0.899;26,6263,0.967;33,4649,0.852;35,6837,0.898
15,18882;58,19042,0.989;18,3430,0.896;27,5754,0.954;31,4343,0.835;36,7022,0.878
15,18985;61,18530,0.989;15,3223,0.891;23,5770,0.93;32,4294,0.828;38,7013,0.882
19,17200;64,19182,0.987;14,2632,0.898;22,4929,0.941;25,3540,0.84;29,5338,0.894
13,17953;63,19185,0.993;18,3086,0.911;22,5291,0.952;29,3874,0.861;32,5849,0.915
13,18120;65,19558,0.984;15,2900,0.893;24,5523,0.961;32,4175,0.857;33,6136,0.919
14,18747;64,19396,0.978;18,3417,0.875;26,6244,0.961;36,4761,0.872;40,7369,0.91
24,18457;64,19583,0.986;17,3413,0.883;25,5882,0.947;28,3928,0.841;35,6519,0.9
14,18216;64,19112,0.987;14,2967,0.904;21,5372,0.966;29,4021,0.85;33,6033,0.908
10,14025;64,18958,0.98;10,1602,0.879;13,2900,0.946;18,2508,0.837;21,3903,0.888
9,11465;64,19272,0.98;9,1276,0.901;10,2078,0.955;11,1558,0.846;16,3028,0.893
4,5948;61,19795,0.982;5,645,0.902;6,1099,0.946;7,953,0.837;8,1540,0.887
3,4772;60,19491,0.985;3,304,0.901;5,932,0.955;4,532,0.852;5,977,0.899
1,2276;57,18619,0.993;3,131,0.898;4,472,0.957;2,263,0.839;3,665,0.9
