912,674541;1565,439316,0.999828;621,87946,0.936059;731,112470,0.986489;1584,82050,0.88537;1531,116222,0.960929
861,669792;1599,440754,0.999828;487,34827,0.936919;480,52433,0.984079;815,42253,0.892857;875,64476,0.938554
870,668060;1567,443328,0.999828;586,36167,0.929948;542,54506,0.97926;874,41470,0.885714;917,67287,0.926162
914,664800;1406,440755,0.999914;618,37017,0.920052;537,55576,0.97883;651,42653,0.896816;676,66417,0.926334
906,665665;1403,442769,0.999828;529,36818,0.919449;482,57549,0.97599;695,43424,0.893201;699,67761,0.925301
916,665180;1426,447971,0.999914;454,38276,0.921859;506,57936,0.971256;745,43436,0.890017;976,69120,0.922203
914,664694;1407,448608,0.999914;553,38097,0.915146;617,58586,0.975645;1012,43863,0.893546;941,68477,0.91988
882,667431;1416,449579,0.999139;612,39315,0.91136;613,61723,0.968933;993,45353,0.882444;1019,72187,0.918158
938,670363;1428,452891,0.999656;628,40401,0.905852;650,63226,0.972806;1082,47462,0.879948;1189,78893,0.924785
898,667958;1463,450315,0.998881;741,39802,0.9;775,62953,0.966954;1246,46128,0.85611;1139,75955,0.91988
923,669007;1421,452886,0.999053;673,39682,0.897504;693,62699,0.966265;1153,46856,0.845009;1236,75865,0.91704
961,667352;1447,454321,0.999312;773,40679,0.904303;817,63475,0.971084;1317,47107,0.837005;1213,73813,0.903528
930,668264;1437,450984,0.997504;806,40580,0.910671;826,63107,0.968933;1200,47204,0.831583;1056,73261,0.920482
1038,668120;1433,448793,0.999656;553,40503,0.898365;602,64438,0.971601;849,46897,0.824441;835,75852,0.901549
935,666636;1446,446624,0.999484;535,40047,0.906713;606,62168,0.970654;877,47318,0.838468;859,75080,0.91222
947,667573;1450,444822,0.998795;518,39078,0.911188;508,61716,0.971515;861,46278,0.84475;865,76097,0.914114
993,668942;1416,441583,0.998795;616,39648,0.895955;527,62452,0.97074;856,46806,0.87031;836,74021,0.923924
942,668115;1437,441745,0.999398;535,38931,0.910757;561,60080,0.976592;1057,45692,0.876592;1070,73313,0.931067
980,669407;1433,439681,0.999312;722,39495,0.914458;800,60000,0.975129;1118,46007,0.873408;1072,72442,0.916179
945,665930;1434,436275,0.999742;695,37863,0.927194;801,58273,0.978399;1044,45120,0.884337;1104,72221,0.927539
952,670544;1434,434635,0.999656;785,38732,0.924527;702,60030,0.976592;1083,45543,0.890448;1138,73774,0.926162
910,664468;1583,433141,0.999656;744,36811,0.911446;748,56830,0.974182;999,43627,0.882272;1023,69377,0.925129
901,668936;1583,431535,0.999225;723,38000,0.920912;723,57800,0.980637;960,45973,0.871429;841,73468,0.926076
1002,668960;1582,429107,0.999139;679,37285,0.931153;523,56394,0.979518;753,44799,0.889845;743,70166,0.927281
970,669711;1588,430128,0.999828;769,37185,0.925301;585,57685,0.984682;928,44949,0.906885;1014,69686,0.932272
948,665686;1599,430495,0.999914;760,35634,0.940275;660,54689,0.985456;878,41522,0.900258;903,67229,0.941394
898,660594;1588,426746,0.999656;800,34522,0.937866;699,53106,0.985714;893,41407,0.903356;884,64858,0.941566
921,669725;1592,426378,0.999914;846,36047,0.941222;770,54384,0.986231;759,44060,0.900947;715,68120,0.935284
985,663611;1584,425189,1;611,34265,0.936833;497,53627,0.982358;678,41574,0.916523;685,65720,0.942255
959,664620;1578,422758,0.999914;489,34242,0.93821;496,53302,0.983305;651,41763,0.926592;675,65790,0.94957
977,668073;1585,423401,0.999828;529,34075,0.936575;700,53219,0.982616;728,41457,0.919793;643,63982,0.943546
1125,669421;1581,421937,0.999828;745,35361,0.940017;554,52601,0.984423;661,42872,0.929174;865,65847,0.951377
1097,666736;1589,424807,1;709,34343,0.940103;817,52342,0.985112;889,41146,0.92401;849,63319,0.944836
954,668132;1576,422327,1;744,34895,0.930809;784,52980,0.987522;916,42153,0.927108;841,64956,0.944234
946,669046;1574,423852,1;716,34543,0.938296;709,52095,0.985026;884,42208,0.933305;947,66915,0.94346
957,668419;1570,420968,1;685,34654,0.942513;727,52454,0.986145;945,42653,0.937005;706,68326,0.951033
997,664561;1540,419200,1;511,33580,0.938812;546,51097,0.985886;771,41117,0.93821;878,63102,0.946558
1020,665354;1540,419418,0.999914;823,33514,0.945869;649,50536,0.986059;822,40865,0.926076;941,66438,0.945353
1105,667232;1597,421408,1;790,33604,0.945697;829,50755,0.983821;826,42563,0.919105;635,65749,0.937435
1080,669571;1578,425131,0.999828;478,34482,0.944578;504,52206,0.988468;689,42869,0.92401;702,67670,0.939071
1037,668216;1557,418741,0.999656;631,34252,0.94105;507,52022,0.987091;621,42831,0.936575;821,66136,0.945955
1020,667635;1504,421358,0.999914;607,34771,0.942599;700,50538,0.984423;873,42967,0.920654;896,65931,0.946902
985,667140;1426,418637,1;765,33628,0.940534;817,51269,0.984854;746,41280,0.92599;905,67141,0.947504
1264,666280;1436,421490,1;714,34126,0.931067;625,51396,0.985714;866,41794,0.931067;911,65032,0.942341
1090,668328;1435,421100,1;494,34664,0.936059;699,51829,0.987435;896,42770,0.928916;841,67589,0.948107
1067,668196;1451,421749,1;671,34674,0.926248;700,53549,0.985886;775,44100,0.943718;937,66924,0.953528
1038,668267;1440,421986,1;677,34890,0.936833;698,52533,0.989329;687,42977,0.938812;702,71069,0.949139
1009,664600;1465,422397,1;659,34672,0.936403;601,52774,0.988468;576,41719,0.939501;627,65109,0.943287
1003,668483;1493,422276,1;456,34386,0.94062;435,52227,0.985542;708,42828,0.938812;888,67655,0.958692
1005,668215;1436,421558,1;719,35023,0.946041;556,52642,0.98494;609,42576,0.939157;823,66426,0.954045
1048,667400;1437,422662,0.999914;621,35093,0.937091;583,51870,0.984251;708,42318,0.941652;909,66996,0.952754
1053,669640;1416,421499,1;662,35194,0.93864;537,54069,0.98778;804,43815,0.936231;686,67988,0.950172
1499,667248;1407,418397,0.999914;493,34859,0.940275;463,53117,0.986145;656,43569,0.943201;892,67074,0.955422
1132,668932;1435,421146,0.999828;662,35230,0.936489;604,53026,0.986833;837,42605,0.941566;724,67192,0.956454
1046,664115;1465,419166,0.99957;584,33187,0.930465;529,51317,0.984165;639,42817,0.937177;723,66313,0.958348
958,666439;1454,422419,0.999828;697,34977,0.945439;732,53648,0.987866;876,42107,0.933046;892,66796,0.95895
979,658526;1417,418791,1;609,33205,0.936575;691,51112,0.983305;869,41503,0.940448;833,64350,0.957659
1032,662787;1420,420506,1;610,33928,0.934596;663,50858,0.985628;844,42033,0.940792;863,65599,0.953442
1000,661061;1492,420451,0.999914;657,34452,0.942341;657,51100,0.98167;776,41725,0.939501;869,65167,0.960155
1155,660804;1578,423517,1;654,33675,0.932358;601,51602,0.98494;701,41902,0.93778;918,65000,0.958778
934,639627;1540,421869,0.999914;695,31679,0.934337;501,47979,0.983219;781,38286,0.939157;767,57639,0.959552
1008,655429;1396,422740,1;652,32827,0.935886;506,49741,0.987608;649,39903,0.942513;801,61741,0.958262
1031,646635;1420,426155,0.999742;598,32588,0.942599;513,48841,0.981153;600,38236,0.939501;612,60342,0.950861
1026,650532;1422,426220,0.999914;470,33646,0.933219;447,49961,0.984079;701,38892,0.946558;831,59464,0.961618
1000,637906;1585,430016,1;730,32570,0.93012;687,48917,0.983046;691,37933,0.938382;761,56564,0.96136
851,628704;1572,430054,1;722,31072,0.927539;647,47160,0.985198;742,36444,0.94673;771,57096,0.963769
834,635272;1566,427536,1;503,32636,0.92685;435,47384,0.983649;591,36960,0.936575;632,58120,0.961876
828,625668;1573,429914,0.999914;669,31443,0.927453;693,47393,0.987263;670,35749,0.934509;541,55387,0.964974
841,625518;1582,431016,1;544,30494,0.919019;479,46791,0.980809;542,35810,0.935284;564,54870,0.959294
830,618073;1592,432239,1;528,31254,0.924527;493,46251,0.980207;774,35274,0.93012;718,53187,0.960843
894,624957;1575,436140,1;423,30119,0.931325;540,45485,0.980293;752,34461,0.938898;587,53810,0.962651
803,583748;1597,436017,0.999656;819,28111,0.926506;575,41862,0.980981;638,30892,0.94389;585,47304,0.966695
792,594718;1599,437185,0.999828;414,28677,0.928141;421,42928,0.978485;538,32206,0.914544;626,51208,0.968503
796,606899;1610,440695,0.99957;449,28136,0.925473;383,43249,0.974785;718,33680,0.938985;760,54600,0.966351
787,588320;1618,442275,0.999914;447,24261,0.927539;439,39343,0.976678;639,29258,0.934251;574,48746,0.96222
798,530255;1607,442547,0.999914;351,18454,0.932702;340,30271,0.977969;373,23574,0.930895;566,40415,0.958606
682,289300;1622,443265,0.999656;379,9065,0.929948;295,14343,0.977625;209,10456,0.934079;230,18073,0.964114
611,288027;1609,444729,0.999656;303,8078,0.930551;188,12758,0.977194;146,9881,0.932272;158,16800,0.960069
255,102061;1605,441816,0.999742;260,3008,0.93296;176,4271,0.978055;44,3362,0.933735;51,5832,0.961188
174,78353;1599,443320,0.999828;167,1739,0.936317;109,2535,0.978399;28,2197,0.93296;29,3503,0.959983
24,9221;1590,439412,0.999742;178,336,0.936403;126,479,0.978571;4,370,0.93253;4,440,0.960069
