217871,12497500;13035,870187,0.61688;27370,1396739,0.42656;29398,1535046,0.5656;28964,1393876,0.44228;34115,1518021,0.6056
215548,11578102;16265,881133,0.66104;11736,461893,0.48188;13396,538786,0.61356;14550,479224,0.47912;16880,558785,0.64648
213811,11471172;14790,879443,0.69664;13569,451082,0.51632;14022,538792,0.66016;14444,476930,0.51368;19680,555823,0.67732
218885,11711464;13427,878457,0.72444;13959,470419,0.56408;16519,557339,0.70104;16619,489056,0.55456;20449,569291,0.7136
220401,11754607;20128,884613,0.74948;16477,470454,0.5986;15809,552069,0.7274;16548,487258,0.58016;17012,566031,0.73292
218937,11717689;18272,892198,0.77968;13283,464144,0.632;18671,541189,0.75772;15082,482037,0.608;15674,558212,0.76312
218211,11674527;17960,893175,0.81012;11289,445361,0.65244;13043,533145,0.77556;15733,472784,0.62464;15980,549063,0.77788
218782,11704056;14482,898373,0.81668;11472,455180,0.66752;14068,538545,0.79252;14920,476727,0.64592;17361,551331,0.79436
201870,11750908;14126,899858,0.83384;13706,439461,0.67636;15514,521967,0.80012;15626,463732,0.6526;17847,539663,0.8096
169414,11682202;13108,894743,0.83776;13291,433752,0.68432;15371,510650,0.79968;15361,450252,0.6626;17718,527176,0.81488
206786,11579616;16363,894957,0.84636;13588,420463,0.68796;15712,487028,0.80396;14794,433183,0.66864;13397,504362,0.82052
196666,11650835;19314,898942,0.85164;11471,412985,0.70288;11880,487498,0.808;12232,434689,0.67432;17121,505057,0.82628
167654,11598304;18323,903040,0.85032;13215,411750,0.6996;15353,487184,0.81668;14808,434780,0.68576;17377,499419,0.82488
162003,11422966;17760,897182,0.85412;14765,396526,0.698;16992,457046,0.81484;16585,409049,0.67624;17697,476011,0.82448
158339,11478972;19711,901038,0.86284;12146,385522,0.69156;13631,459505,0.812;12880,402757,0.67092;14431,473159,0.82096
155481,11366661;19030,903266,0.84732;12139,375344,0.68852;14206,442426,0.80504;15703,395031,0.65956;15163,460065,0.8166
154013,11337898;18312,899102,0.8476;12573,364404,0.67396;13823,442893,0.8034;12876,382087,0.65576;12078,450755,0.81288
153324,11321052;18738,897455,0.84428;9455,352144,0.67404;10271,418996,0.79644;9416,357933,0.65048;11127,435041,0.80952
146933,10889019;18801,895907,0.834;8333,325435,0.66028;10029,387326,0.79204;9228,331217,0.64048;11021,403119,0.79852
145944,10828642;17627,898859,0.82444;7992,296433,0.64688;9612,364019,0.78256;10825,315156,0.63196;13091,390219,0.79716
124058,9237287;18373,893171,0.82992;6126,202007,0.65556;5937,250341,0.7876;5213,206925,0.63088;6739,269928,0.79416
61906,4639014;19514,897263,0.83244;2819,67154,0.662;3355,86144,0.7912;2149,66247,0.62832;2355,94744,0.78856
15606,1179670;18086,890251,0.83352;905,13131,0.66344;1095,18097,0.792;340,11802,0.62764;451,17389,0.78876
