46822,12497500;8780,3337217,0.92646;8188,684514,0.3254;11497,1114696,0.6214;28589,610833,0.25246;33269,1019501,0.4826
48656,12515244;8893,3274356,0.92764;9879,494706,0.40244;11506,786664,0.65766;28296,459948,0.2989;29091,769927,0.51536
46977,12514358;8801,3230829,0.93078;11689,477245,0.42718;9632,771903,0.67812;24179,448927,0.32332;25124,749790,0.535
47285,12514488;8812,3169735,0.93646;8826,468665,0.45424;9088,749696,0.67974;22961,441035,0.35784;30404,737781,0.56566
47589,12514077;8660,3156422,0.93936;10881,460746,0.48064;11859,736780,0.6955;23908,439737,0.3888;24598,721728,0.58956
48048,12513893;8629,3118823,0.94086;11094,451715,0.48998;11703,724074,0.7025;25903,434006,0.41104;26556,700245,0.60326
49961,12513975;9694,3091073,0.94538;10475,457679,0.5077;9563,719961,0.72856;27429,426318,0.41778;36030,698941,0.617
49279,12513387;13474,3054954,0.94942;12920,453164,0.53234;14382,703421,0.73976;31645,428566,0.44676;27955,687342,0.63158
49252,12513254;8573,3033524,0.9503;11586,440572,0.54142;12729,695680,0.75336;26581,422096,0.46298;26409,679377,0.6397
49121,12512881;13512,3017734,0.95324;12179,437428,0.55714;12071,678897,0.75834;21516,421853,0.46944;26803,670517,0.65454
48833,12513143;13091,2998152,0.95366;11187,442704,0.56568;12073,687312,0.76108;25673,420869,0.48314;24184,669335,0.66088
48746,12513279;8362,2992354,0.95626;9035,437710,0.56076;11696,679173,0.75966;24520,422042,0.48658;23084,668764,0.6605
48852,12513167;8296,2975921,0.95684;10874,442824,0.56968;12252,683378,0.76134;22653,417728,0.48802;23912,673303,0.66368
48516,12513306;12234,2973880,0.95888;10881,441168,0.58644;12056,677183,0.7673;25423,416097,0.49256;26654,670788,0.66856
48859,12512963;12073,2938581,0.9587;10908,434703,0.59438;12754,668962,0.78208;23934,412858,0.50294;22818,657066,0.68092
49161,12512692;9682,2936349,0.96022;9342,430107,0.59484;10250,663539,0.77912;23913,406232,0.5105;25952,652162,0.68654
49761,12512666;8226,2915846,0.9588;11503,432706,0.60568;14832,660611,0.78208;31072,414998,0.5145;29657,656234,0.69428
49243,12512921;8240,2906566,0.96316;12475,432358,0.61346;14349,660341,0.79572;27612,413681,0.5282;26468,657677,0.70562
49228,12512603;8333,2893214,0.96494;11439,427382,0.61898;11855,649803,0.8008;23919,410444,0.545;24937,641760,0.7112
48696,12512964;8226,2875033,0.96468;10260,422857,0.6228;11808,648418,0.80444;22999,406353,0.54714;24772,643364,0.71352
48336,12512476;10736,2839102,0.9667;11523,420237,0.63608;12470,641954,0.81254;19753,407498,0.54634;20100,641883,0.72376
49274,12512667;12753,2838766,0.9642;9459,419637,0.6448;9608,637350,0.8162;22521,404075,0.55556;24171,627725,0.71882
48404,12512382;13651,2837615,0.96992;11706,422840,0.65346;11732,624758,0.81898;24560,403330,0.56792;23694,624859,0.7314
49076,12512171;12951,2815588,0.96728;10671,412094,0.66482;9413,619164,0.82962;20798,398628,0.57252;21098,617323,0.7479
48716,12512139;12569,2785055,0.96852;9022,413918,0.66854;9761,620480,0.83396;18932,399420,0.59068;17108,614989,0.7464
48791,12512070;8592,2788157,0.97096;10464,409402,0.67386;11937,612802,0.8312;23988,398122,0.58558;24767,617398,0.74528
48913,12511896;12954,2768186,0.9717;11424,406101,0.67368;13308,611066,0.83738;20902,392734,0.59348;17326,609024,0.75056
48391,12511973;11794,2753315,0.97454;9207,406794,0.69072;8940,604540,0.84332;17683,398631,0.60894;18367,615570,0.76448
48288,12511789;9519,2752512,0.9752;12837,406750,0.70292;11735,596462,0.84524;15747,391357,0.61974;19074,600811,0.77078
48637,12511772;8713,2741861,0.9772;9471,400592,0.70762;9066,588480,0.85246;17988,390748,0.62874;19794,595253,0.77956
48295,12511643;7891,2738682,0.97568;11395,398430,0.70758;11115,588930,0.85818;17976,387200,0.61766;21303,592202,0.7733
48009,12511704;9293,2738149,0.97712;9553,399205,0.70846;9199,590081,0.86004;19209,390312,0.63376;23660,593435,0.7826
49197,12511590;8598,2731689,0.97852;11560,400776,0.7142;11664,587760,0.8621;22471,387541,0.63104;25114,596133,0.77732
48289,12511629;8683,2726466,0.97826;12667,398715,0.71072;12260,579684,0.85518;20545,387308,0.6282;19374,588285,0.77462
48549,12511672;8253,2739814,0.97972;9339,399182,0.70924;8284,589359,0.85798;18154,388715,0.62204;18611,590523,0.77048
44935,12511642;7937,2754489,0.9773;11905,399092,0.70534;10540,593674,0.85656;24126,386917,0.62242;22593,594014,0.7689
34323,12511632;10680,2752379,0.97688;12830,402382,0.7061;13546,589332,0.85994;24243,387000,0.61604;24319,597647,0.7697
34629,12511236;7992,2749795,0.97766;12009,396199,0.69642;10799,591313,0.8559;19249,384473,0.61868;19577,591719,0.77528
34762,12511256;7987,2777185,0.97446;10612,396181,0.69908;9092,594038,0.85146;18763,388247,0.61408;19300,596612,0.76474
34839,12511076;8066,2768708,0.97394;11421,392328,0.69058;12417,586055,0.84408;20388,384825,0.60184;21538,596414,0.757
39271,12511444;7933,2781915,0.9708;10968,394560,0.68354;9320,593518,0.83382;17242,382475,0.601;15876,598969,0.76128
34853,12510989;8170,2801206,0.96946;9884,395814,0.67084;10544,599161,0.83258;19805,381921,0.58224;21755,596775,0.7512
47319,12511053;8185,2841121,0.97034;11651,403808,0.65922;9455,612376,0.82362;17969,388862,0.5726;18514,602870,0.73656
47048,12510394;8482,2890368,0.96708;10250,395642,0.63302;10635,606036,0.80476;19683,382266,0.5429;20920,611684,0.70666
35138,12509994;12722,2900755,0.96202;9950,398285,0.61436;11383,618036,0.79464;21852,381962,0.52592;23574,623721,0.70476
35182,12509454;13157,2957440,0.9613;10231,388247,0.58646;10780,618173,0.77628;22894,377443,0.49376;23982,619506,0.67306
45608,12506793;11062,3011667,0.9591;10104,379200,0.56518;10742,609056,0.76526;21332,361090,0.46218;23061,611501,0.65432
46730,12485354;12859,3045364,0.95558;8776,304000,0.56304;9405,521004,0.76586;17375,300386,0.4403;14898,518038,0.64892
39347,12365598;11647,3064615,0.9534;7698,237784,0.57602;7001,404582,0.77144;12075,225421,0.4262;15169,413762,0.64142
33301,11706882;10650,3076847,0.9495;6019,160942,0.58618;5987,282281,0.7828;8062,149887,0.41952;9471,271752,0.62974
32242,10321109;14082,3110923,0.94844;4149,110243,0.59308;5021,195417,0.78876;4722,100593,0.41022;4666,184125,0.62698
22602,8456609;12466,3103786,0.94924;3340,74662,0.61256;3187,137916,0.7984;2430,61807,0.4093;2801,118924,0.62462
13198,4928033;8590,3109311,0.94694;2215,37903,0.61686;2786,67885,0.8035;1472,30932,0.4109;1573,53125,0.62532
11600,3092928;9530,3105496,0.94676;2301,19833,0.6191;2600,37375,0.80654;874,16919,0.40996;918,30678,0.62498
5532,1521953;11684,3112705,0.94584;2387,7462,0.6219;2073,16348,0.80952;311,5926,0.4102;416,12632,0.62566
1277,336957;13426,3100582,0.94678;1922,2201,0.62212;1242,3771,0.80948;106,1795,0.41078;108,2967,0.62634
184,44871;11356,3109764,0.94902;1395,188,0.6222;737,256,0.80952;17,106,0.41078;16,195,0.62632
