27915,12497500;6255,1027603,0.57708;10410,1406483,0.29564;11771,1575606,0.4626;12941,1424880,0.31828;14184,1574468,0.5158
31998,12504711;6307,1012502,0.61128;9432,914585,0.37324;10449,1042907,0.52828;11138,926058,0.36896;13249,1045797,0.55648
33053,12503280;6380,1007435,0.64512;10176,895550,0.4164;10428,1020413,0.56092;11775,927192,0.41964;13826,1032884,0.6054
33781,12504465;6199,983186,0.66732;9818,869547,0.45416;11033,1006407,0.5878;11528,904048,0.44192;13375,1001772,0.6262
33819,12504288;6505,980574,0.68296;10442,868194,0.45856;11197,1002805,0.61044;11691,898092,0.46812;13770,1002418,0.63772
34618,12503359;6656,970368,0.7036;10517,874681,0.48104;11135,994166,0.6232;11937,884594,0.47868;13624,988488,0.65596
37236,12503465;6628,966274,0.72192;10226,865997,0.50608;11352,979125,0.64976;11948,881067,0.51932;13203,972119,0.67772
37028,12504283;6648,960139,0.73068;10508,861263,0.52528;11296,983539,0.66672;11730,877435,0.52256;13392,971794,0.6906
37699,12504129;6647,959357,0.754;10376,852003,0.5496;10935,976988,0.68624;12038,883185,0.53068;13267,965827,0.69916
37600,12503143;6560,946252,0.76324;10206,844626,0.56632;11076,959792,0.70324;11609,850409,0.54636;12926,944454,0.71972
37409,12502143;6500,949467,0.77224;10303,844886,0.5712;11155,954110,0.71172;11751,863216,0.5588;13185,953750,0.72792
38156,12504554;6258,933747,0.76528;10400,837558,0.58944;10948,962456,0.71636;11901,853169,0.57464;13016,935786,0.73372
37357,12503963;6104,929946,0.78872;10211,831178,0.5996;11247,948578,0.73232;11773,853934,0.59124;12986,936467,0.73872
36347,12502516;6136,926376,0.80164;10469,822477,0.61;10770,946936,0.747;11973,857634,0.60108;12856,928839,0.74184
36167,12502974;6097,917574,0.81036;10209,829078,0.63144;10878,937765,0.7582;11635,837214,0.61336;12524,916752,0.76696
37885,12505186;6159,917395,0.81744;10379,828521,0.6394;10788,938732,0.7694;11901,848307,0.62304;12716,921572,0.77136
37313,12504323;6286,918905,0.82648;10439,816067,0.63812;10702,919910,0.76492;11428,826453,0.61536;12377,908419,0.77496
36103,12502892;6281,917663,0.81756;10311,817921,0.63632;10948,938572,0.76904;11438,831595,0.61104;12765,921044,0.77044
37407,12501995;6277,918615,0.80804;10231,810031,0.62;10616,916172,0.7458;11693,827532,0.60392;12329,902323,0.7638
37783,12503519;6403,931169,0.80372;10142,817359,0.61088;10778,927891,0.73784;11418,835581,0.58516;12724,909247,0.76088
36513,12499232;6470,942539,0.78728;10095,799685,0.58396;10776,926231,0.72028;11523,820958,0.57156;12326,902919,0.74312
36660,12487931;6472,948191,0.76572;9786,796270,0.55944;10666,919370,0.7022;11274,824892,0.54668;12781,904851,0.72308
37624,12470504;6581,964546,0.7438;9774,781661,0.51796;10451,898397,0.67648;11426,807658,0.5136;12187,885453,0.70344
35609,12372199;6686,978930,0.72196;8378,661028,0.49512;9108,779168,0.6408;9759,690126,0.48724;11123,791430,0.68212
35546,11610228;6651,986915,0.69644;6496,467791,0.4692;6529,547834,0.62752;6730,470081,0.46224;7953,564330,0.671
27677,9370349;6695,996319,0.69044;3966,274019,0.46052;4066,331207,0.61356;3730,279086,0.44572;4849,343591,0.65712
14466,5208278;6708,999474,0.67956;1999,122739,0.45164;2097,142018,0.60996;1583,120697,0.43956;1979,148260,0.65496
6641,2413798;6727,1005566,0.6838;1263,50575,0.4532;1139,62363,0.61056;631,52050,0.43488;800,63854,0.65424
3056,1094115;6614,1006274,0.68048;843,23961,0.45712;886,28732,0.61056;225,18939,0.43424;283,24244,0.65404
698,243612;6476,1000062,0.68752;572,4076,0.4576;489,5245,0.61164;62,4867,0.43404;60,4444,0.65496
