23,16110;106,20306,0.93;53,8162,0.627778;89,15094,0.854444;98,9102,0.63;108,13077,0.852222
24,16341;111,20752,0.925556;43,6583,0.683333;52,11745,0.791111;65,7367,0.624444;73,11349,0.775556
24,16382;108,20231,0.911111;47,7596,0.744444;65,12422,0.818889;72,8110,0.625556;73,11291,0.85
24,16353;101,19132,0.915556;42,6847,0.74;75,11492,0.797778;90,7694,0.587778;101,11330,0.806667
25,16341;104,19558,0.94;48,6391,0.745556;74,11068,0.881111;89,7654,0.662222;92,10341,0.833333
25,16322;103,19236,0.928889;47,6340,0.741111;73,10962,0.852222;83,7243,0.701111;85,9737,0.82
24,16328;103,19009,0.928889;47,6397,0.754444;70,10689,0.861111;85,7392,0.645556;96,10959,0.774444
24,16293;100,18507,0.93;44,5764,0.767778;68,10004,0.9;75,6651,0.667778;87,9989,0.827778
25,16306;103,19100,0.936667;46,6134,0.733333;64,9654,0.893333;80,7044,0.688889;85,9770,0.871111
25,16313;99,18252,0.936667;44,5809,0.73;64,9494,0.886667;72,6501,0.66;82,9290,0.867778
25,16346;102,19058,0.936667;44,6377,0.718889;72,10765,0.85;88,7415,0.712222;93,10584,0.868889
24,16322;99,18182,0.947778;47,6159,0.785556;72,10867,0.901111;89,7647,0.711111;94,10467,0.786667
24,16313;100,18540,0.964444;47,6370,0.826667;68,9878,0.865556;81,6988,0.725556;94,10563,0.866667
25,16294;96,17878,0.967778;43,5626,0.795556;64,9539,0.932222;79,6730,0.726667;84,9495,0.887778
25,16305;94,17715,0.95;46,6010,0.828889;63,9027,0.902222;75,6518,0.734444;80,9137,0.884444
24,16304;92,17167,0.968889;43,5437,0.835556;61,8665,0.936667;77,6935,0.796667;71,8131,0.878889
24,16234;89,16156,0.972222;39,4733,0.872222;54,7687,0.97;62,5760,0.792222;62,7228,0.917778
24,16216;89,15919,0.993333;34,4141,0.866667;52,7261,0.965556;61,5609,0.83;57,6646,0.924444
24,16203;89,16269,0.995556;31,3733,0.836667;43,5991,0.928889;48,4799,0.801111;50,5885,0.882222
24,16199;85,14995,0.995556;33,3963,0.924444;43,5693,0.945556;44,4390,0.827778;51,5911,0.92
24,16126;83,14279,0.997778;26,2884,0.883333;36,4642,0.957778;33,3492,0.832222;34,4110,0.904444
24,16134;83,14476,1;27,3054,0.951111;35,4486,0.981111;33,3578,0.828889;33,3968,0.886667
24,16095;81,13908,0.984444;25,2684,0.943333;32,3871,0.99;32,3560,0.886667;30,3593,0.854444
24,16084;80,13882,0.998889;22,2453,0.977778;30,3514,0.99;29,3246,0.923333;27,3228,0.852222
23,16062;81,13876,1;23,2078,0.94;30,3243,0.985556;22,2606,0.907778;22,2731,0.83
24,16041;80,13516,0.997778;22,1857,0.953333;21,2608,0.973333;20,2290,0.903333;22,2663,0.88
24,16043;83,14091,0.982222;18,1795,0.92;23,2701,0.955556;19,2383,0.851111;22,2704,0.864444
24,16059;79,13444,0.992222;17,1817,0.916667;23,2632,0.965556;21,2485,0.823333;22,2644,0.872222
24,16051;81,13905,0.998889;18,1813,0.926667;25,2736,0.941111;21,2490,0.818889;21,2622,0.853333
23,16054;81,14008,1;18,1857,0.932222;24,2946,0.943333;23,2663,0.796667;23,2741,0.845556
24,16059;82,14025,0.996667;20,1970,0.894444;26,3063,0.926667;22,2657,0.778889;24,2895,0.8
23,16058;82,14088,0.992222;17,1812,0.904444;27,3000,0.968889;22,2632,0.802222;24,3013,0.837778
24,16059;67,14183,0.984444;19,1970,0.895556;26,3144,0.972222;26,3025,0.82;27,3368,0.845556
24,16127;86,13976,1;23,2528,0.943333;30,3768,0.976667;30,3352,0.8;32,3899,0.812222
23,16114;87,14310,0.988889;22,2468,0.911111;34,4092,0.971111;32,3462,0.813333;33,4013,0.834444
23,16150;86,14120,0.991111;25,2796,0.897778;39,4756,0.945556;37,3959,0.767778;38,4582,0.815556
24,16151;88,14533,0.987778;28,3174,0.922222;37,5014,0.984444;39,4089,0.741111;39,4701,0.836667
24,16156;90,15039,0.981111;28,3431,0.912222;39,5408,0.971111;46,4665,0.756667;44,5092,0.798889
24,16181;93,15545,0.992222;28,3356,0.903333;42,5598,0.955556;41,4273,0.781111;45,5404,0.846667
24,16166;90,15167,0.992222;29,3583,0.877778;43,5779,0.946667;47,4775,0.82;50,5862,0.837778
24,16205;93,15981,0.97;33,4138,0.895556;48,6602,0.951111;56,5308,0.796667;56,6533,0.85
24,16259;94,16264,0.957778;38,4735,0.857778;56,7798,0.94;60,5750,0.82;66,7653,0.858889
38,16267;103,17347,0.986667;40,5027,0.861111;58,8323,0.924444;71,6411,0.783333;69,7876,0.881111
24,16246;99,17082,0.975556;39,4889,0.847778;55,8030,0.946667;61,5580,0.768889;64,7337,0.847778
24,16234;100,17411,0.973333;39,4977,0.824444;57,8358,0.925556;67,6064,0.747778;72,8270,0.87
25,16283;103,17875,0.958889;44,5657,0.848889;59,8723,0.938889;74,6637,0.77;76,8582,0.853333
25,16276;102,17952,0.96;41,5414,0.805556;61,8897,0.893333;71,6482,0.742222;79,8978,0.873333
25,16295;101,17961,0.944444;42,5619,0.772222;63,9283,0.885556;80,7044,0.763333;79,9133,0.86
25,16274;108,19013,0.958889;41,5485,0.751111;66,9844,0.892222;76,6630,0.666667;86,9849,0.882222
25,16278;103,18413,0.918889;43,5839,0.761111;65,9902,0.886667;81,7066,0.685556;83,9581,0.832222
25,16302;106,18946,0.921111;43,5821,0.725556;68,10329,0.871111;81,6867,0.66;87,9797,0.824444
25,16310;107,19369,0.922222;48,6641,0.75;68,10441,0.861111;89,7493,0.624444;92,10459,0.852222
25,16321;108,19370,0.932222;46,6136,0.722222;69,10423,0.833333;87,7282,0.671111;94,10671,0.813333
25,16323;112,20190,0.906667;45,5875,0.688889;66,10084,0.797778;83,6944,0.667778;103,11584,0.837778
25,16282;112,20016,0.922222;42,5534,0.691111;68,10237,0.828889;78,6646,0.633333;95,10778,0.841111
25,16254;109,19743,0.912222;42,5598,0.713333;61,9294,0.841111;76,6482,0.701111;83,9397,0.817778
25,16184;114,20742,0.893333;36,4863,0.685556;60,8812,0.788889;72,6154,0.7;86,9711,0.822222
24,15934;111,20121,0.92;29,3688,0.66;53,7696,0.821111;55,4791,0.704444;68,7739,0.787778
23,15246;111,20085,0.9;22,2624,0.684444;36,5340,0.84;37,3128,0.706667;51,5788,0.816667
21,14056;111,20172,0.901111;17,1817,0.726667;30,4177,0.854444;26,2193,0.715556;40,4512,0.822222
16,10578;117,20587,0.925556;16,1623,0.748889;21,2785,0.85;23,1916,0.72;31,3471,0.812222
14,9403;113,20475,0.916667;15,1331,0.767778;21,2633,0.853333;17,1417,0.715556;26,2974,0.803333
13,8671;112,20251,0.917778;11,913,0.765556;13,1562,0.852222;10,796,0.714444;15,1741,0.796667
11,7297;113,20276,0.892222;9,667,0.772222;12,1012,0.867778;10,803,0.715556;12,1401,0.813333
8,5264;114,20675,0.886667;6,451,0.763333;9,1098,0.861111;9,706,0.707778;12,1357,0.812222
6,4065;113,20514,0.896667;4,196,0.771111;4,356,0.86;3,250,0.718889;5,569,0.814444
1,871;113,20479,0.878889;2,91,0.767778;4,120,0.864444;1,125,0.717778;2,293,0.816667
0,530;112,20052,0.888889;2,40,0.773333;2,74,0.867778;0,57,0.718889;2,246,0.814444
0,184;115,20838,0.906667;3,51,0.767778;2,67,0.863333;0,62,0.714444;1,101,0.814444
