177396,10024003;12495,746620,0.943591;27229,1095903,0.846762;26760,1149203,0.92711;26454,1089317,0.822644;26547,1102442,0.918222
175833,9388094;15479,753385,0.946583;9430,302793,0.837204;9303,353955,0.905672;9076,324376,0.792675;10621,350873,0.884145
175817,9379091;15931,762216,0.951764;9335,316418,0.817418;9963,369753,0.897588;9393,336404,0.760697;10914,370307,0.865208
175799,9398164;16267,769254,0.95096;9741,316774,0.806923;10863,378574,0.895132;9967,339178,0.75364;11416,380441,0.858732
174040,9316725;16331,771410,0.953283;10010,325367,0.807325;10767,378189,0.889906;10183,346434,0.744752;12739,381999,0.855159
174394,9317798;18076,773813,0.948682;11693,328168,0.805672;14074,387496,0.890621;11810,350876,0.7523;12868,384284,0.853461
173566,9274483;16225,774287,0.949531;11364,329986,0.8;11866,391701,0.898571;11137,349089,0.750603;12412,391852,0.859268
174625,9365658;16173,773441,0.946851;10864,331819,0.801563;12148,394317,0.896606;11071,355257,0.745422;12334,397017,0.861009
173097,9302348;16360,781738,0.949933;10848,336322,0.805002;11851,394850,0.899241;11347,360849,0.75105;13187,404330,0.872398
172302,9261093;16583,781239,0.947968;10673,333999,0.801563;12099,398290,0.898705;11199,360831,0.758776;11595,399173,0.870523
171567,9291651;16583,779488,0.948861;10289,342105,0.805538;11299,404151,0.897454;11058,360113,0.760652;12391,407861,0.871282
170549,9246273;16570,776691,0.952345;10549,335508,0.807369;11345,392970,0.895802;10524,354474,0.75757;11643,398780,0.873604
171332,9300166;18244,780617,0.94828;10412,340856,0.798571;11861,403311,0.89339;11810,365709,0.76293;12114,407317,0.8749
171342,9320411;16568,779193,0.941938;11452,349900,0.799375;11434,411366,0.891737;10748,366195,0.76226;12015,414543,0.873158
171141,9317961;16594,782771,0.952389;11063,344263,0.792497;12322,410587,0.896114;10771,363251,0.767262;11708,411525,0.88017
172015,9399610;16512,779775,0.945288;10968,357376,0.801206;12357,422358,0.904064;12194,376633,0.777088;13040,423202,0.883609
170729,9361225;16852,776508,0.949397;10506,351227,0.799151;12004,418813,0.897231;11650,379731,0.777981;12044,421055,0.883117
171526,9387380;16812,780771,0.95038;11013,359528,0.795578;11842,421214,0.896293;10584,375910,0.76628;11921,427362,0.885127
169554,9315537;16852,781904,0.951139;10663,353412,0.797008;11589,424663,0.899911;10778,377757,0.771773;11948,420056,0.883385
169663,9344986;18547,779358,0.946896;10944,359842,0.806029;12734,420694,0.902769;11252,376577,0.774051;12380,419849,0.88611
169079,9296528;16532,779957,0.94828;10487,351702,0.806029;11335,415420,0.902188;10753,372336,0.770612;11783,419150,0.887718
168685,9286949;15323,787697,0.947343;10300,349154,0.796472;11571,418792,0.89933;10688,372854,0.772979;11689,417559,0.885395
170899,9410604;13864,775699,0.949888;10621,359520,0.807727;11696,427059,0.903662;11573,380258,0.770433;12639,433736,0.885619
170272,9372593;17530,781337,0.947075;10877,356493,0.801563;12152,421284,0.901161;10664,375388,0.770165;12271,428041,0.886556
169058,9286926;17284,778118,0.946494;10832,353521,0.802144;11283,419032,0.900447;10666,375055,0.765297;12029,423964,0.888432
168913,9285617;12557,784335,0.948325;10305,346613,0.802858;11134,410525,0.892854;10494,366685,0.75172;11938,418752,0.886556
169059,9307225;14216,792460,0.952657;11776,358903,0.803171;11759,426195,0.892586;10781,368935,0.746985;12133,425026,0.879634
169844,9335770;15251,781855,0.938723;10461,355731,0.801697;11547,426959,0.897767;10796,381259,0.756722;11593,428074,0.891916
170710,9377144;15437,783780,0.943725;10574,360534,0.800223;11586,425441,0.895936;10707,380994,0.760786;12222,429125,0.888522
169495,9295305;18165,784538,0.946181;10464,354960,0.789549;11631,414454,0.897097;11039,373770,0.759536;12056,414985,0.8887
171591,9407294;17029,787522,0.945958;11070,363456,0.791693;11151,428098,0.898481;10645,385846,0.763555;12345,428732,0.886958
168644,9260049;17466,785925,0.943814;10324,356865,0.790308;11394,419625,0.890308;10905,376280,0.757883;11976,421346,0.885127
170996,9391774;19988,786998,0.941492;10755,357604,0.785083;11738,427685,0.889862;11107,381901,0.755873;13206,428278,0.8795
171353,9357582;18595,788871,0.934346;11488,363143,0.788209;12158,422898,0.889326;11339,375934,0.755561;13034,426845,0.8749
169939,9308316;17214,789314,0.942742;12089,356203,0.791201;12977,424587,0.890621;11804,383198,0.760116;12878,430552,0.876775
170656,9324018;16847,793171,0.941313;10928,355419,0.793301;11672,421650,0.890933;11034,377813,0.743948;12460,421907,0.886021
171783,9397339;17025,791316,0.942698;11431,356987,0.791559;12845,421499,0.889996;11565,379521,0.744931;12511,425124,0.882805
172599,9428099;17065,793697,0.941626;11247,363848,0.789996;11942,427892,0.889594;11417,387912,0.749665;12631,431052,0.877311
169219,9272032;17233,796936,0.942028;10821,349995,0.775346;12568,418464,0.889594;11125,370483,0.752121;12197,418853,0.878874
169935,9278157;17069,789363,0.938321;10908,354057,0.780974;11432,417307,0.889683;10836,379224,0.755248;12315,423148,0.879187
169604,9268617;17454,792519,0.945109;11211,353469,0.784011;12476,416398,0.892139;11577,372778,0.741447;12529,417760,0.875837
170989,9333218;16854,797289,0.945422;11028,358036,0.783028;11605,417001,0.886423;11471,379232,0.749933;12820,427874,0.87615
170344,9341510;17220,797148,0.939705;11185,347695,0.779991;12074,415826,0.89004;11120,372773,0.738991;12513,422443,0.875703
169949,9325172;17191,791859,0.93506;11590,353850,0.781331;12349,419262,0.888566;11396,375297,0.741492;12258,415187,0.869495
170629,9340248;16866,793173,0.931755;10956,356783,0.776999;11808,417699,0.886289;9717,380065,0.73305;11640,425980,0.862662
170196,9319110;17311,795227,0.927423;11071,350998,0.778205;11762,412376,0.87883;10923,363896,0.734926;12602,422239,0.869763
150804,9328625;17391,797457,0.932649;11038,352193,0.785172;11178,417982,0.883832;11286,371914,0.736936;12782,426908,0.874051
158859,9308426;16997,799209,0.938678;11314,348750,0.778205;12057,414826,0.88218;11565,376507,0.741492;11956,418890,0.875301
147969,9303656;17255,797565,0.934122;10186,345320,0.784279;10997,410782,0.885395;10204,366722,0.733274;11577,416041,0.870255
149288,9284271;17310,800206,0.937517;11313,350372,0.784547;11901,412733,0.886333;10042,367282,0.734703;11926,410395,0.868155
166197,9332011;17395,802847,0.937517;10639,351123,0.780661;10110,411340,0.884815;10158,365028,0.73582;11882,415572,0.865342
164581,9378216;17548,802757,0.936847;10649,351089,0.774721;10788,413382,0.884904;11335,371543,0.726753;12662,420486,0.866324
166214,9357594;17253,800449,0.937338;11152,349943,0.785797;11996,411441,0.883564;11513,369871,0.736802;12466,416818,0.869585
144290,9286496;17146,797264,0.935105;10181,340813,0.780259;11642,405751,0.877267;10981,362874,0.735328;12088,406789,0.871818
159487,9261104;17726,801520,0.935016;10785,345419,0.769674;11779,407869,0.883743;10911,360627,0.73707;12214,404369,0.872264
156865,9304803;17794,797523,0.933586;12072,346553,0.77682;12066,412969,0.88678;10459,366574,0.744886;11530,409406,0.875123
157568,9277063;17689,795899,0.936534;10980,345734,0.777177;11840,409449,0.88611;11079,363585,0.743948;12103,406275,0.874408
163746,9465534;16536,794918,0.937115;11697,357379,0.780527;12399,415772,0.89013;11353,366104,0.743368;12165,417142,0.876239
144286,9326162;14238,796888,0.933988;10741,340430,0.769719;11590,406377,0.884279;10548,360247,0.745422;11715,406725,0.868557
142508,9346100;14399,796828,0.937561;9997,349838,0.772711;9196,408943,0.879053;10771,369300,0.739259;12274,417465,0.87749
144612,9300141;15751,795552,0.937383;8866,342759,0.784591;11552,404860,0.879902;9060,362324,0.74368;9362,407793,0.874542
132800,9343812;14995,796734,0.943725;10456,345374,0.775525;9450,412926,0.879857;10546,367624,0.743189;11700,412814,0.870433
129383,9321509;20217,790945,0.935328;10479,341588,0.77146;11018,407530,0.883341;10248,365944,0.747566;11487,409120,0.867173
139925,9396146;17290,796446,0.936847;10787,350840,0.78075;11665,412873,0.891335;10938,365673,0.748593;12405,419838,0.878383
132635,9366655;17423,797814,0.940375;10969,348176,0.782492;9142,410500,0.888566;8463,372510,0.747477;11548,411870,0.877803
130975,9222663;15555,794961,0.939929;9734,337988,0.771371;11027,400579,0.88669;10907,356719,0.749933;11520,398363,0.882135
131079,9409403;20854,795810,0.940063;10769,350191,0.78477;12220,413292,0.887896;10957,379305,0.751675;11734,412810,0.87414
151823,9238763;17118,794534,0.941134;11047,347204,0.7887;11894,407149,0.885797;11221,360612,0.752791;11571,404225,0.872488
126887,9391674;17167,799148,0.941268;10266,345261,0.787182;11146,410591,0.88142;10539,368915,0.756632;11673,420008,0.86619
126405,9359960;18075,790227,0.940375;10495,345904,0.787718;11117,405459,0.882894;10500,366675,0.746226;11422,409151,0.868289
126484,9372621;21012,790230,0.934614;10624,351060,0.783832;11185,415757,0.885931;10179,364014,0.742876;11480,415601,0.875078
124735,9301251;17152,791388,0.938499;10510,342696,0.782671;11143,407023,0.884636;9767,369339,0.75824;10477,409103,0.873738
124470,9245111;16967,789663,0.940956;10340,345951,0.785663;9924,399256,0.886735;7535,365107,0.74636;11702,408884,0.875123
125370,9256130;17728,798936,0.940286;10964,338811,0.772086;11629,404224,0.879232;11058,365876,0.743636;12196,409785,0.870701
124273,9247405;15945,795730,0.938544;11137,347318,0.769317;11753,401481,0.879634;11253,363688,0.739705;12398,410710,0.865252
125783,9374892;16096,795729,0.940063;10811,348518,0.78008;11159,417701,0.880616;11473,369835,0.738812;12971,415305,0.867709
124229,9306078;13720,792833,0.937249;11814,354171,0.776999;12084,413126,0.884547;10862,367088,0.736043;12152,419539,0.875525
123423,9292649;12625,794254,0.934792;11156,343193,0.778428;9168,407940,0.882537;9644,362723,0.733676;11487,411317,0.868066
124522,9366728;14387,786394,0.934748;10921,345956,0.782626;11397,411360,0.884904;10908,361707,0.738812;12786,414935,0.881063
123456,9259793;14931,791930,0.938812;11548,347090,0.781465;12146,409978,0.882582;11468,368875,0.744484;12527,409579,0.878383
123921,9294039;17966,793193,0.93975;11390,350984,0.780259;10110,417007,0.888298;9616,369178,0.744663;8497,414642,0.881465
124244,9286882;18304,790661,0.931443;10787,352385,0.788924;11495,407264,0.884145;10710,364296,0.7431;12874,416606,0.880036
124032,9294121;17506,793757,0.933318;10782,346727,0.786556;12016,409334,0.885976;11171,359065,0.746717;12402,406438,0.871907
125899,9440060;17316,787228,0.933452;11606,358833,0.782492;11892,421717,0.885038;10453,378804,0.75038;12347,431308,0.86552
124156,9359991;16521,785220,0.932157;11105,360895,0.783341;12302,422510,0.886065;11347,372829,0.757213;11890,426531,0.87213
123650,9363237;15477,784534,0.929969;11090,356975,0.792943;11862,419664,0.887762;11062,371980,0.757079;12563,423766,0.869451
123477,9331923;16906,788579,0.92653;10876,349599,0.786289;12114,418551,0.875927;11246,371109,0.742474;12405,416921,0.871996
123194,9364388;20426,791633,0.931577;11005,351692,0.793837;11498,414109,0.885038;10541,368755,0.749129;12038,424272,0.872398
122387,9297458;18421,788292,0.937427;11335,352087,0.787405;11562,414366,0.881778;10928,367783,0.74636;11930,415681,0.873336
123301,9351862;17752,795545,0.933676;11035,359647,0.785395;11844,421575,0.882894;12100,382423,0.746181;12310,427709,0.876418
123976,9377052;17523,784890,0.932916;11217,348641,0.788075;11162,411557,0.884859;10676,366343,0.735016;11959,413472,0.868825
124233,9398458;17648,796762,0.933765;10373,354179,0.78812;11298,418260,0.883787;10958,374737,0.738678;11677,419428,0.871505
122968,9304812;17359,784619,0.937159;10686,351475,0.79013;11672,419094,0.884859;7783,369967,0.742832;11662,416250,0.870791
122558,9328546;17632,789970,0.934033;10313,348909,0.781242;11579,413321,0.885127;11016,374501,0.749174;12059,415978,0.873694
122377,9365675;17565,791777,0.936311;10472,351397,0.773738;11660,413551,0.886244;10254,372552,0.742966;8596,416629,0.875793
120935,9304817;17442,792272,0.933497;8558,352266,0.783832;11387,407223,0.888924;9111,368033,0.74377;8492,413528,0.878785
120496,9296434;12676,795204,0.940107;10644,352864,0.773515;11508,412232,0.884859;10446,366364,0.744618;11687,415610,0.877713
118411,9407558;12607,788678,0.929835;10568,360056,0.778696;11854,423319,0.887852;10741,378570,0.746985;11926,427737,0.872666
117404,9320219;18234,796152,0.929879;11061,355540,0.782001;11485,413237,0.880036;10689,367485,0.742385;12039,419221,0.875748
118442,9412754;15545,792220,0.932872;10672,351521,0.785887;11644,419294,0.89272;11031,370929,0.744618;12244,418528,0.876865
117933,9358614;16393,790413,0.930862;10496,356438,0.785127;11022,419560,0.890442;10361,371973,0.733765;11953,420675,0.869897
118531,9393968;18513,793609,0.933318;10502,360435,0.786914;10215,418720,0.885261;10531,374859,0.727423;11949,425354,0.876373
117808,9343683;17788,790477,0.928629;10713,354432,0.787316;12158,422984,0.883743;11032,379175,0.739661;12374,427304,0.872845
118872,9388346;18053,790708,0.934122;10849,349420,0.786423;12222,417885,0.892943;11288,374099,0.743591;12389,421111,0.875301
118331,9380421;14529,792429,0.930371;11680,354176,0.78276;11956,416135,0.881465;10974,370580,0.744663;11748,414836,0.871371
118737,9394014;17463,791258,0.929522;9576,353804,0.78209;13212,414630,0.883385;10494,369809,0.748459;12184,422469,0.871818
117971,9348215;17416,788621,0.930371;10172,348960,0.775346;8183,414856,0.884681;9173,372329,0.748013;12118,413870,0.864716
118485,9355372;17281,785027,0.928406;10781,354460,0.769585;11430,421988,0.885976;11515,382896,0.747655;12238,418479,0.864002
117489,9279411;17597,793806,0.929879;10569,349819,0.776597;11439,409451,0.877669;10331,363868,0.745645;11807,410018,0.863287
116806,9264719;16772,786038,0.93113;10902,342950,0.778651;11196,409744,0.88008;10583,366211,0.747119;11728,405901,0.864716
118344,9388299;17020,793901,0.931175;10690,358351,0.78879;10645,420225,0.882135;9029,365979,0.744529;11870,418719,0.873024
117478,9308289;16872,784457,0.932202;11102,340033,0.79531;11353,408288,0.886244;10742,365233,0.740554;11861,409581,0.877177
116903,9238686;17015,786815,0.935194;10668,343682,0.785931;12044,404275,0.878517;11297,361483,0.740509;11837,404791,0.873649
118175,9359736;17068,795032,0.936534;10923,348464,0.782403;11868,417965,0.884011;11434,374468,0.741983;12550,418000,0.875346
118355,9318969;16949,791688,0.928986;10985,343560,0.783207;11844,406564,0.882314;10877,365681,0.744127;11963,411083,0.875882
119288,9402804;14167,799540,0.935328;10676,352644,0.789013;11607,411405,0.883028;11141,374531,0.742072;12198,418870,0.874006
118724,9391713;13983,792906,0.933988;11212,357547,0.790219;12253,419150,0.886556;11047,376419,0.74837;12268,419566,0.873426
118568,9316698;13664,796507,0.932604;11235,354523,0.783877;12139,411245,0.889683;12891,371067,0.749129;12040,417647,0.875391
117641,9273302;12443,789850,0.932023;10551,344956,0.788343;11201,408623,0.890665;10401,361833,0.747745;12427,406795,0.867084
118573,9327465;16005,797089,0.930728;11203,352661,0.78611;11442,410376,0.880706;10690,362808,0.743144;11461,414373,0.865252
119423,9413938;16646,791511,0.935954;10279,354734,0.790219;11390,413568,0.881063;10185,368400,0.744752;11687,418047,0.867218
118329,9346296;15981,795803,0.93046;10667,346591,0.782448;11170,414593,0.888834;10651,371305,0.748906;11749,415661,0.865163
118292,9356373;16648,788909,0.930996;11362,347449,0.780125;12001,411654,0.889102;10993,366178,0.749397;12171,413357,0.871371
119474,9416015;17031,789026,0.929656;10504,354857,0.782626;11684,421361,0.883787;11028,375245,0.753059;11769,419636,0.87088
117874,9297525;17072,792464,0.934033;10806,347758,0.78669;11100,408553,0.882715;9554,368079,0.747611;11616,411199,0.876239
118855,9379069;15892,794159,0.92854;10301,349323,0.790933;10970,402593,0.887271;10264,363999,0.752434;11894,412708,0.876775
118678,9374671;17948,793933,0.933988;10267,347566,0.78669;11032,413507,0.879321;10334,369793,0.739527;11651,417762,0.877937
118864,9356417;17911,800593,0.937651;10264,350776,0.776418;10918,416839,0.885038;7680,371013,0.742072;11158,417950,0.876686
119871,9427117;17333,795289,0.93439;10961,350279,0.782537;12264,419635,0.884904;11296,371895,0.747789;12656,416997,0.878205
118851,9345956;17269,792190,0.928361;12954,350186,0.787182;11245,409429,0.885306;10858,367785,0.75297;12249,411797,0.870925
118768,9362213;16804,787903,0.932693;11068,354327,0.788968;11955,413555,0.89004;10651,371101,0.749665;11714,421959,0.875971
119198,9389424;16908,788584,0.931219;10524,354860,0.782224;11822,420233,0.888566;11075,375749,0.752657;12666,418947,0.873336
118328,9322636;17262,791605,0.940688;10562,344780,0.781108;11578,404370,0.889326;10695,357065,0.745467;11737,409812,0.874855
118059,9288156;16875,790142,0.936177;10432,352801,0.777401;11443,412527,0.887048;10591,372630,0.744127;11632,417007,0.875346
118439,9311861;16994,792844,0.928406;10895,355534,0.786869;11298,414422,0.891201;10661,371572,0.741715;9763,407339,0.868781
118973,9373918;17228,789967,0.930237;9517,349104,0.782403;9657,414981,0.888477;10154,369087,0.750603;11955,416107,0.87289
118432,9327322;16835,787781,0.932559;10419,350280,0.787494;11365,406716,0.891112;10787,366182,0.750826;12868,411974,0.87682
117859,9271041;16989,792643,0.935284;11141,353686,0.785753;11438,411567,0.886958;10820,371755,0.744172;11766,416230,0.870835
120148,9436692;18133,788519,0.931934;10549,352812,0.784323;8394,420448,0.890308;7765,374586,0.759402;11486,424504,0.877758
118522,9332112;17683,791434,0.93372;11645,352995,0.786065;11630,417671,0.885529;11129,373430,0.745154;11544,415225,0.880929
119172,9340253;17844,789022,0.929745;10336,349619,0.788656;11323,415171,0.892988;10381,372594,0.75096;11593,414997,0.877222
113624,9367930;18265,795119,0.932872;10589,350376,0.786556;11242,416500,0.885931;10553,368290,0.752523;8943,415350,0.877892
112810,9302298;18289,796819,0.931264;8547,341750,0.785172;9594,413550,0.891157;11032,364183,0.74962;11670,414464,0.880036
111721,9227712;17334,797913,0.937159;10620,345494,0.782403;12894,407221,0.888522;10804,360436,0.74569;12232,408173,0.875346
113680,9380523;16473,789228,0.938857;10958,356985,0.784055;11378,415717,0.888432;10677,372566,0.752523;12063,420070,0.877311
112366,9267439;16944,789104,0.93372;11330,352686,0.784145;11718,409568,0.879902;10884,365464,0.744439;11017,410324,0.871818
111401,9167065;17863,788805,0.929343;8956,337132,0.771907;7876,399206,0.889817;7415,362127,0.74971;8190,402963,0.869674
112076,9262523;16606,788068,0.930147;7385,354426,0.773962;7915,411982,0.880527;7433,369806,0.75029;10978,406948,0.86628
113249,9356639;17074,793079,0.932649;10543,347553,0.789102;11503,419938,0.885887;10848,373581,0.751987;12385,424374,0.873828
111926,9217515;16767,788543,0.938053;10666,343329,0.784145;11687,407009,0.88879;10671,362873,0.746762;11176,404888,0.876284
113379,9303677;16929,788011,0.930058;9947,349616,0.790933;11049,406745,0.884636;10140,361700,0.74234;11680,414969,0.874185
112874,9266221;15009,787890,0.930505;10321,344768,0.782448;11659,407547,0.877669;10825,368806,0.744752;12080,410365,0.868379
111947,9243710;12412,792962,0.935596;10261,339856,0.778473;10896,399013,0.883519;10648,359637,0.739973;11749,402935,0.869317
113417,9309542;12356,788052,0.929388;10185,342443,0.775882;11723,406091,0.88142;10982,363534,0.740375;12236,407528,0.86552
112755,9303762;18124,796328,0.935686;11306,343348,0.775078;12491,411958,0.887986;11377,364488,0.741358;11688,415228,0.869361
113227,9319098;18262,792068,0.9364;10296,347363,0.781152;11292,410351,0.888164;10753,364933,0.738857;12278,414887,0.868289
112943,9306196;18266,792371,0.93305;10677,349627,0.781063;11447,412465,0.886021;11072,365906,0.741804;12242,422310,0.875614
113287,9298926;17837,790347,0.9364;7727,346317,0.795176;8516,408886,0.888298;10753,361467,0.743636;10070,412996,0.883832
110984,9108848;17786,793187,0.9364;8112,329196,0.789594;11586,395756,0.891335;10647,351470,0.743993;11900,398259,0.883073
112042,9230014;17450,791725,0.932961;11052,341903,0.788075;11048,403784,0.885976;9843,361503,0.746226;11724,405849,0.875748
111793,9232391;17134,787837,0.93439;10060,343439,0.790978;10785,404453,0.884368;9986,357763,0.749174;9689,410212,0.870031
111357,9177696;17246,792663,0.931487;7400,337284,0.786423;7879,399767,0.887003;7329,349345,0.749263;8823,399082,0.876507
112681,9248868;16186,786019,0.933095;7604,340432,0.787628;7943,403820,0.88946;9908,354646,0.744886;12832,404105,0.874185
111913,9199734;15846,793960,0.933676;10942,342928,0.778517;11936,406568,0.887003;10907,356224,0.741536;12495,404006,0.875703
110459,9091325;15014,793559,0.932649;10706,326727,0.775123;11154,389916,0.889772;10133,343181,0.746181;10440,394148,0.871148
111645,9162212;17679,793325,0.938053;7904,329329,0.777803;10618,394632,0.888522;7802,346846,0.750603;11400,395044,0.875525
110400,9080362;18182,790166,0.936713;10200,335212,0.780706;9668,395187,0.888968;7075,348287,0.748057;12072,395868,0.874721
111321,9134483;16741,793967,0.94176;10807,340127,0.788611;10815,395423,0.888968;10043,348097,0.751452;11802,399969,0.876195
110793,9106348;18355,797339,0.935373;10731,332509,0.783921;9330,394133,0.887896;9994,344448,0.749576;11264,397176,0.873158
111000,9117110;14613,793597,0.936713;9942,322815,0.779902;10464,388527,0.889192;9829,342750,0.744931;11534,398445,0.877133
109797,9038943;14250,797937,0.941224;9449,321262,0.779098;10398,386848,0.88879;9711,342665,0.750916;11107,391451,0.876239
109450,8973494;16228,796010,0.934435;8363,319381,0.787494;7427,381914,0.884368;6831,330997,0.739839;9787,379650,0.87356
109191,8969243;13689,796801,0.93707;9781,322218,0.797901;10834,382900,0.883966;9418,330599,0.738678;10880,380433,0.870165
108235,8887901;14529,797402,0.933542;9832,315242,0.786735;10581,376579,0.880482;9858,326283,0.740152;11732,381189,0.867753
108478,8883392;17231,795041,0.93247;10391,308441,0.785306;11031,376374,0.88084;9874,324024,0.737338;11690,379631,0.869451
108321,8848436;16763,795978,0.929031;9513,302044,0.785574;8335,366955,0.876507;8899,318497,0.72452;10776,373149,0.864091
106289,8706719;17039,794688,0.928227;7388,299841,0.787494;9612,356233,0.882939;8617,314807,0.732291;10039,365659,0.867575
104470,8582280;17189,800943,0.928852;8706,292348,0.782269;9279,355010,0.876507;8587,305000,0.729879;9718,355869,0.863912
100981,8286614;17276,800309,0.922197;8015,263531,0.785619;8403,322761,0.88343;7416,275324,0.731398;7480,329927,0.862126
92837,7640162;17091,799885,0.924386;6342,211863,0.791112;6937,261743,0.880929;5950,222753,0.73046;6191,276539,0.860161
80676,6634753;18797,802744,0.918133;3501,163721,0.794685;3908,206189,0.883653;3927,176085,0.732872;5716,215939,0.861277
67723,5588542;16828,798074,0.917731;4106,124047,0.805404;4249,159203,0.884725;3404,132074,0.726306;4484,166688,0.861277
51666,4202522;17198,802205,0.9205;2221,87720,0.80996;2277,110983,0.886824;1646,88993,0.730103;2207,117949,0.860027
37763,3119630;17024,798799,0.923135;2055,60067,0.809245;2317,76293,0.888209;1313,65905,0.729701;1555,83800,0.861992
26076,2156014;17156,801243,0.918044;964,37437,0.808933;1218,51578,0.888209;1005,42009,0.732693;1435,55654,0.860786
18174,1500744;17300,803307,0.924386;1052,25573,0.812014;1245,33044,0.887941;783,29142,0.734122;973,37543,0.860429
9560,789198;17898,804472,0.922421;754,14133,0.811568;760,15267,0.887271;370,14618,0.733542;484,19715,0.861277
4095,337139;17262,800213,0.919071;493,6013,0.811389;591,8102,0.887182;144,5503,0.733408;221,8962,0.861277
2280,187011;16845,800248,0.922153;460,3136,0.811746;351,3638,0.887048;89,3347,0.732738;109,4141,0.860786
874,71458;17125,798870,0.91724;389,923,0.810942;448,1582,0.887807;24,769,0.733184;50,1845,0.860965
