217355,10024003;11173,741946,0.960161;20838,1088943,0.868021;21817,1143917,0.94243;20525,1091868,0.834167;17620,1093430,0.926664
192520,10028088;13712,755761,0.946717;12052,489177,0.816704;13795,572088,0.913577;11690,515370,0.759402;13077,553854,0.8795
185349,10028777;15262,764344,0.946449;15420,531471,0.812506;17580,611222,0.902412;16538,561427,0.754757;17253,604548,0.879723
204732,10028754;15111,774799,0.956498;16426,553131,0.797499;17318,646611,0.905136;14933,578740,0.757168;17095,627363,0.884502
202547,10029257;14880,773703,0.9477;14715,561617,0.803082;15944,655929,0.90929;16915,584524,0.759402;17626,630710,0.887316
198725,10029562;16523,770760,0.948146;14509,572478,0.80067;15130,661464,0.910049;11584,592431,0.763644;14436,649546,0.890264
214869,10028683;16589,774292,0.953149;14078,580246,0.802412;15771,662935,0.911478;14914,605372,0.77347;16265,652085,0.897276
200991,10029244;15644,779907,0.952032;11427,586640,0.803394;12332,679300,0.913399;13173,608257,0.757436;17070,661638,0.889996
203705,10029478;16131,779119,0.950737;13134,588125,0.807861;14029,672383,0.915409;13065,605690,0.768915;14502,654181,0.888432
193298,10028433;16803,777460,0.951541;14737,587456,0.800402;16100,682517,0.908263;16064,617735,0.774632;18096,674594,0.89866
203677,10029196;15925,783511,0.948772;14926,597848,0.794194;15668,694884,0.915364;14651,612804,0.758732;16327,671071,0.897499
220792,10029049;14928,783476,0.948906;14652,603411,0.797946;16130,694594,0.911746;15061,621297,0.758732;15559,678638,0.898973
225665,10030475;15037,780963,0.950782;11672,593230,0.795846;12812,688845,0.911612;12032,610012,0.762394;12402,663351,0.898303
212145,10029401;15639,783446,0.949531;12969,604404,0.800089;15749,692160,0.911121;13221,622211,0.760027;14697,671579,0.883251
204288,10030732;14713,782420,0.9477;17728,608481,0.799017;16563,696874,0.910451;13647,622608,0.758062;16338,681966,0.893703
198363,10030401;15739,786911,0.948102;13971,588113,0.795712;14630,690114,0.9113;14908,613351,0.75958;12703,668850,0.893837
187386,10029061;16742,780481,0.948236;11235,584780,0.796114;12116,680487,0.909736;11647,620047,0.772488;12571,656816,0.893301
188907,10026333;16769,780489,0.946896;11390,587744,0.801206;12432,684376,0.914917;11533,608557,0.765878;12925,666032,0.895936
186128,10028277;15978,782148,0.955159;11267,576999,0.800849;14055,671229,0.913265;14327,602641,0.76418;16383,650857,0.892988
200797,10024499;14167,784436,0.950112;14339,573063,0.799955;14945,661875,0.917642;14346,591650,0.766637;15408,635061,0.892854
215300,10017466;16976,783361,0.956141;13488,548854,0.801474;14780,638851,0.913488;13798,572171,0.785127;15003,619629,0.890665
190008,9984950;15287,780904,0.955873;12047,502266,0.801608;13614,595079,0.916347;12606,528748,0.777267;13920,577373,0.904824
182133,9626482;15274,779109,0.954399;9864,378572,0.809469;11040,445885,0.91456;11457,396974,0.786244;10676,448680,0.893971
175640,8200290;17104,778116,0.953506;6470,231261,0.807325;5529,286610,0.909692;4537,246772,0.781286;5420,293229,0.890844
112167,5368403;16145,779176,0.952255;2755,116411,0.8205;2823,142497,0.912684;2228,126474,0.785351;2615,152112,0.885395
58050,2504977;15831,773525,0.961456;1378,44161,0.82251;1469,58619,0.909736;827,49028,0.787271;1056,62151,0.884145
20021,836409;15978,779668,0.956856;907,14077,0.822823;894,17798,0.910183;265,13692,0.789192;339,19112,0.884323
4989,271084;16254,772826,0.955427;757,4515,0.823761;517,5319,0.910451;93,5134,0.7887;128,6995,0.883787
