20626,10024003;7080,1911706,0.998504;5160,430528,0.970545;4646,500832,0.988924;6744,405731,0.964917;5554,459627,0.979857
21229,9918173;7402,1917356,0.996985;4777,94825,0.953372;6145,120755,0.980907;2163,120052,0.941827;2555,151997,0.963734
24052,9920602;7509,1922155,0.998571;6137,99558,0.947142;5254,123655,0.977267;2348,121255,0.916012;2596,159974,0.954734
23641,9943517;7855,1935443,0.997722;4872,105708,0.938678;4097,137126,0.975882;2057,129591,0.885239;2331,173478,0.93937
21847,9925619;8218,1943042,0.998213;5065,111728,0.934569;5366,147148,0.977378;2469,135123,0.85766;3445,188036,0.930594
17709,9930776;8052,1942471,0.99895;5412,114336,0.930393;4229,146858,0.977289;2834,134598,0.832291;3431,191713,0.923627
17731,9955785;6569,1953442,0.998303;5431,118381,0.925502;5562,154317,0.978093;3173,141453,0.813109;3577,197215,0.916213
18257,9959042;7322,1956437,0.999218;5711,125237,0.925145;5532,162078,0.977244;3588,148274,0.785641;3996,208812,0.905382
17899,9951562;8069,1966603,0.998839;8332,130491,0.930817;4191,168734,0.9772;2999,151999,0.760317;4031,219910,0.900759
17729,9920910;7964,1977377,0.998682;5648,135291,0.926351;6234,181367,0.977937;3989,156081,0.743033;4573,228956,0.897588
17813,9945972;8072,1981263,0.998861;5749,137041,0.924788;4756,185113,0.97912;4141,162677,0.724989;4802,239663,0.89665
18139,9945900;8110,1991707,0.998973;4909,142565,0.923627;3678,188229,0.974855;4375,165897,0.716079;4855,245678,0.895176
18056,9922949;8093,1994465,0.999084;5602,144295,0.926306;4317,191724,0.976172;3604,167229,0.708843;4002,245717,0.892452
18137,9928964;8190,1998132,0.999241;4878,148653,0.926552;4609,199087,0.975301;3701,174744,0.699799;4677,259542,0.895668
18226,9930842;6044,2002118,0.999107;5844,150660,0.92481;5839,201840,0.974297;4937,177483,0.698638;4542,266734,0.900335
21956,9934040;5615,2011112,0.999464;4660,153234,0.92213;4713,208740,0.976507;4075,180494,0.69799;4306,262453,0.894596
26061,9922509;8778,2019672,0.999509;4826,157712,0.923135;4432,214968,0.978071;4421,184375,0.691358;5622,275788,0.895623
26010,9940526;6010,2017485,0.99933;5607,158701,0.923135;4202,216407,0.978785;4236,182438,0.69933;5532,274721,0.904712
26450,9947018;7944,2025737,0.999285;6439,168150,0.922778;5328,227181,0.975324;5513,190245,0.715833;6008,285128,0.903908
26073,9960012;8087,2027267,0.999553;6682,168449,0.924096;6508,229133,0.976597;5923,195553,0.72979;6154,292343,0.900022
26107,9938344;7883,2024413,0.999218;5973,168845,0.925078;5268,230719,0.976798;5800,194657,0.726463;6213,294957,0.902523
26275,9964682;7968,2036195,0.999285;5726,170560,0.918602;4654,234723,0.975413;4522,195806,0.742229;6551,301759,0.905672
26469,9967677;6828,2033087,0.999531;6092,174772,0.921326;5834,241780,0.978227;5873,198736,0.740554;6834,302319,0.908709
26330,9956200;5143,2042091,0.999576;6157,174319,0.922666;5356,240339,0.978473;5801,199197,0.740063;7064,310942,0.910585
26062,9913377;6641,2050006,0.999419;5333,176275,0.921594;4457,242524,0.978115;6016,202408,0.752791;6616,307981,0.914359
26406,9949229;7734,2056196,0.999486;6723,180356,0.917418;5709,250301,0.97653;5208,208739,0.765431;5477,315194,0.916883
26173,9945288;8161,2059239,0.999531;5486,181301,0.923046;4025,249641,0.974542;5017,209218,0.786088;5531,316726,0.922666
26025,9922384;8016,2056654,0.999531;5176,179711,0.923649;4397,249952,0.977311;5053,206828,0.789571;5419,316726,0.926708
25667,9952683;8681,2062169,0.999687;5500,183378,0.926016;4355,255666,0.976574;5222,209507,0.789683;5698,322177,0.927155
25778,9936486;7982,2067173,0.999509;5432,183556,0.924498;4683,254341,0.977669;4954,211207,0.799129;5736,318087,0.929678
26409,9953040;7010,2066171,0.999576;5598,185746,0.920902;5525,260872,0.978182;6690,215113,0.81753;7146,328023,0.931085
26370,9968549;7272,2064425,0.999754;6712,188596,0.91916;5096,262516,0.97653;6802,217279,0.823001;7458,334774,0.932113
26346,9950665;7960,2068765,0.999375;6407,189340,0.920925;5425,264948,0.976731;6873,219070,0.826999;5896,336216,0.932157
26443,9947369;8164,2069122,0.999576;5292,190460,0.923202;4473,265159,0.979075;5803,216994,0.836199;7169,332329,0.934614
26009,9942357;8094,2071435,0.999598;6782,189464,0.923515;5688,263274,0.975994;6567,217195,0.847142;7429,331501,0.936512
25896,9923733;8206,2065030,0.99971;6671,186466,0.925011;5235,261121,0.97816;6918,213733,0.858084;6241,329119,0.940799
26281,9951085;7517,2077947,0.999665;6046,191193,0.9228;5684,266724,0.979276;5474,216253,0.854265;7196,332598,0.939683
25978,9930278;7556,2071063,0.999665;5780,188192,0.921929;5715,266203,0.980371;6199,216090,0.86389;7211,331371,0.943368
26103,9932400;7448,2067423,0.999375;6412,191222,0.921594;5547,266153,0.978785;6666,217872,0.868021;6106,332162,0.944305
26165,9939389;7363,2080035,0.999732;5470,192252,0.923649;4699,269751,0.978495;5818,219913,0.869227;5985,337950,0.944908
26133,9932259;7318,2080981,0.999486;5945,194142,0.92845;5717,271362,0.979567;6582,218442,0.871885;7614,335986,0.945668
26202,9933423;5844,2087954,0.999665;6426,193024,0.922666;5344,268897,0.977378;6815,219963,0.877066;7118,332369,0.943814
26576,9960204;6936,2088316,0.999553;5952,194212,0.926597;5347,272187,0.979187;6373,221278,0.875949;7485,339235,0.944439
26619,9964175;7160,2087042,0.99971;5073,193977,0.925569;4951,273559,0.978718;5483,220580,0.885864;6017,341328,0.947387
25992,9916391;8084,2083834,0.999576;5502,195173,0.923403;4424,275151,0.979031;6668,221009,0.888968;6532,339513,0.951407
26338,9947366;8338,2081942,0.999687;5400,194047,0.92577;4375,268455,0.979477;6066,219974,0.892564;7300,336144,0.950112
25963,9920955;8316,2082902,0.999553;5902,194104,0.918312;5399,273291,0.979477;6672,221511,0.895154;7529,333902,0.951318
26348,9945625;8302,2091614,0.999598;6717,195452,0.921572;5949,276503,0.977535;7811,223401,0.898548;7798,338957,0.950916
26214,9930740;8205,2089410,0.999732;6292,194870,0.925927;5562,275206,0.980907;6677,222991,0.90105;7555,337484,0.952881
26644,9968259;7401,2087310,0.999732;6849,199209,0.927401;5553,278113,0.981219;6750,227812,0.907325;7845,346034,0.952613
26014,9941228;8079,2093785,0.999576;6942,196577,0.922845;5468,276450,0.980438;6982,222001,0.904332;7593,341668,0.951228
26225,9957156;7739,2094811,0.999464;6724,198340,0.921952;5946,277549,0.979745;7001,225680,0.901653;6625,345667,0.95067
26151,9938679;6394,2090746,0.999285;5934,195180,0.926574;5870,276210,0.978406;6835,221959,0.908084;7412,339832,0.954489
26242,9947371;7391,2097939,0.999218;6464,195439,0.924676;4578,275461,0.977066;5512,223016,0.910987;6589,339645,0.954891
26313,9944699;7102,2093870,0.999643;6957,197996,0.918334;5610,279281,0.980415;6808,223886,0.911478;8040,339948,0.954533
26123,9930658;7756,2092333,0.999509;6459,198034,0.921393;6095,278365,0.978785;6241,224050,0.908508;6688,343864,0.954578
25573,9964099;7566,2094861,0.999643;6748,201025,0.922912;5609,282506,0.981018;7294,227664,0.911054;7940,352983,0.952657
19847,9942059;8201,2098967,0.99904;7002,199263,0.921215;5597,281807,0.979165;7105,225794,0.916324;7753,345847,0.953372
19523,9951709;6761,2093639,0.99962;6988,200061,0.926954;5564,283684,0.980482;6940,225288,0.921483;7832,350602,0.95632
19965,9949244;7576,2097769,0.999665;5512,200565,0.925056;4545,283315,0.979969;5588,226924,0.917039;6739,348045,0.956431
19935,9939986;7617,2100555,0.999777;6732,199920,0.925636;5489,282202,0.981309;6885,225430,0.918423;7967,349330,0.955315
19532,9913407;8223,2101147,0.99971;7081,200689,0.924118;5342,279197,0.98008;5668,223110,0.919987;6333,340201,0.957235
19995,9949423;8219,2097543,0.999687;5569,199075,0.924766;4668,285558,0.979835;5527,226656,0.922242;6247,348061,0.957749
19872,9933902;8280,2095515,0.999576;5372,199332,0.925882;4548,282330,0.980214;5767,221331,0.921728;6453,344195,0.958799
23337,9932659;8249,2098900,0.999017;6886,199588,0.925413;5506,284559,0.979187;6952,225319,0.921014;7776,345815,0.961099
25688,9954178;7835,2101327,0.999419;6450,201578,0.921952;5921,284526,0.978272;7082,226576,0.919116;7964,345028,0.958352
25296,9955115;8275,2097445,0.999017;5998,200387,0.927378;4981,284252,0.979567;6098,225386,0.916615;6033,348972,0.957637
25764,9950181;7676,2107961,0.999464;6025,202489,0.920121;5353,286401,0.980616;7196,227836,0.914783;7755,350627,0.95661
25340,9919153;6124,2097814,0.998839;7920,200043,0.92213;6070,281720,0.979321;6855,223141,0.919093;7654,344340,0.95728
21007,9926260;8097,2100772,0.999598;5362,200471,0.921014;4583,283966,0.977937;5521,224749,0.922242;6447,343607,0.958151
19780,9911857;8051,2092275,0.999285;5680,195893,0.925547;4413,280399,0.978182;5790,224400,0.924297;6123,342619,0.958843
21282,9953841;8063,2099844,0.999643;5616,202553,0.928316;4486,284029,0.979589;5710,228598,0.924877;6464,350866,0.960049
19700,9945686;7785,2100809,0.999464;5432,200282,0.924163;5564,285018,0.978897;6049,225485,0.923962;6169,344610,0.959044
21560,9930424;7473,2101224,0.999643;6404,201281,0.924587;5881,283907,0.978272;6867,222887,0.919138;7794,345337,0.956029
18841,9947529;8132,2102078,0.999419;7390,200793,0.928249;5731,283494,0.980348;6902,225932,0.919026;7928,348260,0.959044
18905,9942598;6347,2104350,0.999553;6524,200782,0.92423;5957,286310,0.979678;7322,229454,0.923493;7465,348328,0.958888
18802,9937081;8143,2113891,0.999643;5815,201274,0.922086;4403,284890,0.978093;5578,226594,0.916927;6431,349479,0.958285
19260,9928847;8179,2108705,0.999643;6671,201678,0.923805;5458,284976,0.977758;7083,225973,0.916503;7808,348107,0.957503
19532,9949413;8166,2109968,0.999486;6843,201673,0.921751;5652,288006,0.978785;7103,229870,0.918937;7758,351134,0.95699
18440,9923772;8038,2100969,0.999464;5513,200211,0.926284;5228,283874,0.979299;6986,227454,0.925368;7777,344410,0.956923
18405,9912389;8013,2096301,0.999553;7315,197975,0.924096;6050,278663,0.978004;7255,222755,0.921572;7656,343339,0.959379
18013,9950086;7552,2108251,0.999643;5952,204798,0.927579;4528,285880,0.978674;5655,228613,0.923671;6535,352942,0.959312
18363,9956247;7705,2096413,0.999598;5830,202600,0.922823;4901,288475,0.978071;6536,229967,0.919897;8220,350976,0.95987
18505,9939378;7493,2100738,0.99971;5811,203039,0.923403;5110,285713,0.978406;5614,226495,0.91523;7909,349489,0.955092
18792,9953216;7527,2102590,0.99933;6509,202712,0.917619;4613,283228,0.978517;6218,225749,0.918401;8346,349377,0.958598
21293,9936661;7487,2101846,0.999486;6541,200158,0.921059;5667,283870,0.977937;5799,226050,0.918289;6284,352054,0.956811
21839,9950995;7726,2096773,0.999442;6432,202392,0.922398;5704,287470,0.978517;7292,228705,0.920746;8020,353226,0.957861
19582,9961894;7468,2106256,0.999419;5413,204246,0.920054;4515,289084,0.977736;5577,228911,0.921974;6305,352218,0.957928
18730,9949593;7577,2101280,0.999509;5312,205367,0.924743;4977,288229,0.979477;5524,229127,0.91887;6133,349930,0.957637
18298,9919269;7515,2093946,0.999643;6383,200083,0.922622;5637,284869,0.977825;6965,224543,0.917485;7751,346484,0.959111
18443,9941183;7493,2104087,0.999509;6977,202882,0.923024;5869,286273,0.978294;7396,228584,0.919473;6956,349409,0.957258
18550,9948277;8153,2103989,0.999486;5864,202903,0.922532;4879,287625,0.978071;5892,228972,0.919719;8229,354484,0.958263
18033,9915881;7459,2104353,0.99962;7660,201646,0.921929;6589,285878,0.979142;7241,223272,0.915297;6417,347410,0.955672
18011,9922857;7501,2108864,0.99933;7275,201691,0.916056;5973,287113,0.979165;6370,227249,0.916481;6592,348245,0.95766
17467,9940744;7513,2106220,0.99962;6750,201334,0.913153;4983,287790,0.980103;7986,227193,0.920188;8256,348374,0.958129
17170,9947823;7853,2102141,0.999553;7398,203751,0.922756;5929,285400,0.978785;7313,228704,0.92146;8437,350935,0.957995
17652,9931647;8278,2114783,0.999308;8191,201738,0.920366;5553,286546,0.978495;5962,226441,0.919518;7812,347196,0.95335
17852,9936725;7700,2102787,0.999576;6685,204047,0.915989;5405,286663,0.976574;5588,226554,0.922666;6322,352366,0.956208
16987,9932342;7551,2106192,0.999576;5575,201948,0.921192;5392,285365,0.978093;6281,227158,0.92146;6069,347986,0.955337
15282,9933269;7566,2108149,0.999687;5258,200971,0.916235;4432,285088,0.978026;5466,226196,0.914739;5990,350431,0.953953
15055,9950096;7538,2105634,0.999509;5155,203954,0.919272;4369,288973,0.979053;5568,231399,0.914069;6797,356142,0.958106
15679,9954844;7530,2102979,0.999285;6686,203441,0.921483;5535,287335,0.978674;6863,227864,0.917195;7624,352258,0.960384
16138,9962572;5221,2106450,0.999442;6414,205335,0.924073;5578,291559,0.978026;7091,233107,0.91456;7834,355243,0.955806
17009,9953044;6957,2107127,0.999486;6706,203664,0.920567;5618,286295,0.976976;6914,227883,0.910674;7638,350460,0.956364
16293,9919907;7530,2102206,0.99962;6458,202451,0.921974;4458,286819,0.979187;5479,227313,0.91351;6082,348392,0.956766
16784,9930466;7562,2107642,0.998928;5435,202314,0.91858;4373,283446,0.979031;6372,225633,0.914694;7456,347123,0.956074
17502,9947401;7525,2102628,0.999509;6341,204846,0.923225;5618,286349,0.976195;6856,228217,0.913801;7547,351892,0.95594
17185,9927857;8199,2108983,0.999598;7300,203341,0.917106;5397,285059,0.977713;6850,227599,0.91561;7347,347463,0.957905
16372,9939649;8120,2103415,0.999486;5108,201836,0.922465;4413,285274,0.978048;5741,225663,0.917463;7449,347875,0.957593
14706,9957325;6585,2104951,0.999643;6572,202532,0.920523;5052,286832,0.976195;5479,229806,0.91753;6087,355147,0.957905
14143,9960384;7551,2107330,0.999196;5360,205710,0.922019;4414,289376,0.977512;5589,231137,0.917039;6195,356176,0.95795
13230,9947889;8129,2106697,0.99962;5439,202281,0.922622;4361,286069,0.97816;5231,227020,0.917619;6483,348266,0.95987
13586,9931388;8065,2100574,0.999218;6312,199801,0.920992;5496,281927,0.976641;6616,222986,0.913466;6066,344714,0.958776
13692,9919925;8099,2107510,0.999486;5412,199069,0.922577;4273,280069,0.976686;5349,222168,0.910004;6035,341132,0.957771
14117,9940901;8180,2106366,0.999732;5023,201299,0.92414;4424,284746,0.979544;5340,226788,0.9159;6017,345600,0.958084
14207,9935785;8088,2099838,0.999509;5698,199271,0.925234;4594,280594,0.978517;5526,224901,0.916146;6560,344573,0.957235
14596,9956945;8059,2104318,0.999486;5127,199385,0.920009;4769,285941,0.979142;5601,227682,0.919093;6033,348118,0.95833
15347,9956098;8090,2099057,0.999241;5213,200112,0.920255;4580,283276,0.978339;5679,227233,0.918021;6213,345527,0.956454
16101,9940541;8117,2104556,0.999397;5496,200214,0.922197;4266,283055,0.977289;5588,225757,0.918892;6036,347758,0.954042
15089,9944280;8103,2093492,0.999598;5329,197632,0.922488;4232,279294,0.979165;6266,224398,0.922666;5865,343298,0.957101
15197,9939584;8055,2099683,0.999576;5558,197694,0.920232;5786,280331,0.978048;6812,223445,0.921773;6762,344186,0.958129
14917,9938285;8284,2102531,0.999598;5391,198115,0.918111;5710,279612,0.977267;5487,224960,0.91992;5856,342114,0.958218
13586,9941590;8207,2098859,0.999844;5658,197858,0.923939;4543,279027,0.97816;5801,223932,0.921617;7574,345145,0.957749
13611,9960576;7362,2100492,0.999509;6576,199333,0.922532;5054,281175,0.978048;6577,226516,0.919585;6233,346816,0.957704
13355,9950126;8126,2097672,0.999241;5879,199666,0.922376;4201,282602,0.978272;5562,225102,0.91389;6071,347394,0.956253
13857,9929119;8211,2096945,0.999486;5262,197497,0.925324;4426,279068,0.976485;5273,222351,0.910674;5873,339657,0.956498
14311,9951572;8210,2104543,0.999643;5689,199112,0.918557;5426,282457,0.977624;6967,225130,0.911791;7450,345827,0.955449
14545,9938486;7758,2106286,0.999553;6568,196084,0.915163;5663,279889,0.978406;6526,221900,0.909513;6832,344758,0.954913
15309,9934942;6519,2103250,0.999531;5518,199236,0.921371;4455,280916,0.97615;5369,223058,0.907928;7260,345407,0.953953
15203,9926549;7245,2094304,0.998883;6297,194732,0.920143;5355,278642,0.977244;6740,223927,0.90728;7296,340816,0.955047
15700,9923103;6601,2106848,0.99962;6358,198542,0.919897;5485,280619,0.97682;6583,222377,0.902925;7415,343353,0.954221
16205,9925654;7466,2102390,0.999777;6771,196114,0.919339;5589,279074,0.977334;5366,221631,0.905806;5841,340279,0.953327
16316,9946486;6838,2102045,0.999844;5504,197853,0.918088;4545,283430,0.979812;5431,225401,0.909424;5814,344732,0.954198
16014,9955872;8275,2105369,0.999509;5612,196351,0.925413;4303,274979,0.97816;5314,223453,0.911166;5878,345159,0.95527
15727,9918089;7637,2097076,0.999375;5240,193696,0.917619;4311,274891,0.977289;5233,219657,0.907436;5932,337840,0.95498
15939,9930430;6737,2102096,0.999509;5032,195451,0.917463;4373,276009,0.978584;5548,221616,0.912885;7286,338494,0.953707
13676,9944057;8078,2097741,0.99962;7020,196492,0.924475;4289,278151,0.978205;5355,224256,0.910585;5894,344934,0.95594
13782,9942366;7184,2096030,0.999687;5633,194618,0.915543;4259,276767,0.977289;5248,222763,0.912014;7132,343610,0.955561
13225,9922619;6191,2092648,0.999598;5607,194733,0.913444;5385,277310,0.98017;6720,221888,0.912617;7654,342384,0.955851
12878,9928114;7000,2093094,0.999665;6755,196104,0.921974;5185,275637,0.978852;5233,220473,0.909647;5794,341107,0.953372
13262,9911116;8191,2087199,0.999687;5237,191431,0.918915;4805,274956,0.978495;6756,220977,0.910339;7220,334423,0.95498
12885,9924447;6613,2083937,0.999888;6115,190147,0.916905;6124,271744,0.978808;5130,219894,0.910607;6035,338180,0.954935
12484,9944618;7547,2088951,0.999687;5439,193773,0.918647;4356,274600,0.978093;5195,220253,0.90469;6665,338266,0.954734
11937,9917658;7621,2088488,0.999531;5943,189905,0.922733;4781,271512,0.978361;5256,217306,0.907168;5949,336722,0.954444
11371,9942690;8092,2083585,0.999777;5371,191693,0.91916;4359,271919,0.976976;5176,218450,0.906186;5972,338584,0.952903
11245,9893536;7408,2079656,0.999687;5504,190228,0.922577;4151,269980,0.97941;5108,214036,0.903015;5861,332477,0.950603
11282,9918265;7973,2090955,0.999509;5200,186921,0.916883;4033,267416,0.978741;5157,215514,0.90402;5929,335012,0.951764
11193,9869134;8266,2094888,0.998816;5717,188638,0.921974;4374,268685,0.977088;6051,214232,0.899397;6372,333886,0.949955
11255,9884253;8227,2086442,0.999643;6374,186606,0.915677;5424,264273,0.978473;5006,211483,0.890978;6563,331710,0.947968
11258,9890906;8092,2078232,0.999509;5450,184958,0.920523;4207,263021,0.977356;4962,209240,0.891313;6241,330087,0.95
11273,9879593;7529,2085564,0.99971;5122,182938,0.923984;4227,260392,0.97816;5275,209609,0.895824;5951,325125,0.946628
11286,9898133;7544,2088530,0.999553;5027,183178,0.918982;4167,264765,0.978517;5795,210899,0.892966;5824,331364,0.94406
11274,9899985;7484,2075395,0.999509;5292,177745,0.921036;3995,259675,0.977088;5057,206350,0.891827;5731,325867,0.942541
11061,9887380;7529,2086290,0.999553;5273,173133,0.927222;3904,249872,0.977669;4719,197972,0.884748;5574,317926,0.939013
10716,9546383;6080,2078521,0.999732;4405,138158,0.929701;3455,203958,0.978071;3555,156165,0.888343;5132,259043,0.934748
10316,8889151;7943,2081755,0.999777;4784,108349,0.934658;3891,162284,0.979924;3628,124670,0.890174;3849,207453,0.933162
9030,7841595;8095,2078834,0.999777;3952,79789,0.942407;2931,120734,0.981398;2075,94175,0.893167;2767,161439,0.933408
7225,6415611;6751,2076834,0.999419;2734,56106,0.944194;2186,85696,0.982269;1503,64043,0.895065;1797,110771,0.931108
5352,4817209;8052,2079250,0.999598;2393,38183,0.946717;1820,57780,0.982738;930,43245,0.89636;1141,74812,0.931219
3494,3105043;8205,2077484,0.999241;2379,22013,0.947119;1918,34149,0.98218;707,24875,0.896047;798,42709,0.930482
1766,1552619;8055,2087390,0.999062;2028,10896,0.950402;1664,16222,0.982113;288,10895,0.89741;350,19493,0.930438
1043,882500;8045,2077094,0.999553;2145,5799,0.951496;1199,9247,0.982224;185,7013,0.897946;195,10746,0.930639
374,319210;8179,2079914,0.999576;1879,2084,0.950648;1103,3687,0.982381;64,2560,0.898102;70,4200,0.930862
222,191313;8222,2075119,0.99962;1945,892,0.951809;1085,2515,0.982448;35,1486,0.898035;42,2692,0.930706
208,151394;8087,2081052,0.999285;1248,1042,0.952166;901,1573,0.982559;27,1082,0.898146;33,1671,0.93084
93,71396;8196,2077173,0.999687;1066,518,0.952412;1331,890,0.982537;18,677,0.897901;18,1038,0.930728
