26992,10024003;3411,641204,0.953953;5974,1019839,0.95364;6005,1055035,0.971594;6003,980459,0.933095;6361,967962,0.949799
25448,9317626;3487,643970,0.947521;2028,201220,0.934792;2440,217569,0.957526;1588,210958,0.915632;1706,215252,0.933229
25054,9274556;3738,651079,0.952881;2347,212224,0.91925;2079,223925,0.948191;1818,219707,0.897946;2127,224091,0.918624
23793,9350546;3516,653306,0.957302;2560,221810,0.909335;2710,236420,0.94167;1495,228017,0.879098;1332,236007,0.904422
23643,9293147;3564,657571,0.957436;1669,224680,0.903707;1729,244275,0.93305;1320,236211,0.861769;1358,241298,0.88812
23738,9383849;3632,664204,0.955605;1724,236862,0.898883;1873,259424,0.939214;1405,245401,0.842876;1447,252995,0.879857
23338,9358977;3869,661877,0.962439;1979,237244,0.893033;1869,260170,0.933988;1517,251019,0.831666;2138,256425,0.869049
24552,9351028;3618,673856,0.961188;2755,238925,0.885753;2846,265075,0.929611;2387,258727,0.817642;2339,262758,0.85958
23570,9288686;3630,673025,0.963778;2616,248191,0.882671;2855,272453,0.928495;2411,263873,0.805628;2516,268703,0.8523
23485,9269411;3687,682962,0.960384;2750,247511,0.878115;2855,274217,0.923537;2475,259358,0.800402;2579,276850,0.855873
23435,9344649;3791,675427,0.965565;2533,260640,0.87816;2970,291674,0.930817;2698,278916,0.793837;2844,285164,0.854131
24428,9337650;3661,686395,0.963109;2951,265336,0.876463;3123,294827,0.9318;2831,282642,0.792318;2801,286251,0.846985
24511,9356294;3650,688208,0.968647;3334,272070,0.874944;3245,304551,0.92912;2952,292087,0.800357;3046,298060,0.858598
25651,9223705;3888,687357,0.970121;2862,265571,0.874989;3137,299916,0.935909;2796,284199,0.800223;2973,292585,0.849665
25877,9295429;3625,689532,0.96686;3085,276700,0.880348;3420,315126,0.934748;3035,295573,0.791603;3162,309717,0.858598
26776,9307470;3616,688962,0.971326;3160,287635,0.878919;3117,322425,0.940866;2984,306020,0.800893;3202,316168,0.854801
26411,9339330;3637,695138,0.969674;3322,284845,0.878874;3285,321473,0.935418;3346,303117,0.800938;3393,314253,0.853015
24676,9333718;3973,699632,0.972979;3386,295277,0.879946;3345,338648,0.93841;3043,313266,0.804556;3389,330987,0.856543
24457,9363741;3645,700579,0.97021;3535,290825,0.882849;3339,333649,0.936222;3139,311217,0.805315;3276,324351,0.865029
24366,9244503;3635,703003,0.969451;3470,295475,0.874587;3345,332934,0.931889;3061,310480,0.805851;3333,328105,0.865431
24105,9331509;3660,701199,0.973649;3425,307330,0.87941;3853,346142,0.933006;3302,325178,0.81389;3623,339353,0.868155
25004,9312626;3793,708829,0.97356;3560,305578,0.879276;2583,346771,0.938053;3314,324143,0.816927;3586,338974,0.873694
25179,9318649;3668,707546,0.976016;2535,308421,0.879678;2394,350510,0.945511;2294,326321,0.821259;3526,340442,0.875078
24565,9343209;3664,709980,0.970165;3733,306356,0.882358;3444,349256,0.942474;3246,325919,0.824163;3493,340070,0.876463
24351,9267052;3966,711013,0.973202;3578,312937,0.872979;3443,355457,0.943055;3338,332014,0.821974;3821,354633,0.880527
31336,9277871;3685,708377,0.975882;3894,312489,0.876239;3703,356529,0.944216;3417,336682,0.834256;3607,347672,0.88008
31901,9347084;3699,712239,0.975703;4049,321702,0.875301;3637,363192,0.943993;3469,335717,0.822287;3839,355795,0.887852
26941,9372390;3690,715652,0.973068;3969,322823,0.879902;3846,368223,0.948146;3567,341610,0.838857;3843,356657,0.890353
23775,9356203;3874,711235,0.9749;3865,318139,0.875659;3724,360744,0.946405;3498,331980,0.835105;3736,349703,0.886065
22732,9321407;3707,712868,0.977758;4031,324147,0.874989;3763,366178,0.94234;3515,337472,0.84301;3960,358961,0.887718
22840,9412856;3701,720062,0.977892;4189,331333,0.879232;3777,378536,0.94167;3692,350503,0.853908;4007,374087,0.895176
22457,9294118;3993,717515,0.973872;4137,318712,0.884725;3821,370551,0.947521;3538,337329,0.853327;3985,361358,0.894685
22336,9295187;3700,715326,0.982939;4123,325038,0.890978;3749,374292,0.949442;3809,342396,0.849397;4020,359639,0.902992
24004,9342525;3700,717052,0.979276;4154,324006,0.880661;3815,371488,0.94962;3589,346130,0.860875;3830,361661,0.904556
23346,9332122;3687,715861,0.977222;4045,324228,0.88209;3787,371544,0.945824;3932,344083,0.854131;4051,358432,0.90661
23210,9421699;4010,722530,0.977401;4260,336701,0.883296;3818,383311,0.946405;3610,349959,0.855159;3940,373339,0.896784
22495,9312143;3712,721539,0.97883;4460,334668,0.896025;4095,384090,0.948906;3801,348198,0.860384;4052,370228,0.903752
22129,9342770;3666,719241,0.9795;4084,330735,0.881331;3831,384609,0.947521;3594,349753,0.853685;3996,373488,0.908977
24532,9275939;4022,722645,0.975614;4227,334139,0.887494;4006,375774,0.946494;3845,347638,0.852523;4207,365619,0.914381
23818,9405251;3723,725968,0.978339;3149,333058,0.878741;3520,389735,0.944618;3912,358050,0.861188;4019,371331,0.910272
23301,9345047;3699,721604,0.975748;4297,330943,0.884189;3901,386750,0.953015;3580,352579,0.864984;4064,371222,0.910317
22395,9302615;3667,721465,0.9749;4532,333949,0.885574;4144,379948,0.946896;3836,348133,0.864582;4020,368287,0.910808
22931,9306301;4011,723276,0.978874;4358,327470,0.887316;3799,380323,0.949308;3653,351380,0.867218;3996,371385,0.910808
24421,9313319;3683,724168,0.977043;4345,334778,0.88678;3698,382379,0.951854;3569,350546,0.866682;4144,373554,0.917865
23752,9296649;3713,727036,0.979544;4658,331861,0.88276;3809,382051,0.950335;3630,347029,0.874408;3944,369508,0.917374
24068,9347408;3995,724476,0.979455;4195,335495,0.8795;3815,385551,0.951987;3829,351846,0.879946;4052,370604,0.917776
24238,9397489;3709,726314,0.979142;4496,341011,0.88218;3903,390684,0.948504;3734,358792,0.876061;4130,380391,0.918044
26046,9207450;3725,727549,0.980482;4172,328552,0.883028;4271,380868,0.949129;3876,346360,0.874274;4098,371238,0.917151
24566,9392060;3697,727407,0.980482;4478,340081,0.88343;3859,392511,0.95172;3790,363693,0.876552;4140,381710,0.92059
24293,9358086;4020,725231,0.980482;4476,343170,0.883162;4209,390251,0.951541;3990,358942,0.874632;4215,380939,0.915275
23554,9342922;3709,725381,0.978919;4692,346581,0.895489;4059,393842,0.950201;4010,355053,0.866592;3674,382131,0.916525
23744,9384169;3691,725110,0.979455;4292,341840,0.884011;3766,394392,0.946583;3684,355109,0.873738;4363,379603,0.922108
25023,9359163;4006,724455,0.978607;3060,342041,0.881688;2706,395924,0.953283;2606,357055,0.87548;2865,381911,0.91657
23971,9318257;3675,726054,0.975614;4869,342110,0.889415;3932,400783,0.950648;3584,359206,0.882448;3342,385281,0.92184
24260,9351177;3710,730480,0.980527;4861,339741,0.891737;3979,394023,0.952791;4084,359442,0.88745;3805,383198,0.922465
24155,9296835;3676,724764,0.979723;4113,338243,0.880884;3844,395032,0.950514;3699,358579,0.886065;4283,380957,0.925904
23618,9402085;4033,729856,0.980304;4425,346282,0.89004;3991,395898,0.947745;3774,361777,0.877803;4104,387809,0.925547
24881,9352250;3713,728093,0.979366;4339,344818,0.894596;3875,392860,0.949754;3991,359929,0.879455;4180,384411,0.922197
24504,9341784;3717,729095,0.98017;4376,340717,0.884457;3869,397899,0.950022;3709,358098,0.876999;4148,390929,0.922912
25364,9326431;4038,730237,0.98017;4298,341311,0.88736;3733,392626,0.948638;2910,355190,0.88075;2846,382328,0.921215
24146,9319488;3708,726792,0.97816;3902,343979,0.886869;3989,397965,0.949844;4082,356491,0.881644;4153,379175,0.923403
24106,9254197;3706,730957,0.981599;4406,334315,0.891291;3940,390224,0.952434;3772,354150,0.874498;4294,377779,0.927914
24510,9301578;3684,730516,0.98218;4132,330883,0.88879;4088,395819,0.953015;3860,353944,0.875257;4363,383801,0.933363
23969,9283400;4041,731175,0.978026;4405,342935,0.892005;3967,393249,0.952613;3796,358789,0.880214;4124,380265,0.92653
23794,9402163;3735,727552,0.979768;4423,345124,0.893881;3905,396282,0.949844;3795,365369,0.884547;4184,386629,0.921527
24506,9287212;3710,732565,0.982448;3762,341239,0.895221;2711,391648,0.953327;3662,356388,0.879946;4196,382001,0.924699
25230,9278534;4022,729586,0.979589;4290,332904,0.885931;3560,388445,0.952032;3963,357064,0.882448;3201,380069,0.927155
24281,9319560;3729,731660,0.978339;4276,343619,0.889772;3868,403961,0.952657;4039,366943,0.887628;4534,386246,0.927557
23907,9371749;3707,728934,0.98017;4311,348336,0.889013;4069,402706,0.951362;3158,370596,0.888745;3023,392471,0.922376
24935,9308760;3708,730940,0.980214;4521,341632,0.889996;4049,394745,0.950648;3864,360727,0.879321;4207,385992,0.921795
24959,9308743;4044,728650,0.978874;4492,346071,0.885351;4066,398006,0.948772;4016,363589,0.878071;4296,386200,0.925994
24492,9267660;3738,730521,0.977937;4511,338332,0.885976;3934,390933,0.946092;3764,355223,0.87682;3341,378330,0.92251
25984,9299399;3726,731814,0.981554;4573,344029,0.883296;4113,393312,0.947298;4179,364646,0.879634;4755,385030,0.927602
27038,9395567;3986,727917,0.978785;4703,353926,0.887807;4382,405799,0.954131;4207,367646,0.879991;3569,389121,0.926664
27325,9366158;3724,729608,0.976731;4544,350741,0.890889;3991,404828,0.952077;3200,369749,0.881867;4242,392179,0.92519
26937,9327678;3710,728760,0.981242;4535,344099,0.893301;3933,394883,0.952121;3693,360866,0.887182;3162,386784,0.930013
26407,9365961;3705,730866,0.976329;3741,350587,0.885306;4138,398250,0.954712;3837,363661,0.883564;4170,389660,0.9251
25946,9370820;4042,727024,0.974051;4458,350378,0.890799;4225,403494,0.952345;4056,370597,0.890397;4289,394471,0.931398
23264,9276241;3725,731656,0.976775;4351,348214,0.888343;3671,397016,0.950558;3663,358545,0.886735;4232,386310,0.928316
22996,9439441;3726,732416,0.975927;5001,355248,0.891201;4183,405055,0.949665;4164,371139,0.884859;4327,392700,0.924163
28636,9360431;3968,729936,0.978383;4896,347739,0.899687;4031,407093,0.952121;3885,366754,0.878071;4233,391207,0.925815
22533,9345209;3732,730297,0.977043;4473,342380,0.88343;3962,398428,0.950648;3799,357202,0.880259;4195,383760,0.925592
21925,9313742;3709,729942,0.979946;4826,343690,0.88075;4157,396067,0.947611;4056,357543,0.874855;4261,386859,0.93314
21719,9271317;3694,729604,0.98084;4485,333443,0.877758;3795,387871,0.946673;3787,357081,0.879008;4103,375652,0.926664
23160,9299236;4022,725894,0.977669;4524,346213,0.88946;2991,397230,0.952791;4014,360024,0.882448;4230,384939,0.93113
24117,9317206;3711,730360,0.977579;4369,349797,0.884323;3777,403719,0.95029;4377,364598,0.882626;4334,391166,0.926708
22743,9404460;3720,729182,0.978785;4325,352699,0.881956;4044,402385,0.951318;4288,367334,0.88008;4825,394694,0.924163
22505,9290777;3899,728534,0.975257;4479,341038,0.886155;3895,396616,0.949754;3856,357808,0.878115;4396,378012,0.921885
22950,9438151;3712,733007,0.980214;4439,352088,0.881465;3924,409142,0.951184;4055,371230,0.884011;4440,397364,0.923761
24328,9327766;3758,730782,0.97816;4875,345571,0.877267;3799,394735,0.947521;3995,364430,0.876775;4385,393144,0.923448
23579,9338469;3719,732558,0.978785;4755,353304,0.882671;4425,400879,0.94703;4211,360264,0.864582;4381,390886,0.927512
23436,9394308;4012,726247,0.977043;4354,349745,0.886155;3723,402122,0.949084;3664,365466,0.877847;3908,390249,0.922153
22395,9351088;3701,726917,0.976999;4123,349190,0.878741;3895,400444,0.952434;3578,361716,0.877535;3900,387771,0.922733
22913,9362621;3734,729891,0.976552;4150,355019,0.88678;3713,406099,0.946271;3701,367318,0.875123;4087,392605,0.922063
25083,9314808;3854,734626,0.977624;4071,344895,0.878607;3721,404891,0.949844;3635,368139,0.88669;3987,395104,0.927423
25070,9317188;3731,731150,0.979276;4195,347277,0.884681;3885,402498,0.951362;3614,366876,0.878919;3937,388335,0.919652
22770,9312453;3738,732486,0.975837;4172,345037,0.883877;3731,399256,0.950648;3576,359167,0.87356;4030,384523,0.923403
22315,9344289;3703,726941,0.979678;4482,349685,0.886646;4037,404777,0.947343;3846,365581,0.875882;4279,393754,0.923448
22924,9365004;3991,731633,0.978696;4492,348641,0.883832;3950,400538,0.94895;3926,370879,0.878741;4294,392808,0.924163
26269,9440457;3735,733052,0.979187;4765,356564,0.88218;4086,409500,0.948191;3927,368420,0.876061;4235,393608,0.920277
22300,9360186;3715,729954,0.978517;4482,351578,0.884636;3998,406123,0.946673;3896,367349,0.889281;4239,398174,0.927959
23301,9373033;3728,730998,0.977803;4682,346600,0.888968;4009,398241,0.946539;3938,365542,0.881733;4218,387100,0.927602
22304,9317192;3948,732164,0.977803;4579,345897,0.890487;3960,400392,0.952032;3810,363618,0.891335;4190,386065,0.927646
22627,9389812;3725,731294,0.978383;4608,349842,0.891157;4127,399390,0.951586;3968,365399,0.883921;4287,390457,0.929924
23189,9387621;3705,730674,0.975033;4412,351000,0.89004;4095,403882,0.948057;3885,368441,0.881956;4261,394705,0.929477
23214,9308787;4014,730154,0.976552;4411,347067,0.878562;3945,399172,0.950737;3871,362622,0.880884;4327,385008,0.925145
22807,9366042;3719,732343,0.977803;4630,349675,0.884949;4063,407563,0.9569;3874,366126,0.884323;4230,390997,0.921304
22571,9288422;3731,730709,0.980214;4448,341041,0.88669;3930,394718,0.95565;3740,358069,0.886333;4187,384130,0.931889
24038,9362644;3706,728945,0.976284;4689,343833,0.881063;4139,396380,0.952389;3894,361042,0.883341;4177,386211,0.926976
30267,9187020;4014,729690,0.974944;4408,344508,0.883787;3897,393509,0.951318;3799,361435,0.887986;4175,382551,0.925145
22961,9325427;3722,728673,0.978339;4479,344647,0.889594;4106,394065,0.952255;4090,363920,0.887762;4145,383635,0.92653
26788,9326624;3712,728849,0.979991;4746,347485,0.881286;4000,393854,0.951452;3881,361545,0.879589;4287,388304,0.926172
30327,9346500;3693,729948,0.979634;4683,343079,0.888254;4170,398259,0.952121;3844,359976,0.881286;4232,384476,0.923046
30131,9349906;3857,731297,0.97682;4426,344352,0.885931;4099,397718,0.95297;3999,361672,0.879232;4260,387799,0.921081
24423,9338332;3717,730708,0.978607;4476,341481,0.889281;3970,397384,0.949129;4017,358233,0.873828;4422,386149,0.917954
24237,9300436;3745,729610,0.981197;4390,334271,0.879321;4326,394749,0.948459;3945,357021,0.866056;4130,380081,0.915185
24893,9210222;4035,730029,0.975837;4475,339503,0.876686;3959,395842,0.954176;3769,359270,0.875078;4138,380118,0.924609
22714,9285936;3738,731467,0.978294;4829,343462,0.880884;3961,394556,0.952255;3870,363294,0.886155;4179,387225,0.930237
22588,9337249;3728,732708,0.980795;4427,343641,0.888298;4363,396969,0.948236;3911,365609,0.885172;4166,386399,0.927959
22111,9373060;3705,729318,0.978562;4557,350321,0.892943;4048,407504,0.943725;4118,363827,0.886824;4457,389357,0.927914
21961,9334794;4038,734277,0.97548;4798,341871,0.887539;3941,396972,0.946985;3918,364624,0.879634;4249,384861,0.927691
23251,9334667;3723,729659,0.979812;4352,341390,0.885172;3897,386561,0.944752;3820,360068,0.872309;4157,381441,0.927423
22337,9288395;3730,727204,0.979768;4428,337418,0.892184;3890,387242,0.951809;3717,353606,0.883296;4457,378574,0.933095
22746,9359245;3730,728311,0.977535;4851,347475,0.885172;4027,396490,0.94895;3875,361784,0.877177;4227,384739,0.929969
22415,9344196;3801,731297,0.978785;4877,350809,0.886735;4116,399980,0.945377;3941,366774,0.87481;4199,389072,0.925994
21623,9313638;3755,733795,0.979008;4327,335428,0.886378;4012,394196,0.948995;4012,355506,0.876507;4257,378488,0.923671
22428,9325446;3733,730463,0.976954;4715,338853,0.890621;3933,396125,0.948772;3859,362161,0.885887;4180,385530,0.931264
22699,9380707;4032,727581,0.977222;4749,342400,0.889102;4047,393990,0.948861;3869,361540,0.879634;4182,384900,0.926887
22611,9323161;3722,730235,0.977758;4295,336469,0.878785;3957,391002,0.950826;3997,355904,0.871728;4361,379692,0.920724
22267,9301733;3699,729619,0.978115;4541,346652,0.887003;3953,395745,0.947164;3808,357649,0.881018;4197,383567,0.923448
23072,9198704;3728,730556,0.978294;4565,340557,0.88544;4185,384323,0.946405;3745,349133,0.872264;4123,376424,0.922823
21573,9363749;4018,726662,0.976597;4435,343757,0.88017;3982,397057,0.953238;3836,360282,0.884189;4479,383619,0.925145
23352,9293241;3737,729914,0.979098;4489,340160,0.877043;4013,391594,0.953819;3731,355358,0.882582;4091,376050,0.918669
22565,9342998;3705,727575,0.974498;4380,339597,0.880527;4306,392521,0.949174;3892,358986,0.874408;4228,383727,0.917686
22537,9263954;3785,727082,0.979232;4354,329151,0.886824;3920,386539,0.94962;3673,347471,0.884591;4302,375531,0.926887
21891,9326523;3464,726427,0.981376;4651,334208,0.890799;3973,386009,0.946807;3734,352903,0.891737;4142,377279,0.924699
21961,9270160;3496,727954,0.978428;4344,331830,0.887271;4078,384007,0.952255;3946,348568,0.882671;4161,378262,0.926038
23207,9354641;3524,728377,0.975703;4555,342199,0.885529;4010,394390,0.953461;3789,354472,0.882314;4196,381344,0.923493
23426,9345244;3804,733029,0.977803;4816,336544,0.887941;3982,393536,0.952434;3844,356150,0.880482;4120,379918,0.922957
25707,9247855;3512,730448,0.979321;4291,326374,0.886199;3811,378778,0.94962;3898,350423,0.876016;4256,370013,0.9205
24049,9282263;3496,725345,0.9795;4515,331292,0.883564;3888,384866,0.947387;3715,349437,0.876686;4088,377646,0.918669
24231,9298076;3547,729186,0.978651;4558,333255,0.882001;4067,385325,0.948504;3745,346440,0.876954;4181,380759,0.915007
25776,9198631;3768,728358,0.977847;4266,325259,0.885083;3777,378764,0.949486;3623,342261,0.877088;4262,364345,0.919116
25428,9300407;3499,730134,0.974185;4567,335632,0.886601;4012,383183,0.949754;3751,356672,0.875301;4142,382951,0.916481
25647,9201139;3528,726877,0.979768;4336,329504,0.886556;4211,382729,0.950514;3859,348268,0.873783;4097,373965,0.917597
24607,9251553;3526,729384,0.979902;4225,328250,0.885172;3772,379438,0.949531;3688,344543,0.868647;4079,370214,0.915855
24479,9177947;3510,727109,0.978517;4538,318503,0.883296;3808,370226,0.951273;3643,339547,0.867887;4006,367624,0.912104
26070,9168883;3530,730611,0.974274;4145,323239,0.883832;3757,373443,0.950692;3824,341026,0.864582;4164,366094,0.91456
24280,9252772;3544,731206,0.97548;4296,325790,0.884413;3771,377787,0.951184;3737,348942,0.867753;4069,374085,0.9159
26005,9283361;3746,727267,0.974542;4355,322326,0.886065;4109,374817,0.946851;3699,341016,0.871014;4121,368003,0.910406
26334,9304000;3533,729880,0.976731;4246,320326,0.882983;3743,375552,0.943725;3667,341976,0.864806;4294,375987,0.913086
26358,9307683;3521,730859,0.977088;4452,318085,0.878428;3848,378457,0.948459;3662,342086,0.86226;4095,378558,0.912148
26330,9260325;3553,734952,0.979812;4038,312060,0.886869;3675,366131,0.947655;3883,332256,0.85824;4122,368131,0.910764
25236,9150032;3806,731295,0.977535;4077,305758,0.891782;3591,356849,0.953417;3511,333230,0.865029;3954,365608,0.908531
23201,8539104;3541,729413,0.972309;3348,244082,0.88669;3353,296505,0.953372;3068,277620,0.866816;3339,302571,0.902144
20115,7218250;3508,729411,0.977133;2652,185990,0.894417;2339,221337,0.94895;2096,208515,0.856588;2556,229657,0.897812
15909,5837701;3542,729059,0.976373;1800,130352,0.893256;1714,156226,0.954265;1400,143928,0.857526;1788,165412,0.895087
11346,4246674;3780,727410,0.970255;1477,83737,0.901429;1350,106914,0.953774;935,95091,0.863644;1230,111308,0.895623
7411,2754861;3518,728024,0.975391;997,55223,0.903171;1032,62402,0.95699;590,61478,0.857883;659,68268,0.894864
4946,1868162;3545,731514,0.978294;885,34944,0.903305;787,43896,0.957481;363,37837,0.858196;410,45788,0.893792
3011,1083276;3535,730277,0.97615;555,19157,0.906029;513,24521,0.956543;196,21935,0.861054;208,24758,0.894998
2075,716099;3793,732124,0.976239;466,12259,0.906253;431,14587,0.957347;126,14265,0.860786;132,15641,0.894149
840,288754;3545,731586,0.972398;418,5430,0.906074;347,6526,0.957124;52,5711,0.860027;61,6954,0.893524
503,182630;3541,730589,0.97682;403,3254,0.906565;298,3931,0.956766;33,3462,0.859714;34,3730,0.894328
385,138218;3556,727962,0.979634;318,2042,0.905985;327,3043,0.956632;22,1939,0.860786;32,3185,0.894149
240,71455;3633,730021,0.971014;327,983,0.906431;185,1338,0.956632;16,1535,0.860741;19,1576,0.89406
