13570,10024003;2622,638484,0.960205;5185,1018465,0.966101;5155,1053575,0.98075;5108,977945,0.940732;5392,969950,0.960652
13528,9343394;2729,642272,0.956945;2133,206282,0.945288;1842,220105,0.969317;1449,216047,0.931666;1597,222670,0.949308
14322,9308190;2737,643768,0.957794;2530,212649,0.93448;1951,228233,0.965208;1516,220040,0.915721;1588,224487,0.936222
13886,9280909;2969,646232,0.959893;2210,225801,0.928808;2001,241869,0.96092;1745,238531,0.897946;1745,239165,0.924252
12820,9360020;2740,655055,0.957168;2286,233778,0.916838;2572,253470,0.950424;1810,245592,0.881644;1903,250308,0.905985
12433,9411810;2724,653357,0.961322;2633,241796,0.908218;2458,266161,0.949174;1955,258316,0.868155;1992,262469,0.902322
8466,9407587;2729,653044,0.962617;2414,246045,0.904198;2467,272044,0.947745;2111,262063,0.854533;2118,267093,0.899241
13772,9392206;2752,659477,0.963734;2657,255550,0.906565;2705,277933,0.946896;2172,269705,0.854131;2208,274310,0.89138
13343,9285035;3012,660375,0.966592;2591,251559,0.905762;2690,277567,0.948772;2200,267088,0.847343;2211,274336,0.895444
13941,9248527;2735,668057,0.970925;2704,261128,0.893658;3154,290790,0.949397;2356,279725,0.841938;2430,284754,0.892854
14622,9350451;2785,668442,0.967843;2750,276140,0.890978;2977,304584,0.945511;2519,290685,0.837115;2667,300786,0.885529
14193,9357491;2775,671139,0.966726;2852,273660,0.886155;3064,305306,0.943412;2536,293733,0.830505;2719,303285,0.888343
13652,9296519;2788,670735,0.969049;3457,277644,0.895266;2993,310339,0.946583;2651,297463,0.834033;2909,306871,0.88736
13688,9262418;2768,677433,0.971684;2954,275235,0.885663;3133,307375,0.948459;2604,295356,0.829656;2732,309427,0.886155
14611,9405128;2782,677565,0.974453;3292,286244,0.885976;3525,321313,0.948146;2819,308942,0.822019;3006,323100,0.882849
14386,9357896;2773,683959,0.975167;3242,295201,0.887092;2987,328772,0.951586;2920,321038,0.82845;2989,326224,0.884457
13739,9338341;2804,683234,0.975882;3165,295515,0.892765;3185,330780,0.949486;3002,319972,0.833854;3183,331811,0.880616
13253,9346380;3051,684360,0.974274;3150,300789,0.883385;3094,334510,0.953819;2879,317620,0.829254;3071,332724,0.888298
12974,9340460;2790,688112,0.97749;3220,300629,0.885083;3448,339609,0.953059;3054,326587,0.834078;3092,332859,0.894551
13226,9387464;2800,688924,0.979455;3231,309004,0.885529;3154,342754,0.949978;2945,323653,0.84243;3181,334269,0.893033
13319,9304297;2814,693088,0.979946;3404,308346,0.889147;3439,350303,0.950514;2980,328655,0.835998;3258,342345,0.889817
13259,9333862;2776,692964,0.978785;3777,311458,0.893613;3182,352443,0.950335;3189,333545,0.843278;3352,345515,0.887003
12951,9309185;3043,692421,0.976597;3392,308080,0.889996;3349,352540,0.952032;3014,333051,0.843591;3329,348114,0.896874
12898,9306649;2784,695704,0.98209;3500,315025,0.89004;3334,351234,0.950246;3140,330557,0.848146;3314,348960,0.901295
9896,9379949;2819,700486,0.976865;3560,319069,0.887896;3259,354026,0.945735;3132,340176,0.849442;3371,349942,0.899419
13016,9303417;2794,696524,0.975927;3620,318605,0.891469;3517,364179,0.951228;3146,339749,0.853417;3436,356626,0.900983
13465,9381215;2821,700057,0.983207;3730,320155,0.88812;3379,366268,0.952255;3249,339935,0.843412;3469,354299,0.900849
12943,9358629;2942,700243,0.981912;3611,330934,0.893077;3386,371164,0.9523;3232,348515,0.852791;3464,364373,0.900089
13318,9274283;2823,704737,0.976999;4134,318060,0.893837;3369,360512,0.95565;3219,341176,0.857213;3511,359036,0.907191
13843,9339897;2804,701505,0.979544;3476,324517,0.891827;3431,368342,0.955427;3279,350162,0.855203;3614,364293,0.91063
9779,9260812;2841,706462,0.981912;3706,319236,0.893524;3409,365276,0.953015;3171,341420,0.85833;3450,359011,0.908352
13440,9367849;3006,704956,0.983341;3694,329839,0.895623;3591,374009,0.953729;3404,350297,0.868781;3534,366497,0.909558
14436,9384743;2824,706704,0.982894;3838,321263,0.897812;3300,370582,0.954444;3198,347777,0.867173;3559,366516,0.916481
13858,9301114;2845,704733,0.98075;3784,331110,0.901072;3805,375854,0.959714;3288,347146,0.86686;3515,370324,0.917508
14555,9377108;2888,708579,0.987986;3700,332936,0.896382;3407,377075,0.963198;3417,353318,0.858687;3740,370057,0.922957
12960,9345995;2854,706758,0.983341;3802,331293,0.888879;3518,376281,0.958821;3274,348164,0.861903;3509,370689,0.91858
13023,9332084;3072,708377,0.980393;3856,331789,0.884547;3655,381158,0.957168;3336,356435,0.86427;3592,369277,0.914783
9198,9329732;2821,708469,0.982537;3845,335026,0.888656;3413,377567,0.953283;3494,352726,0.862394;3674,373420,0.917508
11875,9309639;2825,707091,0.979678;3860,335169,0.886289;3419,387876,0.953997;3313,354669,0.870165;3643,376958,0.915185
9052,9385044;2877,712976,0.984993;4071,341806,0.893122;3541,387777,0.953417;3401,358553,0.866905;3707,377672,0.922689
11523,9291920;2843,710611,0.985395;3986,335915,0.895846;3544,380968,0.955248;3511,358692,0.87548;3784,376628,0.920902
14755,9364842;3041,709875,0.983877;3923,342183,0.893792;3566,393423,0.958285;3344,358183,0.876463;3728,382035,0.924118
9209,9312298;2836,710679,0.984949;4272,339190,0.893479;3561,386937,0.956454;3394,355603,0.878383;3778,375497,0.925636
12017,9307271;2858,709786,0.981152;3909,334437,0.897722;3448,384244,0.959223;3445,356634,0.88611;3821,377634,0.928852
14782,9345059;2850,710279,0.986333;3977,341151,0.897588;3582,386966,0.960429;3399,362042,0.882448;3653,376161,0.929656
14348,9307518;2829,712949,0.982537;4298,346970,0.900536;3567,391873,0.959803;3443,361561,0.88946;3850,385505,0.936132
14133,9358862;2896,710818,0.982849;4218,338807,0.900581;3511,389822,0.96092;3442,358932,0.889326;3821,381076,0.933944
15174,9379581;2843,707130,0.985261;4075,344760,0.896963;3688,399047,0.963377;3478,367099,0.891246;3803,387762,0.931041
9237,9295500;2879,712175,0.980616;4245,338819,0.891112;3570,388272,0.95833;3384,355347,0.885038;3689,370092,0.928763
9587,9241667;2880,711933,0.984725;4047,335237,0.887539;3433,382820,0.95699;3496,349917,0.882448;3791,374531,0.928227
9471,9296682;3105,708165,0.983966;4014,344504,0.897856;3511,391247,0.958687;3498,361628,0.889951;3770,384291,0.932559
9693,9312238;2839,712610,0.984815;4242,344412,0.901429;3654,396325,0.95958;3462,360099,0.888209;3793,383706,0.935194
9240,9389687;2837,710578,0.984949;4057,340660,0.902814;3503,389769,0.961009;3685,363742,0.88803;3834,381411,0.932291
9580,9512356;2836,712287,0.985351;4094,353380,0.896918;3675,409898,0.959536;3625,374684,0.891067;3897,396427,0.928272
9681,9353204;2857,711551,0.984681;4350,341431,0.897633;3666,393302,0.966682;3441,361880,0.895087;3834,384508,0.932202
11535,9380720;3081,712982,0.987941;4062,342874,0.9046;3579,395771,0.9636;3622,366602,0.895802;3983,389018,0.934167
13937,9414313;2831,715386,0.983341;4222,355304,0.904198;3676,403919,0.960965;3486,369197,0.889192;3919,396962,0.935373
13831,9387608;2879,712390,0.986512;4152,348238,0.899911;3592,396985,0.963644;3511,360699,0.887762;3750,381470,0.935641
14211,9420865;2859,712662,0.98477;4118,351891,0.902635;3740,406260,0.962394;3647,373609,0.888924;3881,394630,0.941804
9809,9403146;2870,713727,0.981286;4107,347471,0.904422;3852,404496,0.959268;3497,363903,0.896293;3996,391739,0.93975
9980,9383124;3087,712192,0.982671;4320,346256,0.903975;3607,396383,0.963377;3465,362595,0.896606;3819,387758,0.938231
9346,9324280;2790,713566,0.985931;4123,341138,0.904556;3730,393095,0.957749;3533,355933,0.892497;3786,380190,0.932649
9364,9280950;2871,717704,0.984815;3771,338374,0.899107;3282,393484,0.962841;3233,355701,0.887986;3571,378583,0.933854
9974,9387487;2863,715716,0.982537;3816,345093,0.897231;3332,396273,0.960563;3512,360985,0.889192;3637,386466,0.937919
12978,9359168;2896,713743,0.986289;4037,342361,0.901206;3470,392121,0.961456;3267,365871,0.881554;3646,388478,0.931443
14032,9388667;2842,714785,0.984145;3757,345579,0.900625;3404,401943,0.964895;3344,365178,0.893167;3614,391476,0.933586
10890,9394284;2873,717706,0.98611;3897,350497,0.899107;3479,400557,0.964225;3495,368723,0.886333;3643,391828,0.933184
9355,9301576;2869,716141,0.985842;4051,346085,0.897722;3247,394330,0.959848;3224,361292,0.880929;3550,383290,0.929656
9912,9354607;2898,717211,0.983832;3788,351729,0.900134;3373,399040,0.962975;3368,366624,0.882894;3620,391060,0.928986
9829,9371785;3080,713781,0.984457;3888,346242,0.896918;3390,399221,0.962439;3531,367165,0.898124;3687,392454,0.932604
10320,9405450;2848,717445,0.984681;4014,349081,0.898347;3352,398810,0.961724;3333,371141,0.901474;3676,393531,0.933765
9406,9272655;2882,716812,0.984413;3918,346933,0.897231;3343,394431,0.958732;3292,361581,0.893256;3545,383298,0.931711
9774,9372798;2881,719335,0.983564;3965,352254,0.898615;3404,400637,0.959357;3495,368900,0.88937;3616,390779,0.93247
12088,9394344;2877,716674,0.984279;4005,348516,0.89866;3408,401432,0.958955;3266,367615,0.891827;3677,397651,0.933229
9400,9246705;3107,717985,0.988209;3774,341763,0.892005;3339,394153,0.958642;3220,355266,0.891737;3531,379598,0.922153
9818,9406580;2883,719588,0.985261;3988,351055,0.900536;3598,403521,0.962215;3562,371692,0.898705;3696,399296,0.933631
9711,9397724;2859,718668,0.981733;4230,347175,0.901385;3272,401768,0.961009;3278,367716,0.892854;3657,396580,0.929879
9317,9247877;2883,717088,0.983117;3755,336255,0.897186;3328,389191,0.960697;3287,358190,0.893747;3491,374942,0.931934
9738,9225477;2873,717673,0.985395;3810,339086,0.889549;3292,388480,0.959312;3381,353667,0.889996;3537,380787,0.93305
9800,9310055;2960,715195,0.985574;4074,348194,0.898258;3354,397176,0.958642;3224,363162,0.895489;3610,389196,0.936936
9642,9304127;2869,715134,0.986423;3820,350112,0.899821;3329,400476,0.962037;3322,365911,0.892229;3630,387739,0.940286
9426,9278694;2865,716733,0.984457;3907,348281,0.890978;3339,394411,0.96293;3506,359795,0.886914;3589,387060,0.932559
9624,9292159;2861,714860,0.983475;3956,343645,0.896784;3401,393288,0.959803;3221,363972,0.892899;3587,386550,0.934792
9877,9316062;3093,716783,0.984368;3903,344214,0.888924;3332,395286,0.962841;3340,363178,0.899375;3588,385311,0.939035
10083,9405388;2857,716307,0.984234;3891,346373,0.896829;3512,409460,0.958776;3497,368850,0.89473;3662,393733,0.931621
9849,9348818;2851,715509,0.984145;4050,343200,0.89933;3290,399690,0.960473;3255,359615,0.890442;3605,384222,0.934658
9887,9313661;2857,717363,0.983921;3766,348483,0.897767;3514,400381,0.961456;3406,365975,0.892005;3537,391439,0.93582
9842,9229327;2855,717751,0.982001;3902,336389,0.896204;3410,390495,0.957302;3403,359165,0.886958;3616,382430,0.936802
9929,9416581;3098,717139,0.980616;4496,352571,0.902903;3705,404957,0.962215;3783,366891,0.895891;4236,391133,0.93381
10002,9335913;2860,718450,0.985485;4120,346389,0.899643;3395,399306,0.964761;3465,367063,0.893524;3972,388378,0.931621
9071,9312463;2879,714654,0.980706;4500,350497,0.900983;3712,397627,0.957302;3414,368190,0.887896;3854,390381,0.932247
9719,9354654;2902,719808,0.98218;4266,348244,0.901653;3736,403887,0.959044;3714,369329,0.891514;3743,391075,0.936266
9649,9345385;2875,715756,0.984323;4244,353662,0.897901;3701,402257,0.960295;3679,369942,0.887628;4103,394462,0.936802
9313,9312337;3065,717381,0.981331;4509,350255,0.898213;3417,405355,0.961188;3627,365049,0.885083;3994,391819,0.933899
9238,9326632;2841,719905,0.984681;4613,352619,0.895623;3981,404968,0.958285;3609,367451,0.888432;3777,393590,0.934212
9787,9343001;2845,716335,0.979723;4226,347225,0.893613;3689,400359,0.959982;3713,368381,0.89272;4063,392739,0.932559
9809,9302914;2840,712935,0.984323;3908,349333,0.895578;3572,398308,0.958374;3589,368247,0.893077;3950,385527,0.933586
18929,9376187;2950,716673,0.983519;4340,352905,0.894417;3470,402045,0.957213;3586,369099,0.89339;3911,391417,0.934524
18990,9331352;2744,712224,0.98151;4354,350840,0.891246;3861,403618,0.960027;3602,368152,0.884413;3851,389577,0.935194
19066,9314764;2846,719622,0.984502;4031,346429,0.897097;3528,401246,0.955293;3488,369594,0.889326;3794,388688,0.934122
18960,9299295;2807,716383,0.9841;4560,344057,0.892273;3724,398420,0.959714;3537,361144,0.88803;3814,387402,0.936132
18945,9285951;2819,719231,0.981152;4106,345193,0.883564;3568,398390,0.958062;3447,363147,0.886869;4023,389954,0.935373
18723,9267757;3076,717566,0.981018;4312,347781,0.893167;3588,400604,0.961233;3495,364575,0.885351;3766,388092,0.932291
19118,9361302;2834,722185,0.982135;4120,349686,0.89004;3559,398571,0.95632;3722,369118,0.890219;4031,389906,0.935284
19219,9353265;2867,718406,0.982671;4194,355268,0.896114;3588,401663,0.956052;3465,366316,0.883475;3877,398293,0.93774
18874,9252854;2877,723389,0.982448;4021,343990,0.887271;3685,392800,0.956186;3610,361662,0.888254;3824,387077,0.934346
19214,9369376;2832,716310,0.984502;4346,347646,0.891782;3583,399571,0.95364;3495,366399,0.883787;3843,394165,0.930237
19263,9339459;3078,720885,0.983162;4442,349258,0.8954;3648,403246,0.955427;3590,370455,0.885663;3869,395129,0.931353
19096,9341765;2803,715923,0.984413;4055,343968,0.889326;3530,396256,0.958062;3498,365424,0.886735;4068,391094,0.936266
19531,9367315;2855,721286,0.984189;4448,354154,0.900223;3641,405102,0.958285;3529,369704,0.894819;3877,394247,0.933676
18637,9313540;2819,718258,0.984859;4059,347360,0.888343;3488,399236,0.958776;3637,364361,0.892005;4037,388606,0.938008
19072,9278554;2821,716604,0.983609;4006,336235,0.883877;3538,390901,0.95766;3417,357872,0.893301;3763,381313,0.933452
18338,9352144;2985,718670,0.987048;4167,348354,0.887762;3801,400023,0.958508;3671,368952,0.888343;4037,389388,0.926798
17543,9257840;2859,717204,0.985887;3763,339789,0.883296;3361,390098,0.956498;3233,359508,0.888477;3562,383516,0.937695
18606,9360102;2838,717045,0.982894;4057,342581,0.892899;3567,399340,0.955873;3522,365722,0.888968;4033,392091,0.936936
18535,9284725;2846,716254,0.98343;4338,347567,0.892139;3688,391668,0.953506;3475,359520,0.884189;3902,383757,0.934837
18589,9322997;2917,717370,0.985038;4092,342879,0.899241;3552,398099,0.960161;3500,362757,0.889013;3792,386002,0.938365
18355,9317071;2824,722253,0.982448;4198,345467,0.898973;3819,397448,0.959134;3552,360254,0.8954;3833,381443,0.939169
18831,9279736;2821,712973,0.984993;4190,340921,0.893524;3580,394317,0.959357;3450,359709,0.892229;3775,383577,0.934212
17746,9341813;2836,718703,0.984591;4188,343658,0.892363;3655,393458,0.957615;3422,359439,0.895712;4033,382027,0.934122
18604,9303782;2802,714733,0.98209;4298,340654,0.888209;3512,390191,0.953953;3523,357645,0.892765;3771,386516,0.933497
18339,9242931;3077,716345,0.98477;4154,339858,0.89013;3554,389188,0.959268;3405,356608,0.88544;3769,377947,0.934167
18606,9312369;2800,711210,0.984993;4459,348181,0.895891;3556,396148,0.96226;3496,362479,0.896382;3768,385860,0.936802
18926,9370560;2820,714297,0.983653;4051,346409,0.887003;3521,396243,0.960652;3439,363096,0.888298;4043,386485,0.927736
19073,9301467;2840,714161,0.981822;4377,347764,0.885172;3491,394751,0.96092;3477,368448,0.891112;3725,385121,0.932157
18953,9356804;2805,711120,0.980259;4067,347400,0.89138;3557,397124,0.960339;3781,367044,0.888164;3854,391851,0.931755
19609,9205034;3071,711632,0.982001;3906,332556,0.893167;3440,381088,0.955069;3319,350845,0.891291;3902,375435,0.936088
18917,9321652;2828,716574,0.983028;3978,337663,0.896829;3493,387698,0.95498;3422,360779,0.893792;3914,380995,0.934703
18803,9265086;2821,712941,0.98343;4223,335221,0.889906;3534,387126,0.957392;3376,356268,0.898526;3774,379668,0.938857
18822,9335816;2838,715253,0.983787;4062,340000,0.884949;3663,392769,0.95632;3408,357609,0.89473;3788,385382,0.937249
18788,9378556;2837,716858,0.980214;4384,349711,0.886646;3714,399285,0.95833;3529,363084,0.894238;3835,389675,0.936266
18018,9277260;3044,715446,0.981554;4023,335531,0.890755;3489,386720,0.95958;3367,354712,0.888611;3679,373635,0.934658
18515,9293166;2809,712609,0.981822;4337,336060,0.886512;3684,384927,0.957436;3439,356534,0.891112;3835,382463,0.938499
17698,9275066;2835,713599,0.980304;3995,336601,0.887539;3399,385390,0.954712;3379,357025,0.891201;3673,382373,0.9364
18957,9345039;2811,714094,0.983877;4261,341737,0.892899;3747,388579,0.957972;3468,363728,0.886021;3834,380535,0.932202
18825,9315856;2791,708682,0.980393;3884,334780,0.887718;3458,387701,0.961188;3402,361239,0.885663;3704,378695,0.935328
18095,9267502;2833,712283,0.983743;4015,331195,0.883385;3795,385248,0.959357;3553,354267,0.888388;3708,378636,0.935909
18466,9348621;2816,712134,0.982001;4075,342377,0.892899;3540,394256,0.956722;3458,362739,0.88678;3798,389656,0.932916
18654,9333639;2789,708947,0.984145;4073,340623,0.894685;3761,393833,0.958821;3557,357948,0.892899;3822,382272,0.935016
18475,9276299;2829,711710,0.985529;4182,339354,0.892005;3509,388860,0.959044;3389,354697,0.890487;3688,375346,0.931577
19256,9168800;2952,714497,0.984636;4045,332269,0.895444;3754,379413,0.956454;3508,352751,0.894506;3723,375633,0.937383
18537,9231522;2773,711768,0.983653;3953,327221,0.887003;3679,377261,0.956498;3269,350796,0.893345;3610,369203,0.933899
18299,9229077;2822,709791,0.981465;3819,329345,0.888968;3504,378238,0.95891;3560,344794,0.890978;3865,374548,0.930505
18690,9276061;2797,709172,0.985619;4038,326615,0.892586;3490,382785,0.959446;3337,349849,0.891916;3688,375253,0.93046
18582,9279757;2818,713470,0.982358;3751,337459,0.889281;3509,384565,0.960071;3619,356440,0.890442;3851,377177,0.933006
18483,9302654;3073,714004,0.984591;3976,330660,0.890978;3492,375720,0.959223;3325,352012,0.890219;3708,375868,0.931711
18679,9255133;2801,711244,0.987092;4035,330833,0.893301;3421,383130,0.959491;3394,348454,0.886155;3862,371414,0.932559
18401,9245425;2780,710054,0.982537;3829,327965,0.89004;3523,378228,0.961992;3326,347990,0.883787;3673,371493,0.932872
18168,9232719;2840,714137,0.98276;3773,322520,0.895132;3384,370631,0.963868;3274,348733,0.88209;3509,371476,0.925547
18691,9238991;2803,710335,0.981286;3726,325898,0.89138;3419,376249,0.955784;3461,349637,0.87088;3772,372370,0.920188
18395,9262630;3055,709187,0.980616;3809,320347,0.892452;3394,377389,0.959268;3237,346961,0.875033;3621,374581,0.925011
19411,9179314;2804,712495,0.983564;3961,320567,0.896025;3497,373203,0.955739;3269,347364,0.875793;3697,372345,0.92452
18781,9227675;2805,707767,0.983117;3713,320547,0.901027;3421,366461,0.960205;3220,343015,0.87615;3606,370969,0.925234
18826,9128779;2832,711101,0.983609;3731,299341,0.897231;3411,355872,0.959893;3220,329163,0.882849;3586,359915,0.923493
17354,8374707;2835,708262,0.981778;3041,239959,0.905538;2543,283013,0.9636;2385,263863,0.882448;2895,298040,0.91456
14199,7055067;3006,707283,0.981242;2338,175933,0.913488;1968,213020,0.957124;1774,198890,0.878562;2199,222274,0.91322
11132,5692121;2805,710661,0.982715;1748,126318,0.909111;1890,153477,0.962617;1220,140247,0.876463;1739,161435,0.911791
7881,4072347;2812,707535,0.985574;1482,84947,0.910004;1185,100885,0.961769;764,91766,0.878205;935,106559,0.910585
5933,3048952;2832,707201,0.981465;862,56947,0.913667;1065,71358,0.963109;503,61756,0.882492;639,73588,0.912238
3675,1827778;2845,708867,0.981376;772,31151,0.916079;783,38808,0.962126;324,38426,0.880214;344,43657,0.911389
1954,998557;2828,708648,0.981554;593,18006,0.917106;641,20757,0.963868;147,19607,0.879902;167,23185,0.910406
912,468719;2809,706414,0.982849;431,8147,0.918133;374,10528,0.964046;67,8722,0.880884;77,10134,0.911478
539,275508;2840,709521,0.984189;566,5349,0.91858;503,5782,0.964225;41,5070,0.881376;53,6739,0.910987
272,138230;2810,710611,0.982358;462,2390,0.918356;433,2701,0.963957;24,2436,0.881197;29,2863,0.910898
155,75917;2992,707603,0.979902;490,1122,0.918937;342,1104,0.964046;15,1382,0.88084;19,1989,0.91054
36,13425;2806,709684,0.983117;205,405,0.918714;242,440,0.963957;7,345,0.880974;9,508,0.910406
