36642,10024003;9572,1921252,0.996673;6047,432906,0.962997;5789,507451,0.985127;8110,409447,0.957235;7124,461702,0.966682
24729,10022555;9628,1937060,0.997946;4389,134766,0.930996;4809,175078,0.972532;3325,166377,0.902769;3987,215236,0.929544
30508,10024423;9738,1949752,0.997611;5790,159858,0.913086;5700,212409,0.965945;4286,191444,0.834815;5157,261561,0.89674
25469,10026512;9855,1987330,0.999174;6622,185265,0.906029;6062,245034,0.969138;5493,215884,0.795623;6255,295708,0.881755
25372,10027388;9798,2008283,0.999196;7247,199835,0.911791;5636,266855,0.970813;5969,226368,0.781845;5975,321604,0.883631
24563,10029058;9280,2030045,0.998928;7009,220965,0.912908;6106,295523,0.969629;7036,246688,0.766637;7458,349325,0.8841
25817,10030208;9051,2048169,0.99933;8103,239297,0.908955;6268,317342,0.973403;7609,260718,0.773381;7964,374393,0.895891
24937,10030779;9977,2065821,0.999107;7905,246435,0.91753;6570,324948,0.977177;7467,266914,0.785485;6475,378484,0.903707
25703,10031672;9915,2078927,0.998816;6779,258932,0.923158;6508,344043,0.977892;8523,282397,0.816525;9002,390978,0.917463
28988,10032346;8999,2086279,0.999017;8458,266829,0.92548;6192,358872,0.981487;6970,286831,0.844886;7115,400635,0.922733
26003,10032943;7648,2097608,0.998615;8825,273569,0.918557;6666,364652,0.981465;8924,287207,0.868379;9169,406132,0.93247
26647,10033504;9537,2102964,0.998325;8731,280541,0.919428;6929,375339,0.979634;6986,288805,0.875078;8852,405251,0.936914
25899,10033996;9352,2118228,0.998772;9083,285683,0.922019;6558,381188,0.982202;7945,297535,0.892273;8972,411821,0.944194
25418,10034389;7658,2116536,0.998392;9104,292434,0.927937;6974,386624,0.981353;9216,297301,0.903841;9111,414981,0.947901
25834,10034724;7003,2127912,0.999218;8555,295063,0.923537;7233,396353,0.981152;8438,300127,0.899821;7303,419477,0.953908
25565,10034976;9152,2129386,0.998839;7345,298058,0.923046;6108,396893,0.979522;8281,300281,0.899888;7243,421291,0.957369
24587,10035376;9986,2140901,0.998772;7248,303439,0.920925;6249,403759,0.983452;9513,306783,0.91782;9511,426989,0.961702
26093,10035450;10005,2142162,0.998526;9475,302631,0.919853;5789,405874,0.979946;7695,303078,0.918155;8654,422348,0.962081
25438,10035553;10002,2141441,0.998459;9112,304709,0.918647;7283,405814,0.979187;10122,305512,0.921126;9717,424126,0.962014
26776,10035729;9931,2141972,0.998548;9219,308271,0.926865;7585,412226,0.981666;9998,310560,0.927334;9535,426678,0.967061
27669,10035656;9551,2142557,0.99866;8195,310836,0.920679;6201,411904,0.982336;7566,306539,0.927959;7362,425333,0.965543
29081,10035944;9278,2149111,0.998258;7215,307391,0.919853;5954,411443,0.981733;9483,308102,0.925659;9179,425255,0.963377
29700,10036216;9225,2140883,0.998526;9700,311259,0.919138;7214,414301,0.980549;8957,310365,0.924542;8745,432719,0.965587
26113,10036122;9279,2131062,0.99866;9287,315327,0.922041;7270,412903,0.980594;9052,310908,0.926775;7750,429487,0.969116
31734,10036227;9276,2132266,0.998325;8263,314355,0.921907;5755,417327,0.979567;8911,312801,0.926775;9622,436032,0.970031
24429,10036084;10093,2138373,0.998213;9076,313698,0.922912;7174,417200,0.977892;9594,308531,0.921818;9468,433018,0.966704
24810,10036193;9671,2129761,0.998392;9255,313091,0.916548;6028,416279,0.980773;7834,312020,0.92912;9272,432040,0.96925
26506,10036381;10146,2135684,0.998102;9035,316284,0.919317;7097,420052,0.98075;8083,312312,0.925971;7246,434874,0.967619
31554,10036206;10153,2144384,0.998526;7174,312389,0.916302;5548,415988,0.98075;8832,311645,0.922778;7504,433090,0.964672
26737,10036314;10095,2147254,0.998571;7363,313405,0.920992;5584,418576,0.981242;7860,313819,0.928763;9226,432784,0.967977
27335,10036219;9510,2146183,0.998504;8400,314184,0.917039;6004,420156,0.978584;7822,312370,0.927825;7755,436788,0.968088
27080,10036305;9779,2143491,0.997923;7335,312436,0.917128;5830,419960,0.979276;7857,311776,0.926999;7547,430571,0.967151
25627,10036408;8681,2145584,0.998035;7603,315496,0.922957;6010,417153,0.981398;7624,310469,0.926552;8278,433537,0.968133
24714,10036262;9559,2141983,0.998548;9202,313685,0.918825;7246,418432,0.981108;9920,313501,0.929366;10025,435599,0.970389
24933,10036269;9321,2148896,0.998526;9080,315492,0.920456;7170,419639,0.979879;9842,309866,0.925502;7886,432495,0.969183
27798,10036495;6956,2143656,0.998995;7764,317065,0.915967;6268,422178,0.981599;10134,313964,0.919607;7626,436281,0.968937
25159,10036571;8371,2141659,0.998414;7579,316327,0.925413;6809,420124,0.981242;7922,315668,0.93649;7575,434481,0.971103
24110,10036378;8978,2146004,0.998437;7613,315850,0.92021;5775,419718,0.980482;7737,313590,0.932001;7440,433963,0.968959
26122,10036346;8866,2148358,0.998124;8227,315270,0.923024;6673,419247,0.98113;7839,313490,0.929902;9197,430251,0.967218
24183,10036285;10172,2155252,0.998325;8385,315017,0.92222;5868,418489,0.980348;7715,313666,0.936623;7388,433100,0.969428
32440,10036302;9952,2145384,0.998504;7432,313458,0.924609;5964,419428,0.981353;7840,313998,0.932649;7372,432874,0.971885
24455,10036224;10143,2148384,0.997633;7420,315283,0.919406;5779,420594,0.980773;7633,313233,0.925659;7433,433524,0.967396
24079,10036248;9986,2147794,0.998593;7603,317337,0.925123;5717,421226,0.979812;7810,314530,0.930728;7457,436288,0.968423
26446,10036681;9268,2155207,0.99828;7138,315111,0.917329;5672,419026,0.98046;8275,311792,0.925882;8138,434190,0.966168
32156,10036417;10065,2145346,0.998325;7402,317184,0.920121;6737,422185,0.978964;9416,314925,0.926418;8983,436792,0.967039
24138,10036085;10118,2146293,0.998303;8876,313067,0.915275;6664,414802,0.979433;8191,312910,0.926239;8340,433758,0.965409
23970,10036156;9139,2149250,0.998615;7884,312698,0.915297;7129,417830,0.980817;7606,313185,0.921438;7180,433489,0.965788
23881,10036408;6547,2138209,0.998883;7705,316197,0.922086;5629,418067,0.980393;7554,315946,0.930415;7209,435656,0.968557
31877,10036275;8502,2147907,0.998481;8351,316463,0.923671;5921,422165,0.981175;7951,313937,0.924408;9302,440333,0.968066
26141,10036130;8394,2145527,0.998816;8555,315036,0.917463;6841,422555,0.981085;9619,314743,0.926038;9416,438730,0.967084
25156,10036265;9954,2144228,0.998079;8897,315850,0.917619;7222,422681,0.979209;10149,318685,0.924029;9519,436352,0.964314
36108,10035985;10059,2152831,0.998481;9268,314979,0.914627;7111,420668,0.979031;9568,312889,0.917954;9314,437076,0.963332
34863,10036263;7841,2148433,0.997521;8866,318211,0.918714;7094,421551,0.978004;10122,317930,0.922577;9699,445728,0.963577
34985,10036115;7559,2144010,0.99837;8263,314451,0.9136;5650,421613,0.978004;7590,314388,0.914984;7388,441404,0.962617
32175,10035892;9289,2138205,0.998414;7439,312770,0.91628;5697,421720,0.979589;7654,315940,0.91485;8020,439225,0.964404
24148,10035654;9289,2144650,0.998548;8238,313652,0.914493;5742,416042,0.977535;7838,313812,0.913198;7762,438340,0.965342
36389,10036005;9397,2156108,0.998638;7487,314306,0.915498;6282,424435,0.976865;8056,317597,0.901809;7880,447724,0.963042
25410,10035728;9300,2143514,0.998169;7795,314528,0.914158;5827,421553,0.977624;8022,320100,0.901921;7731,447279,0.961456
27248,10035807;9123,2142225,0.998057;7483,314317,0.914203;6406,423020,0.976083;7942,314610,0.897209;8741,443141,0.960138
24110,10035523;9216,2153670,0.998481;8430,312678,0.911568;7311,417306,0.977244;10027,318251,0.903305;9240,441724,0.954824
25530,10032284;9326,2150143,0.998615;8053,293736,0.909223;6549,399525,0.976239;9270,302289,0.892631;9094,434897,0.948682
37141,10024620;8105,2140960,0.998682;7461,258021,0.906253;6120,362842,0.976418;8433,281562,0.892229;8999,413331,0.945288
27136,10001927;9294,2143919,0.998325;6312,215826,0.910406;5987,315024,0.972488;5968,247931,0.891224;6492,380184,0.937338
22438,9878975;8681,2142103,0.998615;4547,168858,0.920143;3961,250720,0.974475;4760,198916,0.88477;5444,316894,0.931554
20348,9249985;8552,2146925,0.99828;3992,125387,0.930371;3488,187461,0.97749;3487,150461,0.885418;4160,243101,0.927222
17719,7910148;8053,2147559,0.998772;3384,85016,0.932715;2600,127322,0.977557;2190,101241,0.881554;2887,166210,0.922242
20579,6020038;6608,2149806,0.998325;2425,54272,0.936936;2889,83286,0.977959;1923,64991,0.882336;2331,108203,0.921148
10568,3732544;6354,2142174,0.99799;2006,28539,0.94042;1647,44625,0.978182;975,34612,0.884859;1142,57512,0.920255
4839,1938851;7132,2144638,0.998213;2336,14668,0.94167;1905,22749,0.978071;366,17367,0.882939;380,28452,0.919473
3148,1195843;6384,2149408,0.998146;1386,9033,0.942854;1460,13460,0.978004;199,9658,0.883207;229,16296,0.919384
1079,455186;9930,2150340,0.998392;1337,2978,0.943234;983,4773,0.977847;66,3601,0.882894;72,5912,0.918982
346,133643;10094,2151005,0.998504;1498,899,0.943211;801,1401,0.977803;23,940,0.882671;24,1462,0.919026
