27919,10024003;8249,2099628,0.998526;6465,513541,0.914873;7046,622525,0.976351;11106,474956,0.69837;11003,694988,0.956297
26723,9952635;7304,2113514,0.99866;4253,190701,0.899107;4246,272393,0.962751;6310,221695,0.714203;8010,335976,0.928785
26642,9926863;8558,2127240,0.998325;4991,197308,0.891536;4635,282756,0.959558;6880,225589,0.71552;6849,337442,0.90498
27035,9962496;8454,2142813,0.99828;5111,203621,0.886623;5136,293465,0.963377;5849,229765,0.735261;6518,351591,0.898548
26883,9916052;8434,2146461,0.997946;4921,202754,0.88113;4136,290082,0.958196;6296,223375,0.73908;6521,341466,0.892653
21455,9958128;8418,2170454,0.997923;4907,207253,0.880304;5781,300388,0.95565;7138,232943,0.7477;8495,357942,0.89109
19379,9949488;7614,2179987,0.998169;6009,209305,0.880683;5621,305003,0.959714;6358,228160,0.746338;6801,359747,0.891559
26691,9935763;8481,2184580,0.998102;4869,207457,0.875391;5077,306454,0.955962;8308,234302,0.760116;8377,355723,0.890442
26704,9940525;8404,2194315,0.997767;4983,213398,0.871862;4732,305993,0.953059;6310,230865,0.766905;7299,354538,0.892564
26623,9921773;8432,2190101,0.997812;6508,212773,0.875145;5914,309840,0.953573;8304,231177,0.772934;8556,353823,0.891358
26701,9936165;7833,2194703,0.997722;5826,213766,0.870969;4578,312086,0.953886;7066,234725,0.7728;8495,356736,0.890241
26400,9964790;8177,2198929,0.997767;5896,219434,0.874498;4761,320747,0.954221;8067,236159,0.780728;8254,366637,0.899509
25077,9936482;8417,2202426,0.997142;5396,218143,0.874408;4792,320734,0.955583;7245,234463,0.786445;8936,363009,0.902702
24865,9935500;7809,2213434,0.997678;6608,217072,0.864381;5801,316679,0.952858;8401,234684,0.785574;8760,360587,0.899643
26526,9940869;8452,2214888,0.997365;6941,219918,0.868021;5266,321564,0.951987;6582,233194,0.786646;7261,364026,0.896896
26233,9926603;8775,2219881,0.997343;5571,218213,0.862796;4766,322736,0.953372;6580,232866,0.788343;7161,364585,0.901675
26685,9915282;8420,2216845,0.997611;6300,219993,0.863332;5210,322187,0.952077;7814,235420,0.786847;8592,363824,0.900335
27252,9959913;8428,2219839,0.997119;7059,224402,0.863689;4766,329431,0.951184;6961,239700,0.78343;7194,374781,0.898928
27442,9940991;6379,2225572,0.996918;5518,221327,0.869116;4787,324368,0.950871;7144,239596,0.792363;7146,365355,0.90326
27020,9944997;8469,2229172,0.99703;6121,224645,0.863332;5933,331247,0.95172;6910,239714,0.80067;7187,368340,0.9046
27222,9942247;5814,2229818,0.997678;5612,223814,0.865543;5717,330741,0.951273;8687,236944,0.797454;8002,368899,0.910563
27012,9920941;7789,2228248,0.997209;5370,220906,0.865431;5103,327297,0.953729;8352,237449,0.80402;8671,365807,0.910138
21295,9949447;8041,2234261,0.997119;6105,224016,0.865453;4988,332345,0.951027;6954,241070,0.807727;7426,375485,0.912528
24652,9919321;8300,2235519,0.997611;5374,220895,0.857347;4720,327011,0.950491;6984,239125,0.803126;7961,369832,0.911523
26463,9940183;5986,2229640,0.996896;5438,226439,0.863064;5918,330090,0.950804;7157,239798,0.807682;7787,368929,0.913935
27123,9943582;5498,2234773,0.997521;6372,225613,0.862617;4958,331095,0.95134;8233,240249,0.809156;9504,371545,0.91092
26018,9956121;5505,2233194,0.997164;5764,223934,0.859335;5612,331594,0.951228;8938,242678,0.812483;8879,374289,0.909223
27404,9940385;9269,2235530,0.997276;5784,224741,0.86389;5970,331054,0.95172;8882,235926,0.809558;9262,368979,0.912305
27721,9943014;8493,2239585,0.997298;6888,226781,0.864895;6202,329462,0.949263;8917,240625,0.807191;9438,375773,0.91322
27489,9954535;7263,2235265,0.997186;6792,228091,0.862796;6156,335408,0.951362;9204,245081,0.812171;9437,380177,0.914783
27866,9945341;7482,2234569,0.996829;6676,223617,0.860674;5953,330774,0.952054;8853,239039,0.811501;9543,372454,0.915788
27764,9921147;8534,2231347,0.997253;6801,222294,0.861925;5767,324743,0.950424;8760,236945,0.814158;8873,365310,0.916883
27916,9933282;8643,2239466,0.997722;5951,222517,0.857347;4861,327373,0.948459;7972,236292,0.81063;9164,368857,0.915141
24277,9918085;8614,2239923,0.997544;6845,223258,0.86188;6105,327193,0.951764;7097,239956,0.814605;7179,367408,0.919004
27038,9952563;8669,2239074,0.997097;5734,226067,0.859625;5008,329599,0.951318;7429,242877,0.815342;9253,371992,0.921237
27854,9936462;8555,2231058,0.997387;6761,225972,0.857861;5894,332034,0.952345;9040,242246,0.81552;9737,372213,0.920389
28117,9938163;8610,2236870,0.996449;6267,223375,0.856744;4862,329498,0.952322;7091,238706,0.818691;7151,367859,0.919138
28168,9921043;8658,2241822,0.997052;5615,222460,0.858017;4881,326154,0.952054;6900,235386,0.815833;7267,368831,0.917262
28542,9919608;8609,2242340,0.996874;5865,223574,0.861233;4873,326578,0.94962;6926,236860,0.813555;8661,368336,0.915989
28183,9920177;7961,2242770,0.996784;6789,220715,0.854444;5786,324546,0.947209;7955,233882,0.810875;7297,365218,0.918133
27963,9948383;8741,2244626,0.996918;5741,225161,0.860138;4782,332758,0.94971;8586,240414,0.814091;9174,372055,0.922287
27944,9918948;8722,2236896,0.997142;6607,220961,0.862662;5613,325535,0.949285;7552,230848,0.810786;9013,360632,0.917307
25147,9919842;8417,2233219,0.996941;6624,220784,0.856253;4632,326013,0.946829;6930,235384,0.815029;7109,362561,0.916101
27663,9920036;8530,2234928,0.997119;5426,221179,0.857771;4673,323455,0.949107;7889,234760,0.811255;8519,367485,0.915252
23886,9902895;7844,2230687,0.998124;5729,220148,0.858508;4853,321316,0.949464;6686,230260,0.81121;7268,365981,0.918267
27826,9893235;8587,2236642,0.997767;5279,217897,0.855828;4803,321348,0.948727;6716,230746,0.81351;7504,360989,0.916771
28236,9935094;8620,2226739,0.997209;5371,217258,0.854176;4799,325722,0.950179;7157,235613,0.810406;7805,365789,0.913131
27097,9882315;8623,2232452,0.997611;6531,216607,0.853551;5177,319471,0.949486;7393,231950,0.810719;7212,358691,0.916704
27467,9893654;8623,2229789,0.996941;5310,214924,0.856431;5437,318755,0.950179;8369,229443,0.813019;8878,361093,0.915721
29015,9808526;8190,2234660,0.997231;6586,209831,0.848727;5640,309060,0.945422;8095,218088,0.797678;8795,347418,0.907838
29854,9757730;8778,2234873,0.997164;6514,205188,0.847521;5480,307117,0.943546;7869,215673,0.792765;8355,338918,0.907749
21903,9860995;8278,2235756,0.997164;7065,210182,0.850826;5718,311656,0.946695;8083,221098,0.792117;8850,352805,0.907503
25102,9798407;8474,2235012,0.997343;6482,205143,0.851072;5360,304446,0.944529;7655,212763,0.786802;8114,339948,0.904355
25296,9727197;7234,2235001,0.997119;5516,200852,0.85201;4361,303067,0.947387;6102,207633,0.785641;6409,329236,0.903774
19058,9646274;8636,2236597,0.997119;4819,187187,0.849933;4229,285659,0.948638;6247,191621,0.784614;7998,313770,0.901027
22420,8760954;8669,2239315,0.996851;4895,124448,0.866726;4452,196490,0.950357;3498,124889,0.778785;4475,216303,0.89272
15214,6726625;8695,2243358,0.997923;3478,71162,0.880147;2564,114101,0.956364;2070,65454,0.78113;2818,122676,0.892407
10415,4328816;8607,2238580,0.997432;2414,37770,0.884993;2224,60330,0.958062;1014,33261,0.781242;1299,63509,0.889884
4988,1744350;8606,2230551,0.99703;1654,13895,0.887807;1462,23571,0.959826;301,11294,0.782537;403,21601,0.890063
2301,775314;8610,2236718,0.996963;1667,5275,0.887986;1144,8421,0.959201;156,4915,0.78276;186,9274,0.889906
715,239871;8624,2236829,0.997477;1399,1042,0.889862;1472,2060,0.959669;50,1746,0.782805;45,2494,0.889929
