28148,10024003;10045,1915382,0.997812;4880,433491,0.9682;5844,502791,0.985842;8174,406672,0.962193;7487,461055,0.97816
27475,10021221;9617,1917809,0.997678;4730,116001,0.940755;4923,149013,0.981912;2749,144368,0.937472;3149,182699,0.966659
28646,10022019;9639,1927952,0.99732;5776,128788,0.935127;4559,159192,0.980505;3310,155419,0.906789;3989,202473,0.950357
26870,10022983;9040,1929527,0.997633;5308,137718,0.92682;4908,176664,0.980103;3941,171030,0.868959;4087,230966,0.936824
27751,10023518;9270,1945171,0.998347;5252,146866,0.934748;3569,186103,0.978316;2899,175069,0.832068;4097,241418,0.920679
29421,10024276;9221,1959284,0.99828;3751,153237,0.925257;3423,197047,0.976418;3207,185963,0.799084;3727,261457,0.91159
27294,10024956;9382,1968232,0.999241;5902,163028,0.928361;6018,213933,0.978517;5266,195534,0.766436;6300,281260,0.902903
30284,10025480;9315,1982937,0.999218;5568,167921,0.920634;5367,222111,0.980281;5556,202708,0.736445;6389,295426,0.896673
29931,10026639;9404,1984736,0.999397;6613,180921,0.921036;5375,237792,0.978584;6101,213918,0.702255;6581,310412,0.89435
29158,10026841;9401,1992867,0.999062;6370,185966,0.922488;5443,246069,0.977914;4973,221387,0.669763;7217,323469,0.891648
29763,10027880;9279,1997581,0.999375;7017,195397,0.915744;5484,261870,0.976865;6744,231452,0.650246;5375,336452,0.901675
27094,10028262;9454,2007204,0.999352;4939,201930,0.918379;4095,266544,0.975212;7256,236629,0.666012;7313,336394,0.89339
29250,10028724;9404,2014322,0.999151;7317,209621,0.919183;5773,280346,0.976932;7467,244181,0.677401;7946,350723,0.897477
30065,10029124;9505,2027266,0.999665;7296,214210,0.919071;5925,284235,0.976775;7456,244876,0.68937;8147,352533,0.898191
24596,10029872;9414,2025087,0.999397;6753,217353,0.91782;4482,293105,0.97577;7585,245642,0.709513;7589,356157,0.902255
25062,10029959;9472,2031656,0.999263;7485,223875,0.918334;6162,299297,0.976954;7897,247997,0.725234;8158,356238,0.904377
24322,10030220;9471,2037785,0.999129;7891,226040,0.910674;6350,303721,0.980616;7590,247797,0.726574;8123,364296,0.910518
25436,10030663;9462,2047020,0.999352;7737,229286,0.911143;6130,309248,0.97816;8309,255893,0.750826;8175,366869,0.911143
30790,10031177;9515,2054126,0.999419;7709,234888,0.911724;4885,314423,0.977021;6278,256898,0.76724;8772,372489,0.917285
30965,10031213;9414,2052171,0.99971;7860,236794,0.917218;6621,317471,0.978383;7537,260473,0.788388;6027,370046,0.922175
31355,10031508;9615,2057638,0.999509;6224,239388,0.914649;6430,323202,0.978964;6514,260727,0.805114;6194,375453,0.924386
31441,10032038;9784,2054819,0.999509;6450,243435,0.916414;6375,332596,0.979455;8685,261260,0.823292;8666,373339,0.92682
31412,10031841;9217,2067361,0.999509;8112,245546,0.914873;6365,333817,0.980214;8350,261970,0.843948;8303,373261,0.931822
31092,10031965;10699,2068859,0.99933;7823,245539,0.916079;6439,335199,0.981577;7038,261345,0.84665;6179,372569,0.93678
26303,10032251;9224,2072988,0.999553;6164,250005,0.917061;4878,339319,0.98075;7006,261073,0.856833;8552,379490,0.939482
31045,10032345;9478,2069323,0.999397;9237,251789,0.918714;5767,342417,0.982202;6032,261517,0.873984;6437,375047,0.941581
31057,10032312;9937,2073308,0.999553;7816,252039,0.915185;7022,339892,0.980549;8833,264038,0.879254;8376,371138,0.941291
31260,10032652;9211,2090931,0.999486;8623,253712,0.914471;7108,342808,0.981934;8395,260641,0.876686;8271,373766,0.944663
25799,10032769;10719,2084408,0.999531;7840,254867,0.925167;4780,346252,0.982559;7300,262958,0.887963;8158,370533,0.947119
25467,10032627;9222,2088579,0.999576;8266,253974,0.919361;6657,345428,0.979991;8567,260573,0.889058;8317,377969,0.949643
25582,10032683;9325,2083427,0.999598;8322,254860,0.920009;6443,342716,0.98084;8403,261595,0.895936;8424,371786,0.949777
25611,10032884;10115,2085264,0.999352;8922,253984,0.91992;6782,346675,0.982916;8160,260662,0.895042;8491,375055,0.953439
25942,10033082;9212,2086632,0.999687;8394,255025,0.918334;6462,345137,0.982001;8030,260852,0.906454;8054,369586,0.951831
30906,10032679;10768,2092237,0.99971;8359,255615,0.918044;7025,345653,0.984189;8128,257495,0.903059;8590,368683,0.953595
30927,10033211;9285,2102578,0.99933;8321,257365,0.91983;6874,350541,0.982983;7780,262356,0.913912;8401,372082,0.953104
31327,10032959;9253,2092783,0.999375;8301,257329,0.922376;6740,349248,0.982425;8449,258220,0.910004;8234,366359,0.954846
31346,10033371;10238,2092488,0.99971;8982,258809,0.921907;6577,350535,0.983586;8399,259806,0.908263;8210,372834,0.958084
31622,10033267;9756,2096164,0.999687;8783,260110,0.924721;5737,352528,0.984614;7380,260975,0.918513;6673,369143,0.960161
29043,10033188;9258,2097368,0.999643;7452,260861,0.92251;4847,352673,0.983854;6403,259814,0.92749;8104,369986,0.962841
28722,10033237;7451,2092283,0.999486;7647,258544,0.922086;6722,352121,0.984703;8576,258488,0.922934;8861,370789,0.963243
22595,10033174;9592,2091599,0.999509;9877,259075,0.923962;6691,350361,0.984681;7846,259651,0.913488;8166,370322,0.963466
24093,10033230;9616,2095639,0.999576;8355,258886,0.921996;6428,352094,0.984145;8035,260498,0.922957;8002,367608,0.960563
25267,10033233;9702,2098176,0.999732;8412,260310,0.918066;6395,355213,0.983028;7859,261077,0.922778;7865,369203,0.960585
28022,10033397;9539,2089062,0.999308;8496,259232,0.921505;6610,352713,0.985395;8112,258005,0.916659;7991,364430,0.961434
26659,10033401;9518,2088901,0.999375;8804,259097,0.919183;6936,352535,0.984792;7380,259310,0.924252;6298,368774,0.962528
25476,10033350;8896,2095654,0.999509;6463,260090,0.92481;6438,353994,0.983497;8177,259119,0.92854;8017,363943,0.961679
22958,10033247;9120,2089377,0.999174;8554,260872,0.925815;6616,352569,0.984323;7972,257075,0.924721;7965,365430,0.962796
22870,10033226;9057,2092567,0.999397;9070,257649,0.92021;6708,350402,0.985641;7913,257872,0.923939;7741,362783,0.960942
22821,10033350;9535,2094677,0.999464;8339,260907,0.924587;6732,354008,0.986601;8280,259631,0.925413;8110,368430,0.964069
22496,10033208;9560,2098572,0.999598;8366,259792,0.921952;6501,348567,0.984636;7769,256100,0.926306;7874,362040,0.962372
22977,10033490;9511,2095646,0.99962;8992,261138,0.92184;7158,354479,0.98439;7930,258182,0.929611;8028,365617,0.96552
23162,10033365;9522,2097165,0.99962;7035,263127,0.925882;5073,355689,0.984212;7128,258593,0.930147;7870,365375,0.96485
24014,10033367;9471,2093909,0.999464;6716,261310,0.92021;5839,354490,0.983765;8127,257904,0.925636;8133,367415,0.964404
24269,10033412;9543,2104246,0.999419;8520,264335,0.923627;6745,356915,0.983921;8089,260131,0.929924;7924,366206,0.963399
26859,10033486;9570,2103513,0.999665;8824,261233,0.920835;6999,354224,0.982782;8060,259131,0.928718;7977,367584,0.963176
25227,10033419;9547,2105830,0.999397;8628,263668,0.92653;6599,359467,0.984301;8628,261323,0.924788;8259,370466,0.966168
23456,10033508;9538,2101286,0.999553;8368,263646,0.923738;6684,358227,0.981934;8126,262775,0.927423;8460,369274,0.962461
25979,10033452;9532,2103010,0.999464;9399,263888,0.922733;6755,358394,0.983609;8070,262147,0.929946;8036,373463,0.96485
26968,10033494;10102,2102948,0.999553;8363,262496,0.914113;7236,359048,0.983475;8552,261179,0.921929;8272,370815,0.964314
28729,10033594;5641,2103488,0.999419;8432,266688,0.922532;6594,358451,0.983184;8556,265082,0.923024;8474,373419,0.963912
29072,10033500;5638,2096090,0.999352;8560,264265,0.920768;6511,360080,0.98343;7965,259826,0.924073;8066,371909,0.96485
29041,10033738;5572,2108618,0.999754;8821,266075,0.918959;6827,362826,0.985775;8288,263268,0.926976;8099,373885,0.965118
29020,10033436;5610,2103131,0.999151;8489,263934,0.921326;6615,358060,0.982983;5976,261393,0.921684;7656,371715,0.965431
24661,10033661;5646,2098390,0.99962;8873,265177,0.920724;7062,359680,0.982983;8356,262387,0.922488;8034,369162,0.963801
27015,10033581;5602,2096544,0.999196;8925,266608,0.91791;6956,362684,0.981867;8750,265293,0.921126;8412,374022,0.964828
23321,10033744;5608,2101580,0.999777;8751,268546,0.921438;7292,361933,0.983542;8492,263866,0.923984;8332,375547,0.962908
24108,10033798;8982,2103297,0.999732;8227,267025,0.920679;6140,364951,0.983899;8627,266023,0.920679;8364,378614,0.962171
27314,10033798;9790,2108415,0.999576;8787,268164,0.919696;6725,365898,0.98276;8694,266800,0.923292;8229,374912,0.96159
23976,10033875;7956,2107496,0.999665;8737,270059,0.919227;6851,366632,0.982671;8735,269456,0.918848;8354,377134,0.963801
26744,10033967;5660,2104540,0.999241;8478,270062,0.913466;7158,365885,0.983542;8739,266374,0.91322;8392,376469,0.962215
26722,10033990;5657,2102785,0.999464;9227,272702,0.921148;5681,366216,0.98113;6817,266490,0.919629;6964,376312,0.962952
25586,10034151;5622,2109044,0.999196;8924,269655,0.919317;5671,366442,0.981309;8590,267285,0.91456;8321,374914,0.962126
22720,10033788;5619,2106929,0.99962;8792,269606,0.918803;6753,365641,0.983028;8607,268484,0.91686;8238,378329,0.962841
23321,10033901;5638,2115049,0.999732;8584,269913,0.916548;6908,366204,0.982782;7300,266386,0.91925;7997,376757,0.96485
23083,10033813;5660,2102669,0.999308;9106,269238,0.924006;6876,363301,0.983408;7356,267193,0.918044;6123,378954,0.962729
25137,10033902;9633,2105611,0.999375;8408,269648,0.912483;7020,368756,0.982916;8750,268008,0.917061;8473,380777,0.961746
23530,10033947;9568,2107163,0.999799;6634,271058,0.921371;6099,366761,0.982983;8944,266901,0.913019;9041,379483,0.963622
24203,10033727;9600,2105909,0.999732;9686,269142,0.914046;7154,367386,0.981979;8832,267984,0.917999;8902,380283,0.964024
21677,10034085;9676,2117704,0.999598;8839,271124,0.912439;6818,369685,0.982738;8844,268335,0.915744;8590,381672,0.964649
25469,10034150;8727,2115091,0.999486;8605,273091,0.922153;6663,369661,0.982782;8569,270182,0.921438;8787,381297,0.963354
23261,10033982;7222,2111968,0.99971;8965,269450,0.918513;6878,366317,0.983251;8499,265776,0.921572;8235,375679,0.963957
23698,10033815;9864,2107003,0.999464;9162,269281,0.92356;6834,364200,0.98372;8305,264772,0.91983;8124,375480,0.964694
21643,10033790;9730,2116509,0.999531;8577,270729,0.916101;7142,366543,0.982916;8690,269162,0.916235;8317,378202,0.965498
21585,10033860;5675,2119317,0.999218;8671,271774,0.920277;6751,366389,0.981912;8856,268425,0.926284;8487,379315,0.963243
22105,10033927;5641,2109206,0.999442;8467,267993,0.919317;6591,367808,0.983832;8501,266766,0.926172;8752,377680,0.965185
21359,10033735;5673,2112779,0.999062;7153,268792,0.922197;6968,365549,0.983497;8615,265433,0.921929;8560,376690,0.961992
22261,10033671;5927,2110196,0.999576;9015,269555,0.921795;6663,365672,0.98276;8581,267742,0.924029;7866,377221,0.96418
21772,10033693;5654,2107996,0.999151;8479,266250,0.915967;6819,361892,0.982358;8363,262107,0.921974;8253,376377,0.965855
21444,10033759;9336,2111383,0.999486;8836,265426,0.916235;6826,362370,0.98142;8056,264975,0.925123;7783,375939,0.963086
25633,10033683;9567,2110953,0.999598;8184,266397,0.916726;6805,361388,0.98247;8871,265026,0.924721;8572,378315,0.964247
23782,10033652;9578,2112611,0.999308;8309,266527,0.924073;6817,361423,0.981934;8284,264413,0.918937;8442,374961,0.960898
23139,10033506;9530,2104736,0.999375;8889,266421,0.917307;6946,361901,0.983073;8229,265274,0.920947;8178,374295,0.960071
22233,10033522;9543,2107513,0.99904;7995,266717,0.919674;7011,361410,0.983854;8475,265776,0.93218;8205,376284,0.966235
22463,10033583;9614,2113719,0.999218;8577,264341,0.919853;6541,359894,0.982582;8489,263984,0.924408;6275,373524,0.960406
22062,10033589;9597,2111663,0.99971;8169,266120,0.917977;7045,364736,0.983274;8292,265719,0.926619;8282,379676,0.962327
22027,10033528;5606,2096904,0.999576;8723,265159,0.920366;6719,359961,0.981577;8256,264722,0.918513;8146,376001,0.962528
22214,10033385;9562,2106691,0.999196;8996,264298,0.920969;5856,357788,0.983385;8496,263857,0.92021;7051,375942,0.962684
23235,10033605;9499,2099302,0.999665;7263,266127,0.921684;5694,358987,0.983341;6351,262836,0.929477;6244,372693,0.963399
22218,10033442;9541,2101130,0.999553;8033,261213,0.918557;7219,356852,0.983743;8342,266611,0.920478;7213,371890,0.963064
22340,10033289;9617,2099200,0.999553;7735,263345,0.920366;6826,356217,0.982715;8190,263175,0.923761;8215,375099,0.961769
22262,10033457;9285,2100361,0.999151;8185,261278,0.918468;6085,357880,0.98448;7329,265056,0.919719;8480,379187,0.96351
22548,10033505;9509,2097970,0.99962;9455,261274,0.917061;6892,356814,0.983631;8581,263791,0.924252;7976,373039,0.961054
23554,10033180;9472,2100742,0.99971;8618,257458,0.916302;6729,353175,0.982068;8324,261754,0.927445;7830,366376,0.962171
22138,10032882;8584,2104169,0.999486;8786,261065,0.9205;5209,356241,0.983743;7937,264870,0.917954;8210,373457,0.962818
25679,10033144;8379,2092422,0.999486;8489,258549,0.920165;6746,351903,0.982403;8528,261757,0.92021;7516,374261,0.96092
27121,10033162;9361,2094282,0.999754;6380,257847,0.921483;4922,349615,0.983117;6143,263392,0.923426;6089,372173,0.960362
27985,10033099;9495,2095303,0.999687;6137,259297,0.923604;6600,354299,0.983921;9104,262856,0.92318;9103,375538,0.960875
26914,10033285;9255,2091591,0.999553;7826,261323,0.915319;6715,353816,0.982515;8694,264250,0.917776;7971,375927,0.961903
21708,10033145;9244,2087952,0.999732;7289,258999,0.918982;5058,353525,0.9818;8311,261513,0.915788;8220,369516,0.962729
21222,10032861;9579,2095818,0.999509;8265,256901,0.923381;6820,350317,0.982001;9601,262926,0.922599;9035,372033,0.960942
22313,10032790;9849,2096518,0.999643;7340,256983,0.914002;6767,347277,0.983519;8462,261905,0.926775;7714,369249,0.9613
23876,10032712;9596,2093863,0.999687;6735,254314,0.916213;6440,348964,0.980996;6317,259332,0.919607;8423,369958,0.960563
22170,10032627;9572,2083983,0.999687;8728,255346,0.921929;6972,347939,0.98314;8357,260571,0.916816;8359,370512,0.961411
22199,10032548;9611,2089149,0.999665;8336,254150,0.914694;6507,349567,0.982849;8610,264567,0.91992;8295,374262,0.960741
22717,10032575;9638,2092484,0.999821;8208,254694,0.916235;6966,350302,0.983877;8644,264140,0.922912;7176,374048,0.960875
23871,10032309;9654,2099844,0.999866;8351,251302,0.914984;6495,344526,0.980304;8295,259809,0.910406;8220,366922,0.957861
24665,10032124;9594,2090139,0.999397;8285,252886,0.916302;6575,344679,0.982224;8341,262819,0.911657;7527,371046,0.960607
21423,10032111;9689,2092061,0.999576;6540,249585,0.916056;6258,342546,0.981755;8095,259874,0.921215;8081,370172,0.9569
21997,10032116;9259,2093510,0.999486;8274,249486,0.918982;6826,343332,0.983229;8195,257628,0.915208;8005,366585,0.95728
22996,10031831;9584,2093899,0.999241;7877,244681,0.91849;5201,339568,0.9818;7663,257019,0.91849;8205,367829,0.95469
25096,10031414;9162,2084745,0.999687;7834,242323,0.917195;6468,335749,0.982135;8065,255837,0.912037;8108,369451,0.952568
21445,10028227;9319,2090239,0.999576;7816,227810,0.914314;6366,320361,0.978718;7706,245193,0.910429;6564,362376,0.950849
21714,10023696;8868,2088733,0.999397;7138,210140,0.923627;5986,298442,0.978651;7367,235141,0.908307;7599,351399,0.948347
20645,10014858;8916,2090201,0.999263;6280,185250,0.923783;5413,267845,0.978696;6415,215182,0.90594;7286,331551,0.944417
24399,10002374;8961,2092563,0.999598;5706,167936,0.932403;5182,245181,0.979321;6183,196582,0.903216;6934,310802,0.937874
22146,9914687;8934,2084992,0.999107;5596,142083,0.936623;3604,205539,0.981376;4630,169343,0.895891;6191,271484,0.934703
25408,9684986;9163,2088367,0.999598;4488,115844,0.940018;3996,171794,0.981733;4309,139839,0.895802;5272,227895,0.930438
25284,9127985;9212,2090987,0.99971;4445,90186,0.947521;3747,131600,0.982113;3519,109441,0.89636;4170,178043,0.92682
17553,7940985;5627,2082727,0.999576;3695,66419,0.953171;3285,97573,0.984614;2800,79371,0.897968;2877,129907,0.925681
14613,6664526;5639,2084610,0.99962;2639,46337,0.957794;2787,69573,0.985328;1683,56825,0.897767;1965,92367,0.926105
10903,5254439;5667,2082903,0.999687;2363,32837,0.959022;1842,49076,0.986601;1086,39298,0.897968;1328,65587,0.925234
7476,3593291;9452,2087596,0.99971;2284,21142,0.960027;1575,31830,0.98582;628,24438,0.899241;749,40752,0.924855
5285,2502027;9462,2082408,0.999486;1907,13021,0.9636;1339,19469,0.985998;384,15982,0.899509;454,25914,0.924609
3463,1564921;9473,2089971,0.999665;1616,8545,0.965431;1361,12092,0.986824;239,9991,0.900335;268,16233,0.924855
2196,1014171;9495,2087112,0.99962;1383,5252,0.964694;793,7301,0.986936;144,6332,0.899687;156,9853,0.924877
1075,494329;9534,2086283,0.99971;1305,2347,0.965319;891,3591,0.986668;62,2766,0.89971;75,4863,0.924944
604,266343;9549,2092829,0.999062;930,1318,0.965342;746,1927,0.986601;43,1735,0.899397;48,2664,0.925033
