201432,10024003;13281,744871,0.947521;24341,1085193,0.846092;25798,1149504,0.930013;22868,1086750,0.817552;20398,1097765,0.92519
193779,9364623;15695,760486,0.946271;8258,356598,0.833274;12046,415085,0.911568;11459,378926,0.782939;12876,411342,0.889058
184759,9329958;14738,764492,0.95038;12799,363694,0.818178;13888,419627,0.901876;12629,384257,0.76686;13981,419083,0.875882
177152,9302799;12933,769468,0.947209;13589,364963,0.820947;15621,422784,0.896472;13681,382501,0.756722;15756,423543,0.865654
184398,9370641;13084,772111,0.952077;13523,369437,0.808799;14806,429292,0.899062;16492,396821,0.755248;15000,432329,0.866369
174806,9369489;14975,772021,0.940911;13651,376916,0.804556;16295,434414,0.895444;15355,400153,0.74636;16571,437550,0.869272
199294,9326560;17110,771866,0.947209;14241,372622,0.804958;15653,431249,0.894774;14263,394580,0.755695;15628,436650,0.87146
182093,9327699;16843,771922,0.944127;15214,383020,0.801921;16741,438582,0.896025;15008,396892,0.755962;15663,437770,0.874989
203895,9353196;12489,774482,0.944529;14376,380894,0.812238;15819,435575,0.897499;14724,399000,0.766503;15182,440558,0.879768
185386,9329865;15095,779952,0.944573;13185,377407,0.804109;15886,439141,0.898347;14540,399061,0.763466;15319,436553,0.874542
172949,9309849;17154,783910,0.942072;14142,372707,0.793301;15156,436962,0.893077;14296,392180,0.758553;15021,435879,0.867173
175425,9277411;12784,784223,0.945913;15609,379497,0.796427;14698,437618,0.893881;12962,391801,0.761456;15344,438673,0.8749
205327,9307467;15832,779651,0.942787;13104,383495,0.803216;15588,442174,0.893926;16130,401018,0.75958;14866,449443,0.87941
192647,9307493;16450,785549,0.937338;12385,380709,0.801206;14816,441951,0.895846;14621,400025,0.759982;15440,446439,0.882403
182445,9289235;17413,789232,0.941447;13698,383552,0.799464;14450,447332,0.895802;13651,399007,0.757124;15305,442755,0.876507
195585,9341661;15778,790148,0.939973;14391,386783,0.803662;16007,450348,0.890978;15887,401095,0.759491;16591,446798,0.876195
198519,9399532;16995,789924,0.945154;13576,384386,0.806387;14394,446693,0.895087;13458,401557,0.757392;14704,448171,0.876686
198359,9331117;14173,786727,0.942474;12489,380098,0.792407;13878,446414,0.887941;12899,403679,0.753283;13871,449687,0.880259
194172,9391994;13789,793876,0.94243;12765,386856,0.796159;13271,454893,0.891916;14218,401137,0.754444;16610,451561,0.88209
188270,9362491;17108,794738,0.941;13841,382755,0.793345;14024,447894,0.890264;13900,405324,0.755471;14050,448821,0.879857
184397,9340443;16967,792168,0.941447;12635,381920,0.790397;14219,444324,0.890844;13255,400433,0.756543;14106,438833,0.87682
203430,9293128;16879,788141,0.94042;13179,382722,0.792943;13769,446372,0.889996;13346,402036,0.755784;14300,449479,0.875837
189249,9269944;15252,796480,0.944573;13146,377582,0.791514;14331,440458,0.888075;12137,398027,0.746717;12996,444322,0.874498
177853,9252874;17008,795147,0.942028;12143,385765,0.794819;12799,446377,0.888388;11856,401701,0.748236;10683,446993,0.871237
189565,9371458;17621,790420,0.943457;9693,388218,0.789236;10548,450935,0.887807;11317,410027,0.754623;12483,450974,0.869227
192246,9394142;18184,790075,0.940197;12067,390990,0.79138;13013,450975,0.888968;11442,406798,0.759223;12150,453074,0.872086
200103,9463825;17903,791975,0.936132;12115,391853,0.793792;13282,458879,0.891916;13106,410821,0.75766;13441,457291,0.881688
192496,9338177;16912,791083,0.941402;12266,384469,0.791782;12952,447636,0.895757;11778,401818,0.765967;12865,446265,0.879455
180138,9398661;16949,787806,0.941536;11748,390915,0.796248;13259,454864,0.893613;12487,407733,0.757392;13087,451225,0.878562
195531,9382933;13533,793191,0.940241;11815,383433,0.798169;10316,451510,0.900581;9320,406416,0.751675;10140,451195,0.881956
190567,9367148;16338,789334,0.938544;10279,384921,0.794328;12622,444899,0.89205;11218,403739,0.750871;10710,448824,0.884234
186801,9296652;17702,799034,0.943278;9560,382345,0.79138;11176,448152,0.892586;11870,404964,0.753372;13338,446478,0.881867
194541,9289568;17596,792722,0.943636;11571,379668,0.789415;11911,439565,0.890353;11603,398276,0.764225;12213,442306,0.884413
203112,9327610;17813,789928,0.942028;8950,386783,0.793256;9275,448517,0.890933;8579,400796,0.768245;11927,447912,0.886512
189790,9322958;13604,792537,0.943189;11728,383142,0.793613;13084,444937,0.889236;11418,400119,0.75565;13102,445146,0.885797
185589,9354411;12925,791012,0.937874;11588,379191,0.79799;12369,445875,0.889728;12965,403125,0.756543;10044,447609,0.888611
188980,9444764;13157,792576,0.94368;8907,389564,0.79607;12571,448490,0.889236;11563,409580,0.756096;11507,456601,0.882492
187616,9364706;13364,787813,0.939616;9227,381131,0.793435;9435,448314,0.893479;8614,403558,0.763287;12409,445406,0.889996
201849,9327700;13690,795388,0.939035;11575,379821,0.792541;11409,442137,0.887852;8802,399864,0.770701;10004,443442,0.88142
181881,9368093;13366,791635,0.945735;8929,382882,0.797097;10513,444974,0.892809;10358,403385,0.760965;11465,445455,0.883117
174646,9266395;12535,789468,0.938365;11437,374381,0.790978;11080,438757,0.894328;11256,392890,0.755337;13046,440370,0.884413
192653,9320545;12174,791248,0.943859;11027,379602,0.793658;11871,443903,0.889058;10703,394972,0.752702;12524,448960,0.881152
172743,9290683;13237,790419,0.938231;11186,377895,0.789996;12150,440832,0.886199;11422,396817,0.760652;12194,436974,0.879946
199595,9334669;12917,788857,0.947209;12092,386122,0.785485;12438,447515,0.891112;11908,405526,0.753238;12921,456200,0.881644
201872,9399732;16505,792419,0.943859;12657,384006,0.789281;14103,446093,0.889951;11956,398674,0.757124;13779,448664,0.882582
206905,9342817;16809,795284,0.94703;12140,378442,0.779857;12244,445736,0.887182;11200,400607,0.754444;12316,448087,0.878115
171282,9306164;16946,792474,0.946092;11615,381184,0.782448;12357,443464,0.890621;11668,398406,0.755248;12279,445551,0.879589
194306,9350960;16932,786915,0.943055;11108,383219,0.787405;11349,449191,0.896784;11429,403078,0.761813;13765,448029,0.880929
183643,9262650;17207,788180,0.937159;11551,380371,0.790576;12038,442581,0.895221;11168,394066,0.762081;11960,439889,0.877624
195372,9364669;16777,784032,0.941447;11155,383518,0.788924;12107,448912,0.892497;11621,404766,0.757392;12839,450411,0.881152
206097,9283304;17393,786128,0.941402;9480,383017,0.788075;9538,446585,0.893122;9063,397025,0.754712;10282,439193,0.884681
179731,9345213;17499,787669,0.947745;8513,380600,0.781599;11559,442906,0.893747;10205,396393,0.752211;13637,447498,0.885887
173694,9359026;16446,786653,0.945824;12425,383299,0.793077;13484,449437,0.89138;12982,406968,0.760429;13746,445479,0.882805
186353,9360045;17737,788829,0.944886;12533,380413,0.796963;13701,446934,0.893479;12762,397490,0.763377;13663,443090,0.88209
185208,9288212;18075,791811,0.941492;11416,373567,0.793747;11787,435035,0.89205;11419,394980,0.753327;12339,437478,0.886512
187143,9388574;17712,790131,0.948191;11424,384996,0.799777;12407,443972,0.886556;11563,401066,0.761099;10922,442609,0.880527
189671,9291846;16589,788576,0.94243;11401,378498,0.797142;12148,449201,0.888611;11120,401388,0.751452;12635,450088,0.882805
195963,9362400;17166,786365,0.941581;11154,379659,0.791827;12483,445948,0.889951;11792,398115,0.75757;12114,446191,0.881956
195275,9316941;16839,790487,0.941581;11122,383754,0.795668;12965,443347,0.89138;12781,397813,0.756186;13701,444010,0.885038
192848,9315827;17299,790900,0.944931;10782,383318,0.802233;13571,448601,0.892363;12484,402544,0.75431;13052,442363,0.883296
182572,9396254;14806,782574,0.933452;12012,384087,0.797499;12336,442230,0.891737;11412,402758,0.764806;12795,446918,0.8841
196101,9290616;11918,788261,0.941;11620,381248,0.799062;12451,440528,0.886289;11611,393088,0.750558;12781,441614,0.883743
178829,9272308;12718,791357,0.947789;9076,377119,0.794283;9099,436573,0.891871;8464,390754,0.743278;9736,438997,0.877847
174196,9332296;13044,789061,0.944261;8624,375439,0.793301;11377,439703,0.892943;11364,396843,0.758062;9805,442309,0.882492
176722,9450877;14164,784639,0.943323;9047,387462,0.791425;10042,454217,0.890933;8782,405716,0.751541;11094,452808,0.881242
179888,9288214;16669,788469,0.940866;11543,375189,0.791961;12087,438941,0.8954;9913,396045,0.751675;9493,441240,0.875212
204219,9302703;16276,790943,0.942251;11270,379752,0.789594;9733,444269,0.887405;11830,397870,0.762305;12006,444903,0.878741
184283,9384062;14848,788792,0.938365;11302,384780,0.789102;12107,444253,0.888343;11553,399760,0.76351;12994,446372,0.877847
186802,9286911;13694,789119,0.939035;11338,374856,0.78544;12163,443702,0.886289;11004,398477,0.760697;11630,444485,0.880706
182157,9341734;16863,787615,0.941402;11313,383204,0.790308;9528,448947,0.889638;8880,402739,0.759491;11427,449813,0.885127
202003,9306313;16360,786821,0.938499;11223,380413,0.793524;11997,441220,0.892497;11361,395298,0.761903;12452,441071,0.882626
183983,9190813;16126,782917,0.936088;11600,372806,0.79607;12012,434161,0.887048;10909,384857,0.747566;11989,435125,0.88075
195984,9362398;14252,789614,0.943368;10627,381362,0.796025;10970,437732,0.891112;12720,395369,0.753908;13353,443294,0.878964
181029,9386399;16238,787747,0.944038;11100,386506,0.806387;12600,449515,0.8954;11642,402499,0.761947;13004,447685,0.88075
196232,9262522;16177,789348,0.945645;11859,372582,0.796025;12011,433552,0.895266;10923,384699,0.755203;12318,431806,0.876641
194963,9263777;14560,790935,0.945333;11421,374969,0.798392;12067,438905,0.895891;10736,388597,0.754935;12550,439052,0.882983
188378,9179231;11859,788854,0.940464;11337,375360,0.792452;11942,429477,0.891693;8735,384272,0.755516;9398,429400,0.878607
173682,9175535;12180,787288,0.940732;8639,368943,0.79473;9178,431343,0.886289;8268,383425,0.745065;9377,426632,0.877445
172942,9189616;12538,795103,0.941938;8435,371191,0.793881;8578,425501,0.887137;8366,391872,0.753104;9118,429773,0.873113
182240,9095730;12226,792679,0.936936;8489,366085,0.787941;9034,423062,0.887807;9526,380117,0.749486;12317,418824,0.871594
179912,9181842;15350,787732,0.93573;10994,370469,0.784323;9736,428217,0.888924;8716,385702,0.749486;12289,430443,0.870478
171131,9103966;15996,796191,0.94042;11107,363094,0.786378;11525,422407,0.88879;10945,380970,0.754176;11227,422248,0.869093
172291,9041738;15778,795564,0.93439;10137,352837,0.787003;11165,413090,0.883162;9129,369670,0.749576;10400,416346,0.876373
177854,9018092;16650,798806,0.934301;11857,358287,0.779678;12136,422592,0.884055;10719,380483,0.754801;12777,425150,0.879857
171925,8862512;16151,797316,0.934078;8792,353169,0.781152;11269,405624,0.878964;9894,361844,0.749263;11976,406309,0.874498
174261,8931315;16250,797760,0.932827;10701,342383,0.779678;10670,405932,0.880438;10420,361506,0.744127;12191,411711,0.871192
166218,8745519;15870,799643,0.930415;9742,334476,0.779768;10302,396026,0.884055;9828,349910,0.745913;11336,394479,0.874364
200203,8580824;16276,800036,0.929656;10278,324273,0.773158;11239,385714,0.877401;9685,333966,0.729343;11432,386725,0.867619
172195,8464824;16248,805635,0.930103;10139,316888,0.770299;10796,377506,0.878115;8328,325515,0.726217;7905,380936,0.86561
153934,7895655;12299,803237,0.923359;6535,272878,0.773738;8763,323102,0.874989;7527,277093,0.717776;8968,328281,0.861456
118786,6288980;12345,801746,0.92184;5772,186595,0.771371;6128,224229,0.873738;3945,192030,0.717776;5603,228888,0.862215
103820,5279946;12061,798726,0.914917;4580,130394,0.783564;4509,157735,0.877937;3325,132207,0.720813;3299,165176,0.857928
74736,3597583;15734,804609,0.91992;2622,78636,0.785842;3049,97049,0.875659;2144,84482,0.718178;2539,102876,0.855382
35600,1940598;16094,803738,0.921438;1663,39594,0.787584;1733,47662,0.875703;1074,40371,0.717329;1340,52822,0.852657
18867,964462;15676,802401,0.920679;1129,18420,0.787092;1175,22866,0.87749;411,17164,0.716659;583,24821,0.851764
7529,297539;16155,799427,0.922421;869,5063,0.788298;849,7259,0.877445;159,5881,0.717285;190,7307,0.851943
821,44699;16612,802204,0.919786;330,806,0.788432;533,1467,0.877445;25,1017,0.71724;36,1372,0.852077
416,22364;14864,802886,0.924431;500,644,0.788343;286,741,0.877311;18,546,0.717061;28,773,0.851987
