193768,10024003;20055,736236,0.956141;31815,1092582,0.871594;33403,1144540,0.945377;32915,1076872,0.827602;33037,1081520,0.930415
189685,9246602;20549,745558,0.953417;12395,348530,0.843189;13598,403925,0.921349;13038,370305,0.800447;14036,396892,0.892988
178308,9344285;21495,753664,0.949799;13033,359059,0.832381;14255,411179,0.911836;13439,377448,0.781376;14805,412633,0.877579
173683,9374057;21096,757150,0.949754;13322,366727,0.827378;15352,425969,0.908352;14594,388693,0.772398;15754,421816,0.873068
177717,9328865;21284,759802,0.960697;14010,367236,0.820947;15607,422405,0.902724;15005,387221,0.76954;16647,424384,0.874319
176366,9353365;21786,760373,0.950737;14360,369997,0.820902;15822,429414,0.909111;15439,398730,0.770121;15999,431381,0.874989
179697,9415458;21557,772153,0.955962;14809,376965,0.822331;16377,440418,0.906342;15407,396083,0.773202;16361,436651,0.882894
174346,9326517;21596,771180,0.94828;14650,377382,0.815677;15928,435890,0.909156;14995,393098,0.777758;16064,437425,0.883117
175597,9307618;22381,777012,0.955293;14178,371130,0.812282;15681,432263,0.90661;14805,391340,0.773872;15731,428034,0.883207
174174,9349833;21793,773299,0.956454;14320,375898,0.808799;15986,438883,0.909156;15238,399763,0.767887;16749,437235,0.886021
177328,9370601;21816,773499,0.948593;14294,375712,0.806208;15753,438084,0.899553;14694,397277,0.782715;15683,431150,0.884413
175617,9371627;22394,776852,0.948727;14439,382780,0.811076;15750,437644,0.897767;14836,397619,0.783743;16300,445204,0.88669
197428,9268720;21867,774901,0.951943;14014,370179,0.808263;15651,432625,0.900581;14464,389125,0.785529;15790,433572,0.884859
175560,9350827;22000,774976,0.949218;14245,375167,0.812282;15399,434697,0.903126;14557,392094,0.772443;15887,434665,0.885217
174507,9372635;22619,781133,0.950112;14093,372030,0.803975;15382,435140,0.904913;14641,398156,0.772979;16095,437108,0.885976
173395,9340337;21806,775724,0.946762;14643,376414,0.803439;15663,437405,0.904332;14624,394630,0.773649;15767,437440,0.888209
177898,9354395;22353,781850,0.945556;14401,372251,0.807191;15120,431636,0.909245;14224,389347,0.779902;15957,437499,0.891648
175866,9222650;22509,776391,0.94828;13552,358142,0.806297;14617,417345,0.900715;13816,377185,0.785172;15367,419781,0.889281
178434,9360203;22104,783053,0.955918;13747,369193,0.814649;15063,431776,0.903484;14311,393653,0.773113;15910,436119,0.892452
188364,9323976;22067,773793,0.950156;13630,363171,0.807369;14908,424048,0.905226;13976,383425,0.774989;15827,430662,0.885351
174884,9349752;22793,782464,0.953283;13768,357423,0.803796;14707,422496,0.907905;14239,383093,0.777981;15117,421190,0.888432
188168,9360028;22196,780187,0.946092;13562,363714,0.802144;14909,425821,0.908441;14084,382772,0.768557;15431,428894,0.884145
175993,9389632;22174,779719,0.951586;13334,360422,0.802278;14687,418744,0.907369;14049,379235,0.781286;15374,425647,0.890219
172919,9303865;22930,787649,0.956096;13285,351472,0.797901;14509,413519,0.900134;13619,368569,0.778383;15065,418607,0.882358
176229,9252798;22205,777539,0.949933;12998,346110,0.794283;14457,406737,0.900893;13450,370520,0.772711;14791,411015,0.883296
176487,9307623;22742,790550,0.957034;13204,349624,0.794372;14456,406989,0.898213;13269,366654,0.777579;14656,406190,0.880929
174404,9246590;22746,782366,0.951987;12864,340236,0.803662;13972,400937,0.900268;13069,357681,0.768021;14810,404447,0.878741
171667,9163461;22240,781919,0.952345;12398,328598,0.795802;13680,391836,0.894015;12677,349152,0.766994;14436,394263,0.880706
181923,9122478;22558,786687,0.951764;12208,322492,0.791693;13560,386429,0.892899;12491,344601,0.756945;14360,393578,0.882939
166593,9003698;22767,784675,0.939884;12117,310676,0.78017;13487,377390,0.894864;12913,333690,0.75699;14049,384973,0.879723
151313,7812741;22506,788598,0.950246;8475,218825,0.789281;9313,266631,0.892943;8401,230815,0.766056;10464,276439,0.879946
89538,4848072;22445,782860,0.948995;4218,96604,0.79272;4474,121478,0.896784;3784,105223,0.764225;4742,132236,0.873336
38382,1936414;22781,785858,0.944931;1582,30318,0.799241;1920,43349,0.896963;1181,32749,0.762483;1519,43072,0.87222
6211,341595;22352,783653,0.953059;677,5344,0.801295;643,6786,0.898213;196,5265,0.762349;285,8235,0.871907
