51081,25657866;8722,1153884,0.960888;23242,2616080,0.94397;19605,2612220,0.983026;21579,2643586,0.889336;18537,2542151,0.945422
52320,25662088;7544,1151450,0.964126;12126,882658,0.936041;9155,955363,0.967672;8391,901459,0.836181;9631,914332,0.882384
51109,25658898;7060,1154883,0.952066;10564,906565,0.926521;9546,993816,0.97038;9018,930752,0.841736;9737,936500,0.888135
52830,25654882;6997,1161624,0.959883;12096,946136,0.91809;10839,1029939,0.969542;10471,975907,0.845673;10686,981367,0.8933
52693,25660801;7841,1161176,0.958459;13693,984180,0.915913;10902,1068111,0.963652;11635,1006581,0.851843;11218,1012866,0.89129
51621,25658643;7702,1153740,0.963652;15670,1003429,0.911753;12865,1082156,0.963931;11486,1025815,0.83297;11980,1027614,0.876968
52412,25654533;6853,1142279,0.9567;14814,981397,0.916443;11610,1075231,0.965187;11551,1040813,0.831072;11743,1025863,0.882468
50852,25627305;7380,1130934,0.960916;18611,961579,0.913428;15973,1049533,0.963372;12315,998269,0.838358;13085,992571,0.891904
56874,25531139;7476,1121900,0.965578;15170,918310,0.89383;13978,990669,0.946817;13144,947269,0.841513;13897,944390,0.892965
55893,24997698;8000,1112947,0.966052;14286,823839,0.853908;12815,898098,0.918453;11006,857940,0.829564;11149,851581,0.891374
50549,22942600;7401,1113455,0.965857;11361,613074,0.826103;9763,669177,0.902345;8022,642465,0.830653;8607,643673,0.875461
32099,14642865;7122,1107919,0.969179;6673,327388,0.808319;5649,370124,0.885539;4279,335254,0.816025;4728,356806,0.864126
12786,6439831;7719,1105055,0.966834;3551,130987,0.807259;2888,140079,0.882356;1232,128005,0.819765;1430,136184,0.858291
1957,992863;7373,1104489,0.966611;2299,20478,0.807929;1920,24012,0.884422;228,20130,0.820352;251,21721,0.859604
