55553,25657866;25360,3388450,0.998143;17224,955282,0.954299;17054,1080537,0.987423;25452,910725,0.912381;22843,1058141,0.960399
53928,25659180;27981,3412973,0.998018;12936,307963,0.926605;12076,402239,0.969123;12679,350967,0.872501;14494,473936,0.918481
52801,25663543;27983,3427035,0.997878;16434,371384,0.912046;17588,486103,0.966583;15903,401386,0.82782;18059,541894,0.890913
52942,25668424;28171,3470046,0.997767;20878,426016,0.906644;17590,555443,0.969403;20224,454754,0.804216;21022,613917,0.875265
53214,25670592;28350,3508237,0.99651;22770,449371,0.89859;19201,593845,0.968132;21719,478235,0.800921;21751,633327,0.877554
53606,25671513;26756,3523555,0.996748;23867,462074,0.899958;21388,607824,0.965327;22234,480648,0.80797;22219,635703,0.875209
53035,25672425;26396,3530460,0.996957;24913,471101,0.898758;20955,621547,0.968816;23086,486109,0.819612;23089,645334,0.888624
53153,25672510;32615,3544692,0.995128;26777,470596,0.893467;20686,629687,0.967309;22394,480415,0.832621;23267,650260,0.897613
53299,25672384;29453,3540295,0.996078;28154,466369,0.888456;20650,616400,0.96675;21807,478529,0.839629;22164,638557,0.906323
54386,25672464;26349,3544095,0.996161;27592,468128,0.887032;20829,619988,0.966457;21541,477462,0.845715;22088,636656,0.914252
53315,25671992;25623,3549894,0.995924;25908,467007,0.894123;20088,610976,0.96689;21325,476051,0.840047;22960,634502,0.907649
53758,25672592;26334,3544876,0.997236;25878,469580,0.898311;20710,620223,0.969165;21543,475039,0.837912;22725,633136,0.911376
52892,25672065;23982,3553958,0.99651;25501,461765,0.89256;19732,615218,0.964112;21701,477573,0.835106;22939,634944,0.903071
53196,25671710;28342,3557852,0.996287;25315,463084,0.890773;24271,615627,0.967337;21989,477077,0.831044;22473,641037,0.900503
60590,25671523;28297,3540116,0.996971;26528,463523,0.892881;19477,617298,0.964098;22644,482587,0.820617;22754,645751,0.889308
57643,25671638;28475,3538851,0.996301;25141,460365,0.887968;20243,614199,0.964796;21932,480224,0.820282;23000,652491,0.895422
62752,25671140;20966,3538459,0.995673;25151,454935,0.889112;20588,604267,0.96354;22194,479943,0.818188;24024,649349,0.890745
57150,25671036;16415,3551690,0.995757;26670,460751,0.891527;20624,611463,0.964308;21531,478976,0.815341;22903,657840,0.894779
55087,25670576;28593,3557322,0.996106;27506,453417,0.890369;19340,602481,0.964336;21459,478917,0.82225;22224,647396,0.890131
54244,25670478;20808,3557414,0.995938;23882,451205,0.88861;18997,600661,0.96368;21181,477521,0.823548;20579,654317,0.889796
54756,25669654;27324,3564931,0.99471;24647,440434,0.891862;20385,585843,0.964182;20993,472489,0.82151;22041,644808,0.886949
54449,25669498;27389,3581920,0.99598;23841,435716,0.891653;25215,585227,0.96562;21881,469436,0.823199;21581,639406,0.883152
54540,25668623;27803,3573317,0.995631;22533,427138,0.894291;19518,578132,0.967951;19895,457482,0.826368;21598,637448,0.889126
53925,25668665;25592,3591600,0.996915;23041,424641,0.892881;17201,572469,0.965745;20615,456694,0.824288;22149,627575,0.893007
53791,25667695;27898,3590848,0.996329;22270,416082,0.893705;18623,562179,0.963875;19821,449845,0.828587;21177,622702,0.896301
55647,25667290;28247,3606977,0.995198;21670,409113,0.891904;18782,556862,0.965745;18989,441652,0.837954;20442,614305,0.890396
54997,25666978;26591,3611843,0.996343;23272,410028,0.893663;18058,551416,0.964531;17648,438528,0.832901;20772,613447,0.890117
56231,25666428;28444,3622854,0.996287;22143,404405,0.896413;13956,543756,0.966052;18465,434904,0.830388;21603,609522,0.89069
57147,25666023;25686,3626005,0.996203;20875,398337,0.89538;13318,537871,0.96361;14584,430073,0.825865;15637,604935,0.889447
53715,25665747;28305,3629173,0.997069;16537,394356,0.894891;15448,535543,0.965508;17977,426168,0.820589;19910,595797,0.884659
57312,25665156;28344,3634160,0.994752;17626,392296,0.89605;17545,531753,0.963903;18972,425437,0.821175;20030,597463,0.884785
55577,25665328;26770,3628079,0.996566;22596,388594,0.897166;16872,529932,0.963456;18639,423173,0.821119;19864,593352,0.879858
54538,25665059;25206,3650085,0.996873;21528,391300,0.894919;16382,528094,0.962688;18551,426584,0.819361;20848,598703,0.880374
63906,25664914;27660,3641483,0.996524;19776,387334,0.894361;12876,527643,0.961921;14657,426604,0.825991;15490,603897,0.884324
57414,25665163;27025,3658202,0.997404;19282,390431,0.890983;16085,530529,0.961544;16195,425328,0.821175;18284,604647,0.882845
54723,25665145;27234,3640727,0.996496;27320,393248,0.898967;25885,533158,0.962158;19626,429393,0.826661;22111,603092,0.885511
56814,25665467;28067,3633436,0.995882;24948,393081,0.893007;17543,534903,0.963903;17037,432566,0.829048;18776,606253,0.885916
55312,25665229;28165,3627668,0.996622;22967,395223,0.893328;16470,534505,0.96347;18475,432746,0.826843;21111,611593,0.885329
55842,25665708;19903,3614135,0.996678;21253,400321,0.892225;14690,541021,0.965327;15317,434909,0.821873;19803,613318,0.886223
55758,25665434;21389,3626703,0.997515;20507,397652,0.897208;19223,540112,0.964238;18068,434417,0.819054;19137,614420,0.886516
55483,25665619;27557,3606647,0.995757;22178,400983,0.89591;18526,546558,0.964224;20201,437905,0.818733;20668,614642,0.885385
58205,25665413;19210,3596070,0.996748;23468,398869,0.89725;16978,538830,0.964726;19342,438598,0.818635;20388,607887,0.885623
54730,25665355;26532,3574997,0.995701;25042,399322,0.899456;18103,535075,0.966946;18884,437456,0.821468;19733,601981,0.884966
53892,25665549;27224,3565904,0.997362;21805,397125,0.896901;17171,530650,0.963903;18720,435999,0.818593;20948,601962,0.881742
56208,25665149;27235,3540536,0.99739;22868,392502,0.899567;17115,524168,0.96435;18540,433909,0.819668;20159,599321,0.884436
56241,25664541;20971,3533886,0.997152;19024,382832,0.90395;12950,508318,0.967811;17727,424595,0.814098;19176,577139,0.883375
55279,25664321;28003,3506228,0.997097;22204,379272,0.904899;16797,501323,0.969291;18188,421321,0.817253;18927,566750,0.877959
53564,25663825;27779,3488384,0.995882;19944,371628,0.901242;14833,488049,0.966988;13195,415194,0.820659;18568,556690,0.87902
54330,25663359;27334,3459495,0.997348;15144,364570,0.908738;13158,473559,0.972376;16854,407246,0.829229;17959,537555,0.881449
56893,25662710;25934,3447737,0.997083;19344,353648,0.912312;14549,457851,0.9677;16082,394115,0.819277;17126,525266,0.877485
54250,25661441;20863,3423492,0.997376;19153,342710,0.913763;14792,439775,0.970101;15874,386322,0.816039;16667,503597,0.871734
55169,25657635;26880,3390196,0.998465;20390,334938,0.92426;14613,423796,0.970826;15213,379059,0.820003;16714,486713,0.875195
57310,25650310;25811,3366081,0.998004;19598,320908,0.924539;15448,400673,0.972222;14072,364567,0.812549;14908,463438,0.869486
52932,25642623;26148,3343630,0.998157;16896,303865,0.917825;14256,383757,0.96957;11786,353015,0.812088;10709,442983,0.864838
56745,25637030;32047,3327653,0.997557;13081,295813,0.923604;10823,365764,0.96876;12361,341362,0.81569;12783,423348,0.85931
54370,25611692;25309,3308268,0.998534;12849,278175,0.921454;9944,340638,0.969109;10224,321321,0.809701;12328,399283,0.855639
53710,25552573;25033,3288156,0.998548;17767,252442,0.922446;13454,310544,0.973646;10711,298953,0.813693;10423,363282,0.854969
58736,25385146;25769,3277661,0.998437;13062,218913,0.931198;12743,265774,0.971329;8168,258829,0.809659;9401,319775,0.852471
55501,24933117;26364,3270527,0.997222;11254,187621,0.929104;9383,222957,0.968984;6792,221559,0.807915;7693,271417,0.847808
50172,24119395;26460,3271933,0.99739;11198,151913,0.939838;8831,181055,0.972376;5420,179623,0.815145;6237,224040,0.850614
45446,22192177;17207,3258348,0.996776;8328,119375,0.94122;7326,139866,0.971468;3936,137290,0.813372;4225,171154,0.850865
36958,17338231;18207,3268503,0.997069;6352,76052,0.94531;5880,92958,0.977429;2344,89830,0.814922;2762,111445,0.851745
26024,12331838;25453,3262897,0.996985;7232,46366,0.950447;4290,55744,0.980011;1400,54439,0.816639;1720,69452,0.853671
18068,8077308;15481,3265446,0.997781;5911,26451,0.948925;3059,32259,0.980639;817,31455,0.816039;946,41332,0.854118
10894,4874938;21668,3256854,0.997836;6429,13547,0.951019;5969,18193,0.981602;405,16680,0.816429;482,21581,0.854955
5364,2341686;24375,3255855,0.998897;3475,6472,0.951549;3460,7981,0.982761;181,7289,0.816332;226,9413,0.855123
4045,1730435;24763,3252464,0.999316;3420,4286,0.952303;926,5485,0.982175;131,4572,0.816318;144,5931,0.854634
