36596,25657866;5029,1121915,0.951535;11809,2584701,0.931854;9879,2608345,0.966499;12280,2538366,0.909743;14375,2496996,0.96005
44097,23916485;5318,1130793,0.956784;7901,669313,0.924065;7409,721757,0.961586;5716,698683,0.886376;7562,716407,0.933752
47702,23907855;5273,1140289,0.95469;7710,699173,0.912954;7483,759728,0.960692;5974,749969,0.86957;6536,760170,0.917728
45790,23893376;5897,1136780,0.952205;7503,714867,0.908291;6516,783901,0.956644;5487,763383,0.861111;6328,769952,0.90536
39965,23953120;5604,1146958,0.959073;7041,760338,0.91368;6517,809433,0.957594;5848,797595,0.853573;6275,804977,0.896315
43829,23938716;5850,1140082,0.957733;7312,767395,0.91287;6470,811264,0.957091;7357,796668,0.859241;7549,815420,0.897878
46624,23959231;5716,1149860,0.963791;10133,767183,0.910162;8303,826832,0.948241;6887,797262,0.858571;7468,807862,0.892099
43668,23920338;5548,1146030,0.95804;9233,756138,0.904802;8121,816623,0.951284;6918,800024,0.855137;7128,811738,0.884143
50010,23973985;5440,1149267,0.961334;11224,774376,0.904606;10293,825529,0.954606;8824,801180,0.847264;9346,806985,0.885455
46827,23966928;5087,1143695,0.96206;10497,775197,0.909604;9919,836599,0.955918;8640,804876,0.839978;9450,826207,0.889084
51397,24034001;5394,1150752,0.961921;11369,777387,0.90215;8780,839431,0.954606;7335,810043,0.847795;8548,818424,0.888219
48716,23820466;5350,1149304,0.962758;11407,771196,0.900251;8801,838727,0.954439;6394,800425,0.857119;8729,818416,0.893216
48901,23795929;5775,1151932,0.960581;9286,772700,0.903099;7293,829326,0.950279;6544,803625,0.859855;6852,817182,0.901898
48425,23887111;5235,1155506,0.966974;8708,766824,0.902066;8191,827790,0.94746;8254,807814,0.857286;8722,813605,0.893049
49502,23656569;4037,1152276,0.961027;10749,759010,0.901619;8687,816493,0.949888;8266,791427,0.863707;8280,798811,0.895282
49246,23931757;3596,1156208,0.960134;10508,783823,0.905807;9494,836703,0.954523;7900,803948,0.854551;8445,828030,0.903936
49089,23994170;4150,1157576,0.965382;10955,772452,0.906226;9134,837530,0.9555;8776,811460,0.863763;8919,818266,0.897739
46699,23892694;5276,1155154,0.960106;8977,762794,0.896762;6952,815774,0.948018;7286,789612,0.869738;6935,813530,0.899414
49102,23774243;5225,1154978,0.958124;10067,763925,0.897906;8310,810096,0.947041;6488,788766,0.866806;8562,803953,0.90187
41610,23814754;5557,1154616,0.96019;8856,766388,0.896678;8930,808098,0.948185;7486,792056,0.860804;11745,797621,0.901424
47849,23937164;4834,1161250,0.962088;12244,762231,0.89665;9707,822524,0.94799;7363,781392,0.861223;7533,806753,0.907398
48514,23979275;4054,1159435,0.963903;10150,759105,0.892379;7233,816430,0.946594;6027,790700,0.853825;6913,800446,0.905807
48306,23814491;4020,1164464,0.965913;8234,739843,0.898632;7154,799342,0.941011;5860,771297,0.860329;7340,778703,0.907621
47107,23764056;3941,1174282,0.959911;12298,728585,0.886572;10037,796135,0.94397;7748,764558,0.854746;8342,779864,0.91206
46248,23931145;4073,1170900,0.958654;10900,725603,0.887884;8385,800560,0.94679;6012,757958,0.86354;6503,784059,0.905081
36815,23874708;4115,1176885,0.957733;7847,729151,0.888219;6389,789749,0.95321;7871,754279,0.861055;8018,774693,0.903378
40439,23732595;5598,1172796,0.963121;9220,712325,0.879481;7196,777499,0.943886;6052,744409,0.857035;6466,774271,0.907398
41410,23872599;5715,1176592,0.962674;8329,720080,0.882021;6919,783905,0.948744;6047,753450,0.853322;6575,772006,0.907063
37286,23728431;5757,1178271,0.963121;8132,701242,0.883808;6863,769557,0.949302;8607,737327,0.852875;11163,759498,0.902205
44798,23974833;5753,1175897,0.965159;8675,715904,0.888051;6662,782922,0.947934;6225,754695,0.856728;6911,782609,0.906142
50749,23895125;6001,1187249,0.959548;8663,709103,0.87842;7209,773499,0.944724;6222,740263,0.853406;6793,773788,0.906561
49710,23958464;6053,1185407,0.96072;7632,714725,0.87507;7205,786001,0.944807;6128,760554,0.853043;7010,784257,0.912898
46285,23936002;6100,1184608,0.96488;9201,710703,0.873702;7728,783229,0.947236;6610,746751,0.84919;7982,770656,0.907035
44404,23771076;6053,1188644,0.965187;9210,687765,0.878448;9462,761012,0.94263;7775,723042,0.85;6420,757203,0.908264
44884,24018031;6248,1192072,0.965913;10151,714792,0.880458;7953,780206,0.942323;5878,749098,0.849274;8131,776978,0.913009
38719,23985529;4302,1183183,0.966276;10315,699171,0.880988;8801,773202,0.945282;7613,739027,0.853769;8100,767367,0.913847
38024,23902143;6215,1188140,0.965243;7707,692506,0.884925;6680,766711,0.948465;5930,734594,0.853769;7360,766589,0.910804
44084,23821191;5953,1186748,0.967644;11651,693798,0.878001;7960,769156,0.945701;6711,736912,0.858431;7131,765098,0.910972
44634,24068166;5994,1182833,0.965355;8406,694120,0.884534;7392,766191,0.949135;8906,730680,0.858906;7795,765933,0.91368
48650,23636708;6037,1182188,0.963652;9501,678444,0.88459;9437,745154,0.943132;7153,706223,0.855751;7694,741328,0.916276
50236,23885566;5863,1183928,0.966108;9893,691952,0.87909;8208,769626,0.943216;8735,730995,0.858096;7891,756540,0.910804
46314,23834338;4909,1181367,0.968537;9109,695240,0.880458;9694,760738,0.946343;8774,726474,0.862228;8896,768858,0.911307
44113,23723893;5474,1182122,0.964629;9677,691749,0.878559;8343,756580,0.94584;7913,720589,0.854662;8300,752668,0.914824
50168,23950259;5460,1178836,0.965438;10301,681924,0.879872;8474,756238,0.948437;7617,720501,0.856365;7971,754764,0.909408
49783,23837757;5469,1176125,0.967811;9378,694942,0.880709;8495,761490,0.952736;8251,724877,0.861753;8276,759159,0.918118
50683,23832051;4650,1177083,0.968705;9586,692215,0.882161;7750,748408,0.953964;6244,719063,0.858766;6765,757420,0.91756
50572,23696078;5084,1171222,0.966667;8814,686866,0.885874;8314,752401,0.94919;7538,715967,0.862591;7476,743418,0.914936
49997,23672193;5126,1168653,0.966778;7466,668728,0.884562;9014,738965,0.947515;6926,704289,0.852903;7916,739066,0.915075
50566,23907464;3837,1173867,0.967365;9759,684154,0.886265;8899,751026,0.947264;7798,717554,0.857538;8394,751908,0.912535
50720,23801365;3762,1166271,0.96287;9153,690065,0.887102;10518,754564,0.952345;9196,706384,0.86153;8626,738484,0.915075
50710,23944431;5962,1163611,0.96742;9969,682541,0.884785;8668,747285,0.949302;7641,713069,0.860441;8075,734818,0.914266
39777,23701982;6132,1159705,0.96407;10341,669679,0.887716;10030,724932,0.944249;7507,699749,0.859185;7949,728303,0.90938
42774,23785983;5310,1155647,0.970436;9382,686695,0.894193;7985,735860,0.945477;6764,708922,0.860078;7510,734428,0.906393
37624,23534741;5030,1155568,0.96435;9395,666788,0.891178;9185,723958,0.947404;6929,704799,0.867588;7532,721711,0.909157
36482,23430849;5356,1153642,0.963903;9269,646710,0.893076;7951,707997,0.946957;6918,684865,0.872222;7432,715818,0.912479
42896,23511978;5345,1148414,0.966611;9508,663000,0.8933;8641,714466,0.948437;7726,690299,0.866443;7372,711679,0.906924
43337,23464246;5593,1145347,0.965047;9343,652420,0.887242;9038,707302,0.947599;7153,686342,0.8689;8226,698722,0.910302
34773,23557078;3909,1141933,0.967951;10355,648528,0.885288;8186,705024,0.942267;6431,679839,0.871245;7992,697820,0.906114
35306,23417847;3973,1141069,0.966667;8376,645385,0.893719;7382,691409,0.944807;5589,662569,0.872836;6656,681326,0.909911
34695,23388310;4115,1131786,0.965466;8361,640700,0.892071;8012,691362,0.944584;7256,670019,0.871664;7315,681750,0.902122
36522,23118889;6036,1134009,0.967783;8084,621232,0.894612;7598,668629,0.941485;5988,644889,0.870938;6582,660303,0.902233
44819,23241334;5663,1133444,0.962898;8230,622061,0.892853;7802,668992,0.943774;6581,649924,0.874037;7383,658651,0.904802
35216,23026206;5759,1126598,0.958403;9782,612357,0.889782;9815,659296,0.941569;6776,641278,0.870296;7118,653042,0.909827
31945,22592835;5973,1130228,0.967476;7355,587971,0.887326;6508,642819,0.945449;5165,616793,0.870212;5378,629116,0.906868
34451,22724844;6101,1125496,0.963009;8331,595016,0.89397;7294,633357,0.945003;5739,616079,0.874176;5014,626570,0.906421
44963,22577975;3683,1115832,0.960748;7269,577213,0.894891;7528,621631,0.944165;4618,607152,0.873423;4910,614791,0.901815
45597,22656805;3818,1118505,0.9677;7176,580390,0.892127;7278,615608,0.942741;4388,604475,0.877917;4705,598443,0.908459
45420,22614863;4176,1119286,0.962312;7007,566902,0.89531;5883,604819,0.944417;4262,586610,0.878978;4767,604378,0.910692
44027,22215769;6001,1105035,0.960804;7408,544213,0.886376;7748,582391,0.938721;5092,575095,0.874902;5358,572990,0.909017
33521,21997419;4945,1110153,0.962312;7948,544917,0.88713;6035,585512,0.941876;4459,564948,0.884506;4833,569826,0.909324
32227,21278876;3547,1100982,0.958431;5515,521997,0.893216;4930,556272,0.944975;3661,540788,0.893439;4073,539507,0.908459
32431,21216131;3689,1098732,0.958208;7722,500097,0.894109;5162,531019,0.946454;3484,518224,0.886097;3866,519971,0.915885
32384,21242558;3787,1100192,0.958096;5576,492297,0.899135;5679,516121,0.945366;4396,511852,0.88995;4773,510128,0.914238
31316,20571479;3805,1104757,0.955053;6445,467319,0.901228;6160,498577,0.950475;3409,485279,0.902652;3862,493015,0.922362
29125,18921627;3842,1095579,0.955807;5296,398425,0.901898;5344,420651,0.947152;2818,409926,0.906309;2998,414602,0.924986
22654,15076505;3668,1095973,0.951535;3932,268565,0.907956;4178,282210,0.952066;1720,280680,0.906979;1843,275795,0.925684
16059,11039840;3784,1093570,0.954578;3304,176370,0.911977;3039,188539,0.950223;1379,182249,0.909157;1575,184722,0.926019
10831,7381629;3747,1095984,0.956672;3347,103948,0.916862;2892,109470,0.951591;859,111827,0.915997;911,112141,0.929955
5975,4070781;4708,1094866,0.948716;2655,50639,0.920491;2301,57828,0.955081;445,54611,0.917728;524,56079,0.930486
2584,1752115;3771,1089332,0.953685;2092,21006,0.921385;2524,22336,0.954523;165,21218,0.917923;177,21984,0.930988
800,534260;3196,1093784,0.956337;1771,5654,0.921915;914,5300,0.954606;61,6944,0.918453;68,6303,0.931519
378,250015;3197,1097823,0.956728;490,2425,0.922027;414,2580,0.954746;32,2780,0.919151;24,2507,0.931519
