3,6105;20,7296,1;12,3103,0.998198;14,4302,0.998198;10,2818,0.935135;8,3074,0.942342
3,5590;20,7402,1;3,1190,0.956757;5,1870,0.996396;5,1602,0.861261;4,1684,0.935135
3,5272;20,6977,0.983784;3,1149,0.913514;5,1784,0.962162;4,1449,0.882883;4,1449,0.899099
4,5741;23,7189,1;7,1380,0.967568;8,1844,0.920721;7,1519,0.706306;8,1726,0.774775
4,5762;23,7194,1;6,1306,0.821622;10,2329,0.963964;7,1536,0.771171;9,1931,0.727928
3,5694;23,7459,1;7,1582,0.965766;10,2378,0.998198;9,1756,0.864865;9,1863,0.863063
3,5676;22,6977,1;6,1398,0.971171;9,2008,0.967568;8,1677,0.87027;6,1373,0.776577
3,5575;23,7203,0.983784;8,1447,0.971171;9,2122,0.90991;8,1696,0.881081;7,1607,0.67027
3,5665;22,6924,1;6,1274,0.888288;9,2097,0.859459;7,1446,0.722523;9,1995,0.812613
3,5641;24,7509,1;6,1164,0.886486;10,2184,0.902703;8,1616,0.827027;7,1627,0.868468
4,5947;21,6813,0.974775;9,1647,0.971171;11,2494,0.996396;10,1997,0.85045;10,2251,0.881081
4,5884;23,7353,0.994595;8,1644,0.983784;9,2287,0.877477;6,1776,0.848649;5,1870,0.873874
4,5821;27,7181,1;4,1313,0.891892;6,2240,0.927928;6,1868,0.873874;6,2183,0.92973
4,5919;20,7280,0.989189;5,1551,0.89009;6,2478,0.945946;7,2147,0.936937;6,2167,0.936937
4,5652;21,7331,1;8,1492,0.893694;10,2221,0.94955;9,1730,0.801802;9,1944,0.877477
4,5542;21,7518,1;7,1444,0.935135;10,2382,0.990991;11,2226,0.911712;8,1726,0.762162
4,5851;20,7116,1;7,1362,0.911712;10,2353,1;9,1740,0.832432;9,1822,0.8
4,5401;20,7368,1;6,1292,0.886486;8,1866,0.877477;8,1634,0.785586;7,1596,0.731532
4,5494;34,7521,1;7,1480,0.900901;10,2171,0.976577;8,1604,0.771171;8,1682,0.810811
4,5717;20,7223,1;7,1409,0.969369;10,2277,0.967568;9,1729,0.753153;6,1857,0.821622
4,5473;21,7562,1;4,1091,0.836036;5,1962,0.945946;6,1683,0.814414;5,1698,0.893694
4,5591;20,7104,1;5,1653,0.978378;6,2200,0.87027;5,1461,0.614414;5,1670,0.888288
4,5483;19,6807,1;6,1300,0.790991;9,2242,0.924324;7,1446,0.854054;8,1680,0.888288
4,5580;23,7268,1;5,1391,0.845045;10,2396,0.926126;8,1539,0.785586;8,1878,0.897297
4,5769;23,7181,1;5,1462,0.827027;5,1994,0.924324;5,1516,0.763964;4,1529,0.861261
4,5940;22,7238,1;5,1575,0.886486;6,2405,0.983784;5,1518,0.821622;5,1873,0.863063
3,5194;23,6982,1;4,1140,0.884685;5,1860,0.981982;4,1318,0.801802;7,1562,0.814414
3,5759;22,7118,0.990991;6,1255,0.801802;10,2194,0.965766;8,1663,0.848649;7,1691,0.873874
8,5404;23,7276,0.987387;7,1435,0.893694;8,1950,0.958559;8,1455,0.756757;7,1493,0.783784
4,5536;22,6909,1;7,1320,0.83964;9,1863,0.863063;8,1547,0.908108;9,1921,0.872072
4,5684;22,6981,1;6,1343,0.771171;9,2214,0.884685;5,1544,0.821622;9,1995,0.828829
4,5921;23,7338,1;7,1456,0.832432;11,2478,0.969369;9,1689,0.848649;9,1935,0.801802
3,5142;29,7053,1;5,1047,0.875676;8,1660,0.971171;6,1314,0.758559;6,1435,0.812613
4,5643;20,7006,0.985586;6,1174,0.796396;8,1929,0.854054;8,1587,0.706306;8,1691,0.762162
4,5711;20,7159,1;6,1233,0.78018;9,1942,0.893694;7,1507,0.790991;8,1735,0.83964
4,5333;20,7174,1;6,1239,0.866667;8,1753,0.900901;7,1315,0.796396;6,1307,0.917117
4,5201;20,7196,1;4,1082,0.922523;4,1534,0.87027;4,1324,0.852252;3,1180,0.881081
4,5670;20,7069,1;6,1364,0.884685;9,2072,0.774775;9,1658,0.825225;5,1718,0.863063
3,5405;20,7111,1;4,1183,0.944144;4,1558,0.702703;4,1178,0.785586;3,1154,0.868468
4,5793;20,7338,1;4,1189,0.848649;6,2133,0.90991;5,1475,0.863063;9,1550,0.863063
4,5867;20,7183,1;7,1187,0.855856;10,1827,0.924324;9,1395,0.715315;8,1507,0.713514
4,5562;22,6978,0.981982;6,1082,0.843243;9,1992,0.938739;7,1448,0.747748;5,1271,0.720721
4,5829;21,6814,1;6,1219,0.818018;9,2084,0.920721;6,1206,0.762162;7,1499,0.92973
4,5852;22,6867,1;6,1261,0.821622;8,1896,0.866667;7,1333,0.720721;7,1449,0.769369
3,5222;22,6738,1;5,1032,0.801802;8,1830,0.81982;7,1448,0.841441;7,1491,0.776577
4,5728;22,6906,1;7,1360,0.911712;10,2221,0.96036;8,1586,0.854054;8,1744,0.868468
4,5675;22,7170,1;6,1086,0.846847;8,1682,0.827027;8,1585,0.751351;6,1477,0.818018
4,5803;22,7099,1;8,1567,0.821622;8,1670,0.783784;8,1617,0.731532;7,1661,0.830631
3,5642;26,6900,1;6,1242,0.875676;8,1900,0.882883;7,1291,0.814414;7,1738,0.897297
3,5264;23,7098,1;6,1205,0.841441;8,1695,0.785586;6,1180,0.769369;6,1372,0.877477
3,5548;23,7302,1;6,1181,0.798198;8,1847,0.805405;7,1461,0.776577;6,1459,0.902703
3,5556;23,7522,0.996396;6,1277,0.81982;11,2310,0.942342;7,1401,0.76036;7,1601,0.924324
4,5866;24,7456,1;7,1411,0.872072;9,2124,0.895495;8,1636,0.812613;8,1745,0.900901
4,5755;22,7142,1;7,1391,0.837838;10,2252,0.911712;8,1615,0.861261;7,1628,0.801802
3,5643;23,7099,0.996396;6,1136,0.848649;9,1942,0.931532;8,1449,0.751351;7,1601,0.841441
4,5908;22,6979,0.996396;7,1284,0.89009;9,1889,0.832432;7,1410,0.783784;7,1733,0.837838
3,5571;22,7047,0.94955;6,1118,0.736937;8,1565,0.769369;7,1506,0.8;6,1357,0.836036
4,5752;23,7391,1;7,1338,0.866667;10,2263,0.974775;7,1435,0.727928;8,1670,0.796396
3,5361;23,7413,0.992793;6,1081,0.765766;9,1858,0.895495;9,1798,0.8;7,1579,0.846847
3,5601;22,6759,1;6,1222,0.807207;9,1920,0.924324;6,1241,0.809009;7,1428,0.87027
8,5531;20,7081,0.978378;3,1150,0.733333;5,1875,0.872072;4,1255,0.652252;4,1401,0.868468
3,5384;20,7372,1;4,1207,0.758559;6,1655,0.884685;5,1641,0.74955;4,1387,0.846847
3,5661;20,6943,0.996396;3,1079,0.726126;5,1850,0.965766;5,1572,0.792793;7,1484,0.864865
3,5295;21,7165,1;7,1265,0.832432;7,1422,0.756757;6,1213,0.762162;6,1334,0.74955
3,5543;19,6555,1;6,1073,0.908108;8,1744,0.747748;7,1331,0.8;5,1631,0.818018
4,5747;20,6954,1;4,1194,0.85045;5,1634,0.776577;4,1191,0.720721;4,1505,0.798198
3,5489;22,6794,1;3,991,0.832432;5,1581,0.81982;4,1234,0.682883;4,1367,0.717117
4,5534;22,6891,1;3,1003,0.877477;5,1740,0.879279;4,1265,0.718919;4,1352,0.877477
3,5250;23,7257,1;3,843,0.814414;4,1428,0.832432;4,1163,0.686486;4,1443,0.855856
3,5401;23,7093,1;3,866,0.798198;5,1599,0.837838;4,1331,0.868468;4,1472,0.836036
3,5336;23,7327,1;3,1025,0.927928;6,1375,0.855856;5,1095,0.821622;6,1390,0.830631
4,5655;23,7114,1;6,1106,0.805405;7,1586,0.872072;8,1529,0.899099;7,1434,0.864865
4,5703;24,7473,1;6,1144,0.767568;7,1604,0.8;6,1273,0.828829;7,1557,0.85045
4,5630;22,7047,0.985586;5,1029,0.818018;8,1846,0.888288;6,1353,0.783784;6,1477,0.801802
3,5532;23,7149,0.992793;5,959,0.837838;7,1469,0.863063;7,1370,0.843243;6,1403,0.700901
4,5775;22,7033,1;3,968,0.868468;5,1756,0.933333;5,1560,0.787387;4,1418,0.666667
4,5705;23,7309,0.990991;4,1129,0.846847;5,1760,0.90991;6,1710,0.854054;5,1641,0.823423
8,5705;22,6929,1;4,1192,0.818018;5,1784,0.845045;5,1637,0.798198;4,1505,0.837838
3,5440;22,6937,0.983784;4,1064,0.87027;6,1442,0.8;7,1431,0.855856;6,1343,0.866667
3,5709;23,7290,1;4,1190,0.848649;5,1680,0.863063;4,1370,0.776577;7,1567,0.832432
3,5534;23,7182,1;5,1022,0.785586;8,1678,0.854054;8,1552,0.796396;7,1485,0.72973
4,5806;22,7160,1;6,1147,0.830631;9,2229,0.936937;8,1618,0.861261;8,1598,0.81982
3,5566;23,7206,1;7,1330,0.825225;9,2053,0.945946;7,1349,0.872072;7,1686,0.942342
3,5623;23,7158,0.998198;7,1464,0.913514;9,1860,0.884685;7,1374,0.886486;7,1576,0.857658
4,5846;23,7359,1;6,1314,0.917117;10,2327,0.927928;8,1646,0.855856;10,1666,0.893694
3,5601;22,6985,1;8,1115,0.866667;10,1708,0.87027;9,1473,0.807207;4,1286,0.87027
4,5551;23,7146,1;4,1263,0.963964;5,2041,0.940541;4,1232,0.790991;5,1590,0.888288
4,5953;21,7387,1;5,1364,0.902703;7,2525,0.92973;5,1523,0.821622;5,1700,0.882883
4,5699;21,7403,1;4,1172,0.877477;5,1794,0.92973;4,1328,0.861261;4,1480,0.776577
3,5702;20,7011,1;4,1276,0.967568;6,2022,0.944144;5,1570,0.877477;6,1998,0.927928
4,5962;20,7384,1;4,1314,0.881081;6,2217,0.981982;6,1681,0.836036;6,2009,0.90991
4,5859;20,6939,0.998198;4,1264,0.942342;5,1820,0.931532;5,1422,0.769369;5,1555,0.891892
4,5717;20,7060,1;4,1267,0.893694;6,2117,0.891892;4,1240,0.81982;5,1506,0.872072
3,5211;20,6931,0.98018;3,908,0.906306;5,1725,0.985586;4,1256,0.85045;7,1439,0.863063
3,5568;20,6892,1;6,1131,0.848649;8,1771,0.904505;8,1579,0.789189;7,1524,0.832432
3,5551;20,7107,1;7,1435,0.94955;10,2091,0.954955;9,1672,0.818018;4,1441,0.872072
4,5830;20,7087,1;4,1129,0.837838;8,1948,0.904505;8,1541,0.736937;7,1612,0.855856
10,5524;28,7410,1;6,1146,0.841441;7,1759,0.845045;7,1293,0.787387;8,1662,0.83964
4,5839;22,7090,0.994595;7,1359,0.852252;10,2081,0.893694;9,1638,0.801802;8,1670,0.877477
4,5842;23,7150,0.998198;7,1312,0.908108;9,2080,0.893694;7,1442,0.83964;8,1672,0.879279
4,5791;21,6950,1;6,1167,0.832432;10,2130,0.911712;8,1519,0.74955;8,1648,0.852252
3,5665;22,7040,1;6,1124,0.798198;8,1724,0.897297;6,1161,0.76036;6,1422,0.911712
3,5460;20,7098,1;7,1289,0.845045;9,1721,0.958559;6,1139,0.781982;6,1225,0.875676
4,5715;21,7240,1;5,1144,0.897297;8,1734,0.882883;7,1428,0.796396;7,1675,0.897297
4,5380;22,7103,0.976577;5,1097,0.884685;8,1919,0.913514;7,1329,0.825225;6,1354,0.936937
3,5170;22,7126,1;6,896,0.742342;9,1567,0.809009;9,1419,0.873874;7,1383,0.854054
4,5789;23,7166,1;9,1319,0.805405;12,2250,0.920721;9,1487,0.810811;8,1463,0.893694
3,5490;23,7179,1;8,1201,0.830631;9,1670,0.837838;8,1401,0.796396;9,1580,0.83964
4,5801;22,6982,1;7,1402,0.861261;9,2022,0.881081;7,1418,0.724324;7,1507,0.78018
4,5788;24,7528,1;6,1261,0.908108;7,1635,0.904505;9,1724,0.785586;8,1703,0.818018
3,5610;23,7209,1;6,1187,0.816216;9,1986,0.938739;7,1381,0.758559;8,1705,0.852252
4,5754;22,6801,1;7,1243,0.789189;9,1857,0.873874;8,1621,0.816216;7,1691,0.836036
3,5713;23,7095,0.998198;7,1395,0.875676;9,1962,0.886486;9,1634,0.720721;6,1595,0.85045
3,5406;23,7292,0.978378;5,1065,0.74955;7,1499,0.855856;9,1612,0.792793;7,1657,0.837838
4,5978;24,7383,1;5,1183,0.801802;6,2086,0.888288;6,1569,0.745946;8,1829,0.814414
3,5526;22,7074,1;7,1440,0.873874;9,2013,0.855856;7,1388,0.736937;8,1662,0.812613
4,5912;19,6811,0.996396;7,1423,0.857658;10,2278,0.971171;8,1526,0.727928;9,1882,0.859459
3,5689;21,7122,1;6,1256,0.857658;7,1581,0.83964;7,1429,0.666667;6,1467,0.854054
4,5682;21,6979,1;5,1012,0.792793;9,1901,0.888288;8,1521,0.735135;6,1342,0.792793
3,5571;20,6852,0.958559;3,933,0.807207;8,1584,0.848649;9,1646,0.845045;6,1379,0.933333
3,5508;19,6627,1;5,1168,0.841441;6,1434,0.736937;6,1224,0.772973;5,1243,0.816216
3,5799;20,6926,1;6,1202,0.825225;9,2279,0.927928;7,1559,0.706306;6,1434,0.781982
3,5568;19,6794,0.998198;5,1125,0.816216;7,1614,0.900901;6,1248,0.67027;5,1216,0.697297
3,5391;21,7180,1;6,1292,0.821622;8,1826,0.825225;7,1426,0.69009;7,1532,0.691892
3,5294;20,7093,1;5,946,0.771171;8,1750,0.807207;7,1509,0.758559;6,1453,0.787387
4,5781;20,7153,0.994595;6,1255,0.76036;9,2069,0.927928;8,1649,0.8;8,1769,0.863063
3,5536;20,7032,1;7,1318,0.886486;8,1824,0.899099;8,1513,0.818018;8,1746,0.857658
3,5654;20,7202,1;6,1242,0.873874;9,2031,0.846847;7,1415,0.765766;7,1520,0.848649
3,5732;20,7327,1;6,1070,0.90991;8,1762,0.879279;8,1498,0.726126;6,1287,0.792793
4,5863;20,7115,1;7,1309,0.866667;10,2270,0.938739;9,1735,0.677477;8,1692,0.783784
4,5986;21,7128,1;7,1368,0.884685;9,2085,0.854054;9,1695,0.836036;8,1586,0.809009
3,5613;21,7402,1;6,1147,0.789189;8,1814,0.893694;7,1533,0.778378;6,1276,0.864865
3,5638;21,7167,1;6,1310,0.884685;9,1962,0.918919;8,1628,0.74955;7,1566,0.866667
4,5862;24,7237,1;6,1200,0.821622;9,1911,0.879279;8,1708,0.801802;8,1759,0.834234
4,5827;21,7428,1;6,1241,0.897297;8,1725,0.886486;7,1417,0.821622;7,1514,0.810811
3,5594;21,7243,1;6,1154,0.857658;7,1495,0.720721;7,1443,0.832432;8,1696,0.765766
3,5287;21,7053,1;5,1075,0.899099;8,1849,0.753153;7,1351,0.859459;7,1548,0.868468
4,5771;20,7109,1;6,1229,0.906306;8,1755,0.807207;7,1454,0.852252;6,1382,0.888288
3,5544;20,6921,1;5,985,0.911712;7,1312,0.776577;6,1122,0.841441;6,1393,0.873874
3,5667;19,6716,1;5,884,0.845045;8,1675,0.814414;7,1316,0.789189;6,1293,0.827027
3,5442;20,6935,1;5,879,0.875676;8,1649,0.90991;6,1281,0.846847;5,1226,0.778378
3,5665;20,7149,1;5,832,0.816216;7,1463,0.895495;5,1149,0.798198;6,1272,0.864865
3,5451;22,7016,1;5,991,0.794595;8,1616,0.908108;6,1164,0.781982;6,1392,0.864865
3,5370;22,7104,0.998198;5,1019,0.794595;7,1452,0.843243;7,1400,0.807207;5,1308,0.794595
3,5850;22,6927,0.998198;6,1264,0.812613;9,1737,0.926126;7,1335,0.810811;8,1559,0.886486
3,5666;22,7240,1;7,1266,0.823423;8,1681,0.92973;8,1647,0.825225;7,1466,0.897297
3,5811;22,6950,1;6,1218,0.891892;9,1999,0.942342;8,1526,0.866667;6,1659,0.881081
4,5905;21,6800,0.998198;6,1185,0.89009;9,1820,0.834234;8,1478,0.785586;7,1423,0.87027
4,5735;21,6852,1;5,1063,0.812613;8,1823,0.904505;7,1394,0.8;4,1602,0.846847
3,5145;23,7326,0.989189;3,1035,0.852252;5,1393,0.816216;5,1091,0.805405;6,1297,0.805405
3,5651;20,7182,0.998198;6,999,0.891892;8,1711,0.938739;4,1286,0.792793;4,1459,0.765766
4,5970;20,7427,1;5,1040,0.854054;8,1635,0.861261;8,1512,0.787387;8,1698,0.825225
3,5765;20,7047,0.98018;5,1012,0.805405;7,1324,0.724324;7,1321,0.792793;6,1445,0.810811
3,5747;20,7026,1;6,971,0.866667;7,1560,0.863063;6,1329,0.812613;6,1287,0.809009
3,5713;19,6833,1;6,1090,0.805405;7,1486,0.810811;6,1151,0.754955;6,1369,0.848649
3,5639;20,6986,1;5,982,0.827027;7,1594,0.846847;7,1402,0.664865;6,1342,0.834234
3,5444;20,7001,1;5,1034,0.745946;7,1571,0.81982;8,1490,0.843243;7,1487,0.774775
3,5488;20,6908,1;6,1257,0.801802;8,1733,0.902703;6,1235,0.836036;6,1184,0.843243
3,5706;21,7419,1;5,877,0.772973;7,1491,0.863063;6,1210,0.790991;6,1309,0.814414
3,5517;20,6880,0.981982;5,916,0.8;8,1663,0.85045;4,1228,0.790991;5,1047,0.736937
3,5717;19,6766,1;5,1010,0.812613;8,1521,0.857658;7,1279,0.816216;7,1357,0.801802
3,5793;20,6694,0.996396;5,1097,0.825225;7,1438,0.803604;7,1292,0.841441;6,1321,0.81982
4,5417;19,6632,0.990991;5,780,0.720721;6,1420,0.753153;5,1075,0.731532;5,1166,0.78018
3,5724;19,6636,0.972973;5,1029,0.715315;8,1625,0.758559;6,1215,0.648649;7,1481,0.884685
4,5844;20,7091,1;6,1036,0.848649;8,1763,0.893694;6,1145,0.805405;7,1337,0.863063
4,5898;21,6605,1;6,1157,0.893694;9,1729,0.884685;7,1355,0.882883;7,1393,0.917117
4,5819;22,6761,1;5,1037,0.823423;7,1397,0.895495;5,1004,0.790991;6,1142,0.895495
3,5587;21,6891,0.994595;6,1040,0.818018;7,1462,0.859459;7,1443,0.888288;6,1318,0.828829
3,5676;22,6813,1;6,981,0.845045;7,1390,0.854054;6,1120,0.733333;6,1207,0.818018
3,5543;22,6907,1;4,874,0.735135;8,1668,0.841441;6,1250,0.706306;6,1382,0.828829
3,5558;22,6801,1;5,877,0.798198;6,1149,0.74955;5,1134,0.731532;5,971,0.706306
3,5550;21,6586,1;4,950,0.848649;4,1142,0.785586;5,1285,0.843243;5,970,0.738739
3,5799;20,7129,1;5,993,0.832432;5,1460,0.740541;7,1309,0.812613;6,1289,0.783784
3,5340;19,6495,1;5,938,0.888288;7,1492,0.727928;6,1186,0.8;6,1239,0.753153
3,5601;20,7017,1;5,961,0.798198;8,1584,0.83964;6,1162,0.758559;6,1366,0.776577
3,5713;22,7128,1;6,1042,0.836036;8,1549,0.792793;7,1525,0.810811;7,1564,0.85045
3,5502;23,7136,1;6,1046,0.855856;7,1478,0.816216;7,1274,0.792793;7,1506,0.863063
4,5862;22,6824,1;5,947,0.85045;7,1528,0.843243;6,1158,0.718919;6,1255,0.796396
3,5693;23,7050,1;5,889,0.693694;8,1665,0.866667;5,980,0.744144;6,1252,0.756757
3,5244;23,7175,1;5,991,0.776577;6,1297,0.854054;6,1360,0.74955;7,1516,0.848649
3,5653;21,6931,0.983784;4,905,0.816216;7,1552,0.816216;6,1297,0.781982;6,1276,0.771171
3,5506;22,6793,1;4,794,0.763964;5,1457,0.940541;5,1091,0.753153;5,1210,0.726126
3,5544;20,6959,1;5,798,0.789189;5,1132,0.848649;3,917,0.774775;3,1065,0.767568
4,5885;19,6684,1;5,785,0.702703;6,1090,0.803604;8,1478,0.763964;7,1449,0.827027
3,5582;19,6707,1;6,1103,0.897297;7,1284,0.825225;5,1002,0.785586;6,1176,0.834234
3,5661;19,6704,1;5,847,0.789189;7,1374,0.81982;5,1022,0.801802;6,1287,0.767568
4,5759;19,6572,1;5,951,0.812613;7,1337,0.774775;6,1229,0.72973;7,1458,0.812613
3,5346;19,6721,1;4,763,0.821622;5,1009,0.801802;6,1103,0.742342;5,1215,0.827027
3,5594;20,7030,1;5,857,0.816216;7,1312,0.897297;6,1251,0.70991;5,1110,0.745946
3,5623;19,6389,1;3,916,0.879279;4,1318,0.873874;6,1156,0.706306;5,1079,0.790991
3,5521;18,6335,1;4,743,0.857658;5,1011,0.868468;5,1032,0.805405;4,943,0.688288
3,5767;20,7084,1;5,802,0.821622;7,1414,0.843243;6,1173,0.742342;5,1127,0.643243
3,5334;19,6632,1;4,782,0.863063;6,1093,0.772973;5,1096,0.738739;6,1261,0.691892
3,5155;19,6928,1;4,890,0.812613;4,1211,0.756757;5,1062,0.774775;5,1067,0.78018
3,5710;24,7025,1;6,1064,0.893694;7,1389,0.888288;5,1108,0.854054;5,975,0.781982
3,5558;23,6997,1;4,637,0.809009;6,1132,0.792793;6,1136,0.816216;5,1137,0.700901
3,5174;22,6973,1;5,874,0.841441;7,1378,0.828829;5,1242,0.767568;6,1250,0.708108
3,5120;23,6858,0.985586;4,772,0.888288;6,1327,0.866667;5,1083,0.772973;5,1106,0.796396
3,5122;24,7208,1;5,737,0.778378;6,1273,0.790991;5,1025,0.796396;5,1010,0.787387
3,5075;22,6888,1;4,783,0.801802;6,1278,0.821622;5,970,0.803604;5,948,0.809009
3,5516;23,7320,1;5,894,0.821622;6,1318,0.922523;5,1047,0.825225;5,986,0.758559
3,5318;21,6868,1;4,695,0.787387;6,1165,0.888288;5,938,0.738739;5,1199,0.796396
3,5469;23,7288,1;5,742,0.720721;7,1350,0.825225;6,1193,0.888288;5,1030,0.8
3,5553;22,6789,1;5,903,0.821622;8,1476,0.855856;3,1070,0.830631;3,1036,0.704505
3,5472;33,6688,1;3,852,0.792793;5,1529,0.841441;4,1184,0.846847;4,1487,0.809009
3,5071;23,7287,1;3,682,0.724324;3,1017,0.787387;3,1009,0.836036;3,1107,0.753153
3,5351;22,6907,1;3,835,0.767568;4,1326,0.789189;3,951,0.83964;4,1263,0.801802
3,4671;23,7144,0.987387;3,626,0.672072;4,1036,0.774775;4,1159,0.868468;3,1153,0.881081
3,4980;23,7206,1;2,599,0.717117;4,1317,0.888288;3,1035,0.830631;3,1034,0.854054
3,4986;23,7295,0.998198;2,621,0.745946;3,1138,0.922523;3,1014,0.879279;3,1134,0.859459
3,5269;23,7373,1;3,772,0.848649;3,1058,0.810811;3,1026,0.789189;4,1421,0.830631
3,4602;22,6975,1;3,624,0.740541;4,1290,0.908108;2,772,0.855856;3,1034,0.83964
3,4769;22,6958,1;2,757,0.765766;4,1238,0.895495;5,979,0.852252;4,1019,0.872072
3,4702;22,7134,1;3,623,0.677477;5,1060,0.837838;5,1029,0.872072;4,1037,0.888288
3,4606;23,7243,1;3,570,0.695495;6,1264,0.848649;5,1022,0.875676;4,995,0.864865
3,4342;22,7073,1;5,698,0.762162;6,1159,0.814414;5,1041,0.841441;5,1149,0.899099
3,4513;22,7115,1;3,613,0.744144;6,1236,0.888288;4,799,0.888288;4,1043,0.906306
3,4450;23,7122,1;4,767,0.733333;9,1542,0.836036;5,986,0.913514;4,851,0.904505
3,4150;24,7136,0.998198;5,677,0.767568;6,983,0.866667;4,873,0.872072;5,1233,0.884685
3,4049;22,7045,1;5,652,0.727928;5,944,0.828829;4,823,0.926126;3,813,0.936937
2,3846;20,7120,1;3,622,0.744144;3,1084,0.827027;3,1096,0.944144;3,813,0.918919
2,3486;21,7565,1;4,570,0.702703;5,1052,0.859459;3,631,0.926126;3,812,0.899099
2,3438;20,7491,1;3,538,0.720721;4,800,0.809009;3,742,0.94955;3,738,0.900901
2,2960;20,7265,0.983784;3,481,0.70991;4,683,0.837838;5,1161,0.951351;2,629,0.872072
1,2641;21,7404,0.996396;2,463,0.724324;6,856,0.827027;2,621,0.944144;2,622,0.868468
1,2216;23,7457,1;2,185,0.61982;2,622,0.821622;1,544,0.954955;1,522,0.884685
1,1572;24,7695,1;1,216,0.589189;2,432,0.836036;1,320,0.958559;1,389,0.891892
0,1271;24,7938,1;2,154,0.58018;2,264,0.828829;1,255,0.963964;1,288,0.899099
0,977;23,7680,1;3,201,0.54955;2,281,0.834234;1,304,0.976577;1,286,0.906306
0,441;26,7649,1;2,156,0.569369;1,133,0.841441;0,98,0.976577;0,115,0.906306
0,333;27,7813,0.98018;1,88,0.574775;1,98,0.843243;0,97,0.976577;0,125,0.906306
