24,33153;109,23190,1;65,10415,0.962791;85,14666,0.996124;84,10431,0.910853;81,11539,0.996124
25,33359;110,23176,0.992248;47,6399,0.922481;60,9770,0.97907;61,7471,0.908527;63,8739,0.94186
25,33381;111,23254,0.993023;52,6568,0.947287;64,9939,0.992248;67,7836,0.921705;62,8804,0.95969
25,33349;113,23498,0.984496;45,6315,0.897674;62,10142,0.975194;64,7764,0.88062;63,8792,0.945736
25,33367;110,23553,0.993798;47,6834,0.94031;62,10171,0.984496;66,7998,0.916279;63,8777,0.937984
25,33368;114,24396,0.999225;48,6605,0.926357;64,10348,0.977519;67,7939,0.92093;74,8679,0.917829
25,33350;112,23434,0.99845;48,7060,0.93876;61,10067,0.948837;67,8005,0.915504;69,9280,0.929457
25,33340;110,23329,0.988372;48,6655,0.937984;63,10206,0.983721;67,8104,0.917829;66,9119,0.936434
25,33375;110,23144,0.999225;52,6883,0.955814;61,10085,0.987597;67,7976,0.903876;65,8993,0.937984
26,33353;108,22510,0.996899;44,6329,0.934884;60,9731,0.984496;64,7691,0.910078;60,8308,0.933333
26,33364;110,23468,0.994574;48,6489,0.913953;66,10830,0.990698;71,8373,0.89845;64,8818,0.92093
26,33373;112,23216,0.993798;50,6836,0.929457;65,10493,0.983721;72,8010,0.896124;69,9090,0.922481
26,33411;110,23258,0.988372;49,7023,0.934884;63,10267,0.965891;73,8557,0.927907;66,8984,0.935659
25,33342;110,23129,0.992248;48,6615,0.934884;62,9759,0.978295;63,7493,0.902326;62,8298,0.926357
26,33379;118,24030,0.996899;47,6565,0.903101;65,10537,0.992248;71,8288,0.909302;69,9567,0.957364
25,33371;112,23845,0.984496;47,6809,0.934884;61,10121,0.986047;67,8050,0.91938;68,9268,0.945736
27,33371;110,23320,0.989922;46,6634,0.94031;67,10124,0.983721;70,8369,0.947287;65,9090,0.955814
27,33350;113,23749,0.982946;46,6631,0.942636;61,10019,0.984496;67,8102,0.925581;69,9000,0.93876
28,33353;111,23456,0.99845;56,6807,0.948837;63,10120,0.990698;66,8036,0.931783;67,9105,0.94031
28,33353;110,23405,0.997674;47,6871,0.955039;62,10206,0.971318;66,7870,0.900775;65,8952,0.918605
28,33345;110,23267,0.995349;47,6685,0.965116;64,10002,0.986047;63,7568,0.882171;63,8588,0.894574
33,33350;111,23260,0.997674;48,7010,0.943411;61,10182,0.983721;69,8245,0.906977;66,9055,0.924806
26,33380;112,23119,0.99845;47,6941,0.927132;68,10423,0.978295;64,7820,0.877519;69,9368,0.928682
26,33359;114,24026,0.993798;48,6934,0.937984;63,10411,0.983721;69,8262,0.886047;74,9304,0.931008
26,33389;110,23497,0.989922;52,6843,0.945736;66,10887,0.982171;68,8125,0.915504;68,9201,0.928682
26,33363;111,23024,0.989147;48,6525,0.907752;62,9984,0.987597;68,8247,0.925581;64,8858,0.924806
26,33360;110,23094,0.999225;46,6491,0.935659;64,10524,0.983721;69,8120,0.930233;68,9226,0.945736
26,33396;109,22791,0.99845;48,6684,0.918605;63,10134,0.979845;69,8127,0.913953;64,8840,0.951938
26,33241;109,23436,0.999225;50,7025,0.928682;63,10253,0.975969;67,8075,0.939535;64,8878,0.93876
26,33381;111,23459,0.997674;52,7310,0.917829;66,10786,0.965116;81,8548,0.905426;71,9723,0.943411
26,33354;113,23817,0.99845;49,6828,0.939535;65,10704,0.989147;71,8308,0.939535;65,8913,0.93876
26,33370;111,23567,0.99845;50,7049,0.925581;65,10776,0.992248;73,8563,0.88062;70,9677,0.945736
26,33413;111,23570,0.996899;50,7236,0.93876;66,10634,0.968992;76,9028,0.906977;75,10235,0.935659
26,33377;112,23713,0.989147;52,7310,0.95969;66,10947,0.975194;74,8697,0.924806;68,9355,0.939535
26,33367;112,23839,0.994574;48,6992,0.93876;65,10735,0.989922;77,8249,0.930233;66,8857,0.932558
26,33346;111,23524,0.999225;55,7395,0.955814;67,10834,0.973643;71,8189,0.890698;68,9302,0.928682
26,33396;111,23707,0.999225;50,7098,0.945736;64,10911,0.989922;74,8701,0.916279;71,9803,0.954264
26,33391;113,23655,0.988372;48,6894,0.94031;64,10364,0.97907;72,8577,0.937209;68,9258,0.952713
26,33362;115,23517,0.996899;48,6870,0.918605;64,10686,0.987597;72,8476,0.945736;66,9023,0.951163
31,33434;110,22938,0.992248;51,7285,0.965891;65,10791,0.988372;74,8603,0.904651;72,9728,0.936434
26,33409;112,23904,0.99845;59,7126,0.920155;71,11147,0.982946;78,8973,0.928682;74,9997,0.948062
26,33393;113,23661,0.982171;51,7219,0.947287;71,10849,0.993023;72,8350,0.924031;72,9567,0.941085
26,33402;111,23240,0.997674;50,6872,0.913953;65,10540,0.982171;74,8548,0.91938;70,9434,0.950388
26,33367;110,23557,0.991473;52,7044,0.934884;62,10234,0.992248;72,8319,0.944186;65,8712,0.946512
33,33385;111,23678,1;54,7198,0.942636;68,10988,0.986047;72,8460,0.939535;71,9591,0.953488
26,33358;109,23304,0.995349;54,7001,0.948062;66,10448,0.990698;70,8240,0.893023;68,9166,0.949612
26,33345;109,23026,0.992248;49,6582,0.949612;69,10404,0.988372;70,8170,0.912403;66,8718,0.930233
33,33379;114,23947,0.97907;51,7096,0.953488;67,10653,0.984496;69,8178,0.907752;71,9470,0.950388
27,33373;113,23520,0.993798;49,6978,0.926357;64,10497,0.983721;73,8483,0.905426;71,9549,0.944186
27,33382;108,22783,0.987597;51,6939,0.937209;67,10587,0.990698;69,8037,0.875969;69,9295,0.935659
27,33368;111,23387,0.996899;49,6924,0.951938;67,10659,0.991473;71,8294,0.917054;69,9284,0.937209
27,33332;112,23553,1;50,6932,0.932558;63,10110,0.996124;77,8677,0.928682;69,9333,0.943411
27,33402;112,23575,0.994574;52,7297,0.954264;68,10789,0.990698;74,8538,0.914729;69,9271,0.924031
41,33361;109,23114,0.99845;49,6844,0.927907;65,10494,0.991473;71,8316,0.94031;68,9193,0.950388
25,33371;111,23672,0.997674;49,6616,0.927132;63,10268,0.989147;69,8015,0.91938;67,9029,0.951163
26,33354;111,23509,1;49,6797,0.93876;65,10406,0.994574;71,8194,0.931008;65,8838,0.953488
26,33330;113,23559,0.996124;49,6910,0.918605;61,9886,0.987597;71,8250,0.92093;67,9130,0.952713
25,33368;112,23388,0.994574;49,6527,0.934109;64,10226,0.983721;69,8014,0.939535;67,9122,0.944961
26,33392;113,23213,0.985271;50,6757,0.949612;62,9951,0.991473;62,7820,0.872868;67,8912,0.928682
26,33401;110,23266,0.99845;50,6918,0.945736;65,10359,0.982171;68,8019,0.91938;66,8874,0.947287
26,33410;109,22999,0.987597;50,7216,0.942636;66,10784,0.996124;69,8159,0.91938;71,9440,0.95969
26,33423;110,23500,0.996899;50,6910,0.927907;66,10465,0.982946;69,7950,0.921705;68,8951,0.937209
26,33373;116,23930,0.993798;49,6809,0.882946;66,10420,0.989922;74,8467,0.934109;68,9246,0.937984
35,33416;112,23871,0.996899;51,7208,0.957364;66,10780,0.979845;74,8512,0.893798;72,9583,0.935659
27,33396;113,23608,0.999225;52,7159,0.930233;71,11161,0.991473;73,8340,0.911628;71,9512,0.949612
28,33337;114,23986,0.99845;50,6645,0.912403;66,10548,0.990698;74,8531,0.916279;67,9058,0.936434
27,33383;109,23204,1;51,7211,0.951938;65,10715,0.990698;75,8726,0.954264;72,9710,0.941085
27,33354;110,23387,0.992248;52,7090,0.947287;69,10746,0.982946;75,8709,0.936434;72,9610,0.958915
27,33401;115,24099,0.996124;51,7375,0.950388;65,10267,0.978295;73,8410,0.923256;70,9361,0.952713
27,33369;111,23405,1;50,7072,0.931783;66,10619,0.984496;73,8367,0.930233;69,9092,0.946512
27,33400;109,22946,0.99845;56,7281,0.922481;70,11004,0.993798;74,8450,0.931783;72,9517,0.955814
28,33407;110,23141,0.990698;49,6918,0.936434;67,10732,0.990698;69,8099,0.933333;68,9108,0.956589
26,33376;108,22811,0.995349;41,7021,0.95969;64,10291,0.985271;71,8393,0.889147;66,8942,0.946512
27,33396;112,23492,0.996124;47,6555,0.930233;63,10009,0.985271;70,8276,0.94031;67,9093,0.94031
26,33363;110,23314,0.989922;47,6911,0.953488;61,10106,0.986822;68,8128,0.913953;77,9379,0.932558
33,33383;111,23227,0.997674;49,7013,0.948837;63,10407,0.993798;73,8491,0.927907;72,9673,0.951163
26,33370;113,23876,0.996124;50,7011,0.949612;65,10740,0.990698;70,8173,0.931783;71,9540,0.943411
26,33388;112,23722,0.992248;51,6872,0.950388;68,10671,0.989922;73,8345,0.918605;70,9217,0.939535
26,33358;113,23723,0.982946;49,7089,0.944186;64,10583,0.981395;71,8379,0.910853;71,9756,0.925581
27,33359;109,22923,0.985271;49,6784,0.950388;64,10296,0.976744;69,8205,0.927907;68,9187,0.932558
31,33393;111,23583,0.994574;49,7182,0.93876;68,11077,0.984496;73,8560,0.936434;70,9468,0.948837
26,33377;111,23351,0.993023;48,6915,0.95814;64,10567,0.986047;78,8071,0.912403;70,9415,0.937984
26,33351;112,23704,0.994574;47,6764,0.924806;68,10901,0.982946;74,8536,0.933333;71,9659,0.941085
26,33364;112,23162,0.999225;50,7090,0.929457;64,10455,0.983721;68,7956,0.896124;73,9692,0.948837
26,33408;111,23577,0.994574;48,6885,0.94031;63,10523,0.994574;73,8516,0.931783;68,9178,0.922481
26,33342;111,24009,0.993798;52,6841,0.953488;64,10706,0.991473;71,8337,0.909302;69,9364,0.906202
27,33388;114,23401,0.994574;51,7348,0.934109;66,10968,0.992248;74,8611,0.917829;77,9817,0.953488
26,33377;113,23674,0.999225;56,6970,0.948837;67,10783,0.989922;71,8363,0.892248;73,9720,0.933333
26,33347;111,23484,0.99845;49,6593,0.94186;63,10381,0.97907;68,8115,0.911628;67,9094,0.947287
26,33419;111,23516,0.999225;51,7408,0.954264;67,10900,0.972868;76,8796,0.917829;69,9302,0.930233
26,33314;111,23538,0.999225;45,6116,0.934884;62,9998,0.986822;62,7654,0.888372;70,9433,0.926357
26,33386;113,23371,0.996899;50,6711,0.911628;64,10196,0.987597;67,8043,0.929457;67,9162,0.937209
26,33349;113,23716,0.997674;50,6756,0.932558;71,10124,0.986047;68,7997,0.928682;65,8742,0.922481
26,33367;108,22704,0.999225;51,6574,0.915504;64,9696,0.982946;68,7742,0.896124;63,8660,0.934884
26,33361;110,23037,0.988372;49,6709,0.917054;64,10542,0.986047;70,8181,0.882946;68,9311,0.912403
27,33385;109,22890,0.996124;52,6960,0.93876;62,10059,0.982171;71,8427,0.94186;63,8644,0.944186
26,33354;110,23141,0.999225;49,6887,0.944186;62,10459,0.988372;69,8105,0.87907;67,8908,0.931008
26,33399;111,23109,0.993023;50,6759,0.937209;64,10183,0.972868;69,8263,0.897674;71,9279,0.942636
26,33376;110,22928,0.994574;54,6599,0.894574;68,10747,0.986047;70,8237,0.920155;66,8775,0.924031
26,33366;110,23009,0.992248;48,6938,0.920155;63,10238,0.985271;69,8225,0.94031;71,9541,0.955039
26,33395;113,23841,0.999225;48,6847,0.924806;67,10652,0.996124;67,8016,0.925581;64,8783,0.925581
26,33393;109,23182,0.99845;50,7088,0.955814;64,10460,0.989922;71,8422,0.911628;66,9007,0.906977
26,33368;112,23378,0.988372;49,6975,0.935659;65,10457,0.983721;71,8414,0.932558;71,9678,0.941085
26,33343;111,23390,1;56,6964,0.951938;64,10132,0.982171;72,8286,0.930233;69,9173,0.941085
26,33376;110,23152,0.99845;50,6868,0.951163;64,10367,0.986047;67,8031,0.933333;67,9122,0.924806
26,33378;113,23845,0.99845;51,7162,0.952713;68,10827,0.983721;75,8733,0.926357;70,9533,0.934884
26,33426;115,24012,0.99845;48,6996,0.94186;65,10572,0.989922;70,8195,0.892248;70,9501,0.937984
26,33369;110,23440,0.996899;51,7185,0.931783;66,10629,0.970543;72,8408,0.923256;71,9555,0.954264
26,33389;113,23897,0.997674;49,6863,0.903876;78,11078,0.986822;74,8546,0.935659;68,9204,0.944961
26,33430;112,23582,0.997674;57,7457,0.931783;68,11408,0.986822;74,8665,0.914729;71,9660,0.939535
33,33431;114,23792,0.99845;53,7535,0.941085;66,10847,0.989147;76,8927,0.937984;71,9680,0.952713
26,33383;111,23497,1;55,7086,0.925581;65,10512,0.984496;71,8466,0.939535;70,9509,0.941085
26,33400;113,23642,0.996899;51,7159,0.965891;67,11056,0.994574;77,8835,0.949612;72,9816,0.963566
26,33367;112,23768,0.993798;50,6649,0.945736;72,10313,0.979845;68,7940,0.931008;64,8722,0.942636
26,33349;111,23686,0.990698;51,6947,0.970543;67,10716,0.997674;69,8178,0.934109;65,8874,0.948062
26,33357;115,23904,0.999225;46,6532,0.94186;59,9505,0.983721;66,7629,0.926357;65,8824,0.944186
26,33382;112,23481,0.99845;50,7025,0.939535;65,10440,0.982946;72,8403,0.91938;70,9556,0.94031
33,33367;110,23386,0.983721;54,7073,0.951938;66,10592,0.982946;70,8329,0.913178;66,9081,0.934109
26,33383;110,23412,0.992248;48,6840,0.96124;66,10353,0.978295;75,8182,0.917054;67,9093,0.931008
26,33367;114,24156,0.982946;52,7187,0.948837;67,10972,0.992248;72,8453,0.930233;67,9081,0.929457
26,33360;108,22773,0.997674;47,6491,0.948062;64,10189,0.986822;68,7901,0.895349;65,8814,0.932558
26,33339;116,24428,0.984496;47,6752,0.946512;60,9765,0.982946;65,7724,0.92093;64,8719,0.929457
26,33347;110,23112,0.997674;46,6472,0.917829;61,10085,0.975194;66,7909,0.9;66,8904,0.944961
26,33385;110,23417,0.997674;49,7019,0.935659;64,10485,0.979845;71,8469,0.917054;78,9344,0.937209
26,33415;108,22970,0.993798;51,7162,0.928682;67,11288,0.979845;76,8770,0.91938;66,9235,0.927132
26,33361;111,23849,0.995349;50,6859,0.939535;62,10320,0.988372;69,8072,0.926357;66,9083,0.945736
26,33353;112,23675,0.996124;46,6396,0.930233;64,10016,0.987597;70,8178,0.917829;70,9345,0.94031
26,33404;109,23103,0.99845;47,6769,0.922481;65,10429,0.976744;74,8611,0.924031;67,9160,0.94186
34,33349;111,23516,0.993023;51,6908,0.932558;63,10152,0.965116;68,7990,0.928682;72,8949,0.948837
28,33343;112,23303,0.996899;50,6814,0.931008;63,10516,0.990698;68,7856,0.917829;63,8722,0.948837
28,33402;109,22871,0.99845;52,7158,0.934884;64,10649,0.989147;72,8396,0.931783;67,9071,0.95814
28,33395;109,23081,0.99845;49,6784,0.9;67,10931,0.986822;74,8750,0.903876;69,9389,0.937984
28,33343;110,23011,0.986047;47,7079,0.925581;66,10515,0.986822;70,8253,0.931008;70,9361,0.937984
27,33366;115,23296,0.992248;49,6930,0.936434;65,10268,0.981395;75,8090,0.903101;71,9189,0.944961
26,33368;113,23189,1;49,6865,0.914729;65,10446,0.987597;73,8349,0.87907;68,9134,0.928682
26,33396;115,23717,0.991473;49,7127,0.942636;67,10989,0.984496;71,8337,0.924806;67,9190,0.934884
31,33363;113,23707,0.988372;47,6660,0.908527;61,10139,0.986822;69,8140,0.931783;62,8628,0.931783
26,33415;110,23185,0.994574;54,7471,0.941085;65,10785,1;72,8508,0.934109;68,9347,0.949612
28,33407;107,22685,0.997674;48,6965,0.931008;77,10939,0.993023;73,8548,0.927907;68,9016,0.934884
28,33392;114,23921,0.993023;53,7174,0.922481;65,10357,0.982946;76,8618,0.930233;73,9528,0.94031
28,33303;110,23586,0.996124;51,6824,0.905426;66,10599,0.98062;69,8087,0.920155;69,9344,0.948062
27,33422;111,23489,1;49,7102,0.930233;68,10968,0.986047;76,8655,0.922481;69,9462,0.925581
27,33352;116,23987,0.989147;47,6761,0.923256;66,10534,0.982946;66,7890,0.917829;66,9217,0.943411
32,33376;112,23783,0.993798;51,7117,0.951163;62,10426,0.992248;71,8441,0.949612;69,9374,0.934884
26,33403;108,22833,0.996124;52,7149,0.945736;75,11066,0.978295;75,8266,0.886822;72,9614,0.94031
26,33382;109,23267,0.990698;52,7116,0.955814;64,10586,0.982171;75,8473,0.928682;72,9846,0.948062
26,33409;112,23439,0.984496;49,7195,0.937209;66,10508,0.98062;75,8605,0.932558;72,9927,0.94031
26,33383;109,22932,0.999225;50,6967,0.948837;67,10965,0.991473;68,8180,0.947287;66,8976,0.946512
26,33376;109,23049,0.996899;49,6768,0.94186;65,10358,0.983721;68,7897,0.941085;66,8705,0.92093
26,33354;113,23438,1;51,6930,0.934884;64,10141,0.983721;68,7941,0.925581;66,8995,0.951163
26,33380;111,23193,0.996899;50,6968,0.935659;70,10492,0.982171;71,8361,0.937209;68,9245,0.949612
26,33341;110,23067,0.994574;50,6719,0.934884;63,10235,0.981395;66,7820,0.917054;65,8781,0.94186
26,33355;111,22999,0.996899;49,6584,0.928682;63,10107,0.968992;67,7917,0.936434;63,8557,0.933333
26,33368;110,23240,0.995349;46,6613,0.930233;61,9961,0.987597;67,7883,0.926357;64,8736,0.948837
26,33393;112,22918,1;50,6970,0.937984;66,10233,0.974419;71,8138,0.897674;69,9167,0.946512
26,33350;111,23405,0.996899;47,6602,0.948062;65,10443,0.982171;69,8242,0.939535;65,8757,0.947287
26,33330;111,23248,0.999225;48,6443,0.931783;62,9776,0.983721;66,7836,0.913178;65,8825,0.937984
26,33350;117,23474,0.991473;48,6633,0.94031;65,10079,0.979845;68,8002,0.914729;67,8992,0.944186
26,33347;111,22984,0.986822;49,6698,0.953488;59,9261,0.975194;67,7863,0.904651;66,8913,0.921705
26,33355;115,23530,0.997674;50,6612,0.937984;64,10178,0.993798;66,7813,0.922481;67,9012,0.944961
33,33399;110,23075,0.987597;49,6535,0.94031;64,10010,0.991473;67,7812,0.9;65,8633,0.924806
26,33310;112,23239,0.992248;51,6342,0.917829;61,9443,0.993798;67,7819,0.914729;66,8869,0.927907
26,33290;112,23526,1;44,6167,0.937209;63,9404,0.982171;65,7558,0.921705;61,8206,0.922481
26,33357;112,23843,0.99845;52,6999,0.921705;65,10292,0.985271;67,8103,0.936434;67,9064,0.93876
26,33335;107,22644,0.999225;47,6340,0.896899;66,10165,0.985271;69,8066,0.932558;65,8642,0.930233
26,33314;113,23812,0.991473;46,6507,0.934884;65,10157,0.99845;67,7799,0.925581;66,8872,0.927132
26,33338;114,23817,0.993023;48,6630,0.934884;66,10358,0.986822;66,7794,0.904651;67,8938,0.915504
26,33363;111,23019,0.991473;46,6557,0.934884;66,10085,0.984496;66,7896,0.899225;66,8841,0.907752
25,33365;112,23281,0.996124;48,6588,0.93876;64,10392,0.993798;68,7945,0.927132;66,8770,0.903101
25,33344;108,22866,0.999225;45,6501,0.950388;62,9899,0.989147;69,8077,0.93876;66,8607,0.904651
26,33340;111,22847,0.989147;49,6594,0.944186;60,9551,0.991473;63,7584,0.89845;63,8520,0.92093
26,33363;111,23522,0.989922;48,6568,0.951938;63,9825,0.985271;70,8048,0.893023;64,8619,0.912403
26,33333;110,23184,0.999225;48,6581,0.934109;63,10007,0.979845;70,8195,0.930233;70,9363,0.929457
26,33310;109,22696,0.993023;47,6436,0.94186;61,9767,0.983721;64,7644,0.910853;63,8573,0.932558
26,33292;112,23427,0.994574;48,6304,0.948837;62,9493,0.985271;62,7440,0.923256;61,8252,0.937984
26,33336;108,22165,0.99845;44,5983,0.933333;59,9237,0.991473;66,7746,0.915504;65,8637,0.93876
26,33159;112,23412,0.996899;44,5613,0.915504;56,8892,0.976744;62,7326,0.879845;63,8609,0.936434
25,32949;109,22869,0.999225;40,5274,0.913953;55,8325,0.982171;60,6911,0.858915;61,8217,0.915504
25,32640;109,22997,0.999225;40,4869,0.91938;51,7959,0.986822;54,6406,0.890698;58,7708,0.916279
25,32429;111,23109,1;33,4266,0.916279;50,7112,0.978295;50,5895,0.884496;52,6895,0.917054
25,32192;110,23251,0.993798;31,3512,0.923256;42,6202,0.986822;44,5417,0.877519;48,6451,0.904651
24,31219;112,22486,0.993798;28,3267,0.930233;36,5294,0.96124;41,4855,0.878295;42,5667,0.894574
23,29113;116,23644,0.999225;26,2969,0.935659;35,4913,0.986822;35,4251,0.893023;35,4888,0.896899
22,27542;110,22987,0.994574;24,2362,0.923256;28,3794,0.968992;28,3408,0.864341;28,3939,0.902326
19,24548;110,23085,0.989922;19,1886,0.949612;26,3006,0.989147;20,2501,0.890698;24,3307,0.906977
14,18607;111,22878,0.992248;18,1286,0.933333;19,2289,0.982171;19,2338,0.886822;20,2786,0.907752
13,16329;113,23343,0.985271;15,1112,0.950388;19,1994,0.977519;13,1549,0.893023;14,2037,0.910078
11,14442;111,23275,0.988372;10,726,0.948062;13,1198,0.965891;8,989,0.887597;10,1436,0.907752
10,12694;109,22943,0.99845;9,554,0.945736;8,789,0.97907;7,959,0.879845;9,1281,0.904651
8,10402;112,23116,0.989147;6,249,0.954264;4,383,0.977519;3,446,0.886822;4,676,0.908527
3,4180;111,23274,0.991473;3,129,0.954264;4,189,0.977519;1,131,0.886047;2,246,0.907752
3,3937;109,22871,0.984496;4,162,0.951163;6,293,0.979845;1,146,0.893023;2,305,0.909302
2,2735;109,22941,0.989147;4,102,0.954264;4,167,0.97907;0,96,0.896899;2,259,0.910078
