29,33153;69,22889,0.990698;36,10292,0.973643;45,14310,0.990698;53,10417,0.960465;50,11028,0.989147
27,30647;70,23241,0.995349;16,3116,0.944961;21,4713,0.973643;20,4171,0.936434;21,4777,0.942636
40,29283;70,23320,0.986822;14,2658,0.936434;20,4289,0.97907;19,3902,0.915504;19,4200,0.903101
26,30845;71,23007,0.992248;15,2924,0.927907;20,4607,0.972868;22,4264,0.907752;24,5096,0.921705
26,31146;69,22816,0.997674;17,2907,0.896899;21,4792,0.969767;22,4371,0.910853;22,4999,0.927132
25,29701;70,23362,0.993798;16,2864,0.890698;20,4673,0.970543;21,4264,0.90155;21,4831,0.912403
27,31635;69,22778,0.992248;15,2737,0.896124;25,4667,0.971318;23,4363,0.895349;22,5201,0.912403
29,30889;75,23935,0.997674;16,3169,0.904651;22,5005,0.973643;21,4167,0.889147;21,4702,0.886822
30,31334;71,23526,0.986822;17,3199,0.924031;22,5193,0.976744;23,4692,0.893798;24,5568,0.903876
29,30237;72,24267,0.993798;15,2935,0.921705;20,4690,0.988372;21,4232,0.883721;22,5017,0.904651
29,31063;69,23175,0.996899;17,3313,0.926357;22,5223,0.986047;24,4667,0.88062;25,5496,0.904651
29,30340;64,23260,0.995349;15,2916,0.927907;22,4863,0.985271;22,4412,0.874419;23,5067,0.886822
26,30822;52,23629,0.996899;17,2910,0.900775;22,4802,0.983721;21,3987,0.836434;23,5169,0.872093
25,29787;76,23240,0.99845;15,2800,0.909302;20,4700,0.975194;21,4085,0.864341;22,4679,0.884496
26,31253;69,23105,0.999225;17,3218,0.906977;22,5080,0.965116;26,4994,0.879845;26,5625,0.887597
27,31442;70,23222,0.996899;17,3296,0.902326;22,5226,0.98062;24,4626,0.883721;24,5390,0.886047
25,29126;70,23123,0.99845;15,2687,0.906977;20,4486,0.986047;19,3796,0.873643;21,4555,0.895349
26,30980;69,22863,0.995349;19,3020,0.922481;22,4954,0.974419;22,4341,0.886047;22,5018,0.894574
26,31057;72,23505,0.990698;16,3083,0.927132;22,5060,0.982171;22,4302,0.875969;22,4985,0.879845
26,30833;70,23263,0.989922;16,2967,0.917054;21,4885,0.973643;24,4578,0.875194;24,5100,0.871318
25,29320;70,23092,0.983721;18,3386,0.927907;22,4954,0.969767;24,4710,0.890698;25,5575,0.891473
25,28897;70,22994,0.997674;17,3218,0.934109;21,4646,0.965116;23,4340,0.899225;22,4809,0.896899
27,31110;85,23596,0.999225;16,3239,0.924806;23,5355,0.956589;23,4416,0.894574;23,5126,0.899225
26,30485;70,23105,0.993798;17,3249,0.937984;22,5095,0.98062;25,4695,0.877519;24,5239,0.887597
27,31140;69,23100,0.99845;17,3195,0.921705;23,5349,0.975194;24,4712,0.871318;26,5585,0.875194
24,27654;71,23379,0.991473;13,2652,0.907752;20,4669,0.98062;21,4046,0.881395;21,4621,0.895349
25,28839;68,22996,0.997674;14,2743,0.923256;21,4535,0.986822;20,3969,0.888372;20,4578,0.90155
27,31448;71,23213,0.999225;17,3226,0.94031;23,5193,0.988372;24,4732,0.889147;26,5553,0.896899
26,30686;72,23597,0.999225;17,3280,0.929457;23,5411,0.979845;26,4792,0.885271;25,5433,0.887597
27,31676;70,23092,0.997674;15,3281,0.910078;34,5298,0.955039;24,4758,0.889147;26,5471,0.895349
26,30621;72,24171,0.999225;17,3114,0.906977;23,5483,0.968217;24,4576,0.886047;25,5453,0.892248
27,31212;71,23337,0.99845;17,3205,0.920155;22,5228,0.979845;24,4531,0.873643;25,5317,0.883721
25,29452;69,22883,0.99845;17,3065,0.939535;20,4885,0.986047;20,4037,0.889147;21,4721,0.891473
27,30926;71,22835,0.995349;19,2963,0.926357;21,4848,0.98062;21,4078,0.875969;20,4498,0.877519
26,30516;75,22704,0.996124;17,3089,0.931008;22,4800,0.965891;23,4455,0.853488;23,5242,0.872868
27,30840;64,23563,0.99845;16,2997,0.924031;21,4657,0.963566;21,4184,0.871318;22,4896,0.881395
27,31226;64,23272,0.990698;21,3183,0.918605;25,5250,0.972093;24,4649,0.872093;25,5294,0.895349
27,31233;63,23175,0.993798;19,3443,0.925581;24,5370,0.955039;26,4964,0.886047;25,5554,0.884496
27,31125;63,23357,0.997674;16,3089,0.917054;21,4951,0.968992;25,4514,0.875969;27,5131,0.868217
26,30784;62,23178,0.986047;14,2641,0.916279;19,4294,0.955814;20,4091,0.863566;21,4704,0.871318
26,30074;67,23081,0.99845;15,2910,0.897674;20,4775,0.95969;22,4352,0.862791;23,4977,0.864341
26,29930;65,24071,0.996899;18,3102,0.927907;21,4811,0.969767;27,4144,0.860465;22,4865,0.881395
26,30074;63,23280,0.996899;15,2905,0.89845;20,4993,0.962791;22,4267,0.851938;22,4699,0.86124
27,31398;62,23319,0.99845;15,2982,0.894574;21,4792,0.967442;23,4449,0.862016;24,5397,0.886822
26,30976;63,24169,0.982171;16,3066,0.927907;21,4993,0.975969;23,4470,0.872093;23,5113,0.889922
26,30500;65,23707,0.989147;16,3059,0.934884;22,4992,0.982946;22,4398,0.868992;23,5184,0.88062
26,30234;63,23584,0.996124;16,2917,0.911628;20,4903,0.966667;22,4330,0.877519;22,4913,0.883721
25,28309;62,23110,0.997674;13,2454,0.888372;19,4150,0.965891;18,3590,0.884496;19,4247,0.897674
28,31962;61,22889,0.996124;16,3116,0.921705;22,4936,0.95969;23,4575,0.871318;24,5431,0.869767
27,31286;66,23484,0.993023;16,3090,0.927907;22,4967,0.955814;22,4339,0.877519;23,5018,0.868992
26,30313;64,23523,0.997674;16,3078,0.931783;23,4853,0.943411;22,4335,0.88062;23,4842,0.889922
27,31375;63,23354,0.986047;16,3130,0.902326;22,4906,0.935659;23,4527,0.886047;24,5325,0.90155
26,29667;61,23123,0.999225;18,3158,0.922481;21,4995,0.970543;23,4417,0.872868;23,5173,0.896899
26,30012;62,23337,0.99845;17,3267,0.924806;23,5303,0.978295;23,4533,0.879845;23,5061,0.896124
26,29945;62,23029,0.996899;16,2830,0.918605;21,4924,0.978295;20,3999,0.87907;21,4628,0.907752
27,31002;63,23577,0.991473;18,3336,0.91938;23,5380,0.97907;24,4548,0.868992;24,5348,0.899225
25,29245;64,23839,0.994574;16,2973,0.87907;22,4960,0.960465;21,4187,0.875969;22,4905,0.9
27,30806;73,23695,0.996124;18,3311,0.914729;22,4986,0.96124;21,4262,0.875969;23,5132,0.902326
27,31351;70,23607,0.994574;17,3242,0.913178;23,5371,0.978295;24,4709,0.875969;24,5514,0.90155
28,31737;62,23019,0.99845;17,3438,0.92093;24,5770,0.98062;25,4881,0.872093;25,5619,0.89845
40,30581;64,23346,0.996124;22,3137,0.934109;23,4984,0.97907;23,4472,0.88062;24,4995,0.897674
30,31621;70,22904,0.993798;16,2875,0.896124;22,4862,0.971318;25,4688,0.875969;24,5155,0.886822
30,30790;72,23692,0.997674;17,3034,0.896899;21,4878,0.98062;23,4340,0.872093;24,5147,0.896124
29,29928;59,23282,0.99845;18,3238,0.914729;29,4897,0.97907;22,4348,0.865891;23,5116,0.889147
30,31043;69,23242,0.982946;16,3022,0.896124;22,4895,0.965891;22,4382,0.865891;24,5157,0.885271
29,29571;71,23782,0.985271;19,3417,0.934109;23,4996,0.964341;23,4300,0.860465;26,5149,0.885271
30,31172;53,22994,0.997674;21,3044,0.936434;21,4989,0.967442;23,4522,0.855039;23,5127,0.872868
30,30824;71,23512,0.996899;16,3070,0.928682;22,4901,0.975194;22,4214,0.857364;23,4885,0.871318
30,31379;70,23409,0.995349;17,3127,0.927907;24,4830,0.952713;34,4351,0.867442;24,5160,0.866667
29,30416;70,23240,0.996899;15,2899,0.926357;20,4394,0.956589;21,4038,0.860465;23,4896,0.877519
28,28851;70,23335,0.996124;16,3012,0.921705;22,4835,0.955814;21,4033,0.853488;23,4823,0.889147
29,29682;63,23310,0.995349;15,2594,0.9;21,4263,0.957364;19,3658,0.866667;20,4393,0.883721
30,30837;63,22896,0.996124;19,3289,0.893798;22,4749,0.94031;21,4205,0.875194;25,5006,0.884496
29,30299;66,23858,0.993798;17,3112,0.917054;22,5147,0.974419;21,4219,0.887597;23,4983,0.897674
29,30103;64,23887,0.994574;16,3156,0.954264;21,4672,0.971318;22,4388,0.89845;23,5018,0.896124
27,30218;64,23487,0.999225;19,3232,0.921705;23,5089,0.963566;24,4511,0.876744;24,5113,0.885271
27,30698;64,24015,0.993798;20,3108,0.91938;24,5155,0.983721;23,4299,0.882171;24,5103,0.89845
27,30223;63,23116,0.986822;15,2728,0.906977;20,4604,0.97907;21,4114,0.892248;22,4862,0.883721
28,30813;61,22708,0.999225;19,3084,0.906202;22,4907,0.952713;22,4202,0.875194;23,4882,0.892248
28,29924;63,22870,0.993023;18,3128,0.9;22,4976,0.966667;22,4324,0.875194;22,4880,0.886822
28,30563;72,23341,0.99845;18,3099,0.904651;21,4974,0.973643;22,4424,0.882946;23,5054,0.878295
28,30739;69,23062,0.996899;20,3097,0.932558;25,4817,0.976744;24,4300,0.866667;22,4942,0.875194
28,30153;72,24097,0.994574;15,3041,0.910853;22,5116,0.977519;24,4598,0.87907;25,5538,0.896124
29,31465;70,23095,0.992248;16,3147,0.936434;20,4731,0.968217;21,4228,0.874419;22,5029,0.905426
28,30670;72,24167,0.989922;17,3078,0.939535;20,4784,0.973643;22,4401,0.884496;21,4652,0.894574
28,30129;69,23500,0.997674;15,3005,0.949612;21,4601,0.967442;28,4273,0.878295;23,4995,0.887597
28,30632;55,23488,0.986047;16,3136,0.930233;21,4759,0.967442;22,4243,0.87907;24,5155,0.889147
28,29650;65,24115,1;17,2925,0.912403;21,4657,0.965116;24,4565,0.875969;21,4951,0.887597
27,30610;63,23225,0.996899;15,3114,0.907752;20,4734,0.974419;21,4256,0.877519;21,4937,0.878295
28,31835;63,23260,0.991473;17,3639,0.928682;23,5409,0.964341;24,4692,0.879845;26,5746,0.887597
28,31626;64,23712,0.986822;18,3424,0.924031;24,5746,0.975969;26,4995,0.882171;27,5858,0.888372
27,30249;63,23444,0.996124;18,3331,0.937984;21,4839,0.95814;22,4332,0.862016;24,5036,0.890698
27,30906;64,23530,0.990698;22,3400,0.94031;22,5264,0.968217;24,4716,0.858915;25,5559,0.882171
27,30776;62,22726,0.999225;16,3149,0.923256;23,5024,0.982171;23,4490,0.848837;24,5247,0.882946
26,30386;63,23457,0.99845;17,3369,0.931783;21,5025,0.974419;23,4363,0.848062;23,5090,0.883721
35,30625;62,22958,0.99845;19,3179,0.928682;21,4917,0.964341;22,4443,0.869767;23,5009,0.896899
29,31099;66,23907,0.996124;16,3095,0.910853;21,5065,0.962791;24,4595,0.868217;24,5349,0.906202
27,28561;65,23612,0.993798;17,2946,0.89845;20,4345,0.978295;20,3927,0.876744;20,4598,0.897674
28,30429;62,23063,0.985271;16,2969,0.910078;20,5008,0.977519;23,4444,0.885271;23,5262,0.897674
29,31185;66,23716,1;18,3354,0.922481;21,5248,0.985271;24,4695,0.88062;24,5450,0.875969
28,30164;64,23737,0.994574;18,3306,0.932558;22,5008,0.979845;22,4352,0.895349;22,5073,0.867442
33,30513;71,23564,0.99845;20,3448,0.933333;23,5231,0.975969;23,4610,0.872093;36,5591,0.889147
26,29607;72,24086,0.992248;17,2892,0.92093;21,4984,0.978295;21,4184,0.879845;23,5076,0.888372
27,30833;70,23412,0.999225;16,3039,0.90155;22,5033,0.975194;23,4487,0.878295;23,5240,0.886047
26,30133;64,23483,0.993023;18,3036,0.903876;20,4668,0.978295;21,4101,0.888372;22,4889,0.889147
27,31399;64,23591,0.999225;16,2934,0.917829;22,4752,0.984496;22,4308,0.882946;22,4953,0.894574
25,29219;63,23142,0.994574;16,2995,0.91938;19,4494,0.971318;20,4030,0.878295;20,4583,0.892248
27,30404;64,23415,0.997674;17,2893,0.916279;23,4895,0.968217;20,3938,0.848062;22,4743,0.868217
27,31204;68,23567,0.992248;16,3196,0.886822;28,5540,0.965116;26,4843,0.882171;27,5723,0.877519
28,31619;62,23011,0.988372;17,3090,0.896899;22,5407,0.974419;24,4714,0.868217;26,5568,0.889147
26,30023;66,23311,0.978295;18,3064,0.887597;21,5083,0.972868;23,4502,0.866667;24,5217,0.893798
26,29288;63,22708,0.988372;14,2651,0.889147;19,4298,0.962791;20,3967,0.878295;20,4584,0.897674
28,30698;68,23484,0.992248;16,3052,0.907752;20,4764,0.960465;21,4306,0.885271;22,4864,0.872093
29,31185;62,23152,0.995349;20,3347,0.905426;24,5276,0.958915;26,4793,0.879845;27,5671,0.866667
29,31371;73,23477,0.996899;18,3324,0.917829;23,5430,0.978295;26,4988,0.884496;27,5860,0.868992
28,29858;68,22862,0.994574;16,3119,0.897674;24,5098,0.970543;30,4226,0.894574;22,5187,0.886047
28,30442;77,23486,0.993023;18,3182,0.914729;21,5191,0.994574;22,4617,0.894574;23,5280,0.875969
28,30036;64,23667,0.996899;16,3200,0.931008;19,4767,0.987597;22,4616,0.883721;23,5425,0.882946
28,28802;63,23300,0.99845;17,3136,0.913178;20,4989,0.986047;20,4148,0.887597;22,5138,0.882171
29,30697;63,23611,0.999225;17,3052,0.931008;20,5116,0.97907;23,4495,0.894574;24,5520,0.884496
28,30432;70,23491,0.989147;16,3213,0.926357;19,4780,0.972868;22,4330,0.888372;24,5410,0.884496
29,31703;55,23659,0.993798;16,3314,0.924031;22,5275,0.973643;24,4770,0.87907;25,5575,0.875969
34,31026;63,23258,1;15,2990,0.910078;29,5399,0.978295;24,4705,0.882946;25,5568,0.883721
27,30972;63,23094,0.991473;17,3157,0.921705;22,4925,0.978295;23,4485,0.886822;25,5481,0.890698
26,29994;69,22984,0.996899;18,3168,0.937984;23,4973,0.97907;22,4243,0.871318;23,4954,0.889922
27,31106;71,23959,0.999225;16,3075,0.939535;22,5010,0.976744;23,4473,0.877519;23,5032,0.890698
27,30936;70,23354,0.996899;17,3135,0.93876;24,5637,0.983721;24,4678,0.877519;28,5556,0.895349
26,29722;70,23795,0.994574;15,3126,0.928682;21,4862,0.975194;23,4532,0.868217;23,5177,0.887597
27,30600;69,23500,0.99845;16,3188,0.928682;23,5236,0.975969;23,4561,0.856589;24,5173,0.884496
27,31074;72,23969,0.992248;17,3343,0.913178;23,5519,0.982946;24,4610,0.863566;24,5507,0.877519
26,29918;64,23600,0.996124;16,3118,0.931008;20,4729,0.975194;21,4171,0.862791;22,4953,0.895349
27,30940;65,23678,0.997674;15,2912,0.899225;21,4931,0.962791;23,4479,0.862791;24,5371,0.891473
27,30754;64,23755,0.99845;18,3072,0.924031;23,5192,0.973643;23,4419,0.872868;23,5129,0.897674
27,30774;64,23518,0.986822;18,3395,0.916279;23,5425,0.968992;24,4593,0.854264;24,5097,0.879845
26,30091;64,23362,0.993023;17,3007,0.906977;22,4969,0.970543;21,4075,0.827132;22,4905,0.882946
27,31267;64,23494,1;16,3089,0.934109;22,5061,0.964341;26,4832,0.866667;27,5539,0.889147
28,31658;64,23481,0.999225;18,3385,0.937984;23,5369,0.977519;25,4840,0.872093;25,5676,0.881395
27,30296;66,24214,0.993798;26,3128,0.924806;21,4961,0.955814;23,4553,0.871318;23,5312,0.889922
29,31233;69,23383,0.993798;15,3120,0.900775;21,4987,0.969767;22,4414,0.871318;22,5121,0.891473
27,29761;69,23346,0.994574;16,3298,0.917054;21,4983,0.964341;22,4511,0.879845;22,5240,0.89845
29,31367;69,23515,0.993798;16,3230,0.926357;22,5423,0.974419;23,4653,0.865891;25,5629,0.894574
29,31552;69,23684,0.990698;16,3349,0.915504;25,5747,0.968217;25,4889,0.855814;26,5822,0.886047
28,30816;70,23291,1;17,3096,0.911628;22,5028,0.985271;22,4247,0.870543;23,5101,0.886047
28,30432;69,23164,0.993023;18,3230,0.926357;34,5375,0.982946;26,4918,0.893023;25,5614,0.893798
28,30528;61,23414,0.996899;19,3376,0.935659;22,5314,0.968217;24,4670,0.893023;26,5901,0.893023
40,31482;71,24167,0.99845;17,3493,0.92093;24,5729,0.977519;24,4833,0.884496;26,5856,0.889147
28,30394;74,23697,0.990698;17,3231,0.922481;21,5004,0.968217;22,4331,0.882946;24,5470,0.896124
28,30654;66,23608,0.994574;17,3340,0.910853;22,5066,0.954264;24,4595,0.874419;24,5383,0.885271
28,30500;66,23904,0.995349;17,3146,0.903101;20,5025,0.968992;22,4468,0.88062;23,5260,0.891473
28,30914;65,23370,0.988372;18,3196,0.936434;22,5274,0.982946;23,4673,0.874419;24,5440,0.895349
27,29879;64,23817,0.995349;17,3193,0.920155;25,4779,0.973643;23,4451,0.868992;23,5206,0.893798
28,31105;55,23272,0.996899;16,3241,0.926357;23,5369,0.996899;25,4769,0.867442;24,5314,0.895349
26,28982;73,23472,0.994574;16,2847,0.916279;20,4706,0.987597;22,4219,0.86124;23,5059,0.894574
27,30825;70,22816,0.996124;16,3238,0.908527;22,5024,0.987597;22,4378,0.865891;23,5215,0.893798
26,29875;67,23672,0.992248;17,3180,0.914729;22,4706,0.960465;22,4249,0.87907;23,4893,0.891473
27,31040;69,22796,1;17,3143,0.923256;23,4901,0.96124;24,4585,0.892248;25,5253,0.889922
41,31333;72,23631,0.996899;17,3233,0.904651;24,5269,0.946512;25,4621,0.897674;25,5394,0.893798
27,29715;71,23545,0.993023;17,3168,0.903876;22,4970,0.95814;23,4307,0.875194;23,4878,0.887597
28,30956;68,23253,0.999225;17,3182,0.921705;23,5237,0.964341;24,4558,0.867442;26,5413,0.884496
27,30321;86,24012,0.999225;35,3228,0.893798;23,5205,0.968217;25,4505,0.883721;25,5185,0.888372
40,30161;72,23714,0.994574;19,3426,0.909302;24,5358,0.976744;26,4810,0.862791;26,5672,0.899225
28,31568;71,23655,0.993798;18,3415,0.889922;23,5420,0.964341;26,4904,0.881395;28,5997,0.914729
27,30364;70,23604,0.993023;17,3140,0.885271;22,5124,0.950388;25,4715,0.874419;25,5446,0.89845
28,31391;70,23463,0.996899;19,3454,0.900775;23,5295,0.954264;25,4730,0.872093;27,5720,0.895349
27,29747;70,23634,0.997674;17,3316,0.867442;23,5350,0.947287;23,4420,0.882171;25,5330,0.909302
28,31734;64,23726,0.99845;21,3746,0.931783;24,5599,0.958915;25,4854,0.874419;41,5858,0.896124
27,30558;61,23419,0.992248;16,3132,0.944186;25,5123,0.974419;22,4393,0.888372;23,5045,0.911628
27,30838;65,23519,1;17,3333,0.949612;22,5159,0.982946;24,4806,0.903101;23,5424,0.910078
27,30455;61,22822,0.993023;17,3180,0.932558;23,5301,0.982171;24,4554,0.890698;26,5341,0.913178
28,31110;62,22805,0.994574;17,3155,0.911628;23,5319,0.962791;26,4711,0.891473;26,5645,0.897674
28,30875;65,23626,0.999225;17,3326,0.895349;24,5721,0.972868;24,4753,0.86124;24,5376,0.876744
28,30185;63,22809,0.989922;17,3002,0.892248;21,4923,0.966667;21,4155,0.847287;23,5128,0.894574
28,30965;63,23364,0.993023;18,3591,0.913953;23,5366,0.965891;26,5015,0.850388;27,5932,0.899225
28,30431;52,23361,0.999225;18,3438,0.896899;22,5287,0.945736;24,4655,0.862791;25,5538,0.907752
28,30540;63,23640,0.996899;18,3369,0.908527;29,5276,0.965116;23,4536,0.865116;24,5508,0.912403
28,31018;64,23629,0.989922;19,3914,0.92093;26,5899,0.962791;27,5158,0.851938;29,6315,0.903876
28,30366;63,23373,1;18,3556,0.924031;24,5554,0.964341;26,4933,0.886047;26,5607,0.91938
28,30973;63,23472,0.991473;17,3328,0.932558;22,5030,0.95969;26,4990,0.881395;26,5754,0.907752
29,31027;64,23560,0.997674;17,3553,0.935659;23,5612,0.971318;27,5063,0.873643;26,5608,0.899225
28,30453;56,23358,0.994574;19,3384,0.924031;24,5306,0.968992;26,4989,0.888372;27,5830,0.902326
27,28541;64,23778,0.999225;16,2926,0.877519;20,4843,0.955039;22,4230,0.886822;26,4800,0.904651
28,30505;63,23034,0.986047;18,3622,0.920155;23,5528,0.98062;23,4516,0.874419;26,5646,0.883721
28,30490;64,23726,0.992248;18,3178,0.88062;21,4975,0.970543;22,4351,0.881395;23,5187,0.887597
28,30319;75,23633,0.990698;18,3240,0.907752;23,5436,0.978295;24,4858,0.872093;25,5432,0.895349
28,30930;71,23676,0.995349;20,3727,0.91938;27,5974,0.957364;28,5450,0.855814;29,6345,0.896899
27,29959;71,23799,0.986047;17,3135,0.892248;22,5249,0.965891;25,4829,0.865116;24,5521,0.889922
28,30022;73,23854,0.995349;16,3241,0.916279;21,5169,0.981395;23,4532,0.876744;24,5248,0.885271
29,31314;71,23591,1;19,3432,0.918605;22,5376,0.969767;22,4696,0.872868;26,5559,0.88062
28,30162;66,23589,0.999225;16,3084,0.89845;23,5083,0.960465;23,4450,0.88062;29,5240,0.893023
27,30580;73,23656,0.997674;16,3176,0.893023;22,5251,0.960465;22,4313,0.871318;23,5336,0.877519
27,30104;63,23550,0.999225;18,3399,0.924031;24,5430,0.985271;24,4615,0.890698;25,5534,0.889922
27,30907;64,23492,0.99845;18,3478,0.889922;23,5509,0.966667;31,4954,0.896124;27,5662,0.896124
27,30250;59,23256,0.982946;19,3047,0.904651;24,4992,0.964341;22,4460,0.889922;24,5192,0.889922
39,29190;86,23307,0.99845;24,2769,0.894574;21,4596,0.960465;20,4095,0.882171;22,4634,0.893023
28,31667;72,23593,0.996899;18,3255,0.939535;21,5098,0.973643;23,4432,0.875969;25,5382,0.89845
35,30648;72,23899,0.996899;17,3234,0.927132;23,5357,0.973643;37,4755,0.869767;26,5706,0.894574
28,30786;58,23324,0.99845;16,3267,0.927907;23,5375,0.976744;26,4809,0.881395;27,5725,0.894574
28,30803;66,23285,0.997674;19,3498,0.939535;23,5512,0.98062;24,4486,0.897674;25,5371,0.900775
35,30323;62,23037,0.999225;18,3114,0.916279;21,4821,0.976744;21,4084,0.887597;23,4894,0.895349
29,30968;64,23693,0.991473;17,3184,0.910078;23,5329,0.963566;23,4501,0.873643;25,5463,0.887597
43,31467;71,23273,1;18,3364,0.900775;24,5425,0.975969;24,4444,0.85814;26,5551,0.886822
26,29820;70,22929,0.991473;16,2949,0.907752;20,4679,0.978295;23,4375,0.864341;22,5009,0.884496
27,30500;70,23342,0.995349;16,3247,0.937984;21,4943,0.973643;22,4528,0.874419;24,5389,0.884496
26,29987;71,23496,0.99845;15,3031,0.91938;19,4475,0.942636;21,4170,0.88062;23,5144,0.890698
27,30308;69,23034,0.987597;18,3238,0.924031;23,5316,0.952713;24,4656,0.875969;25,5376,0.899225
26,29375;67,22390,0.985271;15,2787,0.900775;22,4487,0.944961;21,4073,0.856589;22,4664,0.887597
27,30502;62,23093,1;16,3077,0.911628;22,4562,0.945736;22,4193,0.87907;23,4903,0.897674
27,31067;60,22835,0.994574;18,3452,0.932558;28,5593,0.967442;26,4884,0.889147;25,5508,0.896899
27,30826;63,23510,0.99845;17,3232,0.915504;23,5153,0.982946;24,4570,0.874419;24,5021,0.889147
27,30238;64,23672,0.986047;17,3279,0.917829;24,5200,0.978295;24,4670,0.884496;28,5244,0.895349
27,30892;62,23046,0.989922;20,3132,0.920155;22,4719,0.949612;24,4643,0.883721;25,5513,0.896124
27,30574;63,23376,0.99845;16,3058,0.911628;21,4912,0.96124;22,4474,0.888372;24,5339,0.895349
28,31666;64,23183,0.996124;18,3538,0.917054;25,6017,0.981395;27,5164,0.876744;26,5831,0.889147
28,31993;63,23488,0.995349;16,3254,0.913178;24,5399,0.968992;26,5047,0.87907;26,5704,0.896899
27,30665;63,23424,0.999225;16,3242,0.913178;22,5005,0.95814;23,4574,0.874419;25,5444,0.890698
27,30426;65,23788,0.99845;15,3112,0.917829;21,4708,0.943411;31,4081,0.884496;23,5075,0.892248
27,30267;63,23673,0.988372;16,3127,0.924031;22,5109,0.968217;22,4327,0.874419;23,5035,0.891473
26,29247;67,23671,0.99845;18,2825,0.911628;24,4768,0.944961;22,4205,0.895349;23,5012,0.9
27,30799;63,23306,0.989147;17,3268,0.924806;23,5389,0.965116;23,4463,0.89845;23,5116,0.909302
27,30411;71,23176,0.996124;16,3095,0.908527;23,5122,0.952713;23,4461,0.893023;24,5277,0.906977
26,28800;69,23178,0.987597;17,2915,0.886047;21,4952,0.955814;22,4195,0.865891;22,4774,0.899225
35,31337;73,23671,0.996899;17,3261,0.908527;33,4931,0.953488;25,4773,0.876744;26,5672,0.896124
29,31478;59,23110,0.99845;17,3316,0.937209;22,4966,0.976744;22,4234,0.858915;23,5066,0.882171
27,28933;73,23898,1;15,2801,0.920155;20,4329,0.962791;21,4011,0.881395;21,4616,0.889922
27,28500;72,23352,0.992248;18,3085,0.931783;19,4387,0.971318;22,4231,0.900775;23,5083,0.911628
28,30445;70,23308,0.996124;18,2920,0.913953;22,5117,0.969767;24,4397,0.875194;25,5219,0.90155
28,29215;73,23639,0.992248;16,2892,0.889147;21,4864,0.970543;23,4245,0.85969;26,5043,0.90155
27,29452;63,23641,0.989922;17,3055,0.9;22,4895,0.974419;24,4331,0.867442;23,4850,0.893798
31,31283;72,23746,0.991473;36,3177,0.944961;20,4950,0.970543;23,4427,0.867442;23,5237,0.885271
29,29023;77,23060,0.99845;17,3158,0.950388;20,4775,0.972868;21,4203,0.872868;21,4759,0.895349
28,30799;71,23308,1;15,3051,0.941085;20,5061,0.976744;22,4341,0.873643;23,5244,0.896124
26,30005;69,23244,0.993798;15,3005,0.922481;22,5210,0.972093;22,4500,0.87907;22,5076,0.888372
27,30574;57,23700,0.989922;17,3193,0.932558;21,5124,0.979845;22,4345,0.873643;22,5093,0.885271
31,31250;70,23713,0.997674;18,3402,0.917054;22,5385,0.981395;26,4911,0.866667;26,5725,0.882946
27,30398;60,23953,0.999225;17,3321,0.909302;23,5195,0.968217;24,4552,0.870543;24,5315,0.886822
26,28441;69,23099,0.979845;20,3067,0.910853;21,4981,0.979845;23,4369,0.876744;23,5035,0.903876
34,30438;70,23361,0.996899;19,3541,0.931008;22,5273,0.976744;27,5014,0.88062;27,5897,0.895349
27,30277;73,24020,0.997674;17,2996,0.936434;21,4971,0.97907;22,4417,0.889147;23,5162,0.9
28,31702;71,23587,0.996899;17,3425,0.922481;22,5472,0.97907;24,4792,0.892248;25,5695,0.905426
27,30535;69,23730,0.996899;16,3282,0.904651;22,5215,0.968992;24,4608,0.903101;26,5705,0.906977
27,30278;69,22971,0.992248;17,3063,0.906977;23,5126,0.972093;22,4315,0.9;22,5074,0.914729
26,29190;93,24191,0.986822;15,2670,0.904651;20,4718,0.979845;16,3921,0.894574;19,4697,0.903101
28,31501;70,23260,0.999225;17,3381,0.922481;21,5199,0.986822;23,4639,0.896899;24,5563,0.908527
28,31504;73,23889,0.996899;16,3167,0.915504;23,5252,0.966667;24,4486,0.881395;25,5510,0.895349
28,31179;70,23757,1;17,3347,0.908527;23,5351,0.972093;25,4811,0.887597;26,5703,0.89845
27,30549;64,23506,0.996124;19,3477,0.908527;24,5551,0.95969;24,4715,0.886822;25,5710,0.886822
27,30140;75,23650,0.99845;16,2940,0.913953;20,5141,0.977519;24,4730,0.877519;24,5428,0.888372
27,30663;70,23606,0.996124;15,3013,0.913953;19,4689,0.984496;21,4133,0.872093;22,5210,0.894574
28,31573;89,24158,0.995349;20,3802,0.922481;23,5881,0.97907;27,5190,0.882171;27,6130,0.908527
31,30922;71,23609,0.994574;17,3226,0.916279;22,5233,0.984496;23,4660,0.884496;23,5347,0.89845
26,29381;70,23617,0.99845;16,3082,0.911628;21,5034,0.985271;23,4481,0.893023;22,4917,0.896899
27,30755;71,23531,0.999225;24,3329,0.927132;22,5527,0.984496;26,4950,0.873643;36,5633,0.884496
27,29876;70,23458,0.986822;16,3195,0.924806;21,4997,0.982946;22,4212,0.853488;21,4830,0.88062
27,30489;70,23032,0.999225;16,3148,0.934109;22,4964,0.982946;23,4430,0.85969;24,5046,0.879845
27,29045;71,23470,0.996124;14,2890,0.921705;20,4547,0.976744;21,4059,0.853488;21,4536,0.87907
27,29117;70,23261,0.990698;16,2982,0.924031;19,4492,0.96124;22,4141,0.864341;20,4539,0.871318
28,30363;70,23667,0.999225;20,3597,0.931783;23,5366,0.964341;26,4820,0.860465;26,5437,0.877519
28,29639;71,23712,0.997674;18,3359,0.915504;24,5321,0.972868;24,4635,0.85814;26,5530,0.877519
30,31629;70,23346,0.991473;16,2922,0.904651;23,5282,0.96124;25,4787,0.863566;27,5860,0.87907
30,31538;70,23934,0.996124;18,3419,0.90155;23,5544,0.971318;26,4863,0.872868;27,5935,0.890698
28,29812;70,23849,0.999225;18,3055,0.889922;22,4932,0.962016;23,4346,0.865891;25,5321,0.886822
29,30735;63,23350,0.995349;17,3106,0.907752;22,5102,0.965116;23,4314,0.881395;33,4985,0.900775
28,29724;64,23299,0.995349;18,3236,0.942636;21,5001,0.965116;21,4245,0.869767;22,4757,0.879845
29,30139;62,23166,0.997674;17,3313,0.945736;23,5290,0.978295;22,4490,0.879845;25,5359,0.9
29,31065;61,22966,0.993023;17,3224,0.921705;21,5158,0.966667;24,4741,0.875194;25,5595,0.891473
28,30005;57,23625,0.999225;17,3101,0.917054;21,4960,0.975969;23,4412,0.888372;23,5093,0.888372
29,30577;64,23747,0.982946;19,3391,0.916279;23,5442,0.974419;25,4808,0.892248;24,5501,0.895349
34,30688;69,23599,0.993023;17,3167,0.90155;20,4848,0.951163;23,4407,0.891473;22,5074,0.896124
28,31168;68,23389,0.989922;20,3649,0.944186;24,5428,0.967442;23,4625,0.871318;26,5512,0.907752
27,29854;70,23797,0.996899;16,3119,0.925581;22,4987,0.972868;22,4238,0.866667;22,4784,0.897674
27,30899;68,23306,0.996899;17,3327,0.903876;23,5347,0.948837;24,4685,0.872093;25,5410,0.887597
27,30684;71,23175,0.986047;17,3049,0.916279;21,4914,0.958915;23,4519,0.886822;24,5343,0.892248
27,30394;70,23625,0.992248;16,3320,0.913178;22,5206,0.955039;24,4728,0.885271;24,5186,0.899225
26,28849;65,22970,0.997674;18,2763,0.903101;22,4717,0.973643;20,4024,0.876744;20,4552,0.892248
28,31264;63,23141,0.993023;18,3149,0.910078;23,5333,0.983721;23,4472,0.868217;26,5191,0.89845
26,29625;75,22911,0.995349;15,2860,0.926357;21,4629,0.976744;22,4241,0.875969;23,5015,0.9
27,29972;64,23635,0.985271;15,2675,0.913953;20,4522,0.969767;22,4036,0.855039;22,4765,0.881395
30,30105;62,22922,0.993798;18,3102,0.893023;23,5035,0.975969;24,4563,0.891473;24,5165,0.896124
30,30759;64,23618,0.99845;18,3318,0.927907;23,5261,0.973643;23,4411,0.874419;25,5180,0.882171
29,30540;61,22479,0.995349;19,3214,0.916279;24,5531,0.979845;24,4391,0.874419;25,5193,0.892248
27,28951;65,23876,0.996899;18,3248,0.918605;21,4628,0.95969;22,4205,0.855039;23,4958,0.885271
29,30623;63,22909,0.992248;18,3221,0.924806;22,4627,0.955814;22,4265,0.85969;23,4875,0.885271
29,30628;62,23300,0.975194;18,3246,0.924806;22,4809,0.956589;23,4245,0.85969;24,5001,0.889147
29,30956;63,23784,0.993798;17,3295,0.924806;26,5543,0.96124;25,4514,0.851938;26,5552,0.891473
29,30417;69,23688,1;18,3198,0.899225;23,5222,0.965891;24,4516,0.849612;24,5175,0.886822
30,31361;71,23885,0.991473;19,3522,0.912403;24,5682,0.955814;26,4882,0.857364;26,5534,0.865891
29,30771;73,23849,0.999225;17,3291,0.93876;23,5309,0.968992;24,4458,0.87907;26,5464,0.882946
29,30885;71,23220,0.990698;19,3368,0.928682;23,5416,0.95969;25,4633,0.863566;24,5198,0.85814
30,31242;71,23527,0.993023;19,3502,0.917829;27,5804,0.972093;27,5110,0.862016;27,5720,0.856589
28,29704;70,23668,0.991473;18,3040,0.911628;21,4797,0.965891;25,4586,0.87907;24,5222,0.875194
29,30536;71,22732,0.985271;17,3468,0.934884;28,5335,0.982171;24,4670,0.882946;25,5427,0.896124
27,28184;71,23759,0.99845;21,3275,0.94186;20,5013,0.97907;21,4086,0.886047;22,4937,0.890698
29,30940;70,23569,1;17,3202,0.913178;23,5358,0.973643;25,4872,0.892248;26,5695,0.903876
29,30365;70,23424,0.996899;17,3182,0.921705;22,5012,0.962016;22,4445,0.890698;24,5183,0.9
29,31049;67,23456,0.996899;19,3389,0.935659;21,5040,0.97907;22,4340,0.87907;23,5250,0.888372
35,31076;71,23457,0.995349;17,3398,0.920155;23,5307,0.969767;24,4586,0.871318;25,5465,0.887597
27,28983;69,22976,0.99845;15,3050,0.92093;21,5029,0.981395;23,4354,0.886822;23,4982,0.896124
28,30300;72,23596,0.985271;17,3213,0.891473;21,4820,0.96124;23,4539,0.889922;25,5505,0.891473
29,30898;65,23430,1;18,3259,0.920155;25,5305,0.960465;24,4650,0.879845;26,5646,0.896899
29,31179;42,23607,0.999225;18,3249,0.94186;24,5292,0.982946;23,4458,0.876744;24,5241,0.896124
29,30417;81,24360,0.990698;16,2849,0.945736;19,4514,0.983721;20,4121,0.883721;21,4764,0.887597
30,31300;69,22826,0.992248;29,3096,0.939535;22,5029,0.975969;23,4479,0.89845;25,5363,0.90155
36,30364;69,22878,0.995349;19,3084,0.927907;22,4913,0.972093;29,4384,0.884496;23,5105,0.896124
28,30009;70,23299,0.989147;17,3289,0.937209;20,4938,0.977519;21,4043,0.864341;22,4793,0.879845
29,30899;69,22984,0.991473;17,3328,0.931008;22,5274,0.974419;22,4502,0.852713;25,5766,0.893023
34,31674;74,22927,0.993023;17,3379,0.928682;22,5168,0.976744;21,4281,0.855039;23,5245,0.890698
30,31601;73,23702,0.999225;17,3249,0.899225;22,5257,0.976744;23,4521,0.851163;24,5374,0.891473
28,29377;70,23117,0.996899;20,3119,0.909302;22,4741,0.960465;21,4109,0.864341;23,5216,0.896899
28,30095;60,23459,0.996124;18,3164,0.9;21,5063,0.956589;23,4434,0.895349;22,4945,0.896899
29,31280;72,23653,0.993023;19,3563,0.905426;25,5668,0.974419;26,4911,0.906977;27,5840,0.911628
29,30652;60,23231,0.996124;18,3106,0.925581;22,4672,0.975969;23,4296,0.90155;24,5048,0.906977
29,30993;69,22925,0.994574;17,3304,0.930233;23,5338,0.983721;23,4377,0.894574;29,5314,0.897674
28,29219;71,23397,0.99845;16,3114,0.94186;24,5373,0.987597;22,4214,0.885271;22,4796,0.907752
29,30909;70,23214,0.989147;16,2973,0.925581;25,5138,0.989922;21,4292,0.873643;23,5207,0.897674
29,30733;72,23617,0.987597;20,3546,0.917829;23,5193,0.957364;25,4759,0.864341;23,5294,0.902326
29,30701;69,22931,0.996124;17,3232,0.909302;23,5206,0.962016;23,4515,0.863566;22,5091,0.90155
47,31620;68,22909,0.999225;17,3227,0.9;24,5401,0.963566;25,4823,0.869767;27,5966,0.9
29,30795;71,23616,0.992248;17,2946,0.886822;21,4651,0.958915;23,4612,0.883721;24,5324,0.911628
28,29776;71,23240,0.999225;16,3064,0.90155;19,4522,0.957364;21,4237,0.889147;23,4995,0.897674
43,30708;70,22856,0.996899;18,3252,0.913178;23,5249,0.964341;23,4565,0.894574;24,5407,0.903101
29,31048;70,23277,0.990698;23,3370,0.932558;21,5005,0.958915;24,4685,0.89845;25,5380,0.900775
28,30594;70,23324,0.977519;17,3275,0.929457;23,5141,0.974419;23,4453,0.900775;24,5219,0.907752
29,31296;69,23506,0.999225;16,3130,0.947287;23,5075,0.975969;25,4677,0.896899;25,5396,0.903101
29,31125;69,23093,0.995349;17,3351,0.925581;21,5058,0.960465;25,4751,0.886822;25,5529,0.884496
33,31239;70,23670,0.999225;17,3145,0.917054;22,5183,0.970543;25,4636,0.889147;25,5597,0.886822
29,30876;70,23274,0.994574;15,2843,0.886822;21,5000,0.964341;23,4360,0.878295;23,5074,0.885271
35,28459;70,23071,0.989922;14,2541,0.875969;20,4119,0.955814;19,3862,0.866667;20,4500,0.872093
30,30619;70,23591,0.999225;16,3035,0.884496;23,5135,0.974419;22,4318,0.865891;25,5443,0.886047
32,31849;71,23725,0.996124;17,3403,0.914729;24,5381,0.968992;24,4672,0.876744;25,5490,0.9
30,30557;85,23716,0.992248;15,3038,0.916279;21,4896,0.975194;22,4405,0.864341;23,5191,0.892248
30,30441;72,23548,0.984496;18,3278,0.891473;21,5356,0.982946;22,4451,0.872093;24,5232,0.886047
29,29493;70,23431,0.995349;16,3063,0.910078;21,4759,0.972868;22,4457,0.9;22,4860,0.889922
26,28536;63,23473,0.997674;23,2732,0.886822;21,4557,0.982171;18,3596,0.876744;20,4306,0.896899
28,31466;71,23352,0.99845;17,3223,0.882946;23,5123,0.962016;24,4505,0.85814;25,5240,0.878295
27,30721;69,23226,0.996124;18,3133,0.895349;23,5242,0.948062;28,4931,0.868217;26,5481,0.88062
27,30815;75,23173,0.999225;18,3387,0.916279;26,5598,0.965116;25,4615,0.874419;26,5429,0.885271
28,31338;80,22974,0.987597;18,3058,0.928682;24,5194,0.966667;26,4683,0.87907;25,5538,0.886047
28,30666;72,23594,0.986822;17,3330,0.917829;22,5284,0.967442;24,4613,0.870543;23,5162,0.878295
27,30811;69,22926,0.993798;17,2808,0.920155;21,4870,0.963566;22,4181,0.884496;23,5009,0.886047
28,30958;71,23690,0.989922;18,3481,0.931008;23,5450,0.969767;25,4596,0.871318;25,5466,0.88062
27,30464;69,23365,0.993798;18,3266,0.934109;17,5019,0.975969;22,4267,0.853488;24,5329,0.881395
28,31125;73,23276,0.995349;19,3264,0.921705;23,5289,0.984496;25,4745,0.878295;24,5519,0.886822
28,31393;70,23273,0.993798;18,3369,0.928682;23,5142,0.986822;25,4630,0.876744;26,5584,0.884496
36,31399;71,23523,0.999225;17,3146,0.925581;22,5135,0.972868;25,4882,0.878295;27,5808,0.881395
28,29468;74,24180,0.993023;16,3141,0.911628;22,4973,0.975194;23,4345,0.879845;24,5214,0.891473
29,30820;69,23073,0.993023;16,3042,0.922481;23,4899,0.957364;23,4472,0.875969;25,5427,0.895349
29,30433;83,23394,0.986047;28,3121,0.912403;22,5204,0.982171;23,4495,0.855814;23,5239,0.867442
29,30360;73,23134,0.99845;16,3021,0.927132;21,5139,0.975194;23,4441,0.846512;23,5181,0.85969
28,29593;71,23098,0.995349;15,2847,0.924806;33,4643,0.976744;21,4124,0.852713;23,4958,0.869767
27,30897;76,23087,0.99845;18,3291,0.931783;23,4939,0.965116;26,4784,0.865891;27,5450,0.886822
26,28949;63,23282,0.999225;17,2789,0.904651;21,4702,0.962016;21,4016,0.857364;33,4861,0.87907
28,31051;71,23177,0.995349;19,3141,0.903876;23,5471,0.982171;25,4636,0.869767;26,5584,0.876744
30,30748;71,23075,0.996899;19,3574,0.950388;21,4841,0.972093;26,4657,0.865116;24,5134,0.879845
30,31577;58,23418,0.999225;31,3563,0.944961;26,5911,0.982946;25,4804,0.889922;26,5591,0.900775
30,31727;73,23803,0.997674;18,3376,0.950388;25,5530,0.973643;26,4788,0.876744;30,5731,0.886822
28,29217;71,23301,1;15,2898,0.941085;21,4899,0.971318;21,4079,0.872093;21,4680,0.893798
29,29766;74,24253,0.999225;15,3088,0.947287;19,4672,0.971318;22,4226,0.887597;31,5206,0.9
30,31610;71,23606,0.999225;17,3107,0.917829;22,5228,0.964341;23,4611,0.872093;30,5304,0.899225
30,30955;69,23154,0.982946;17,3205,0.924806;21,4922,0.975969;19,4504,0.884496;26,5206,0.9
29,30413;69,23046,0.993798;16,3090,0.923256;22,4982,0.975969;23,4399,0.875969;24,5267,0.896124
29,29880;70,23668,0.997674;17,3234,0.902326;27,5410,0.978295;25,4500,0.896899;26,5344,0.903101
33,29403;72,24003,0.996899;25,3441,0.927132;22,5068,0.977519;25,4507,0.872093;25,5279,0.88062
29,30496;78,23650,0.996124;18,3202,0.918605;23,5037,0.951163;26,4679,0.883721;25,5279,0.872093
29,30783;73,24270,0.991473;17,3136,0.925581;22,5279,0.965891;24,4568,0.87907;26,5633,0.891473
29,30704;70,23059,0.996899;17,3281,0.920155;24,5325,0.974419;24,4498,0.879845;26,5488,0.899225
30,30763;71,23754,0.996899;18,3321,0.932558;23,5125,0.975194;22,4321,0.870543;24,5209,0.899225
30,31186;70,23355,0.995349;17,3357,0.917054;22,5339,0.990698;24,4670,0.86124;26,5673,0.897674
29,30098;78,23486,0.994574;18,3413,0.923256;21,5066,0.968217;25,4634,0.882946;24,5391,0.920155
30,31397;71,23797,0.989922;17,3231,0.907752;22,5116,0.963566;23,4456,0.860465;26,5625,0.906202
29,30034;71,23320,0.993023;19,3281,0.925581;23,5184,0.982946;24,4549,0.865116;23,5000,0.897674
28,30146;88,23401,0.997674;15,2947,0.929457;20,4791,0.955814;25,3977,0.862791;22,4688,0.896899
28,30140;64,23607,0.997674;17,2785,0.889922;27,4852,0.962791;21,4316,0.872093;23,5235,0.892248
28,30377;66,24043,0.999225;17,3191,0.910078;21,4977,0.965116;22,4462,0.888372;32,5403,0.902326
28,30271;62,23455,0.997674;18,3320,0.92093;19,4539,0.954264;22,4334,0.882946;23,5199,0.906202
29,31326;64,23293,0.99845;17,3262,0.922481;20,4790,0.96124;23,4688,0.885271;24,5610,0.896899
29,31146;63,23257,0.999225;17,3204,0.913178;25,5712,0.97907;24,4865,0.889922;25,5639,0.900775
28,30245;71,23479,0.989922;16,2958,0.881395;21,4751,0.973643;22,4194,0.860465;23,5073,0.889147
27,29063;70,23410,0.99845;17,3079,0.903101;20,4810,0.98062;22,4101,0.875194;22,4720,0.895349
28,30225;71,23203,0.994574;15,2871,0.90155;21,4618,0.957364;21,4242,0.857364;22,5055,0.875194
28,29899;71,23344,0.997674;18,3384,0.930233;21,5254,0.962791;21,4281,0.865116;22,4984,0.889922
27,29434;70,23451,0.991473;16,2960,0.942636;20,4963,0.98062;22,4316,0.88062;21,4796,0.889922
28,29900;74,23797,1;21,3196,0.941085;20,4484,0.960465;24,4438,0.886822;25,5074,0.895349
28,29773;71,23416,0.993798;27,2972,0.917054;22,5100,0.982171;22,4217,0.892248;22,4932,0.892248
27,28704;72,23561,0.990698;18,3295,0.931783;22,5036,0.973643;24,4417,0.882946;32,5386,0.897674
29,31615;68,23513,0.996899;18,3508,0.937209;25,5812,0.981395;27,4926,0.870543;27,5999,0.889922
28,30614;71,23427,0.989922;18,3194,0.927907;21,4953,0.975194;33,4615,0.90155;24,5216,0.90155
28,30434;70,22969,0.993023;17,3012,0.924031;21,4921,0.983721;22,4265,0.893023;38,5300,0.90155
29,30260;77,23291,0.996124;17,3333,0.917829;24,5505,0.973643;23,4484,0.871318;24,5253,0.902326
30,32099;69,23978,0.988372;18,3594,0.923256;26,6028,0.979845;27,5147,0.895349;26,5585,0.906202
28,30068;65,23241,0.996899;16,2993,0.934884;21,4600,0.970543;21,3978,0.87907;23,4774,0.893023
28,30683;76,23800,0.993798;18,3256,0.945736;22,4619,0.974419;22,4144,0.877519;23,5109,0.890698
28,29561;73,23543,0.990698;18,3230,0.937209;23,4994,0.974419;21,4081,0.862016;22,4832,0.895349
28,30231;70,23052,0.989147;16,3043,0.932558;21,4749,0.955814;23,4190,0.844186;23,4887,0.87907
28,29876;71,23591,0.994574;16,2928,0.917054;22,4893,0.964341;22,4296,0.870543;24,4974,0.882171
29,30962;72,23708,0.997674;18,3433,0.908527;25,5542,0.975194;26,4727,0.862791;27,5545,0.890698
29,31228;71,23900,0.997674;17,3249,0.927907;21,4916,0.947287;24,4546,0.872093;25,5262,0.890698
27,28409;69,23176,0.996899;15,2898,0.904651;20,5025,0.973643;21,4186,0.882171;22,4949,0.889147
29,30929;70,23710,0.993798;15,3146,0.879845;23,5495,0.990698;22,4401,0.900775;22,5127,0.896899
28,29931;70,23167,0.988372;16,3142,0.909302;20,4825,0.982171;20,4088,0.896899;20,4749,0.9
29,31292;69,23018,0.986822;17,3111,0.931783;22,4787,0.973643;21,4212,0.85814;23,4966,0.873643
29,30936;71,23391,0.995349;17,3219,0.900775;25,5197,0.962016;27,4976,0.869767;27,5730,0.888372
29,30891;70,22901,0.996899;18,3331,0.916279;23,5115,0.972868;23,4458,0.872868;24,5180,0.886822
28,30684;71,23254,0.999225;16,3025,0.92093;23,5135,0.983721;23,4416,0.881395;25,5358,0.888372
28,30023;60,23840,0.982946;18,3155,0.925581;21,4710,0.979845;24,4545,0.881395;25,5345,0.889147
28,29700;73,24062,0.997674;17,3009,0.900775;23,4963,0.974419;24,4457,0.875969;25,5344,0.897674
27,29315;72,23351,0.97907;17,3142,0.925581;21,4821,0.983721;21,3841,0.894574;21,4702,0.896899
29,31269;62,23174,0.99845;16,2988,0.934109;20,4885,0.97907;21,4336,0.888372;23,5250,0.899225
36,31291;72,23234,0.996899;17,3253,0.923256;23,5131,0.964341;22,4513,0.884496;23,5284,0.897674
29,30147;70,23247,0.982946;15,3103,0.906202;21,5221,0.945736;23,4584,0.89845;25,5420,0.897674
29,29993;72,23671,0.986047;17,3118,0.916279;24,4753,0.978295;22,4315,0.893023;33,4911,0.893023
46,30036;83,23773,1;18,3554,0.939535;21,5074,0.974419;23,4564,0.892248;24,5407,0.89845
31,30943;70,23283,0.982946;17,3484,0.933333;24,5651,0.98062;25,4892,0.893023;25,5436,0.903876
30,30808;73,23844,0.995349;16,3071,0.913953;21,5149,0.962791;23,4452,0.869767;26,5353,0.889922
30,30866;71,23339,0.990698;22,3493,0.92093;26,5648,0.979845;24,4503,0.853488;24,5171,0.878295
32,31234;70,23453,0.996899;17,3220,0.916279;24,5399,0.977519;26,4874,0.853488;26,5471,0.871318
28,31106;91,23762,0.996124;17,3285,0.931008;22,5048,0.976744;25,4565,0.85969;25,5175,0.868992
28,31006;69,23311,0.995349;18,3209,0.925581;23,5371,0.967442;24,4457,0.865116;23,5027,0.881395
33,30816;54,23606,0.978295;16,2832,0.911628;19,4655,0.966667;23,4191,0.860465;24,5030,0.890698
29,31158;69,23152,0.996899;18,3217,0.895349;23,5265,0.965116;24,4557,0.875969;25,5488,0.890698
29,31702;69,23321,1;16,3523,0.925581;24,5852,0.969767;26,5117,0.881395;27,6165,0.886822
29,29935;69,23508,0.989147;16,3056,0.939535;20,4802,0.973643;21,4148,0.877519;22,4839,0.876744
29,31203;67,22965,0.99845;16,2985,0.911628;21,5086,0.962791;24,4615,0.889922;25,5379,0.886047
27,30142;69,23616,0.988372;16,2950,0.89845;20,4760,0.962791;21,4212,0.890698;23,5060,0.876744
28,31285;72,23453,0.992248;16,3291,0.889922;23,5475,0.970543;25,4853,0.883721;26,5711,0.890698
27,29541;67,23686,0.990698;19,3318,0.903876;22,5041,0.966667;23,4361,0.884496;23,5098,0.894574
28,31425;71,23985,0.982946;16,3260,0.928682;22,5171,0.968217;24,4594,0.886047;29,5665,0.90155
27,30628;69,23791,1;13,3273,0.934884;14,5066,0.981395;25,4664,0.870543;26,5563,0.888372
29,29922;69,23212,0.997674;17,3000,0.934884;24,4863,0.986822;23,4270,0.873643;21,4790,0.887597
30,31593;70,23282,0.993023;14,3194,0.913178;23,5032,0.968992;24,4588,0.851938;26,5568,0.890698
29,31214;61,23553,0.996124;17,3098,0.917829;21,5035,0.975969;23,4427,0.860465;23,5249,0.885271
28,30207;71,23517,1;17,3114,0.943411;21,4987,0.968992;24,4261,0.85969;24,5321,0.885271
30,31343;71,23596,0.995349;18,3398,0.927132;23,5081,0.962791;25,4718,0.84186;26,5550,0.893798
29,30250;68,22721,0.993798;17,3136,0.899225;21,5447,0.95814;27,4991,0.875194;24,5329,0.891473
29,30891;70,23827,0.983721;18,3319,0.909302;23,5452,0.968992;25,4695,0.882946;25,5437,0.903101
27,29057;70,23450,1;17,3159,0.927907;22,5216,0.970543;26,4215,0.893023;27,4995,0.908527
29,31603;67,23969,0.989922;19,3543,0.93876;25,5780,0.970543;25,4626,0.872093;27,5829,0.894574
28,30102;71,23446,0.997674;17,2951,0.909302;23,5259,0.95969;23,4327,0.875969;25,5409,0.899225
29,31005;70,23762,0.987597;17,3288,0.906977;22,5179,0.96124;23,4494,0.889147;24,5236,0.910078
29,30699;71,23379,0.995349;18,3291,0.917054;22,5219,0.965116;23,4481,0.885271;24,5381,0.904651
29,30243;68,22672,0.99845;16,3105,0.943411;22,4853,0.962791;20,4172,0.874419;21,4799,0.903101
36,30356;86,23782,0.993798;22,3093,0.909302;23,5384,0.964341;25,4745,0.865891;25,5348,0.879845
28,30301;71,23699,0.997674;19,3147,0.906977;22,4993,0.937984;23,4442,0.854264;24,5212,0.872093
28,30861;64,23750,0.993023;17,3181,0.912403;23,5348,0.977519;23,4624,0.866667;23,5333,0.883721
28,31122;72,23745,1;18,3553,0.918605;24,5429,0.972868;25,4801,0.87907;25,5499,0.897674
28,30860;71,23833,0.997674;17,3391,0.922481;24,5248,0.966667;25,4804,0.882171;25,5572,0.894574
27,29562;71,23642,0.991473;17,3148,0.913953;22,5074,0.984496;23,4338,0.872868;23,5120,0.902326
27,29621;71,23330,0.996899;18,3344,0.931008;23,5202,0.978295;23,4383,0.875969;24,5259,0.900775
28,31164;79,23214,0.99845;16,2907,0.9;22,5137,0.97907;25,4652,0.879845;24,5280,0.892248
28,30473;65,23680,0.996899;14,2861,0.888372;22,5057,0.978295;23,4448,0.872868;23,5076,0.895349
29,31095;70,23140,0.992248;18,3354,0.921705;23,5233,0.991473;24,4634,0.883721;25,5294,0.888372
28,31237;72,23416,0.993798;18,3278,0.907752;22,5196,0.975969;23,4561,0.875969;25,5347,0.886047
28,30920;82,23958,0.987597;18,3126,0.904651;21,4826,0.971318;25,4719,0.896899;25,5381,0.900775
28,30766;71,23731,0.996899;17,3184,0.910078;22,4855,0.965116;23,4353,0.885271;22,4852,0.890698
33,29522;73,23709,0.988372;16,2887,0.893023;22,4581,0.942636;21,4018,0.868992;25,4827,0.878295
27,30011;74,23471,0.999225;17,3190,0.912403;21,4602,0.95969;24,4406,0.892248;24,4987,0.89845
37,30884;71,23774,0.986822;19,3393,0.937984;24,5212,0.972868;24,4553,0.884496;25,5251,0.891473
26,29163;71,23648,0.990698;18,2922,0.926357;21,4704,0.968992;22,4142,0.876744;23,4838,0.877519
27,30093;69,23306,1;18,3198,0.92093;23,5139,0.972868;24,4580,0.862791;36,5375,0.886047
26,29214;70,23623,0.982171;18,2963,0.909302;22,4734,0.963566;22,4175,0.863566;25,4678,0.873643
27,30454;59,23333,0.994574;18,2998,0.917054;21,4850,0.966667;22,4371,0.879845;23,5108,0.903101
28,31243;59,23684,0.996124;17,3331,0.918605;26,5682,0.975194;26,4796,0.882171;25,5306,0.909302
33,30588;70,23440,1;17,3300,0.924806;22,5151,0.972093;25,4622,0.874419;25,5364,0.910853
28,31913;72,23779,1;20,3393,0.924031;24,5311,0.967442;24,4593,0.881395;27,5562,0.911628
28,31338;70,23656,1;19,3516,0.929457;24,5456,0.972093;27,4979,0.889922;27,5590,0.903876
29,32103;71,23696,0.992248;19,3577,0.913953;25,6066,0.972093;28,5194,0.893023;28,5964,0.904651
26,29394;62,23184,0.99845;16,2961,0.908527;22,5117,0.982946;23,4315,0.885271;23,5029,0.897674
27,30221;62,23117,1;19,3226,0.924031;24,5455,0.979845;24,4545,0.868992;26,5439,0.889922
27,30427;63,23828,0.999225;18,3240,0.917054;24,5207,0.973643;26,4526,0.868217;26,5316,0.878295
28,31272;64,23360,0.986822;19,3483,0.925581;26,5680,0.974419;26,4810,0.877519;29,5842,0.874419
27,29932;66,23582,0.995349;16,2956,0.914729;22,4874,0.968992;24,4374,0.882171;25,5149,0.893798
28,30296;73,23519,0.999225;17,3119,0.895349;24,5261,0.966667;26,4678,0.889922;25,5257,0.895349
27,28987;72,23489,0.992248;16,3057,0.902326;23,4974,0.962016;24,4314,0.889147;24,5063,0.895349
28,29540;71,23798,0.977519;18,3337,0.911628;24,5156,0.968217;24,4430,0.882946;23,5101,0.893023
28,30118;72,24017,0.986822;29,3147,0.918605;22,4988,0.962016;23,4424,0.879845;23,4984,0.881395
28,30391;69,23063,0.991473;19,3430,0.913953;22,5147,0.956589;24,4551,0.847287;34,5482,0.890698
29,30616;73,24038,0.997674;16,3150,0.907752;25,5203,0.955814;26,4700,0.85814;27,5537,0.876744
28,29616;71,23644,0.996899;21,3265,0.920155;22,5159,0.964341;25,4539,0.865116;36,5155,0.885271
35,30898;62,23731,0.99845;19,3244,0.887597;25,5482,0.977519;26,4732,0.871318;26,5423,0.881395
28,31138;71,23448,0.997674;18,3357,0.909302;22,5062,0.972093;25,4507,0.876744;26,5456,0.889922
28,30743;68,23127,0.996124;17,3164,0.910078;23,5185,0.967442;26,4686,0.889147;26,5642,0.890698
27,30937;64,23439,0.99845;19,3336,0.894574;22,5185,0.967442;23,4455,0.882171;25,5464,0.887597
26,29391;62,23337,0.995349;16,3041,0.893798;22,5019,0.965116;26,4528,0.875194;26,5505,0.888372
26,29253;64,23215,0.992248;18,3095,0.899225;23,4788,0.967442;24,4453,0.876744;24,5214,0.892248
28,31304;66,23668,0.999225;20,3557,0.918605;25,5722,0.97907;28,5169,0.886822;28,6119,0.897674
27,30438;64,23861,0.996124;16,3277,0.925581;23,5119,0.977519;25,4590,0.877519;26,5615,0.9
28,31477;62,23453,0.991473;20,3777,0.945736;26,5920,0.982946;28,5243,0.883721;28,6049,0.891473
27,30540;64,22996,0.995349;16,3243,0.924031;22,4910,0.972868;24,4545,0.881395;26,5608,0.892248
28,31173;66,23332,0.99845;18,3540,0.930233;26,5787,0.977519;28,5198,0.873643;29,6004,0.889147
27,30632;71,23701,0.982946;18,3459,0.951938;23,5220,0.974419;25,4734,0.871318;26,5406,0.890698
40,30306;71,23822,0.996899;17,3072,0.906977;23,5163,0.977519;17,4524,0.871318;22,5558,0.890698
28,31206;71,23561,0.99845;19,3613,0.912403;25,5844,0.977519;27,5108,0.882946;28,6055,0.893798
26,29458;70,22931,0.996899;17,3209,0.921705;22,4870,0.965891;22,4221,0.9;24,5293,0.912403
28,30831;72,24191,0.99845;17,3360,0.912403;23,5563,0.95814;24,4636,0.907752;43,5483,0.918605
28,30822;70,23459,0.997674;17,3363,0.925581;39,5406,0.968992;26,4690,0.906977;27,5460,0.910078
28,31142;72,23492,0.984496;17,3348,0.933333;24,5525,0.975969;26,4827,0.882171;26,5602,0.897674
28,30611;71,23694,0.99845;16,3007,0.903101;23,5065,0.966667;23,4343,0.864341;24,5161,0.882946
28,31366;71,23675,0.99845;16,3161,0.885271;23,5626,0.973643;26,4934,0.872093;26,5561,0.885271
28,31237;76,23543,0.995349;21,3234,0.90155;24,5373,0.988372;26,4832,0.875969;28,5701,0.892248
27,29924;62,22748,0.996899;16,3004,0.913953;22,4483,0.976744;21,4003,0.882946;23,4949,0.9
28,31192;72,23270,0.997674;17,3274,0.910078;23,5168,0.97907;24,4806,0.889147;26,5481,0.897674
28,30946;73,23837,0.999225;17,3310,0.922481;23,5214,0.978295;24,4517,0.881395;25,5189,0.889147
26,28908;72,24044,0.999225;18,3279,0.912403;23,4992,0.975194;25,4587,0.888372;24,5200,0.89845
28,31204;72,23495,0.992248;18,3366,0.915504;28,5645,0.971318;26,4615,0.885271;26,5395,0.903101
28,30608;69,24216,1;18,3191,0.914729;23,4815,0.983721;23,4365,0.889147;25,5303,0.905426
28,31262;70,23210,0.999225;19,3358,0.93876;23,5282,0.988372;16,4561,0.888372;16,5327,0.908527
27,29698;69,22688,0.99845;15,2919,0.948062;20,4668,0.983721;22,4249,0.887597;23,5087,0.904651
27,29587;70,23504,0.99845;17,2765,0.910078;20,4554,0.983721;22,4037,0.892248;23,4877,0.910078
28,31236;70,23051,0.999225;18,3096,0.922481;24,5389,0.95814;26,4728,0.888372;27,5683,0.893798
27,30265;71,23293,0.997674;17,3128,0.922481;23,5333,0.977519;23,4280,0.875969;24,5273,0.899225
28,31507;70,23647,0.996124;18,3460,0.935659;16,5473,0.976744;24,4771,0.855814;27,5593,0.886822
27,30120;70,23176,0.991473;17,3160,0.926357;23,5179,0.970543;24,4451,0.823256;25,5289,0.878295
26,29410;68,22840,0.993023;11,2553,0.893798;21,4543,0.965116;22,4246,0.851938;22,4673,0.875194
28,30919;72,23515,1;19,3546,0.930233;25,5765,0.969767;26,4773,0.871318;26,5458,0.881395
28,30944;69,22836,0.996124;19,3106,0.913953;22,4757,0.963566;23,4334,0.873643;25,5247,0.886047
27,30178;69,22836,0.997674;19,3322,0.913178;22,4922,0.95969;24,4490,0.860465;26,5561,0.89845
28,30944;70,23416,0.999225;21,3869,0.930233;26,5645,0.972868;27,4934,0.890698;26,5567,0.909302
27,30362;74,22935,0.99845;16,3071,0.927907;22,4905,0.977519;22,4127,0.881395;24,5013,0.89845
27,30524;72,23314,0.996124;16,2980,0.921705;20,4714,0.971318;21,4163,0.872868;23,5123,0.894574
27,30185;71,23049,0.977519;15,2894,0.920155;19,4404,0.965891;21,4195,0.882946;23,4972,0.896124
28,31308;64,23800,0.994574;15,3076,0.889922;25,5101,0.966667;26,4750,0.875194;28,5673,0.9
27,30534;69,23106,0.996899;15,2805,0.906977;20,4519,0.958915;21,4007,0.872868;23,4827,0.886822
27,30505;71,23312,0.993798;18,3384,0.913953;33,5237,0.962791;24,4555,0.87907;24,5131,0.892248
28,30991;70,23062,0.993023;18,3009,0.913953;23,4878,0.952713;23,4341,0.875969;25,5322,0.890698
27,29505;71,23196,0.999225;19,3112,0.911628;24,5317,0.982171;23,4426,0.857364;25,5343,0.888372
27,30163;76,23630,0.99845;18,2877,0.871318;23,4795,0.973643;23,4443,0.871318;23,5094,0.889147
27,30517;70,23116,0.98062;18,3293,0.908527;22,5312,0.962791;23,4473,0.866667;23,4971,0.885271
27,29680;69,23029,1;15,2728,0.899225;20,4452,0.971318;22,4185,0.868992;22,4718,0.9
27,29874;70,23123,0.989922;17,3270,0.924031;24,5341,0.970543;23,4422,0.855039;25,5434,0.905426
28,30862;64,23467,1;18,3436,0.927907;25,5463,0.982171;26,5020,0.862016;26,5579,0.899225
27,30674;64,23668,0.99845;16,3131,0.939535;24,5239,0.989147;26,4849,0.887597;25,5392,0.891473
28,30868;64,23583,0.999225;18,3419,0.923256;23,5300,0.971318;27,5020,0.877519;26,5727,0.872093
27,30567;64,23614,0.997674;18,3289,0.911628;22,5147,0.968217;24,4547,0.879845;25,5438,0.887597
28,30946;62,22877,0.994574;16,2947,0.927907;19,4589,0.965116;21,4105,0.886822;24,5053,0.887597
27,30130;62,22862,0.999225;19,3150,0.917054;26,4909,0.954264;23,4389,0.879845;24,5064,0.877519
27,29939;64,23242,0.99845;16,3033,0.927907;21,4625,0.962016;21,4122,0.882171;27,4765,0.872868
27,30830;63,23557,0.989922;18,3260,0.930233;22,4866,0.96124;20,4066,0.866667;23,5104,0.881395
28,30895;63,23230,0.982171;16,3174,0.905426;24,5580,0.973643;24,4561,0.851163;26,5481,0.868992
35,30830;64,23942,0.99845;16,3092,0.903876;23,5291,0.982946;24,4641,0.860465;24,5183,0.876744
28,28806;64,23561,0.99845;18,3367,0.921705;22,5072,0.975969;24,4428,0.884496;22,4802,0.878295
29,30161;62,23095,0.995349;16,2995,0.87907;24,5390,0.962016;25,4836,0.889147;26,5509,0.886047
42,30580;64,23707,0.995349;18,3137,0.878295;23,5207,0.96124;26,4814,0.874419;39,5578,0.876744
26,29617;62,23069,0.996124;16,3056,0.909302;21,4771,0.974419;21,4110,0.874419;24,4863,0.873643
29,31796;65,24290,0.997674;18,3406,0.921705;25,5874,0.976744;26,4800,0.868992;27,5803,0.883721
27,30489;64,23755,0.988372;16,3128,0.892248;24,5324,0.975194;22,4306,0.851163;23,5144,0.870543
27,30598;65,23837,0.990698;17,3329,0.914729;21,4977,0.975194;23,4290,0.853488;23,5017,0.878295
31,31467;64,23720,0.999225;17,3520,0.936434;24,5685,0.975194;26,4896,0.873643;27,5745,0.893798
27,30508;64,23777,0.997674;17,3307,0.93876;23,5276,0.977519;23,4392,0.88062;24,5114,0.887597
28,31004;72,23747,0.99845;18,3541,0.932558;25,5722,0.982171;26,4724,0.885271;29,5597,0.884496
28,30929;69,23223,0.993798;17,3038,0.926357;22,4963,0.979845;23,4370,0.875194;23,5092,0.875194
28,30893;71,23712,1;18,3107,0.914729;24,5378,0.973643;26,4780,0.85814;26,5350,0.874419
28,31570;72,23574,0.996124;20,3435,0.920155;24,5250,0.962791;26,4882,0.886822;28,5620,0.899225
28,31346;69,23628,0.994574;13,3313,0.917829;24,5433,0.966667;27,5050,0.882946;26,5450,0.893023
27,30181;70,23372,1;19,3560,0.942636;24,5357,0.972093;28,4820,0.890698;27,5419,0.902326
28,31384;71,23028,0.992248;18,3239,0.946512;19,4787,0.975969;21,4484,0.867442;26,5482,0.889922
27,30152;73,23225,0.990698;17,3075,0.923256;22,5016,0.966667;23,4219,0.851938;25,5192,0.877519
28,31171;62,23011,0.992248;18,3273,0.915504;24,5221,0.974419;25,4606,0.855814;27,5405,0.884496
28,30832;72,23859,0.99845;19,3298,0.913178;24,5495,0.977519;24,4794,0.867442;25,5737,0.884496
26,29234;71,24166,0.997674;15,2953,0.903876;24,5145,0.982946;23,4388,0.854264;24,5230,0.889922
28,31408;69,22873,0.993023;17,3237,0.908527;24,5387,0.988372;24,4607,0.842636;25,5337,0.879845
27,30521;72,23456,0.996124;17,3045,0.856589;23,5243,0.964341;27,4813,0.870543;25,5334,0.897674
28,31552;72,24226,0.996124;18,3438,0.882171;26,5821,0.983721;27,5061,0.863566;26,5807,0.886822
28,30741;72,23809,0.989147;17,3149,0.913178;24,5216,0.976744;26,4658,0.877519;27,5410,0.896899
27,30644;75,23828,0.996124;19,3394,0.908527;23,5457,0.981395;24,4484,0.872868;24,5335,0.90155
27,30271;72,24443,0.989147;17,3493,0.912403;23,5663,0.984496;25,4648,0.875969;26,5417,0.894574
28,31391;64,23644,0.993023;18,3471,0.921705;23,5270,0.976744;25,4730,0.875194;28,5879,0.896899
28,31324;66,22790,0.990698;19,3337,0.937209;23,5000,0.975194;24,4570,0.877519;25,5407,0.900775
28,31125;72,23680,0.999225;19,3276,0.895349;24,5398,0.95814;24,4649,0.879845;26,5449,0.897674
27,30651;71,23203,0.997674;17,3441,0.913178;24,5389,0.970543;25,4655,0.865891;26,5462,0.885271
26,29640;71,23302,0.99845;17,3141,0.917054;20,4542,0.969767;26,4260,0.877519;22,4783,0.893798
26,29683;73,23618,0.990698;17,2946,0.927907;24,4877,0.972868;22,4251,0.877519;24,5020,0.893798
27,30809;71,23429,0.993023;17,2947,0.910078;23,4807,0.975969;22,4116,0.86124;23,5005,0.877519
27,30910;70,23271,0.996899;16,3167,0.906977;22,4859,0.964341;24,4465,0.852713;25,5211,0.883721
27,30932;73,23490,0.982171;19,3086,0.892248;23,5003,0.974419;25,4521,0.872868;25,5302,0.891473
27,30199;73,23068,0.986822;17,3011,0.910078;22,4558,0.962791;22,4133,0.879845;24,4856,0.893023
35,30601;72,23632,0.996124;16,3037,0.908527;21,5015,0.962791;22,4272,0.882171;23,5098,0.893798
29,31277;69,23266,0.999225;18,3412,0.897674;23,5233,0.968217;24,4457,0.874419;25,5351,0.894574
29,30375;73,24056,0.999225;18,3304,0.912403;22,4883,0.963566;24,4323,0.863566;25,5112,0.897674
29,30810;73,24007,0.99845;20,3205,0.924031;22,4760,0.962791;23,4375,0.871318;23,4999,0.894574
29,30553;70,23571,0.995349;17,3026,0.931008;24,4706,0.936434;23,4331,0.879845;24,5067,0.892248
29,30897;74,23887,0.999225;16,3091,0.921705;23,5181,0.945736;24,4431,0.883721;25,5187,0.896899
29,30947;67,23078,0.983721;18,3428,0.93876;25,5445,0.96124;26,4847,0.9;26,5299,0.885271
28,30038;52,23121,0.996899;17,3122,0.910078;23,5119,0.965116;25,4679,0.886047;25,5067,0.9
29,30901;68,22914,0.993023;19,3463,0.920155;24,5293,0.979845;26,4742,0.882946;27,5513,0.885271
30,30825;66,23687,0.990698;17,3115,0.923256;23,5132,0.968217;23,4357,0.868217;23,5153,0.87907
28,30350;70,23097,0.988372;16,2860,0.909302;21,4736,0.95969;22,4147,0.866667;23,4935,0.877519
30,31431;71,23328,0.991473;17,3088,0.926357;22,4955,0.949612;22,4347,0.852713;24,5284,0.88062
30,31911;70,23296,0.999225;19,3703,0.931783;25,5929,0.981395;27,5138,0.889147;27,5780,0.886822
29,30331;56,22747,0.996124;18,3297,0.936434;22,4865,0.962791;23,4332,0.884496;25,5367,0.889922
29,30150;75,23369,0.997674;18,3180,0.941085;22,5068,0.975194;22,4325,0.890698;22,4929,0.888372
27,28973;71,23492,0.999225;19,3149,0.917829;23,4947,0.976744;24,4316,0.889147;24,4833,0.897674
29,30649;68,23009,1;20,3305,0.942636;25,5173,0.958915;26,4520,0.882171;25,5214,0.891473
30,31709;69,23478,0.99845;18,3338,0.928682;26,5947,0.976744;26,4694,0.884496;27,5670,0.886047
29,30690;83,23639,0.999225;19,3176,0.904651;24,5224,0.970543;25,4442,0.881395;25,5192,0.894574
28,29939;74,24369,1;17,3005,0.889922;24,4985,0.95969;23,4324,0.869767;24,5057,0.893023
28,29938;54,23709,0.997674;17,3284,0.899225;22,5180,0.966667;22,4292,0.872868;23,5092,0.884496
29,31229;71,23560,0.993023;17,3422,0.920155;24,5506,0.979845;24,4673,0.867442;27,5740,0.88062
33,30357;71,23208,0.989922;17,3221,0.924806;23,5363,0.983721;25,4762,0.884496;25,5525,0.893798
29,30623;65,23535,0.999225;17,3287,0.912403;24,5317,0.978295;25,4703,0.870543;26,5688,0.889147
29,30764;71,23308,0.987597;18,3532,0.910853;23,5388,0.967442;27,5039,0.892248;25,5498,0.905426
28,30002;73,23681,0.99845;18,3277,0.905426;35,5301,0.965116;24,4464,0.888372;25,5513,0.908527
27,29029;77,23174,0.99845;21,2898,0.929457;21,4389,0.965891;22,4124,0.869767;22,4711,0.902326
29,30390;48,23903,0.993798;17,3257,0.930233;24,5364,0.965891;25,4575,0.869767;25,5410,0.900775
28,30353;69,23161,0.999225;18,2895,0.91938;22,4734,0.97907;23,4248,0.893023;23,4926,0.905426
28,29212;71,23325,0.986822;16,3048,0.895349;23,5185,0.965116;21,4222,0.890698;23,5063,0.908527
29,30747;71,23865,0.993798;18,3564,0.931008;23,5116,0.971318;24,4512,0.889922;25,5466,0.905426
29,30421;69,23182,0.996124;20,3365,0.91938;23,5237,0.976744;26,4674,0.894574;28,5599,0.900775
30,31480;71,23544,0.994574;19,3485,0.94031;24,5122,0.972868;26,4818,0.903101;25,5245,0.893798
31,29886;71,23534,0.991473;17,3136,0.939535;21,4611,0.978295;22,4236,0.889147;22,4938,0.90155
28,30558;68,22914,0.994574;16,2937,0.925581;21,4761,0.98062;23,4319,0.881395;24,5096,0.889147
28,29299;71,23547,0.99845;17,2899,0.911628;21,4703,0.98062;22,4312,0.875194;23,5130,0.886822
29,30719;71,23837,0.996124;19,3334,0.916279;23,5029,0.975969;26,4816,0.886047;25,5441,0.889922
28,29486;73,24326,0.997674;16,2972,0.904651;22,4716,0.972868;24,4525,0.866667;25,5359,0.893023
29,31170;73,23994,0.995349;19,3419,0.916279;25,5392,0.968217;26,4916,0.855814;27,5726,0.873643
28,29225;72,23028,0.994574;18,3072,0.905426;21,4827,0.964341;23,4293,0.832558;23,4996,0.881395
28,30010;69,23012,0.999225;16,2888,0.906202;22,4588,0.976744;20,3907,0.835659;22,4836,0.888372
29,30347;77,23337,0.992248;17,3212,0.94186;23,5074,0.969767;26,4819,0.868992;24,5176,0.876744
29,30811;70,23274,0.997674;17,3011,0.930233;22,5185,0.964341;24,4656,0.875194;24,5337,0.87907
29,30122;63,23034,0.99845;17,2952,0.924031;21,4778,0.963566;22,4362,0.881395;24,5110,0.888372
30,31072;71,23143,0.989922;17,3360,0.935659;25,5372,0.963566;27,4821,0.879845;26,5307,0.893798
30,31298;70,22868,0.994574;18,3118,0.926357;21,4916,0.955814;25,4805,0.875194;28,5735,0.890698
28,30293;69,23109,0.996124;17,2989,0.922481;22,4844,0.957364;23,4309,0.873643;24,4922,0.90155
28,30350;89,23905,0.997674;15,3098,0.94186;21,5017,0.970543;23,4507,0.882946;24,5083,0.895349
30,31185;84,23534,0.996899;20,3705,0.931783;26,5800,0.974419;27,5068,0.887597;28,5899,0.892248
30,31728;71,23636,0.993798;17,3403,0.937209;24,5234,0.971318;25,4729,0.882946;25,5502,0.886822
29,30464;69,23470,0.996899;19,3216,0.923256;24,5289,0.967442;24,4584,0.885271;25,5354,0.893798
28,29860;69,23392,1;16,2930,0.91938;21,4843,0.972093;24,4339,0.87907;28,5159,0.895349
28,29752;76,23330,0.993023;18,3089,0.915504;20,4815,0.974419;23,4293,0.876744;24,5169,0.888372
29,30432;63,23365,0.995349;16,3153,0.903876;20,5005,0.962016;25,4608,0.871318;26,5530,0.88062
30,29777;64,23785,0.99845;18,3309,0.917829;21,4923,0.968992;29,4419,0.882171;24,4850,0.879845
33,30540;71,23679,0.991473;23,3207,0.927907;22,5042,0.982171;24,4573,0.872868;25,5395,0.876744
28,29947;71,23743,0.996899;19,3320,0.931783;24,5352,0.982946;26,4788,0.88062;26,5586,0.870543
29,30742;69,23258,0.994574;28,3245,0.933333;22,5100,0.975194;24,4375,0.872868;27,5489,0.875969
27,29551;75,24180,0.996124;17,3094,0.941085;21,4482,0.953488;29,4142,0.875194;22,4676,0.882946
29,30648;83,23941,0.99845;18,3261,0.942636;23,5091,0.934884;23,4451,0.870543;25,5403,0.884496
28,30345;71,23422,0.989922;22,2980,0.922481;22,5047,0.943411;24,4474,0.867442;25,5483,0.890698
28,30223;71,23646,0.995349;17,3085,0.931008;22,5040,0.953488;26,4801,0.855814;25,5357,0.88062
29,31091;69,22793,0.997674;19,2834,0.943411;21,4850,0.969767;22,4275,0.871318;23,4998,0.87907
28,30217;73,23692,0.997674;17,2993,0.92093;23,4828,0.973643;23,4508,0.886047;26,5377,0.889147
30,31661;70,22955,0.982946;16,2937,0.921705;24,4965,0.967442;25,4690,0.87907;29,5337,0.888372
38,30010;87,23042,0.993023;17,2868,0.929457;22,4589,0.95969;21,4142,0.878295;22,4645,0.889922
30,31473;70,22922,0.996124;17,3333,0.914729;25,5600,0.978295;25,4735,0.874419;27,5596,0.889922
29,30558;70,23084,0.997674;17,3131,0.929457;25,4868,0.972868;24,4501,0.891473;24,5180,0.893023
30,31819;68,22878,0.995349;16,3168,0.914729;23,5120,0.977519;32,4772,0.876744;28,5701,0.889922
29,29747;59,23582,1;16,2691,0.89845;20,4622,0.98062;22,4153,0.863566;23,5023,0.881395
29,30487;71,23550,0.996899;16,3013,0.889147;22,4956,0.966667;24,4400,0.852713;25,5143,0.874419
29,30800;71,23985,0.995349;19,3430,0.918605;27,5510,0.968992;23,4465,0.846512;25,5795,0.877519
29,30261;71,23514,0.994574;18,3463,0.910078;23,5505,0.962016;26,4713,0.851163;27,5574,0.878295
34,30117;70,23606,0.989922;18,3128,0.939535;22,4851,0.965891;23,4409,0.843411;24,5113,0.870543
28,30371;69,22941,0.996899;16,2946,0.926357;21,4880,0.965116;24,4491,0.865891;24,5162,0.882171
28,31147;70,23475,1;17,3242,0.917829;23,5282,0.965891;25,4801,0.864341;26,5571,0.877519
29,31948;72,23253,0.997674;19,3643,0.94186;25,5650,0.953488;27,5030,0.883721;28,5881,0.869767
28,31038;70,23183,0.990698;16,3019,0.927907;23,5084,0.971318;24,4496,0.88062;26,5381,0.897674
26,29241;71,23300,0.996124;16,3000,0.896124;23,4721,0.934884;24,4321,0.845736;25,5004,0.896124
35,30746;70,23503,0.997674;20,3205,0.891473;24,5309,0.943411;27,4701,0.863566;27,5482,0.887597
30,31354;70,23692,1;20,3520,0.896899;28,5860,0.962791;29,5010,0.879845;30,5922,0.895349
29,30585;70,23770,0.99845;17,2980,0.876744;36,5357,0.986047;23,4449,0.874419;26,5549,0.89845
29,30922;61,23489,0.981395;18,3523,0.916279;27,5798,0.985271;27,4934,0.9;29,5936,0.900775
29,30009;68,22927,0.996124;17,2998,0.899225;22,5031,0.985271;24,4527,0.894574;26,5449,0.895349
29,30890;74,23437,0.994574;18,3416,0.92093;25,5360,0.972093;26,4830,0.875969;27,5657,0.889922
29,30217;60,23177,0.993798;16,3027,0.90155;22,4923,0.955814;24,4415,0.875969;44,5411,0.897674
29,30946;69,23417,0.987597;19,3357,0.892248;24,5465,0.975969;26,4787,0.88062;26,5573,0.894574
29,30954;71,23848,0.982171;18,3336,0.939535;27,5311,0.968217;25,4656,0.885271;25,5449,0.875969
31,31617;71,23372,0.993023;22,3570,0.936434;27,5565,0.978295;26,4872,0.889147;27,5871,0.893023
30,30356;71,23593,0.996124;22,3507,0.950388;23,5266,0.985271;25,4539,0.896124;28,5139,0.9
28,29642;69,23176,0.990698;18,3366,0.939535;24,5448,0.984496;25,4592,0.896124;25,5334,0.908527
29,30386;65,23263,0.99845;19,3333,0.95814;22,5081,0.971318;24,4552,0.89845;24,5156,0.906202
29,30234;72,23219,0.997674;17,3207,0.924806;23,5350,0.991473;24,4464,0.90155;27,5247,0.90155
29,31129;69,23124,1;19,3071,0.92093;23,4699,0.984496;22,4230,0.872093;24,5008,0.90155
28,29852;70,23315,0.995349;16,2896,0.909302;23,4994,0.977519;23,4346,0.865891;24,5120,0.885271
30,31990;69,22830,0.986047;19,3424,0.921705;24,5477,0.981395;26,4884,0.882171;27,5851,0.886047
30,31394;69,23311,0.999225;16,3096,0.896124;24,5494,0.982171;26,4863,0.883721;26,5567,0.886047
29,30282;68,23469,0.996899;18,3221,0.906202;23,5385,0.983721;24,4536,0.876744;26,5240,0.877519
30,30934;69,23143,0.994574;16,3193,0.916279;24,5099,0.976744;23,4413,0.867442;24,5230,0.882171
29,31023;71,23314,0.990698;17,3517,0.902326;24,5379,0.95814;27,5050,0.878295;28,5971,0.896899
30,31363;72,23455,0.996124;18,3315,0.90155;23,5343,0.970543;25,4775,0.878295;25,5451,0.885271
30,31044;69,23011,0.997674;18,3010,0.906977;22,4808,0.95969;25,4473,0.87907;26,5302,0.879845
28,29604;71,23575,0.996899;18,2864,0.918605;20,4271,0.964341;22,3955,0.872093;24,4950,0.860465
30,29916;71,23653,0.997674;17,3061,0.906977;24,4885,0.951938;24,4363,0.858915;25,5178,0.863566
30,31278;71,23906,0.994574;20,3500,0.922481;29,5951,0.968217;28,5038,0.85969;27,5523,0.869767
29,30450;71,23326,0.993798;17,3069,0.899225;24,5221,0.969767;24,4505,0.888372;37,5242,0.893023
30,31587;69,23572,0.996899;19,3733,0.933333;26,5612,0.979845;26,4898,0.886822;28,5730,0.895349
30,31396;75,23790,0.989147;22,3393,0.921705;25,5561,0.960465;24,4639,0.875194;27,5716,0.895349
31,32037;71,24180,0.994574;20,3987,0.943411;26,6148,0.977519;28,5113,0.875194;28,6083,0.888372
30,31115;70,23456,0.99845;18,3287,0.926357;22,5036,0.98062;24,4575,0.87907;25,5324,0.9
29,30146;72,23885,0.991473;17,3306,0.925581;22,5187,0.979845;24,4522,0.865116;26,5433,0.889922
29,30998;70,23332,0.99845;17,3293,0.924031;24,5419,0.97907;26,4752,0.862791;26,5641,0.88062
29,30455;70,23414,1;18,3463,0.923256;25,5493,0.97907;24,4463,0.882946;25,5441,0.896899
29,30210;69,23231,0.989922;18,3296,0.942636;22,5177,0.972868;24,4481,0.872868;26,5247,0.888372
30,31692;71,23045,0.997674;20,3522,0.930233;25,5521,0.972868;25,4627,0.872093;27,5616,0.889147
30,31412;82,23320,0.991473;20,3588,0.927907;24,5223,0.964341;27,5054,0.881395;27,5762,0.882171
29,30854;71,23374,0.991473;23,3091,0.902326;23,5481,0.966667;25,4728,0.886822;26,5475,0.889147
33,30036;71,23728,0.990698;18,3417,0.92093;23,5243,0.965116;24,4594,0.893023;25,5406,0.895349
29,30005;65,23655,0.988372;17,3088,0.935659;23,5304,0.972093;24,4580,0.889922;38,5203,0.897674
30,30922;97,24190,0.989147;19,3518,0.929457;28,5773,0.968992;26,4855,0.889147;26,5586,0.892248
29,29567;70,23480,0.994574;17,3194,0.879845;31,5236,0.982946;25,4614,0.892248;26,5375,0.885271
29,30975;69,23129,0.995349;18,3246,0.890698;24,5108,0.978295;35,4546,0.886822;24,5268,0.884496
29,30391;70,23118,0.997674;18,3381,0.90155;23,5359,0.983721;25,4771,0.906202;27,5731,0.903876
36,29318;72,23634,0.989147;19,3183,0.915504;24,4914,0.98062;22,4098,0.889922;23,4691,0.887597
28,30897;71,23150,0.993023;19,3459,0.930233;24,5379,0.955814;25,4705,0.886047;26,5510,0.889922
28,31147;73,22847,0.994574;19,3429,0.936434;25,5490,0.962016;26,4755,0.875194;27,5730,0.894574
28,31134;67,22593,0.997674;17,3263,0.920155;23,5201,0.968992;25,4799,0.874419;26,5648,0.893798
28,31541;69,22778,0.988372;19,3605,0.928682;26,5776,0.979845;39,4999,0.896124;27,5767,0.902326
27,30221;69,23324,0.993798;17,3252,0.927907;23,5360,0.966667;26,4849,0.881395;26,5494,0.896899
28,31308;71,23365,0.999225;20,3418,0.924806;23,5195,0.974419;26,4860,0.867442;26,5549,0.886822
27,30165;72,24154,0.993023;17,3289,0.931008;21,4992,0.969767;21,4082,0.868217;24,5145,0.892248
28,31404;71,23691,0.989922;17,3289,0.916279;25,5510,0.960465;25,4794,0.866667;27,5798,0.895349
28,30826;71,23733,0.996124;17,3156,0.918605;23,5362,0.964341;23,4472,0.866667;25,5317,0.889922
28,30943;73,23471,1;17,3258,0.931783;22,4739,0.955039;24,4558,0.887597;25,5346,0.893798
27,30577;63,23215,0.995349;16,2998,0.917054;21,4534,0.924031;23,4396,0.872093;25,5327,0.87907
28,31516;61,22892,0.996124;18,3530,0.929457;27,5862,0.971318;28,4925,0.883721;28,5819,0.893023
27,30650;65,24300,0.99845;20,3494,0.948837;23,5270,0.985271;25,4734,0.886047;26,5494,0.884496
28,31436;64,23699,0.999225;17,3408,0.934884;23,5160,0.986047;23,4307,0.889922;24,5306,0.900775
28,30810;80,23159,0.997674;17,3145,0.906977;22,5016,0.965116;22,4365,0.865116;24,5279,0.89845
29,30233;69,23015,0.99845;17,3344,0.935659;24,5268,0.96124;27,4870,0.879845;26,5609,0.884496
29,31168;72,23406,0.987597;17,3234,0.926357;23,5247,0.971318;25,4660,0.881395;26,5399,0.881395
30,31196;64,22800,0.997674;18,3298,0.922481;22,4977,0.965891;23,4430,0.85814;24,5084,0.872868
44,31443;71,23914,0.997674;17,3307,0.912403;23,5038,0.975969;24,4562,0.871318;25,5416,0.872093
30,31159;68,23115,0.996899;18,3229,0.92093;23,5027,0.962016;26,4751,0.862016;26,5464,0.865891
30,31309;70,23238,0.991473;18,3173,0.924031;23,4959,0.968992;24,4458,0.877519;25,5041,0.85814
29,30039;58,22805,0.986047;17,3134,0.913178;25,5426,0.957364;24,4489,0.869767;26,5508,0.874419
30,31352;70,23319,0.989922;18,3175,0.912403;26,5458,0.973643;24,4593,0.851163;27,5725,0.888372
29,31246;72,23946,0.990698;17,3336,0.903101;24,5513,0.976744;26,4809,0.865891;27,5701,0.889147
29,30811;72,23954,0.989922;18,3106,0.907752;22,5002,0.983721;22,4175,0.85969;24,5054,0.876744
29,30928;71,23340,0.987597;18,3203,0.925581;23,5197,0.979845;27,4799,0.870543;28,5617,0.876744
29,31148;75,23316,0.99845;18,3194,0.924031;23,5076,0.971318;25,4713,0.881395;26,5454,0.877519
29,31050;75,23664,0.996899;15,2824,0.913178;22,4796,0.965891;22,4183,0.862791;23,4893,0.863566
29,30159;70,23564,0.99845;18,3233,0.92093;23,4915,0.965891;25,4479,0.852713;26,5258,0.85814
27,29786;70,23300,0.997674;18,3073,0.928682;25,5047,0.948837;23,4286,0.863566;24,5127,0.86124
31,31727;65,23275,0.993023;18,3334,0.92093;25,5597,0.975194;25,4711,0.874419;26,5509,0.879845
29,28585;70,23342,0.997674;20,2651,0.920155;18,3945,0.971318;19,3712,0.886822;21,4457,0.882171
29,30944;62,22751,0.994574;17,3111,0.924806;23,5114,0.974419;23,4345,0.88062;24,5031,0.874419
28,30215;64,22875,0.995349;17,2932,0.905426;21,4901,0.96124;23,4211,0.865891;25,5334,0.877519
29,31318;62,22999,0.995349;17,3069,0.921705;23,5016,0.962791;23,4437,0.871318;24,5151,0.875969
29,30655;74,24060,1;19,2846,0.893023;23,5047,0.95969;23,4464,0.85814;25,5441,0.865891
35,31131;71,23024,0.993023;18,3168,0.905426;23,5127,0.971318;24,4492,0.855814;25,5219,0.868992
26,28674;71,23552,0.993798;16,2813,0.929457;21,4401,0.948062;20,3917,0.855814;22,4668,0.879845
28,30977;69,22953,1;17,3354,0.945736;24,5323,0.962016;23,4437,0.855814;26,5566,0.872868
27,30031;71,23237,0.999225;18,2967,0.935659;20,4469,0.95814;24,4017,0.879845;28,5049,0.891473
27,29871;72,23930,0.99845;16,2858,0.906977;22,4873,0.964341;21,4125,0.851938;23,4997,0.872868
27,30391;70,23380,0.995349;17,3096,0.927907;22,5046,0.965116;24,4485,0.860465;25,5497,0.885271
28,30835;71,23698,0.997674;18,3229,0.906977;23,5463,0.955814;25,4759,0.875969;24,5123,0.878295
35,30373;71,23459,0.992248;19,3282,0.913953;22,5210,0.966667;24,4583,0.878295;24,5081,0.878295
29,30676;70,23426,1;18,3339,0.929457;23,4886,0.951163;23,4601,0.874419;24,5270,0.875194
28,29920;76,23250,0.999225;16,2972,0.89845;23,5245,0.966667;23,4455,0.874419;26,5562,0.882946
30,31314;71,23754,0.989922;17,3321,0.920155;40,5770,0.971318;26,4642,0.875969;26,5585,0.891473
33,29679;73,23757,0.993023;16,2928,0.902326;20,4657,0.953488;22,4163,0.874419;22,4787,0.886822
28,30613;71,23402,0.995349;16,3148,0.91938;23,4956,0.990698;23,4227,0.876744;25,5156,0.89845
27,30340;68,22910,1;16,2930,0.890698;21,4624,0.964341;22,4123,0.879845;22,4715,0.899225
28,31120;90,23133,0.991473;17,3289,0.918605;24,5499,0.977519;24,4695,0.889147;25,5308,0.893023
28,30591;71,23595,0.99845;19,3378,0.927132;24,5578,0.983721;25,4750,0.894574;27,5490,0.900775
36,32084;72,23894,0.995349;20,3578,0.931783;26,5741,0.982946;29,5022,0.878295;30,6012,0.887597
29,30949;71,23752,0.996899;17,3062,0.926357;24,5272,0.975969;25,4646,0.87907;26,5302,0.893798
30,31297;72,23612,0.993798;19,3507,0.951163;22,5165,0.972093;24,4474,0.903101;24,5075,0.899225
29,31011;71,23261,0.991473;19,3212,0.955039;22,5103,0.990698;26,4645,0.907752;26,5418,0.913178
29,30692;72,23486,0.983721;18,3301,0.916279;23,5493,0.988372;25,4698,0.893798;25,5265,0.904651
28,30424;71,23522,1;17,2996,0.932558;21,4673,0.968217;22,4131,0.889147;22,4606,0.887597
29,31539;74,24434,0.991473;18,3347,0.935659;25,5150,0.950388;25,4709,0.876744;25,5472,0.886822
28,28719;70,23008,0.994574;18,3208,0.927907;22,4912,0.963566;23,4282,0.891473;22,4785,0.896124
29,30625;72,23880,0.979845;24,3340,0.912403;24,5018,0.963566;24,4422,0.900775;24,5009,0.896124
42,29806;73,23827,0.985271;16,3196,0.924806;23,4907,0.95969;25,4457,0.886047;23,4955,0.887597
28,29846;71,23457,0.985271;16,2877,0.923256;22,4864,0.985271;23,4348,0.899225;22,4760,0.906202
30,30377;71,23454,0.99845;16,2988,0.905426;22,5016,0.965116;23,4412,0.87907;24,5150,0.9
31,31111;69,23146,0.997674;17,3147,0.91938;22,4943,0.964341;24,4498,0.87907;26,5350,0.903876
28,30224;69,22876,0.99845;16,2971,0.902326;27,5199,0.977519;24,4496,0.875194;25,5161,0.900775
29,31298;70,23047,0.995349;17,3234,0.903876;23,5115,0.975969;25,4733,0.889922;26,5532,0.906202
29,30253;71,23419,0.997674;16,2905,0.89845;21,4648,0.951163;23,4391,0.889147;23,4978,0.890698
30,31163;70,23038,0.997674;20,3696,0.924806;23,5216,0.924031;27,4919,0.893023;26,5563,0.890698
29,30941;71,23318,0.993798;18,3258,0.931783;23,5305,0.936434;22,4290,0.887597;32,5083,0.884496
29,30225;69,23057,0.992248;16,2908,0.904651;23,5365,0.967442;25,4699,0.885271;25,5389,0.899225
30,31124;69,22723,0.99845;19,3481,0.911628;26,5657,0.974419;25,4742,0.889922;26,5428,0.90155
28,29864;70,22795,0.993798;16,2650,0.892248;22,4732,0.970543;22,4295,0.894574;22,4749,0.894574
29,30848;71,23509,0.995349;17,3305,0.912403;24,5511,0.984496;26,4793,0.893798;27,5532,0.895349
29,30508;69,23369,0.989922;18,3225,0.896899;23,4982,0.953488;25,4435,0.882946;25,5105,0.891473
30,30502;75,23163,0.992248;17,3101,0.90155;25,5555,0.988372;22,4138,0.889922;24,4942,0.907752
30,31238;61,23294,0.989147;18,3182,0.903101;22,4800,0.972093;25,4523,0.871318;25,5153,0.889922
29,30139;71,23609,0.993798;18,3135,0.924806;21,4667,0.955814;24,4342,0.868217;25,5022,0.893023
28,29777;68,22925,0.996124;18,3045,0.918605;21,4580,0.951938;23,4142,0.893798;22,4586,0.892248
29,31359;71,23544,0.999225;27,3120,0.916279;20,4438,0.94031;23,4405,0.89845;23,4813,0.896899
29,30070;70,23239,0.996899;16,2930,0.924806;21,4834,0.962016;22,4116,0.886047;22,4691,0.882171
28,31300;76,23224,0.99845;16,3104,0.921705;22,4985,0.945736;22,4352,0.889922;24,5163,0.885271
28,31753;70,23310,0.997674;18,3506,0.893798;24,5285,0.953488;26,4793,0.889922;32,5350,0.874419
27,30640;71,23627,0.999225;17,3224,0.903101;23,5199,0.956589;23,4356,0.886047;24,4983,0.871318
27,30724;69,22760,1;17,2958,0.937209;25,4811,0.979845;23,4356,0.889147;24,5068,0.889147
28,30721;71,23691,0.999225;19,3296,0.941085;23,5166,0.963566;24,4550,0.882946;25,5345,0.888372
28,30956;70,23149,0.999225;17,3238,0.929457;23,5342,0.966667;25,4544,0.878295;30,5484,0.882946
28,30581;48,23099,0.999225;16,3099,0.931783;22,4828,0.979845;22,4209,0.87907;23,4880,0.879845
26,29173;75,23509,1;16,2785,0.917054;21,4475,0.963566;20,3790,0.872093;21,4579,0.88062
28,30737;70,23618,1;16,3020,0.937209;20,4812,0.971318;23,4387,0.866667;25,5321,0.884496
28,31545;71,23554,0.997674;17,3219,0.931783;24,5579,0.982171;35,4605,0.854264;26,5426,0.862016
26,29495;71,23414,0.988372;19,3022,0.886047;22,4904,0.947287;24,4427,0.872093;25,5118,0.85969
29,32183;78,23601,0.987597;16,3072,0.874419;25,5702,0.972093;27,5026,0.876744;26,5628,0.868992
28,31817;68,23564,0.99845;18,3306,0.914729;22,5064,0.988372;25,4663,0.875969;26,5464,0.89845
26,29634;63,23393,0.997674;15,2875,0.928682;21,4645,0.975969;22,4144,0.869767;24,5177,0.89845
26,29547;72,23595,0.996899;17,2886,0.914729;22,4667,0.973643;21,3978,0.855039;22,4783,0.893798
27,30733;57,23790,0.996899;15,2922,0.912403;23,4859,0.97907;34,4392,0.868992;24,5099,0.892248
28,31804;65,22940,0.996899;18,3209,0.911628;24,5189,0.978295;25,4814,0.892248;26,5598,0.891473
28,31860;69,23268,0.999225;18,3336,0.908527;25,5637,0.977519;27,4935,0.886047;26,5573,0.88062
28,31633;70,23249,0.996899;18,3307,0.932558;36,5176,0.973643;23,4338,0.843411;24,5297,0.868992
27,31135;70,23173,0.989147;18,3109,0.921705;23,4980,0.965116;24,4475,0.854264;26,5333,0.870543
27,30684;71,23243,0.986822;17,2898,0.911628;24,5005,0.975969;23,4148,0.849612;25,5199,0.873643
27,30640;71,23916,0.990698;17,3084,0.916279;24,5197,0.972093;25,4617,0.865891;26,5575,0.889922
28,31676;70,23428,0.996899;40,3435,0.905426;23,5275,0.956589;25,4779,0.872868;27,5707,0.889922
27,31061;72,23597,0.996124;18,3137,0.893023;23,5081,0.966667;23,4411,0.85814;25,5334,0.886047
27,31076;77,23825,0.984496;17,3194,0.910853;23,5243,0.982171;25,4745,0.88062;26,5567,0.889147
26,28790;76,23464,0.997674;14,2731,0.916279;21,4402,0.973643;21,4006,0.883721;22,4671,0.889147
27,30161;74,23943,0.997674;15,2807,0.903876;21,4581,0.970543;23,4272,0.896124;30,5006,0.902326
28,31539;70,23305,1;22,3207,0.913953;24,5387,0.974419;25,4975,0.874419;26,5715,0.89845
27,29846;69,23199,0.989147;18,2897,0.893023;20,4798,0.974419;22,4253,0.893023;23,5060,0.903876
28,31115;69,23308,0.985271;33,3280,0.905426;25,5401,0.982946;26,4704,0.887597;26,5339,0.906202
28,31223;72,23602,0.997674;18,3459,0.929457;23,4976,0.970543;26,4652,0.882946;26,5367,0.902326
27,30960;72,23868,1;18,3367,0.924806;26,5442,0.967442;27,4698,0.877519;27,5485,0.89845
26,29467;72,23214,0.993798;18,3063,0.943411;22,4816,0.977519;23,4266,0.876744;23,4830,0.889147
28,31320;73,23945,0.990698;17,3071,0.932558;23,5134,0.979845;23,4527,0.883721;20,5162,0.893023
28,31435;72,23914,0.996899;11,3096,0.934109;22,5124,0.977519;22,4274,0.887597;24,5219,0.886047
27,30738;59,23666,0.99845;17,3260,0.941085;19,4994,0.969767;16,4527,0.884496;23,5235,0.903876
27,30884;71,23412,0.993798;16,3002,0.937209;23,4701,0.977519;22,4124,0.887597;24,4937,0.889922
26,29152;70,23088,0.990698;16,2997,0.929457;22,4903,0.977519;22,4057,0.872093;19,4814,0.881395
28,31026;73,23458,0.989922;19,3213,0.931008;23,5079,0.965891;25,4691,0.864341;26,5499,0.893023
27,30138;64,23748,0.994574;17,3180,0.949612;22,4998,0.981395;23,4318,0.881395;24,5245,0.885271
28,30891;42,23783,0.999225;17,3207,0.934884;25,5054,0.986047;24,4528,0.892248;25,5434,0.899225
27,30024;68,23403,1;16,3085,0.937984;23,5078,0.981395;23,4501,0.890698;25,5311,0.892248
27,30611;71,23656,0.988372;17,3002,0.924806;21,4549,0.979845;21,4186,0.882171;22,4927,0.889922
27,30251;72,23782,0.990698;15,2778,0.920155;20,4174,0.986047;21,3997,0.874419;23,4831,0.886047
27,29949;71,23795,0.999225;19,3308,0.948062;27,4914,0.978295;24,4423,0.875969;25,5213,0.889147
28,31199;69,23020,0.993023;15,2709,0.941085;21,4372,0.97907;22,4232,0.88062;23,4938,0.882171
28,31721;69,23156,0.999225;17,3136,0.918605;23,5156,0.979845;25,4669,0.865116;26,5500,0.872868
27,29681;70,23002,0.996124;16,2982,0.925581;21,4726,0.984496;23,4285,0.871318;23,5091,0.87907
28,31053;73,23749,0.99845;16,2994,0.916279;23,4958,0.982171;22,4260,0.878295;23,5091,0.889922
27,30631;70,22973,0.996899;21,3133,0.933333;22,4914,0.962016;23,4470,0.874419;24,5162,0.885271
28,30894;70,23335,0.996124;18,3201,0.917054;23,5152,0.978295;25,4627,0.875194;24,5329,0.886047
27,30428;70,23679,0.993023;15,2786,0.929457;21,4600,0.968992;21,4163,0.86124;33,4731,0.889922
28,31392;69,23156,0.999225;17,3336,0.936434;24,5415,0.97907;25,4755,0.88062;26,5415,0.900775
28,31111;68,22999,0.996899;16,3056,0.944961;21,4930,0.970543;23,4368,0.88062;23,5055,0.900775
27,30575;71,23534,0.992248;15,2863,0.926357;22,5055,0.981395;23,4496,0.882946;24,5239,0.893798
27,28778;68,22691,0.989147;16,2927,0.911628;22,4921,0.982946;29,4082,0.864341;23,4704,0.887597
28,30731;69,23071,0.995349;17,3197,0.924031;23,5098,0.954264;24,4464,0.847287;48,5364,0.890698
28,30834;71,23094,0.990698;25,3031,0.920155;33,4693,0.963566;23,4164,0.847287;23,4927,0.87907
27,30463;69,23477,1;18,3032,0.913953;23,4935,0.972093;25,4530,0.872868;25,5205,0.876744
28,31380;68,22934,0.993798;19,3050,0.934109;21,4731,0.982171;21,4050,0.872093;23,4830,0.876744
28,30814;85,23110,1;15,3104,0.949612;22,4929,0.984496;22,4202,0.867442;22,4905,0.882946
33,29630;69,23271,0.989922;11,2962,0.948837;22,4898,0.97907;22,4228,0.863566;23,4844,0.868992
27,30366;58,23287,0.996899;15,2929,0.917829;19,4479,0.967442;22,4235,0.865116;24,4990,0.872868
28,31212;75,23877,0.993798;17,3062,0.942636;21,4761,0.977519;22,4206,0.865116;23,4858,0.882946
27,29997;69,22543,0.996899;15,2617,0.918605;20,4275,0.964341;18,3753,0.85814;21,4448,0.885271
27,30355;73,23397,0.98062;15,2945,0.9;22,4859,0.96124;24,4564,0.866667;24,5179,0.896899
28,30657;70,22653,0.992248;17,3081,0.917054;22,4829,0.982171;22,4089,0.865891;23,4947,0.892248
27,30212;72,23374,0.996124;15,2875,0.911628;20,4512,0.975194;19,3650,0.858915;20,4392,0.890698
27,30112;104,23593,0.990698;15,2741,0.920155;20,4602,0.977519;24,4330,0.856589;35,5027,0.884496
27,30590;73,23728,1;16,2850,0.923256;22,4451,0.973643;20,3954,0.862791;21,4756,0.893023
28,30631;70,23236,0.999225;16,2933,0.926357;20,4648,0.982171;20,4227,0.871318;22,4812,0.899225
33,30442;70,23061,1;17,2936,0.926357;19,4449,0.979845;21,4207,0.883721;22,4893,0.893798
27,29750;71,23365,0.996899;15,2863,0.934884;21,4343,0.978295;33,4341,0.875969;23,4960,0.892248
27,30861;72,23211,0.989147;15,2869,0.924806;21,4483,0.972868;21,4132,0.863566;23,5006,0.871318
27,30744;71,23172,0.997674;18,2947,0.908527;23,4983,0.975194;23,4521,0.857364;23,5168,0.872868
31,30414;77,23775,0.996899;17,2950,0.916279;22,4822,0.979845;22,4298,0.852713;24,4844,0.860465
27,30869;70,22995,0.985271;18,3143,0.922481;23,5097,0.972093;25,4780,0.873643;25,5447,0.88062
46,30744;72,23907,0.992248;16,3212,0.931783;21,4720,0.957364;22,4286,0.87907;23,4864,0.882946
27,30321;68,22640,0.991473;15,2676,0.92093;17,4231,0.950388;24,4023,0.851163;26,4942,0.866667
27,30815;73,23869,0.993023;15,2844,0.921705;21,4563,0.949612;21,4225,0.83876;24,5125,0.865116
27,30562;68,22659,0.994574;18,3012,0.92093;22,4748,0.975194;23,4163,0.867442;24,4827,0.863566
27,29657;69,23070,0.986822;17,3046,0.930233;23,4958,0.975194;25,4457,0.882171;23,4911,0.883721
28,31262;72,23285,0.999225;19,3102,0.911628;22,4964,0.965116;24,4566,0.881395;25,5232,0.879845
27,30622;69,22892,0.987597;17,3189,0.924806;19,4524,0.955814;21,4252,0.868992;23,4947,0.886822
26,28772;68,22806,0.999225;13,2400,0.889922;18,3938,0.945736;24,3728,0.851938;19,4316,0.883721
28,30817;70,23169,0.999225;17,2793,0.886047;21,4299,0.94186;21,3922,0.843411;23,4813,0.867442
33,31662;71,23069,0.992248;16,2907,0.927132;23,4950,0.963566;23,4206,0.855814;23,4933,0.88062
27,30749;72,23371,0.990698;22,2815,0.925581;22,4503,0.976744;24,4323,0.871318;23,4932,0.895349
27,30268;71,23050,0.988372;15,2924,0.924806;20,4563,0.970543;22,4281,0.87907;22,4790,0.893023
27,30123;72,23054,0.997674;15,2714,0.932558;22,4290,0.976744;22,4061,0.883721;24,4763,0.895349
26,29210;67,22378,0.990698;16,2825,0.953488;20,4211,0.987597;21,3997,0.886822;21,4518,0.890698
27,30777;72,23192,0.993798;14,2519,0.923256;20,4256,0.977519;21,3871,0.9;22,4461,0.895349
27,30285;67,22585,0.989147;16,2912,0.924031;21,4316,0.967442;22,4114,0.889147;24,4846,0.882946
27,29874;68,22307,0.996124;15,2690,0.92093;20,4300,0.972868;21,3949,0.883721;20,4642,0.889147
28,31501;69,23004,0.995349;16,3026,0.946512;22,4723,0.979845;20,4026,0.875969;21,4759,0.87907
27,30132;69,22856,0.996899;16,2873,0.958915;21,4460,0.972093;20,3895,0.875194;22,4845,0.882946
28,31338;68,22981,0.99845;17,3100,0.921705;22,4898,0.969767;22,4132,0.874419;24,5104,0.877519
27,29969;71,23391,0.982171;16,2805,0.915504;20,4378,0.970543;20,3915,0.886047;28,4587,0.889922
29,30660;69,22715,0.982171;17,2824,0.916279;20,4495,0.960465;21,4173,0.882171;21,4693,0.882171
29,30169;70,23291,0.997674;18,2938,0.927907;21,4701,0.986047;21,4071,0.890698;21,4528,0.888372
29,30040;70,23573,0.992248;15,2630,0.915504;24,4586,0.984496;21,4069,0.900775;23,4851,0.892248
29,30988;71,22866,0.999225;28,2861,0.930233;21,4319,0.981395;21,4046,0.875194;23,4731,0.87907
29,30928;82,23108,0.996899;18,3090,0.934884;25,4913,0.977519;24,4603,0.857364;26,5332,0.865891
29,30430;70,23135,0.969767;17,2866,0.930233;24,4611,0.986047;22,4102,0.865116;24,5011,0.87907
29,30813;71,23563,0.986047;24,2912,0.927132;22,4587,0.976744;22,4220,0.866667;23,4787,0.872093
29,30818;73,23470,0.983721;17,3056,0.944961;21,4731,0.97907;23,4357,0.878295;23,5013,0.881395
29,30696;72,23494,0.993798;15,2705,0.94031;20,4416,0.972093;21,4046,0.874419;21,4573,0.873643
30,31707;69,22804,0.985271;17,2881,0.924031;22,4935,0.979845;23,4375,0.873643;25,5154,0.885271
29,30919;72,23511,0.982946;17,2992,0.922481;20,4505,0.95969;21,4087,0.872093;22,4824,0.872868
29,30176;71,23268,1;15,2841,0.94186;20,4536,0.969767;23,4474,0.876744;23,4966,0.876744
29,30863;68,22636,0.989922;15,3044,0.935659;21,4599,0.983721;21,4156,0.875194;22,4915,0.87907
33,30494;70,23595,0.994574;15,2883,0.924031;20,4585,0.98062;21,4215,0.868217;24,4957,0.87907
33,30664;58,23337,0.99845;17,3081,0.932558;22,4772,0.965116;33,4426,0.875194;24,5160,0.872868
33,30049;70,22926,1;18,2753,0.948837;22,4312,0.983721;20,4041,0.865891;21,4543,0.858915
28,31226;68,22547,0.999225;16,2972,0.958915;22,4742,0.964341;21,4141,0.873643;24,5172,0.882946
28,30867;69,23386,0.996124;15,2845,0.926357;45,4870,0.968992;23,4392,0.851163;25,5226,0.882171
28,30466;71,22917,0.972093;15,2853,0.931008;21,4465,0.968992;22,4283,0.858915;24,5187,0.883721
28,30229;73,23263,0.986047;17,2751,0.948837;19,4262,0.98062;23,4259,0.872868;21,4678,0.873643
28,30901;73,23547,0.984496;18,2924,0.933333;20,4581,0.974419;24,4457,0.877519;25,5178,0.882946
29,30027;70,22824,0.974419;15,2565,0.916279;21,4231,0.975969;22,4133,0.881395;24,4785,0.895349
30,31044;72,23517,0.997674;17,2905,0.953488;21,4373,0.973643;21,4037,0.866667;23,4855,0.892248
30,31590;72,23236,0.995349;19,2853,0.926357;21,4644,0.963566;23,4268,0.862791;25,5317,0.87907
29,31078;68,22204,0.996899;14,2495,0.941085;20,4334,0.975194;21,4113,0.846512;23,4933,0.889147
27,27958;70,23020,0.982171;13,2229,0.955814;17,3621,0.987597;18,3263,0.865116;19,3959,0.876744
32,28415;69,22710,0.993798;14,2219,0.935659;17,3697,0.986047;19,3406,0.857364;19,4072,0.879845
23,24915;70,23300,0.99845;14,1909,0.951938;16,3131,0.986047;15,2701,0.872093;17,3487,0.886822
22,24356;60,22515,0.989922;13,1714,0.948062;18,3002,0.988372;12,2449,0.874419;15,3103,0.886822
19,20965;70,22943,0.993798;9,974,0.924031;12,1979,0.984496;9,1751,0.87907;10,2217,0.892248
19,20659;71,22796,0.996124;15,1176,0.934884;12,2150,0.989922;11,2043,0.868992;12,2489,0.886047
23,18229;77,22822,0.987597;7,779,0.93876;8,1357,0.987597;8,1636,0.882946;8,1903,0.891473
13,13887;71,22946,0.996124;6,642,0.942636;7,1191,0.991473;5,1057,0.878295;6,1417,0.890698
11,11291;69,22751,0.992248;10,531,0.956589;9,866,0.986047;4,746,0.882171;5,991,0.890698
10,10011;72,23338,0.99845;7,418,0.956589;6,631,0.988372;4,783,0.879845;8,902,0.893798
6,6277;68,22524,0.997674;4,303,0.963566;3,421,0.990698;2,546,0.876744;2,618,0.896899
8,8508;71,22761,0.996899;3,317,0.965116;3,460,0.989922;2,440,0.877519;2,672,0.895349
4,4670;72,23116,1;3,199,0.95814;4,367,0.984496;2,453,0.875194;2,578,0.896124
3,3467;70,23087,1;4,174,0.967442;3,161,0.986047;1,194,0.881395;1,266,0.896899
4,4176;55,22903,0.994574;2,129,0.969767;2,166,0.984496;1,200,0.881395;1,285,0.896899
2,2240;68,22767,0.997674;1,78,0.968217;3,229,0.986047;0,134,0.88062;1,197,0.896124
2,1994;64,23046,0.994574;2,73,0.969767;2,131,0.985271;1,149,0.87907;1,193,0.894574
