28,33153;118,24491,0.996124;69,11410,0.948837;90,16271,0.989147;117,12560,0.949612;105,14246,0.984496
27,33363;119,24722,0.994574;54,7253,0.905426;68,11372,0.975969;84,8921,0.920155;79,10583,0.944961
29,33367;122,25407,0.995349;49,7198,0.877519;70,11732,0.975194;81,8901,0.88062;84,10978,0.930233
30,33397;121,25142,0.995349;52,7516,0.904651;75,12302,0.984496;86,9393,0.842636;87,11560,0.934109
30,33414;116,24411,0.982946;51,7535,0.890698;72,11803,0.967442;85,9105,0.85814;87,11511,0.914729
30,33403;118,24725,0.988372;53,7671,0.878295;72,11796,0.952713;92,9734,0.874419;87,11555,0.926357
28,33346;119,24753,0.986822;51,7501,0.893023;69,11563,0.962791;88,9261,0.864341;81,10728,0.917829
28,33424;122,25684,0.983721;56,7998,0.885271;75,12685,0.972093;88,9362,0.895349;89,11890,0.915504
28,33456;122,25920,0.989147;58,8222,0.889147;73,12668,0.968217;92,9793,0.899225;93,12366,0.934884
28,33433;119,25193,0.993023;56,8039,0.904651;75,12173,0.969767;92,9851,0.899225;85,11533,0.937984
28,33415;122,25594,0.997674;53,7904,0.899225;74,12573,0.965116;88,9682,0.910078;86,11513,0.947287
28,33410;119,25174,0.986047;54,7969,0.893023;74,12414,0.956589;93,9812,0.910078;86,11494,0.946512
28,33414;119,25149,0.979845;55,8090,0.905426;75,12443,0.968992;88,9557,0.900775;87,11576,0.930233
28,33434;118,24812,0.982171;55,8059,0.88062;76,12859,0.968217;89,9624,0.860465;87,11759,0.93876
33,33355;118,25184,0.986047;55,7841,0.889922;70,11843,0.969767;89,9538,0.890698;88,11757,0.946512
28,33414;117,24296,0.984496;58,7981,0.916279;72,12093,0.971318;94,9953,0.883721;84,11273,0.935659
28,33435;120,25156,0.991473;54,7772,0.872093;73,12445,0.966667;91,9690,0.899225;85,11442,0.924806
28,33424;121,25305,0.996899;54,7854,0.921705;73,12385,0.968992;91,9724,0.926357;87,11586,0.94031
28,33417;119,25401,0.993023;53,7800,0.90155;77,12682,0.971318;91,9801,0.917829;90,11793,0.931783
28,33377;120,25212,0.982946;53,7729,0.894574;70,11711,0.952713;87,9469,0.896124;82,10943,0.944961
28,33378;118,24991,0.992248;54,7901,0.909302;73,12139,0.941085;92,9812,0.90155;89,11851,0.928682
28,33406;122,25963,0.993023;55,7861,0.892248;74,12597,0.972868;93,9780,0.883721;86,11486,0.937984
28,33442;120,25065,0.992248;55,7774,0.879845;73,12450,0.977519;94,9868,0.882171;89,11697,0.934884
28,33403;119,25178,0.989147;52,7670,0.903876;73,12272,0.976744;90,9442,0.868992;88,11675,0.927132
28,33361;120,25371,0.991473;53,7743,0.910853;71,11848,0.964341;84,8974,0.849612;87,11677,0.921705
28,33435;119,24653,0.992248;54,7730,0.90155;74,12092,0.967442;89,9673,0.873643;81,10800,0.90155
28,33351;118,24751,0.991473;54,7570,0.906202;69,11413,0.973643;93,9794,0.872868;85,11447,0.913178
28,33355;118,24778,0.986822;51,7573,0.889147;69,11732,0.975969;86,9272,0.873643;86,11369,0.918605
28,33417;121,25596,0.996124;53,7587,0.894574;71,12049,0.968992;94,9853,0.872868;86,11546,0.917054
28,33369;121,25390,0.997674;50,7486,0.877519;72,12065,0.965891;87,9400,0.862016;86,11530,0.896124
33,33418;121,25486,0.996124;54,7903,0.900775;73,12169,0.970543;92,9571,0.875194;90,11975,0.913178
31,33408;121,25644,0.994574;54,8133,0.900775;74,12620,0.963566;99,10264,0.883721;92,12267,0.913953
29,33423;119,24980,0.986822;53,7858,0.895349;74,12236,0.966667;93,9808,0.875969;91,12096,0.926357
28,33391;118,24875,0.981395;57,8083,0.9;75,12388,0.967442;93,9840,0.869767;91,12174,0.927907
28,33405;120,25430,0.993798;56,7821,0.866667;76,12423,0.958915;89,9503,0.81938;91,12127,0.934884
28,33411;117,24769,0.989922;52,7690,0.9;71,11937,0.965891;93,9764,0.887597;90,12006,0.955039
29,33415;117,24772,0.990698;55,7907,0.910078;72,12274,0.964341;99,10096,0.899225;88,11661,0.944186
29,33418;120,25126,0.986822;56,8161,0.888372;71,12130,0.968992;90,9565,0.904651;93,12351,0.946512
29,33431;120,25135,0.989147;57,7797,0.883721;74,12375,0.951163;98,10442,0.907752;89,11711,0.943411
28,33419;120,25362,0.989922;56,8186,0.906202;73,12395,0.983721;89,9491,0.887597;86,11414,0.937984
28,33419;115,24346,0.993798;55,7994,0.889147;74,12407,0.979845;90,9607,0.882946;90,11957,0.944961
28,33407;117,24432,0.989147;54,7794,0.902326;73,11987,0.976744;83,8898,0.897674;84,11131,0.924031
28,33428;118,25030,0.991473;53,7931,0.902326;76,12652,0.968217;92,9593,0.903101;89,11810,0.937209
28,33437;120,25131,0.989147;53,7720,0.902326;74,11874,0.957364;88,9498,0.903876;84,11092,0.931008
28,33385;116,24692,0.988372;53,7420,0.889922;72,11891,0.972093;81,8959,0.894574;82,10865,0.924806
29,33398;120,24781,0.992248;53,7429,0.915504;69,11167,0.947287;87,9377,0.894574;83,11171,0.929457
28,33419;120,24982,0.987597;55,7630,0.892248;74,12211,0.968992;87,9407,0.906977;83,10938,0.931783
29,33371;119,25076,0.989147;50,7342,0.883721;72,12330,0.975194;88,9260,0.844961;87,11560,0.932558
28,33430;118,24852,0.993023;53,7646,0.909302;71,12001,0.95814;90,9702,0.90155;89,11782,0.934884
28,33375;119,24806,0.989922;50,7202,0.886822;68,11366,0.967442;85,9305,0.879845;81,10707,0.927907
29,33353;118,24648,0.996899;53,7539,0.886822;70,11700,0.962791;88,9586,0.887597;83,11132,0.933333
29,33354;122,25523,0.99845;50,7276,0.89845;69,11320,0.953488;83,9010,0.903876;79,10447,0.906202
28,33356;119,25315,0.984496;53,7454,0.896899;71,12155,0.975194;89,9347,0.896899;86,11389,0.924031
29,33404;119,24923,0.990698;57,7800,0.930233;69,11724,0.964341;90,9635,0.903876;87,11661,0.94186
29,33414;118,24828,0.989147;51,7561,0.904651;71,11971,0.974419;82,8971,0.893798;83,11038,0.930233
29,33395;122,25741,0.983721;54,7932,0.931783;72,12231,0.965891;84,9144,0.886822;82,11053,0.937209
29,33400;120,25229,0.990698;54,7565,0.909302;70,11706,0.973643;88,9519,0.913178;85,11422,0.954264
29,33415;121,25302,0.996124;54,7825,0.917829;78,12203,0.973643;84,9115,0.887597;85,11317,0.931008
29,33409;121,25367,0.992248;56,8116,0.89845;73,12358,0.972093;90,9695,0.905426;86,11491,0.94031
29,33374;116,24437,0.982171;52,7391,0.910078;66,11236,0.97907;80,8847,0.889147;83,10953,0.924806
29,33414;119,25047,0.987597;52,7627,0.906977;74,12463,0.954264;88,9511,0.884496;85,11412,0.95969
28,33405;121,25409,0.993798;52,7701,0.921705;71,11872,0.976744;87,9477,0.908527;81,10958,0.925581
29,33271;119,24645,0.981395;50,7274,0.897674;66,11079,0.970543;79,8771,0.885271;79,10476,0.927132
29,33360;120,25045,0.992248;51,7482,0.916279;67,11374,0.974419;81,8981,0.885271;80,10752,0.931008
29,33375;117,24362,0.996899;51,7441,0.929457;69,11405,0.966667;80,8852,0.884496;80,10874,0.928682
29,33384;120,24915,0.997674;50,7426,0.920155;72,11738,0.975969;79,8747,0.886047;80,10716,0.928682
29,33371;120,24886,0.995349;48,6909,0.909302;65,10927,0.960465;83,8740,0.890698;81,10950,0.94031
28,33340;123,25430,0.997674;51,7126,0.888372;66,11051,0.972093;84,9090,0.876744;83,11013,0.928682
29,33316;120,24734,0.988372;52,7020,0.890698;66,10966,0.975194;79,8665,0.906202;81,10852,0.91938
28,33026;118,24728,0.997674;37,5342,0.913953;51,8497,0.956589;64,7196,0.878295;67,9140,0.906977
27,30933;119,24607,0.997674;30,3875,0.931783;40,6246,0.972868;46,5257,0.874419;48,6585,0.899225
24,27952;120,25022,0.999225;23,2741,0.930233;31,4637,0.975969;32,3700,0.882946;38,5271,0.906202
23,26525;118,24605,0.992248;21,2270,0.95969;24,3221,0.979845;23,2832,0.873643;28,3918,0.896124
15,17886;122,25136,0.997674;12,999,0.944186;17,1771,0.977519;12,1492,0.876744;13,1987,0.903876
9,10853;117,24056,0.996899;11,605,0.944961;11,1106,0.976744;8,998,0.868217;9,1254,0.894574
5,6497;118,24695,0.995349;6,298,0.941085;9,654,0.970543;4,507,0.867442;5,806,0.895349
3,3457;118,24273,0.979845;4,96,0.944961;7,250,0.976744;2,238,0.871318;3,394,0.9
1,1258;120,24729,0.992248;5,113,0.950388;6,161,0.975969;1,189,0.872093;2,273,0.899225
