47,33153;259,66924,1;76,12409,0.979457;90,15979,0.996124;156,12406,0.993411;139,15946,0.999225
43,32254;253,65471,1;48,4386,0.95155;62,6801,0.992636;83,6589,0.956977;96,10619,0.964341
44,32338;280,66649,1;44,4362,0.946512;65,6572,0.983721;82,6530,0.94845;83,10264,0.95814
43,32237;268,67693,1;48,4346,0.96124;61,6858,0.989147;85,6598,0.936434;93,10527,0.948062
44,32383;289,68407,1;50,4510,0.953488;59,6975,0.990698;87,6711,0.94031;95,10720,0.945736
42,32143;288,68301,1;42,4019,0.926357;56,6734,0.988372;83,6537,0.932558;91,10398,0.937597
43,32343;286,67880,1;45,4594,0.952713;60,6809,0.994186;82,6439,0.923643;91,10358,0.93062
43,32181;274,67461,1;45,4148,0.935271;57,6564,0.982946;85,6626,0.921318;89,10181,0.934109
42,31937;265,68169,0.999612;47,4246,0.948837;56,6751,0.992248;84,6422,0.922481;88,9982,0.933333
43,31889;262,66848,1;55,4691,0.945349;62,7119,0.985659;83,6207,0.924806;92,10050,0.93062
49,32275;263,66254,1;58,4585,0.952713;59,7349,0.986434;82,6450,0.914729;94,10825,0.921705
46,32356;283,66899,1;42,4411,0.948062;60,7471,0.98876;91,6888,0.910078;98,10988,0.926744
44,32289;283,67043,1;55,4928,0.955039;64,7841,0.992248;93,6983,0.914729;101,11310,0.930233
46,32442;274,67131,1;49,4770,0.955426;61,7269,0.992636;88,7188,0.925194;95,11254,0.932558
46,32317;262,67372,1;45,4252,0.955039;59,6925,0.989147;88,6736,0.922868;100,11320,0.927907
46,32197;262,67760,1;47,4521,0.944961;66,7495,0.991473;90,6863,0.926744;96,10998,0.930233
45,31876;273,67253,1;50,4174,0.936047;54,6576,0.98876;83,6442,0.923643;86,9826,0.930233
46,32411;285,67240,1;47,4639,0.958915;59,7217,0.987597;89,6825,0.915116;94,10792,0.927907
46,32189;285,67619,1;47,4247,0.934109;62,6996,0.987984;88,6415,0.918605;97,10629,0.927132
45,32185;288,67399,1;52,4503,0.937984;61,7052,0.984109;82,6442,0.912791;99,10775,0.922868
43,32031;288,67811,1;49,4292,0.939535;55,6600,0.987984;82,6118,0.920155;88,9771,0.926744
44,32173;273,69489,1;60,4770,0.947287;60,7249,0.989922;90,6607,0.914729;98,10924,0.923256
42,32236;291,67842,1;50,4329,0.95814;53,6593,0.985271;82,6410,0.898837;94,10528,0.912016
44,31987;278,65220,1;54,4897,0.950775;60,7436,0.986822;98,7167,0.900388;106,11539,0.920543
43,32257;289,66904,1;49,4172,0.963178;57,6507,0.989535;89,6834,0.899225;89,10307,0.912016
44,32249;279,66054,1;44,4189,0.960853;52,6247,0.975581;88,6757,0.909302;115,10653,0.914341
43,32009;290,67695,1;46,4066,0.957752;56,6781,0.989922;76,5980,0.900388;85,9610,0.915116
43,32099;281,66701,0.999612;43,4008,0.942636;62,6529,0.987597;79,6100,0.910853;86,9679,0.916279
43,32126;285,66468,1;54,3881,0.939535;53,6247,0.988372;82,6189,0.910853;93,10269,0.920543
44,32356;280,66356,1;57,4659,0.947287;59,7249,0.990698;91,6965,0.916667;96,10923,0.922481
43,32214;284,65491,1;49,4315,0.945736;56,6426,0.979457;80,6287,0.915504;88,10168,0.924806
57,31966;285,66932,1;43,4235,0.945736;59,6735,0.981783;85,6485,0.911628;90,10246,0.917054
43,31940;287,68503,1;52,4778,0.934496;63,7833,0.989535;90,6710,0.916279;98,10985,0.922093
44,32345;288,67533,1;52,5020,0.947674;66,7511,0.983333;97,7087,0.915891;104,11427,0.925581
43,32300;287,67982,1;48,4490,0.962791;60,7026,0.991085;85,6663,0.917442;94,10735,0.921318
44,32391;287,68114,1;49,4625,0.945349;66,7688,0.987597;99,7403,0.914341;107,11855,0.919767
46,32312;283,67923,1;60,4648,0.961628;57,6895,0.989147;86,6482,0.910078;94,10581,0.91938
46,32324;284,68247,1;52,4577,0.93876;67,7367,0.990698;99,7270,0.916667;101,11215,0.92093
47,32281;282,67259,1;50,4473,0.955426;57,7070,0.989147;91,6747,0.912016;103,11272,0.918605
46,32274;286,66960,1;48,4118,0.941085;61,6619,0.981008;85,6282,0.903488;107,10881,0.918217
46,32378;286,68064,0.999612;58,4753,0.958915;70,7632,0.98062;95,7074,0.895736;105,11623,0.914341
48,32288;298,67445,1;52,4743,0.95155;60,7270,0.971705;96,7084,0.894574;104,11596,0.916279
45,32354;263,68172,1;52,4313,0.934496;64,7568,0.985271;97,6902,0.895349;112,12186,0.91124
46,32328;266,68644,1;47,4516,0.942636;58,7305,0.991473;89,6487,0.883721;101,11100,0.903101
43,32389;260,67553,0.999225;58,4539,0.931783;64,7498,0.989922;95,6978,0.895349;107,11754,0.907752
44,32201;265,68867,1;61,4749,0.941473;63,7395,0.991085;95,6907,0.896899;95,10733,0.912791
43,31521;264,67831,1;52,4362,0.953101;54,6740,0.986047;82,6121,0.893798;95,10464,0.918605
44,32370;265,68199,1;58,4896,0.954264;68,7655,0.991085;99,7110,0.898837;110,11824,0.91124
44,32165;264,68267,1;50,4604,0.947287;61,7276,0.987984;99,6657,0.910853;107,11568,0.922093
44,31931;265,68730,1;49,4564,0.93876;61,7128,0.982946;97,6986,0.912403;107,11447,0.922481
44,32364;264,68528,1;52,4876,0.941473;68,7789,0.992248;91,6693,0.905426;103,11445,0.927132
45,32407;266,68528,1;58,5272,0.944574;63,7842,0.990698;101,7301,0.915891;107,11769,0.923256
45,32385;266,68822,1;57,5235,0.932558;70,8198,0.992248;102,7336,0.923256;109,11497,0.937597
44,32293;264,68444,1;47,4762,0.959302;60,7203,0.985271;97,6964,0.912791;104,10986,0.924031
45,32396;265,69027,1;50,4784,0.954264;65,7532,0.989147;97,7031,0.913953;104,11474,0.922868
44,32313;264,67926,1;51,4645,0.95;60,7575,0.982946;93,6864,0.914341;106,11659,0.927907
43,32042;262,67866,1;46,4553,0.929845;57,7314,0.979457;88,6578,0.913953;103,11185,0.922481
43,31989;271,67863,1;53,4850,0.954651;60,7424,0.984884;92,6562,0.918217;100,10662,0.93062
43,32285;279,67214,1;48,4235,0.949225;60,6838,0.983721;88,6334,0.898062;96,11065,0.925194
44,32387;282,67476,1;50,4722,0.955426;69,7704,0.991473;97,7159,0.916279;104,11516,0.926357
44,32277;280,66753,0.999225;51,4703,0.95969;61,7409,0.989535;93,6818,0.918992;99,10775,0.924806
44,32250;284,68002,1;59,5031,0.962016;69,7697,0.985271;93,6779,0.901163;100,11113,0.921318
43,32194;281,67265,1;58,4491,0.925194;63,7610,0.983721;94,6901,0.909302;102,11005,0.929457
45,32394;284,67777,1;65,5117,0.937209;63,7591,0.991085;98,7142,0.921705;106,11534,0.935659
43,31346;240,66577,1;61,4588,0.931783;57,6793,0.989147;97,6504,0.918605;91,9813,0.934496
44,32154;286,67334,1;46,4258,0.933333;62,6789,0.98876;85,6448,0.932171;92,10123,0.939922
44,32368;287,68139,1;55,4403,0.948837;63,7446,0.990698;90,6821,0.922868;102,11299,0.934496
44,31957;287,68101,1;46,4294,0.945349;60,6631,0.988372;82,6135,0.925969;89,9989,0.936047
44,31860;290,68904,1;57,4728,0.944574;58,7293,0.984496;86,6406,0.918217;98,10971,0.927519
43,32186;286,68553,1;53,4789,0.946512;65,7477,0.989147;90,6693,0.915504;99,11131,0.922481
44,32311;281,66981,1;49,4386,0.943798;55,6756,0.987597;87,6534,0.917054;98,10845,0.92093
44,32179;277,65755,1;49,4741,0.947674;61,7350,0.986047;94,6985,0.904264;104,11166,0.910465
44,32084;276,65462,1;55,4557,0.94845;60,7031,0.988372;89,6513,0.903488;99,10790,0.921705
44,31674;283,66575,1;58,4426,0.944186;59,6740,0.989147;87,6355,0.901938;97,10598,0.918992
44,31997;280,65953,1;45,3989,0.932171;57,6725,0.989922;85,6125,0.88876;93,10017,0.912403
45,32452;282,67107,1;62,5026,0.939147;69,8630,0.99186;105,7573,0.90155;111,12177,0.913953
45,32315;287,68811,1;62,5017,0.955039;65,7589,0.980233;99,7141,0.902326;104,11459,0.911628
44,31713;282,67801,1;45,4442,0.941473;68,7291,0.982946;88,6482,0.903488;80,10220,0.915504
45,32289;285,68258,1;42,4019,0.936434;54,6934,0.987209;91,6608,0.907364;102,11145,0.918992
45,32182;280,66674,1;45,4798,0.95;64,7564,0.987597;90,6555,0.914341;102,10789,0.928682
44,32259;281,67187,1;58,4763,0.941085;66,7471,0.98062;94,6797,0.91124;104,11191,0.925581
45,32234;284,68069,1;52,4660,0.93876;63,7681,0.987209;98,7193,0.908527;105,11392,0.925194
45,32265;282,67317,1;48,4508,0.934884;62,7318,0.986047;93,6859,0.903876;104,11208,0.925194
53,32428;286,68464,1;48,4783,0.939147;65,7765,0.989147;99,7263,0.892636;107,11763,0.915891
47,32335;278,66066,1;50,4530,0.944574;62,7362,0.986047;97,7047,0.894961;109,11550,0.913953
47,32311;284,67776,1;51,4684,0.944574;63,7695,0.986822;107,7625,0.901163;119,12360,0.913178
46,32350;285,68447,1;52,4618,0.933333;70,7523,0.989922;100,7012,0.900775;109,11717,0.923256
47,32053;275,69546,1;52,4618,0.945349;61,7273,0.989535;93,6807,0.904264;103,11139,0.920543
48,32404;265,68066,1;68,5181,0.948062;66,8198,0.987597;103,7377,0.917054;110,11985,0.924031
47,32333;262,67510,1;50,4903,0.936434;67,8000,0.985271;104,7335,0.908915;112,11966,0.923643
48,32339;264,67550,1;53,5042,0.94186;67,8249,0.993798;88,7331,0.910465;109,11896,0.926744
47,32217;267,68524,1;51,4954,0.947287;87,8070,0.993023;133,7334,0.915116;110,11680,0.928682
47,31980;244,66003,1;50,4660,0.95;70,6747,0.989922;77,6971,0.913566;102,11062,0.927519
48,32416;271,66948,1;51,4591,0.95814;57,6967,0.986822;85,7193,0.907364;128,11637,0.918217
49,32422;267,67704,1;69,5005,0.93876;84,7750,0.975194;135,7676,0.913953;106,11715,0.920543
46,32228;269,68091,1;60,4732,0.950388;66,7164,0.985271;87,6627,0.912403;94,10656,0.920543
48,32126;265,67275,1;53,4733,0.934884;78,7707,0.986822;94,6944,0.912016;96,10831,0.926744
47,31971;266,67822,0.999612;48,4625,0.947674;63,7651,0.984496;97,6832,0.9;105,10604,0.914729
47,32181;267,68078,1;50,4386,0.926357;64,7170,0.992636;98,6676,0.903488;102,10651,0.913178
48,32157;259,66173,0.999225;58,4889,0.963953;73,7485,0.991473;98,6670,0.898837;108,11333,0.912016
47,31853;264,67525,1;49,4399,0.944186;63,7471,0.994961;97,6494,0.893023;107,11052,0.911628
48,32362;264,68339,0.999612;65,4926,0.960465;71,7654,0.993798;104,7246,0.905814;113,11882,0.913953
45,31942;263,67500,1;50,4560,0.942248;66,7058,0.98876;96,6796,0.892248;106,11251,0.909302
45,32133;263,67426,1;45,4404,0.94031;58,6834,0.990698;88,6446,0.891473;93,10431,0.908915
47,32474;264,67398,1;49,5152,0.943023;64,8120,0.991085;101,7476,0.906202;107,11804,0.913953
47,32276;266,68327,0.999612;55,5304,0.965504;60,7469,0.987597;103,7007,0.906589;98,10889,0.917442
46,32345;265,67684,1;47,4804,0.95969;64,7816,0.98876;101,7313,0.906977;123,11971,0.924419
47,32358;262,67630,1;55,5096,0.95155;68,7950,0.988372;103,7219,0.915504;106,11471,0.928295
48,32123;264,68173,0.999612;43,4216,0.932171;60,7174,0.982171;90,6441,0.922481;101,10972,0.929457
46,31959;266,68980,1;48,4796,0.933333;61,7223,0.992248;92,6645,0.910853;98,10746,0.922481
51,32417;264,68271,1;59,5283,0.956589;66,7829,0.986434;121,7546,0.917054;111,12157,0.928682
46,32440;263,67659,1;61,5338,0.953488;64,8038,0.98876;100,7270,0.915891;114,12124,0.925194
46,32073;267,67592,1;56,4446,0.939922;57,7232,0.993411;104,6500,0.90814;101,10391,0.917442
46,32416;263,67953,1;61,5269,0.95155;65,7661,0.984109;105,7311,0.906977;111,12049,0.918217
46,32210;271,68138,1;58,4654,0.946899;68,7599,0.988372;97,6829,0.911628;122,11212,0.922093
47,32120;264,67980,1;52,4842,0.94186;69,7846,0.987597;105,7237,0.90814;103,11020,0.922481
48,32419;265,67800,1;52,4936,0.950775;74,8080,0.99186;105,7461,0.914341;109,11944,0.925969
47,32408;282,67151,1;53,5000,0.961628;64,8205,0.989147;102,7505,0.923256;111,12274,0.93062
46,32370;284,66995,1;53,4472,0.950775;61,7403,0.98876;92,6846,0.918992;105,11700,0.928682
47,32292;286,67075,1;57,4990,0.957752;75,7820,0.989535;114,7626,0.91938;123,11645,0.927132
47,32136;279,66121,1;51,4543,0.946124;72,7002,0.984496;98,6983,0.91124;104,11125,0.920155
46,32315;237,66692,1;45,4226,0.934496;61,6702,0.98876;93,6801,0.897287;99,10987,0.90969
48,32328;266,67988,1;53,4889,0.945736;69,7661,0.989147;104,7274,0.898062;117,12081,0.919767
46,32305;264,67411,1;53,4538,0.940698;63,7123,0.98062;97,6804,0.890698;108,11357,0.910078
47,32280;282,67030,1;53,4560,0.937984;69,7518,0.985271;98,7128,0.898837;112,11200,0.913566
50,32178;283,67375,1;55,4835,0.941473;62,7465,0.989535;108,7065,0.9;106,11246,0.920155
46,32385;282,67502,1;53,4738,0.931008;53,7441,0.98876;102,7002,0.911628;108,11211,0.924031
47,32288;280,66760,1;60,5043,0.950388;70,7546,0.98876;92,6762,0.906977;103,11298,0.916279
47,32188;284,68409,1;49,4751,0.964341;62,7428,0.993023;97,6987,0.906202;113,12270,0.916667
46,32180;282,67309,0.999612;53,4497,0.93062;63,7443,0.987597;103,7364,0.900388;105,11630,0.917054
47,32236;278,67227,1;53,4752,0.960078;61,7285,0.987984;98,7069,0.900775;101,11219,0.924031
46,32181;285,67649,1;48,4495,0.942248;59,6990,0.995736;89,6598,0.9;96,10805,0.924031
46,31846;281,67038,1;51,4105,0.928295;62,6554,0.989535;83,6179,0.906977;89,10016,0.922481
47,32318;284,67360,1;53,4899,0.939922;66,7651,0.989147;103,7450,0.910853;103,12019,0.929457
50,31687;288,68795,1;53,4448,0.949225;59,7293,0.984109;87,6464,0.909302;102,10537,0.922868
51,32445;283,68069,1;56,5054,0.946899;68,8446,0.989535;106,7683,0.928295;121,12762,0.931395
48,32240;287,68568,0.999612;50,4702,0.951163;63,7355,0.992248;99,7016,0.922093;118,11382,0.92907
46,32110;282,67710,1;47,4690,0.95155;59,7272,0.989535;95,6788,0.918217;109,11701,0.928682
47,32332;267,68749,1;70,4674,0.953488;61,7088,0.984884;92,6648,0.912403;104,11471,0.925194
46,32155;281,67502,1;49,4647,0.949612;60,7636,0.985659;98,7029,0.925969;104,11467,0.930233
48,32376;289,69665,0.999612;65,4624,0.952713;68,7375,0.987209;98,6926,0.918605;98,11427,0.925969
47,32266;261,67306,1;60,4597,0.928682;58,7231,0.984109;90,6662,0.923256;99,10893,0.92907
47,32122;264,67825,1;54,4792,0.953876;59,7070,0.985659;105,6743,0.902326;103,11270,0.915116
47,32207;261,67108,1;51,4567,0.944574;69,7681,0.991473;92,7015,0.913566;103,11032,0.925581
48,32066;261,67533,1;48,4588,0.926744;67,7503,0.981395;97,7043,0.91124;98,10759,0.919767
48,32347;261,67015,1;54,4985,0.933333;68,7908,0.986822;111,7789,0.918217;108,11805,0.926744
60,32100;261,66769,1;56,4731,0.94845;65,7371,0.987209;89,6525,0.90155;100,10937,0.918605
52,32332;268,68620,1;65,5003,0.950775;64,7666,0.985659;82,6583,0.894574;100,10828,0.922868
47,32417;264,68270,1;54,4816,0.957364;72,7665,0.989147;93,6986,0.918605;102,11331,0.929457
48,32451;271,67334,1;54,5051,0.953876;66,8100,0.989535;95,6912,0.918605;105,11677,0.929845
48,32398;261,66974,0.999612;52,4983,0.94845;68,7414,0.988372;100,7199,0.914341;108,11849,0.925581
47,31998;265,67966,1;43,4527,0.945736;50,7354,0.989535;93,6789,0.918605;99,10699,0.926357
45,32041;266,67365,1;45,4296,0.943023;59,6901,0.982558;90,6558,0.926744;93,10313,0.936822
46,32378;264,66991,1;63,4984,0.936047;66,7903,0.991085;102,7271,0.91938;112,11833,0.925969
52,31851;272,67259,1;44,4668,0.937597;57,6934,0.988372;86,6412,0.910853;98,10606,0.924031
46,32214;268,67975,1;49,4455,0.939147;58,7088,0.99031;74,6532,0.905814;88,10627,0.923256
45,32275;270,68215,1;44,4580,0.95;59,7153,0.990698;96,6884,0.899612;105,11452,0.921705
45,32204;265,67420,1;52,4958,0.954651;64,7615,0.987209;92,6923,0.898837;130,11579,0.92907
46,32328;261,66814,0.999612;49,4751,0.953101;67,7269,0.989535;96,6999,0.917829;104,11461,0.927132
46,32376;268,68463,1;58,4845,0.946899;61,7801,0.990698;105,7364,0.910078;102,11596,0.921318
45,32315;265,68206,1;52,5110,0.942636;60,7969,0.987984;104,7204,0.908915;96,11686,0.920543
46,32359;265,67665,0.999612;59,5126,0.954651;69,8086,0.986434;102,7416,0.905814;109,12095,0.92093
45,32225;269,69679,1;49,4466,0.957364;57,7184,0.991473;90,6652,0.912791;101,11137,0.924806
46,32305;261,67852,1;52,4726,0.955814;62,7199,0.989922;110,6739,0.899225;95,10618,0.913178
45,32127;264,67870,1;54,4678,0.931783;64,7774,0.987597;98,6938,0.906589;104,11048,0.918605
47,32178;267,67869,1;51,4576,0.949225;65,6945,0.992248;89,6529,0.914341;99,10941,0.920543
46,32350;265,68478,0.999612;46,4696,0.946899;60,7547,0.99186;99,7246,0.913953;103,11422,0.924419
48,32406;264,67621,1;50,4838,0.950775;63,7610,0.982558;94,7029,0.907364;107,11973,0.926357
46,31627;269,68845,1;56,4240,0.928682;59,6682,0.975581;92,6383,0.903488;93,10201,0.916279
49,31671;264,67947,1;47,4493,0.942636;56,7297,0.993023;85,6483,0.906589;88,10322,0.91124
48,32374;261,67065,1;48,4719,0.956202;65,7281,0.992636;110,6865,0.903488;106,11408,0.912403
50,32212;262,67292,1;52,4690,0.955426;69,7398,0.992636;100,6826,0.900775;107,11077,0.910465
49,32303;263,66958,1;54,4697,0.963178;71,7291,0.995736;96,6519,0.900775;103,11286,0.904651
47,32401;264,67744,1;49,4584,0.936047;63,7747,0.989147;96,7050,0.903101;106,11773,0.911628
46,32412;265,67319,1;47,4807,0.952713;61,7139,0.985659;98,7218,0.899225;115,11288,0.917054
45,32340;264,67746,1;62,5119,0.944186;61,7633,0.987209;103,7211,0.912016;112,11552,0.918992
45,32390;263,67532,1;64,4511,0.937597;65,7334,0.987597;95,6775,0.903101;104,11338,0.908527
44,32164;264,67896,1;56,4544,0.954651;64,6927,0.989147;91,6723,0.898837;98,10735,0.906977
45,32192;262,67871,0.999612;51,4512,0.951163;59,7241,0.989535;95,6940,0.896124;100,11141,0.90814
45,32058;263,67844,1;49,4558,0.946512;65,7482,0.989922;93,6672,0.899225;104,11060,0.915504
46,32445;263,67414,1;51,4555,0.943798;67,7865,0.993023;98,7219,0.900388;134,11915,0.92093
46,32272;266,68389,1;48,4252,0.953488;54,6652,0.990698;87,6427,0.90969;95,10677,0.918217
45,32247;265,68178,1;62,4789,0.958527;66,7758,0.987209;100,7063,0.91938;109,11801,0.929457
45,32201;263,67866,1;54,4967,0.95969;65,7961,0.986047;96,7012,0.915504;104,11344,0.92907
44,32105;264,68336,1;50,4482,0.952713;50,6992,0.981008;87,6475,0.913953;96,10675,0.923643
46,32380;272,68242,1;48,4582,0.94845;63,7334,0.983721;97,6962,0.914341;106,11776,0.923643
46,32312;266,68046,1;46,4657,0.943023;68,7585,0.984884;91,6668,0.910853;86,11431,0.924031
45,32236;283,67962,1;47,4777,0.951163;63,7483,0.987597;98,7109,0.914729;106,11732,0.918217
46,32398;285,68668,1;50,4927,0.946124;63,7650,0.990698;96,7338,0.914729;92,12173,0.924419
46,32371;287,68560,1;59,5165,0.956202;66,7916,0.989535;97,6942,0.9;112,12018,0.910853
45,32150;282,67420,0.999612;55,5070,0.945349;60,7882,0.99031;95,6894,0.912403;108,11948,0.921705
46,32387;288,67867,1;51,4576,0.939922;60,7337,0.992636;98,7177,0.920543;107,11464,0.924419
45,32331;290,69295,1;52,5281,0.946512;73,8287,0.986822;100,7156,0.920155;112,12190,0.928682
45,32248;285,69243,1;53,4989,0.955426;62,7534,0.987209;101,7138,0.915891;112,11925,0.922093
50,32367;299,68659,1;52,4724,0.945349;65,7655,0.987209;98,6917,0.914341;105,11514,0.917442
49,32311;286,68846,1;52,4786,0.95155;76,7917,0.992636;95,6831,0.910853;106,11604,0.92093
48,32232;286,69043,1;50,4809,0.946124;64,7593,0.992248;99,7133,0.912016;109,11934,0.922481
48,32409;288,69990,1;55,5298,0.960853;70,8433,0.991473;106,7389,0.916279;116,12263,0.923643
48,32369;269,68554,1;54,4633,0.945349;63,7675,0.994961;97,6976,0.923256;111,12117,0.92907
46,32211;261,68101,1;67,4832,0.929845;67,7599,0.987984;99,7182,0.919767;104,11368,0.931008
47,32430;266,69669,1;67,5525,0.946124;70,8717,0.989535;115,7960,0.927132;109,12245,0.940698
46,32415;269,69571,1;56,5090,0.955426;61,7796,0.981783;95,7049,0.928682;102,11575,0.938372
46,32386;261,67750,1;50,4805,0.944574;60,7518,0.986434;97,6959,0.919767;107,11799,0.933721
46,31966;263,67797,1;51,4977,0.942636;62,7590,0.979457;100,7211,0.922868;103,11341,0.935271
45,32304;265,68649,1;51,4950,0.953101;63,7783,0.982946;95,6904,0.928682;105,11467,0.934109
46,32378;264,68574,1;51,4837,0.950388;63,7766,0.991473;97,6834,0.906977;109,11930,0.923256
46,32371;262,67822,1;52,4849,0.956589;65,7893,0.99186;101,7167,0.909302;113,12282,0.917829
46,32098;268,69356,1;53,4654,0.946512;61,7237,0.989535;91,6566,0.9;98,10751,0.913953
47,31957;269,69832,1;51,5064,0.95155;64,8095,0.989535;93,6654,0.910078;102,11149,0.922868
46,32024;266,69401,1;52,4645,0.95814;63,7177,0.98876;94,6574,0.906589;99,10661,0.917054
49,32430;267,69433,1;61,5023,0.952326;64,7940,0.99186;108,7563,0.911628;116,12392,0.922093
49,32398;262,67906,1;47,4656,0.943798;60,7734,0.989147;101,7215,0.914341;110,12015,0.92093
50,32061;265,68338,1;47,4759,0.947287;64,7638,0.987984;97,6966,0.915891;106,11410,0.924419
50,32411;262,67543,1;51,4836,0.965116;70,7759,0.99031;103,7298,0.915504;107,11762,0.921318
50,32303;267,68731,1;51,4311,0.937984;59,7077,0.989147;84,6483,0.900388;94,10654,0.916667
47,32237;273,68036,0.999612;49,4721,0.958527;63,7521,0.986047;90,6695,0.916279;99,10975,0.927907
50,32219;267,67671,1;61,4789,0.95;66,7516,0.993023;92,6918,0.915504;99,11175,0.929845
48,32222;268,68736,1;47,4722,0.945349;64,7557,0.993798;91,6754,0.912403;101,11486,0.924419
49,32228;265,67969,1;55,4466,0.937984;59,7180,0.989922;89,6590,0.902326;99,11014,0.923643
49,32331;262,67317,1;49,4701,0.943798;68,7547,0.99186;98,7043,0.896512;104,11144,0.913178
48,32275;262,67201,1;47,4319,0.93876;57,7039,0.986434;89,6532,0.9;96,10582,0.917054
48,32287;261,67299,1;55,4672,0.958527;63,6863,0.986434;95,6574,0.903876;100,10497,0.92093
49,32339;261,67697,1;52,4771,0.941473;63,7530,0.987209;96,7177,0.905039;100,11278,0.924806
48,31723;262,67431,1;44,4741,0.941473;55,7118,0.986822;91,6552,0.909302;92,10524,0.928295
49,32358;258,66547,1;56,4990,0.955039;61,7846,0.990698;98,7165,0.914341;101,11573,0.922868
49,32329;266,68051,1;54,4468,0.939535;58,7020,0.98876;95,6874,0.905814;100,11170,0.913566
48,32443;264,68073,1;59,4963,0.951163;76,7421,0.988372;101,7368,0.897287;110,11529,0.905039
49,31936;268,68641,1;47,4375,0.966279;61,6874,0.987597;96,6820,0.903101;100,10484,0.91124
47,32165;265,68354,1;51,4685,0.944574;70,7823,0.986434;107,6981,0.907364;95,11301,0.915504
48,32423;266,68978,1;38,4611,0.946124;68,7475,0.989535;111,6990,0.904651;105,11420,0.910853
48,32345;262,67958,0.999612;45,4384,0.941473;59,7052,0.986822;95,6881,0.903101;102,11275,0.911628
50,32364;262,67546,1;49,4611,0.960465;59,7223,0.99186;90,6580,0.906202;95,10745,0.915504
49,32269;263,67764,1;43,4255,0.95;59,6843,0.989922;89,6828,0.903101;98,11141,0.91124
51,32315;261,66602,1;47,4411,0.939922;61,6989,0.987597;95,6764,0.906589;101,11120,0.916279
49,31626;267,68427,1;52,4510,0.943023;68,6950,0.989922;89,6309,0.912403;93,10175,0.920543
48,32348;267,68639,1;58,4459,0.956202;59,6836,0.982946;95,6792,0.902326;100,11086,0.915504
49,32288;266,68686,1;51,4680,0.928295;63,7632,0.993798;94,7006,0.906977;122,11458,0.916279
49,32358;262,67466,1;58,4687,0.951938;61,7185,0.991085;90,6644,0.902326;100,11078,0.913953
45,32424;263,67991,1;53,4857,0.946512;66,7630,0.99031;100,7199,0.900775;107,11705,0.911628
46,32421;267,68974,1;70,5192,0.951938;70,7881,0.991085;104,7321,0.9;108,12139,0.913566
45,32270;264,67582,1;50,4620,0.949225;60,7278,0.989535;87,6592,0.90814;99,11192,0.918605
46,32333;266,68383,1;54,4517,0.948837;61,7384,0.99031;89,6771,0.909302;95,11153,0.915504
46,32324;269,69492,1;51,4558,0.939147;66,7700,0.987984;88,7008,0.910078;99,11265,0.917054
45,32314;267,68718,1;52,4968,0.93876;61,7576,0.982171;103,7223,0.908915;108,11733,0.917442
46,32208;263,67999,1;47,4336,0.952713;61,6927,0.985659;93,6744,0.910853;105,11163,0.920155
46,32349;265,68543,1;73,4898,0.93876;64,8056,0.99186;98,7227,0.922093;107,12108,0.928682
45,32255;287,68734,1;43,4540,0.939147;59,7067,0.989922;87,6602,0.925969;98,11181,0.929845
46,32405;288,68003,1;55,5027,0.970155;61,7881,0.994961;97,7382,0.921705;102,11606,0.93062
58,32222;284,67587,1;67,4742,0.948062;62,7833,0.99031;97,7131,0.921318;103,11579,0.928682
46,32256;293,69302,0.999225;62,5022,0.944574;65,7766,0.986047;96,6865,0.919767;101,11100,0.924419
45,32343;291,69806,1;50,4690,0.948837;64,7602,0.992636;100,7082,0.926744;106,11515,0.935271
46,32137;288,68175,1;56,5039,0.964341;75,7906,0.985271;96,6910,0.924419;105,11339,0.936434
47,32313;287,69009,1;57,4794,0.953488;68,7875,0.985271;99,7059,0.913178;105,11305,0.92907
47,32163;287,67885,1;48,4427,0.962016;59,7107,0.984496;93,6785,0.918217;98,10755,0.925194
47,32023;289,68318,1;53,5128,0.956202;62,7878,0.984496;100,7243,0.915116;117,11922,0.931783
47,32169;285,67446,1;55,4761,0.962791;62,7546,0.990698;88,6935,0.924419;104,11517,0.934496
47,32410;292,69079,1;62,4804,0.953101;67,7788,0.989147;98,7096,0.921318;104,11612,0.932558
47,32386;289,69197,1;60,4981,0.943411;69,7676,0.997287;122,6950,0.923643;105,11473,0.925969
46,32432;285,66783,1;57,5216,0.960853;84,7981,0.994961;98,7114,0.915504;110,11974,0.923643
45,31899;283,67448,1;48,4263,0.936434;66,6968,0.986822;84,6245,0.923256;85,10116,0.931008
47,32405;280,68134,1;54,5057,0.931395;64,7476,0.978682;99,7186,0.918605;109,11992,0.925581
47,32065;283,67028,0.999612;51,4331,0.956202;65,6907,0.986822;88,6454,0.914729;92,10304,0.921705
47,32054;283,67061,1;54,4746,0.956202;58,7082,0.983721;94,6921,0.92907;99,10788,0.92907
47,32328;284,67476,1;50,4830,0.949225;63,7598,0.993023;98,7060,0.924031;104,11231,0.926744
47,32391;284,67838,1;55,4642,0.950388;68,7112,0.99186;92,6884,0.917442;100,11124,0.921705
47,32331;288,69319,1;49,4253,0.934496;61,7066,0.985271;91,6649,0.915891;102,11159,0.933721
47,31956;289,67530,1;45,4340,0.924806;59,6874,0.989147;88,6451,0.915116;96,10459,0.932558
47,32298;282,68224,0.999612;49,4546,0.94845;48,7115,0.993023;93,6850,0.911628;99,11069,0.92907
46,31965;284,67710,1;49,4914,0.939147;58,7542,0.985659;92,6611,0.915504;103,11253,0.922093
44,32050;283,66593,1;56,4410,0.951938;59,6832,0.98876;91,6500,0.924419;97,10599,0.928682
46,32403;284,67897,1;48,4894,0.962403;67,7985,0.993411;96,7142,0.920155;103,11730,0.925194
45,32307;288,68766,1;51,4475,0.926357;59,7522,0.984884;87,6559,0.895736;92,10551,0.905814
48,32300;288,69329,1;52,5012,0.952326;59,7651,0.986822;93,6899,0.897287;100,11385,0.906202
48,32120;291,69010,1;50,4726,0.95155;62,7554,0.99031;98,6985,0.893798;100,11026,0.910078
47,31793;285,68268,1;54,4533,0.949225;62,7051,0.989147;94,6749,0.903101;96,10575,0.912791
47,32446;291,69126,0.999612;49,5092,0.954264;64,8090,0.985659;101,7557,0.908915;122,12109,0.916667
48,32373;289,69191,0.999612;70,4981,0.937209;86,8204,0.987984;121,7187,0.906589;127,11588,0.923643
48,32352;280,69402,1;56,4739,0.928682;69,7566,0.989922;104,6850,0.917054;103,11270,0.927132
48,32183;285,68011,1;49,4674,0.952326;57,7186,0.991085;85,6315,0.91938;88,10764,0.933721
47,32438;286,68780,1;58,5113,0.946899;54,7708,0.989535;62,6915,0.92093;83,11080,0.925581
47,32200;262,67720,0.999612;46,4357,0.934496;60,7131,0.99031;89,6553,0.906202;96,10744,0.916279
47,32337;263,67614,1;58,5056,0.949612;63,7823,0.989535;96,6966,0.905426;102,11287,0.915891
49,32338;265,69162,1;51,4660,0.952713;66,7287,0.987597;92,6730,0.902713;101,11110,0.916279
49,32452;262,68349,1;101,5196,0.94845;66,7984,0.989147;108,7635,0.909302;114,12252,0.922481
49,32310;267,69336,1;57,4937,0.939922;63,7552,0.989147;99,7151,0.910465;110,11942,0.921318
47,32248;263,68817,1;52,4807,0.937597;68,7986,0.989922;96,6885,0.904264;108,11307,0.917829
50,32427;265,67616,1;54,5085,0.960465;68,7853,0.992248;102,7374,0.917054;113,12116,0.92907
48,32346;265,68481,1;50,4921,0.955426;63,7901,0.986047;101,7261,0.914729;112,11759,0.927132
45,32282;264,68329,1;61,4747,0.944961;63,7638,0.992636;96,6984,0.916279;102,11433,0.927519
45,32118;267,69005,1;54,4548,0.949612;59,7147,0.989535;93,6812,0.917054;98,11073,0.928682
45,32213;267,68458,1;52,5054,0.946899;64,7742,0.985659;96,6891,0.913566;104,11600,0.932558
44,31850;262,67036,1;46,4468,0.937984;61,7572,0.989922;86,6383,0.922481;99,10625,0.934884
45,32205;262,66910,1;51,4467,0.957364;59,6778,0.987984;77,6445,0.908527;93,10488,0.928295
45,32438;263,67674,1;52,4779,0.939535;63,7801,0.992248;97,7112,0.905039;105,11606,0.924806
44,32057;264,68021,1;48,4650,0.931008;62,7344,0.982946;97,6909,0.910853;101,11211,0.91938
45,32397;266,67767,1;49,4414,0.936047;61,7250,0.989147;103,7292,0.895349;104,11561,0.90814
45,32279;263,67702,1;57,4598,0.936434;60,7172,0.98876;95,6866,0.906589;94,10945,0.918605
46,32475;265,67187,1;48,4514,0.94186;72,7464,0.985271;103,7432,0.915504;108,11750,0.922481
45,32355;266,67628,1;57,4270,0.922868;72,6909,0.985659;95,6729,0.902713;97,10621,0.90814
44,32183;281,68015,1;61,4933,0.948837;62,7531,0.984884;96,6898,0.903876;98,11065,0.914729
44,32320;305,67248,1;50,4476,0.934109;64,7357,0.989147;94,7012,0.905039;104,11479,0.912016
44,31664;291,68511,1;52,4491,0.951163;62,6981,0.984884;84,6214,0.899612;92,10075,0.912791
45,32130;292,68783,1;47,4549,0.944186;61,7728,0.992636;96,6742,0.903488;104,11192,0.917442
44,31910;287,68424,1;57,4464,0.930233;61,7027,0.989535;86,6167,0.902713;93,10181,0.912403
45,32079;289,67714,1;59,4747,0.949612;68,6962,0.989147;94,6614,0.920543;100,10359,0.925581
44,32148;284,67719,0.999612;48,4446,0.952326;57,6773,0.987597;91,6675,0.923643;94,10467,0.928682
44,31984;290,68211,1;46,4440,0.945736;69,7596,0.982558;90,6470,0.906977;96,10723,0.925969
45,32197;282,67071,1;49,4552,0.939147;64,7119,0.979845;110,7166,0.913178;103,11234,0.927907
44,31844;291,68149,1;57,4955,0.95814;61,7238,0.989147;100,7253,0.921705;101,11067,0.926744
45,32248;284,66886,1;46,4245,0.942248;62,6889,0.981395;94,6956,0.915116;103,11089,0.918992
44,32140;287,66391,1;57,4781,0.947287;57,7130,0.98876;97,7043,0.918992;115,11028,0.918992
45,32412;281,66309,0.991473;59,4454,0.94845;63,7079,0.986822;91,6773,0.910465;103,11101,0.916279
45,31984;288,67579,1;51,3884,0.931395;52,5933,0.979457;86,6443,0.905039;91,10154,0.912016
45,32172;292,67848,1;48,4791,0.953101;61,7459,0.992248;98,7061,0.913953;104,11275,0.924031
46,32382;279,66331,1;50,4871,0.943023;63,7476,0.989147;101,7147,0.909302;106,11452,0.927132
45,31463;289,67420,1;52,4805,0.95;58,6808,0.98876;90,6442,0.900388;91,9922,0.922093
46,32249;287,65513,1;49,4695,0.941473;63,7728,0.994186;98,7246,0.914341;111,11669,0.93062
46,32103;282,67527,1;55,4554,0.944186;64,7527,0.987984;98,7067,0.908915;101,11323,0.925194
45,32203;283,67273,1;49,4511,0.953101;64,7088,0.986434;89,6732,0.913566;84,10821,0.925969
45,32256;287,68620,1;57,5074,0.951938;71,7848,0.99031;107,7174,0.917829;108,11140,0.923256
45,32319;284,68408,1;55,4703,0.931783;50,7519,0.99031;84,6704,0.915116;103,11145,0.925581
45,32195;285,68958,1;51,4288,0.939922;78,6981,0.991085;96,6890,0.909302;100,10901,0.919767
46,32310;290,67589,1;48,4584,0.945349;60,7150,0.992248;95,6807,0.917829;97,10793,0.921705
45,31874;282,66237,1;59,4657,0.945736;68,7534,0.987209;92,6758,0.912016;102,11073,0.922093
46,32098;283,66751,1;58,4545,0.953488;63,7022,0.985659;92,6549,0.90969;101,11132,0.919767
47,32430;280,67263,1;77,5124,0.952713;67,7999,0.989922;109,7750,0.916279;111,12416,0.925194
46,32410;289,69383,1;59,4977,0.957752;66,7862,0.99186;105,7350,0.910465;109,11706,0.920155
39,32124;280,67848,1;52,4740,0.950775;66,7231,0.98876;92,6517,0.908527;99,10790,0.918605
49,32434;296,69480,1;56,4867,0.95;68,7979,0.991473;100,7098,0.915891;110,12148,0.922868
61,32318;291,69634,1;53,5114,0.934884;80,7956,0.993798;103,7170,0.907364;109,11895,0.91938
47,32081;287,69067,1;54,4866,0.955039;73,7611,0.989922;97,6967,0.914341;105,11609,0.918992
47,32040;282,67365,1;52,4626,0.945736;69,7427,0.989535;92,6716,0.912791;98,10880,0.925194
48,32027;290,67835,1;63,4680,0.944186;63,7410,0.991085;93,6640,0.913953;102,10612,0.929845
47,32394;290,67346,1;56,4591,0.950775;64,6979,0.983333;103,6642,0.913953;107,11286,0.922093
47,31849;283,67999,1;50,4415,0.956977;59,7126,0.990698;94,6791,0.913953;96,10614,0.916279
47,32353;281,67614,1;57,4856,0.943023;62,7782,0.993023;102,7305,0.910078;102,11183,0.914729
47,32202;283,68112,1;63,5031,0.953488;64,7791,0.986822;110,6972,0.917054;105,11582,0.919767
48,32138;278,66664,1;48,4845,0.937984;64,7798,0.992636;99,7005,0.922868;103,11237,0.928295
47,31933;285,68291,1;56,4456,0.933333;63,7039,0.990698;94,6394,0.924419;96,10144,0.930233
47,32192;289,68324,1;58,4691,0.949612;67,6971,0.987209;97,6785,0.921705;96,10549,0.922093
48,32370;283,67538,1;61,5386,0.959302;73,7535,0.984884;99,7103,0.905814;108,11746,0.922481
48,31871;279,66419,1;49,4170,0.954264;61,6781,0.992248;86,6276,0.901938;92,9873,0.918217
49,32363;278,66503,1;57,4774,0.956977;61,7264,0.989535;94,6864,0.903876;104,11461,0.915504
48,31374;289,68269,1;66,5095,0.959302;73,7675,0.989922;92,6694,0.896899;104,10349,0.911628
47,32194;292,68447,1;54,4755,0.956589;70,7744,0.989922;103,7083,0.908527;113,11550,0.915891
48,32271;284,67729,1;66,4855,0.940698;73,7576,0.985271;97,6795,0.908527;107,11040,0.922093
52,32198;287,68995,1;77,4705,0.924806;68,7579,0.981395;99,6840,0.900775;103,10996,0.913953
49,32314;283,68431,1;51,4843,0.948837;65,8060,0.99031;99,7015,0.908915;111,11893,0.918605
47,32257;291,69028,1;55,4696,0.957752;61,7420,0.993411;90,6587,0.910465;98,10953,0.91938
48,32037;284,68101,1;46,4516,0.948837;64,7167,0.98876;90,6631,0.916279;96,10851,0.921318
47,31653;279,66483,1;44,4109,0.937597;58,6707,0.989535;81,5990,0.919767;96,9898,0.927907
48,32279;284,67452,1;55,5050,0.950388;62,7349,0.987984;90,6698,0.912016;102,11437,0.924806
49,32394;283,67863,0.999612;46,4655,0.950388;65,7894,0.99031;94,7165,0.915891;105,11878,0.925969
48,32316;285,68252,0.999612;51,4564,0.951163;63,7607,0.991085;90,6860,0.906977;98,11311,0.91938
48,32281;280,66762,1;41,4027,0.952713;57,6364,0.981395;80,6274,0.905814;86,10243,0.915504
48,32028;277,65842,1;44,4407,0.94031;56,6852,0.990698;87,6412,0.910853;91,10166,0.918992
47,32414;282,67032,1;54,4499,0.953876;58,6725,0.989535;94,7081,0.915504;98,10946,0.921318
48,32228;285,65943,1;48,4549,0.93876;61,7360,0.990698;90,6792,0.90814;94,10724,0.923643
49,32133;280,66854,1;44,4272,0.946124;58,6737,0.991085;85,6385,0.910853;92,10280,0.921705
46,31974;282,67443,1;44,3926,0.92907;55,6242,0.988372;78,6133,0.908527;81,9589,0.914729
48,32187;283,67492,1;47,4427,0.934496;68,7570,0.989535;86,6333,0.907752;96,10940,0.912403
49,32372;278,66390,1;54,4522,0.937984;64,7373,0.991473;93,6756,0.904264;104,11251,0.90969
48,32387;280,66788,1;51,4631,0.954651;69,7253,0.99031;96,7021,0.910853;98,11525,0.918992
47,32314;285,68124,1;52,4521,0.941473;63,7506,0.984496;86,6475,0.915891;102,11275,0.92093
48,32092;285,68437,1;58,4628,0.93876;49,7410,0.989535;91,6648,0.920155;98,10828,0.922481
48,32346;285,68247,0.999612;54,4708,0.95;60,7138,0.984496;97,6942,0.919767;102,10978,0.926744
48,32317;285,68600,1;51,4778,0.954651;64,7534,0.991473;93,6889,0.91938;156,11029,0.93062
48,32039;281,67297,1;46,4487,0.957364;67,7165,0.987597;92,6672,0.917442;100,10927,0.926744
48,32048;281,67053,1;50,4678,0.960465;60,7176,0.989922;87,6432,0.916279;93,10453,0.924806
46,32300;265,67308,0.989535;52,4574,0.936822;59,7204,0.989147;96,7156,0.924419;97,10939,0.933333
45,32081;264,67741,1;70,4841,0.944961;60,6967,0.983333;85,6334,0.915116;93,10448,0.925969
46,32276;265,67983,1;49,4534,0.956977;61,7029,0.988372;93,6853,0.910465;100,11012,0.921705
45,31933;265,67689,1;55,4274,0.939922;60,7050,0.991473;92,6778,0.912403;99,10844,0.919767
56,32262;263,68109,1;58,4867,0.944574;67,7872,0.987984;96,7043,0.912016;102,11183,0.925194
47,32052;264,67910,0.999225;52,4429,0.959302;55,6701,0.986822;90,6622,0.91938;95,10538,0.928295
46,31894;268,68930,1;44,4381,0.953101;58,6961,0.989147;83,6202,0.90969;88,9917,0.917829
47,31988;266,68042,1;44,4202,0.944961;57,6787,0.987209;80,6055,0.902713;90,10060,0.918217
47,32179;268,69186,0.99845;54,4633,0.951938;61,7032,0.991085;92,6680,0.898062;95,10393,0.910853
47,32150;261,66750,1;49,4607,0.933721;62,7405,0.989147;92,6803,0.898062;112,10897,0.915891
49,32344;276,67616,1;51,4673,0.943023;65,7225,0.986047;95,6585,0.881395;105,11167,0.90814
44,31937;281,67344,1;53,4629,0.953101;63,7250,0.991085;88,6259,0.889147;95,10198,0.910465
46,32370;283,67518,1;51,4500,0.952713;62,7175,0.991085;98,7072,0.893023;107,11646,0.911628
46,32357;283,67666,0.999612;50,4680,0.946899;62,7683,0.98876;100,7213,0.903876;107,11535,0.918605
44,32249;285,68358,1;52,4859,0.948837;63,7484,0.986047;96,6871,0.908915;103,11263,0.927907
46,32440;282,67592,1;64,4972,0.943023;63,7690,0.987209;98,7145,0.910853;107,11698,0.922093
45,32059;289,69839,1;59,4715,0.950775;61,7212,0.990698;91,6581,0.914341;98,10756,0.918217
45,32152;267,67461,1;56,5035,0.95;80,7660,0.989147;96,6988,0.913953;104,11183,0.925194
45,32159;288,68760,1;50,4479,0.953101;61,7104,0.989535;91,6635,0.911628;107,10913,0.920543
49,32272;286,67843,1;46,4537,0.96124;66,7285,0.986434;88,6588,0.915116;97,10571,0.922093
47,32189;285,67655,1;51,4590,0.956202;61,7101,0.989922;82,6137,0.910853;90,10057,0.91938
53,32418;286,68265,1;56,4767,0.953876;68,7798,0.990698;99,7112,0.916667;107,11623,0.921705
47,32008;285,68148,1;49,4177,0.938372;60,6971,0.99031;92,6663,0.915116;120,10805,0.919767
48,32268;287,68236,1;53,4537,0.944961;62,7412,0.991085;94,6693,0.912016;105,11363,0.918217
48,32345;283,66953,1;61,4881,0.960853;59,7235,0.987597;96,6820,0.917442;104,11217,0.925194
47,32102;283,67284,1;41,4023,0.915116;63,6951,0.981008;92,6557,0.910078;98,10678,0.920543
47,32279;289,69478,1;48,4677,0.948837;66,7151,0.989922;90,6537,0.912403;98,10703,0.910078
47,32457;288,69396,1;52,4814,0.963953;67,7542,0.992248;100,7196,0.914729;106,11275,0.920543
46,32304;279,66889,1;57,4844,0.935659;81,7476,0.99186;100,7162,0.916279;112,12025,0.924806
47,32154;286,67402,1;52,4632,0.941085;53,6768,0.98062;93,6901,0.927519;103,11594,0.929845
46,32323;281,66070,1;44,4569,0.940698;59,7333,0.987984;84,6358,0.911628;97,10829,0.920543
47,32384;285,67650,1;44,4465,0.95814;59,6907,0.989535;89,6702,0.902713;98,10658,0.912403
46,31934;284,67615,1;48,4263,0.934496;58,6867,0.984884;86,6406,0.900388;88,9947,0.908915
47,32377;281,66878,0.999612;47,4185,0.939147;64,6719,0.98876;89,6749,0.902713;97,10753,0.912016
46,32376;282,66978,1;53,4492,0.955039;62,7268,0.991085;97,7107,0.898062;106,11662,0.91124
47,32085;288,67731,1;51,4356,0.952326;64,6889,0.983333;90,6730,0.904264;100,10790,0.91938
47,32128;286,67779,1;50,4363,0.96124;62,7187,0.989147;91,6716,0.905814;99,10925,0.913178
47,32122;284,67756,1;55,4637,0.955814;60,7111,0.987984;100,6418,0.899612;95,10577,0.916667
51,32074;280,66817,1;47,4462,0.944961;62,7212,0.987597;95,6973,0.916667;97,10950,0.922868
48,32257;286,67967,1;49,4778,0.948062;60,7487,0.992248;93,6838,0.912016;98,11049,0.91938
48,32308;296,67007,1;48,4630,0.953488;58,7022,0.989535;87,6534,0.917054;100,11240,0.923256
50,32375;298,68165,1;51,4769,0.950388;61,7362,0.992248;97,7247,0.90969;110,11477,0.915891
50,32343;263,67488,1;53,4434,0.937209;62,7268,0.990698;93,6914,0.903101;101,11049,0.910465
49,32167;267,68227,1;47,4364,0.927519;67,7193,0.989147;87,6395,0.908915;94,10423,0.920155
50,32352;265,67780,1;48,5008,0.948837;61,7271,0.993411;91,6945,0.915116;102,11298,0.918217
49,32193;265,67877,1;48,4597,0.957364;70,7341,0.989535;95,6874,0.907364;95,10862,0.920155
49,32260;267,68656,1;50,4412,0.939922;58,7196,0.991473;91,6749,0.908915;96,10725,0.91938
49,32347;265,67229,1;50,4584,0.958527;59,7115,0.99031;98,7238,0.906977;101,11183,0.917442
48,32391;266,68160,1;47,4661,0.956202;60,7493,0.989535;95,6840,0.903101;102,11303,0.912016
47,31981;269,68836,1;70,4538,0.946512;59,7083,0.986434;96,6720,0.899612;102,11024,0.911628
48,31393;274,67694,1;48,4646,0.945349;58,6801,0.989147;91,6489,0.896124;99,10820,0.90814
53,32230;268,67924,1;49,4348,0.963178;55,6867,0.989922;91,6631,0.893023;93,10329,0.900775
46,32350;267,68993,1;52,4665,0.947287;63,7299,0.989147;94,6882,0.902326;103,11504,0.904651
45,32247;268,68485,1;55,4569,0.944574;64,7145,0.986822;92,6456,0.912016;105,11265,0.916667
48,32441;269,68324,1;62,4813,0.967442;70,7205,0.986822;104,7186,0.913178;103,11213,0.918992
46,31892;267,68025,1;64,4414,0.964729;61,6763,0.984109;95,6518,0.915116;102,10649,0.91938
46,31884;260,67165,1;55,4693,0.949225;66,7258,0.982558;100,6774,0.910465;114,11643,0.91124
47,32098;265,67323,1;58,4324,0.943411;66,7067,0.981395;91,6290,0.895736;101,10362,0.90155
48,32248;262,66992,1;48,4535,0.962791;66,7083,0.991085;102,6927,0.910465;105,11229,0.917054
49,32391;263,66967,1;67,4443,0.960853;63,7170,0.98876;102,7092,0.902326;111,11730,0.910078
49,32267;266,67704,1;52,4768,0.959302;67,7302,0.99031;98,6918,0.90155;102,11060,0.911628
49,32173;269,68698,1;70,4336,0.944574;59,6825,0.989535;89,6546,0.905814;94,10470,0.914729
48,32343;264,67354,1;46,4526,0.956977;63,7219,0.98062;93,6920,0.895349;97,10789,0.909302
44,32178;265,67497,1;45,4488,0.944961;59,6948,0.993411;89,6679,0.905426;94,10929,0.915504
46,32462;266,67855,1;46,4531,0.937597;75,7411,0.993798;102,7157,0.910078;109,11704,0.913953
45,32367;264,67594,1;46,4188,0.950388;60,6643,0.989147;94,6800,0.895736;100,10996,0.905039
45,32312;266,68122,1;41,3657,0.956977;53,6077,0.98876;79,5980,0.89186;90,9972,0.9
44,32276;264,67095,1;49,4119,0.930233;59,6634,0.981008;86,6518,0.896512;94,10338,0.904264
45,32186;266,67993,1;49,4123,0.958915;52,6326,0.99031;85,6334,0.887984;91,10018,0.900388
45,32403;268,68037,1;51,4389,0.937984;63,7051,0.989535;92,6638,0.889147;100,10890,0.897674
44,32258;263,67177,1;45,4083,0.955426;56,6574,0.987984;90,6595,0.88876;100,10994,0.894961
44,32280;263,66642,1;56,4097,0.937984;73,6427,0.981783;88,6467,0.883721;98,10647,0.900775
44,32308;264,66784,0.99845;44,4001,0.950775;60,6708,0.988372;93,6673,0.89031;100,10921,0.896124
44,32415;266,67799,1;56,4176,0.933333;59,6727,0.994574;96,6876,0.886434;107,11411,0.893023
45,32363;261,66113,1;46,3993,0.952326;62,6462,0.989922;92,6673,0.873643;99,11072,0.883333
44,32002;266,67990,1;43,3688,0.94845;51,5831,0.99186;78,5935,0.879457;91,10048,0.883333
45,32362;285,67025,1;44,3989,0.945349;56,6509,0.993411;88,6579,0.874806;97,10804,0.878295
45,32307;278,66159,1;43,4122,0.955426;59,6838,0.990698;89,6649,0.879845;114,11455,0.885271
44,32278;291,68505,1;50,4306,0.943023;63,6940,0.984496;93,6695,0.883721;101,10959,0.887984
45,32322;284,67628,1;47,4045,0.955039;66,6940,0.991473;95,6881,0.880233;98,10820,0.891085
44,32164;287,67098,1;51,3589,0.963566;51,5759,0.993411;79,5843,0.878295;87,9706,0.886822
45,32333;281,66228,1;50,3930,0.94845;62,6680,0.987209;90,6551,0.868605;101,10889,0.877519
44,32256;289,67238,1;51,4021,0.977132;59,6484,0.990698;86,6248,0.881783;93,10258,0.887597
44,31748;284,67386,1;40,3266,0.95969;49,5345,0.993023;75,5555,0.88062;86,9244,0.892248
42,30741;286,66847,1;42,3007,0.955814;49,5018,0.989147;71,5152,0.865891;80,8670,0.882946
42,30707;278,65328,1;36,2479,0.952713;41,4121,0.987984;60,4405,0.865116;69,7667,0.87907
41,29971;288,67439,1;29,2136,0.960465;37,3425,0.99186;48,3688,0.868605;59,6677,0.880233
40,28892;285,66847,1;24,1760,0.950388;36,3263,0.993411;48,3561,0.862791;56,6257,0.874419
33,23843;280,66202,1;35,1419,0.967829;35,2355,0.993023;32,2440,0.858915;39,4406,0.870155
26,18762;288,66619,1;30,918,0.976744;20,1394,0.993411;19,1512,0.85814;23,2645,0.874419
22,15733;286,67673,1;17,809,0.971318;20,1295,0.986434;22,1689,0.855039;25,2851,0.871705
17,12106;289,66712,1;21,518,0.965116;16,914,0.992636;13,1012,0.862791;18,2025,0.876744
16,11704;285,67444,1;22,355,0.974031;22,783,0.991473;10,744,0.85969;12,1396,0.873643
7,4802;268,67350,1;11,297,0.97093;12,626,0.992248;6,407,0.864729;8,880,0.875969
7,4784;260,66617,1;5,72,0.975969;19,272,0.993023;5,359,0.863566;5,604,0.875581
4,2925;263,67332,1;8,106,0.974806;8,280,0.992636;2,178,0.865116;3,343,0.877132
