44,33153;90,23812,0.983721;29,10635,0.94186;37,14614,0.994574;39,10647,0.963566;38,11780,0.987597
45,33334;88,23260,0.984496;21,6289,0.945736;27,9547,0.965891;26,6910,0.917054;26,7809,0.934884
45,33372;95,24836,0.999225;23,6943,0.936434;29,10358,0.966667;29,7571,0.865891;29,8531,0.918605
46,33318;92,24047,0.999225;24,6857,0.948062;30,10156,0.958915;29,7666,0.892248;30,8715,0.925581
47,33351;92,23983,0.994574;22,6517,0.89845;30,9974,0.953488;32,8135,0.917054;30,8724,0.934884
46,33285;93,24321,0.996124;21,6464,0.934109;31,10409,0.956589;30,7527,0.900775;46,8958,0.920155
46,33332;91,23580,0.987597;35,6466,0.91938;45,9937,0.973643;44,7537,0.896124;42,8164,0.888372
47,33289;91,23585,0.983721;33,6739,0.944961;43,9824,0.987597;43,7557,0.906977;44,8657,0.906202
53,33385;90,24051,0.993023;33,6775,0.934109;46,10399,0.98062;47,7982,0.874419;45,8765,0.912403
47,33352;89,23694,0.988372;33,6593,0.896899;46,10284,0.97907;44,7730,0.870543;45,8902,0.929457
48,33366;90,23556,0.989147;35,6975,0.954264;44,9965,0.982946;45,7797,0.910078;44,8435,0.896124
48,33346;88,23479,0.993798;35,6880,0.95814;44,9951,0.983721;44,7689,0.911628;46,8959,0.93876
47,33357;81,23309,0.994574;34,6710,0.948837;46,9955,0.983721;44,8032,0.890698;43,8784,0.923256
46,33371;79,23221,0.997674;32,6765,0.937984;43,10028,0.982946;44,7798,0.89845;41,8520,0.925581
47,33330;94,23836,0.993798;31,6412,0.909302;41,9895,0.975969;45,7765,0.892248;42,8761,0.908527
54,33331;92,24093,0.99845;32,6885,0.92093;45,10803,0.98062;45,8054,0.889922;44,8867,0.932558
48,33362;89,23321,0.994574;33,6818,0.927907;43,10170,0.982946;45,7994,0.909302;43,8739,0.925581
48,33336;91,24209,0.993798;32,6758,0.928682;43,10053,0.982171;42,7600,0.909302;43,8857,0.942636
48,33347;91,23598,0.997674;32,6719,0.93876;41,10141,0.984496;46,8183,0.886047;44,8847,0.928682
48,33353;87,24092,0.996124;33,6741,0.896899;43,10372,0.973643;44,7941,0.906202;46,9146,0.929457
49,33354;84,24451,1;33,6508,0.908527;46,10451,0.976744;52,8153,0.889922;49,9420,0.924806
49,33356;81,23398,0.994574;32,6911,0.931783;42,10251,0.955039;44,8117,0.873643;45,9244,0.930233
49,33369;80,23416,0.989922;34,7128,0.915504;47,11144,0.981395;46,8393,0.913953;48,9621,0.936434
47,33380;84,24597,0.994574;35,7322,0.927132;45,10867,0.972868;48,8493,0.911628;45,9014,0.935659
48,33343;84,24588,0.99845;24,7205,0.927907;29,10436,0.976744;33,8437,0.921705;33,9645,0.94186
48,33359;90,23478,0.985271;24,6876,0.927907;30,10396,0.988372;31,8060,0.913178;30,8724,0.932558
47,33386;90,23904,0.992248;25,7531,0.951938;31,11046,0.991473;32,8249,0.900775;32,9455,0.951163
47,33377;93,24457,0.993023;25,7144,0.953488;31,10742,0.981395;32,8308,0.878295;30,9070,0.942636
47,33377;89,23481,0.995349;25,7391,0.937209;31,10592,0.978295;31,8066,0.865116;32,9402,0.928682
49,33411;90,23492,0.992248;23,6942,0.928682;32,10903,0.985271;33,8379,0.913178;31,9021,0.918605
49,33387;90,23455,0.989922;22,6758,0.915504;30,10605,0.973643;32,8151,0.860465;31,9094,0.906202
48,33408;90,23796,0.996899;24,7128,0.933333;33,11095,0.991473;34,8495,0.910853;46,9526,0.930233
49,33390;93,23963,0.988372;33,7205,0.952713;44,10681,0.987597;45,8367,0.917054;32,9470,0.932558
49,33329;99,24300,0.996899;23,6861,0.932558;31,10537,0.969767;31,8134,0.924806;31,9073,0.952713
49,33392;90,24347,0.994574;24,7291,0.927132;32,11146,0.973643;35,8859,0.929457;34,9758,0.934884
48,33359;89,23929,0.989922;24,7333,0.930233;31,11012,0.983721;34,8474,0.92093;34,9862,0.944961
48,33350;93,24475,0.992248;26,7435,0.944961;31,11107,0.981395;32,8160,0.899225;31,9267,0.928682
48,33322;91,24618,0.996124;23,7030,0.92093;31,10759,0.990698;33,8300,0.908527;31,9045,0.933333
48,33416;101,23957,0.996899;25,7238,0.951163;31,11002,0.969767;32,8371,0.886047;31,9249,0.951938
55,33387;91,23951,0.990698;23,6961,0.914729;31,10772,0.975969;30,7582,0.879845;30,8799,0.933333
47,33388;94,25002,0.999225;24,7001,0.927907;34,11374,0.989147;33,8436,0.918605;32,9510,0.927132
47,33380;90,24407,0.982171;24,7297,0.949612;31,11117,0.982946;31,8074,0.909302;46,8965,0.915504
48,33398;91,24353,0.997674;37,7187,0.931008;47,11046,0.98062;48,8374,0.906977;48,9304,0.934109
48,33354;92,24725,0.99845;35,6904,0.902326;47,10597,0.975969;47,8118,0.89845;49,9316,0.917054
48,33396;95,24025,0.994574;36,7146,0.927132;49,11199,0.987597;51,8673,0.934109;51,9662,0.948837
48,33361;91,23625,0.999225;32,6810,0.931783;45,10590,0.988372;44,8125,0.931008;42,8652,0.93876
49,33337;93,23961,0.991473;31,6496,0.918605;45,10330,0.981395;48,8128,0.922481;42,8556,0.942636
49,33370;91,23716,0.996124;32,6936,0.939535;45,10353,0.98062;44,8008,0.890698;44,8723,0.912403
48,33372;91,24049,0.995349;33,7033,0.913178;45,10712,0.962791;48,8318,0.894574;49,9385,0.939535
48,33387;90,23752,0.992248;35,6910,0.937984;47,10613,0.955039;47,8066,0.906977;47,9123,0.910853
49,33384;94,24039,0.993023;35,7245,0.921705;48,10958,0.986047;36,8362,0.908527;33,9576,0.947287
49,33335;90,23691,0.986047;25,7197,0.951163;30,10566,0.972093;31,7744,0.882946;31,8894,0.937209
50,33327;92,24375,0.996124;22,6633,0.910853;30,10162,0.965891;33,8230,0.9;32,9257,0.943411
50,33374;91,23960,0.993798;23,7026,0.934109;47,10852,0.982171;46,8203,0.913953;47,9422,0.944961
49,33380;94,24683,0.990698;33,7064,0.925581;48,11128,0.986047;48,8535,0.894574;48,9530,0.921705
64,33363;92,24094,0.994574;34,7160,0.934109;46,10828,0.985271;45,7996,0.86124;47,9441,0.935659
53,33338;93,24488,0.996899;31,6603,0.916279;45,10366,0.966667;45,7792,0.842636;43,8317,0.904651
52,33364;95,25004,0.995349;38,7245,0.928682;49,11039,0.977519;46,8488,0.874419;47,9749,0.923256
50,33368;94,24708,0.997674;33,7188,0.927907;44,11021,0.97907;46,8464,0.918605;45,9452,0.945736
57,33410;97,24049,0.993798;33,7273,0.937984;46,11267,0.983721;43,7989,0.892248;47,8983,0.916279
48,33417;94,24653,0.996899;40,7222,0.92093;52,11248,0.975194;54,8608,0.916279;52,9434,0.926357
53,33415;94,24467,0.996124;37,6964,0.922481;51,10652,0.978295;51,8739,0.920155;48,9520,0.930233
52,33353;91,23544,0.997674;35,6789,0.91938;45,10351,0.973643;46,8003,0.87907;46,9032,0.92093
53,33371;91,24271,0.996899;34,7091,0.956589;51,10965,0.981395;49,8520,0.893798;48,9514,0.932558
53,33386;95,24626,0.999225;35,7017,0.923256;48,11045,0.972093;48,8015,0.845736;52,9732,0.932558
53,33376;91,23777,0.996124;38,7359,0.955814;49,10773,0.988372;54,8858,0.935659;49,9434,0.942636
52,33339;89,23774,0.981395;38,6460,0.900775;47,10106,0.972868;46,7828,0.906977;46,8683,0.92093
52,33374;92,24620,0.989922;37,7058,0.936434;50,10812,0.971318;48,8283,0.922481;52,9777,0.925581
52,33364;90,24173,0.996124;36,6920,0.943411;48,10503,0.991473;49,8117,0.934109;46,8629,0.936434
52,33387;90,24081,0.993798;37,7345,0.95814;47,10585,0.974419;47,7956,0.904651;49,9370,0.950388
52,33334;90,23996,0.996899;36,6910,0.944961;48,10391,0.982171;46,7901,0.896899;47,8962,0.943411
52,33367;89,23733,0.994574;36,7107,0.94031;52,10995,0.970543;49,8278,0.937984;46,8856,0.930233
57,33354;96,24025,0.994574;35,6992,0.950388;48,10847,0.990698;46,7877,0.881395;48,9190,0.924031
47,33385;92,24349,0.989147;37,7191,0.952713;48,10822,0.974419;46,8142,0.855814;45,8968,0.932558
47,33358;89,24235,0.993798;34,6879,0.930233;45,10536,0.984496;46,8163,0.914729;48,9485,0.94186
48,33256;91,24030,0.994574;23,6673,0.933333;30,10170,0.964341;33,7973,0.893798;31,8724,0.94031
48,33385;96,22980,0.986822;23,6573,0.923256;30,10290,0.957364;32,8173,0.895349;30,8835,0.942636
48,33400;92,24380,0.996899;25,7239,0.924806;33,11353,0.989922;35,8936,0.945736;32,9378,0.946512
48,33347;91,24499,0.984496;24,6937,0.922481;31,10991,0.978295;32,8232,0.921705;31,9073,0.930233
47,33344;92,24286,0.991473;22,6732,0.929457;30,10591,0.984496;29,7620,0.900775;31,8930,0.937984
48,33387;92,24300,0.996124;36,7092,0.914729;48,10823,0.972868;49,8282,0.893798;49,9465,0.924806
48,33424;89,23830,0.992248;36,7095,0.943411;48,10507,0.968992;48,8290,0.915504;47,8979,0.899225
48,33399;91,23726,0.987597;37,7318,0.950388;48,10753,0.991473;50,8400,0.886047;50,9628,0.949612
48,33346;82,23837,0.996899;35,6957,0.942636;46,10413,0.973643;46,7880,0.89845;31,9022,0.94186
49,33360;81,23824,0.992248;24,7058,0.948062;31,10964,0.982946;32,8208,0.928682;33,9553,0.934109
48,33410;81,24266,0.993798;24,7107,0.944961;32,11381,0.995349;33,8320,0.914729;33,9688,0.929457
48,33395;80,23612,0.996124;23,6851,0.937209;47,10614,0.97907;49,8303,0.917829;48,9187,0.937984
48,33389;99,24232,0.996899;35,6925,0.930233;47,10688,0.979845;48,8096,0.912403;48,9233,0.935659
48,33283;81,24255,0.999225;34,6465,0.925581;44,9960,0.984496;40,7223,0.874419;42,8664,0.927132
48,33267;80,23663,0.997674;33,6456,0.912403;42,9586,0.972868;43,7648,0.918605;43,8723,0.937209
49,33369;88,23953,0.999225;35,7060,0.925581;46,10622,0.996899;47,8386,0.917829;44,8829,0.934109
51,33358;84,24477,0.995349;33,7213,0.937209;46,11173,0.98062;46,8255,0.884496;48,9717,0.945736
51,33400;83,24244,0.996899;35,7394,0.945736;46,10842,0.982171;46,8183,0.909302;49,9617,0.935659
50,33356;82,24021,0.994574;34,7032,0.941085;45,10463,0.983721;46,8225,0.924806;44,8822,0.913953
51,33357;82,23909,0.996899;34,6936,0.945736;46,10687,0.976744;46,8048,0.877519;45,9031,0.927132
50,33363;82,23680,0.995349;35,6629,0.912403;45,10240,0.977519;46,8035,0.879845;49,8864,0.910078
49,33361;81,23973,0.99845;38,6992,0.937209;51,10655,0.981395;52,8268,0.904651;52,9133,0.94031
51,33339;82,24048,0.996899;38,6687,0.934884;51,10547,0.977519;44,8090,0.89845;46,9367,0.937984
50,33394;82,23665,0.98062;36,6751,0.928682;47,10659,0.974419;44,8044,0.917054;45,8982,0.929457
50,33368;82,23908,0.990698;33,6860,0.941085;46,10586,0.965891;45,8180,0.91938;47,9445,0.944186
49,33347;82,24186,0.999225;35,6825,0.939535;45,10801,0.993798;46,8169,0.924806;44,8996,0.950388
50,33388;85,24542,0.997674;34,7059,0.93876;46,11000,0.967442;45,7939,0.895349;44,8869,0.931008
50,33391;83,24140,0.99845;34,7142,0.952713;45,10759,0.97907;43,7841,0.851938;45,9126,0.918605
49,33376;83,24288,0.995349;33,7000,0.924806;45,10527,0.981395;47,8348,0.888372;47,9277,0.927132
51,33367;83,24112,0.986822;34,7131,0.951938;44,10786,0.982171;46,8112,0.885271;48,9345,0.94031
49,33383;83,24059,0.989147;35,7253,0.942636;47,10649,0.976744;45,8090,0.917054;45,9079,0.924031
48,33405;81,24021,0.992248;34,7052,0.922481;46,10897,0.984496;49,8415,0.922481;51,9835,0.927907
61,33381;83,24184,0.990698;35,7036,0.931783;53,10707,0.985271;45,7792,0.927132;44,8595,0.937209
50,33329;80,23569,0.985271;33,6794,0.893798;46,10733,0.96124;46,8018,0.887597;46,9094,0.925581
49,33381;83,23962,0.993798;36,7261,0.943411;45,10650,0.975194;48,8308,0.889922;47,9298,0.936434
49,33399;82,24070,0.992248;36,7262,0.939535;49,11164,0.985271;50,8563,0.913953;45,8840,0.944186
49,33388;81,23844,0.996124;35,6958,0.904651;47,10607,0.965116;51,8673,0.910853;49,9537,0.948837
48,33376;82,23868,0.997674;36,6691,0.903101;47,10270,0.975194;49,8102,0.897674;46,8757,0.923256
48,33351;82,23828,0.989922;36,7076,0.927907;51,11243,0.970543;48,8263,0.918605;50,9593,0.913178
49,33346;83,24753,0.995349;36,7148,0.965116;47,10715,0.982171;48,8284,0.893023;46,8795,0.905426
49,33360;89,24395,0.989922;36,6982,0.937209;49,10687,0.976744;48,8091,0.890698;48,9247,0.934109
50,33368;90,24044,0.984496;35,6882,0.933333;46,10539,0.960465;45,7808,0.870543;46,8912,0.927907
50,33366;92,24452,0.989922;35,7005,0.937209;51,11099,0.986822;47,8093,0.910853;49,9451,0.931008
50,33377;91,24040,0.995349;36,7122,0.921705;47,10931,0.987597;46,8065,0.882946;44,8729,0.900775
49,33380;90,23729,0.986822;34,7179,0.95814;45,10880,0.982946;43,7795,0.887597;45,9213,0.937984
50,33384;90,23604,0.995349;36,7188,0.933333;47,10635,0.988372;44,8268,0.900775;31,8990,0.934884
51,33342;91,24118,0.997674;22,6790,0.872868;37,10493,0.975194;44,7932,0.904651;44,9071,0.927132
50,33397;88,23444,0.984496;34,7193,0.948062;44,10578,0.981395;46,8392,0.886047;47,9533,0.927907
51,33366;90,24334,0.993023;32,6741,0.951163;44,10399,0.98062;44,8022,0.9;45,9230,0.944186
51,33365;84,24425,0.993798;32,6744,0.910078;44,10493,0.969767;43,7952,0.920155;42,8586,0.936434
58,33354;82,23855,0.996899;34,7067,0.951163;47,10576,0.991473;43,7858,0.887597;42,8712,0.935659
52,33350;81,23903,0.99845;34,7055,0.939535;43,10391,0.986822;47,8454,0.925581;46,9346,0.949612
53,33370;82,23884,0.989147;33,7136,0.965116;43,10544,0.98062;31,8054,0.889147;30,8832,0.94031
50,33367;87,24627,0.994574;24,7380,0.955039;31,11367,0.984496;34,8783,0.942636;31,9321,0.934109
52,33394;84,24295,0.986047;25,6980,0.925581;30,10758,0.972868;31,7975,0.887597;32,9328,0.94186
51,33348;82,23913,0.997674;31,6788,0.918605;44,10879,0.974419;40,7580,0.84031;31,9130,0.928682
51,33378;86,24010,0.992248;23,6877,0.912403;31,10510,0.958915;33,8406,0.924031;30,9000,0.924806
52,33372;82,24160,0.994574;24,7396,0.946512;32,10928,0.985271;31,8037,0.912403;32,9479,0.939535
50,33411;82,24147,0.997674;26,7607,0.956589;32,11364,0.972093;33,8496,0.915504;32,9347,0.917054
53,33333;93,23420,0.991473;35,7140,0.934884;46,10642,0.989147;50,8266,0.906977;48,9290,0.951163
49,33391;90,24148,0.990698;35,7213,0.933333;47,10806,0.982171;50,8336,0.90155;48,9360,0.941085
50,33380;91,24354,0.990698;39,7299,0.910853;49,11315,0.986822;45,8216,0.905426;46,9560,0.948062
50,33374;90,24117,0.994574;33,7064,0.93876;45,10878,0.984496;44,7969,0.887597;44,9063,0.912403
52,33388;88,23577,0.985271;37,7290,0.951163;49,11198,0.976744;52,8699,0.920155;50,9483,0.937209
50,33251;91,24296,0.996899;35,6793,0.910853;45,10213,0.972868;44,7675,0.872868;46,9072,0.934109
53,33342;89,24559,0.99845;34,6990,0.941085;29,10337,0.96124;31,7738,0.858915;29,8439,0.872093
52,33354;95,23545,0.97907;23,6803,0.927132;32,10934,0.984496;32,8186,0.897674;30,8888,0.927132
51,33426;89,23720,0.995349;23,7074,0.917829;30,10515,0.977519;30,7752,0.862791;31,8809,0.934109
65,33368;92,24319,0.997674;25,7266,0.904651;32,10877,0.978295;33,8307,0.892248;31,9058,0.910078
50,33340;92,24388,0.989147;23,6632,0.939535;29,9963,0.965891;30,7754,0.900775;30,8762,0.936434
51,33371;96,24230,0.996124;34,6890,0.923256;46,10620,0.988372;43,7768,0.908527;45,9010,0.927132
49,33388;89,23822,1;33,6662,0.944186;44,10253,0.975969;47,8042,0.835659;45,9082,0.910853
48,33277;92,24191,0.989147;33,6744,0.950388;45,10156,0.965891;44,7697,0.879845;47,9166,0.904651
48,33390;90,23807,0.987597;35,6911,0.928682;46,10794,0.991473;47,7951,0.906977;44,8476,0.878295
47,33331;91,23998,0.989147;33,6603,0.921705;46,10502,0.985271;47,8083,0.893798;45,8696,0.906977
48,33316;95,24445,0.996899;33,6746,0.929457;46,10492,0.97907;49,8364,0.937209;47,9049,0.942636
48,33379;92,24480,0.994574;35,6964,0.934884;45,10394,0.98062;47,7991,0.889147;49,9254,0.943411
47,33334;91,23923,0.99845;37,7113,0.94031;50,10980,0.98062;46,7909,0.915504;46,8756,0.94186
48,33351;92,24099,0.993023;35,6785,0.933333;46,10445,0.987597;44,7702,0.909302;44,8394,0.918605
48,33293;93,24841,0.99845;34,6617,0.94031;44,10191,0.975194;44,7470,0.885271;45,8729,0.933333
48,33381;90,23971,0.997674;35,6998,0.917054;47,11016,0.990698;47,8247,0.907752;47,9505,0.934884
48,33373;94,23515,0.997674;35,6868,0.955814;43,10149,0.957364;46,8113,0.91938;47,9099,0.941085
48,33352;88,23731,0.993798;33,6580,0.913178;45,10377,0.98062;46,7829,0.923256;45,8727,0.939535
58,33341;93,24172,0.99845;36,6873,0.916279;48,10545,0.989147;46,7895,0.914729;30,8827,0.939535
47,33327;88,23427,0.996124;22,6563,0.930233;29,9958,0.97907;30,7740,0.882946;31,9035,0.94186
47,33397;92,24588,0.976744;27,7413,0.935659;32,11460,0.989147;33,8325,0.895349;31,9085,0.930233
48,33387;95,24031,0.994574;23,6852,0.956589;30,10470,0.986822;31,8070,0.909302;32,9311,0.94186
47,33354;89,23318,0.997674;23,6758,0.924806;29,10288,0.975969;32,8270,0.907752;31,9010,0.935659
47,33353;91,23899,0.99845;22,6666,0.932558;31,10322,0.97907;33,8285,0.902326;30,9174,0.924031
47,33376;91,23818,0.989922;34,6875,0.945736;43,10438,0.976744;44,7959,0.888372;44,8842,0.922481
48,33320;91,23764,0.992248;31,6495,0.943411;43,10028,0.978295;42,7696,0.872093;45,8817,0.915504
48,33349;90,24003,0.996124;35,6545,0.94031;46,9951,0.970543;43,7589,0.886822;43,8283,0.927132
46,33325;98,23921,0.989922;29,6177,0.894574;41,9602,0.982171;42,7727,0.896899;42,8561,0.922481
48,33318;91,24002,0.986822;30,6350,0.930233;41,9588,0.973643;39,7164,0.85969;40,8375,0.916279
56,33297;93,23110,1;28,5989,0.916279;39,9086,0.993023;39,7159,0.905426;39,7955,0.934109
47,33351;90,23830,1;33,6522,0.927907;44,9928,0.976744;42,7801,0.895349;43,8695,0.893798
47,33358;91,23737,0.996124;34,6858,0.937209;43,9958,0.984496;44,7968,0.889147;45,9048,0.906977
46,33335;91,23979,0.996899;30,6476,0.927907;42,10144,0.982946;45,8220,0.933333;45,9165,0.922481
46,33300;91,23634,0.995349;29,6194,0.93876;40,9622,0.989147;39,7436,0.903876;44,8777,0.917054
47,33326;89,23408,0.996899;32,6373,0.942636;41,9502,0.993023;44,7639,0.890698;44,8584,0.923256
46,33284;90,23601,0.988372;30,6084,0.95969;42,9218,0.984496;46,8182,0.889922;44,8719,0.910078
47,33190;92,23923,0.99845;31,5524,0.925581;39,8903,0.975969;42,7449,0.896124;44,8806,0.909302
49,32936;91,24309,0.999225;30,5499,0.929457;37,8085,0.952713;38,6936,0.877519;41,8123,0.909302
51,32903;89,23221,0.990698;24,4783,0.94186;35,7688,0.985271;34,6148,0.905426;36,7325,0.897674
48,31952;97,23792,0.986822;22,3921,0.91938;31,6806,0.98062;34,6045,0.904651;34,6832,0.909302
49,32104;88,23077,0.986047;22,3944,0.934109;30,6403,0.979845;31,5714,0.897674;34,6807,0.896124
48,31386;88,23484,0.997674;20,3577,0.937984;26,5725,0.958915;29,5099,0.883721;31,6158,0.874419
43,28630;91,23810,0.991473;17,2891,0.942636;20,4034,0.981395;22,4088,0.883721;24,4933,0.881395
43,28110;90,23514,0.990698;15,2346,0.949612;18,3738,0.979845;20,3601,0.868217;22,4052,0.871318
43,24680;90,23853,1;12,1742,0.921705;17,2837,0.968217;15,2619,0.870543;17,3075,0.867442
33,22886;90,23772,0.988372;11,1269,0.937209;14,2306,0.960465;15,2574,0.866667;16,3069,0.872093
29,20514;92,23653,0.999225;10,1196,0.944186;12,1895,0.963566;11,1917,0.874419;10,2267,0.883721
25,17578;93,23713,0.984496;8,1227,0.949612;12,2127,0.971318;12,2126,0.877519;11,2320,0.88062
21,14854;94,23949,0.986047;8,1032,0.950388;12,1778,0.967442;9,1688,0.865116;10,2060,0.867442
15,10871;90,23870,0.99845;6,505,0.945736;7,1025,0.976744;4,900,0.864341;5,1149,0.85814
10,7194;91,24021,0.987597;4,293,0.96124;4,562,0.979845;2,526,0.862791;2,601,0.849612
4,2986;88,23300,0.997674;2,137,0.960465;5,252,0.98062;1,216,0.862016;1,213,0.848837
2,1761;91,23872,0.995349;2,93,0.955039;3,215,0.97907;1,176,0.858915;1,190,0.846512
2,1015;90,23632,0.996899;4,156,0.95814;4,183,0.975969;1,169,0.857364;1,168,0.846512
2,1516;89,23526,0.996899;4,86,0.958915;8,301,0.979845;1,144,0.860465;1,219,0.847287
