34,33153;385,67198,1;111,12428,0.97907;132,15803,0.994961;231,12484,0.986822;204,15945,0.999225
32,32300;382,66309,1;50,3317,0.944961;73,5874,0.990698;94,5806,0.964341;115,9392,0.973256
46,32206;382,66388,1;52,3292,0.949225;63,5019,0.989922;99,5606,0.942636;111,8924,0.946512
33,32158;383,66336,1;53,3346,0.94186;65,5397,0.986047;95,5254,0.931783;108,8789,0.94031
34,32016;383,66827,1;53,3410,0.956977;71,5383,0.979845;96,5555,0.916667;111,8958,0.924419
33,32008;385,67234,1;55,3345,0.955039;67,5375,0.984884;98,5370,0.915116;110,8683,0.916667
34,32209;382,66264,1;48,3300,0.948837;65,5361,0.984884;97,5524,0.908527;107,9244,0.908915
35,32174;389,68372,1;46,3428,0.937597;62,5739,0.976357;109,5824,0.906589;138,9674,0.906977
32,32239;386,67693,1;56,3257,0.945736;76,5433,0.98062;109,5309,0.901938;127,9044,0.900775
34,32309;389,68686,1;59,3506,0.96124;76,5494,0.988372;117,5655,0.893411;134,9385,0.895349
35,31340;385,67696,1;58,3258,0.952713;73,4973,0.982171;106,5255,0.88876;123,8713,0.892248
35,32234;389,68055,1;64,3481,0.956977;73,5444,0.993023;113,5511,0.889147;128,8998,0.889147
31,32088;384,67035,1;58,3170,0.945349;78,5082,0.98062;111,5405,0.885271;130,9200,0.887209
33,32314;388,67752,1;54,3453,0.965504;73,5218,0.991085;111,5481,0.886047;132,9395,0.885271
33,32136;390,68227,1;67,3332,0.94031;83,5468,0.982558;112,5397,0.881008;129,9050,0.884884
33,32165;388,68033,1;57,3037,0.947287;78,5261,0.988372;115,5577,0.881008;129,9123,0.884109
33,32284;389,68232,1;67,3750,0.949612;83,5968,0.979457;132,6201,0.877519;149,10409,0.88062
33,32122;386,67505,1;48,3043,0.956589;67,4750,0.987209;106,5144,0.868992;122,8621,0.875194
32,31892;392,67843,1;54,3395,0.950775;56,5429,0.991085;92,5475,0.869767;105,9219,0.875581
34,31940;380,66061,1;54,3575,0.951938;58,5265,0.988372;91,5301,0.862403;102,8776,0.875969
33,31542;386,67143,0.999612;50,3236,0.959302;57,4976,0.987597;85,5114,0.860853;91,8077,0.875581
36,32291;388,67653,0.999612;52,3531,0.950388;62,5788,0.989535;102,5936,0.867442;117,10107,0.865891
37,32087;386,67490,1;56,3723,0.949612;64,5782,0.985659;98,5643,0.868605;113,9837,0.868992
34,32067;385,68012,1;49,3659,0.960853;66,5993,0.992636;95,5601,0.866667;108,9435,0.86938
33,32218;387,68135,1;48,3458,0.965116;63,5611,0.993411;96,5649,0.860853;111,9465,0.863178
33,32320;381,66904,1;48,3590,0.95;62,5964,0.991085;106,6120,0.881008;119,10288,0.875581
33,32297;388,68360,1;48,3702,0.941473;66,6281,0.993411;105,6044,0.876357;118,10169,0.872093
34,32228;386,68433,0.999612;54,3590,0.953876;64,5848,0.991085;96,5650,0.864341;112,9599,0.859302
33,32174;391,68817,1;47,3499,0.94031;62,5794,0.989147;96,5616,0.85969;109,9379,0.856202
33,32117;386,67990,1;45,3239,0.94186;60,5166,0.988372;87,5163,0.867442;102,8754,0.868992
33,32261;385,67679,1;47,3378,0.94845;63,5604,0.987597;104,5577,0.868992;123,9533,0.871705
32,30935;392,69268,1;57,3241,0.954651;68,5255,0.99186;98,5117,0.864729;109,8497,0.866279
33,32074;390,68784,1;77,3802,0.931395;74,6193,0.989147;116,6009,0.866667;133,10149,0.872093
32,32218;387,68273,1;52,3510,0.943023;70,5643,0.988372;109,5650,0.866667;123,9428,0.876357
32,31619;390,68498,1;51,3410,0.944186;66,5502,0.986434;92,5428,0.875581;104,9073,0.882946
33,32182;392,68402,1;48,3370,0.964341;59,5462,0.994186;94,5464,0.870155;118,9226,0.875969
33,32276;383,67014,1;56,3847,0.959302;74,5946,0.99031;116,6058,0.867054;129,10007,0.875194
34,32271;383,67166,1;60,3703,0.96124;76,5995,0.983333;111,5860,0.867442;126,9857,0.874806
33,31729;388,68367,1;57,3493,0.947287;71,5486,0.984884;106,5551,0.85814;118,9093,0.870155
34,32204;387,68264,1;57,3777,0.94845;64,5950,0.987209;92,5413,0.854651;105,9249,0.863953
33,32039;391,67976,1;60,3554,0.949225;69,5679,0.978295;106,5636,0.860853;120,9289,0.865116
33,32163;383,66910,0.999612;57,3542,0.946124;67,5553,0.987984;107,5711,0.863953;122,9498,0.867442
33,32226;382,66884,1;57,3413,0.934496;70,5692,0.973256;114,6047,0.870543;125,9819,0.872868
33,32125;382,66414,1;57,3383,0.936434;73,5677,0.979845;106,5696,0.873643;120,9389,0.871705
33,32242;384,67224,1;48,3505,0.952713;57,5525,0.987597;101,6031,0.867442;115,9941,0.866667
34,32129;386,67318,1;50,3424,0.957752;63,5579,0.989922;110,5765,0.873256;125,9667,0.873643
32,31883;388,68262,1;62,3482,0.968605;68,5549,0.988372;109,5661,0.870155;118,9125,0.867054
34,32271;386,67699,1;56,3304,0.960078;67,5324,0.991085;106,5590,0.866279;119,9279,0.862403
33,32245;386,68048,1;52,3245,0.949612;67,5448,0.982946;105,5581,0.868217;114,8926,0.860853
33,32062;386,67279,1;47,3447,0.953488;60,5207,0.981395;129,5602,0.863953;105,9041,0.85969
34,31896;380,65946,1;44,3278,0.935271;61,5433,0.981783;90,5309,0.878682;99,8556,0.873643
34,32179;382,66666,1;47,3584,0.960853;61,5599,0.993023;96,5661,0.877907;108,9249,0.874031
35,32124;388,67860,1;43,3080,0.947674;67,5353,0.992248;92,5440,0.875581;107,9296,0.871318
34,32139;384,66793,1;49,3462,0.947287;60,5464,0.990698;87,5260,0.865116;99,8729,0.868605
34,32156;383,66882,1;41,3187,0.934884;59,5235,0.987984;91,5353,0.858915;100,8738,0.858915
34,32045;384,67215,1;44,3267,0.944186;60,5418,0.989922;76,5582,0.85;94,9332,0.85969
34,32115;387,67599,1;55,3222,0.947287;55,5056,0.980233;90,5342,0.852326;101,8881,0.854264
34,32218;389,68638,1;49,3526,0.955039;64,5646,0.993798;96,5694,0.856977;111,9500,0.856589
34,32277;391,68968,1;46,3357,0.945349;59,5485,0.991085;92,5468,0.866279;105,9229,0.866667
34,31727;387,67908,0.999612;46,3269,0.942636;61,5213,0.993798;85,5042,0.860853;104,8953,0.856977
34,32252;388,67455,1;53,3132,0.947674;59,5332,0.99031;90,5409,0.865116;104,9192,0.862791
34,32227;385,67458,1;46,3421,0.954264;59,5586,0.991085;96,5691,0.868605;109,9471,0.861628
34,32155;386,67198,1;53,3373,0.950775;64,5694,0.984884;92,5511,0.865504;108,9381,0.862403
33,32191;387,67430,1;46,3252,0.939147;63,5497,0.987984;95,5588,0.865504;111,9543,0.863953
34,32253;381,66539,1;50,3259,0.953488;59,5428,0.99031;97,5722,0.875194;109,9601,0.868992
32,32036;384,67320,1;45,3467,0.952713;61,5536,0.981008;99,5782,0.864729;109,9347,0.865116
32,31874;388,68004,1;46,3247,0.969767;53,4906,0.986047;86,5148,0.865504;99,8468,0.863566
33,32103;388,67426,1;41,2926,0.960078;53,4704,0.985659;84,5096,0.864341;96,8320,0.863953
34,32077;384,67318,0.999612;48,3056,0.952713;60,4952,0.984884;88,5326,0.868605;99,8604,0.866667
33,32086;363,67840,1;49,3405,0.960078;58,5453,0.984109;92,5450,0.868605;107,9253,0.875194
33,31930;374,66921,1;55,3583,0.937984;60,5582,0.984109;98,5665,0.872093;114,9692,0.878295
33,32218;358,66715,1;53,3570,0.939535;66,5893,0.99031;106,6007,0.867829;116,9716,0.874031
34,32176;363,67756,1;47,3455,0.945349;60,5548,0.99031;95,5560,0.869767;107,9298,0.873256
33,31928;361,68113,1;56,3766,0.953876;63,5940,0.989147;96,5588,0.871318;109,9367,0.877907
33,32098;362,68263,0.999225;53,3759,0.956589;63,5805,0.993411;99,5703,0.864729;116,9862,0.869767
34,31772;355,66904,1;47,3396,0.95969;59,5426,0.989922;93,5322,0.863953;104,8945,0.878682
34,32218;361,68240,0.999612;47,3726,0.952713;65,6033,0.987984;104,5886,0.871705;113,9668,0.883721
34,32060;362,67795,1;53,3692,0.954264;63,5952,0.991085;101,5878,0.870543;111,9597,0.88876
34,32142;361,67323,0.999612;48,3514,0.941085;67,5819,0.984884;99,5743,0.868605;109,9521,0.886047
34,32275;361,66867,1;52,3376,0.938372;57,5258,0.982171;98,5835,0.874031;109,9410,0.886434
34,32111;361,67817,1;52,3584,0.938372;64,5940,0.987984;94,5473,0.870543;105,9110,0.883721
34,31919;358,67528,1;50,3668,0.95814;61,5819,0.987209;97,5613,0.874031;105,9120,0.883721
34,32241;361,68518,1;46,3460,0.957752;60,5295,0.981783;91,5423,0.863566;103,9073,0.877132
34,31979;359,67874,1;45,3292,0.956977;75,5449,0.982558;96,5595,0.864341;106,9189,0.877907
34,32286;371,67693,1;44,3432,0.948062;65,5928,0.989922;102,5927,0.874806;115,9731,0.878295
34,32254;364,67423,1;51,3407,0.94845;63,5717,0.986434;95,5566,0.873256;110,9468,0.874419
34,31985;360,68191,1;39,3065,0.951938;59,5242,0.988372;88,5188,0.873256;101,8781,0.874806
34,32202;363,68451,1;48,3717,0.954651;59,5899,0.986434;104,5972,0.872868;120,10109,0.874419
34,31748;357,67080,1;47,3455,0.955039;62,5512,0.989147;99,5696,0.870155;104,9055,0.881783
34,32152;363,67990,1;50,3233,0.947674;62,5378,0.986822;94,5616,0.868217;109,9364,0.874031
34,32002;366,68457,1;57,3715,0.945349;67,5878,0.984496;100,5880,0.877132;114,9712,0.886047
34,32045;365,67082,1;57,3745,0.95814;61,5763,0.986047;101,5914,0.875969;108,9348,0.882558
34,32086;359,66291,1;49,3425,0.956589;67,5810,0.991085;99,5848,0.881008;109,9346,0.882171
34,32254;370,68239,1;48,3522,0.93062;68,5852,0.984496;102,5913,0.878682;117,9991,0.876357
43,31738;363,67655,1;45,3495,0.948062;63,5824,0.985659;96,5639,0.88062;109,9405,0.881008
34,31796;365,67607,1;47,3577,0.958527;59,5290,0.987984;96,5563,0.87907;110,9211,0.884109
34,32107;361,67431,1;51,3240,0.94031;70,5413,0.986434;94,5472,0.867829;106,9071,0.878682
34,32130;357,66561,1;50,3371,0.939535;67,5832,0.987984;103,5897,0.871318;116,9854,0.877907
35,32015;364,66805,0.999225;47,3386,0.967829;58,5209,0.99186;93,5448,0.871318;106,9209,0.877132
35,32085;363,67649,0.999225;47,3493,0.957752;71,5656,0.98876;96,5539,0.876357;110,9416,0.880233
34,31851;362,67867,1;49,3342,0.941085;62,5522,0.982558;100,5667,0.87093;110,9356,0.876744
34,31764;366,66905,1;43,3282,0.937597;63,5529,0.983333;100,5652,0.872481;110,9466,0.878682
34,32066;365,68312,1;51,3461,0.946899;59,5335,0.981783;96,5628,0.860078;108,9290,0.873256
34,32154;362,68014,1;48,3460,0.944574;60,5501,0.985659;98,5674,0.865504;111,9638,0.874419
33,32045;362,68295,1;50,3566,0.945349;66,5572,0.979457;97,5504,0.867442;115,9400,0.87093
35,32029;359,66430,1;58,3273,0.951163;62,5216,0.985271;90,5304,0.863953;107,9202,0.868217
34,32016;357,66688,1;48,3390,0.946124;60,5435,0.981008;101,5653,0.869767;107,9128,0.875581
36,32182;362,67510,1;57,3752,0.949225;68,5868,0.986822;98,5553,0.866667;113,9481,0.87907
34,31710;358,66454,1;50,3247,0.947674;58,5158,0.987209;89,5194,0.872481;103,8723,0.882558
35,32193;367,67213,1;55,3774,0.95155;65,6087,0.989147;106,5968,0.872868;122,9636,0.885271
34,32109;355,65558,1;48,3227,0.942248;64,5357,0.984109;96,5459,0.868992;103,8677,0.87093
36,32089;362,67252,1;49,3458,0.943411;63,5805,0.989147;96,5522,0.868992;106,8948,0.868992
35,32229;362,67571,1;48,3499,0.933333;63,5703,0.986822;101,5811,0.863953;116,9671,0.871705
35,32238;354,65897,1;52,3668,0.922481;70,6299,0.988372;103,5769,0.855039;118,9945,0.878682
34,32239;363,67166,1;46,3322,0.936434;64,5390,0.975194;93,5454,0.847674;108,9289,0.882171
35,31943;359,66687,1;53,3568,0.946512;66,5671,0.972093;97,5507,0.842248;113,9494,0.881395
35,32222;359,66578,1;41,3074,0.92907;61,5582,0.986434;96,5608,0.85969;108,9326,0.878295
35,32239;364,66953,1;50,3316,0.946512;64,5450,0.984884;97,5646,0.867054;110,9497,0.874419
35,31655;364,67776,1;49,3325,0.940698;71,5605,0.987209;95,5563,0.877132;101,8866,0.881783
35,32223;359,67028,1;54,3737,0.946899;69,6144,0.98876;106,6003,0.872481;122,10205,0.882946
36,32131;361,68010,0.999612;50,3237,0.923256;63,5671,0.987209;100,5782,0.868992;112,9408,0.87907
36,31784;364,68364,1;51,3812,0.951163;61,5738,0.986434;99,5719,0.874419;108,9262,0.881008
38,32315;358,67341,0.999612;49,3758,0.950775;64,6150,0.994186;101,5863,0.868992;116,9790,0.881008
35,32190;363,68652,1;49,3764,0.952326;61,5961,0.989147;106,5602,0.874031;115,9648,0.887984
34,32071;362,68040,1;51,3865,0.971318;63,5795,0.992636;101,5602,0.879457;111,9459,0.887597
36,31833;369,68701,1;42,3306,0.958527;57,5116,0.987209;91,5173,0.873643;100,8684,0.880233
36,31878;365,67558,0.999612;49,3520,0.944186;63,5489,0.994961;102,5777,0.868605;113,9551,0.877132
36,32202;361,67176,1;49,3512,0.947674;58,5444,0.976357;100,5638,0.85814;115,9717,0.871318
37,32319;358,66941,1;49,3584,0.950388;67,6317,0.993411;105,5957,0.855039;122,10273,0.867442
37,32270;363,67973,1;58,3603,0.946512;66,5855,0.991085;104,5912,0.853488;115,9693,0.865116
37,32217;361,67373,1;54,3808,0.964729;63,5671,0.989147;103,5879,0.855426;115,9794,0.868992
37,32162;355,66291,1;52,3490,0.96124;68,5702,0.988372;103,5789,0.861628;114,9679,0.865891
37,32290;365,68275,1;45,3462,0.94186;71,5887,0.985271;106,5993,0.856202;117,9832,0.863566
37,31859;362,67589,1;54,3844,0.955814;62,5967,0.984884;101,5567,0.857364;114,9475,0.863178
35,32170;364,66935,1;49,3626,0.942636;70,6001,0.99186;105,5941,0.863178;118,9928,0.868217
35,32187;381,68351,1;47,3460,0.955039;59,5780,0.990698;98,5589,0.856977;111,9429,0.868992
35,32132;361,67466,1;53,3761,0.953488;67,5936,0.986822;118,6032,0.857364;126,10427,0.869767
36,32239;357,66381,1;58,3561,0.945349;65,5935,0.987209;106,5870,0.861628;118,9921,0.872481
37,32057;358,66662,1;57,3799,0.951163;69,6043,0.986434;104,5877,0.856589;118,9818,0.871705
35,32178;361,67043,1;49,3650,0.951163;65,5851,0.990698;107,6005,0.853488;120,10039,0.869767
36,32260;369,68171,1;50,3561,0.944574;62,5761,0.982171;96,5480,0.855039;115,9819,0.872093
35,32115;360,67345,1;51,3633,0.939147;65,5879,0.986047;103,5671,0.86124;116,9698,0.878295
35,32002;365,67325,1;48,3720,0.946124;67,5953,0.987984;101,5554,0.86124;113,9558,0.881395
35,31890;365,68749,1;49,3728,0.955426;73,5936,0.984109;97,5537,0.868605;114,9662,0.883333
36,32092;364,69229,1;47,3476,0.940698;67,5966,0.982171;103,5771,0.870155;120,9814,0.879845
36,32189;365,69148,1;51,3675,0.933721;67,5897,0.988372;111,6096,0.872481;127,10229,0.88062
36,32197;362,68520,1;62,3896,0.942636;76,6184,0.987597;105,5771,0.873256;117,9916,0.885271
35,31810;360,67975,1;53,3917,0.947674;69,5964,0.989535;102,5677,0.860078;113,9593,0.880233
35,32188;358,67477,1;53,3965,0.955426;65,6053,0.989535;107,5699,0.878682;115,9471,0.889147
35,32200;365,68488,1;52,3808,0.950388;66,6061,0.984884;103,5650,0.875581;113,9373,0.887597
35,32085;370,68714,1;53,3726,0.954651;64,6025,0.986047;106,5918,0.877519;116,9717,0.881395
35,32270;362,67797,1;49,3808,0.947287;70,6611,0.991473;112,6335,0.874419;125,10497,0.884496
36,31421;361,67896,1;57,3646,0.93062;69,5732,0.984884;96,5336,0.872481;106,8848,0.887209
35,32151;368,67747,1;58,3989,0.955426;63,6052,0.989922;102,5685,0.883721;114,9540,0.894574
35,31862;355,66873,1;51,3482,0.943411;58,5354,0.985659;93,5485,0.873256;101,8838,0.886822
36,32288;366,68373,1;63,3822,0.947674;70,6272,0.986434;107,6098,0.881783;120,10142,0.892636
36,32186;367,68586,1;55,3699,0.943411;65,6040,0.988372;105,5895,0.881395;117,9890,0.889147
36,32244;361,67681,0.999612;53,3888,0.947287;63,6199,0.986434;104,5912,0.882946;115,9675,0.89031
37,32279;371,69248,1;60,4099,0.966279;64,6246,0.988372;109,6092,0.882171;117,9798,0.891473
37,32350;366,69209,1;60,4238,0.960853;76,7149,0.989147;118,6543,0.881783;137,10673,0.887984
36,32130;361,68143,1;52,3750,0.95;67,6119,0.987209;105,5802,0.886822;120,9957,0.897674
36,32106;361,68188,0.999612;58,4255,0.951163;76,6833,0.993798;115,6289,0.880233;125,10406,0.894574
36,32153;360,67545,1;58,3665,0.955814;63,5798,0.991085;99,5657,0.88876;111,9340,0.893023
36,32295;365,68797,1;53,3876,0.953876;65,6286,0.992636;112,6227,0.89186;126,10563,0.894574
35,32017;359,67469,1;48,3442,0.929457;73,6110,0.993023;101,5724,0.886822;110,9380,0.89186
37,32204;357,66780,1;51,3683,0.940698;63,5924,0.991473;104,5936,0.881783;113,9674,0.887597
36,31816;367,67657,1;48,3608,0.938372;69,5745,0.987597;105,5804,0.879845;112,9462,0.887597
36,31604;360,67156,1;46,3601,0.94845;74,6230,0.991473;109,5921,0.87093;118,9973,0.88062
37,32011;361,68123,1;53,3558,0.950775;65,5663,0.986047;100,5548,0.861628;113,9483,0.874419
50,32215;362,68291,1;46,3623,0.940698;66,5914,0.987984;106,5949,0.860853;119,10051,0.871318
37,31944;360,68117,1;49,3780,0.958527;69,5869,0.984884;101,5641,0.867829;111,9330,0.873643
36,32338;365,69848,1;55,3897,0.956589;66,6222,0.978682;109,6091,0.870543;123,10340,0.872481
37,32056;363,68799,1;50,3550,0.949612;68,6204,0.989147;104,5857,0.868992;121,10038,0.876744
37,32300;365,69064,1;55,3896,0.952713;66,6355,0.992636;105,5850,0.86938;120,9763,0.875581
36,32162;362,67641,1;50,3810,0.944574;69,6180,0.985659;107,5886,0.866279;121,9956,0.872868
36,32306;370,68992,0.999225;52,3932,0.955039;63,6141,0.987209;103,5762,0.872868;115,9737,0.876357
37,32248;369,69737,1;63,3898,0.954264;68,6112,0.987984;104,5878,0.868217;118,9994,0.872868
36,32009;363,68242,1;51,3851,0.953101;62,5881,0.991085;101,5776,0.865504;112,9493,0.87093
37,32226;359,67091,0.999612;49,3623,0.949225;65,5855,0.987984;103,5939,0.873643;116,10038,0.87907
37,32287;358,67093,1;49,3414,0.941473;60,5459,0.986822;103,5976,0.877519;111,9615,0.882171
37,32178;359,67504,1;50,3657,0.931395;65,6030,0.989922;99,5699,0.86938;109,9412,0.877907
36,31398;365,68902,1;47,3263,0.932946;58,5415,0.983721;92,5276,0.876357;108,8880,0.88876
37,32036;362,67804,1;56,3850,0.94845;72,6251,0.987597;108,6005,0.882171;121,10137,0.887984
37,32086;370,69242,1;57,3782,0.956977;62,5855,0.978295;107,5980,0.882171;114,9622,0.883721
37,32274;368,69751,1;49,3786,0.946512;69,6451,0.987597;107,6009,0.885271;120,10129,0.882171
37,32277;365,69033,1;50,3919,0.955814;67,6592,0.98876;105,5955,0.883333;120,10180,0.88062
36,32276;364,68603,1;46,3571,0.942636;65,5795,0.986047;100,5688,0.871705;119,10220,0.887984
37,32042;361,67991,1;59,3695,0.941473;64,5866,0.978682;99,5657,0.867442;109,9517,0.885271
37,32237;363,68604,1;52,3770,0.946124;72,6567,0.98062;109,6166,0.868992;122,10403,0.883333
36,32170;359,68012,1;61,3836,0.944186;65,6103,0.99186;114,6172,0.875969;117,9791,0.881395
37,32113;360,68085,0.999225;50,3662,0.958527;63,5652,0.989147;101,5662,0.876744;113,9556,0.883333
36,31350;369,68190,1;49,3636,0.933333;73,6205,0.989535;97,5558,0.876357;102,8626,0.88062
36,32308;367,69284,1;50,3768,0.94845;62,5919,0.989147;102,5867,0.873256;117,9982,0.881008
36,32328;362,68084,1;55,3706,0.937597;67,6092,0.98062;106,6108,0.873256;122,10527,0.879845
35,31875;364,68921,1;49,3680,0.95155;64,6013,0.985271;104,5856,0.88062;111,9534,0.884109
36,32225;366,69541,1;46,3350,0.944574;62,5858,0.988372;102,5904,0.874031;113,9785,0.88062
36,32048;362,68742,1;50,3824,0.953488;63,5956,0.982946;100,5750,0.883721;106,9194,0.889147
49,32098;363,68945,1;51,3679,0.934496;64,6209,0.988372;107,5990,0.875969;117,9913,0.885271
36,32279;367,69613,1;54,3857,0.937209;64,6089,0.981783;118,6568,0.875194;124,10462,0.884109
36,32156;364,67741,1;44,3606,0.947674;63,5669,0.985271;100,5755,0.877907;110,9445,0.890698
49,32129;364,68356,1;48,3588,0.931395;62,5823,0.984884;101,5729,0.871318;115,9732,0.883721
39,32064;368,68872,1;58,3985,0.959302;68,6186,0.986047;105,5935,0.880233;116,9963,0.890698
36,32305;360,67650,1;51,3984,0.947674;68,6361,0.983721;107,6055,0.877519;125,10392,0.888372
36,32267;362,67645,1;45,3394,0.950388;63,5685,0.985271;98,5645,0.870155;116,9938,0.88876
36,32238;360,67816,1;52,3971,0.946899;72,6446,0.985659;104,5826,0.871318;118,10051,0.886822
44,32093;364,67936,1;46,3698,0.937597;61,5915,0.981008;105,5751,0.863953;123,10147,0.880233
37,31418;361,67843,1;54,3324,0.942248;64,5422,0.986047;86,4981,0.860853;99,8453,0.876357
38,32296;373,69574,1;68,3750,0.93876;73,6268,0.984884;111,6254,0.867442;123,10360,0.872868
60,32227;370,68550,1;52,3741,0.94186;67,6042,0.982946;107,6020,0.864729;119,10070,0.881395
36,32280;369,68877,1;57,4034,0.950388;71,6447,0.983721;108,6087,0.867829;121,10240,0.886822
36,32227;365,68317,1;63,3796,0.944186;66,6082,0.979845;104,5798,0.862791;117,9935,0.884109
36,32192;362,68015,0.999612;50,3745,0.946899;73,6104,0.986434;109,6097,0.867442;122,10289,0.883333
37,32298;364,68204,1;56,3815,0.946512;68,6270,0.98876;108,6017,0.86938;119,10110,0.87907
36,32123;360,67151,1;55,3748,0.945736;64,6161,0.987984;101,5707,0.875969;112,9522,0.882171
35,31638;359,66929,1;50,3814,0.937209;73,6091,0.987597;102,5625,0.868217;110,9351,0.883721
53,32089;370,68220,1;50,3690,0.936434;59,5656,0.986047;103,5803,0.867442;116,9834,0.882171
36,32227;373,68076,1;52,3474,0.946899;62,5875,0.991085;104,5845,0.869767;113,9560,0.877132
46,32262;365,67612,0.999612;54,3491,0.939535;65,6070,0.99186;106,5971,0.87093;116,9804,0.872481
38,32027;361,67115,1;54,4029,0.944961;79,6450,0.987984;116,6303,0.868217;127,10611,0.88062
36,32176;367,68587,1;47,3631,0.943411;64,5886,0.984496;101,5762,0.865891;112,9606,0.88062
37,32222;370,69191,1;54,3679,0.945349;67,6247,0.984884;108,5967,0.868605;116,9792,0.88062
25,32165;362,67949,1;51,3776,0.957752;66,6193,0.983721;108,5991,0.865891;120,10117,0.88062
36,32207;368,69363,1;49,3689,0.946124;65,6042,0.987984;107,5962,0.867442;122,10303,0.881395
36,32038;361,67907,1;51,3808,0.948062;63,6050,0.987209;106,5841,0.865116;121,10186,0.883333
37,32161;376,68702,1;60,3846,0.946124;70,6026,0.986047;105,5798,0.871705;117,10052,0.889922
37,32195;369,69071,1;48,3781,0.943798;66,6331,0.986434;112,6175,0.88062;124,10227,0.889147
37,32269;369,69658,1;51,3843,0.946124;65,6299,0.993411;105,5817,0.881395;118,10004,0.885271
37,32115;366,68537,1;57,4168,0.959302;67,6344,0.989922;110,6073,0.880233;125,10464,0.882171
37,32000;376,69366,1;45,3588,0.946899;60,5653,0.984496;97,5428,0.872481;113,9590,0.882558
36,32167;361,67570,1;65,3962,0.946899;66,6290,0.991085;107,5994,0.861628;116,9859,0.879457
37,32234;366,68186,1;54,3709,0.944961;67,6097,0.987597;109,6231,0.868605;121,10333,0.877907
37,32073;363,67115,0.999612;58,3643,0.93876;66,5837,0.989922;99,5686,0.86938;113,9521,0.882558
50,32170;371,68082,1;50,3809,0.947674;65,6194,0.991085;108,6017,0.875581;120,10197,0.887984
40,31482;366,68142,1;53,3603,0.944574;64,5867,0.987209;99,5533,0.87907;109,9223,0.886047
41,32145;368,68762,1;52,3810,0.942248;64,6144,0.990698;109,6015,0.874806;121,9971,0.881783
41,32228;370,69656,1;56,4120,0.95;69,6258,0.979845;107,5809,0.870155;119,9721,0.880233
40,32307;369,69256,1;50,3843,0.947674;68,6390,0.985271;108,5957,0.870543;126,10505,0.884496
40,32193;358,67351,1;57,3919,0.952713;65,6100,0.982558;106,5834,0.868605;117,9774,0.87907
40,32118;365,68893,1;45,3734,0.932171;64,6247,0.982946;111,6021,0.866667;118,9897,0.878295
40,32165;370,69276,1;53,3643,0.952713;68,5940,0.99186;103,5817,0.863178;117,9814,0.874031
40,31995;372,69301,1;51,3821,0.946512;67,6138,0.99186;103,5750,0.870543;111,9471,0.879845
40,32157;368,69356,1;53,4062,0.965891;71,6194,0.99186;108,6049,0.875194;117,9909,0.881783
40,32084;359,67427,1;48,3883,0.954264;68,6402,0.992248;103,5779,0.875969;120,10037,0.886822
40,32110;363,67979,1;49,3733,0.955426;62,5889,0.989535;107,5910,0.873643;117,9889,0.881008
40,32031;364,68414,1;56,3846,0.956589;66,6136,0.989147;105,5847,0.875581;112,9434,0.881008
40,32088;365,68516,1;51,3765,0.950775;73,6296,0.987597;106,5920,0.872093;118,9897,0.877132
40,32040;361,67352,1;50,3601,0.955039;63,5819,0.991473;100,5513,0.871318;110,9287,0.879457
40,32110;360,67031,1;45,3213,0.934109;66,5582,0.989922;99,5589,0.872868;110,9327,0.883333
36,32291;369,67905,1;60,3574,0.934884;64,5672,0.989535;99,5647,0.879457;113,9484,0.889147
35,31761;363,67945,1;61,3927,0.937597;67,6193,0.987597;106,5840,0.867829;112,9497,0.885271
36,32116;366,68534,1;58,3547,0.936822;68,5512,0.989535;100,5629,0.870155;112,9451,0.879845
36,32301;364,67962,1;60,3833,0.936434;67,6180,0.984109;107,6023,0.872093;121,10237,0.877132
36,32152;364,67427,1;47,3593,0.952326;67,5614,0.984109;95,5489,0.863566;111,9536,0.875194
37,31973;366,68752,1;46,3548,0.955426;64,5779,0.983721;102,5749,0.862403;114,9607,0.877519
36,32269;364,67783,1;48,3613,0.954651;63,5919,0.990698;98,5693,0.867054;112,9496,0.883721
36,32208;368,68656,1;47,3514,0.952713;63,5766,0.989147;99,5686,0.86124;113,9738,0.872868
35,32243;368,67971,1;53,3681,0.949225;65,5937,0.990698;101,5754,0.86124;115,9692,0.873256
36,32100;370,68257,1;56,3913,0.954651;62,5954,0.987209;105,5933,0.865891;119,9679,0.873643
37,32058;365,68208,1;52,3490,0.951938;66,5643,0.986434;98,5490,0.862791;116,9552,0.86938
38,32232;356,66409,1;53,3508,0.949612;62,5719,0.989922;103,5805,0.865504;115,9591,0.866667
38,32080;359,66393,1;60,3595,0.945349;66,5839,0.990698;104,5972,0.87907;110,9376,0.879845
39,32182;355,65762,1;51,3504,0.936434;63,5866,0.989147;105,5947,0.868605;117,9814,0.872868
39,32208;363,67877,1;45,3361,0.943798;60,5643,0.990698;100,5693,0.860853;115,9778,0.868605
41,32060;359,66981,1;51,3783,0.943411;66,5980,0.986822;104,5797,0.854264;120,10004,0.873256
41,32104;372,67987,1;47,3654,0.945349;62,5918,0.978682;103,5791,0.862791;113,9601,0.877132
37,32228;367,68450,1;47,3389,0.94031;65,5933,0.985271;100,5684,0.862403;114,9732,0.873256
39,31565;363,67782,0.999612;50,3352,0.928295;67,5867,0.985659;98,5525,0.862791;109,9176,0.878682
38,32254;362,67742,1;61,3612,0.936434;62,5834,0.981395;102,5861,0.861628;119,10092,0.872868
38,31721;372,67301,1;45,3298,0.930233;60,5526,0.984109;97,5566,0.85814;115,9451,0.876357
39,31699;357,66922,1;56,3550,0.931008;66,5622,0.988372;93,5330,0.857752;103,8721,0.875194
38,32136;365,67910,1;55,3601,0.93876;66,5477,0.990698;102,5742,0.842248;113,9556,0.86124
39,31923;354,65779,1;53,3590,0.946512;65,5834,0.977519;106,5942,0.854651;120,10084,0.86938
40,32186;369,68136,1;51,3632,0.939922;66,5865,0.987209;106,5951,0.866279;117,9891,0.878682
38,32155;361,66967,1;49,3642,0.941473;65,5954,0.986822;102,5784,0.867829;115,9809,0.877132
38,32112;364,67916,1;49,3396,0.922093;62,5423,0.980233;93,5389,0.873643;108,9218,0.883333
36,32180;358,66406,0.99845;52,3901,0.94031;63,5962,0.992636;104,5940,0.873643;119,10054,0.887597
37,32216;361,67512,1;63,3733,0.943411;66,6070,0.99186;106,5921,0.864729;120,10038,0.880233
38,32155;362,68218,0.999612;43,3164,0.94031;59,5472,0.98876;97,5518,0.86938;112,9525,0.875581
37,32255;363,68329,1;49,3636,0.948062;64,6047,0.99031;100,5758,0.86938;113,9647,0.874806
36,32131;379,68460,0.999612;57,4054,0.958527;67,6247,0.991473;101,5666,0.872093;113,9565,0.881783
36,32206;370,68875,1;62,3685,0.955814;64,5950,0.986434;107,5886,0.864341;118,9880,0.874806
37,32233;364,68118,1;65,3847,0.962016;63,5818,0.99031;106,5805,0.863953;119,10034,0.876357
36,32194;361,67553,1;46,3495,0.939922;66,5969,0.985271;108,5990,0.862016;117,9813,0.874419
37,32256;362,67962,1;49,3404,0.936822;60,5634,0.986047;103,5712,0.863566;116,9664,0.872868
37,32340;368,69198,1;54,3974,0.950388;68,6729,0.991473;112,6098,0.862403;124,10361,0.873256
36,32181;373,67453,1;53,3902,0.95814;64,6009,0.986434;105,5800,0.862016;116,9821,0.877132
37,31912;370,68466,1;50,3495,0.946899;59,5573,0.982946;101,5703,0.872481;112,9553,0.89031
37,32139;366,68001,1;47,3692,0.937984;65,6072,0.990698;104,5830,0.876744;117,9905,0.889535
36,31416;366,67677,1;43,3279,0.945349;61,5413,0.994186;91,5196,0.881395;106,8977,0.893023
46,32228;364,67755,1;58,3674,0.956589;67,5770,0.98876;102,5796,0.868217;112,9596,0.882558
35,32177;366,68398,0.999612;53,3475,0.943023;66,5840,0.98876;99,5698,0.866667;115,9710,0.875194
36,32082;369,68724,1;50,3593,0.93062;80,6012,0.989922;102,5728,0.867829;114,9581,0.874806
36,32304;361,67880,1;59,4233,0.960853;73,6545,0.986047;118,6546,0.866279;128,10645,0.877132
35,31953;365,68307,1;52,3472,0.953876;59,5389,0.986822;89,5100,0.862791;102,8752,0.876357
35,32250;365,67564,1;46,3469,0.958915;60,5463,0.99186;94,5441,0.867829;108,9226,0.878682
35,32120;358,66749,1;55,3619,0.95;64,5586,0.986434;102,5810,0.850388;116,9864,0.864729
35,32087;367,67516,1;50,3505,0.946899;58,5434,0.980233;105,5904,0.851938;116,9826,0.866279
35,32227;366,68019,1;48,3543,0.95;68,5749,0.986434;106,5921,0.860078;115,9796,0.868992
36,31762;365,68784,1;50,3429,0.943798;61,5529,0.989535;96,5445,0.863953;106,9144,0.872868
36,32272;364,67965,1;55,3841,0.95155;66,6179,0.99186;115,6268,0.866279;124,10385,0.873643
35,32165;360,67782,1;55,3705,0.954264;69,5938,0.987597;108,5964,0.863953;117,9977,0.870543
34,32164;366,68769,1;44,3399,0.95;60,5475,0.984884;97,5539,0.871318;110,9400,0.87093
34,32291;362,67454,1;52,3579,0.95;71,5830,0.986822;108,5879,0.867442;124,10377,0.863566
34,32149;358,66926,0.999612;47,3646,0.956977;62,5711,0.985271;98,5528,0.862016;113,9493,0.855426
35,31869;362,68036,1;50,3698,0.947674;73,6209,0.984496;107,5815,0.875581;111,9252,0.876357
35,32226;395,67608,1;59,4204,0.960078;73,6729,0.99031;108,5912,0.867829;119,9952,0.877132
35,31907;367,68610,1;51,3741,0.934109;65,5730,0.986047;112,6127,0.867442;122,10163,0.873643
36,32277;359,66987,1;51,3840,0.947287;65,5987,0.989147;110,6140,0.862403;122,10263,0.875194
35,32260;359,67116,1;52,3591,0.955039;65,5866,0.992248;100,5668,0.867829;108,9219,0.879845
35,32053;358,67201,1;49,3524,0.94186;65,5980,0.99031;102,5733,0.866279;111,9377,0.878682
35,32321;368,69175,1;51,4049,0.943411;64,6205,0.986047;112,6175,0.874806;120,10118,0.885659
36,32257;362,68180,1;53,3748,0.952326;63,5953,0.98876;112,6131,0.870543;123,10191,0.881395
35,32072;366,67696,1;47,3313,0.949225;60,5239,0.987209;95,5340,0.862791;108,8997,0.880233
35,32285;367,68730,1;52,3821,0.948837;67,6137,0.989535;108,6098,0.860853;125,10286,0.870155
35,32116;358,67363,1;52,3923,0.965504;66,6213,0.99031;103,5707,0.860078;119,9912,0.87093
35,32221;358,66848,1;50,3694,0.958915;71,6099,0.987209;111,6077,0.865891;120,9911,0.879845
35,32285;363,68020,1;47,3474,0.945349;62,5827,0.988372;105,5910,0.865891;115,9666,0.877907
35,32183;360,67555,1;49,3590,0.944574;63,5634,0.98062;104,5857,0.867054;116,9824,0.876357
35,31714;362,68196,1;40,3256,0.94031;62,5661,0.985271;100,5623,0.872481;109,9295,0.882171
35,31736;361,68242,1;55,3983,0.954264;62,6262,0.983721;101,5614,0.873643;108,9257,0.884496
35,32252;367,68623,1;45,3521,0.939922;64,5916,0.991473;101,5795,0.874031;113,9694,0.884109
35,31780;361,67206,1;45,3205,0.945349;59,5233,0.99186;90,5172,0.87093;102,8794,0.883333
35,31861;367,68876,1;50,3656,0.956589;62,5851,0.986822;98,5597,0.88062;113,9526,0.887597
36,32184;363,68072,1;43,3435,0.951163;61,5512,0.989147;99,5656,0.879457;110,9434,0.884496
35,32167;366,68778,1;51,3755,0.947674;63,6028,0.987984;101,5716,0.879845;114,9729,0.88062
36,32246;369,69195,1;47,3670,0.958527;66,5821,0.99186;102,5857,0.880233;115,9621,0.886434
34,31971;372,69277,1;47,3557,0.952326;61,5411,0.986047;97,5542,0.872868;107,9092,0.883721
35,32059;366,67799,1;50,3227,0.955814;59,5205,0.987984;99,5686,0.872093;109,9419,0.881008
35,32257;369,68107,1;47,3736,0.956202;66,6251,0.99031;106,6038,0.870155;118,10067,0.879457
35,32086;366,67577,1;49,3364,0.951163;68,5557,0.991473;94,5477,0.87907;108,9238,0.887597
34,32254;363,67673,1;47,3325,0.943798;61,5627,0.985659;100,5668,0.872093;114,9681,0.881395
35,32113;360,67472,0.999225;52,3509,0.948837;62,5651,0.99031;97,5616,0.878295;110,9406,0.879845
36,32273;366,68942,0.999612;45,3620,0.943411;70,6146,0.992636;106,5996,0.876357;117,9941,0.88062
35,31782;365,68530,1;49,3451,0.939535;61,5570,0.988372;97,5561,0.882171;110,9364,0.884109
35,31652;360,67291,1;43,3440,0.945349;60,5145,0.983333;96,5469,0.874031;102,8781,0.873256
40,32034;369,69643,1;44,3485,0.946124;64,5788,0.979845;100,5686,0.871705;112,9557,0.876744
35,32273;373,69416,1;51,3284,0.93062;61,5661,0.99031;99,5636,0.865116;109,9298,0.868605
35,32270;368,68462,1;50,3622,0.943023;62,5963,0.989147;105,5914,0.865891;115,9731,0.87093
36,32031;360,67148,0.998837;41,3175,0.950775;57,5242,0.985659;97,5489,0.863566;107,9036,0.866667
36,32257;361,67590,1;44,3428,0.949612;66,5678,0.987597;101,5680,0.858915;111,9425,0.865116
36,32125;363,67995,1;55,3451,0.948062;62,5639,0.982171;99,5704,0.87093;110,9400,0.877519
35,31444;362,68070,1;47,3391,0.951163;62,5570,0.990698;98,5519,0.867829;109,9166,0.881395
36,31881;362,68006,1;47,3736,0.950388;65,5821,0.989535;98,5514,0.871318;107,8987,0.879845
35,31797;365,68434,1;50,3679,0.950775;62,5811,0.98876;96,5345,0.877519;109,9230,0.888372
36,32092;373,68906,1;47,3423,0.958527;61,5744,0.986822;97,5530,0.85969;110,9379,0.88062
34,32028;366,68034,1;43,3306,0.953101;60,5467,0.986047;96,5473,0.857752;107,9187,0.872868
36,32289;369,68580,1;50,3542,0.944186;69,5928,0.986434;105,5932,0.868217;119,10103,0.874031
35,32298;360,66776,1;52,3820,0.956202;70,6247,0.989535;105,6012,0.867054;122,10012,0.877519
35,31977;367,68730,1;53,3818,0.953876;72,6264,0.987597;107,5833,0.871318;116,9712,0.876357
35,32113;363,69283,1;51,3790,0.959302;69,6220,0.991473;108,5945,0.862403;119,9974,0.875194
35,32192;363,68702,1;55,3602,0.956977;61,5766,0.993411;100,5733,0.85969;110,9211,0.868217
35,32276;360,67744,1;52,3775,0.944961;66,6160,0.992248;106,5979,0.857752;121,9953,0.866279
35,32235;371,68013,0.999612;48,3447,0.95;62,5581,0.987209;104,5825,0.859302;117,9810,0.869767
35,32044;365,68669,1;52,3644,0.936822;67,5935,0.983721;106,5765,0.860853;118,9881,0.875581
36,32157;355,66801,0.999612;51,3756,0.937984;69,5963,0.986822;111,6104,0.860465;120,10018,0.873643
35,32215;360,67809,1;54,3892,0.937984;65,6277,0.983333;108,6038,0.859302;125,10501,0.875581
35,32063;358,67332,1;44,3406,0.954264;58,5583,0.987209;96,5298,0.86124;109,9240,0.874419
34,32024;361,66815,1;52,3561,0.959302;60,5680,0.99031;99,5645,0.860853;115,9711,0.874419
35,32211;365,68734,1;56,3969,0.952326;69,6571,0.991085;116,6277,0.855039;123,10357,0.874419
35,32165;359,67298,1;50,3533,0.956589;66,5663,0.984884;104,5804,0.855814;115,9607,0.88062
35,32011;363,67466,1;51,3831,0.951163;67,6250,0.987597;111,6116,0.872093;122,10210,0.885659
35,32130;360,67054,1;63,3768,0.944961;65,5751,0.982558;100,5672,0.873643;114,9714,0.882171
35,32144;362,67857,1;50,3674,0.955814;61,5646,0.987597;97,5544,0.872481;115,9821,0.87907
35,32292;357,67223,1;53,3942,0.962791;62,5964,0.988372;107,6027,0.876744;119,10015,0.886434
36,32315;364,68070,1;52,3920,0.968605;68,6429,0.990698;101,5787,0.878682;112,9602,0.885659
35,32196;363,67865,1;52,3692,0.946512;64,5687,0.98876;104,5969,0.876357;117,10031,0.886822
36,32195;361,66920,1;48,3584,0.959302;64,5513,0.976744;103,5861,0.878682;115,9802,0.883721
36,31938;363,67759,1;49,3555,0.949612;61,5813,0.98876;98,5578,0.878682;110,9284,0.882171
36,32273;369,68053,1;49,3868,0.963953;63,5969,0.984884;111,6235,0.874806;119,10101,0.874806
36,31993;369,69015,1;58,3799,0.962016;62,5644,0.989147;104,5869,0.874419;113,9526,0.877519
37,32222;360,67595,1;47,3497,0.956589;62,5689,0.98876;97,5551,0.864729;112,9604,0.866279
36,32163;362,68120,1;47,3409,0.956202;55,5243,0.982946;101,5610,0.869767;114,9613,0.874806
36,32327;359,67478,1;55,3900,0.966279;66,6372,0.98876;116,6346,0.867829;130,10721,0.866667
40,32100;359,67477,1;46,3519,0.951163;62,5677,0.983721;98,5583,0.85969;110,9371,0.864341
36,32233;363,68622,1;51,3396,0.938372;61,5578,0.984109;104,5796,0.862403;115,9647,0.865891
41,32203;366,68757,1;49,4110,0.95155;66,6490,0.98876;107,5925,0.868992;122,10138,0.873643
43,32035;374,69281,1;56,3338,0.934496;64,5454,0.984884;100,5646,0.860465;109,9258,0.865891
36,32150;366,68710,1;59,3679,0.951163;67,5916,0.985271;107,5976,0.851163;122,10081,0.866279
36,32024;367,69325,1;48,3879,0.943798;78,6773,0.989147;112,6213,0.867054;124,10497,0.873643
36,32299;365,69006,1;52,3478,0.93062;64,5840,0.991473;104,5836,0.876744;113,9652,0.881395
36,31787;364,68436,1;49,3738,0.943023;67,6043,0.984109;99,5590,0.878682;107,9173,0.881783
35,31872;360,67728,1;59,3573,0.955814;64,5789,0.993023;95,5449,0.882946;107,9351,0.884109
36,31835;367,68363,1;52,3293,0.967442;70,5443,0.987984;89,5180,0.868992;104,8962,0.875194
37,32207;363,68044,1;50,3331,0.936047;64,6001,0.990698;101,5792,0.874031;113,9727,0.876744
37,32050;372,69054,1;49,3382,0.942248;60,5403,0.987209;98,5678,0.864729;108,9342,0.877907
36,32114;363,67517,1;47,3471,0.963566;61,5432,0.990698;93,5439,0.870155;105,9049,0.879845
37,32162;359,67075,1;46,3405,0.942636;65,5949,0.98876;100,5716,0.874419;109,9359,0.884884
37,32232;363,68073,1;54,3776,0.956589;71,6272,0.99031;109,6201,0.877519;116,9932,0.886434
37,32187;358,67222,1;51,3719,0.953876;66,6018,0.984496;106,6056,0.875969;117,10086,0.887209
36,32291;360,67280,0.999225;56,3674,0.946512;67,6013,0.991085;101,5790,0.870155;114,9930,0.887209
36,32260;360,67555,1;48,3517,0.943023;62,5520,0.987209;97,5567,0.877907;105,9150,0.889535
36,32301;370,68889,1;50,3892,0.939147;64,6069,0.984109;107,6101,0.872868;111,9558,0.882558
36,31786;370,68773,1;47,3287,0.946512;56,5115,0.986822;99,5587,0.86938;106,9099,0.882946
37,32093;368,69090,1;56,3964,0.950388;71,6238,0.987209;107,5983,0.866667;115,9614,0.878295
37,32196;365,68997,1;54,4074,0.950775;72,6090,0.989535;113,6179,0.867054;125,10513,0.872868
40,32051;362,68408,1;51,3866,0.965504;65,6033,0.991085;104,5885,0.87093;115,9787,0.881783
39,31992;361,67183,0.999612;56,3626,0.932946;64,5731,0.975969;105,5938,0.884496;116,9770,0.887984
39,32295;362,68251,1;48,3622,0.92907;69,5988,0.984884;106,6020,0.887209;115,9966,0.892248
39,32366;364,69190,1;56,4133,0.931008;69,6555,0.987209;112,6251,0.885271;126,10626,0.891085
35,31333;369,69183,1;44,3497,0.944186;56,5344,0.986822;92,5249,0.877519;104,8859,0.887597
43,32172;367,68824,1;57,4136,0.955039;70,6404,0.986822;115,6332,0.881395;124,10451,0.889535
39,32045;367,69117,1;54,3673,0.945736;66,6083,0.984109;104,5949,0.876357;116,9937,0.887209
38,32000;359,67263,1;49,3518,0.956977;61,5780,0.985271;98,5646,0.878682;111,9673,0.89031
39,32295;367,68506,1;58,3652,0.939147;65,5782,0.986822;100,5756,0.87093;111,9609,0.884496
39,32254;355,66160,1;55,4055,0.947287;71,6326,0.986047;109,6192,0.867829;123,10429,0.882171
39,31851;361,67823,1;51,3961,0.957752;69,6194,0.991473;112,6123,0.877132;111,9466,0.89031
42,31514;364,68762,1;48,3551,0.949612;62,5993,0.987209;98,5538,0.867054;109,9327,0.878682
39,31819;367,68406,1;56,3744,0.956589;69,5967,0.989147;98,5563,0.882171;109,9199,0.887597
39,32030;363,68278,1;52,3635,0.95;63,5883,0.990698;102,5851,0.889922;112,9545,0.899225
39,32038;360,67727,1;62,3624,0.939147;65,6096,0.98876;100,5683,0.880233;111,9392,0.891473
39,32255;361,67561,1;54,3483,0.93876;66,5609,0.98876;96,5534,0.875969;109,9349,0.886047
38,32171;361,68217,1;50,3606,0.953101;64,5820,0.986822;98,5631,0.867054;110,9333,0.87907
39,32101;365,69035,1;55,3781,0.952326;63,5875,0.983721;109,5982,0.865891;115,9859,0.876744
40,32266;356,66787,0.999612;49,3570,0.95155;71,5926,0.990698;104,5835,0.870155;113,9620,0.877132
39,32190;362,67007,1;47,3668,0.947674;66,6108,0.991085;101,5826,0.867829;117,9893,0.874806
38,32287;361,67545,1;52,3926,0.954264;69,6316,0.987209;109,6137,0.860853;121,10278,0.877132
39,31729;363,68653,1;49,3548,0.94031;64,5853,0.985271;97,5440,0.862791;110,9316,0.877519
38,32091;362,68152,1;56,3859,0.946124;63,5591,0.986047;101,5716,0.848837;115,9755,0.869767
38,32210;369,69798,1;57,3699,0.939535;75,5934,0.978295;114,6306,0.853876;124,10356,0.870543
37,32189;363,68520,1;46,3838,0.947674;64,6192,0.991085;105,5860,0.863566;119,9991,0.870543
36,32045;364,68255,1;51,3800,0.944186;67,6382,0.984884;118,6225,0.855426;123,10221,0.867442
36,32259;361,68287,1;48,3721,0.938372;72,6227,0.983721;104,5846,0.863178;115,9795,0.876744
36,32071;363,67182,1;49,3596,0.920155;66,6321,0.989535;109,5986,0.869767;122,10233,0.877132
37,32127;362,67630,1;52,3713,0.95155;61,5626,0.986434;100,5669,0.860078;116,9703,0.874419
38,32030;357,67200,1;50,3745,0.951163;68,6105,0.97907;107,5933,0.866279;122,10187,0.874419
37,32129;360,67776,1;57,3268,0.926357;65,5601,0.985659;100,5668,0.869767;115,9675,0.877132
37,31982;357,66864,1;45,3367,0.955814;58,5090,0.986822;96,5224,0.860853;108,8929,0.871705
37,32257;355,66879,1;56,3735,0.958527;66,5975,0.983333;108,5976,0.857752;123,10102,0.870543
37,32190;354,66310,1;50,3689,0.96124;62,5892,0.989147;104,5753,0.867442;115,9741,0.871705
39,31588;363,67832,1;51,3526,0.947287;63,5564,0.98876;96,5533,0.868217;105,8945,0.873256
37,32245;363,67021,1;51,3901,0.946512;70,6309,0.987209;106,5788,0.86124;117,9946,0.868605
38,32249;358,66994,1;50,3704,0.946124;65,5929,0.984884;107,5964,0.858527;118,9768,0.86938
36,31644;365,68034,1;55,3581,0.95;64,5680,0.981783;100,5494,0.855814;105,9035,0.867054
37,32295;360,66979,1;54,3815,0.964341;73,5913,0.982558;89,5931,0.849612;104,9854,0.87093
36,32201;364,68607,1;48,3659,0.964729;62,5793,0.984884;98,5673,0.85155;107,9293,0.866667
36,32157;354,66828,1;43,3512,0.947287;58,5496,0.978295;96,5553,0.853101;109,9562,0.866279
37,32283;364,69051,1;49,3967,0.961628;66,6099,0.98876;103,5938,0.863953;116,9799,0.871318
37,32258;368,68971,1;47,3527,0.944961;58,5671,0.984884;99,5768,0.85969;116,10075,0.868992
37,32226;373,68128,1;51,3736,0.962016;62,6214,0.99031;104,5961,0.864729;116,10012,0.874031
37,32236;365,68597,1;52,3662,0.968217;61,5822,0.983333;103,6001,0.873643;113,9841,0.882946
37,31854;362,68122,1;46,3425,0.925969;63,5622,0.982946;101,5827,0.865116;108,9436,0.887209
38,32266;367,69289,1;51,4141,0.95;66,6316,0.989535;113,6307,0.877907;118,10309,0.894574
37,32107;359,67646,1;48,3741,0.944186;67,6053,0.986822;104,5942,0.885659;115,9802,0.896124
37,32046;357,67825,1;58,3904,0.945349;66,6173,0.989147;97,5658,0.881783;107,9293,0.891473
37,32324;364,68385,1;49,3762,0.943023;64,6055,0.98062;104,5972,0.874806;118,10320,0.89186
37,32124;366,68127,1;49,3489,0.933333;65,6015,0.987209;99,5728,0.883721;107,9331,0.901163
37,32113;364,68217,1;56,4017,0.950775;71,6374,0.983721;107,6180,0.887209;116,10070,0.897287
37,32222;361,68016,1;49,3682,0.935271;66,6262,0.984884;104,6012,0.895736;113,9822,0.905039
41,32209;360,67561,1;49,3612,0.955039;67,5814,0.987984;102,5835,0.889535;114,9789,0.899612
36,32320;361,68110,1;56,3742,0.960853;66,6594,0.987597;114,6440,0.89031;124,10703,0.901163
37,32243;362,67968,1;63,3971,0.948062;64,6043,0.988372;104,5937,0.887597;117,10122,0.902713
36,32074;358,67349,1;49,3834,0.957752;64,5979,0.982558;98,5774,0.894961;108,9361,0.903876
35,32145;370,67860,1;43,3510,0.946899;58,5632,0.987984;95,5591,0.887984;106,9372,0.899225
35,32152;365,67773,1;46,3699,0.949225;59,5583,0.987209;100,5845,0.876744;110,9738,0.886822
36,31989;365,68905,1;52,3735,0.947674;68,6224,0.981008;99,5761,0.865891;110,9487,0.88876
36,32234;364,68528,1;59,3988,0.961628;66,6212,0.981008;108,6076,0.867054;114,9936,0.885271
36,32095;361,68120,0.999612;48,3679,0.95814;64,5828,0.984496;100,5722,0.872868;112,9689,0.889147
36,31707;369,69073,1;49,3863,0.95155;65,5918,0.989922;96,5510,0.877132;105,9196,0.887984
37,32323;363,68891,1;48,3972,0.959302;67,6362,0.985659;104,5996,0.884496;114,9978,0.891085
36,32178;363,68708,1;49,3904,0.95;62,6107,0.985659;100,5881,0.883721;112,9784,0.892636
37,32178;362,67658,1;60,3932,0.943798;63,6065,0.982558;99,5715,0.877519;108,9470,0.89186
36,32119;358,67029,1;55,4096,0.958527;63,6200,0.990698;103,6009,0.881395;113,9942,0.894186
36,32161;362,67499,1;51,3671,0.936047;64,6198,0.989922;104,6104,0.885659;111,9789,0.900388
36,32203;363,67539,0.999612;55,3842,0.94845;63,5839,0.988372;104,6138,0.874419;114,10043,0.889535
36,32114;360,67820,1;52,3599,0.944186;66,5774,0.985659;98,5786,0.86938;110,9754,0.885271
35,32043;366,69411,1;51,3382,0.936822;59,5639,0.985659;99,5767,0.85155;107,9303,0.867829
36,32114;365,68641,0.999612;51,3661,0.950775;60,5917,0.986822;101,5858,0.853101;111,9778,0.88062
36,32263;354,66541,0.999225;51,3604,0.943411;65,6113,0.98876;105,5940,0.863178;112,9795,0.886434
36,31918;366,67949,1;51,3621,0.949612;64,5906,0.987984;99,5732,0.872481;108,9366,0.889147
36,32168;367,68876,1;53,3774,0.954651;60,5732,0.98062;103,5918,0.878295;109,9537,0.890698
36,31904;372,68803,1;61,3942,0.945736;64,6177,0.986047;105,5885,0.86938;116,9982,0.883721
49,32108;365,68712,1;45,3561,0.946899;59,5698,0.986822;101,5774,0.872093;113,9798,0.886822
36,32162;358,67305,1;52,3449,0.936047;61,5676,0.980233;102,5844,0.86938;114,9796,0.884496
36,32000;361,67455,1;47,3713,0.939147;66,6166,0.984884;104,5869,0.878295;113,9877,0.891085
36,31790;358,67262,1;45,3491,0.954651;62,5575,0.98876;94,5464,0.870155;106,9281,0.89186
36,32247;361,66739,1;53,3553,0.964729;58,5497,0.987984;95,5618,0.875581;105,9360,0.885271
36,32042;362,66891,1;56,3313,0.954264;57,5242,0.981783;91,5479,0.879457;102,9126,0.886434
36,32201;358,66803,1;50,3578,0.956589;61,5855,0.984496;103,5971,0.874419;115,9968,0.884496
37,31893;358,66385,1;52,3574,0.957364;64,5582,0.987597;92,5392,0.877132;104,9054,0.883333
36,32063;358,66417,1;52,3390,0.932946;65,5700,0.984109;100,5675,0.864729;109,9259,0.878682
38,32010;362,66938,1;46,3626,0.955039;57,5336,0.985659;98,5752,0.866667;107,9240,0.881783
39,32150;365,68174,1;46,3301,0.946899;63,5572,0.98876;93,5524,0.870543;105,9091,0.886822
40,32214;361,67901,1;44,3454,0.937209;59,5591,0.983333;96,5648,0.875969;107,9305,0.88876
39,32277;365,67954,1;50,3695,0.948837;63,5993,0.989535;100,5857,0.874031;109,9598,0.877132
39,32196;359,66951,1;60,3595,0.95969;62,5591,0.988372;98,5792,0.876744;108,9453,0.88062
38,32211;366,67587,1;48,3470,0.953101;63,5814,0.992636;98,5739,0.873643;109,9649,0.881395
38,32240;360,67872,1;47,3468,0.954264;56,5319,0.987984;102,5912,0.870543;112,9712,0.873643
37,31759;361,67112,1;49,3413,0.95155;66,5735,0.989922;96,5645,0.862403;104,9205,0.87093
36,31995;364,67874,1;45,3222,0.939922;56,5176,0.987597;92,5431,0.873643;102,9021,0.881395
37,32267;356,66874,1;49,3398,0.955426;57,5357,0.982946;98,5793,0.865504;108,9545,0.87093
37,32146;357,67057,1;45,3481,0.93876;63,5792,0.986047;98,5801,0.861628;110,9622,0.868605
36,32183;371,69072,1;45,3460,0.943023;64,5779,0.990698;94,5581,0.857752;106,9360,0.863566
37,32258;359,67086,1;47,3543,0.95155;62,5816,0.987984;99,5879,0.862016;107,9511,0.866279
36,31996;361,67756,0.999612;48,3273,0.939922;57,5289,0.982946;91,5377,0.862403;101,8833,0.866279
36,31736;366,68690,1;48,3390,0.943798;57,5465,0.984884;91,5347,0.860853;100,8835,0.862403
37,32229;361,68110,1;51,3612,0.926357;68,6328,0.988372;100,5819,0.867054;109,9470,0.868992
36,31791;359,66951,1;53,3800,0.949225;59,5623,0.989147;92,5303,0.872868;108,9262,0.872481
37,31732;358,66860,1;47,3313,0.943411;65,5371,0.986047;97,5565,0.872481;112,9586,0.877519
36,31920;364,68188,0.999225;43,3393,0.943411;59,5434,0.984496;96,5564,0.870543;108,9322,0.878682
36,32161;372,69126,0.999612;44,3328,0.947674;56,5184,0.987597;89,5240,0.873256;98,8679,0.876744
36,32206;359,67472,1;57,3706,0.960853;61,5856,0.99031;100,5820,0.871705;112,9797,0.876744
37,32266;357,67193,0.999225;50,3750,0.958915;61,5895,0.984884;98,5791,0.876744;114,9972,0.87907
37,32234;359,67576,1;44,3207,0.939535;58,5375,0.98876;93,5546,0.872481;109,9716,0.878295
37,32267;363,68349,0.999612;61,3949,0.956589;64,5741,0.987597;96,5668,0.872481;108,9630,0.877132
37,32037;357,67176,1;44,3390,0.960078;59,5424,0.993023;97,5685,0.864729;109,9612,0.875194
36,31956;362,67818,0.999612;52,3199,0.954651;55,4825,0.986434;86,5227,0.86938;99,8779,0.877132
37,32282;370,68772,1;51,3274,0.94186;59,5394,0.986047;96,5674,0.864341;116,10037,0.875194
37,31997;366,68262,1;57,3460,0.950775;58,5210,0.984496;99,5714,0.865116;110,9534,0.868992
36,32262;367,68245,1;46,3507,0.954651;62,5652,0.98876;100,5729,0.868217;113,9725,0.876357
49,32239;359,66376,1;57,3748,0.954264;65,5809,0.98876;101,5813,0.865504;111,9625,0.874806
37,32237;361,66910,1;57,3801,0.961628;68,6105,0.990698;104,6012,0.867054;116,9982,0.875581
37,32314;366,67822,1;50,3624,0.957752;63,5879,0.986822;106,6052,0.868605;116,10135,0.879457
36,31986;362,68215,1;45,3147,0.949612;53,4926,0.984884;89,5255,0.874419;98,8508,0.887984
36,32077;363,68753,1;50,3781,0.955814;62,5914,0.989147;96,5552,0.867829;110,9468,0.877132
37,32023;367,67943,0.999612;50,3449,0.941473;61,5599,0.985659;95,5591,0.874419;104,9016,0.882558
36,31874;367,69065,1;58,3474,0.949225;61,5632,0.985659;98,5661,0.864729;110,9569,0.87907
37,32009;364,68711,1;53,3627,0.946124;61,5689,0.984109;103,5905,0.864341;111,9633,0.87093
37,32270;365,69215,1;52,3677,0.960078;64,6093,0.989535;103,5979,0.872093;117,10185,0.879457
37,31882;361,67735,1;53,3541,0.94845;62,5651,0.987209;97,5615,0.875969;103,9120,0.885271
37,32100;361,67727,1;46,3791,0.962403;60,5786,0.986047;106,6069,0.868217;118,10196,0.879845
36,31910;362,68242,1;63,3415,0.950775;57,5496,0.986047;92,5463,0.872868;104,9162,0.880233
37,31831;362,68234,1;46,3442,0.941085;63,5865,0.989535;97,5652,0.875194;107,9341,0.884109
36,32097;370,68680,1;45,3441,0.948837;60,5592,0.992636;102,5725,0.871705;110,9544,0.883721
36,32184;366,68403,1;60,3698,0.94031;62,5749,0.981395;101,5810,0.87093;115,10071,0.882171
35,32231;366,68595,1;51,3366,0.941473;63,5759,0.989922;105,6108,0.878295;115,10201,0.885659
35,31815;364,68698,1;49,3381,0.932558;60,5595,0.986047;93,5450,0.877519;101,8987,0.882171
36,32294;376,69456,1;58,4043,0.946899;67,6266,0.988372;108,6232,0.877907;120,10583,0.884109
36,31912;364,68917,1;48,3576,0.940698;62,5812,0.987209;86,5123,0.877132;101,8902,0.883721
35,32283;362,68805,1;53,3951,0.953488;60,5805,0.984496;104,5995,0.870543;116,10182,0.881008
36,32219;365,68040,1;55,3632,0.957364;60,5567,0.984109;98,5721,0.879457;106,9266,0.880233
36,31987;363,68161,1;51,3511,0.94031;70,6084,0.982946;100,5788,0.879457;110,9561,0.885659
35,32199;364,68508,0.999612;49,3482,0.94031;66,5640,0.985271;96,5620,0.881008;108,9433,0.889535
36,32261;369,70043,1;47,3378,0.955426;58,5529,0.988372;96,5677,0.872093;111,9685,0.881008
36,31946;360,67752,1;51,3425,0.93876;59,5566,0.985659;94,5549,0.882558;104,9196,0.885659
36,32181;364,68838,1;44,3463,0.936822;64,5908,0.984496;104,6080,0.882558;115,9848,0.882558
36,31703;366,69353,1;52,3580,0.935659;63,5906,0.987209;101,5839,0.883333;107,9221,0.889147
36,32012;367,69693,1;56,3840,0.936047;68,6025,0.988372;99,5655,0.883333;108,9329,0.884884
35,32237;366,68291,1;50,3998,0.950388;67,6437,0.993798;110,6144,0.885271;123,10445,0.89031
36,32097;366,69079,1;49,3274,0.927519;64,5767,0.992248;94,5421,0.881395;106,9035,0.882171
35,31974;362,68609,1;58,3716,0.951938;63,5564,0.982946;94,5474,0.886434;102,8820,0.886434
36,32182;368,69826,1;51,3825,0.949612;74,6100,0.986822;104,5937,0.882946;116,10026,0.885659
37,32354;365,69210,1;57,4045,0.955426;70,6275,0.983333;109,6186,0.882946;116,10135,0.88062
34,32211;360,68252,1;50,3816,0.955426;65,6165,0.987209;102,5948,0.885271;116,10050,0.886047
36,32256;366,68985,1;47,3404,0.951938;59,5736,0.989147;97,5614,0.875581;110,9553,0.878682
36,31672;357,67307,1;46,3496,0.932946;61,5897,0.987209;101,5770,0.873643;108,9478,0.881008
38,31543;374,68362,1;40,3134,0.949612;55,5120,0.985271;92,5320,0.873643;103,8972,0.877132
39,31761;383,67247,1;48,3571,0.948062;63,5915,0.991473;103,5877,0.875581;115,9867,0.874031
40,31716;388,68465,1;54,3788,0.943023;62,6036,0.990698;111,5891,0.87907;113,9795,0.874806
39,32192;390,68945,1;58,3602,0.942636;92,6012,0.984496;96,5722,0.874031;110,9593,0.872868
38,32141;391,68548,1;52,3967,0.938372;71,6553,0.993411;108,6164,0.881008;118,10217,0.878682
38,32088;393,69127,0.999225;57,3865,0.954264;63,5868,0.987209;104,6025,0.878295;112,9782,0.875194
38,31459;389,68635,1;47,3766,0.945349;68,5910,0.990698;99,5689,0.878682;114,9766,0.878682
42,32224;387,68281,0.999612;47,3632,0.951938;64,6096,0.986047;104,5931,0.877907;112,9718,0.877907
37,31879;400,69370,1;47,3535,0.94845;62,5738,0.986822;101,5835,0.868992;108,9445,0.874031
36,32303;387,68078,1;49,3859,0.95814;61,5610,0.984884;99,5837,0.863953;114,10045,0.875194
35,32300;387,68157,1;48,3562,0.941085;67,5921,0.987209;99,5809,0.86938;114,9974,0.875581
40,32294;387,68154,1;46,3821,0.948837;64,6176,0.987984;107,6172,0.874806;118,10464,0.878682
36,31896;388,67588,1;50,3695,0.942636;61,6074,0.989147;94,5513,0.876744;106,9380,0.884884
38,32307;384,67696,1;51,4130,0.955814;65,6396,0.987209;102,5957,0.882558;116,10220,0.882946
37,32262;384,67329,0.999612;55,3761,0.951163;66,6028,0.974419;104,6074,0.872868;116,10189,0.87907
37,32193;395,67606,1;59,3914,0.939922;70,6435,0.986434;109,6260,0.873643;114,9865,0.874806
35,32061;385,66269,1;48,3301,0.931008;61,5642,0.986822;97,5788,0.876744;108,9597,0.877519
35,32001;384,67376,1;48,3620,0.937597;63,6025,0.989147;101,5733,0.860853;111,9728,0.870155
35,31965;387,67620,1;48,3718,0.944961;66,5842,0.989535;100,5758,0.852326;111,9566,0.868605
37,32286;381,66869,1;66,4191,0.950775;77,6456,0.989147;107,6054,0.85155;119,10288,0.870155
36,32157;389,67129,1;50,3502,0.944186;67,6019,0.973643;102,5835,0.843411;118,10041,0.86124
37,32077;383,66036,1;48,3661,0.954264;63,5802,0.987597;99,5740,0.851163;109,9313,0.859302
36,32251;391,67814,1;52,3596,0.964341;61,5506,0.992248;99,5749,0.843798;113,9647,0.851163
37,32259;388,66999,1;54,3776,0.957364;66,5782,0.981783;107,6048,0.844186;119,10118,0.856589
37,31913;393,68153,1;49,3180,0.936047;57,4997,0.977519;92,5382,0.842636;109,9446,0.857752
36,32033;388,67752,1;47,3345,0.947287;57,5149,0.982558;92,5238,0.839922;103,8772,0.860465
37,32249;384,67124,1;45,3483,0.953876;63,5868,0.99186;96,5546,0.853101;111,9559,0.866667
37,32222;391,68313,1;53,3844,0.963178;63,6082,0.985659;100,5701,0.857752;114,9655,0.865504
37,32222;386,67645,1;51,3887,0.954651;66,6122,0.984884;106,6080,0.855426;112,9704,0.863953
36,32199;389,67921,1;48,3488,0.931395;62,5724,0.983721;108,6071,0.855039;116,9990,0.860853
37,31990;385,66916,1;56,3671,0.932558;64,5782,0.987984;107,6054,0.857364;116,9797,0.863178
36,32255;392,68236,1;49,3642,0.946512;65,5665,0.985659;102,5885,0.847674;113,9770,0.853488
36,32302;390,69361,0.999612;52,3743,0.94031;64,6314,0.985659;100,5768,0.85;118,10215,0.859302
35,31994;386,67970,1;48,3616,0.957752;59,5536,0.988372;95,5459,0.854264;108,9374,0.85969
36,32245;388,68812,1;52,3714,0.951938;64,6057,0.986434;103,5961,0.857752;117,10195,0.862791
35,32293;381,66576,1;52,3937,0.973643;66,6267,0.986434;108,6123,0.855039;118,10083,0.865504
37,32232;384,67868,1;51,3687,0.96124;64,5958,0.987597;106,6074,0.860078;112,9711,0.868605
36,32322;388,68558,1;50,4037,0.963953;67,6601,0.993411;111,6297,0.859302;123,10518,0.865116
35,31911;391,69366,1;51,3902,0.952326;62,6072,0.99031;102,5873,0.855426;111,9762,0.870543
36,31850;389,68358,0.999612;53,4016,0.959302;65,6308,0.987597;113,6342,0.865116;113,9910,0.874031
36,32231;387,68470,1;51,3513,0.945349;65,6164,0.98876;109,6296,0.860465;122,10451,0.877132
37,32250;389,68847,1;46,3530,0.943798;62,6129,0.987984;105,6080,0.869767;110,9680,0.87907
36,32134;385,67904,1;45,3494,0.950388;63,5547,0.979457;94,5654,0.872481;106,9463,0.882558
37,32310;388,67812,1;49,3866,0.960078;69,6394,0.991473;105,6165,0.86938;114,10146,0.877519
36,31929;384,68174,1;56,4001,0.948837;65,6274,0.992636;100,5888,0.873643;110,9868,0.884496
37,31819;388,68846,1;44,3474,0.93876;60,6020,0.986822;105,6070,0.883333;113,10035,0.893798
36,32251;386,68153,1;51,3897,0.953101;62,5943,0.991085;105,5977,0.880233;116,10149,0.887597
36,32152;391,68019,1;53,3403,0.953488;56,5398,0.982171;96,5564,0.876744;110,9478,0.885659
37,31659;388,68250,1;50,3527,0.944961;62,5666,0.986822;92,5321,0.875969;105,8998,0.882558
36,32175;387,68409,1;58,3853,0.958527;63,6029,0.991473;102,5851,0.876357;116,9902,0.883333
36,32240;393,68517,1;43,3473,0.961628;63,5714,0.98876;104,5983,0.872093;111,9573,0.874419
36,32242;388,67626,1;52,3846,0.955039;69,6260,0.98876;108,6254,0.866667;119,10301,0.879457
37,32217;389,67677,1;55,3419,0.925969;70,6073,0.985659;100,5747,0.856977;117,9978,0.871318
36,32152;386,67690,1;49,3552,0.939535;68,5810,0.988372;100,5799,0.863953;108,9324,0.877132
42,32274;389,68642,1;45,3747,0.939535;63,6003,0.987597;102,5874,0.857364;115,9986,0.875581
37,32302;388,68355,1;62,4007,0.948062;72,6847,0.99186;115,6350,0.848837;125,10620,0.868605
37,32210;387,68086,1;50,3512,0.946512;65,5664,0.989147;96,5617,0.861628;113,9841,0.87093
36,32189;387,68208,1;42,3438,0.954651;57,5706,0.994574;98,5710,0.865891;109,9523,0.86938
37,32247;390,68850,1;44,3486,0.94031;68,5996,0.983333;98,5709,0.868605;115,10098,0.875194
53,32243;389,68216,1;48,3578,0.942636;59,5889,0.985659;101,5939,0.874031;113,9888,0.88062
36,31772;389,68232,1;50,3446,0.931783;61,5938,0.986822;95,5596,0.877132;107,9475,0.888372
37,31922;392,68853,1;46,3608,0.947287;61,5863,0.983333;99,5730,0.868217;108,9514,0.883333
37,31837;393,68634,1;46,3580,0.939147;64,5936,0.980233;102,5854,0.870155;114,9830,0.887209
37,32231;393,69508,1;49,3768,0.938372;68,6394,0.988372;101,5895,0.866667;117,10125,0.884109
38,32154;393,68746,1;64,3924,0.957752;61,5901,0.989922;102,5706,0.862403;109,9554,0.88062
36,32308;392,69231,1;49,3905,0.948062;67,6344,0.987984;114,6553,0.876357;124,10881,0.888372
36,32264;394,67839,1;57,3929,0.947674;72,6176,0.982171;106,6074,0.874031;114,9985,0.889535
36,32291;388,68547,1;46,3774,0.949225;64,6454,0.985271;108,6281,0.868217;119,10516,0.880233
36,32179;395,69911,1;50,3880,0.942248;65,6331,0.991085;98,5707,0.85969;111,9849,0.882946
36,31820;392,69461,1;45,3595,0.94845;62,5889,0.991085;97,5635,0.870543;112,9712,0.879457
37,32307;390,68328,1;52,4041,0.950388;65,6549,0.992248;109,6236,0.875194;118,10302,0.887984
36,32326;392,68642,1;55,3925,0.965891;59,5982,0.984496;109,6216,0.873643;119,10393,0.882171
36,32037;387,68473,1;50,3734,0.95;62,5742,0.985271;90,5351,0.874031;106,9392,0.886434
37,32291;394,69525,1;56,3856,0.945349;65,6235,0.98876;103,5985,0.876744;112,9812,0.886047
50,32144;391,68710,1;49,3932,0.953876;62,6347,0.986047;100,5812,0.876357;109,9529,0.885659
37,32139;388,68918,1;50,3986,0.95969;65,6364,0.989535;106,6017,0.87907;114,9887,0.886822
37,32314;388,68467,1;51,3771,0.950775;62,5838,0.986434;101,6030,0.879457;113,9987,0.882946
36,32081;385,67510,1;44,3545,0.94845;60,5600,0.986822;91,5357,0.874806;103,8864,0.884109
37,32280;386,67167,1;47,3672,0.953488;62,5999,0.988372;99,5772,0.875581;106,9287,0.880233
37,32054;394,69100,1;48,3365,0.932171;67,5786,0.987597;92,5428,0.874806;107,9427,0.883333
36,31898;386,68144,1;49,3601,0.96124;60,5805,0.991085;93,5446,0.864729;109,9557,0.876357
36,32219;388,68208,0.999612;43,3418,0.953876;59,5598,0.984496;96,5724,0.87093;107,9496,0.87907
37,32128;388,67689,1;50,3259,0.952713;57,5298,0.981395;91,5408,0.867829;103,9107,0.873256
37,32120;382,66715,1;55,3444,0.942248;63,5574,0.987984;96,5736,0.874419;105,9241,0.879845
38,32040;386,67798,1;47,3494,0.956589;58,5633,0.99186;87,5234,0.870155;98,8713,0.874806
44,32274;381,67067,1;48,3820,0.955039;68,6088,0.991085;104,6056,0.876357;117,10070,0.87907
39,32059;398,68095,1;47,3672,0.957364;64,5933,0.989922;104,5958,0.881783;109,9615,0.882171
37,32034;387,68170,1;49,3519,0.950388;63,5639,0.991473;94,5585,0.872868;108,9588,0.881008
37,32235;385,68057,1;56,3788,0.947287;63,6072,0.989922;103,6023,0.867054;114,10079,0.875969
37,32235;384,67340,1;49,4014,0.953876;62,6053,0.988372;108,6335,0.865116;117,10370,0.877907
37,31815;389,68176,1;55,3568,0.95155;65,5929,0.991473;102,5895,0.865504;109,9613,0.875194
38,32316;391,69063,1;58,4259,0.970543;66,6313,0.986434;105,6041,0.877519;118,10249,0.884496
36,32145;389,68519,1;55,3755,0.956202;64,5895,0.989147;98,5657,0.869767;110,9581,0.88062
37,31788;387,68002,1;52,3790,0.948837;64,5948,0.995349;98,5723,0.868217;111,9737,0.875969
38,32087;391,68370,1;47,3693,0.949225;64,6137,0.986434;109,5994,0.87093;115,10163,0.877519
38,32297;403,68781,1;54,3928,0.95814;67,5986,0.991473;99,5820,0.872481;113,10040,0.881008
38,32216;391,69134,1;51,3793,0.946512;65,6202,0.986047;102,5989,0.873256;115,10227,0.882558
37,32231;388,68715,1;55,3941,0.937597;74,6362,0.984884;103,6097,0.875194;111,9880,0.885659
37,32310;398,69790,1;52,3938,0.94031;69,6849,0.992248;108,6328,0.881783;118,10559,0.892248
38,32055;393,69438,1;51,3620,0.935659;63,6040,0.991085;100,5864,0.881395;112,10122,0.894186
38,32276;387,68410,1;64,3913,0.952326;66,6315,0.993023;102,6118,0.88062;112,10008,0.893411
37,32024;389,67925,0.999612;43,3432,0.960078;58,5360,0.991085;92,5593,0.883721;99,8935,0.892636
38,32254;386,67395,1;46,3702,0.944574;63,6002,0.985271;102,6067,0.884496;113,10216,0.89186
36,31884;392,68607,1;51,3472,0.956589;55,5442,0.990698;88,5376,0.885271;99,9043,0.896899
38,32204;388,68693,1;44,3546,0.953488;60,6006,0.99186;97,5810,0.879845;110,9809,0.892248
38,32297;390,68140,1;49,3946,0.960853;65,6403,0.994574;101,6017,0.881395;114,10118,0.896512
40,32236;389,68688,1;48,3853,0.959302;65,6458,0.98876;99,5959,0.876744;112,10069,0.891473
42,32177;386,68240,1;49,3769,0.939535;65,6375,0.986822;103,5971,0.874031;115,9991,0.886047
39,32287;386,68032,1;50,3929,0.956589;64,5972,0.98876;103,6023,0.881008;114,9983,0.888372
38,31947;383,66757,1;55,3794,0.951938;63,5863,0.99031;94,5493,0.882171;109,9593,0.889535
37,31898;390,69012,1;53,3647,0.951938;60,5698,0.984496;96,5611,0.88062;105,9170,0.886822
39,32140;392,68946,1;52,3899,0.948062;65,6093,0.989922;101,5923,0.880233;114,10037,0.89031
38,32070;388,68807,1;50,3694,0.945349;68,6107,0.983721;108,6179,0.886822;115,10092,0.899225
37,32327;393,68653,1;54,3824,0.947287;69,6350,0.985659;104,6048,0.888372;118,10237,0.897287
39,32344;391,69084,1;53,4222,0.954651;73,6730,0.988372;105,6070,0.882946;117,10206,0.899612
38,32313;391,68781,1;56,3918,0.942248;64,6245,0.989922;109,6330,0.882946;120,10543,0.9
38,31889;385,67549,1;48,3810,0.947287;60,5741,0.987984;101,5889,0.888372;111,9766,0.906202
37,31863;390,67786,1;48,3595,0.947674;59,5800,0.981008;96,5654,0.89186;108,9601,0.902326
37,32057;406,69263,0.999612;49,3676,0.931008;67,6202,0.986434;99,5822,0.887209;113,9895,0.894961
37,32253;390,68097,1;49,3895,0.940698;68,6256,0.987597;110,6377,0.876744;119,10376,0.887597
37,32201;391,68137,1;57,4004,0.946124;65,6178,0.989147;103,6065,0.868992;116,10247,0.880233
39,32206;389,67951,1;49,3724,0.947674;62,5978,0.987984;102,6087,0.873256;112,9983,0.881008
37,31959;400,68443,1;54,3904,0.95;62,5768,0.987597;98,5773,0.873643;107,9342,0.882558
36,31863;386,67605,1;45,3174,0.942248;59,5240,0.986822;88,5267,0.878295;99,8845,0.884109
36,32274;391,67657,1;57,4044,0.956589;66,5973,0.987984;100,5926,0.871318;119,9938,0.879457
35,31681;391,67742,1;42,3369,0.951938;61,5517,0.991473;90,5322,0.876744;100,8843,0.881395
36,32225;386,67816,1;51,3844,0.958527;65,6026,0.981395;106,6217,0.876744;115,10079,0.886822
36,32188;386,67740,1;58,3977,0.949225;71,6079,0.979845;100,5822,0.871705;113,9925,0.885271
36,31372;384,67706,1;47,3385,0.932171;67,5461,0.976744;90,5213,0.870543;99,8641,0.885271
37,32101;392,68970,1;53,4199,0.939922;67,6634,0.986822;112,6428,0.885271;118,10230,0.887597
37,32186;391,69428,1;49,3772,0.954264;67,6196,0.99031;102,5957,0.88062;113,10014,0.887984
36,32208;387,68423,1;46,3647,0.959302;64,5720,0.99186;100,5852,0.878682;112,9879,0.885659
37,32350;388,68323,1;56,3972,0.943023;68,6142,0.982946;104,6128,0.879845;117,10382,0.888372
37,32293;386,67257,1;58,3902,0.933721;69,6338,0.99031;107,6217,0.886047;119,10426,0.89031
37,32016;394,69595,1;50,3871,0.932171;65,6215,0.983721;100,5905,0.884109;108,9670,0.887597
37,32150;386,67711,1;51,3469,0.934109;71,5884,0.981008;101,5871,0.882946;115,10072,0.887597
37,32067;387,67243,1;48,3373,0.93062;61,5541,0.984109;93,5456,0.882946;103,9159,0.89186
51,32188;394,68289,1;49,3995,0.949612;66,6183,0.98876;108,6253,0.875969;119,10247,0.882946
39,32170;385,67240,1;46,3501,0.944961;58,5648,0.987984;99,5712,0.867442;118,10096,0.876744
39,32238;389,67765,1;51,3758,0.949225;67,5729,0.983721;103,5853,0.863953;115,9857,0.877519
40,32057;395,68543,1;60,3643,0.945736;64,5957,0.986822;99,5596,0.860853;113,9823,0.877132
40,32289;386,67276,1;57,3423,0.940698;63,5801,0.990698;105,6060,0.868992;117,10223,0.88062
37,32225;385,67194,1;52,3728,0.947674;63,5667,0.985271;100,5829,0.867054;114,9800,0.877907
35,32150;379,66174,1;51,3755,0.952326;67,6319,0.98876;107,5953,0.853488;117,9847,0.871318
40,32215;396,68235,0.999612;47,3732,0.95814;62,5995,0.992248;106,6010,0.866279;110,9604,0.875969
40,32204;389,68209,0.999225;44,3286,0.946899;57,5456,0.984884;96,5628,0.862016;110,9655,0.868217
39,32260;386,67806,1;53,3825,0.933333;68,6437,0.982171;103,5952,0.862403;116,10056,0.874031
40,32077;393,69048,1;49,3460,0.941473;62,5891,0.989922;97,5556,0.855814;108,9296,0.874419
40,31969;390,67679,1;49,3783,0.939535;62,6150,0.982946;105,6015,0.871318;115,9976,0.880233
39,32208;393,68874,1;46,3456,0.944186;60,5449,0.983333;95,5705,0.876357;104,9225,0.881008
40,32049;393,68213,0.999612;52,4068,0.96124;61,6151,0.979845;103,5946,0.869767;112,9570,0.876744
40,32228;387,68171,1;47,3709,0.941473;59,5743,0.978295;100,5890,0.867054;109,9480,0.871318
40,32089;391,68631,1;47,3833,0.952713;63,5739,0.974806;98,5684,0.855814;107,9323,0.867829
47,32264;391,68595,1;44,3489,0.955814;62,5879,0.984109;100,5836,0.866279;108,9546,0.872868
36,32064;386,67760,1;50,3662,0.953101;61,5743,0.991085;100,5742,0.87093;107,9371,0.877132
37,32121;392,68520,1;51,3605,0.943411;65,5984,0.98876;103,5915,0.867054;117,9773,0.876357
35,32292;387,67112,1;48,3542,0.948837;65,5851,0.990698;106,6105,0.865116;120,10387,0.875969
36,32299;387,67663,1;49,3813,0.951938;64,5899,0.989535;105,6064,0.872093;116,10117,0.879845
37,32318;392,69686,1;52,3985,0.956977;65,6293,0.991473;106,6073,0.877132;116,10189,0.884884
36,32338;395,69685,1;50,3640,0.949612;66,6142,0.99031;107,6145,0.874806;120,10445,0.882558
37,32037;393,68681,1;50,3758,0.940698;63,5869,0.982558;103,5789,0.867054;113,9722,0.88062
37,32327;393,69344,1;57,4120,0.957364;69,6431,0.991473;107,6017,0.866279;117,10164,0.879845
36,31953;394,69446,1;44,3502,0.950775;58,5741,0.989535;98,5713,0.870543;112,9858,0.883721
38,32314;392,68567,1;48,3750,0.955814;61,6128,0.984884;104,5997,0.876744;114,9959,0.889922
37,32173;403,68601,1;48,3704,0.943023;64,6111,0.987984;103,5913,0.862403;115,10178,0.878682
36,32249;391,68660,1;51,3485,0.951163;60,5709,0.99186;95,5611,0.859302;108,9621,0.873643
36,32324;387,67577,1;48,3678,0.951938;61,6049,0.987984;99,5818,0.86124;109,9759,0.879457
37,32257;387,68039,1;45,3587,0.960853;61,5735,0.990698;97,5758,0.865116;109,9687,0.874419
36,32237;394,69030,1;49,3666,0.943023;62,6146,0.986822;103,6069,0.87093;116,10088,0.876357
36,32127;382,67059,1;49,3607,0.945736;69,6003,0.987209;102,5756,0.865504;113,9660,0.873256
37,32263;384,67069,1;50,3343,0.957752;60,5398,0.986434;100,5776,0.865891;110,9518,0.875969
37,32285;394,68095,1;48,3640,0.94845;67,6198,0.98062;107,6113,0.867442;119,10222,0.874806
37,32196;391,68537,0.999612;50,3760,0.936047;63,6065,0.988372;102,5766,0.855426;117,10131,0.872093
37,32247;388,68049,1;46,3580,0.949225;58,5696,0.987597;95,5505,0.859302;109,9490,0.874806
37,31972;387,67776,0.999612;50,3574,0.956202;61,5577,0.988372;99,5882,0.868605;107,9410,0.877519
38,32106;382,66724,1;50,3387,0.949225;57,5643,0.987209;92,5463,0.867442;111,9711,0.87907
37,31865;387,67121,1;57,3949,0.946124;64,6061,0.986434;104,5892,0.855426;114,9846,0.871705
37,32285;389,67983,1;48,3582,0.955039;66,6089,0.989535;103,5913,0.858527;114,9758,0.867442
36,32038;387,67536,1;42,3459,0.942248;58,5748,0.994574;100,5805,0.85969;113,9848,0.865116
37,32265;387,66896,1;49,3635,0.935271;62,6028,0.992248;100,5815,0.858527;115,10056,0.863566
38,32292;388,68276,1;53,4059,0.953488;72,6383,0.992248;106,6103,0.857364;116,10171,0.864729
50,32220;388,67845,1;48,3635,0.956589;61,5969,0.994186;102,5845,0.85;113,9810,0.860853
36,32251;390,68334,1;49,3740,0.957364;63,5924,0.990698;105,6092,0.863953;114,10000,0.866667
36,32136;391,68230,1;49,3541,0.946124;68,5844,0.989535;97,5629,0.844961;108,9430,0.861628
36,31841;387,67842,1;47,3686,0.956589;61,5979,0.987209;99,5680,0.848837;110,9521,0.85969
37,32168;388,68679,1;45,3862,0.962403;68,6343,0.989535;103,5998,0.852326;112,9826,0.868217
38,32146;390,69211,1;50,3609,0.937209;72,6382,0.994574;106,6114,0.86124;119,10256,0.868992
37,32179;390,67971,1;48,3712,0.944186;64,5756,0.987984;99,5675,0.858915;113,9763,0.868605
37,32003;391,68800,1;58,3771,0.942248;65,5828,0.98876;97,5604,0.863953;111,9399,0.86938
37,32148;384,67381,1;47,3488,0.939922;65,5699,0.989147;99,5678,0.865891;111,9463,0.875194
37,32206;395,69190,1;49,3605,0.943023;63,5554,0.984496;99,5790,0.869767;110,9529,0.875194
37,32364;388,68031,1;52,4021,0.95155;72,6615,0.99031;109,6188,0.872093;119,10186,0.877132
37,32234;390,68621,1;56,3824,0.965116;62,5937,0.992636;101,5787,0.867442;113,9810,0.870543
37,32156;391,68435,1;50,3726,0.957364;64,5907,0.981008;98,5736,0.868605;111,9662,0.87093
37,32194;393,69279,1;51,3987,0.963953;63,6135,0.985271;106,6027,0.874031;113,9856,0.875581
36,32297;391,68081,1;52,3828,0.942636;63,6094,0.982946;108,6220,0.881395;120,10531,0.885271
37,32031;387,68048,1;49,3484,0.949612;66,5740,0.984884;96,5674,0.875969;107,9377,0.87907
36,31634;388,68062,1;46,3343,0.94186;62,5761,0.989535;91,5365,0.874419;101,8968,0.87907
37,32313;382,67138,1;48,3709,0.946512;62,5906,0.989535;105,6092,0.87907;110,9829,0.881395
50,32220;387,67148,1;47,3505,0.943798;60,5585,0.989535;95,5576,0.873643;111,9633,0.883333
36,31848;384,67139,1;42,3109,0.94031;60,5196,0.983721;92,5346,0.867829;102,8787,0.873256
37,32150;392,68697,1;48,3525,0.946512;60,5811,0.994961;94,5444,0.874031;103,8908,0.875969
37,32259;387,67868,1;48,3607,0.939147;60,5766,0.992248;99,5807,0.868217;105,9191,0.873256
37,32263;389,67856,1;47,3534,0.948062;64,6035,0.990698;102,5911,0.873643;116,9859,0.875581
36,32319;383,67116,1;55,3737,0.962016;66,6138,0.98876;106,6091,0.866279;115,9866,0.875194
36,32195;384,67285,1;49,3473,0.961628;59,5495,0.98876;95,5516,0.864729;101,8689,0.877132
36,32306;383,67747,1;53,3815,0.945349;65,6120,0.987984;109,6377,0.864729;113,10062,0.872481
35,31857;389,67863,1;43,3212,0.95;59,5304,0.988372;91,5379,0.867442;100,8801,0.876357
36,32118;381,66798,1;51,3585,0.954651;67,5933,0.985271;102,5877,0.868605;115,9889,0.873256
38,32120;385,66859,1;53,3506,0.95814;62,5364,0.991085;92,5468,0.865116;107,9327,0.874806
37,32257;390,68373,1;45,3370,0.952326;59,5576,0.985659;94,5632,0.86938;107,9465,0.874419
37,32327;395,69022,1;48,3760,0.945736;63,6145,0.99031;107,6096,0.87093;118,10299,0.87907
36,32178;383,66803,1;48,3717,0.952326;64,6102,0.982171;103,5991,0.874419;112,9774,0.88062
36,32147;384,67298,1;46,3461,0.951938;62,5831,0.987984;99,5884,0.881395;111,9805,0.886434
35,31795;386,67421,1;47,3349,0.944574;59,5422,0.989535;94,5571,0.868605;102,9115,0.883721
36,32274;387,67235,1;50,3768,0.955039;62,5993,0.990698;99,5915,0.877132;111,9988,0.881008
36,32016;385,67178,1;46,3147,0.952713;58,5226,0.993023;93,5411,0.871705;101,9168,0.87907
36,32271;385,67660,1;44,3209,0.960078;56,5385,0.989922;96,5753,0.870543;109,9675,0.879457
36,32210;395,69498,1;52,3766,0.942248;65,6305,0.991085;104,5992,0.865891;118,10364,0.882558
37,32184;388,68569,1;50,3618,0.95;63,5979,0.99031;99,5720,0.874031;111,9672,0.881395
38,32286;383,67154,1;45,3436,0.95814;58,5494,0.989147;99,5688,0.866279;111,9747,0.876357
37,31953;386,67452,1;57,3655,0.953488;64,5748,0.984109;99,5642,0.867054;110,9502,0.874419
36,31911;390,68085,0.999225;56,3846,0.936047;69,6245,0.986047;102,5847,0.866279;111,9728,0.877519
37,32007;388,68270,1;45,3377,0.931008;57,5436,0.988372;95,5476,0.858527;104,9156,0.874031
37,32190;384,67992,1;51,3725,0.953876;63,5884,0.982171;98,5642,0.858527;109,9623,0.875194
43,32322;391,69160,1;50,3913,0.961628;61,6095,0.991085;101,5931,0.856977;114,10119,0.864729
36,31874;391,67891,1;44,3355,0.959302;54,5229,0.988372;87,5113,0.852326;100,8793,0.860465
36,31844;393,69137,1;47,3570,0.954264;64,5621,0.986047;94,5419,0.845736;106,9067,0.85969
36,32170;391,68764,1;46,3422,0.949612;59,5758,0.982558;97,5656,0.84845;105,9259,0.866667
36,32217;385,67713,1;46,3339,0.947674;59,5261,0.988372;98,5721,0.86124;106,9175,0.870155
36,32126;390,68090,1;44,3337,0.951163;63,5489,0.991473;93,5424,0.858915;105,9136,0.867829
36,32266;384,67339,1;51,3617,0.952326;61,5827,0.989147;96,5612,0.861628;113,9800,0.869767
36,32307;387,67868,1;50,3647,0.95969;61,5706,0.981783;101,5942,0.862016;110,9721,0.87093
36,32189;381,66630,1;52,3581,0.963178;61,5550,0.990698;96,5690,0.860853;111,9712,0.869767
36,32034;383,66347,1;42,3123,0.953488;56,5056,0.988372;92,5418,0.858527;104,9114,0.867829
35,32155;382,66626,1;47,3014,0.956589;56,5031,0.989147;88,5288,0.855039;101,8949,0.862016
36,32054;382,66785,1;58,3612,0.940698;62,5671,0.986047;94,5660,0.857752;107,9487,0.863953
36,32270;382,66307,1;54,3426,0.943023;57,5307,0.980233;94,5582,0.857752;108,9518,0.868992
35,31841;397,66663,1;50,3361,0.943023;58,5458,0.978295;85,5105,0.853488;95,8441,0.866279
49,31816;386,67099,1;51,3480,0.961628;59,5412,0.988372;89,5394,0.849612;98,8759,0.867054
35,31916;384,66580,1;47,3111,0.937984;56,5119,0.990698;89,5481,0.849612;96,8710,0.865116
36,31914;383,66580,1;50,3652,0.942636;65,5878,0.98876;90,5440,0.863566;103,9162,0.873256
36,32187;387,67071,1;54,3522,0.963178;60,5334,0.987984;91,5499,0.857752;101,8951,0.865891
35,32305;387,67278,1;44,3366,0.931008;68,5521,0.991085;98,6002,0.865891;108,9644,0.874031
36,32094;388,67520,1;50,3656,0.94845;61,5608,0.986434;95,5648,0.873643;105,9300,0.882946
34,31829;390,68091,1;46,3474,0.96938;56,5492,0.995736;92,5483,0.87093;105,9239,0.877132
34,32157;389,67042,1;47,3216,0.948062;56,5313,0.988372;91,5470,0.87093;104,9211,0.87907
36,32290;383,66685,1;56,3522,0.944961;60,5769,0.989535;95,5677,0.865116;109,9513,0.874419
38,32045;390,67902,1;55,3488,0.939922;67,5831,0.984884;101,5799,0.860465;111,9633,0.870155
35,32130;387,67361,0.999612;47,3438,0.951163;63,5390,0.985271;96,5737,0.853101;111,9846,0.867054
35,32000;394,68034,1;50,3704,0.956977;64,5767,0.991473;95,5631,0.862016;109,9737,0.874806
35,32123;385,67123,1;48,3282,0.943411;56,5280,0.977907;95,5635,0.864729;104,9234,0.877907
35,31812;390,67814,1;47,3400,0.951163;57,5341,0.985659;93,5555,0.860465;105,9329,0.872868
36,32035;383,66556,1;63,3600,0.948837;65,5873,0.984496;97,5678,0.87093;105,9423,0.883721
43,32184;388,67345,1;50,3425,0.95969;60,5588,0.987984;93,5720,0.875969;106,9475,0.881395
35,32221;388,67860,1;44,3372,0.958915;58,5387,0.989535;93,5529,0.873643;103,9258,0.881008
36,32284;384,66321,1;42,3072,0.947287;56,5105,0.987209;95,5803,0.880233;109,9830,0.882946
50,31963;398,68645,1;44,3101,0.931783;62,5419,0.988372;92,5530,0.867054;104,9235,0.871705
36,31977;391,67773,0.999612;56,3570,0.943798;60,5412,0.991085;93,5540,0.856202;104,9242,0.867054
36,31951;386,67206,1;43,3269,0.940698;62,5249,0.987209;92,5505,0.860853;101,8947,0.870543
35,32175;382,66605,1;52,3386,0.941473;60,5482,0.986822;96,5685,0.864729;110,9574,0.872868
36,31818;384,66478,1;48,3300,0.954264;57,5012,0.987984;85,5001,0.86124;96,8471,0.872093
36,31961;386,67262,1;47,3323,0.952326;62,5506,0.986434;89,5396,0.864729;100,8944,0.870543
36,32232;386,67555,1;46,3401,0.949612;59,5565,0.989922;86,5296,0.864729;102,9100,0.868992
36,32171;384,66354,1;45,3463,0.953101;64,5491,0.982558;93,5553,0.862791;104,9305,0.870543
36,32153;389,67963,1;44,2936,0.934884;55,4931,0.987209;86,5232,0.863178;100,8828,0.865116
35,32063;389,67215,1;55,3424,0.949612;65,5597,0.989922;93,5494,0.872868;105,9237,0.872481
36,32153;388,67819,0.999225;48,3419,0.954264;61,5541,0.991473;97,5730,0.866667;109,9296,0.867442
36,32225;386,68023,1;55,3531,0.935659;67,5687,0.982558;100,5787,0.857752;111,9618,0.863953
36,32115;371,67287,1;47,3414,0.946512;58,5377,0.985271;93,5510,0.855426;106,9357,0.867829
35,31738;387,68166,1;44,3394,0.95814;58,5385,0.983721;87,5190,0.857752;101,8841,0.863178
36,32260;382,67721,1;50,3533,0.951163;62,5810,0.987597;99,5837,0.85969;109,9516,0.863953
35,32150;388,68152,1;50,3356,0.956202;62,5531,0.990698;95,5686,0.866279;105,9315,0.868992
36,32244;389,68440,1;54,3923,0.950388;70,5925,0.992636;104,6010,0.862791;114,9998,0.867829
36,32289;395,67297,1;54,3444,0.95814;57,5584,0.984496;95,5628,0.860078;105,9252,0.864341
37,32196;387,68584,1;53,3674,0.937984;62,5921,0.990698;97,5540,0.856589;109,9490,0.865891
36,32162;381,66867,1;59,3443,0.943411;55,5211,0.987209;92,5530,0.852326;100,8850,0.868605
36,31891;384,67365,1;50,3123,0.956589;58,4965,0.985271;90,5375,0.855039;100,8810,0.871318
36,31997;386,67170,1;51,3621,0.963178;62,5721,0.991085;100,5794,0.85;111,9628,0.874031
36,32002;381,66816,1;45,3526,0.961628;57,5604,0.986822;97,5657,0.87093;101,9032,0.873643
35,32259;378,66089,1;45,3324,0.955039;63,5772,0.989535;93,5519,0.86938;106,9395,0.872868
36,32090;386,67564,1;40,3100,0.943411;53,4925,0.98876;98,5735,0.856202;109,9386,0.863178
36,32235;382,67169,1;54,3517,0.942248;57,5529,0.985271;96,5609,0.871705;113,9758,0.87093
35,32190;387,66889,1;47,3830,0.963178;61,5721,0.99186;96,5772,0.869767;103,9197,0.872093
36,31980;384,66661,1;44,3162,0.949612;62,5139,0.987597;86,5285,0.873643;103,9104,0.878295
36,32195;388,68292,1;45,3426,0.944961;62,5713,0.989922;92,5587,0.875969;105,9351,0.878682
36,31793;383,67349,0.999612;54,3593,0.938372;64,5726,0.987597;87,5306,0.871705;95,8582,0.88062
36,32253;391,67729,1;47,3416,0.945349;63,5644,0.99186;93,5587,0.867829;106,9433,0.878295
36,32254;382,66816,1;58,3412,0.955426;58,5329,0.989535;91,5556,0.854264;107,9467,0.867054
40,32165;383,66920,1;49,3303,0.94031;58,5508,0.986822;96,5710,0.852326;108,9279,0.868605
40,32284;385,67393,1;50,3495,0.947674;58,5297,0.981783;99,5848,0.858527;110,9579,0.86938
40,32201;384,66772,1;45,3274,0.962016;59,5420,0.987597;89,5405,0.865116;103,9121,0.875581
39,32284;387,66583,1;39,2934,0.951938;53,5022,0.992636;94,5660,0.863178;107,9493,0.867442
40,32228;384,66472,1;44,3163,0.951163;56,5177,0.987984;87,5253,0.861628;99,8703,0.867829
34,30746;379,65568,1;52,2939,0.948062;53,4855,0.981783;82,4911,0.863953;91,8087,0.872868
37,32204;382,66302,1;47,3314,0.95155;63,5456,0.986434;95,5781,0.861628;106,9417,0.871318
37,32011;378,65973,1;47,2993,0.943411;56,4879,0.983333;87,5434,0.85969;98,8816,0.870543
36,32279;394,68294,1;50,3428,0.938372;59,5470,0.990698;91,5511,0.860465;104,9238,0.872093
37,32292;386,67570,1;44,3370,0.93876;58,5486,0.990698;100,5906,0.853101;109,9598,0.865504
36,32133;383,66223,1;51,3367,0.95155;58,4947,0.986434;91,5476,0.859302;100,8819,0.866279
36,32000;384,66696,1;44,3248,0.970155;59,4885,0.983333;84,5127,0.853101;97,8628,0.86938
36,32249;389,66703,1;42,3036,0.965116;59,4929,0.98062;93,5695,0.856977;102,9111,0.867054
35,32105;381,66187,1;44,3091,0.952713;54,5043,0.989535;89,5441,0.856977;97,8660,0.871705
35,31957;385,67338,1;47,3437,0.951163;59,5118,0.983333;85,5145,0.864341;95,8520,0.871705
35,31912;386,67193,1;42,3225,0.95;55,5207,0.984884;92,5610,0.860853;101,9054,0.868992
35,31927;374,65030,0.999612;47,3176,0.959302;59,5273,0.984496;84,5166,0.856589;95,8502,0.865891
35,32238;396,68169,1;53,3331,0.95155;60,5750,0.993023;100,5776,0.853101;109,9666,0.865504
36,32034;388,68004,0.999225;45,3507,0.954264;62,5681,0.99031;90,5306,0.85;104,9111,0.866667
36,31920;383,66944,0.999225;45,3109,0.949612;56,5258,0.988372;89,5185,0.85;101,8721,0.870155
35,32177;382,66329,1;47,3560,0.96124;58,5441,0.984496;90,5346,0.85814;100,8856,0.875194
36,32098;386,66333,1;49,3520,0.956202;57,5524,0.989535;91,5508,0.868217;101,9004,0.877907
35,32205;383,66770,1;48,3424,0.963953;54,5148,0.986047;87,5397,0.863178;98,8866,0.865891
36,31837;382,66543,1;42,3205,0.951163;58,5259,0.98876;90,5361,0.860078;101,8949,0.87093
36,32257;387,67486,0.999225;44,3282,0.957364;59,5238,0.987984;94,5663,0.864341;104,9339,0.875969
36,32142;384,66616,1;45,3155,0.952713;51,4881,0.981783;83,5175,0.867829;96,8827,0.87907
36,32096;383,65671,1;46,3324,0.949612;59,5352,0.990698;89,5407,0.868992;101,9078,0.884884
36,31949;384,66826,1;42,3289,0.965504;58,5062,0.989147;84,5123,0.867054;93,8411,0.876357
35,32128;378,65992,1;45,3325,0.958527;65,5522,0.992248;91,5516,0.87093;106,9101,0.875194
36,32072;382,65549,1;56,3637,0.961628;55,5229,0.985271;96,5633,0.871318;106,9262,0.875581
35,32180;391,67919,1;46,3357,0.961628;61,5531,0.991473;95,5553,0.866279;106,9176,0.872481
35,31748;389,67508,1;42,3034,0.942248;61,5304,0.987984;93,5398,0.868992;102,8841,0.872093
35,32251;384,66682,0.999612;50,3255,0.953101;62,5226,0.99186;86,5215,0.862016;100,8793,0.87093
35,31946;379,66422,1;47,3414,0.948837;61,5283,0.989147;89,5246,0.856202;101,8863,0.870543
35,32193;380,66062,1;49,3374,0.97093;57,5178,0.988372;89,5315,0.857752;98,8601,0.870543
36,32010;389,67522,1;45,3248,0.958527;59,5293,0.987597;92,5373,0.865116;105,9221,0.87093
36,32253;385,66683,1;49,3422,0.949612;63,5884,0.992248;99,5721,0.863953;113,9728,0.877132
35,32145;380,66181,1;50,3309,0.961628;59,5188,0.990698;97,5670,0.871318;112,9518,0.88062
35,31640;384,66881,0.99845;52,3067,0.952713;55,4978,0.987209;84,5034,0.871705;98,8718,0.881008
35,32179;387,67076,1;39,3213,0.958527;55,5254,0.984109;95,5629,0.863566;108,9571,0.873643
36,32188;381,66776,1;46,3190,0.937984;58,5427,0.989147;93,5586,0.874031;105,9194,0.879457
35,31845;376,65785,0.999612;38,2957,0.952713;52,4729,0.989922;82,4965,0.860078;93,8306,0.872093
35,32053;383,66908,1;39,3172,0.943798;56,5092,0.99031;87,5178,0.868992;104,8399,0.882946
35,31631;384,67236,0.999612;52,3234,0.952713;60,5408,0.991473;89,5311,0.874806;98,8665,0.882946
35,32061;391,67543,1;44,3296,0.967442;57,5098,0.993411;91,5528,0.871318;103,9123,0.877519
35,32137;389,68327,1;43,3234,0.93876;61,5323,0.986434;98,5771,0.867054;108,9383,0.869767
35,31417;388,67510,1;47,3317,0.952326;55,5079,0.986822;91,5383,0.865891;100,8797,0.874031
35,31525;389,67926,1;46,3450,0.957364;61,5270,0.988372;92,5370,0.860853;104,9127,0.863178
35,31722;388,67956,1;43,3214,0.948062;53,5147,0.986434;91,5340,0.863178;105,9236,0.861628
35,31566;387,67885,1;42,3445,0.952326;57,5229,0.981783;92,5381,0.865891;103,8990,0.870155
36,32138;384,67074,1;42,3132,0.932171;55,5247,0.986047;95,5647,0.86124;107,9375,0.867829
35,32123;390,66588,1;46,3404,0.939147;56,5153,0.978295;96,5736,0.862403;108,9500,0.870155
36,32245;385,67134,1;54,3509,0.945736;57,5482,0.98876;93,5614,0.868217;107,9295,0.872093
36,32285;382,66068,1;48,3423,0.94845;59,5386,0.987597;94,5567,0.868605;104,9297,0.872093
35,31924;383,67067,1;43,3228,0.942636;60,5503,0.980233;93,5484,0.856977;106,9328,0.871705
36,31912;383,66770,1;53,3278,0.937597;58,5279,0.984884;91,5387,0.863566;103,9085,0.871705
35,31663;383,66799,1;48,3486,0.956977;57,5421,0.990698;92,5354,0.864729;103,9207,0.870543
35,31676;386,66946,1;51,3173,0.943411;56,5203,0.984496;99,5749,0.864341;106,9153,0.86938
35,32145;384,67477,1;49,3595,0.956202;62,5494,0.987209;96,5494,0.866279;107,9307,0.870543
34,31823;385,67018,1;41,3195,0.951163;65,5378,0.988372;94,5391,0.862791;103,8845,0.867442
35,31655;384,66958,1;46,3330,0.944961;60,5609,0.991085;95,5418,0.859302;109,9412,0.864729
34,31945;385,67293,1;59,3195,0.95;56,5035,0.987984;95,5544,0.850775;103,8970,0.857752
35,32118;385,66440,0.999612;52,3117,0.955039;54,4868,0.986434;86,5143,0.850775;95,8393,0.854651
35,32270;384,66932,0.999612;43,3291,0.951163;56,5243,0.99031;85,5148,0.839147;97,8887,0.848837
35,32162;378,65562,1;45,3245,0.960078;62,5382,0.992636;90,5330,0.84031;101,8934,0.85
35,32187;380,66427,1;43,3265,0.96124;53,5188,0.99186;92,5424,0.845736;102,8990,0.855426
35,32217;384,67104,1;50,3376,0.960078;58,5450,0.988372;96,5593,0.839922;111,9678,0.856589
34,31591;383,66451,1;45,2938,0.956202;53,4615,0.985271;81,4792,0.84845;94,8291,0.857752
34,31510;383,66907,1;41,2638,0.968992;48,4141,0.992636;82,4781,0.846124;92,8097,0.856202
33,30470;378,65802,1;35,2081,0.962016;42,3756,0.985271;72,4155,0.843023;83,7230,0.853101
32,29415;387,67231,1;33,2119,0.967442;48,3485,0.993411;59,3482,0.84186;70,6146,0.853876
31,29867;383,66200,1;28,1804,0.970543;33,2969,0.992636;55,3211,0.843411;63,5473,0.854651
30,28425;384,66696,1;33,1727,0.973643;32,2593,0.989922;45,2660,0.842248;56,4994,0.856977
29,26715;384,67087,1;27,1282,0.96938;30,2191,0.988372;40,2393,0.848837;53,4719,0.860078
28,25969;392,67774,0.999612;21,1198,0.964729;32,2064,0.989147;37,2220,0.845736;45,4052,0.857364
24,22051;386,67633,1;27,892,0.953101;27,1788,0.987597;36,1855,0.843411;42,3692,0.857364
24,21727;386,66281,1;21,880,0.968992;22,1568,0.99186;23,1392,0.848837;29,2601,0.857364
24,22225;381,66791,1;25,931,0.976357;24,1629,0.993023;27,1525,0.835659;32,2773,0.853488
20,18538;388,67900,1;22,694,0.975969;21,1248,0.991473;21,1186,0.839147;27,2318,0.855814
13,12060;389,68481,1;11,337,0.967442;16,628,0.99186;10,621,0.837209;12,1046,0.855814
12,10647;390,67503,1;24,323,0.981008;16,563,0.988372;9,523,0.837984;12,993,0.856977
8,7271;379,66287,1;12,248,0.975969;13,452,0.993411;8,472,0.84186;12,988,0.85969
9,8344;382,67321,1;14,343,0.981008;11,456,0.993023;8,488,0.841473;9,844,0.858527
8,7500;378,66293,1;11,234,0.98062;9,394,0.992636;8,452,0.842636;10,901,0.85969
3,2927;387,67724,1;5,60,0.974419;9,218,0.994186;4,198,0.842248;4,352,0.85969
4,3619;392,67525,1;9,118,0.982171;9,282,0.995349;5,281,0.84186;6,515,0.85814
3,2924;389,68080,1;7,76,0.981783;8,157,0.995349;3,164,0.844574;4,380,0.858915
