23,33153;67,22915,0.990698;35,10219,0.979845;45,14277,0.993023;55,11575,0.986047;46,11714,0.996899
24,33320;66,22655,0.982946;26,6201,0.914729;33,9146,0.979845;33,7249,0.904651;33,8144,0.931008
24,33409;68,23713,0.999225;27,6984,0.956589;35,10775,0.993023;39,8134,0.915504;37,9261,0.937209
24,33333;69,23542,0.993798;25,6617,0.952713;34,9971,0.986047;37,7738,0.906977;35,8706,0.933333
24,33359;68,23078,0.996124;27,6878,0.946512;35,10219,0.985271;39,7776,0.906202;36,8822,0.937984
24,33374;67,22799,0.99845;26,6513,0.930233;35,10134,0.982946;40,8155,0.909302;38,9460,0.927132
25,33346;71,23588,0.994574;25,6589,0.955039;36,10428,0.990698;38,7953,0.891473;37,9041,0.934109
24,33372;69,23672,0.995349;28,6946,0.944961;37,10744,0.989922;40,8382,0.914729;39,9682,0.934109
24,33380;69,23549,0.994574;28,7116,0.951938;37,10583,0.992248;40,8553,0.946512;36,8925,0.945736
24,33397;69,23289,0.985271;28,7074,0.955039;36,10364,0.976744;40,8313,0.934884;39,9199,0.939535
24,33352;71,23825,0.996124;24,6247,0.923256;35,10181,0.984496;38,7805,0.906977;37,9131,0.942636
24,33367;68,23245,0.992248;27,6649,0.935659;33,9802,0.970543;38,8100,0.910078;39,9040,0.94031
20,33302;69,23122,0.972868;26,6472,0.949612;33,9355,0.983721;37,7449,0.9;37,8818,0.937209
27,33349;68,23529,0.994574;27,6674,0.941085;39,10066,0.981395;37,7448,0.892248;39,8803,0.937209
27,33359;68,23469,0.999225;31,6859,0.964341;37,9956,0.968992;41,8243,0.91938;39,9045,0.93876
27,33361;67,23133,0.996899;28,6652,0.946512;34,10298,0.975194;37,8124,0.915504;38,9198,0.909302
27,33393;68,24394,0.996899;26,6967,0.927907;35,10293,0.95969;39,8112,0.886822;41,9275,0.951163
27,33325;67,22973,1;28,6332,0.922481;36,9443,0.979845;39,7553,0.867442;38,8651,0.937984
27,33365;65,22778,1;29,6740,0.928682;37,10071,0.989147;43,8556,0.910078;38,8990,0.936434
26,33375;67,23809,0.999225;19,6905,0.929457;24,10505,0.992248;29,8527,0.942636;27,9312,0.942636
26,33356;71,23632,0.996899;19,6678,0.934109;23,9812,0.993798;28,7777,0.923256;37,8859,0.946512
27,33381;68,23504,0.977519;29,7014,0.94031;38,10520,0.986047;40,8207,0.923256;40,9559,0.955039
27,33364;65,22781,0.989147;18,6819,0.94186;25,10632,0.979845;27,8125,0.909302;26,9009,0.934109
27,33369;69,22931,0.996124;19,6719,0.94031;25,10422,0.995349;27,7974,0.917054;27,9267,0.945736
26,33334;66,23051,0.996899;19,6715,0.935659;25,10050,0.979845;27,7929,0.910853;26,8873,0.906202
26,33368;69,23647,0.997674;29,7257,0.963566;39,10570,0.984496;42,8140,0.921705;41,9388,0.951163
26,33415;70,23051,0.997674;29,6914,0.951163;38,10674,0.989147;41,8220,0.920155;40,9271,0.944961
26,33355;66,22967,0.999225;28,6655,0.931008;36,10039,0.982946;42,8310,0.936434;40,9046,0.943411
26,33362;72,23313,0.999225;31,7163,0.950388;38,10436,0.982946;42,8177,0.932558;40,9006,0.946512
25,33362;67,23230,0.995349;27,6974,0.928682;25,10771,0.98062;29,8504,0.917829;28,9860,0.949612
25,33388;73,23250,0.994574;20,7050,0.924806;26,10938,0.982946;30,8604,0.935659;27,9315,0.955814
26,33419;69,23505,0.989922;19,7144,0.932558;25,10695,0.990698;28,8175,0.939535;27,9177,0.94031
26,33373;68,23499,0.985271;20,7037,0.899225;25,10553,0.992248;29,8521,0.951163;27,9487,0.944186
26,33386;68,23868,0.999225;19,7189,0.925581;25,10849,0.992248;27,8027,0.937209;27,9324,0.93876
26,33393;68,23593,0.993798;21,7397,0.963566;27,10827,0.993798;30,8645,0.944961;29,9865,0.944961
26,33392;70,23731,0.993798;20,7031,0.934884;24,10486,0.982171;29,8641,0.912403;27,9356,0.924031
26,33390;70,23481,0.999225;20,7334,0.955814;25,10593,0.977519;30,8704,0.945736;26,9148,0.948837
41,33359;68,23258,0.993023;30,6854,0.920155;40,10788,0.987597;40,7868,0.85969;40,9220,0.939535
26,33383;67,23365,0.994574;29,6929,0.925581;39,10615,0.983721;42,8317,0.865116;42,9606,0.936434
26,33352;68,23115,0.983721;30,6882,0.944961;39,10502,0.990698;42,8291,0.924806;39,8890,0.944961
26,33418;70,23550,0.991473;31,7203,0.932558;40,11034,0.988372;40,8098,0.914729;39,9044,0.91938
26,33407;67,23394,0.99845;30,7102,0.942636;37,10165,0.989922;42,8517,0.922481;41,9614,0.947287
26,33391;67,23684,0.997674;30,7281,0.950388;37,11094,0.986047;45,8604,0.932558;40,9496,0.931783
26,33436;69,23145,1;30,7627,0.96124;39,11345,0.992248;42,8567,0.925581;42,9915,0.945736
25,33383;68,24105,0.996899;26,6800,0.913953;36,10590,0.986822;40,8474,0.921705;41,9551,0.94031
25,33416;73,23867,0.996124;29,7043,0.931008;38,11050,0.991473;42,8468,0.890698;41,9780,0.948062
25,33334;69,24011,0.99845;27,6591,0.900775;35,10140,0.974419;39,8007,0.884496;38,9264,0.942636
26,33344;67,23352,0.995349;29,7137,0.918605;36,10614,0.995349;42,8619,0.935659;39,9480,0.954264
27,33381;66,23129,0.997674;27,6880,0.939535;30,10567,0.993023;28,8309,0.917829;27,9482,0.948837
28,33343;68,23913,0.997674;19,6642,0.918605;24,10252,0.984496;41,8114,0.913953;43,9620,0.944186
28,33338;68,23789,0.996899;26,6630,0.918605;34,9956,0.968217;38,8028,0.906202;40,8824,0.926357
28,33362;72,23737,0.992248;31,6871,0.925581;40,10434,0.987597;42,8118,0.932558;42,9182,0.94186
28,33381;69,23940,0.999225;30,7094,0.922481;39,10333,0.98062;42,8303,0.900775;40,9075,0.931783
28,33375;67,23228,0.997674;28,6997,0.945736;40,10997,0.993798;41,8178,0.927132;43,9517,0.955039
38,33346;66,23247,0.99845;32,6917,0.943411;38,10388,0.985271;41,8174,0.918605;40,9157,0.933333
26,33330;65,22457,0.996899;27,6566,0.93876;34,9848,0.968992;38,7894,0.896899;35,8793,0.955039
26,33360;67,23202,0.993798;29,7129,0.946512;38,10558,0.975969;41,8127,0.913953;38,8818,0.934884
26,33362;67,22735,0.994574;29,6771,0.927132;36,10161,0.988372;41,8127,0.94031;39,9026,0.947287
26,33360;61,23552,0.99845;31,6857,0.955814;39,10481,0.990698;40,8090,0.914729;26,8875,0.918605
26,33396;63,24140,0.994574;19,6932,0.943411;26,10590,0.98062;29,8416,0.932558;29,9639,0.956589
26,33406;60,23001,0.997674;19,6843,0.941085;25,10491,0.978295;30,8454,0.944186;26,9001,0.944186
26,33337;60,23041,0.993798;20,6923,0.951938;26,10344,0.975969;42,8277,0.917054;41,9462,0.944186
26,33346;61,23278,0.997674;29,6736,0.917829;36,10305,0.975969;42,8197,0.924031;41,9253,0.948062
26,33363;60,23129,0.996124;28,6770,0.93876;39,10515,0.986822;43,8471,0.930233;41,9280,0.939535
26,33379;62,23475,0.992248;28,6962,0.94031;39,10757,0.988372;43,8495,0.939535;40,9042,0.948062
26,33358;61,23148,1;29,6980,0.944186;38,10510,0.984496;41,7927,0.927132;39,8952,0.943411
26,33376;67,23510,0.994574;31,7316,0.962016;38,10692,0.985271;41,8198,0.923256;40,9227,0.950388
30,33371;50,23491,0.989147;30,7095,0.944186;38,10693,0.986822;43,8378,0.945736;41,9461,0.941085
28,33413;65,23147,0.991473;32,7056,0.946512;38,10381,0.976744;42,8335,0.937209;41,9130,0.937209
28,33405;74,24080,0.99845;33,7301,0.94186;43,10818,0.965891;47,8691,0.899225;46,9914,0.936434
26,33390;69,23003,0.993798;31,6850,0.934884;40,9944,0.958915;45,8226,0.934884;42,9155,0.932558
26,33392;70,22534,0.989922;32,7107,0.946512;43,10943,0.977519;40,8058,0.911628;40,9274,0.934884
26,33349;69,23803,0.997674;29,6449,0.917829;37,10403,0.989922;40,8102,0.876744;39,9150,0.927907
26,33408;69,23114,0.993023;28,7229,0.932558;37,10817,0.995349;42,8644,0.914729;40,9695,0.942636
26,33396;69,23588,0.990698;29,6916,0.947287;38,10562,0.996124;44,8632,0.921705;40,9559,0.929457
26,33401;67,23310,0.996124;29,7073,0.94186;37,10789,0.969767;34,8406,0.908527;28,9563,0.955814
26,33376;69,23592,0.988372;19,6896,0.947287;24,10483,0.983721;30,8493,0.914729;27,9175,0.946512
39,33400;66,22843,0.995349;19,6886,0.930233;25,10293,0.983721;29,8136,0.936434;27,9043,0.929457
26,33352;69,23214,0.993023;20,6842,0.936434;24,10114,0.975194;27,7948,0.916279;26,8842,0.91938
26,33384;70,23856,0.996899;19,6861,0.95969;24,10039,0.969767;28,8173,0.903101;28,9607,0.943411
26,33327;67,23515,1;18,6451,0.890698;25,10244,0.974419;28,8102,0.910853;27,9161,0.945736
26,33380;70,23935,0.981395;20,6911,0.927132;25,10577,0.990698;29,8424,0.927132;25,8881,0.95969
26,33379;67,23121,0.996899;20,6955,0.931783;25,10523,0.986047;28,8009,0.92093;26,8910,0.950388
26,33384;69,23931,0.992248;19,6947,0.939535;25,10641,0.992248;28,8349,0.945736;27,9250,0.947287
26,33382;69,23681,0.999225;19,6995,0.93876;25,10419,0.992248;27,7939,0.903101;28,9494,0.941085
27,33355;69,23643,0.997674;19,6808,0.946512;23,10062,0.98062;28,8178,0.914729;25,8803,0.914729
26,33401;66,23166,0.996124;19,7124,0.93876;25,10674,0.98062;28,8386,0.917054;27,9390,0.948837
26,33368;67,23423,0.992248;20,6862,0.945736;25,10822,0.992248;27,7952,0.904651;25,8898,0.926357
26,33359;67,23597,0.995349;19,6881,0.935659;23,10287,0.983721;28,8085,0.91938;28,9315,0.943411
26,33411;68,23955,0.995349;21,6865,0.924806;28,10881,0.983721;30,8414,0.93876;28,9381,0.927132
26,33413;71,23866,0.999225;22,7404,0.954264;27,11206,0.989147;29,8024,0.906202;28,9451,0.952713
26,33396;68,23409,0.996124;21,6969,0.934109;26,10731,0.991473;29,8301,0.929457;29,9359,0.925581
27,33351;68,23454,0.997674;23,6958,0.912403;25,10437,0.982946;29,8140,0.936434;28,9078,0.947287
27,33373;69,23692,0.997674;20,7189,0.958915;26,10770,0.992248;29,8022,0.900775;26,8678,0.917829
26,33398;68,23551,0.982171;21,7153,0.946512;27,10805,0.991473;30,8594,0.882946;30,9586,0.917054
26,33294;71,24151,0.993023;22,7026,0.939535;25,10457,0.970543;28,7885,0.913953;28,9213,0.941085
26,33344;68,23736,0.990698;20,6591,0.922481;28,10455,0.962791;30,8172,0.900775;29,9319,0.945736
26,33353;70,23691,0.996899;20,6483,0.931783;26,10214,0.982171;28,7977,0.930233;28,9038,0.932558
26,33388;73,23300,1;22,6895,0.953488;25,10359,0.996899;29,8102,0.906977;28,9188,0.949612
26,33360;68,23426,0.989147;20,6748,0.948062;26,10294,0.976744;29,8150,0.918605;29,9408,0.942636
26,33361;66,22850,0.986822;20,6914,0.929457;26,10234,0.983721;30,8170,0.905426;28,9311,0.937984
26,33372;68,23384,0.99845;21,6900,0.937209;25,10171,0.976744;29,7988,0.915504;29,9168,0.944186
28,33334;67,23355,0.999225;21,6673,0.937984;26,9954,0.982171;28,7744,0.924806;27,8809,0.914729
28,33394;67,23050,0.99845;22,7140,0.95814;25,10061,0.985271;31,8575,0.910853;30,9711,0.931783
28,33390;70,23847,0.996899;19,6727,0.927907;27,10577,0.978295;28,7984,0.891473;28,9215,0.923256
28,33353;69,23849,0.996899;19,6523,0.944186;27,10301,0.978295;29,8194,0.927907;28,9287,0.942636
27,33397;67,23428,0.996124;20,6946,0.947287;27,10910,0.993023;29,8007,0.893023;28,9364,0.94031
26,33421;71,23840,0.997674;22,7352,0.94031;28,11274,0.976744;29,8529,0.934109;27,9183,0.927132
26,33400;62,23372,0.999225;21,7101,0.935659;26,10565,0.986047;28,8155,0.910853;26,9012,0.921705
26,33385;61,23490,0.995349;21,7022,0.943411;26,10853,0.985271;30,8713,0.927907;28,9553,0.936434
27,33365;63,23651,0.997674;20,7200,0.917829;26,11081,0.979845;28,8143,0.896899;26,8985,0.910853
26,33414;62,23909,0.99845;20,7209,0.946512;25,10638,0.985271;29,8502,0.907752;28,9412,0.949612
26,33376;61,23311,1;18,6749,0.948837;30,10667,0.983721;29,8435,0.909302;25,8592,0.900775
26,33365;62,23983,0.989922;19,6943,0.945736;25,10741,0.984496;28,8272,0.895349;27,9447,0.94031
26,33378;61,23196,0.996899;20,7059,0.94031;25,10565,0.972868;29,8351,0.893798;27,9194,0.927907
26,33358;66,23672,0.989922;20,7017,0.924031;25,10552,0.976744;29,8441,0.931783;27,9482,0.936434
27,33360;62,23159,1;20,6982,0.94186;25,10297,0.988372;28,8125,0.925581;28,9350,0.951163
26,33382;66,23233,0.996124;20,6748,0.935659;26,10600,0.993023;28,8161,0.935659;26,8889,0.945736
26,33368;59,22789,0.99845;20,6853,0.960465;25,10317,0.990698;27,7896,0.910853;25,8901,0.943411
28,33376;63,24113,0.999225;20,6850,0.945736;25,10592,0.985271;28,8419,0.948837;27,9379,0.955039
28,33384;65,23006,0.997674;20,6885,0.929457;25,10651,0.989922;29,8429,0.913953;26,8877,0.918605
30,33357;60,22827,0.997674;19,6654,0.947287;25,10279,0.986822;27,8047,0.90155;27,9010,0.944186
26,33380;63,24308,0.999225;20,6903,0.913178;26,10866,0.98062;43,8560,0.906977;41,9505,0.945736
26,33378;61,23539,0.996124;28,6903,0.912403;39,10747,0.990698;44,8531,0.899225;42,9261,0.936434
26,33367;60,22978,0.99845;28,6858,0.937209;37,10215,0.983721;43,8369,0.917829;42,9370,0.936434
28,33380;64,23021,0.997674;30,6994,0.94031;36,10495,0.982946;40,7874,0.875194;39,9187,0.910853
28,33402;62,23389,0.99845;30,6973,0.937984;38,10820,0.983721;43,8593,0.907752;42,9698,0.944186
27,33349;61,23187,0.992248;30,6800,0.916279;41,10530,0.988372;41,8057,0.872868;42,9437,0.934884
28,33393;61,23238,0.999225;29,6907,0.92093;38,10598,0.990698;42,8381,0.920155;41,9527,0.950388
28,33351;63,23967,0.993798;29,6890,0.936434;36,10195,0.987597;42,8380,0.927907;40,9461,0.949612
27,33385;62,23542,1;27,6944,0.951163;38,10632,0.977519;39,8124,0.911628;37,8809,0.942636
25,33378;61,23083,0.997674;29,7038,0.941085;37,10633,0.983721;38,8011,0.909302;41,9395,0.944186
28,33395;60,23217,1;29,7108,0.935659;38,10641,0.979845;43,8632,0.929457;42,9620,0.941085
27,33411;60,22994,0.996124;30,7163,0.945736;38,10638,0.981395;43,8497,0.927132;42,9729,0.937984
28,33398;62,23997,0.996124;29,7226,0.946512;38,10752,0.985271;41,8332,0.916279;41,9670,0.94031
28,33390;67,23445,0.991473;29,6816,0.91938;37,11014,0.987597;42,8520,0.917054;40,9756,0.947287
28,33397;62,23205,0.993798;29,7116,0.94186;38,11102,0.993798;44,9054,0.933333;39,9493,0.946512
28,33398;61,23309,0.99845;29,7334,0.954264;37,10812,0.995349;39,8111,0.907752;39,9283,0.934109
28,33383;63,23658,0.982946;30,6919,0.927132;37,10467,0.990698;41,8400,0.915504;39,9147,0.921705
28,33351;61,23267,0.996124;29,6996,0.95969;37,10343,0.979845;40,8184,0.914729;38,9042,0.94031
28,33405;64,24071,0.999225;29,7127,0.956589;38,10887,0.989147;44,8796,0.924031;42,9624,0.942636
28,33383;60,23289,0.996899;29,6575,0.915504;42,10705,0.984496;45,8110,0.920155;42,8849,0.936434
26,33369;60,22490,0.996899;31,6739,0.934884;43,10638,0.989922;43,7903,0.875969;44,9086,0.929457
26,33401;63,23679,1;33,6992,0.947287;43,10425,0.985271;45,8295,0.917829;46,9517,0.93876
26,33394;62,23737,0.992248;34,7020,0.954264;43,10422,0.995349;47,8319,0.937984;45,9183,0.934109
27,33361;77,24607,0.999225;32,6949,0.956589;38,10543,0.982171;41,8223,0.929457;42,9543,0.947287
27,33343;68,23385,0.993798;30,7054,0.930233;38,10710,0.993023;43,8466,0.917829;41,9597,0.939535
28,33388;68,23212,1;29,6709,0.937209;38,10519,0.993023;42,8064,0.916279;42,9406,0.946512
26,33391;68,23359,0.992248;30,6888,0.952713;39,10593,0.97907;44,8512,0.924031;40,9076,0.943411
26,33368;69,24161,0.997674;30,7103,0.93876;38,10284,0.98062;46,8314,0.910853;45,9446,0.946512
26,33361;61,23284,0.988372;33,6838,0.934109;43,10338,0.986047;44,8254,0.929457;45,9233,0.932558
26,33361;62,23780,0.997674;33,6860,0.949612;42,10479,0.982171;43,8195,0.932558;42,9209,0.936434
26,33384;61,23496,0.983721;29,6898,0.953488;38,10398,0.991473;40,8069,0.929457;41,9614,0.93876
26,33383;62,23627,0.984496;29,6923,0.952713;37,10248,0.988372;42,8332,0.922481;40,9158,0.947287
26,33354;61,23521,0.996124;30,6735,0.94186;38,10468,0.991473;43,8453,0.934884;40,9106,0.94031
25,33383;60,23116,0.993798;31,7151,0.94186;39,10758,0.990698;42,8313,0.931783;41,9446,0.945736
26,33399;62,23757,1;30,7161,0.935659;38,10369,0.990698;43,8502,0.942636;41,9258,0.94186
26,33347;60,22862,0.996899;27,6267,0.931783;36,10120,0.991473;40,8082,0.937209;38,8724,0.955039
26,33344;61,22975,0.996899;28,6515,0.915504;37,10069,0.987597;42,8344,0.928682;39,8834,0.939535
26,33387;61,23662,0.993798;28,6841,0.936434;37,10133,0.987597;39,7830,0.896124;38,8990,0.927132
26,33355;62,23571,1;27,6741,0.924806;41,10638,0.984496;41,8348,0.937984;40,9243,0.939535
26,33341;68,23938,0.991473;28,6738,0.944186;38,10367,0.982946;39,7969,0.928682;42,9015,0.931008
26,33335;66,23571,1;28,6581,0.927907;36,9863,0.993023;41,8034,0.918605;40,9022,0.921705
26,33348;70,23378,0.994574;30,6613,0.94186;38,10238,0.986047;43,8247,0.911628;41,9320,0.935659
26,33388;80,23228,0.989922;31,7038,0.95969;39,10410,0.989147;41,8219,0.887597;39,8958,0.935659
26,33306;77,22632,0.987597;27,6167,0.948062;37,9711,0.967442;37,7409,0.90155;39,8340,0.91938
28,33357;66,23143,0.996124;32,6368,0.954264;38,9958,0.995349;38,7671,0.910078;38,8631,0.937984
28,33359;64,23192,0.999225;32,6324,0.910853;36,9823,0.974419;37,7748,0.903101;35,8272,0.922481
27,33327;61,23005,0.987597;28,6448,0.946512;35,9871,0.97907;37,7716,0.896124;37,8777,0.922481
26,33353;61,23334,0.982946;28,6608,0.955039;34,9667,0.978295;37,7752,0.917829;36,8653,0.934884
27,33312;62,23432,0.99845;25,6157,0.932558;35,9643,0.986822;39,7982,0.931783;37,8820,0.937984
28,33340;60,23214,0.99845;27,6450,0.927907;35,9801,0.987597;38,7848,0.927132;37,8863,0.939535
27,33291;64,22708,0.995349;25,5803,0.888372;33,9073,0.989922;36,7445,0.913953;36,8447,0.936434
26,33333;61,23225,0.986047;25,6137,0.924806;33,9241,0.973643;37,7772,0.875969;37,8803,0.921705
26,33342;59,22537,0.986047;25,6206,0.910078;34,9348,0.967442;37,7778,0.903101;34,8015,0.890698
26,33331;61,23364,1;27,6234,0.942636;35,9804,0.989147;37,7839,0.915504;37,8717,0.934884
26,33209;63,23825,0.999225;25,5880,0.95969;32,9191,0.989922;36,7665,0.906202;35,8419,0.900775
25,33167;60,22827,0.996124;24,5379,0.937984;34,8473,0.986822;35,7178,0.927907;34,7876,0.929457
25,32931;62,23441,0.988372;21,4767,0.934109;31,7995,0.989147;31,6572,0.904651;31,7307,0.908527
25,32704;60,22829,0.992248;19,4381,0.937984;26,7116,0.989922;30,6197,0.911628;29,7006,0.903876
24,32045;60,23067,0.993798;17,3874,0.948837;23,5846,0.972868;27,5490,0.900775;27,6424,0.905426
22,29136;61,23121,0.993798;16,3079,0.926357;21,4899,0.972093;21,4109,0.910853;21,4994,0.905426
22,29301;65,22890,0.996899;16,3019,0.951163;21,4741,0.976744;22,4492,0.903876;22,5110,0.899225
20,25750;60,23042,0.988372;9,1762,0.936434;14,2734,0.973643;13,2701,0.893023;14,3477,0.886047
16,20673;60,22824,0.999225;10,1404,0.944186;10,2307,0.986822;10,2189,0.896899;11,2848,0.900775
16,21130;60,22999,0.995349;8,1371,0.972093;10,2140,0.985271;8,1849,0.9;9,2379,0.896124
13,16499;59,22891,0.993798;6,963,0.963566;9,1466,0.991473;7,1499,0.902326;8,1867,0.894574
10,13102;62,22948,0.982171;6,655,0.962791;6,1150,0.98062;5,1068,0.900775;5,1442,0.889147
9,11468;62,23149,0.984496;5,447,0.95814;5,764,0.98062;3,659,0.896899;3,959,0.891473
5,6727;81,23157,0.987597;3,295,0.969767;6,512,0.979845;2,444,0.897674;2,669,0.894574
2,2996;72,23306,0.990698;3,159,0.972868;4,375,0.98062;1,258,0.897674;1,413,0.893023
2,2255;68,23131,0.997674;4,118,0.973643;4,163,0.98062;0,154,0.89845;1,221,0.894574
