8327,5443350;2026,486732,0.988182;2834,591877,0.952061;3203,629880,0.987455;3521,593452,0.950909;3391,589957,0.976061
9357,5446486;2036,491239,0.980727;2298,238678,0.909576;2192,292217,0.969515;2274,247601,0.866727;2434,265206,0.921455
8961,5446752;2050,495281,0.986485;2384,246325,0.908667;2426,302345,0.96103;2608,261862,0.853212;2662,273473,0.919091
8801,5446801;2097,497612,0.98703;2785,254000,0.916061;2609,308073,0.964848;2529,263529,0.85703;2559,279695,0.917455
8900,5446392;2041,495992,0.980667;2802,248806,0.904303;2571,305519,0.968424;2528,263862,0.879273;2672,279093,0.926182
9096,5446370;2037,499739,0.985939;2978,248777,0.901394;2645,307959,0.966485;2573,259870,0.869212;2597,281103,0.924242
8888,5446401;2074,495193,0.984364;2845,253096,0.904424;2585,308588,0.960242;2612,262896,0.873636;2616,280411,0.911333
8816,5446347;2059,493786,0.983091;2977,250554,0.905333;2791,304830,0.966848;2584,257904,0.86297;2673,283769,0.924061
8644,5446055;2017,494513,0.982788;2955,254072,0.896788;2624,308376,0.96297;2619,266314,0.858182;2605,282201,0.919394
9338,5446249;2117,497976,0.984848;2920,256951,0.905212;2643,314516,0.971394;2843,268982,0.870909;2788,286539,0.927212
9588,5447013;2057,499258,0.986727;2962,253561,0.903152;2658,313832,0.969333;2609,268513,0.878545;2657,285961,0.930909
9080,5445748;2057,496899,0.985455;2861,253804,0.898121;2598,312236,0.970667;2632,266109,0.877333;2861,287441,0.925333
9005,5446369;2115,497144,0.982727;3121,256858,0.904848;2663,311574,0.971152;2646,265331,0.869152;2598,281368,0.931333
9002,5446440;2079,500272,0.985394;2970,260995,0.905273;2682,315232,0.965212;2664,269089,0.877758;2686,289544,0.927818
8967,5445379;2051,495931,0.983758;3160,254645,0.907091;2764,314919,0.968788;2648,264215,0.860121;2700,285276,0.93097
9264,5446601;2119,501735,0.98297;2903,258105,0.900788;2672,318947,0.970545;2706,276087,0.885818;2689,290559,0.929394
9110,5445616;2059,500769,0.983212;2902,260535,0.902242;2830,314295,0.965939;2806,271404,0.878364;2725,289749,0.938364
9730,5446334;2067,497720,0.982909;3116,257791,0.896364;2631,315809,0.968121;2634,271464,0.88497;2644,287710,0.934303
9373,5447146;2077,501047,0.984848;2921,256170,0.891939;2670,320439,0.967455;2859,269060,0.873636;2839,292827,0.926848
9118,5446634;2039,500848,0.983515;3080,259609,0.903333;2762,318730,0.970303;2678,272351,0.88303;2688,290615,0.935212
9264,5446587;2064,502489,0.984061;2940,257679,0.904848;2618,318018,0.969636;2679,266950,0.87097;2686,287659,0.934
9310,5445758;2077,496686,0.98097;2999,256662,0.90503;2665,314772,0.970727;2688,270952,0.874909;2733,287631,0.940545
9214,5445238;2090,500161,0.983091;3226,259834,0.90303;2625,314803,0.966667;2713,272524,0.891273;2700,290378,0.944
9223,5446160;2034,495562,0.986545;2882,255346,0.902606;2689,311345,0.971212;2790,265108,0.875152;2723,284575,0.940545
9240,5446111;2089,498335,0.983394;3076,259627,0.913152;2580,314814,0.973758;2649,270409,0.881636;2636,283521,0.933394
9718,5446563;2050,500806,0.981152;3096,255124,0.906303;2796,316641,0.970909;2677,269903,0.877394;2715,290816,0.938
9763,5445145;2062,497707,0.986667;2997,257807,0.912303;2610,315990,0.969818;2624,266285,0.884667;2799,285102,0.921939
9378,5446861;2082,496524,0.985636;2975,256471,0.906788;2696,315385,0.973394;2659,270701,0.888424;2688,286409,0.93497
9350,5446866;2029,497741,0.986848;2989,262263,0.908545;2798,314780,0.971455;2760,272720,0.884848;2674,285621,0.937697
9284,5446835;2038,493993,0.987879;2967,255952,0.910242;2650,315265,0.973758;2643,269114,0.895152;2702,286064,0.939212
9312,5445115;2057,493579,0.989394;3101,253511,0.918545;2654,314097,0.966848;2662,266807,0.89703;2648,284537,0.940606
9458,5446757;2022,493789,0.985333;2924,253130,0.924242;2648,309700,0.976121;2798,266081,0.903212;2748,285205,0.945879
9431,5446659;2014,493999,0.983455;2979,256536,0.913636;2595,310274,0.970485;2579,262710,0.880061;2639,282088,0.940909
9813,5445338;2112,498405,0.988727;3084,255615,0.908667;2736,310288,0.973394;2600,265796,0.876121;2620,279386,0.934424
9425,5444459;2030,493985,0.985879;2937,252032,0.915576;2587,305351,0.969091;2548,261614,0.882303;2772,278408,0.936364
9438,5446379;2038,492898,0.987091;2889,245421,0.914121;2676,308016,0.973212;2586,264792,0.891455;2602,277848,0.945758
9513,5446700;2071,494013,0.986667;3042,252413,0.917152;2753,307212,0.972242;2687,265764,0.889212;2586,277411,0.932061
9292,5446485;2015,491522,0.982727;2918,250033,0.91297;2612,306572,0.972242;2606,265555,0.892303;2625,278090,0.939152
9306,5446718;2054,495962,0.985394;3112,252785,0.914;2708,308678,0.975636;2560,259585,0.895091;2575,277063,0.945879
9246,5445615;2093,493294,0.986121;2934,249878,0.915333;2642,305993,0.976;2660,259556,0.873939;2685,275364,0.932121
9351,5445107;2056,492873,0.985152;2910,251215,0.910121;2581,304204,0.973697;2571,258527,0.872909;2575,273783,0.933333
9941,5446448;2011,493422,0.984606;2877,247930,0.912545;2819,304733,0.972424;2577,260464,0.88097;2638,276197,0.946182
9683,5446556;2104,491883,0.987394;2869,254500,0.913818;2558,306341,0.975818;2534,261486,0.877455;2660,277885,0.938303
9211,5445461;2038,491450,0.987394;3117,249865,0.919758;2525,301044,0.971576;2516,259081,0.893515;2547,274320,0.933091
9218,5446287;2032,490855,0.988121;2829,246205,0.918667;2546,298332,0.978121;2621,255574,0.883636;2655,272694,0.929758
9248,5445792;2126,492534,0.986485;2881,250574,0.91703;2587,306234,0.977212;2570,262889,0.888242;2562,273469,0.935394
9275,5445632;2010,488999,0.986303;3001,250158,0.922545;2777,306523,0.974364;2586,261154,0.888182;2621,274499,0.939152
9513,5446121;2003,492807,0.980788;2935,248463,0.91;2589,304829,0.974545;2520,258023,0.89097;2693,276529,0.936485
9594,5446661;2173,494395,0.990485;3072,246493,0.913636;2596,305068,0.973394;2556,257961,0.883273;2571,278468,0.937939
9734,5446620;2041,491719,0.986061;2882,248111,0.91103;2588,304608,0.973212;2771,262468,0.888364;2640,274161,0.939091
9459,5446556;2046,490622,0.987697;2941,245408,0.924545;2544,302212,0.978303;2518,258346,0.892303;2503,271664,0.935939
9301,5446783;2142,492896,0.984788;3021,247824,0.910485;2725,302903,0.973939;2554,262062,0.876788;2608,275614,0.940182
9359,5445555;2044,494724,0.985697;2862,249111,0.916848;2580,305373,0.975818;2603,262602,0.887455;2744,275098,0.943273
9400,5446301;1995,488603,0.986121;2961,249626,0.919515;2649,305178,0.974667;2527,258229,0.886242;2516,272902,0.946727
9425,5446862;2108,492311,0.988182;2921,248596,0.918727;2725,303080,0.973273;2687,256554,0.893636;2583,273487,0.941515
9261,5445414;2046,491179,0.990364;2922,246626,0.914727;2551,300150,0.975455;2520,255471,0.89;2534,271967,0.945455
9329,5445743;2022,494228,0.985455;3126,246446,0.920909;2665,303182,0.973091;2547,256081,0.88297;2592,270934,0.942424
9660,5446219;2127,490848,0.984848;2926,251305,0.916545;2601,307385,0.976727;2552,263964,0.899455;2772,276336,0.943636
9435,5446233;2034,492471,0.985152;2888,249521,0.919758;2805,301362,0.97303;2488,254540,0.888242;2532,270516,0.940667
9421,5445115;2011,490198,0.986;2853,244199,0.91903;2761,303624,0.972424;2612,260127,0.891091;2590,274726,0.944424
9270,5445462;2152,493353,0.988182;2776,244354,0.913697;2535,298972,0.976121;2519,255297,0.896121;2586,268656,0.936848
9292,5445969;2045,488188,0.987818;3061,249504,0.918303;2559,300945,0.973212;2525,257099,0.896303;2566,272155,0.939636
9564,5446722;2052,493339,0.983091;2903,257168,0.924;2593,309574,0.972667;2727,264032,0.893697;2716,280528,0.941879
9464,5446385;2109,490124,0.982545;2978,247414,0.910848;2546,302868,0.977091;2557,257194,0.891091;2592,276628,0.945091
9492,5445739;2031,491305,0.98303;3019,248602,0.91103;2772,304204,0.968667;2629,260419,0.88903;2571,274879,0.943333
9619,5446553;2043,493612,0.98303;2960,250403,0.924848;2595,304574,0.973818;2580,257650,0.882909;2734,272541,0.930303
9420,5446127;2132,491977,0.984667;2907,243774,0.909758;2570,297498,0.969879;2484,256543,0.875394;2548,267959,0.937333
9472,5446236;2036,490760,0.988182;2939,251162,0.917091;2673,303248,0.971818;2738,258432,0.898424;2584,270596,0.942848
9455,5445395;2017,488580,0.982848;2986,247361,0.910121;2585,301668,0.974303;2563,260575,0.887636;2536,272003,0.936485
9370,5446168;2148,491412,0.982545;3079,246373,0.907273;2657,301001,0.971455;2590,259131,0.897152;2572,271322,0.934424
9343,5445739;2026,492358,0.985091;2888,242209,0.904121;2538,296230,0.972606;2491,252458,0.887576;2721,265168,0.939818
9437,5445750;2034,491187,0.985273;2891,244633,0.924909;2599,301913,0.976364;2515,257387,0.903697;2496,267448,0.931455
9586,5446074;2127,491990,0.986303;2914,248471,0.902061;2566,301669,0.975394;2500,252925,0.906303;2541,268427,0.933576
9790,5446446;2012,489281,0.986121;2920,247785,0.912727;2608,297963,0.972121;2455,252062,0.891212;2494,267490,0.936303
9371,5445678;1991,487913,0.980727;2837,241555,0.911697;2619,300325,0.979455;2746,255704,0.888545;2661,267056,0.933091
9386,5445879;2089,489808,0.984242;3011,243678,0.923455;2568,299617,0.977152;2481,255330,0.895515;2531,269640,0.944061
9475,5445569;2008,487857,0.983091;2867,241193,0.914848;2618,298834,0.972424;2679,251370,0.869212;2629,267243,0.936242
9434,5445887;2020,488877,0.987333;2897,243821,0.920121;2615,297425,0.97297;2490,254369,0.888545;2498,263683,0.945152
9438,5445995;2126,489746,0.984485;2848,242851,0.911636;2555,297010,0.973515;2502,255777,0.887333;2726,265510,0.932788
9496,5445513;2017,488721,0.987636;3046,244070,0.913758;2587,295693,0.975152;2476,250263,0.881697;2514,266799,0.936364
9407,5445398;2011,490526,0.986485;2851,239939,0.915091;2599,296245,0.971818;2474,253215,0.901273;2667,265877,0.931939
10035,5445479;2103,488690,0.978727;3106,244848,0.918303;2605,298392,0.977455;2572,250731,0.890485;2524,266976,0.933879
9804,5446328;2046,490614,0.984667;2871,242142,0.922545;2547,299196,0.976;2517,254974,0.898303;2514,268399,0.928
9465,5445954;2025,486335,0.984242;3122,242496,0.916182;2689,295472,0.969091;2490,249880,0.885697;2563,264922,0.931455
9338,5444871;2132,491916,0.986242;2849,240844,0.910121;2529,295705,0.970485;2485,250774,0.889758;2498,266470,0.937758
9575,5445801;2055,489890,0.986182;2795,242502,0.902727;2545,300169,0.975636;2533,252834,0.883818;2506,268724,0.919818
9323,5445871;2005,489073,0.989273;2852,246641,0.913455;2555,302075,0.968909;2539,257392,0.868727;2569,273483,0.937939
9485,5445211;2091,493057,0.98497;2830,243631,0.912303;2529,298511,0.970848;2503,256597,0.881333;2530,268954,0.935636
9803,5446792;2011,491609,0.980485;2919,246482,0.910848;2546,298257,0.972727;2514,253130,0.888848;2490,267376,0.937152
9465,5446284;2015,491088,0.985697;2863,247932,0.907212;2571,301652,0.970242;2522,255003,0.874364;2574,276146,0.940909
9311,5445789;2047,488630,0.982848;2886,243176,0.910788;2578,293808,0.968788;2479,254044,0.866667;2505,267114,0.925394
9192,5445791;2017,490756,0.986242;2855,246546,0.901091;2580,302710,0.972182;2507,259406,0.886242;2541,273137,0.935091
9304,5446491;2015,490317,0.985515;2835,245789,0.906121;2602,298538,0.971212;2571,254525,0.891758;2540,269816,0.934061
9072,5446464;2047,491958,0.988727;2848,247072,0.918242;2605,303873,0.968364;2499,257266,0.887455;2626,278881,0.93303
9231,5446813;2045,493408,0.986242;2862,245375,0.911333;2620,305063,0.975152;2477,256750,0.867818;2555,271682,0.933758
8987,5446817;2046,494003,0.983576;2850,250422,0.917939;2731,305067,0.973636;2596,263507,0.885939;2579,275859,0.942061
9236,5445159;2044,490116,0.985939;2810,247283,0.910424;2510,301005,0.970606;2501,256554,0.874182;2564,270816,0.930667
9337,5446530;2033,495159,0.982788;2958,247436,0.904848;2583,301284,0.972788;2506,256561,0.889758;2556,274936,0.942121
8990,5446671;2051,491595,0.986;2855,248343,0.914303;2625,302892,0.974121;2508,254917,0.889212;2497,270670,0.932182
9083,5445485;2011,489078,0.983879;2832,245228,0.927273;2580,298208,0.974424;2482,256193,0.886909;2541,267428,0.934545
7006,5446209;2050,490201,0.978848;2820,242484,0.904485;2640,301549,0.97303;2483,254806,0.886727;2500,268309,0.929212
6945,5446227;2014,488960,0.982848;2834,247896,0.923697;2599,301869,0.971455;2582,258740,0.89103;2546,273632,0.933576
6821,5445082;2002,488972,0.981212;2819,243254,0.910242;2516,298795,0.968727;2459,258310,0.892606;2561,271622,0.930182
6852,5447245;2085,489951,0.985758;2928,251152,0.919455;2599,305480,0.972121;2542,261668,0.902606;2530,272631,0.92297
9096,5445893;2029,488507,0.986667;2859,244409,0.914545;2587,298528,0.973879;2464,254126,0.886121;2504,270054,0.936364
8635,5446862;2047,492069,0.980424;2828,247548,0.909212;2493,300924,0.970606;2521,260711,0.910788;2560,267412,0.932606
6889,5446567;2099,488681,0.984;2828,246269,0.910727;2564,297483,0.970303;2451,253493,0.884909;2486,268568,0.936182
6928,5446756;2048,487208,0.987697;2853,241854,0.914606;2541,296402,0.969697;2438,249942,0.887879;2466,265080,0.933818
7102,5446471;2033,490196,0.983636;2842,245965,0.929212;2539,298666,0.976121;2445,251008,0.880242;2489,263097,0.935273
6902,5445481;2135,493336,0.984061;2889,240240,0.914061;2569,297147,0.973394;2432,253687,0.905333;2466,264396,0.929333
6999,5446041;2013,487027,0.983152;2818,239829,0.920667;2523,292020,0.966848;2352,244528,0.87297;2501,264011,0.925697
6819,5446234;2037,491377,0.987758;2779,245246,0.913636;2608,301014,0.972485;2372,253657,0.89103;2479,267172,0.936909
6967,5445420;2097,487684,0.983879;2744,239502,0.920485;2447,292841,0.974909;2308,247498,0.879273;2419,263458,0.936182
6843,5446468;2003,488579,0.985636;2711,238023,0.913697;2499,294846,0.976121;2401,248419,0.890606;2453,263615,0.943455
8415,5445872;2012,489325,0.985818;2869,246146,0.919152;2553,294096,0.97103;2481,250919,0.888242;2679,260340,0.927939
9391,5446023;2136,486910,0.987273;3110,238391,0.908606;2541,293649,0.970848;2533,250083,0.895636;2474,260146,0.939333
7108,5446788;2021,486093,0.986242;2861,243099,0.918182;2604,293560,0.975152;2445,248082,0.880424;2518,263648,0.928727
6998,5446408;2011,487638,0.986364;3123,240109,0.924485;2722,295093,0.971152;2444,249546,0.889758;2557,259012,0.927152
6995,5445581;2132,487208,0.984606;2857,238087,0.919576;2555,289813,0.972848;2416,246217,0.887333;2461,258877,0.932788
6778,5444769;2040,488057,0.991515;2913,235047,0.918485;2784,287305,0.972667;2564,244435,0.895152;2480,256514,0.92897
6834,5445294;2036,489830,0.986848;2916,235914,0.916909;2523,286225,0.969818;2412,246063,0.893818;2451,256487,0.928848
6872,5445762;2112,487904,0.986061;2846,236581,0.916061;2551,289048,0.973636;2508,243664,0.896848;2689,258551,0.921576
8293,5445821;2035,487946,0.987455;3013,236465,0.929455;2573,287622,0.968424;2457,245310,0.877455;2440,256888,0.935576
9276,5446038;2027,487464,0.987939;2936,237871,0.927273;2564,288953,0.977515;2442,248202,0.896303;2552,262257,0.931879
9363,5445264;2107,485384,0.985636;3061,236901,0.928364;2622,285067,0.972424;2409,242652,0.890485;2524,257006,0.933576
9431,5445185;2033,487150,0.988727;2786,234532,0.928788;2504,286396,0.973939;2436,246630,0.902788;2514,258783,0.948909
9366,5446504;2028,489273,0.988364;2903,241019,0.921758;2801,291298,0.974667;2524,244562,0.901879;2516,261008,0.934909
9252,5446412;2080,487167,0.985091;2954,237131,0.912303;2545,292082,0.974727;2412,247406,0.894909;2497,260004,0.931758
9222,5446068;2018,487181,0.986424;2870,236193,0.913333;2614,292542,0.974606;2673,246882,0.905636;2603,259042,0.923152
9265,5444482;2007,488533,0.988182;2994,233209,0.918061;2567,289287,0.976303;2428,243098,0.902727;2444,255375,0.930606
9073,5445461;2145,490916,0.989394;2864,235716,0.927273;2505,287434,0.975818;2384,243714,0.908061;2589,258910,0.940848
8993,5445177;2022,486908,0.98697;3102,231976,0.918485;2587,285640,0.968727;2384,241098,0.897455;2507,252709,0.935152
9279,5446031;2017,486739,0.986667;2794,232027,0.925758;2510,285204,0.974667;2399,245392,0.890424;2472,257387,0.923879
9451,5445864;2094,486290,0.989394;2806,234516,0.915152;2747,285101,0.973152;2549,244937,0.888364;2530,260603,0.931333
9431,5445883;2041,491322,0.981333;2887,233021,0.917091;2524,289113,0.974242;2418,246601,0.899818;2447,257360,0.929636
9493,5446683;2031,490970,0.989818;2899,234070,0.926121;2562,292906,0.975636;2536,246831,0.882061;2705,259607,0.939576
9433,5446502;2109,489782,0.985818;2915,233777,0.910303;2525,291175,0.973939;2495,241338,0.884303;2424,255155,0.926182
9420,5445615;2053,488106,0.989515;2828,236544,0.924545;2524,287082,0.978788;2382,245368,0.881515;2460,258052,0.933455
8613,5444650;2002,488032,0.987879;3142,234970,0.909394;2709,288864,0.97497;2408,247093,0.887152;2557,261102,0.935333
9409,5446055;2123,489689,0.987394;2842,236988,0.918182;2489,288960,0.972545;2394,247813,0.886727;2478,256014,0.928667
9536,5446283;2034,487721,0.990667;2812,234189,0.930727;2733,289821,0.973758;2536,244780,0.891879;2517,256297,0.926848
9346,5445147;2011,486946,0.989818;2855,229073,0.915636;2501,288884,0.973879;2402,243703,0.894545;2468,257762,0.935515
9482,5445908;2131,489273,0.987333;2843,234918,0.931091;2545,289138,0.980061;2526,243994,0.88303;2638,257787,0.935394
9507,5444886;1990,485654,0.990182;2967,231622,0.919394;2543,288145,0.978182;2415,239302,0.862424;2408,255088,0.930606
9177,5445309;2056,491920,0.987697;2917,232925,0.925455;2624,289649,0.977091;2422,244933,0.883818;2484,257813,0.938909
9431,5445712;2084,484766,0.987697;3047,235012,0.912727;2419,286746,0.975455;2365,245725,0.891394;2401,257956,0.940424
9428,5445400;2006,484301,0.98503;2780,235481,0.908667;2485,289326,0.979394;2318,243282,0.873576;2384,253605,0.929636
9299,5445786;2010,485636,0.986;2687,231368,0.921152;2735,285289,0.974667;2539,246295,0.877818;2527,256879,0.939515
9478,5445773;2039,488318,0.985333;2872,235934,0.912121;2586,291009,0.976606;2398,243568,0.880909;2449,255967,0.92703
9505,5445663;2052,491162,0.987818;2797,234126,0.922303;2582,286777,0.979273;2459,244404,0.887758;2702,259440,0.929394
9464,5442726;1993,481880,0.983515;2990,237817,0.918727;2557,289704,0.975879;2481,244051,0.881697;2491,259710,0.937697
9484,5444637;2027,485746,0.986848;2848,231637,0.922;2495,282868,0.970788;2373,242006,0.891515;2468,258404,0.938848
9309,5441865;1999,485638,0.986606;3074,230563,0.907212;2727,285668,0.97297;2399,244955,0.88503;2531,256368,0.929091
9552,5442019;2015,486000,0.986485;2842,236877,0.919212;2475,286394,0.975212;2376,246773,0.884303;2503,258049,0.927455
9445,5443745;2049,490610,0.986364;2838,232007,0.917091;2785,287349,0.976061;2547,242469,0.886182;2538,260203,0.937152
9564,5440242;2042,489257,0.987455;2855,234765,0.913818;2407,283953,0.976061;2378,246575,0.886727;2370,258646,0.925576
9356,5432516;2030,490246,0.986182;2589,230331,0.916242;2396,280032,0.973879;2308,242100,0.883273;2344,256085,0.927697
9499,5428293;2013,490330,0.985394;2713,228082,0.914364;2438,278022,0.971576;2310,239958,0.878545;2394,253659,0.930061
9439,5421598;2082,492663,0.987758;2653,224835,0.913152;2483,282499,0.971394;2368,242093,0.889152;2450,256801,0.933879
8889,5391865;2035,489536,0.983394;2631,225631,0.910242;2392,270820,0.961333;2335,234997,0.886182;2323,250102,0.926242
8846,5404673;2030,493294,0.986303;2550,223584,0.905091;2295,276660,0.968667;2167,233755,0.88303;2338,254205,0.932606
7317,5378929;2087,494497,0.986364;2440,217703,0.910727;2357,269565,0.96303;2210,231484,0.886485;2275,248545,0.929212
6089,5334572;2056,496282,0.98703;2271,203220,0.892424;2166,251830,0.953273;2083,220914,0.878242;2178,239211,0.920848
8507,5338331;2026,492893,0.981273;2408,209068,0.884848;2195,260257,0.964121;2116,226713,0.876848;2187,239585,0.92297
5837,5310880;2072,492504,0.985333;2459,200288,0.900545;2206,251169,0.958061;2038,217117,0.87103;2205,235628,0.92503
5802,5180427;2049,497422,0.987879;2201,183696,0.898727;2008,229574,0.957818;1970,201795,0.875273;2112,219847,0.931818
5681,5044263;2020,495745,0.982727;2043,173908,0.893333;1914,217012,0.959515;1768,188236,0.882667;1935,205964,0.929939
6958,4888822;2136,500339,0.984303;1997,152514,0.892727;1782,193841,0.95703;1689,174682,0.883091;1851,192853,0.921758
8324,4625870;2033,494761,0.987515;1709,133170,0.883636;1571,170801,0.954424;1410,154705,0.888303;1619,171776,0.921152
6448,4257544;2015,496242,0.983152;1570,114891,0.889152;1417,149973,0.959939;1287,132197,0.889939;1425,147797,0.919576
4934,3787106;2101,496326,0.987333;1322,99713,0.895333;1139,127724,0.957879;964,111277,0.888424;1197,128000,0.915152
4444,3510427;2069,499544,0.984727;1088,84161,0.898364;993,108433,0.960606;837,97992,0.892242;1008,112947,0.91903
3821,2958855;2069,499684,0.98303;940,66681,0.902061;904,85381,0.956909;693,79567,0.892182;798,89775,0.911152
3067,2338346;2118,497808,0.982848;790,53984,0.913091;812,65689,0.959818;484,59178,0.891152;587,68602,0.912303
2468,1825617;2054,497652,0.983939;733,39566,0.914545;620,49386,0.960848;361,44871,0.892182;425,51229,0.909515
1850,1385558;2032,495427,0.986545;587,30369,0.916424;550,37288,0.961455;279,33749,0.892;313,40097,0.908848
1463,1122411;2133,495983,0.984667;451,22372,0.915394;487,29357,0.959636;216,27006,0.889636;237,30590,0.909212
955,691975;2071,498057,0.978667;510,14022,0.916727;368,17442,0.962061;123,15997,0.889636;148,19930,0.908848
664,486504;2063,497513,0.985455;363,10133,0.916;369,12504,0.960667;86,11423,0.889394;100,12819,0.909636
504,375769;2165,496755,0.984061;478,8256,0.916242;341,9025,0.962061;76,9779,0.888182;86,11228,0.909879
440,340684;2044,497343,0.98297;286,6196,0.916667;343,7538,0.961455;55,6986,0.891152;64,8794,0.909636
248,176578;2028,497979,0.987636;266,2511,0.917636;244,4647,0.962121;31,3885,0.890061;29,3994,0.909394
186,134331;2110,495640,0.982182;190,1667,0.917697;184,2298,0.962242;19,2457,0.890485;22,2839,0.909152
58,39499;2084,499233,0.98703;159,636,0.917818;201,1067,0.962364;8,770,0.890364;11,1161,0.909152
88,62461;2043,498999,0.986545;213,691,0.917697;93,928,0.961636;8,851,0.890364;9,929,0.908848
19,9890;2164,497446,0.985879;151,306,0.917758;215,294,0.962061;7,277,0.890364;7,367,0.908909
